#depth	Te	Htot	hden	eden	2H_2/H	HI	HII	HeI	HeII	HeIII	CO/C	C1	C2	C3	C4	O1	O2	O3	O4	O5	O6	H2O/O	AV(point)	AV(extend)	Tau912
3.09351e+13	9.5307e+03	2.738e-19	2.1544e+02	2.3689e+02	5.1276e-13	1.7787e-02	9.8221e-01	1.2599e-02	6.4634e-01	3.4106e-01	4.6998e-15	1.5791e-03	2.5572e-01	7.2265e-01	1.9824e-02	8.5904e-03	4.0440e-01	5.5721e-01	2.9477e-02	3.1656e-04	3.4535e-07	8.2319e-23	0.00e+00	0.00e+00	1.4969e-03
1.85610e+14	9.5177e+03	2.730e-19	2.1544e+02	2.3650e+02	5.1290e-13	1.7731e-02	9.8227e-01	1.2580e-02	6.4615e-01	3.4127e-01	4.6468e-15	1.5694e-03	2.5545e-01	7.2284e-01	1.9913e-02	8.5382e-03	4.0320e-01	5.5838e-01	2.9560e-02	3.1755e-04	3.4734e-07	8.1056e-23	0.00e+00	0.00e+00	7.4656e-03
8.04312e+14	9.5002e+03	2.714e-19	2.1544e+02	2.3637e+02	5.1296e-13	1.7654e-02	9.8235e-01	1.2596e-02	6.4676e-01	3.4065e-01	4.5788e-15	1.5612e-03	2.5546e-01	7.2281e-01	1.9946e-02	8.4630e-03	4.0133e-01	5.6037e-01	2.9512e-02	3.1600e-04	3.4742e-07	7.9490e-23	0.00e+00	0.00e+00	3.1237e-02
3.27912e+15	9.4402e+03	2.676e-19	2.1544e+02	2.3631e+02	5.2564e-13	1.7596e-02	9.8240e-01	1.2732e-02	6.5105e-01	3.3621e-01	4.4938e-15	1.5591e-03	2.5617e-01	7.2232e-01	1.9726e-02	8.3638e-03	3.9765e-01	5.6489e-01	2.8800e-02	3.0383e-04	3.3708e-07	7.7757e-23	0.00e+00	0.00e+00	1.2601e-01
7.83276e+15	9.2323e+03	2.557e-19	2.1544e+02	2.3643e+02	5.2293e-13	1.6720e-02	9.8328e-01	1.2799e-02	6.5312e-01	3.3408e-01	3.8384e-15	1.5102e-03	2.5605e-01	7.2195e-01	2.0259e-02	7.5630e-03	3.7830e-01	5.8428e-01	2.9551e-02	3.0310e-04	3.5589e-07	6.2713e-23	0.00e+00	0.00e+00	2.4308e-01
1.37525e+16	9.0694e+03	2.466e-19	2.1544e+02	2.3643e+02	5.3165e-13	1.6222e-02	9.8378e-01	1.2958e-02	6.5981e-01	3.2724e-01	3.4448e-15	1.4844e-03	2.5626e-01	7.2180e-01	2.0231e-02	7.0937e-03	3.6547e-01	5.9815e-01	2.8998e-02	2.8792e-04	3.5204e-07	5.4571e-23	0.00e+00	0.00e+00	3.9074e-01
2.14482e+16	8.9379e+03	2.392e-19	2.1544e+02	2.3625e+02	5.5530e-13	1.6047e-02	9.8395e-01	1.3236e-02	6.7175e-01	3.1502e-01	3.2348e-15	1.4784e-03	2.5696e-01	7.2171e-01	1.9641e-02	6.8830e-03	3.5806e-01	6.0764e-01	2.7158e-02	2.5948e-04	3.2580e-07	5.0937e-23	0.00e+00	0.00e+00	5.8062e-01
3.14525e+16	8.8356e+03	2.337e-19	2.1544e+02	2.3593e+02	6.0317e-13	1.6282e-02	9.8372e-01	1.3718e-02	6.9049e-01	2.9579e-01	3.2409e-15	1.5016e-03	2.5887e-01	7.2106e-01	1.8377e-02	6.9956e-03	3.5798e-01	6.1090e-01	2.3905e-02	2.1810e-04	2.7621e-07	5.2255e-23	0.00e+00	0.00e+00	8.3108e-01
4.38466e+16	8.7848e+03	2.297e-19	2.1544e+02	2.3523e+02	6.7643e-13	1.6980e-02	9.8302e-01	1.4400e-02	7.1547e-01	2.7013e-01	3.4948e-15	1.5575e-03	2.6208e-01	7.1964e-01	1.6554e-02	7.4943e-03	3.6674e-01	6.0594e-01	1.9651e-02	1.7058e-04	2.1317e-07	5.9537e-23	0.00e+00	0.00e+00	1.1424e+00
5.70485e+16	8.7808e+03	2.284e-19	2.1544e+02	2.3447e+02	7.8028e-13	1.8163e-02	9.8184e-01	1.5227e-02	7.4292e-01	2.4185e-01	4.0541e-15	1.6441e-03	2.6650e-01	7.1720e-01	1.4520e-02	8.4154e-03	3.8373e-01	5.9234e-01	1.5394e-02	1.2782e-04	1.5371e-07	7.4901e-23	0.00e+00	0.00e+00	1.4617e+00
7.09726e+16	8.8257e+03	2.296e-19	2.1544e+02	2.3346e+02	9.5561e-13	2.0207e-02	9.7979e-01	1.6405e-02	7.7261e-01	2.1098e-01	5.3403e-15	1.7972e-03	2.7448e-01	7.1142e-01	1.2203e-02	1.0173e-02	4.1497e-01	5.6362e-01	1.1155e-02	8.9339e-05	1.1755e-36	1.1039e-22	0.00e+00	0.00e+00	1.8719e+00
8.43644e+16	8.9103e+03	2.330e-19	2.1544e+02	2.3236e+02	1.1855e-12	2.2823e-02	9.7718e-01	1.7599e-02	7.9884e-01	1.8356e-01	7.3248e-15	1.9734e-03	2.8289e-01	7.0488e-01	1.0181e-02	1.2556e-02	4.5107e-01	5.2839e-01	7.9226e-03	6.2437e-05	1.1755e-36	1.7160e-22	0.00e+00	0.00e+00	2.2401e+00
9.47913e+16	9.0031e+03	2.373e-19	2.1544e+02	2.3137e+02	1.4410e-12	2.5558e-02	9.7444e-01	1.8673e-02	8.1761e-01	1.6372e-01	9.8924e-15	2.1474e-03	2.9104e-01	6.9805e-01	8.6905e-03	1.5204e-02	4.8533e-01	4.9356e-01	5.8588e-03	4.6308e-05	1.1755e-36	2.5892e-22	0.00e+00	0.00e+00	2.5528e+00
1.03357e+17	9.0861e+03	2.417e-19	2.1544e+02	2.3051e+02	1.7322e-12	2.8386e-02	9.7161e-01	1.9694e-02	8.3190e-01	1.4841e-01	1.3112e-14	2.3201e-03	2.9913e-01	6.9096e-01	7.5310e-03	1.8063e-02	5.1667e-01	4.6077e-01	4.4583e-03	3.5745e-05	1.1755e-36	3.7875e-22	0.00e+00	0.00e+00	2.8670e+00
1.12716e+17	9.1744e+03	2.468e-19	2.1544e+02	2.2959e+02	2.1749e-12	3.2192e-02	9.6781e-01	2.1071e-02	8.4639e-01	1.3254e-01	1.8536e-14	2.5510e-03	3.1032e-01	6.8074e-01	6.3384e-03	2.2130e-02	5.5467e-01	4.1997e-01	3.2049e-03	2.6484e-05	1.1755e-36	5.9884e-22	0.00e+00	0.00e+00	3.3303e+00
1.22704e+17	9.2846e+03	2.530e-19	2.1544e+02	2.2799e+02	2.8064e-12	3.7162e-02	9.6284e-01	2.2679e-02	8.5948e-01	1.1784e-01	2.7293e-14	2.8184e-03	3.2315e-01	6.6877e-01	5.2278e-03	2.7703e-02	5.9691e-01	3.7316e-01	2.2025e-03	1.9256e-05	1.1755e-36	9.9829e-22	0.00e+00	0.00e+00	3.8053e+00
1.31135e+17	9.3891e+03	2.598e-19	2.1544e+02	2.2691e+02	3.5579e-12	4.2461e-02	9.5754e-01	2.4153e-02	8.6911e-01	1.0673e-01	3.8869e-14	3.0780e-03	3.3509e-01	6.5742e-01	4.3804e-03	3.3749e-02	6.3163e-01	3.3304e-01	1.5671e-03	1.4640e-05	1.1755e-36	1.5991e-21	0.00e+00	0.00e+00	4.2364e+00
1.38286e+17	9.4674e+03	2.650e-19	2.1544e+02	2.2536e+02	4.4373e-12	4.7863e-02	9.5214e-01	2.5698e-02	8.7622e-01	9.8083e-02	5.3431e-14	3.3252e-03	3.4718e-01	6.4574e-01	3.7273e-03	4.0171e-02	6.6192e-01	2.9676e-01	1.1446e-03	1.1496e-05	1.1755e-36	2.4247e-21	0.00e+00	0.00e+00	4.6817e+00
1.46152e+17	9.5451e+03	2.708e-19	2.1544e+02	2.2367e+02	5.7584e-12	5.4924e-02	9.4508e-01	2.7649e-02	8.8325e-01	8.9100e-02	7.6931e-14	3.6295e-03	3.6210e-01	6.3117e-01	3.0821e-03	4.8675e-02	6.9229e-01	2.5823e-01	7.9395e-04	8.7719e-06	1.1755e-36	3.9051e-21	0.00e+00	0.00e+00	5.3460e+00
1.54798e+17	9.6269e+03	2.785e-19	2.1544e+02	2.2194e+02	7.8676e-12	6.4600e-02	9.3540e-01	3.0073e-02	8.8955e-01	8.0378e-02	1.1756e-13	4.0018e-03	3.8020e-01	6.1331e-01	2.4639e-03	6.0422e-02	7.2152e-01	2.1754e-01	5.1842e-04	6.4733e-06	1.1755e-36	6.8280e-21	0.00e+00	0.00e+00	6.0842e+00
1.62479e+17	9.6987e+03	2.846e-19	2.1544e+02	2.1962e+02	1.0619e-11	7.5353e-02	9.2465e-01	3.2678e-02	8.9373e-01	7.3595e-02	1.7504e-13	4.3643e-03	3.9873e-01	5.9491e-01	1.9858e-03	7.3671e-02	7.4398e-01	1.8200e-01	3.4363e-04	4.8656e-06	1.1755e-36	1.1509e-20	0.00e+00	0.00e+00	6.7979e+00
1.69086e+17	9.7647e+03	2.877e-19	2.1544e+02	2.1620e+02	1.3811e-11	8.6198e-02	9.1380e-01	3.5301e-02	8.9626e-01	6.8439e-02	2.4625e-13	4.6708e-03	4.1599e-01	5.7769e-01	1.6355e-03	8.7178e-02	7.5923e-01	1.5335e-01	2.3674e-04	3.7795e-06	1.1755e-36	1.7951e-20	0.00e+00	0.00e+00	7.5308e+00
1.75293e+17	9.7961e+03	2.915e-19	2.1544e+02	2.1336e+02	1.8253e-11	9.8624e-02	9.0138e-01	3.8233e-02	8.9803e-01	6.3738e-02	3.4763e-13	5.0011e-03	4.3456e-01	5.5908e-01	1.3411e-03	1.0253e-01	7.6857e-01	1.2873e-01	1.6333e-04	2.9348e-06	1.1755e-36	2.8172e-20	0.00e+00	0.00e+00	8.3579e+00
1.81228e+17	9.8253e+03	2.942e-19	2.1544e+02	2.1018e+02	2.4135e-11	1.1274e-01	8.8726e-01	4.1467e-02	8.9884e-01	5.9691e-02	4.8890e-13	5.3282e-03	4.5398e-01	5.3959e-01	1.0963e-03	1.1993e-01	7.7283e-01	1.0713e-01	1.1238e-04	2.2714e-06	1.1755e-36	4.4051e-20	0.00e+00	0.00e+00	9.2326e+00
1.86610e+17	9.8476e+03	2.959e-19	2.1544e+02	2.0680e+02	3.1511e-11	1.2786e-01	8.7214e-01	4.4866e-02	8.9879e-01	5.6349e-02	6.7318e-13	5.6311e-03	4.7317e-01	5.2029e-01	9.0294e-04	1.3843e-01	7.7218e-01	8.9303e-02	7.8677e-05	1.7737e-06	1.1755e-36	6.7062e-20	0.00e+00	0.00e+00	1.0113e+01
1.91432e+17	9.8603e+03	2.966e-19	2.1544e+02	2.0341e+02	4.0507e-11	1.4360e-01	8.5640e-01	4.8391e-02	8.9804e-01	5.3569e-02	9.0513e-13	5.9081e-03	4.9189e-01	5.0144e-01	7.5103e-04	1.5757e-01	7.6751e-01	7.4863e-02	5.6325e-05	1.4011e-06	1.1755e-36	9.9026e-20	0.00e+00	0.00e+00	1.1008e+01
1.95880e+17	9.8676e+03	2.962e-19	2.1544e+02	1.9975e+02	5.1407e-11	1.6003e-01	8.3997e-01	5.2070e-02	8.9674e-01	5.1192e-02	1.1931e-12	6.1552e-03	5.1018e-01	4.8303e-01	6.2912e-04	1.7737e-01	7.5961e-01	6.2976e-02	4.0988e-05	1.1156e-06	1.1755e-36	1.4255e-19	0.00e+00	0.00e+00	1.1947e+01
2.00129e+17	9.8695e+03	2.947e-19	2.1544e+02	1.9585e+02	6.4966e-11	1.7764e-01	8.2236e-01	5.6041e-02	8.9489e-01	4.9072e-02	1.5589e-12	6.3827e-03	5.2865e-01	4.6444e-01	5.2747e-04	1.9841e-01	7.4869e-01	5.2867e-02	2.9996e-05	8.8805e-07	1.1755e-36	2.0299e-19	0.00e+00	0.00e+00	1.2958e+01
2.04240e+17	9.8619e+03	2.926e-19	2.1544e+02	1.9191e+02	8.2317e-11	1.9689e-01	8.0311e-01	6.0438e-02	8.9244e-01	4.7126e-02	2.0351e-12	6.6038e-03	5.4773e-01	4.4522e-01	4.4102e-04	2.2117e-01	7.3465e-01	4.4162e-02	2.1961e-05	7.0304e-07	1.1755e-36	2.8918e-19	0.00e+00	0.00e+00	1.4040e+01
2.08152e+17	9.8565e+03	2.891e-19	2.1544e+02	1.8749e+02	1.0304e-10	2.1688e-01	7.8312e-01	6.5047e-02	8.8948e-01	4.5477e-02	2.6138e-12	6.7834e-03	5.6635e-01	4.2649e-01	3.7043e-04	2.4456e-01	7.1852e-01	3.6907e-02	1.6258e-05	5.5860e-07	1.1755e-36	4.0337e-19	0.00e+00	0.00e+00	1.5157e+01
2.11863e+17	9.8450e+03	2.846e-19	2.1544e+02	1.8294e+02	1.2786e-10	2.3746e-01	7.6254e-01	6.9936e-02	8.8606e-01	4.4007e-02	3.3122e-12	6.9353e-03	5.8467e-01	4.0808e-01	3.1245e-04	2.6838e-01	7.0070e-01	3.0907e-02	1.2186e-05	4.4573e-07	1.1755e-36	5.5293e-19	0.00e+00	0.00e+00	1.6331e+01
2.15467e+17	9.8261e+03	2.790e-19	2.1544e+02	1.7818e+02	1.5808e-10	2.5893e-01	7.4107e-01	7.5216e-02	8.8212e-01	4.2666e-02	4.1629e-12	7.0626e-03	6.0299e-01	3.8968e-01	2.6371e-04	2.9295e-01	6.8120e-01	2.5847e-02	9.1959e-06	3.5562e-07	1.1755e-36	7.5002e-19	0.00e+00	0.00e+00	1.7589e+01
2.19015e+17	9.8042e+03	2.724e-19	2.1544e+02	1.7321e+02	1.9472e-10	2.8139e-01	7.1861e-01	8.0956e-02	8.7760e-01	4.1441e-02	5.1990e-12	7.1642e-03	6.2141e-01	3.7120e-01	2.2237e-04	3.1835e-01	6.6009e-01	2.1543e-02	6.9691e-06	2.8303e-07	1.1755e-36	1.0094e-18	0.00e+00	0.00e+00	1.8939e+01
2.22511e+17	9.7774e+03	2.648e-19	2.1544e+02	1.6804e+02	2.3903e-10	3.0472e-01	6.9528e-01	8.7193e-02	8.7249e-01	4.0318e-02	6.4503e-12	7.2394e-03	6.3984e-01	3.5273e-01	1.8738e-04	3.4442e-01	6.3767e-01	1.7903e-02	5.3098e-06	2.2483e-07	1.1755e-36	1.3473e-18	0.00e+00	0.00e+00	2.0376e+01
2.25953e+17	9.7456e+03	2.563e-19	2.1544e+02	1.6272e+02	2.9214e-10	3.2866e-01	6.7134e-01	9.3949e-02	8.6676e-01	3.9287e-02	7.9424e-12	7.2876e-03	6.5816e-01	3.3439e-01	1.5787e-04	3.7087e-01	6.1428e-01	1.4846e-02	4.0737e-06	1.7846e-07	1.1755e-36	1.7807e-18	0.00e+00	0.00e+00	2.1904e+01
2.29366e+17	9.7087e+03	2.469e-19	2.1544e+02	1.5727e+02	3.5577e-10	3.5320e-01	6.4680e-01	1.0130e-01	8.6037e-01	3.8326e-02	9.7155e-12	7.3098e-03	6.7640e-01	3.1615e-01	1.3287e-04	3.9762e-01	5.9010e-01	1.2275e-02	3.1453e-06	1.4143e-07	1.1755e-36	2.3333e-18	0.00e+00	0.00e+00	2.3541e+01
2.33034e+17	9.6641e+03	2.356e-19	2.1544e+02	1.5102e+02	4.3718e-10	3.7970e-01	6.2030e-01	1.0984e-01	8.5285e-01	3.7315e-02	1.1931e-11	7.2919e-03	6.9568e-01	2.9692e-01	1.1029e-04	4.2616e-01	5.6385e-01	9.9827e-03	2.4030e-06	1.1755e-36	1.1755e-36	3.0706e-18	0.00e+00	0.00e+00	2.5570e+01
2.36875e+17	9.6171e+03	2.232e-19	2.1544e+02	1.4436e+02	5.4190e-10	4.0878e-01	5.9122e-01	1.1956e-01	8.4399e-01	3.6445e-02	1.4770e-11	7.2375e-03	7.1553e-01	2.7714e-01	9.0511e-05	4.5702e-01	5.3500e-01	7.9717e-03	1.8192e-06	1.1755e-36	1.1755e-36	4.0958e-18	0.00e+00	0.00e+00	2.7657e+01
2.40379e+17	9.5593e+03	2.115e-19	2.1544e+02	1.3842e+02	6.6055e-10	4.3600e-01	5.6400e-01	1.2957e-01	8.3477e-01	3.5663e-02	1.7915e-11	7.1752e-03	7.3381e-01	2.5894e-01	7.5296e-05	4.8550e-01	5.0804e-01	6.4547e-03	1.4204e-06	1.1755e-36	1.1755e-36	5.3152e-18	0.00e+00	0.00e+00	2.9587e+01
2.43524e+17	9.5025e+03	2.006e-19	2.1544e+02	1.3325e+02	7.8413e-10	4.6000e-01	5.4000e-01	1.3951e-01	8.2554e-01	3.4946e-02	2.1149e-11	7.1088e-03	7.5010e-01	2.4273e-01	6.3729e-05	5.1031e-01	4.8435e-01	5.3346e-03	1.1491e-06	1.1755e-36	1.1755e-36	6.6421e-18	0.00e+00	0.00e+00	3.1487e+01
2.46605e+17	9.4447e+03	1.895e-19	2.1544e+02	1.2806e+02	9.2311e-10	4.8303e-01	5.1697e-01	1.4988e-01	8.1587e-01	3.4254e-02	2.4688e-11	7.0189e-03	7.6551e-01	2.2742e-01	5.4111e-05	5.3385e-01	4.6173e-01	4.4215e-03	9.4250e-07	1.1755e-36	1.1755e-36	8.1703e-18	0.00e+00	0.00e+00	3.3542e+01
2.49713e+17	9.3836e+03	1.785e-19	2.1544e+02	1.2281e+02	1.0869e-09	5.0646e-01	4.9354e-01	1.6102e-01	8.0537e-01	3.3614e-02	2.8775e-11	6.9058e-03	7.8050e-01	2.1254e-01	4.5843e-05	5.5752e-01	4.3883e-01	3.6444e-03	7.7641e-07	1.1755e-36	1.1755e-36	1.0038e-17	0.00e+00	0.00e+00	3.5670e+01
2.52702e+17	9.3221e+03	1.678e-19	2.1544e+02	1.1775e+02	1.2685e-09	5.2878e-01	4.7122e-01	1.7243e-01	7.9452e-01	3.3045e-02	3.3193e-11	6.7777e-03	7.9440e-01	1.9878e-01	3.9086e-05	5.7982e-01	4.1716e-01	3.0186e-03	6.4928e-07	1.1755e-36	1.1755e-36	1.2160e-17	0.00e+00	0.00e+00	3.7748e+01
2.54992e+17	9.2899e+03	1.597e-19	2.1544e+02	1.1378e+02	1.4101e-09	5.4489e-01	4.5511e-01	1.8119e-01	7.8604e-01	3.2769e-02	3.6666e-11	6.6536e-03	8.0425e-01	1.8907e-01	3.4798e-05	5.9576e-01	4.0162e-01	2.6168e-03	5.7156e-07	1.1755e-36	1.1755e-36	1.3890e-17	0.00e+00	0.00e+00	3.9000e+01
2.56510e+17	9.2416e+03	1.545e-19	2.1544e+02	1.1156e+02	1.5210e-09	5.5464e-01	4.4536e-01	1.8803e-01	7.7956e-01	3.2407e-02	3.9090e-11	6.5997e-03	8.1119e-01	1.8218e-01	3.2147e-05	6.0539e-01	3.9222e-01	2.3911e-03	5.2902e-07	1.1755e-36	1.1755e-36	1.5068e-17	0.00e+00	0.00e+00	4.0016e+01
2.58054e+17	9.1919e+03	1.494e-19	2.1544e+02	1.0941e+02	1.6464e-09	5.6498e-01	4.3502e-01	1.9553e-01	7.7253e-01	3.1934e-02	4.1903e-11	6.5512e-03	8.1838e-01	1.7504e-01	2.9523e-05	6.1552e-01	3.8230e-01	2.1737e-03	4.8821e-07	1.1755e-36	1.1755e-36	1.6492e-17	0.00e+00	0.00e+00	4.1355e+01
2.59985e+17	9.1448e+03	1.428e-19	2.1544e+02	1.0638e+02	1.8088e-09	5.7824e-01	4.2176e-01	2.0450e-01	7.6402e-01	3.1480e-02	4.5573e-11	6.4562e-03	8.2666e-01	1.6686e-01	2.6592e-05	6.2844e-01	3.6964e-01	1.9220e-03	4.4150e-07	1.1755e-36	1.1755e-36	1.8418e-17	0.00e+00	0.00e+00	4.3023e+01
2.62050e+17	9.0930e+03	1.360e-19	2.1544e+02	1.0302e+02	2.0080e-09	5.9309e-01	4.0691e-01	2.1411e-01	7.5479e-01	3.1097e-02	4.9965e-11	6.3379e-03	8.3498e-01	1.5865e-01	2.3820e-05	6.4280e-01	3.5552e-01	1.6788e-03	3.9640e-07	1.1755e-36	1.1755e-36	2.0844e-17	0.00e+00	0.00e+00	4.4645e+01
2.63903e+17	9.0531e+03	1.300e-19	2.1544e+02	9.9960e+01	2.1896e-09	6.0553e-01	3.9447e-01	2.2276e-01	7.4641e-01	3.0830e-02	5.3897e-11	6.2191e-03	8.4201e-01	1.5175e-01	2.1649e-05	6.5475e-01	3.4376e-01	1.4902e-03	3.6215e-07	1.1755e-36	1.1755e-36	2.3043e-17	0.00e+00	0.00e+00	4.6040e+01
2.65588e+17	9.0025e+03	1.247e-19	2.1544e+02	9.7491e+01	2.3803e-09	6.1682e-01	3.8318e-01	2.3166e-01	7.3787e-01	3.0464e-02	5.7914e-11	6.1308e-03	8.4862e-01	1.4522e-01	1.9788e-05	6.6554e-01	3.3312e-01	1.3362e-03	3.3416e-07	1.1755e-36	1.1755e-36	2.5325e-17	0.00e+00	0.00e+00	4.7448e+01
2.67331e+17	8.9548e+03	1.194e-19	2.1544e+02	9.4838e+01	2.5880e-09	6.2818e-01	3.7182e-01	2.4084e-01	7.2905e-01	3.0101e-02	6.2203e-11	6.0278e-03	8.5513e-01	1.3883e-01	1.8050e-05	6.7635e-01	3.2246e-01	1.1931e-03	3.0829e-07	1.1755e-36	1.1755e-36	2.7813e-17	0.00e+00	0.00e+00	4.8993e+01
2.69193e+17	8.9072e+03	1.138e-19	2.1544e+02	9.1969e+01	2.8261e-09	6.4032e-01	3.5968e-01	2.5071e-01	7.1952e-01	2.9769e-02	6.7085e-11	5.9075e-03	8.6172e-01	1.3236e-01	1.6383e-05	6.8782e-01	3.1112e-01	1.0557e-03	2.8328e-07	1.1755e-36	1.1755e-36	3.0733e-17	0.00e+00	0.00e+00	5.0661e+01
2.71089e+17	8.8537e+03	1.083e-19	2.1544e+02	8.9137e+01	3.1005e-09	6.5301e-01	3.4699e-01	2.6125e-01	7.0933e-01	2.9419e-02	7.2640e-11	5.7872e-03	8.6826e-01	1.2593e-01	1.4843e-05	6.9975e-01	2.9932e-01	9.2942e-04	2.5987e-07	1.1755e-36	1.1755e-36	3.4179e-17	0.00e+00	0.00e+00	5.2329e+01
2.72897e+17	8.8024e+03	1.032e-19	2.1544e+02	8.6429e+01	3.3796e-09	6.6451e-01	3.3549e-01	2.7141e-01	6.9947e-01	2.9114e-02	7.8059e-11	5.6660e-03	8.7419e-01	1.2013e-01	1.3543e-05	7.1050e-01	2.8868e-01	8.2434e-04	2.4036e-07	1.1755e-36	1.1755e-36	3.7580e-17	0.00e+00	0.00e+00	5.3900e+01
2.74637e+17	8.7513e+03	9.849e-20	2.1544e+02	8.3934e+01	3.6661e-09	6.7508e-01	3.2492e-01	2.8165e-01	6.8957e-01	2.8781e-02	8.3498e-11	5.5527e-03	8.7975e-01	1.1468e-01	1.2407e-05	7.2033e-01	2.7894e-01	7.3515e-04	2.2372e-07	1.1755e-36	1.1755e-36	4.1021e-17	0.00e+00	0.00e+00	5.5499e+01
2.76440e+17	8.6988e+03	9.375e-20	2.1544e+02	8.1398e+01	3.9857e-09	6.8590e-01	3.1410e-01	2.9256e-01	6.7902e-01	2.8428e-02	8.9514e-11	5.4343e-03	8.8532e-01	1.0924e-01	1.1338e-05	7.3034e-01	2.6901e-01	6.5228e-04	2.0798e-07	1.1755e-36	1.1755e-36	4.4913e-17	0.00e+00	0.00e+00	5.7240e+01
2.78334e+17	8.6408e+03	8.895e-20	2.1544e+02	7.8692e+01	4.3598e-09	6.9721e-01	3.0279e-01	3.0400e-01	6.6790e-01	2.8094e-02	9.6239e-11	5.3021e-03	8.9083e-01	1.0385e-01	1.0338e-05	7.4075e-01	2.5868e-01	5.7490e-04	1.9288e-07	1.1755e-36	1.1755e-36	4.9379e-17	0.00e+00	0.00e+00	5.9063e+01
2.80226e+17	8.5785e+03	8.438e-20	2.1544e+02	7.6112e+01	4.7763e-09	7.0854e-01	2.9146e-01	3.1598e-01	6.5628e-01	2.7735e-02	1.0362e-10	5.1751e-03	8.9618e-01	9.8635e-02	9.4377e-06	7.5112e-01	2.4837e-01	5.0605e-04	1.7897e-07	1.1755e-36	1.1755e-36	5.4419e-17	0.00e+00	0.00e+00	6.0857e+01
2.82037e+17	8.5324e+03	8.014e-20	2.1544e+02	7.3653e+01	5.1589e-09	7.1834e-01	2.8166e-01	3.2723e-01	6.4533e-01	2.7444e-02	1.1043e-10	5.0466e-03	9.0093e-01	9.4019e-02	8.6844e-06	7.6005e-01	2.3950e-01	4.4940e-04	1.6753e-07	1.1755e-36	1.1755e-36	5.9055e-17	0.00e+00	0.00e+00	6.2578e+01
2.83860e+17	8.4641e+03	7.609e-20	2.1544e+02	7.1310e+01	5.6342e-09	7.2821e-01	2.7179e-01	3.3946e-01	6.3349e-01	2.7045e-02	1.1808e-10	4.9275e-03	9.0569e-01	8.9372e-02	7.9855e-06	7.6902e-01	2.3059e-01	3.9866e-04	1.5686e-07	1.1755e-36	1.1755e-36	6.4315e-17	0.00e+00	0.00e+00	6.4443e+01
2.85779e+17	8.3968e+03	7.202e-20	2.1544e+02	6.8906e+01	6.1722e-09	7.3868e-01	2.6132e-01	3.5252e-01	6.2084e-01	2.6637e-02	1.2688e-10	4.8014e-03	9.1046e-01	8.4734e-02	7.3259e-06	7.7848e-01	2.2117e-01	3.5070e-04	1.4630e-07	1.1755e-36	1.1755e-36	7.0602e-17	0.00e+00	0.00e+00	6.6409e+01
2.87694e+17	8.3338e+03	6.813e-20	2.1544e+02	6.6493e+01	6.7363e-09	7.4861e-01	2.5139e-01	3.6531e-01	6.0840e-01	2.6288e-02	1.3577e-10	4.6694e-03	9.1486e-01	8.0465e-02	6.7511e-06	7.8741e-01	2.1228e-01	3.0914e-04	1.3686e-07	1.1755e-36	1.1755e-36	7.7032e-17	0.00e+00	0.00e+00	6.8317e+01
2.89554e+17	8.2751e+03	6.454e-20	2.1544e+02	6.4259e+01	7.3049e-09	7.5753e-01	2.4247e-01	3.7793e-01	5.9615e-01	2.5921e-02	1.4456e-10	4.5452e-03	9.1892e-01	7.6527e-02	6.2549e-06	7.9540e-01	2.0433e-01	2.7427e-04	1.2877e-07	1.1755e-36	1.1755e-36	8.3372e-17	0.00e+00	0.00e+00	7.0220e+01
2.91463e+17	8.1993e+03	6.105e-20	2.1544e+02	6.2044e+01	8.0017e-09	7.6661e-01	2.3339e-01	3.9152e-01	5.8299e-01	2.5493e-02	1.5440e-10	4.4223e-03	9.2298e-01	7.2593e-02	5.7933e-06	8.0349e-01	1.9626e-01	2.4257e-04	1.1755e-36	1.1755e-36	1.1755e-36	9.0554e-17	0.00e+00	0.00e+00	7.2275e+01
2.93457e+17	8.1231e+03	5.760e-20	2.1544e+02	5.9813e+01	8.7916e-09	7.7611e-01	2.2389e-01	4.0579e-01	5.6917e-01	2.5046e-02	1.6562e-10	4.2959e-03	9.2697e-01	6.8732e-02	5.3645e-06	8.1193e-01	1.8786e-01	2.1314e-04	1.1755e-36	1.1755e-36	1.1755e-36	9.9085e-17	0.00e+00	0.00e+00	7.4405e+01
2.95428e+17	8.0512e+03	5.436e-20	2.1544e+02	5.7623e+01	9.6149e-09	7.8486e-01	2.1514e-01	4.1959e-01	5.5576e-01	2.4652e-02	1.7673e-10	4.1679e-03	9.3060e-01	6.5227e-02	4.9964e-06	8.1967e-01	1.8014e-01	1.8813e-04	1.1755e-36	1.1755e-36	1.1755e-36	1.0755e-16	0.00e+00	0.00e+00	7.6460e+01
2.97357e+17	7.9761e+03	5.139e-20	2.1544e+02	5.5621e+01	1.0502e-08	7.9287e-01	2.0713e-01	4.3357e-01	5.4223e-01	2.4202e-02	1.8814e-10	4.0506e-03	9.3401e-01	6.1932e-02	4.6746e-06	8.2674e-01	1.7310e-01	1.6698e-04	1.1755e-36	1.1755e-36	1.1755e-36	1.1625e-16	0.00e+00	0.00e+00	7.8544e+01
2.99352e+17	7.8959e+03	4.849e-20	2.1544e+02	5.3614e+01	1.1521e-08	8.0086e-01	1.9914e-01	4.4811e-01	5.2817e-01	2.3718e-02	2.0067e-10	3.9318e-03	9.3735e-01	5.8717e-02	4.3779e-06	8.3376e-01	1.6609e-01	1.4778e-04	1.1755e-36	1.1755e-36	1.1755e-36	1.2601e-16	0.00e+00	0.00e+00	8.0786e+01
3.01448e+17	7.8097e+03	4.561e-20	2.1544e+02	5.1530e+01	1.2711e-08	8.0909e-01	1.9091e-01	4.6316e-01	5.1360e-01	2.3247e-02	2.1450e-10	3.8054e-03	9.4059e-01	5.5600e-02	4.1044e-06	8.4096e-01	1.5891e-01	1.3011e-04	1.1755e-36	1.1755e-36	1.1755e-36	1.3704e-16	0.00e+00	0.00e+00	8.3135e+01
3.03561e+17	7.7200e+03	4.292e-20	2.1544e+02	4.9569e+01	1.4054e-08	8.1717e-01	1.8283e-01	4.7848e-01	4.9879e-01	2.2735e-02	2.2971e-10	3.6858e-03	9.4366e-01	5.2654e-02	3.8618e-06	8.4801e-01	1.5187e-01	1.1463e-04	1.1755e-36	1.1755e-36	1.1755e-36	1.4964e-16	0.00e+00	0.00e+00	8.5459e+01
3.05615e+17	7.6323e+03	4.048e-20	2.1544e+02	4.7746e+01	1.5469e-08	8.2428e-01	1.7572e-01	4.9326e-01	4.8450e-01	2.2231e-02	2.4462e-10	3.5732e-03	9.4642e-01	5.0000e-02	3.6567e-06	8.5420e-01	1.4570e-01	1.0187e-04	1.1755e-36	1.1755e-36	1.1755e-36	1.6198e-16	0.00e+00	0.00e+00	8.7722e+01
3.07682e+17	7.5480e+03	3.817e-20	2.1544e+02	4.5995e+01	1.6968e-08	8.3074e-01	1.6926e-01	5.0801e-01	4.7028e-01	2.1714e-02	2.5966e-10	3.4634e-03	9.4902e-01	4.7514e-02	3.4749e-06	8.5980e-01	1.4010e-01	9.0870e-05	1.1755e-36	1.1755e-36	1.1755e-36	1.7436e-16	0.00e+00	0.00e+00	9.0112e+01
3.09850e+17	7.4433e+03	3.592e-20	2.1544e+02	4.4252e+01	1.8924e-08	8.3775e-01	1.6225e-01	5.2367e-01	4.5521e-01	2.1122e-02	2.7796e-10	3.3548e-03	9.5159e-01	4.5049e-02	3.3050e-06	8.6587e-01	1.3405e-01	8.0610e-05	1.1755e-36	1.1755e-36	1.1755e-36	1.9061e-16	0.00e+00	0.00e+00	9.2644e+01
3.12035e+17	7.3419e+03	3.382e-20	2.1544e+02	4.2533e+01	2.1065e-08	8.4432e-01	1.5568e-01	5.3870e-01	4.4071e-01	2.0585e-02	2.9669e-10	3.2450e-03	9.5393e-01	4.2825e-02	3.1579e-06	8.7154e-01	1.2839e-01	7.1766e-05	1.1755e-36	1.1755e-36	1.1755e-36	2.0779e-16	0.00e+00	0.00e+00	9.5112e+01
3.14167e+17	7.2380e+03	3.193e-20	2.1544e+02	4.0999e+01	2.3444e-08	8.5020e-01	1.4980e-01	5.5353e-01	4.2647e-01	2.0003e-02	3.1622e-10	3.1473e-03	9.5607e-01	4.0785e-02	3.0318e-06	8.7660e-01	1.2334e-01	6.4410e-05	1.1755e-36	1.1755e-36	1.1755e-36	2.2628e-16	0.00e+00	0.00e+00	9.7557e+01
3.16266e+17	7.1330e+03	3.021e-20	2.1544e+02	3.9565e+01	2.6093e-08	8.5558e-01	1.4442e-01	5.6786e-01	4.1272e-01	1.9424e-02	3.3641e-10	3.0553e-03	9.5801e-01	3.8932e-02	2.9232e-06	8.8122e-01	1.1872e-01	5.8166e-05	1.1755e-36	1.1755e-36	1.1755e-36	2.4616e-16	0.00e+00	0.00e+00	9.9982e+01
3.18334e+17	7.0277e+03	2.864e-20	2.1544e+02	3.8231e+01	2.9042e-08	8.6056e-01	1.3944e-01	5.8169e-01	3.9946e-01	1.8847e-02	3.5756e-10	2.9693e-03	9.5978e-01	3.7247e-02	2.8290e-06	8.8549e-01	1.1445e-01	5.2818e-05	1.1755e-36	1.1755e-36	1.1755e-36	2.6806e-16	0.00e+00	0.00e+00	1.0239e+02
3.20371e+17	6.9224e+03	2.720e-20	2.1544e+02	3.6987e+01	3.2325e-08	8.6516e-01	1.3484e-01	5.9499e-01	3.8673e-01	1.8278e-02	3.7974e-10	2.8887e-03	9.6139e-01	3.5717e-02	2.7473e-06	8.8944e-01	1.1051e-01	4.8223e-05	1.1755e-36	1.1755e-36	1.1755e-36	2.9228e-16	0.00e+00	0.00e+00	1.0476e+02
3.22377e+17	6.8174e+03	2.588e-20	2.1544e+02	3.5829e+01	3.5977e-08	8.6943e-01	1.3057e-01	6.0774e-01	3.7454e-01	1.7719e-02	4.0306e-10	2.8132e-03	9.6285e-01	3.4329e-02	2.6763e-06	8.9309e-01	1.0687e-01	4.4263e-05	1.1755e-36	1.1755e-36	1.1755e-36	3.1928e-16	0.00e+00	0.00e+00	1.0712e+02
3.24353e+17	6.7072e+03	2.468e-20	2.1544e+02	3.4727e+01	4.0225e-08	8.7338e-01	1.2662e-01	6.1990e-01	3.6293e-01	1.7174e-02	4.2783e-10	2.7414e-03	9.6418e-01	3.3073e-02	2.6148e-06	8.9647e-01	1.0349e-01	4.0850e-05	1.1755e-36	1.1755e-36	1.1755e-36	3.5008e-16	0.00e+00	0.00e+00	1.0945e+02
3.26262e+17	6.6114e+03	2.360e-20	2.1544e+02	3.3752e+01	4.4467e-08	8.7692e-01	1.2308e-01	6.3119e-01	3.5215e-01	1.6662e-02	4.5286e-10	2.6767e-03	9.6536e-01	3.1961e-02	2.5619e-06	8.9949e-01	1.0047e-01	3.7936e-05	1.1755e-36	1.1755e-36	1.1755e-36	3.8268e-16	0.00e+00	0.00e+00	1.1166e+02
3.28163e+17	6.5017e+03	2.259e-20	2.1544e+02	3.2811e+01	4.9756e-08	8.8023e-01	1.1977e-01	6.4238e-01	3.4149e-01	1.6125e-02	4.8092e-10	2.6155e-03	9.6647e-01	3.0911e-02	2.5149e-06	9.0231e-01	9.7654e-02	3.5383e-05	1.1755e-36	1.1755e-36	1.1755e-36	4.2229e-16	0.00e+00	0.00e+00	1.1399e+02
3.30052e+17	6.4098e+03	2.166e-20	2.1544e+02	3.1946e+01	5.4971e-08	8.8348e-01	1.1652e-01	6.5271e-01	3.3165e-01	1.5643e-02	5.1012e-10	2.5575e-03	9.6746e-01	2.9979e-02	2.4728e-06	9.0507e-01	9.4894e-02	3.3062e-05	1.1755e-36	1.1755e-36	1.1755e-36	4.6588e-16	0.00e+00	0.00e+00	1.1619e+02
3.31932e+17	6.2990e+03	2.079e-20	2.1544e+02	3.1093e+01	6.1760e-08	8.8639e-01	1.1361e-01	6.6293e-01	3.2193e-01	1.5139e-02	5.4331e-10	2.5015e-03	9.6839e-01	2.9101e-02	2.4362e-06	9.0756e-01	9.2406e-02	3.1068e-05	1.1755e-36	1.1755e-36	1.1755e-36	5.2012e-16	0.00e+00	0.00e+00	1.1852e+02
3.33775e+17	6.2053e+03	2.000e-20	2.1544e+02	3.0294e+01	6.8467e-08	8.8916e-01	1.1084e-01	6.7198e-01	3.1330e-01	1.4714e-02	5.7675e-10	2.4474e-03	9.6920e-01	2.8354e-02	2.4043e-06	9.0991e-01	9.0057e-02	2.9293e-05	1.1755e-36	1.1755e-36	1.1755e-36	5.7828e-16	0.00e+00	0.00e+00	1.2064e+02
3.35549e+17	6.1074e+03	1.929e-20	2.1544e+02	2.9618e+01	7.6207e-08	8.9159e-01	1.0841e-01	6.8105e-01	3.0471e-01	1.4239e-02	6.1435e-10	2.4032e-03	9.6996e-01	2.7636e-02	2.3763e-06	9.1198e-01	8.7991e-02	2.7786e-05	1.1755e-36	1.1755e-36	1.1755e-36	6.4800e-16	0.00e+00	0.00e+00	1.2282e+02
3.37327e+17	6.0199e+03	1.862e-20	2.1544e+02	2.8958e+01	8.4169e-08	8.9392e-01	1.0608e-01	6.8940e-01	2.9678e-01	1.3818e-02	6.5339e-10	2.3587e-03	9.7065e-01	2.6994e-02	2.3509e-06	9.1396e-01	8.6014e-02	2.6402e-05	1.1755e-36	1.1755e-36	1.1755e-36	7.2483e-16	0.00e+00	0.00e+00	1.2496e+02
3.39142e+17	5.9161e+03	1.798e-20	2.1544e+02	2.8293e+01	9.4674e-08	8.9626e-01	1.0374e-01	6.9783e-01	2.8880e-01	1.3374e-02	7.0202e-10	2.3150e-03	9.7131e-01	2.6375e-02	2.3278e-06	9.1596e-01	8.4019e-02	2.5125e-05	1.1755e-36	1.1755e-36	1.1755e-36	8.3014e-16	0.00e+00	0.00e+00	1.2724e+02
3.40916e+17	5.8350e+03	1.739e-20	2.1544e+02	2.7682e+01	1.0427e-07	8.9841e-01	1.0159e-01	7.0512e-01	2.8187e-01	1.3011e-02	7.4835e-10	2.2730e-03	9.7187e-01	2.5857e-02	2.3075e-06	9.1777e-01	8.2204e-02	2.3986e-05	1.1755e-36	1.1755e-36	1.1755e-36	9.3582e-16	0.00e+00	0.00e+00	1.2929e+02
3.42670e+17	5.7366e+03	1.685e-20	2.1544e+02	2.7106e+01	1.1698e-07	9.0026e-01	9.9735e-02	7.1266e-01	2.7474e-01	1.2600e-02	8.0559e-10	2.2351e-03	9.7242e-01	2.5342e-02	2.2898e-06	9.1936e-01	8.0618e-02	2.3014e-05	1.1755e-36	1.1755e-36	1.1755e-36	1.0780e-15	0.00e+00	0.00e+00	1.3153e+02
3.44424e+17	5.6560e+03	1.634e-20	2.1544e+02	2.6576e+01	1.2922e-07	9.0226e-01	9.7744e-02	7.1942e-01	2.6834e-01	1.2243e-02	8.6455e-10	2.1992e-03	9.7291e-01	2.4893e-02	2.2731e-06	9.2104e-01	7.8935e-02	2.2069e-05	1.1755e-36	1.1755e-36	1.1755e-36	1.2336e-15	0.00e+00	0.00e+00	1.3359e+02
3.46152e+17	5.5611e+03	1.586e-20	2.1544e+02	2.6054e+01	1.4504e-07	9.0392e-01	9.6077e-02	7.2612e-01	2.6201e-01	1.1872e-02	9.3586e-10	2.1648e-03	9.7337e-01	2.4467e-02	2.2592e-06	9.2247e-01	7.7511e-02	2.1277e-05	1.1755e-36	1.1755e-36	1.1755e-36	1.4393e-15	0.00e+00	0.00e+00	1.3578e+02
3.47853e+17	5.4851e+03	1.542e-20	2.1544e+02	2.5597e+01	1.5987e-07	9.0564e-01	9.4359e-02	7.3214e-01	2.5632e-01	1.1543e-02	1.0072e-09	2.1340e-03	9.7377e-01	2.4092e-02	2.2459e-06	9.2392e-01	7.6059e-02	2.0518e-05	1.1755e-36	1.1755e-36	1.1755e-36	1.6577e-15	0.00e+00	0.00e+00	1.3778e+02
3.49544e+17	5.3945e+03	1.501e-20	2.1544e+02	2.5153e+01	1.7936e-07	9.0716e-01	9.2840e-02	7.3830e-01	2.5051e-01	1.1186e-02	1.0971e-09	2.1053e-03	9.7417e-01	2.3722e-02	2.2345e-06	9.2522e-01	7.4763e-02	1.9862e-05	1.1755e-36	1.1755e-36	1.1755e-36	1.9579e-15	0.00e+00	0.00e+00	1.3994e+02
3.51228e+17	5.3213e+03	1.463e-20	2.1544e+02	2.4720e+01	1.9768e-07	9.0867e-01	9.1329e-02	7.4359e-01	2.4552e-01	1.0897e-02	1.1849e-09	2.0759e-03	9.7451e-01	2.3413e-02	2.2239e-06	9.2650e-01	7.3485e-02	1.9234e-05	1.1755e-36	1.1755e-36	1.1755e-36	2.2720e-15	0.00e+00	0.00e+00	1.4194e+02
3.52906e+17	5.2340e+03	1.426e-20	2.1544e+02	2.4316e+01	2.2189e-07	9.1006e-01	8.9938e-02	7.4916e-01	2.4027e-01	1.0568e-02	1.2985e-09	2.0500e-03	9.7485e-01	2.3097e-02	2.2147e-06	9.2768e-01	7.2297e-02	1.8681e-05	1.1755e-36	1.1755e-36	1.1755e-36	2.7152e-15	0.00e+00	0.00e+00	1.4410e+02
3.54576e+17	5.1639e+03	1.391e-20	2.1544e+02	2.3922e+01	2.4444e-07	9.1144e-01	8.8564e-02	7.5390e-01	2.3579e-01	1.0304e-02	1.4083e-09	2.0233e-03	9.7514e-01	2.2838e-02	2.2060e-06	9.2885e-01	7.1134e-02	1.8150e-05	1.1755e-36	1.1755e-36	1.1755e-36	3.1761e-15	0.00e+00	0.00e+00	1.4608e+02
3.56240e+17	5.0806e+03	1.359e-20	2.1544e+02	2.3559e+01	2.7413e-07	9.1270e-01	8.7303e-02	7.5897e-01	2.3103e-01	9.9996e-03	1.5510e-09	2.0003e-03	9.7543e-01	2.2566e-02	2.1984e-06	9.2993e-01	7.0057e-02	1.7682e-05	1.1755e-36	1.1755e-36	1.1755e-36	3.8286e-15	0.00e+00	0.00e+00	1.4823e+02
3.57905e+17	5.0041e+03	1.327e-20	2.1544e+02	2.3123e+01	3.0525e-07	9.1378e-01	8.6218e-02	7.6290e-01	2.2731e-01	9.7899e-03	1.6980e-09	1.9703e-03	9.7565e-01	2.2382e-02	2.1927e-06	9.3086e-01	6.9127e-02	1.7272e-05	1.1755e-36	1.1755e-36	1.1755e-36	4.5683e-15	0.00e+00	0.00e+00	1.5021e+02
3.59488e+17	4.9390e+03	1.300e-20	2.1544e+02	2.2872e+01	3.3525e-07	9.1500e-01	8.4998e-02	7.6751e-01	2.2299e-01	9.5012e-03	1.8221e-09	1.9555e-03	9.7600e-01	2.2040e-02	2.1843e-06	9.3189e-01	6.8095e-02	1.6855e-05	1.1755e-36	1.1755e-36	1.1755e-36	5.2110e-15	0.00e+00	0.00e+00	1.5216e+02
3.61147e+17	4.8558e+03	1.272e-20	2.1544e+02	2.2547e+01	3.7784e-07	9.1620e-01	8.3798e-02	7.7204e-01	2.1874e-01	9.2202e-03	1.9801e-09	1.9360e-03	9.7638e-01	2.1682e-02	2.1770e-06	9.3291e-01	6.7069e-02	1.6471e-05	1.1755e-36	1.1755e-36	1.1755e-36	6.1102e-15	0.00e+00	0.00e+00	1.5435e+02
3.62801e+17	4.7817e+03	1.245e-20	2.1544e+02	2.2147e+01	4.2110e-07	9.1722e-01	8.2776e-02	7.7534e-01	2.1562e-01	9.0413e-03	2.1303e-09	1.9088e-03	9.7666e-01	2.1431e-02	2.1716e-06	9.3379e-01	6.6194e-02	1.6136e-05	1.1755e-36	1.1755e-36	1.1755e-36	7.0475e-15	0.00e+00	0.00e+00	1.5629e+02
3.64334e+17	4.7211e+03	1.223e-20	2.1544e+02	2.1939e+01	4.6137e-07	9.1825e-01	8.1745e-02	7.7934e-01	2.1188e-01	8.7846e-03	2.2791e-09	1.8973e-03	9.7697e-01	2.1130e-02	2.1651e-06	9.3466e-01	6.5321e-02	1.5811e-05	1.1755e-36	1.1755e-36	1.1755e-36	8.0061e-15	0.00e+00	0.00e+00	1.5818e+02
3.65957e+17	4.6462e+03	1.199e-20	2.1544e+02	2.1648e+01	5.1634e-07	9.1921e-01	8.0790e-02	7.8318e-01	2.0828e-01	8.5454e-03	2.4642e-09	1.8800e-03	9.7729e-01	2.0824e-02	2.1595e-06	9.3548e-01	6.4500e-02	1.5515e-05	1.1755e-36	1.1755e-36	1.1755e-36	9.3101e-15	0.00e+00	0.00e+00	1.6034e+02
3.67638e+17	4.5737e+03	1.175e-20	2.1544e+02	2.1345e+01	5.7760e-07	9.2045e-01	7.9548e-02	7.8665e-01	2.0501e-01	8.3335e-03	2.6701e-09	1.8614e-03	9.7758e-01	2.0557e-02	2.1541e-06	9.3653e-01	6.3450e-02	1.5185e-05	1.1755e-36	1.1755e-36	1.1755e-36	1.0894e-14	0.00e+00	0.00e+00	1.6238e+02
3.69219e+17	4.5136e+03	1.154e-20	2.1544e+02	2.1082e+01	6.3392e-07	9.2127e-01	7.8724e-02	7.8976e-01	2.0210e-01	8.1447e-03	2.8513e-09	1.8451e-03	9.7783e-01	2.0322e-02	2.1496e-06	9.3724e-01	6.2745e-02	1.4931e-05	1.1755e-36	1.1755e-36	1.1755e-36	1.2369e-14	0.00e+00	0.00e+00	1.6431e+02
3.70851e+17	4.4414e+03	1.133e-20	2.1544e+02	2.0819e+01	7.0894e-07	9.2215e-01	7.7851e-02	7.9320e-01	1.9888e-01	7.9270e-03	3.0814e-09	1.8301e-03	9.7812e-01	2.0047e-02	2.1453e-06	9.3799e-01	6.1992e-02	1.4685e-05	1.1755e-36	1.1755e-36	1.1755e-36	1.4389e-14	0.00e+00	0.00e+00	1.6647e+02
3.72531e+17	4.3716e+03	1.112e-20	2.1544e+02	2.0548e+01	7.9178e-07	9.2327e-01	7.6726e-02	7.9633e-01	1.9594e-01	7.7314e-03	3.3340e-09	1.8143e-03	9.7838e-01	1.9805e-02	2.1410e-06	9.3895e-01	6.1039e-02	1.4409e-05	1.1755e-36	1.1755e-36	1.1755e-36	1.6805e-14	0.00e+00	0.00e+00	1.6852e+02
3.74128e+17	4.3140e+03	1.093e-20	2.1544e+02	2.0308e+01	8.6693e-07	9.2402e-01	7.5975e-02	7.9912e-01	1.9332e-01	7.5589e-03	3.5531e-09	1.7999e-03	9.7861e-01	1.9592e-02	2.1374e-06	9.3959e-01	6.0395e-02	1.4194e-05	1.1755e-36	1.1755e-36	1.1755e-36	1.9018e-14	0.00e+00	0.00e+00	1.7048e+02
3.75808e+17	4.2407e+03	1.074e-20	2.1544e+02	2.0069e+01	9.7269e-07	9.2493e-01	7.5064e-02	8.0241e-01	1.9024e-01	7.3464e-03	3.8481e-09	1.7876e-03	9.7889e-01	1.9324e-02	2.1338e-06	9.4037e-01	5.9614e-02	1.3971e-05	1.1755e-36	1.1755e-36	1.1755e-36	2.2240e-14	0.00e+00	0.00e+00	1.7275e+02
3.77536e+17	4.1712e+03	1.053e-20	2.1544e+02	1.9731e+01	1.0832e-06	9.2576e-01	7.4244e-02	8.0465e-01	1.8813e-01	7.2170e-03	4.1329e-09	1.7660e-03	9.7909e-01	1.9147e-02	2.1316e-06	9.4108e-01	5.8905e-02	1.3768e-05	1.1755e-36	1.1755e-36	1.1755e-36	2.5653e-14	0.00e+00	0.00e+00	1.7483e+02
3.79176e+17	4.1176e+03	1.037e-20	2.1544e+02	1.9572e+01	1.1792e-06	9.2666e-01	7.3336e-02	8.0768e-01	1.8530e-01	7.0188e-03	4.3988e-09	1.7590e-03	9.7932e-01	1.8916e-02	2.1276e-06	9.4185e-01	5.8139e-02	1.3547e-05	1.1755e-36	1.1755e-36	1.1755e-36	2.8927e-14	0.00e+00	0.00e+00	1.7688e+02
3.80984e+17	4.0431e+03	1.018e-20	2.1544e+02	1.9335e+01	1.3218e-06	9.2760e-01	7.2401e-02	8.1087e-01	1.8232e-01	6.8125e-03	4.7537e-09	1.7476e-03	9.7960e-01	1.8648e-02	2.1245e-06	9.4265e-01	5.7337e-02	1.3335e-05	1.1755e-36	1.1755e-36	1.1755e-36	3.3689e-14	0.00e+00	0.00e+00	1.7940e+02
3.82904e+17	3.9678e+03	9.974e-21	2.1544e+02	1.8953e+01	1.4762e-06	9.2849e-01	7.1511e-02	8.1283e-01	1.8047e-01	6.7021e-03	5.0970e-09	1.7232e-03	9.7979e-01	1.8487e-02	2.1229e-06	9.4342e-01	5.6568e-02	1.3138e-05	1.1755e-36	1.1755e-36	1.1755e-36	3.8784e-14	0.00e+00	0.00e+00	1.8173e+02
###########################
3.09351e+13	9.5325e+03	2.739e-19	2.1544e+02	2.3689e+02	5.1067e-13	1.7782e-02	9.8222e-01	1.2591e-02	6.4632e-01	3.4109e-01	4.6776e-15	1.5472e-03	2.5561e-01	7.2274e-01	1.9870e-02	8.5822e-03	4.0414e-01	5.5746e-01	2.9497e-02	3.1680e-04	3.4568e-07	8.1749e-23	0.00e+00	0.00e+00	1.4964e-03
1.85610e+14	9.5199e+03	2.731e-19	2.1544e+02	2.3650e+02	5.1073e-13	1.7722e-02	9.8228e-01	1.2569e-02	6.4612e-01	3.4131e-01	4.6209e-15	1.5335e-03	2.5528e-01	7.2300e-01	1.9956e-02	8.5231e-03	4.0271e-01	5.5886e-01	2.9597e-02	3.1798e-04	3.4793e-07	8.0473e-23	0.00e+00	0.00e+00	7.4622e-03
8.04312e+14	9.5039e+03	2.716e-19	2.1544e+02	2.3638e+02	5.0947e-13	1.7629e-02	9.8237e-01	1.2563e-02	6.4673e-01	3.4071e-01	4.5246e-15	1.5258e-03	2.5497e-01	7.2328e-01	1.9991e-02	8.4132e-03	3.9961e-01	5.6203e-01	2.9634e-02	3.1736e-04	3.4931e-07	7.8453e-23	0.00e+00	0.00e+00	3.1200e-02
3.27912e+15	9.4498e+03	2.681e-19	2.1544e+02	2.3633e+02	5.1676e-13	1.7510e-02	9.8249e-01	1.2621e-02	6.5099e-01	3.3639e-01	4.3374e-15	1.5172e-03	2.5448e-01	7.2394e-01	1.9834e-02	8.1901e-03	3.9152e-01	5.7077e-01	2.9217e-02	3.0840e-04	3.4350e-07	7.5065e-23	0.00e+00	0.00e+00	1.2551e-01
7.83276e+15	9.2505e+03	2.567e-19	2.1544e+02	2.3648e+02	5.0545e-13	1.6546e-02	9.8345e-01	1.2574e-02	6.5299e-01	3.3443e-01	3.5756e-15	1.4583e-03	2.5263e-01	7.2520e-01	2.0477e-02	7.2393e-03	3.6634e-01	5.9572e-01	3.0388e-02	3.1201e-04	3.6943e-07	5.8520e-23	0.00e+00	0.00e+00	2.4136e-01
1.37525e+16	9.0928e+03	2.479e-19	2.1544e+02	2.3650e+02	5.0658e-13	1.5980e-02	9.8402e-01	1.2652e-02	6.5962e-01	3.2772e-01	3.1274e-15	1.4247e-03	2.5164e-01	7.2617e-01	2.0533e-02	6.6798e-03	3.4989e-01	6.1304e-01	3.0085e-02	2.9912e-04	3.7013e-07	4.9650e-23	0.00e+00	0.00e+00	3.8682e-01
2.14482e+16	8.9645e+03	2.406e-19	2.1544e+02	2.3633e+02	5.2288e-13	1.5745e-02	9.8426e-01	1.2872e-02	6.7150e-01	3.1562e-01	2.8832e-15	1.4133e-03	2.5158e-01	7.2678e-01	2.0002e-02	6.4087e-03	3.4041e-01	6.2455e-01	2.8351e-02	2.7130e-04	3.4588e-07	4.5450e-23	0.00e+00	0.00e+00	5.7312e-01
3.14525e+16	8.8648e+03	2.349e-19	2.1544e+02	2.3597e+02	5.6213e-13	1.5916e-02	9.8408e-01	1.3321e-02	6.9015e-01	2.9653e-01	2.8602e-15	1.4335e-03	2.5324e-01	7.2636e-01	1.8767e-02	6.4793e-03	3.3985e-01	6.2838e-01	2.5056e-02	2.2900e-04	2.9538e-07	4.6031e-23	0.00e+00	0.00e+00	8.1796e-01
4.40015e+16	8.8033e+03	2.307e-19	2.1544e+02	2.3536e+02	6.3327e-13	1.6598e-02	9.8340e-01	1.4047e-02	7.1578e-01	2.7017e-01	3.1094e-15	1.4938e-03	2.5710e-01	7.2437e-01	1.6867e-02	6.9805e-03	3.5010e-01	6.2222e-01	2.0522e-02	1.7812e-04	2.2697e-07	5.2742e-23	0.00e+00	0.00e+00	1.1293e+00
5.75070e+16	8.7885e+03	2.287e-19	2.1544e+02	2.3455e+02	7.3641e-13	1.7774e-02	9.8223e-01	1.4953e-02	7.4392e-01	2.4113e-01	3.6677e-15	1.5891e-03	2.6266e-01	7.2088e-01	1.4735e-02	7.9335e-03	3.7022e-01	6.0578e-01	1.5941e-02	1.3213e-04	1.6205e-07	6.7218e-23	0.00e+00	0.00e+00	1.4489e+00
7.16748e+16	8.8207e+03	2.294e-19	2.1544e+02	2.3344e+02	9.1359e-13	1.9828e-02	9.8017e-01	1.6225e-02	7.7415e-01	2.0962e-01	4.9380e-15	1.7531e-03	2.7191e-01	7.1390e-01	1.2325e-02	9.7356e-03	4.0515e-01	5.7358e-01	1.1440e-02	9.1362e-05	1.1755e-36	1.0094e-22	0.00e+00	0.00e+00	1.8565e+00
8.46508e+16	8.8967e+03	2.323e-19	2.1544e+02	2.3245e+02	1.1301e-12	2.2312e-02	9.7769e-01	1.7433e-02	7.9941e-01	1.8315e-01	6.7864e-15	1.9287e-03	2.8090e-01	7.0675e-01	1.0342e-02	1.2040e-02	4.4295e-01	5.3676e-01	8.1924e-03	6.4392e-05	1.1755e-36	1.5606e-22	0.00e+00	0.00e+00	2.1855e+00
9.40213e+16	8.9741e+03	2.357e-19	2.1544e+02	2.3157e+02	1.3526e-12	2.4707e-02	9.7529e-01	1.8436e-02	8.1632e-01	1.6524e-01	8.9586e-15	2.0889e-03	2.8878e-01	7.0009e-01	8.9701e-03	1.4378e-02	4.7554e-01	5.0380e-01	6.2375e-03	4.9089e-05	1.1755e-36	2.2707e-22	0.00e+00	0.00e+00	2.4511e+00
1.01685e+17	9.0425e+03	2.392e-19	2.1544e+02	2.3082e+02	1.5974e-12	2.7117e-02	9.7288e-01	1.9371e-02	8.2933e-01	1.5130e-01	1.1560e-14	2.2443e-03	2.9632e-01	6.9348e-01	7.8971e-03	1.6817e-02	5.0459e-01	4.7366e-01	4.8880e-03	3.8855e-05	1.1755e-36	3.1931e-22	0.00e+00	0.00e+00	2.7249e+00
1.10223e+17	9.1181e+03	2.435e-19	2.1544e+02	2.3002e+02	1.9638e-12	3.0363e-02	9.6964e-01	2.0624e-02	8.4291e-01	1.3647e-01	1.5854e-14	2.4521e-03	3.0663e-01	6.8410e-01	6.7628e-03	2.0270e-02	5.4017e-01	4.3590e-01	3.6293e-03	2.9507e-05	1.1755e-36	4.8388e-22	0.00e+00	0.00e+00	3.1236e+00
1.19750e+17	9.2138e+03	2.488e-19	2.1544e+02	2.2859e+02	2.5007e-12	3.4727e-02	9.6527e-01	2.2155e-02	8.5598e-01	1.2187e-01	2.2909e-14	2.7059e-03	3.1903e-01	6.7258e-01	5.6439e-03	2.5141e-02	5.8170e-01	3.9059e-01	2.5496e-03	2.1701e-05	1.1755e-36	7.8405e-22	0.00e+00	0.00e+00	3.5677e+00
1.28363e+17	9.3121e+03	2.548e-19	2.1544e+02	2.2721e+02	3.1701e-12	3.9634e-02	9.6037e-01	2.3670e-02	8.6624e-01	1.1009e-01	3.2660e-14	2.9623e-03	3.3114e-01	6.6113e-01	4.7353e-03	3.0750e-02	6.1887e-01	3.4855e-01	1.8114e-03	1.6382e-05	1.1755e-36	1.2522e-21	0.00e+00	0.00e+00	3.9895e+00
1.35782e+17	9.3987e+03	2.608e-19	2.1544e+02	2.2622e+02	3.9618e-12	4.4792e-02	9.5521e-01	2.5109e-02	8.7409e-01	1.0080e-01	4.5223e-14	3.2123e-03	3.4275e-01	6.4998e-01	4.0230e-03	3.6742e-02	6.4957e-01	3.1236e-01	1.3231e-03	1.2797e-05	1.1755e-36	1.9277e-21	0.00e+00	0.00e+00	4.4168e+00
1.43847e+17	9.4798e+03	2.664e-19	2.1544e+02	2.2448e+02	5.1433e-12	5.1471e-02	9.4853e-01	2.7055e-02	8.8158e-01	9.1366e-02	6.5533e-14	3.5206e-03	3.5786e-01	6.3527e-01	3.3236e-03	4.4797e-02	6.8284e-01	2.7144e-01	9.1307e-04	9.6787e-06	1.1755e-36	3.1229e-21	0.00e+00	0.00e+00	5.0552e+00
1.52565e+17	9.5711e+03	2.734e-19	2.1544e+02	2.2243e+02	6.9609e-12	6.0409e-02	9.3959e-01	2.9388e-02	8.8814e-01	8.2476e-02	9.9567e-14	3.8804e-03	3.7539e-01	6.1804e-01	2.6697e-03	5.5671e-02	7.1457e-01	2.2915e-01	5.9836e-04	7.1382e-06	1.1755e-36	5.4092e-21	0.00e+00	0.00e+00	5.7388e+00
1.60151e+17	9.6465e+03	2.801e-19	2.1544e+02	2.2059e+02	9.3137e-12	7.0225e-02	9.2978e-01	3.1786e-02	8.9269e-01	7.5528e-02	1.4711e-13	4.2348e-03	3.9276e-01	6.0082e-01	2.1680e-03	6.7682e-02	7.3801e-01	1.9390e-01	4.0276e-04	5.4101e-06	1.1755e-36	9.0544e-21	0.00e+00	0.00e+00	6.3934e+00
1.66754e+17	9.7155e+03	2.836e-19	2.1544e+02	2.1752e+02	1.2055e-11	8.0240e-02	9.1976e-01	3.4273e-02	8.9556e-01	7.0168e-02	2.0666e-13	4.5448e-03	4.0949e-01	5.8416e-01	1.7923e-03	8.0150e-02	7.5526e-01	1.6431e-01	2.7917e-04	4.2131e-06	1.1755e-36	1.4099e-20	0.00e+00	0.00e+00	7.0869e+00
1.74060e+17	9.7496e+03	2.881e-19	2.1544e+02	2.1446e+02	1.6635e-11	9.3717e-02	9.0628e-01	3.7580e-02	8.9809e-01	6.4330e-02	3.0823e-13	4.9368e-03	4.3079e-01	5.6284e-01	1.4256e-03	9.6821e-02	7.6818e-01	1.3481e-01	1.8185e-04	3.1486e-06	1.1755e-36	2.3744e-20	0.00e+00	0.00e+00	8.1398e+00
1.81500e+17	9.7934e+03	2.923e-19	2.1544e+02	2.1074e+02	2.3619e-11	1.1106e-01	8.8894e-01	4.1511e-02	8.9915e-01	5.9340e-02	4.7448e-13	5.3544e-03	4.5467e-01	5.3886e-01	1.1086e-03	1.1817e-01	7.7454e-01	1.0717e-01	1.1384e-04	2.2831e-06	1.1755e-36	4.1898e-20	0.00e+00	0.00e+00	9.1400e+00
1.87133e+17	9.8258e+03	2.941e-19	2.1544e+02	2.0692e+02	3.1322e-11	1.2706e-01	8.7294e-01	4.5057e-02	8.9894e-01	5.5999e-02	6.6614e-13	5.6695e-03	4.7453e-01	5.1889e-01	9.0359e-04	1.3775e-01	7.7387e-01	8.8300e-02	7.8060e-05	1.7571e-06	1.1755e-36	6.5568e-20	0.00e+00	0.00e+00	9.9428e+00
1.91454e+17	9.8395e+03	2.948e-19	2.1544e+02	2.0379e+02	3.9309e-11	1.4116e-01	8.5884e-01	4.8230e-02	8.9823e-01	5.3541e-02	8.7058e-13	5.9214e-03	4.9133e-01	5.0198e-01	7.6535e-04	1.5490e-01	7.6974e-01	7.5307e-02	5.7748e-05	1.4207e-06	1.1755e-36	9.3308e-20	0.00e+00	0.00e+00	1.0711e+01
1.96052e+17	9.8450e+03	2.941e-19	2.1544e+02	2.0008e+02	5.0225e-11	1.5772e-01	8.4228e-01	5.2070e-02	8.9698e-01	5.0949e-02	1.1566e-12	6.1864e-03	5.1037e-01	4.8280e-01	6.3704e-04	1.7487e-01	7.6196e-01	6.3124e-02	4.1631e-05	1.1256e-06	1.1755e-36	1.3556e-19	0.00e+00	0.00e+00	1.1826e+01
2.01091e+17	9.8470e+03	2.929e-19	2.1544e+02	1.9559e+02	6.6669e-11	1.7898e-01	8.2102e-01	5.6823e-02	8.9469e-01	4.8485e-02	1.5990e-12	6.4676e-03	5.3242e-01	4.6060e-01	5.1558e-04	2.0024e-01	7.4857e-01	5.1161e-02	2.8622e-05	8.5527e-07	1.1755e-36	2.0834e-19	0.00e+00	0.00e+00	1.3014e+01
2.05465e+17	9.8442e+03	2.907e-19	2.1544e+02	1.9120e+02	8.6256e-11	2.0034e-01	7.9966e-01	6.1599e-02	8.9185e-01	4.6555e-02	2.1381e-12	6.7004e-03	5.5285e-01	4.4002e-01	4.2471e-04	2.2542e-01	7.3255e-01	4.2007e-02	2.0403e-05	6.6240e-07	1.1755e-36	3.0714e-19	0.00e+00	0.00e+00	1.4068e+01
2.09059e+17	9.8406e+03	2.871e-19	2.1544e+02	1.8689e+02	1.0629e-10	2.1917e-01	7.8083e-01	6.5945e-02	8.8894e-01	4.5120e-02	2.6960e-12	6.8601e-03	5.7009e-01	4.2269e-01	3.6116e-04	2.4740e-01	7.1706e-01	3.5516e-02	1.5436e-05	5.3458e-07	1.1755e-36	4.1826e-19	0.00e+00	0.00e+00	1.5058e+01
2.12880e+17	9.8246e+03	2.821e-19	2.1544e+02	1.8226e+02	1.3290e-10	2.4048e-01	7.5952e-01	7.1223e-02	8.8526e-01	4.3519e-02	3.4434e-12	7.0267e-03	5.8947e-01	4.0320e-01	3.0215e-04	2.7202e-01	6.9839e-01	2.9573e-02	1.1465e-05	4.2346e-07	1.1755e-36	5.7887e-19	0.00e+00	0.00e+00	1.6471e+01
2.17062e+17	9.8055e+03	2.753e-19	2.1544e+02	1.7628e+02	1.7046e-10	2.6610e-01	7.3390e-01	7.7420e-02	8.8053e-01	4.2054e-02	4.4914e-12	7.1531e-03	6.1044e-01	3.8216e-01	2.4789e-04	3.0124e-01	6.7480e-01	2.3947e-02	8.2510e-06	3.2473e-07	1.1755e-36	8.2643e-19	0.00e+00	0.00e+00	1.7935e+01
2.20775e+17	9.7822e+03	2.684e-19	2.1544e+02	1.7108e+02	2.1359e-10	2.9109e-01	7.0891e-01	8.3782e-02	8.7536e-01	4.0860e-02	5.7182e-12	7.2598e-03	6.3015e-01	3.6238e-01	2.0632e-04	3.2935e-01	6.5100e-01	1.9647e-02	6.1323e-06	2.5325e-07	1.1755e-36	1.1444e-18	0.00e+00	0.00e+00	1.9275e+01
2.23994e+17	9.7573e+03	2.608e-19	2.1544e+02	1.6607e+02	2.5818e-10	3.1310e-01	6.8690e-01	8.9785e-02	8.7030e-01	3.9912e-02	6.9705e-12	7.3154e-03	6.4725e-01	3.4526e-01	1.7595e-04	3.5382e-01	6.2966e-01	1.6519e-02	4.7741e-06	2.0431e-07	1.1755e-36	1.4922e-18	0.00e+00	0.00e+00	2.0576e+01
2.27506e+17	9.7200e+03	2.516e-19	2.1544e+02	1.6070e+02	3.1683e-10	3.3772e-01	6.6228e-01	9.7159e-02	8.6405e-01	3.8789e-02	8.6139e-12	7.3678e-03	6.6643e-01	3.2605e-01	1.4717e-04	3.8088e-01	6.0548e-01	1.3632e-02	3.6490e-06	1.6128e-07	1.1755e-36	1.9801e-18	0.00e+00	0.00e+00	2.2399e+01
2.31398e+17	9.6824e+03	2.402e-19	2.1544e+02	1.5387e+02	3.9621e-10	3.6628e-01	6.3372e-01	1.0563e-01	8.5655e-01	3.7813e-02	1.0791e-11	7.3488e-03	6.8661e-01	3.0592e-01	1.2093e-04	4.1183e-01	5.7723e-01	1.0937e-02	2.7214e-06	1.1755e-36	1.1755e-36	2.6820e-18	0.00e+00	0.00e+00	2.4300e+01
2.34983e+17	9.6339e+03	2.292e-19	2.1544e+02	1.4783e+02	4.8908e-10	3.9390e-01	6.0610e-01	1.1459e-01	8.4849e-01	3.6928e-02	1.3319e-11	7.3286e-03	7.0576e-01	2.8681e-01	1.0033e-04	4.4133e-01	5.4980e-01	8.8603e-03	2.0831e-06	1.1755e-36	1.1755e-36	3.5669e-18	0.00e+00	0.00e+00	2.6098e+01
2.38247e+17	9.5832e+03	2.186e-19	2.1544e+02	1.4246e+02	5.8897e-10	4.1908e-01	5.8092e-01	1.2369e-01	8.4019e-01	3.6129e-02	1.6015e-11	7.2956e-03	7.2328e-01	2.6934e-01	8.4443e-05	4.6788e-01	5.2482e-01	7.2966e-03	1.6473e-06	1.1755e-36	1.1755e-36	4.5731e-18	0.00e+00	0.00e+00	2.7907e+01
2.41517e+17	9.5299e+03	2.073e-19	2.1544e+02	1.3689e+02	7.0542e-10	4.4396e-01	5.5604e-01	1.3346e-01	8.3119e-01	3.5353e-02	1.9088e-11	7.2314e-03	7.4034e-01	2.5235e-01	7.1017e-05	4.9381e-01	5.0019e-01	5.9982e-03	1.3148e-06	1.1755e-36	1.1755e-36	5.7898e-18	0.00e+00	0.00e+00	2.9941e+01
2.44855e+17	9.4718e+03	1.955e-19	2.1544e+02	1.3114e+02	8.4700e-10	4.6980e-01	5.3020e-01	1.4416e-01	8.2120e-01	3.4639e-02	2.2752e-11	7.1381e-03	7.5721e-01	2.3559e-01	5.9448e-05	5.2039e-01	4.7472e-01	4.8877e-03	1.0512e-06	1.1755e-36	1.1755e-36	7.3403e-18	0.00e+00	0.00e+00	3.2055e+01
2.48018e+17	9.4134e+03	1.842e-19	2.1544e+02	1.2563e+02	1.0033e-09	4.9405e-01	5.0595e-01	1.5502e-01	8.1095e-01	3.4028e-02	2.6698e-11	7.0251e-03	7.7267e-01	2.2026e-01	5.0239e-05	5.4503e-01	4.5095e-01	4.0161e-03	8.5819e-07	1.1755e-36	1.1755e-36	9.1076e-18	0.00e+00	0.00e+00	3.4082e+01
2.50903e+17	9.3558e+03	1.739e-19	2.1544e+02	1.2069e+02	1.1661e-09	5.1559e-01	4.8441e-01	1.6569e-01	8.0084e-01	3.3476e-02	3.0696e-11	6.9089e-03	7.8637e-01	2.0667e-01	4.3087e-05	5.6669e-01	4.2996e-01	3.3553e-03	7.1988e-07	1.1755e-36	1.1755e-36	1.0982e-17	0.00e+00	0.00e+00	3.6014e+01
2.53625e+17	9.2974e+03	1.642e-19	2.1544e+02	1.1615e+02	1.3405e-09	5.3551e-01	4.6449e-01	1.7649e-01	7.9058e-01	3.2933e-02	3.4886e-11	6.7920e-03	7.9898e-01	1.9419e-01	3.7242e-05	5.8652e-01	4.1065e-01	2.8286e-03	6.1429e-07	1.1755e-36	1.1755e-36	1.3030e-17	0.00e+00	0.00e+00	3.7974e+01
2.55846e+17	9.2604e+03	1.564e-19	2.1544e+02	1.1237e+02	1.4897e-09	5.5119e-01	4.4881e-01	1.8529e-01	7.8211e-01	3.2607e-02	3.8474e-11	6.6761e-03	8.0851e-01	1.8478e-01	3.3230e-05	6.0198e-01	3.9555e-01	2.4624e-03	5.4362e-07	1.1755e-36	1.1755e-36	1.4859e-17	0.00e+00	0.00e+00	3.9287e+01
2.57437e+17	9.2155e+03	1.511e-19	2.1544e+02	1.1003e+02	1.6114e-09	5.6169e-01	4.3831e-01	1.9257e-01	7.7519e-01	3.2241e-02	4.1218e-11	6.6154e-03	8.1567e-01	1.7768e-01	3.0556e-05	6.1230e-01	3.8546e-01	2.2353e-03	5.0092e-07	1.1755e-36	1.1755e-36	1.6248e-17	0.00e+00	0.00e+00	4.0380e+01
2.59011e+17	9.1613e+03	1.459e-19	2.1544e+02	1.0781e+02	1.7509e-09	5.7240e-01	4.2760e-01	2.0035e-01	7.6787e-01	3.1779e-02	4.4267e-11	6.5610e-03	8.2286e-01	1.7055e-01	2.8017e-05	6.2277e-01	3.7520e-01	2.0268e-03	4.6179e-07	1.1755e-36	1.1755e-36	1.7832e-17	0.00e+00	0.00e+00	4.1716e+01
2.60874e+17	9.1248e+03	1.394e-19	2.1544e+02	1.0473e+02	1.9062e-09	5.8465e-01	4.1535e-01	2.0882e-01	7.5977e-01	3.1413e-02	4.7760e-11	6.4534e-03	8.3049e-01	1.6303e-01	2.5382e-05	6.3466e-01	3.6353e-01	1.8020e-03	4.2058e-07	1.1755e-36	1.1755e-36	1.9691e-17	0.00e+00	0.00e+00	4.3315e+01
2.62905e+17	9.0689e+03	1.329e-19	2.1544e+02	1.0145e+02	2.1160e-09	5.9914e-01	4.0086e-01	2.1857e-01	7.5040e-01	3.1025e-02	5.2278e-11	6.3369e-03	8.3862e-01	1.5502e-01	2.2764e-05	6.4863e-01	3.4979e-01	1.5777e-03	3.7896e-07	1.1755e-36	1.1755e-36	2.2225e-17	0.00e+00	0.00e+00	4.4987e+01
2.64811e+17	9.0280e+03	1.268e-19	2.1544e+02	9.8405e+01	2.3164e-09	6.1231e-01	3.8769e-01	2.2779e-01	7.4148e-01	3.0726e-02	5.6703e-11	6.2186e-03	8.4582e-01	1.4794e-01	2.0605e-05	6.6124e-01	3.3737e-01	1.3926e-03	3.4502e-07	1.1755e-36	1.1755e-36	2.4791e-17	0.00e+00	0.00e+00	4.6454e+01
2.66513e+17	8.9754e+03	1.216e-19	2.1544e+02	9.5903e+01	2.5241e-09	6.2383e-01	3.7617e-01	2.3690e-01	7.3273e-01	3.0370e-02	6.1021e-11	6.1254e-03	8.5236e-01	1.4150e-01	1.8824e-05	6.7222e-01	3.2654e-01	1.2463e-03	3.1823e-07	1.1755e-36	1.1755e-36	2.7320e-17	0.00e+00	0.00e+00	4.7847e+01
2.68195e+17	8.9377e+03	1.164e-19	2.1544e+02	9.3314e+01	2.7212e-09	6.3430e-01	3.6570e-01	2.4569e-01	7.2425e-01	3.0060e-02	6.5152e-11	6.0193e-03	8.5840e-01	1.3557e-01	1.7252e-05	6.8214e-01	3.1674e-01	1.1186e-03	2.9530e-07	1.1755e-36	1.1755e-36	2.9756e-17	0.00e+00	0.00e+00	4.9334e+01
2.70038e+17	8.8823e+03	1.110e-19	2.1544e+02	9.0537e+01	2.9800e-09	6.4631e-01	3.5369e-01	2.5588e-01	7.1444e-01	2.9683e-02	7.0293e-11	5.9045e-03	8.6494e-01	1.2914e-01	1.5658e-05	6.9347e-01	3.0554e-01	9.9062e-04	2.7180e-07	1.1755e-36	1.1755e-36	3.2887e-17	0.00e+00	0.00e+00	5.1060e+01
2.71986e+17	8.8220e+03	1.055e-19	2.1544e+02	8.7652e+01	3.2900e-09	6.5958e-01	3.4042e-01	2.6695e-01	7.0374e-01	2.9310e-02	7.6443e-11	5.7796e-03	8.7157e-01	1.2264e-01	1.4144e-05	7.0589e-01	2.9324e-01	8.6794e-04	2.4869e-07	1.1755e-36	1.1755e-36	3.6818e-17	0.00e+00	0.00e+00	5.2793e+01
2.73801e+17	8.7803e+03	1.005e-19	2.1544e+02	8.4880e+01	3.5670e-09	6.7072e-01	3.2928e-01	2.7689e-01	6.9404e-01	2.9069e-02	8.1892e-11	5.6490e-03	8.7722e-01	1.1712e-01	1.2931e-05	7.1627e-01	2.8296e-01	7.7027e-04	2.3051e-07	1.1755e-36	1.1755e-36	4.0316e-17	0.00e+00	0.00e+00	5.4343e+01
2.75520e+17	8.7210e+03	9.594e-20	2.1544e+02	8.2519e+01	3.8826e-09	6.8126e-01	3.1874e-01	2.8750e-01	6.8382e-01	2.8681e-02	8.7729e-11	5.5434e-03	8.8273e-01	1.1171e-01	1.1850e-05	7.2604e-01	2.7327e-01	6.8745e-04	2.1477e-07	1.1755e-36	1.1755e-36	4.4104e-17	0.00e+00	0.00e+00	5.5956e+01
2.77317e+17	8.6750e+03	9.128e-20	2.1544e+02	7.9972e+01	4.2027e-09	6.9162e-01	3.0838e-01	2.9824e-01	6.7340e-01	2.8359e-02	9.3766e-11	5.4205e-03	8.8806e-01	1.0651e-01	1.0850e-05	7.3561e-01	2.6378e-01	6.1095e-04	2.0019e-07	1.1755e-36	1.1755e-36	4.8080e-17	0.00e+00	0.00e+00	5.7699e+01
2.79228e+17	8.6148e+03	8.654e-20	2.1544e+02	7.7301e+01	4.6028e-09	7.0294e-01	2.9706e-01	3.1008e-01	6.6191e-01	2.8007e-02	1.0091e-10	5.2890e-03	8.9355e-01	1.0115e-01	9.8870e-06	7.4601e-01	2.5346e-01	5.3772e-04	1.8566e-07	1.1755e-36	1.1755e-36	5.2929e-17	0.00e+00	0.00e+00	5.9582e+01
2.81156e+17	8.5486e+03	8.200e-20	2.1544e+02	7.4710e+01	5.0611e-09	7.1454e-01	2.8546e-01	3.2246e-01	6.4991e-01	2.7630e-02	1.0894e-10	5.1590e-03	8.9888e-01	9.5953e-02	9.0171e-06	7.5660e-01	2.4293e-01	4.7190e-04	1.7204e-07	1.1755e-36	1.1755e-36	5.8585e-17	0.00e+00	0.00e+00	6.1415e+01
2.82962e+17	8.5020e+03	7.789e-20	2.1544e+02	7.2285e+01	5.4646e-09	7.2413e-01	2.7587e-01	3.3372e-01	6.3894e-01	2.7345e-02	1.1600e-10	5.0311e-03	9.0346e-01	9.1499e-02	8.3115e-06	7.6531e-01	2.3427e-01	4.1952e-04	1.6127e-07	1.1755e-36	1.1755e-36	6.3507e-17	0.00e+00	0.00e+00	6.3116e+01
2.84755e+17	8.4337e+03	7.401e-20	2.1544e+02	7.0034e+01	5.9586e-09	7.3357e-01	2.6643e-01	3.4596e-01	6.2711e-01	2.6935e-02	1.2382e-10	4.9153e-03	9.0805e-01	8.7025e-02	7.6609e-06	7.7386e-01	2.2577e-01	3.7321e-04	1.5140e-07	1.1755e-36	1.1755e-36	6.8985e-17	0.00e+00	0.00e+00	6.4972e+01
2.86683e+17	8.3647e+03	7.002e-20	2.1544e+02	6.7660e+01	6.5313e-09	7.4387e-01	2.5613e-01	3.5924e-01	6.1425e-01	2.6511e-02	1.3303e-10	4.7885e-03	9.1273e-01	8.2475e-02	7.0329e-06	7.8315e-01	2.1652e-01	3.2834e-04	1.4133e-07	1.1755e-36	1.1755e-36	7.5697e-17	0.00e+00	0.00e+00	6.6991e+01
2.88639e+17	8.2999e+03	6.615e-20	2.1544e+02	6.5222e+01	7.1440e-09	7.5392e-01	2.4608e-01	3.7233e-01	6.0151e-01	2.6156e-02	1.4258e-10	4.6528e-03	9.1709e-01	7.8253e-02	6.4789e-06	7.9216e-01	2.0755e-01	2.8869e-04	1.3208e-07	1.1755e-36	1.1755e-36	8.2794e-17	0.00e+00	0.00e+00	6.8958e+01
2.90520e+17	8.2397e+03	6.263e-20	2.1544e+02	6.2991e+01	7.7568e-09	7.6280e-01	2.3720e-01	3.8508e-01	5.8913e-01	2.5791e-02	1.5185e-10	4.5273e-03	9.2105e-01	7.4415e-02	6.0084e-06	8.0009e-01	1.9965e-01	2.5596e-04	1.2428e-07	1.1755e-36	1.1755e-36	8.9663e-17	0.00e+00	0.00e+00	7.0871e+01
2.92416e+17	8.1644e+03	5.927e-20	2.1544e+02	6.0848e+01	8.4857e-09	7.7154e-01	2.2846e-01	3.9868e-01	5.7596e-01	2.5352e-02	1.6202e-10	4.4070e-03	9.2496e-01	7.0622e-02	5.5772e-06	8.0788e-01	1.9189e-01	2.2683e-04	1.1755e-36	1.1755e-36	1.1755e-36	9.7246e-17	0.00e+00	0.00e+00	7.2916e+01
2.94410e+17	8.0869e+03	5.592e-20	2.1544e+02	5.8670e+01	9.3238e-09	7.8076e-01	2.1924e-01	4.1307e-01	5.6204e-01	2.4889e-02	1.7367e-10	4.2814e-03	9.2884e-01	6.6871e-02	5.1733e-06	8.1605e-01	1.8375e-01	1.9959e-04	1.1755e-36	1.1755e-36	1.1755e-36	1.0628e-16	0.00e+00	0.00e+00	7.5081e+01
2.96415e+17	8.0124e+03	5.273e-20	2.1544e+02	5.6484e+01	1.0220e-08	7.8952e-01	2.1048e-01	4.2714e-01	5.4838e-01	2.4479e-02	1.8553e-10	4.1520e-03	9.3242e-01	6.3422e-02	4.8208e-06	8.2378e-01	1.7604e-01	1.7593e-04	1.1755e-36	1.1755e-36	1.1755e-36	1.1557e-16	0.00e+00	0.00e+00	7.7199e+01
2.98376e+17	7.9357e+03	4.981e-20	2.1544e+02	5.4477e+01	1.1181e-08	7.9751e-01	2.0249e-01	4.4126e-01	5.3471e-01	2.4028e-02	1.9764e-10	4.0326e-03	9.3576e-01	6.0207e-02	4.5147e-06	8.3081e-01	1.6903e-01	1.5598e-04	1.1755e-36	1.1755e-36	1.1755e-36	1.2507e-16	0.00e+00	0.00e+00	7.9315e+01
3.00375e+17	7.8551e+03	4.700e-20	2.1544e+02	5.2518e+01	1.2263e-08	8.0528e-01	1.9472e-01	4.5583e-01	5.2063e-01	2.3539e-02	2.1069e-10	3.9156e-03	9.3898e-01	5.7104e-02	4.2367e-06	8.3763e-01	1.6223e-01	1.3822e-04	1.1755e-36	1.1755e-36	1.1755e-36	1.3547e-16	0.00e+00	0.00e+00	8.1558e+01
3.02474e+17	7.7671e+03	4.422e-20	2.1544e+02	5.0493e+01	1.3538e-08	8.1324e-01	1.8676e-01	4.7094e-01	5.0602e-01	2.3046e-02	2.2513e-10	3.7917e-03	9.4212e-01	5.4085e-02	3.9800e-06	8.4459e-01	1.5529e-01	1.2191e-04	1.1755e-36	1.1755e-36	1.1755e-36	1.4727e-16	0.00e+00	0.00e+00	8.3935e+01
3.04617e+17	7.6777e+03	4.158e-20	2.1544e+02	4.8520e+01	1.4969e-08	8.2107e-01	1.7893e-01	4.8620e-01	4.9126e-01	2.2546e-02	2.4079e-10	3.6691e-03	9.4509e-01	5.1239e-02	3.7510e-06	8.5141e-01	1.4848e-01	1.0747e-04	1.1755e-36	1.1755e-36	1.1755e-36	1.6051e-16	0.00e+00	0.00e+00	8.6322e+01
3.06731e+17	7.5895e+03	3.916e-20	2.1544e+02	4.6718e+01	1.6505e-08	8.2828e-01	1.7172e-01	5.0136e-01	4.7663e-01	2.2009e-02	2.5708e-10	3.5565e-03	9.4783e-01	4.8609e-02	3.5529e-06	8.5767e-01	1.4224e-01	9.5272e-05	1.1755e-36	1.1755e-36	1.1755e-36	1.7454e-16	0.00e+00	0.00e+00	8.8678e+01
3.08851e+17	7.4960e+03	3.689e-20	2.1544e+02	4.4951e+01	1.8228e-08	8.3483e-01	1.6517e-01	5.1638e-01	4.6214e-01	2.1479e-02	2.7340e-10	3.4446e-03	9.5038e-01	4.6169e-02	3.3797e-06	8.6334e-01	1.3657e-01	8.4862e-05	1.1755e-36	1.1755e-36	1.1755e-36	1.8853e-16	0.00e+00	0.00e+00	9.1119e+01
3.11020e+17	7.3905e+03	3.475e-20	2.1544e+02	4.3270e+01	2.0334e-08	8.4156e-01	1.5844e-01	5.3188e-01	4.4723e-01	2.0882e-02	2.9248e-10	3.3386e-03	9.5284e-01	4.3820e-02	3.2226e-06	8.6916e-01	1.3077e-01	7.5491e-05	1.1755e-36	1.1755e-36	1.1755e-36	2.0608e-16	0.00e+00	0.00e+00	9.3623e+01
3.13169e+17	7.2883e+03	3.278e-20	2.1544e+02	4.1657e+01	2.2611e-08	8.4770e-01	1.5230e-01	5.4667e-01	4.3300e-01	2.0326e-02	3.1164e-10	3.2349e-03	9.5505e-01	4.1716e-02	3.0882e-06	8.7445e-01	1.2549e-01	6.7558e-05	1.1755e-36	1.1755e-36	1.1755e-36	2.2418e-16	0.00e+00	0.00e+00	9.6059e+01
3.15274e+17	7.1840e+03	3.100e-20	2.1544e+02	4.0197e+01	2.5142e-08	8.5324e-01	1.4676e-01	5.6120e-01	4.1906e-01	1.9738e-02	3.3160e-10	3.1410e-03	9.5707e-01	3.9784e-02	2.9722e-06	8.7921e-01	1.2073e-01	6.0887e-05	1.1755e-36	1.1755e-36	1.1755e-36	2.4367e-16	0.00e+00	0.00e+00	9.8492e+01
3.17364e+17	7.0787e+03	2.935e-20	2.1544e+02	3.8813e+01	2.7979e-08	8.5842e-01	1.4158e-01	5.7528e-01	4.0557e-01	1.9158e-02	3.5249e-10	3.0513e-03	9.5893e-01	3.8020e-02	2.8712e-06	8.8366e-01	1.1629e-01	5.5133e-05	1.1755e-36	1.1755e-36	1.1755e-36	2.6506e-16	0.00e+00	0.00e+00	1.0092e+02
3.19433e+17	6.9730e+03	2.784e-20	2.1544e+02	3.7516e+01	3.1148e-08	8.6325e-01	1.3675e-01	5.8887e-01	3.9255e-01	1.8585e-02	3.7451e-10	2.9667e-03	9.6062e-01	3.6413e-02	2.7833e-06	8.8780e-01	1.1215e-01	5.0169e-05	1.1755e-36	1.1755e-36	1.1755e-36	2.8884e-16	0.00e+00	0.00e+00	1.0334e+02
3.21470e+17	6.8675e+03	2.646e-20	2.1544e+02	3.6310e+01	3.4675e-08	8.6771e-01	1.3229e-01	6.0191e-01	3.8007e-01	1.8019e-02	3.9762e-10	2.8876e-03	9.6215e-01	3.4955e-02	2.7070e-06	8.9161e-01	1.0834e-01	4.5907e-05	1.1755e-36	1.1755e-36	1.1755e-36	3.1523e-16	0.00e+00	0.00e+00	1.0572e+02
3.23472e+17	6.7568e+03	2.520e-20	2.1544e+02	3.5169e+01	3.8765e-08	8.7181e-01	1.2819e-01	6.1436e-01	3.6817e-01	1.7464e-02	4.2203e-10	2.8128e-03	9.6355e-01	3.3637e-02	2.6413e-06	8.9513e-01	1.0483e-01	4.2256e-05	1.1755e-36	1.1755e-36	1.1755e-36	3.4508e-16	0.00e+00	0.00e+00	1.0808e+02
3.25406e+17	6.6599e+03	2.407e-20	2.1544e+02	3.4160e+01	4.2868e-08	8.7549e-01	1.2451e-01	6.2594e-01	3.5712e-01	1.6941e-02	4.4672e-10	2.7456e-03	9.6478e-01	3.2472e-02	2.5848e-06	8.9826e-01	1.0170e-01	3.9149e-05	1.1755e-36	1.1755e-36	1.1755e-36	3.7670e-16	0.00e+00	0.00e+00	1.1032e+02
3.27330e+17	6.5496e+03	2.302e-20	2.1544e+02	3.3189e+01	4.7957e-08	8.7892e-01	1.2108e-01	6.3741e-01	3.4619e-01	1.6394e-02	4.7420e-10	2.6818e-03	9.6594e-01	3.1372e-02	2.5348e-06	9.0119e-01	9.8772e-02	3.6431e-05	1.1755e-36	1.1755e-36	1.1755e-36	4.1479e-16	0.00e+00	0.00e+00	1.1267e+02
3.29239e+17	6.4565e+03	2.206e-20	2.1544e+02	3.2296e+01	5.3005e-08	8.8228e-01	1.1772e-01	6.4800e-01	3.3610e-01	1.5902e-02	5.0288e-10	2.6217e-03	9.6698e-01	3.0398e-02	2.4902e-06	9.0405e-01	9.5919e-02	3.3974e-05	1.1755e-36	1.1755e-36	1.1755e-36	4.5685e-16	0.00e+00	0.00e+00	1.1489e+02
3.31138e+17	6.3454e+03	2.115e-20	2.1544e+02	3.1416e+01	5.9507e-08	8.8528e-01	1.1472e-01	6.5845e-01	3.2616e-01	1.5390e-02	5.3509e-10	2.5634e-03	9.6795e-01	2.9482e-02	2.4513e-06	9.0661e-01	9.3354e-02	3.1863e-05	1.1755e-36	1.1755e-36	1.1755e-36	5.0846e-16	0.00e+00	0.00e+00	1.1723e+02
3.33001e+17	6.2497e+03	2.033e-20	2.1544e+02	3.0611e+01	6.6062e-08	8.8821e-01	1.1179e-01	6.6789e-01	3.1717e-01	1.4939e-02	5.6860e-10	2.5089e-03	9.6880e-01	2.8689e-02	2.4172e-06	9.0910e-01	9.0870e-02	2.9972e-05	1.1755e-36	1.1755e-36	1.1755e-36	5.6575e-16	0.00e+00	0.00e+00	1.1938e+02
3.34788e+17	6.1585e+03	1.960e-20	2.1544e+02	2.9911e+01	7.2989e-08	8.9062e-01	1.0938e-01	6.7696e-01	3.0856e-01	1.4478e-02	6.0300e-10	2.4619e-03	9.6958e-01	2.7954e-02	2.3877e-06	9.1115e-01	8.8824e-02	2.8397e-05	1.1755e-36	1.1755e-36	1.1755e-36	6.2742e-16	0.00e+00	0.00e+00	1.2156e+02
3.36630e+17	6.0524e+03	1.888e-20	2.1544e+02	2.9188e+01	8.2030e-08	8.9317e-01	1.0683e-01	6.8599e-01	3.0000e-01	1.4012e-02	6.4555e-10	2.4138e-03	9.7033e-01	2.7253e-02	2.3605e-06	9.1332e-01	8.6651e-02	2.6903e-05	1.1755e-36	1.1755e-36	1.1755e-36	7.1172e-16	0.00e+00	0.00e+00	1.2385e+02
3.38433e+17	5.9683e+03	1.823e-20	2.1544e+02	2.8523e+01	9.0426e-08	8.9552e-01	1.0448e-01	6.9389e-01	2.9249e-01	1.3624e-02	6.8671e-10	2.3679e-03	9.7097e-01	2.6660e-02	2.3365e-06	9.1532e-01	8.4657e-02	2.5572e-05	1.1755e-36	1.1755e-36	1.1755e-36	7.9756e-16	0.00e+00	0.00e+00	1.2594e+02
3.40215e+17	5.8649e+03	1.763e-20	2.1544e+02	2.7910e+01	1.0169e-07	8.9766e-01	1.0234e-01	7.0215e-01	2.8467e-01	1.3173e-02	7.3830e-10	2.3277e-03	9.7160e-01	2.6068e-02	2.3154e-06	9.1714e-01	8.2839e-02	2.4421e-05	1.1755e-36	1.1755e-36	1.1755e-36	9.1499e-16	0.00e+00	0.00e+00	1.2820e+02
3.41973e+17	5.7853e+03	1.707e-20	2.1544e+02	2.7325e+01	1.1188e-07	8.9969e-01	1.0031e-01	7.0918e-01	2.7800e-01	1.2817e-02	7.8721e-10	2.2872e-03	9.7213e-01	2.5578e-02	2.2965e-06	9.1886e-01	8.1116e-02	2.3362e-05	1.1755e-36	1.1755e-36	1.1755e-36	1.0326e-15	0.00e+00	0.00e+00	1.3024e+02
3.43723e+17	5.6876e+03	1.654e-20	2.1544e+02	2.6768e+01	1.2555e-07	9.0148e-01	9.8516e-02	7.1650e-01	2.7108e-01	1.2414e-02	8.4869e-10	2.2502e-03	9.7266e-01	2.5086e-02	2.2799e-06	9.2039e-01	7.9586e-02	2.2448e-05	1.1755e-36	1.1755e-36	1.1755e-36	1.1936e-15	0.00e+00	0.00e+00	1.3249e+02
3.45479e+17	5.6082e+03	1.605e-20	2.1544e+02	2.6252e+01	1.3863e-07	9.0343e-01	9.6565e-02	7.2304e-01	2.6490e-01	1.2066e-02	9.1175e-10	2.2148e-03	9.7312e-01	2.4659e-02	2.2641e-06	9.2204e-01	7.7939e-02	2.1550e-05	1.1755e-36	1.1755e-36	1.1755e-36	1.3694e-15	0.00e+00	0.00e+00	1.3455e+02
3.47212e+17	5.5138e+03	1.559e-20	2.1544e+02	2.5743e+01	1.5570e-07	9.0506e-01	9.4943e-02	7.2955e-01	2.5875e-01	1.1702e-02	9.8885e-10	2.1810e-03	9.7356e-01	2.4252e-02	2.2510e-06	9.2343e-01	7.6553e-02	2.0799e-05	1.1755e-36	1.1755e-36	1.1755e-36	1.6043e-15	0.00e+00	0.00e+00	1.3675e+02
3.48916e+17	5.4390e+03	1.517e-20	2.1544e+02	2.5298e+01	1.7153e-07	9.0673e-01	9.3265e-02	7.3538e-01	2.5324e-01	1.1381e-02	1.0653e-09	2.1508e-03	9.7395e-01	2.3896e-02	2.2385e-06	9.2484e-01	7.5136e-02	2.0078e-05	1.1755e-36	1.1755e-36	1.1755e-36	1.8515e-15	0.00e+00	0.00e+00	1.3875e+02
3.50610e+17	5.3492e+03	1.477e-20	2.1544e+02	2.4868e+01	1.9250e-07	9.0821e-01	9.1791e-02	7.4138e-01	2.4759e-01	1.1030e-02	1.1624e-09	2.1228e-03	9.7433e-01	2.3541e-02	2.2278e-06	9.2610e-01	7.3878e-02	1.9456e-05	1.1755e-36	1.1755e-36	1.1755e-36	2.1943e-15	0.00e+00	0.00e+00	1.4093e+02
3.52299e+17	5.2768e+03	1.440e-20	2.1544e+02	2.4445e+01	2.1212e-07	9.0969e-01	9.0314e-02	7.4649e-01	2.4276e-01	1.0748e-02	1.2569e-09	2.0938e-03	9.7466e-01	2.3248e-02	2.2177e-06	9.2735e-01	7.2628e-02	1.8857e-05	1.1755e-36	1.1755e-36	1.1755e-36	2.5525e-15	0.00e+00	0.00e+00	1.4293e+02
3.53982e+17	5.1903e+03	1.404e-20	2.1544e+02	2.4052e+01	2.3814e-07	9.1104e-01	8.8957e-02	7.5192e-01	2.3765e-01	1.0426e-02	1.3798e-09	2.0685e-03	9.7498e-01	2.2945e-02	2.2090e-06	9.2851e-01	7.1470e-02	1.8331e-05	1.1755e-36	1.1755e-36	1.1755e-36	3.0603e-15	0.00e+00	0.00e+00	1.4510e+02
3.55656e+17	5.1210e+03	1.371e-20	2.1544e+02	2.3667e+01	2.6229e-07	9.1239e-01	8.7614e-02	7.5651e-01	2.3332e-01	1.0168e-02	1.4981e-09	2.0422e-03	9.7526e-01	2.2699e-02	2.2008e-06	9.2965e-01	7.0334e-02	1.7824e-05	1.1755e-36	1.1755e-36	1.1755e-36	3.5871e-15	0.00e+00	0.00e+00	1.4708e+02
3.57325e+17	5.0386e+03	1.339e-20	2.1544e+02	2.3312e+01	2.9416e-07	9.1362e-01	8.6383e-02	7.6144e-01	2.2869e-01	9.8691e-03	1.6524e-09	2.0196e-03	9.7554e-01	2.2438e-02	2.1937e-06	9.3070e-01	6.9282e-02	1.7378e-05	1.1755e-36	1.1755e-36	1.1755e-36	4.3357e-15	0.00e+00	0.00e+00	1.4924e+02
3.58996e+17	4.9612e+03	1.308e-20	2.1544e+02	2.2883e+01	3.2806e-07	9.1469e-01	8.5306e-02	7.6526e-01	2.2507e-01	9.6629e-03	1.7950e-09	1.9900e-03	9.7580e-01	2.2204e-02	2.1876e-06	9.3162e-01	6.8358e-02	1.6985e-05	1.1755e-36	1.1755e-36	1.1755e-36	5.0904e-15	0.00e+00	0.00e+00	1.5124e+02
3.60574e+17	4.8973e+03	1.283e-20	2.1544e+02	2.2640e+01	3.5995e-07	9.1588e-01	8.4118e-02	7.6971e-01	2.2091e-01	9.3825e-03	1.9228e-09	1.9757e-03	9.7615e-01	2.1868e-02	2.1795e-06	9.3263e-01	6.7355e-02	1.6589e-05	1.1755e-36	1.1755e-36	1.1755e-36	5.7894e-15	0.00e+00	0.00e+00	1.5317e+02
3.62226e+17	4.8155e+03	1.256e-20	2.1544e+02	2.2327e+01	4.0530e-07	9.1703e-01	8.2968e-02	7.7412e-01	2.1678e-01	9.1067e-03	2.0882e-09	1.9569e-03	9.7652e-01	2.1519e-02	2.1726e-06	9.3361e-01	6.6371e-02	1.6226e-05	1.1755e-36	1.1755e-36	1.1755e-36	6.7825e-15	0.00e+00	0.00e+00	1.5536e+02
3.63885e+17	4.7421e+03	1.229e-20	2.1544e+02	2.1933e+01	4.5172e-07	9.1805e-01	8.1952e-02	7.7730e-01	2.1377e-01	8.9326e-03	2.2472e-09	1.9300e-03	9.7679e-01	2.1276e-02	2.1674e-06	9.3448e-01	6.5501e-02	1.5902e-05	1.1755e-36	1.1755e-36	1.1755e-36	7.8300e-15	0.00e+00	0.00e+00	1.5732e+02
3.65430e+17	4.6821e+03	1.207e-20	2.1544e+02	2.1725e+01	4.9483e-07	9.1908e-01	8.0922e-02	7.8119e-01	2.1013e-01	8.6826e-03	2.4041e-09	1.9184e-03	9.7710e-01	2.0983e-02	2.1611e-06	9.3535e-01	6.4629e-02	1.5586e-05	1.1755e-36	1.1755e-36	1.1755e-36	8.8988e-15	0.00e+00	0.00e+00	1.5922e+02
3.67067e+17	4.6079e+03	1.184e-20	2.1544e+02	2.1438e+01	5.5369e-07	9.2003e-01	7.9970e-02	7.8493e-01	2.0662e-01	8.4482e-03	2.5996e-09	1.9012e-03	9.7741e-01	2.0683e-02	2.1558e-06	9.3617e-01	6.3811e-02	1.5298e-05	1.1755e-36	1.1755e-36	1.1755e-36	1.0353e-14	0.00e+00	0.00e+00	1.6141e+02
3.68764e+17	4.5360e+03	1.160e-20	2.1544e+02	2.1135e+01	6.1931e-07	9.2127e-01	7.8724e-02	7.8832e-01	2.0344e-01	8.2416e-03	2.8171e-09	1.8825e-03	9.7769e-01	2.0423e-02	2.1505e-06	9.3723e-01	6.2759e-02	1.4973e-05	1.1755e-36	1.1755e-36	1.1755e-36	1.2122e-14	0.00e+00	0.00e+00	1.6347e+02
3.70363e+17	4.4763e+03	1.139e-20	2.1544e+02	2.0872e+01	6.7959e-07	9.2210e-01	7.7895e-02	7.9133e-01	2.0061e-01	8.0574e-03	3.0083e-09	1.8660e-03	9.7794e-01	2.0193e-02	2.1461e-06	9.3793e-01	6.2050e-02	1.4725e-05	1.1755e-36	1.1755e-36	1.1755e-36	1.3767e-14	0.00e+00	0.00e+00	1.6542e+02
3.72015e+17	4.4045e+03	1.118e-20	2.1544e+02	2.0610e+01	7.5993e-07	9.2298e-01	7.7015e-02	7.9470e-01	1.9746e-01	7.8439e-03	3.2511e-09	1.8510e-03	9.7822e-01	1.9923e-02	2.1420e-06	9.3869e-01	6.1293e-02	1.4483e-05	1.1755e-36	1.1755e-36	1.1755e-36	1.6020e-14	0.00e+00	0.00e+00	1.6762e+02
3.73718e+17	4.3351e+03	1.098e-20	2.1544e+02	2.0336e+01	8.4851e-07	9.2413e-01	7.5872e-02	7.9776e-01	1.9459e-01	7.6532e-03	3.5177e-09	1.8349e-03	9.7848e-01	1.9686e-02	2.1378e-06	9.3966e-01	6.0326e-02	1.4209e-05	1.1755e-36	1.1755e-36	1.1755e-36	1.8715e-14	0.00e+00	0.00e+00	1.6970e+02
3.75339e+17	4.2777e+03	1.079e-20	2.1544e+02	2.0093e+01	9.2873e-07	9.2490e-01	7.5100e-02	8.0047e-01	1.9204e-01	7.4855e-03	3.7484e-09	1.8201e-03	9.7870e-01	1.9478e-02	2.1343e-06	9.4032e-01	5.9666e-02	1.3995e-05	1.1755e-36	1.1755e-36	1.1755e-36	2.1179e-14	0.00e+00	0.00e+00	1.7169e+02
3.77050e+17	4.2045e+03	1.060e-20	2.1544e+02	1.9849e+01	1.0419e-06	9.2584e-01	7.4158e-02	8.0370e-01	1.8902e-01	7.2772e-03	4.0597e-09	1.8074e-03	9.7898e-01	1.9214e-02	2.1308e-06	9.4113e-01	5.8859e-02	1.3771e-05	1.1755e-36	1.1755e-36	1.1755e-36	2.4773e-14	0.00e+00	0.00e+00	1.7401e+02
3.78814e+17	4.1352e+03	1.039e-20	2.1544e+02	1.9500e+01	1.1594e-06	9.2672e-01	7.3276e-02	8.0586e-01	1.8698e-01	7.1552e-03	4.3593e-09	1.7846e-03	9.7917e-01	1.9042e-02	2.1285e-06	9.4188e-01	5.8102e-02	1.3560e-05	1.1755e-36	1.1755e-36	1.1755e-36	2.8570e-14	0.00e+00	0.00e+00	1.7614e+02
3.80493e+17	4.0816e+03	1.022e-20	2.1544e+02	1.9323e+01	1.2617e-06	9.2771e-01	7.2293e-02	8.0883e-01	1.8420e-01	6.9650e-03	4.6405e-09	1.7760e-03	9.7941e-01	1.8816e-02	2.1245e-06	9.4271e-01	5.7275e-02	1.3328e-05	1.1755e-36	1.1755e-36	1.1755e-36	3.2232e-14	0.00e+00	0.00e+00	1.7824e+02
3.82356e+17	4.0086e+03	1.002e-20	2.1544e+02	1.9037e+01	1.4094e-06	9.2872e-01	7.1274e-02	8.1182e-01	1.8140e-01	6.7834e-03	5.0039e-09	1.7599e-03	9.7967e-01	1.8564e-02	2.1212e-06	9.4358e-01	5.6406e-02	1.3097e-05	1.1755e-36	1.1755e-36	1.1755e-36	3.7383e-14	0.00e+00	0.00e+00	1.8084e+02
3.84367e+17	3.9406e+03	9.721e-21	2.1544e+02	1.8516e+01	1.5645e-06	9.3092e-01	6.9082e-02	8.1450e-01	1.7880e-01	6.7009e-03	5.4325e-09	1.7221e-03	9.7989e-01	1.8381e-02	2.1161e-06	9.4539e-01	5.4599e-02	1.2647e-05	1.1755e-36	1.1755e-36	1.1755e-36	4.3965e-14	0.00e+00	0.00e+00	1.8333e+02
###########################
3.09351e+13	9.5325e+03	2.739e-19	2.1544e+02	2.3689e+02	5.1068e-13	1.7782e-02	9.8222e-01	1.2591e-02	6.4632e-01	3.4109e-01	4.6776e-15	1.5472e-03	2.5562e-01	7.2274e-01	1.9870e-02	8.5823e-03	4.0414e-01	5.5746e-01	2.9497e-02	3.1680e-04	3.4567e-07	8.1749e-23	0.00e+00	0.00e+00	1.4964e-03
1.85610e+14	9.5200e+03	2.731e-19	2.1544e+02	2.3650e+02	5.1072e-13	1.7722e-02	9.8228e-01	1.2569e-02	6.4612e-01	3.4131e-01	4.6208e-15	1.5335e-03	2.5528e-01	7.2300e-01	1.9956e-02	8.5231e-03	4.0271e-01	5.5886e-01	2.9597e-02	3.1798e-04	3.4794e-07	8.0471e-23	0.00e+00	0.00e+00	7.4622e-03
8.04312e+14	9.5039e+03	2.716e-19	2.1544e+02	2.3638e+02	5.0946e-13	1.7629e-02	9.8237e-01	1.2563e-02	6.4673e-01	3.4071e-01	4.5246e-15	1.5257e-03	2.5497e-01	7.2329e-01	1.9991e-02	8.4132e-03	3.9961e-01	5.6203e-01	2.9634e-02	3.1736e-04	3.4931e-07	7.8452e-23	0.00e+00	0.00e+00	3.1199e-02
3.27912e+15	9.4499e+03	2.681e-19	2.1544e+02	2.3633e+02	5.1675e-13	1.7510e-02	9.8249e-01	1.2621e-02	6.5099e-01	3.3639e-01	4.3373e-15	1.5172e-03	2.5448e-01	7.2395e-01	1.9834e-02	8.1901e-03	3.9152e-01	5.7077e-01	2.9217e-02	3.0840e-04	3.4350e-07	7.5064e-23	0.00e+00	0.00e+00	1.2551e-01
7.83276e+15	9.2505e+03	2.567e-19	2.1544e+02	2.3648e+02	5.0544e-13	1.6546e-02	9.8345e-01	1.2574e-02	6.5299e-01	3.3443e-01	3.5755e-15	1.4582e-03	2.5262e-01	7.2520e-01	2.0477e-02	7.2393e-03	3.6634e-01	5.9572e-01	3.0388e-02	3.1202e-04	3.6943e-07	5.8519e-23	0.00e+00	0.00e+00	2.4136e-01
1.37525e+16	9.0928e+03	2.479e-19	2.1544e+02	2.3650e+02	5.0657e-13	1.5980e-02	9.8402e-01	1.2652e-02	6.5962e-01	3.2772e-01	3.1273e-15	1.4247e-03	2.5164e-01	7.2617e-01	2.0533e-02	6.6798e-03	3.4989e-01	6.1305e-01	3.0085e-02	2.9913e-04	3.7013e-07	4.9649e-23	0.00e+00	0.00e+00	3.8682e-01
2.14482e+16	8.9646e+03	2.406e-19	2.1544e+02	2.3633e+02	5.2287e-13	1.5745e-02	9.8426e-01	1.2872e-02	6.7150e-01	3.1562e-01	2.8831e-15	1.4132e-03	2.5158e-01	7.2678e-01	2.0002e-02	6.4086e-03	3.4041e-01	6.2456e-01	2.8352e-02	2.7131e-04	3.4589e-07	4.5448e-23	0.00e+00	0.00e+00	5.7312e-01
3.14525e+16	8.8648e+03	2.349e-19	2.1544e+02	2.3597e+02	5.6211e-13	1.5916e-02	9.8408e-01	1.3321e-02	6.9015e-01	2.9653e-01	2.8600e-15	1.4335e-03	2.5324e-01	7.2636e-01	1.8767e-02	6.4791e-03	3.3985e-01	6.2839e-01	2.5056e-02	2.2900e-04	2.9538e-07	4.6029e-23	0.00e+00	0.00e+00	8.1795e-01
4.40015e+16	8.8033e+03	2.307e-19	2.1544e+02	2.3536e+02	6.3324e-13	1.6598e-02	9.8340e-01	1.4047e-02	7.1578e-01	2.7017e-01	3.1093e-15	1.4938e-03	2.5710e-01	7.2437e-01	1.6867e-02	6.9803e-03	3.5009e-01	6.2223e-01	2.0522e-02	1.7812e-04	2.2697e-07	5.2739e-23	0.00e+00	0.00e+00	1.1293e+00
5.75071e+16	8.7885e+03	2.287e-19	2.1544e+02	2.3455e+02	7.3637e-13	1.7774e-02	9.8223e-01	1.4952e-02	7.4392e-01	2.4113e-01	3.6675e-15	1.5891e-03	2.6265e-01	7.2089e-01	1.4735e-02	7.9332e-03	3.7021e-01	6.0578e-01	1.5941e-02	1.3213e-04	1.6205e-07	6.7212e-23	0.00e+00	0.00e+00	1.4489e+00
7.16751e+16	8.8207e+03	2.294e-19	2.1544e+02	2.3344e+02	9.1354e-13	1.9828e-02	9.8017e-01	1.6225e-02	7.7415e-01	2.0962e-01	4.9377e-15	1.7530e-03	2.7191e-01	7.1391e-01	1.2326e-02	9.7352e-03	4.0514e-01	5.7359e-01	1.1440e-02	9.1364e-05	1.1755e-36	1.0093e-22	0.00e+00	0.00e+00	1.8565e+00
8.46514e+16	8.8967e+03	2.323e-19	2.1544e+02	2.3245e+02	1.1301e-12	2.2312e-02	9.7769e-01	1.7432e-02	7.9941e-01	1.8315e-01	6.7859e-15	1.9287e-03	2.8089e-01	7.0675e-01	1.0342e-02	1.2040e-02	4.4294e-01	5.3676e-01	8.1926e-03	6.4393e-05	1.1755e-36	1.5604e-22	0.00e+00	0.00e+00	2.1855e+00
9.40221e+16	8.9742e+03	2.357e-19	2.1544e+02	2.3157e+02	1.3525e-12	2.4706e-02	9.7529e-01	1.8435e-02	8.1632e-01	1.6524e-01	8.9579e-15	2.0889e-03	2.8877e-01	7.0010e-01	8.9702e-03	1.4378e-02	4.7553e-01	5.0380e-01	6.2376e-03	4.9089e-05	1.1755e-36	2.2705e-22	0.00e+00	0.00e+00	2.4511e+00
1.01686e+17	9.0425e+03	2.392e-19	2.1544e+02	2.3082e+02	1.5973e-12	2.7116e-02	9.7288e-01	1.9371e-02	8.2933e-01	1.5130e-01	1.1559e-14	2.2443e-03	2.9632e-01	6.9348e-01	7.8971e-03	1.6816e-02	5.0459e-01	4.7367e-01	4.8881e-03	3.8855e-05	1.1755e-36	3.1928e-22	0.00e+00	0.00e+00	2.7249e+00
1.10224e+17	9.1181e+03	2.435e-19	2.1544e+02	2.3002e+02	1.9637e-12	3.0362e-02	9.6964e-01	2.0624e-02	8.4291e-01	1.3647e-01	1.5853e-14	2.4520e-03	3.0663e-01	6.8411e-01	6.7628e-03	2.0269e-02	5.4016e-01	4.3591e-01	3.6293e-03	2.9508e-05	1.1755e-36	4.8383e-22	0.00e+00	0.00e+00	3.1236e+00
1.19751e+17	9.2138e+03	2.488e-19	2.1544e+02	2.2859e+02	2.5006e-12	3.4726e-02	9.6527e-01	2.2155e-02	8.5598e-01	1.2187e-01	2.2907e-14	2.7058e-03	3.1902e-01	6.7258e-01	5.6440e-03	2.5140e-02	5.8169e-01	3.9059e-01	2.5497e-03	2.1701e-05	1.1755e-36	7.8396e-22	0.00e+00	0.00e+00	3.5676e+00
1.28363e+17	9.3121e+03	2.548e-19	2.1544e+02	2.2721e+02	3.1699e-12	3.9633e-02	9.6037e-01	2.3670e-02	8.6624e-01	1.1009e-01	3.2657e-14	2.9622e-03	3.3113e-01	6.6113e-01	4.7354e-03	3.0750e-02	6.1887e-01	3.4856e-01	1.8114e-03	1.6382e-05	1.1755e-36	1.2520e-21	0.00e+00	0.00e+00	3.9895e+00
1.35782e+17	9.3987e+03	2.608e-19	2.1544e+02	2.2622e+02	3.9615e-12	4.4791e-02	9.5521e-01	2.5109e-02	8.7409e-01	1.0080e-01	4.5219e-14	3.2122e-03	3.4275e-01	6.4998e-01	4.0231e-03	3.6741e-02	6.4956e-01	3.1236e-01	1.3232e-03	1.2798e-05	1.1755e-36	1.9274e-21	0.00e+00	0.00e+00	4.4168e+00
1.43848e+17	9.4798e+03	2.664e-19	2.1544e+02	2.2448e+02	5.1429e-12	5.1470e-02	9.4853e-01	2.7055e-02	8.8158e-01	9.1365e-02	6.5527e-14	3.5206e-03	3.5786e-01	6.3527e-01	3.3237e-03	4.4796e-02	6.8283e-01	2.7145e-01	9.1310e-04	9.6790e-06	1.1755e-36	3.1224e-21	0.00e+00	0.00e+00	5.0552e+00
1.52566e+17	9.5711e+03	2.734e-19	2.1544e+02	2.2243e+02	6.9603e-12	6.0407e-02	9.3959e-01	2.9388e-02	8.8814e-01	8.2475e-02	9.9557e-14	3.8803e-03	3.7539e-01	6.1804e-01	2.6698e-03	5.5669e-02	7.1457e-01	2.2916e-01	5.9838e-04	7.1384e-06	1.1755e-36	5.4083e-21	0.00e+00	0.00e+00	5.7387e+00
1.60151e+17	9.6464e+03	2.801e-19	2.1544e+02	2.2059e+02	9.3128e-12	7.0223e-02	9.2978e-01	3.1786e-02	8.9269e-01	7.5528e-02	1.4710e-13	4.2347e-03	3.9276e-01	6.0082e-01	2.1680e-03	6.7680e-02	7.3801e-01	1.9390e-01	4.0278e-04	5.4103e-06	1.1755e-36	9.0528e-21	0.00e+00	0.00e+00	6.3933e+00
1.66754e+17	9.7155e+03	2.836e-19	2.1544e+02	2.1752e+02	1.2054e-11	8.0238e-02	9.1976e-01	3.4273e-02	8.9556e-01	7.0168e-02	2.0664e-13	4.5448e-03	4.0949e-01	5.8416e-01	1.7924e-03	8.0148e-02	7.5526e-01	1.6431e-01	2.7918e-04	4.2132e-06	1.1755e-36	1.4096e-20	0.00e+00	0.00e+00	7.0868e+00
1.74060e+17	9.7496e+03	2.881e-19	2.1544e+02	2.1446e+02	1.6634e-11	9.3715e-02	9.0629e-01	3.7580e-02	8.9809e-01	6.4329e-02	3.0819e-13	4.9367e-03	4.3079e-01	5.6284e-01	1.4256e-03	9.6819e-02	7.6818e-01	1.3481e-01	1.8186e-04	3.1487e-06	1.1755e-36	2.3740e-20	0.00e+00	0.00e+00	8.1397e+00
1.81500e+17	9.7934e+03	2.923e-19	2.1544e+02	2.1074e+02	2.3617e-11	1.1105e-01	8.8895e-01	4.1511e-02	8.9915e-01	5.9340e-02	4.7442e-13	5.3543e-03	4.5467e-01	5.3886e-01	1.1086e-03	1.1817e-01	7.7454e-01	1.0717e-01	1.1384e-04	2.2831e-06	1.1755e-36	4.1890e-20	0.00e+00	0.00e+00	9.1399e+00
1.87133e+17	9.8258e+03	2.941e-19	2.1544e+02	2.0692e+02	3.1319e-11	1.2706e-01	8.7294e-01	4.5057e-02	8.9894e-01	5.5998e-02	6.6606e-13	5.6694e-03	4.7453e-01	5.1889e-01	9.0361e-04	1.3775e-01	7.7387e-01	8.8301e-02	7.8062e-05	1.7571e-06	1.1755e-36	6.5555e-20	0.00e+00	0.00e+00	9.9427e+00
1.91455e+17	9.8394e+03	2.948e-19	2.1544e+02	2.0379e+02	3.9305e-11	1.4116e-01	8.5884e-01	4.8230e-02	8.9823e-01	5.3540e-02	8.7049e-13	5.9214e-03	4.9133e-01	5.0198e-01	7.6537e-04	1.5490e-01	7.6974e-01	7.5308e-02	5.7750e-05	1.4207e-06	1.1755e-36	9.3289e-20	0.00e+00	0.00e+00	1.0710e+01
1.96053e+17	9.8449e+03	2.941e-19	2.1544e+02	2.0008e+02	5.0220e-11	1.5771e-01	8.4229e-01	5.2070e-02	8.9698e-01	5.0948e-02	1.1565e-12	6.1864e-03	5.1037e-01	4.8280e-01	6.3705e-04	1.7487e-01	7.6196e-01	6.3124e-02	4.1632e-05	1.1256e-06	1.1755e-36	1.3553e-19	0.00e+00	0.00e+00	1.1826e+01
2.01092e+17	9.8470e+03	2.929e-19	2.1544e+02	1.9559e+02	6.6662e-11	1.7897e-01	8.2103e-01	5.6823e-02	8.9469e-01	4.8484e-02	1.5988e-12	6.4676e-03	5.3242e-01	4.6060e-01	5.1559e-04	2.0024e-01	7.4857e-01	5.1162e-02	2.8623e-05	8.5528e-07	1.1755e-36	2.0831e-19	0.00e+00	0.00e+00	1.3014e+01
2.05465e+17	9.8442e+03	2.907e-19	2.1544e+02	1.9120e+02	8.6247e-11	2.0033e-01	7.9967e-01	6.1599e-02	8.9185e-01	4.6555e-02	2.1379e-12	6.7005e-03	5.5285e-01	4.4002e-01	4.2472e-04	2.2542e-01	7.3256e-01	4.2007e-02	2.0403e-05	6.6241e-07	1.1755e-36	3.0707e-19	0.00e+00	0.00e+00	1.4068e+01
2.09060e+17	9.8406e+03	2.871e-19	2.1544e+02	1.8689e+02	1.0628e-10	2.1916e-01	7.8084e-01	6.5945e-02	8.8894e-01	4.5119e-02	2.6957e-12	6.8601e-03	5.7009e-01	4.2269e-01	3.6116e-04	2.4740e-01	7.1707e-01	3.5517e-02	1.5436e-05	5.3458e-07	1.1755e-36	4.1817e-19	0.00e+00	0.00e+00	1.5058e+01
2.12880e+17	9.8246e+03	2.821e-19	2.1544e+02	1.8226e+02	1.3289e-10	2.4048e-01	7.5952e-01	7.1223e-02	8.8526e-01	4.3519e-02	3.4430e-12	7.0268e-03	5.8947e-01	4.0320e-01	3.0215e-04	2.7202e-01	6.9839e-01	2.9573e-02	1.1465e-05	4.2346e-07	1.1755e-36	5.7875e-19	0.00e+00	0.00e+00	1.6471e+01
2.17062e+17	9.8055e+03	2.753e-19	2.1544e+02	1.7628e+02	1.7044e-10	2.6610e-01	7.3390e-01	7.7421e-02	8.8053e-01	4.2053e-02	4.4908e-12	7.1531e-03	6.1044e-01	3.8216e-01	2.4789e-04	3.0124e-01	6.7481e-01	2.3947e-02	8.2511e-06	3.2474e-07	1.1755e-36	8.2626e-19	0.00e+00	0.00e+00	1.7935e+01
2.20776e+17	9.7822e+03	2.684e-19	2.1544e+02	1.7108e+02	2.1357e-10	2.9109e-01	7.0891e-01	8.3782e-02	8.7536e-01	4.0860e-02	5.7176e-12	7.2599e-03	6.3016e-01	3.6238e-01	2.0633e-04	3.2934e-01	6.5100e-01	1.9647e-02	6.1323e-06	2.5325e-07	1.1755e-36	1.1441e-18	0.00e+00	0.00e+00	1.9275e+01
2.23994e+17	9.7573e+03	2.608e-19	2.1544e+02	1.6607e+02	2.5815e-10	3.1309e-01	6.8691e-01	8.9785e-02	8.7030e-01	3.9911e-02	6.9697e-12	7.3155e-03	6.4725e-01	3.4526e-01	1.7595e-04	3.5381e-01	6.2966e-01	1.6519e-02	4.7742e-06	2.0431e-07	1.1755e-36	1.4919e-18	0.00e+00	0.00e+00	2.0575e+01
2.27506e+17	9.7200e+03	2.516e-19	2.1544e+02	1.6070e+02	3.1679e-10	3.3772e-01	6.6228e-01	9.7159e-02	8.6405e-01	3.8789e-02	8.6129e-12	7.3678e-03	6.6643e-01	3.2605e-01	1.4717e-04	3.8088e-01	6.0549e-01	1.3632e-02	3.6491e-06	1.6128e-07	1.1755e-36	1.9796e-18	0.00e+00	0.00e+00	2.2399e+01
2.31398e+17	9.6824e+03	2.402e-19	2.1544e+02	1.5387e+02	3.9617e-10	3.6627e-01	6.3373e-01	1.0563e-01	8.5655e-01	3.7813e-02	1.0790e-11	7.3488e-03	6.8661e-01	3.0592e-01	1.2093e-04	4.1182e-01	5.7724e-01	1.0937e-02	2.7214e-06	1.1755e-36	1.1755e-36	2.6814e-18	0.00e+00	0.00e+00	2.4299e+01
2.34983e+17	9.6339e+03	2.292e-19	2.1544e+02	1.4783e+02	4.8902e-10	3.9390e-01	6.0610e-01	1.1459e-01	8.4849e-01	3.6928e-02	1.3317e-11	7.3286e-03	7.0576e-01	2.8681e-01	1.0034e-04	4.4133e-01	5.4981e-01	8.8603e-03	2.0832e-06	1.1755e-36	1.1755e-36	3.5661e-18	0.00e+00	0.00e+00	2.6097e+01
2.38247e+17	9.5832e+03	2.186e-19	2.1544e+02	1.4246e+02	5.8890e-10	4.1908e-01	5.8092e-01	1.2369e-01	8.4019e-01	3.6129e-02	1.6013e-11	7.2956e-03	7.2328e-01	2.6934e-01	8.4444e-05	4.6788e-01	5.2482e-01	7.2967e-03	1.6473e-06	1.1755e-36	1.1755e-36	4.5720e-18	0.00e+00	0.00e+00	2.7906e+01
2.41518e+17	9.5300e+03	2.073e-19	2.1544e+02	1.3689e+02	7.0533e-10	4.4396e-01	5.5604e-01	1.3346e-01	8.3119e-01	3.5353e-02	1.9085e-11	7.2314e-03	7.4034e-01	2.5235e-01	7.1018e-05	4.9381e-01	5.0019e-01	5.9983e-03	1.3148e-06	1.1755e-36	1.1755e-36	5.7884e-18	0.00e+00	0.00e+00	2.9940e+01
2.44856e+17	9.4718e+03	1.955e-19	2.1544e+02	1.3114e+02	8.4689e-10	4.6980e-01	5.3020e-01	1.4416e-01	8.2120e-01	3.4639e-02	2.2749e-11	7.1381e-03	7.5721e-01	2.3559e-01	5.9449e-05	5.2039e-01	4.7472e-01	4.8877e-03	1.0512e-06	1.1755e-36	1.1755e-36	7.3384e-18	0.00e+00	0.00e+00	3.2055e+01
2.48018e+17	9.4134e+03	1.842e-19	2.1544e+02	1.2563e+02	1.0032e-09	4.9405e-01	5.0595e-01	1.5502e-01	8.1095e-01	3.4028e-02	2.6694e-11	7.0251e-03	7.7267e-01	2.2026e-01	5.0240e-05	5.4503e-01	4.5095e-01	4.0161e-03	8.5820e-07	1.1755e-36	1.1755e-36	9.1053e-18	0.00e+00	0.00e+00	3.4081e+01
2.50903e+17	9.3558e+03	1.739e-19	2.1544e+02	1.2069e+02	1.1660e-09	5.1559e-01	4.8441e-01	1.6569e-01	8.0084e-01	3.3476e-02	3.0692e-11	6.9088e-03	7.8637e-01	2.0667e-01	4.3087e-05	5.6668e-01	4.2996e-01	3.3553e-03	7.1989e-07	1.1755e-36	1.1755e-36	1.0980e-17	0.00e+00	0.00e+00	3.6013e+01
2.53626e+17	9.2974e+03	1.642e-19	2.1544e+02	1.1615e+02	1.3403e-09	5.3551e-01	4.6449e-01	1.7649e-01	7.9058e-01	3.2933e-02	3.4881e-11	6.7918e-03	7.9898e-01	1.9419e-01	3.7242e-05	5.8652e-01	4.1065e-01	2.8286e-03	6.1430e-07	1.1755e-36	1.1755e-36	1.3027e-17	0.00e+00	0.00e+00	3.7973e+01
2.55846e+17	9.2604e+03	1.564e-19	2.1544e+02	1.1237e+02	1.4895e-09	5.5119e-01	4.4881e-01	1.8529e-01	7.8211e-01	3.2607e-02	3.8469e-11	6.6760e-03	8.0851e-01	1.8478e-01	3.3231e-05	6.0198e-01	3.9555e-01	2.4624e-03	5.4363e-07	1.1755e-36	1.1755e-36	1.4855e-17	0.00e+00	0.00e+00	3.9286e+01
2.57437e+17	9.2156e+03	1.511e-19	2.1544e+02	1.1003e+02	1.6111e-09	5.6169e-01	4.3831e-01	1.9257e-01	7.7519e-01	3.2241e-02	4.1212e-11	6.6152e-03	8.1567e-01	1.7768e-01	3.0556e-05	6.1230e-01	3.8547e-01	2.2353e-03	5.0093e-07	1.1755e-36	1.1755e-36	1.6243e-17	0.00e+00	0.00e+00	4.0379e+01
2.59011e+17	9.1612e+03	1.459e-19	2.1544e+02	1.0781e+02	1.7507e-09	5.7240e-01	4.2760e-01	2.0035e-01	7.6787e-01	3.1779e-02	4.4262e-11	6.5609e-03	8.2286e-01	1.7055e-01	2.8017e-05	6.2277e-01	3.7520e-01	2.0268e-03	4.6179e-07	1.1755e-36	1.1755e-36	1.7827e-17	0.00e+00	0.00e+00	4.1716e+01
2.60874e+17	9.1252e+03	1.394e-19	2.1544e+02	1.0473e+02	1.9055e-09	5.8465e-01	4.1535e-01	2.0882e-01	7.5977e-01	3.1414e-02	4.7751e-11	6.4531e-03	8.3048e-01	1.6304e-01	2.5383e-05	6.3466e-01	3.6354e-01	1.8020e-03	4.2059e-07	1.1755e-36	1.1755e-36	1.9684e-17	0.00e+00	0.00e+00	4.3314e+01
2.62905e+17	9.0689e+03	1.329e-19	2.1544e+02	1.0145e+02	2.1157e-09	5.9914e-01	4.0086e-01	2.1857e-01	7.5040e-01	3.1025e-02	5.2271e-11	6.3367e-03	8.3862e-01	1.5502e-01	2.2764e-05	6.4863e-01	3.4979e-01	1.5777e-03	3.7896e-07	1.1755e-36	1.1755e-36	2.2219e-17	0.00e+00	0.00e+00	4.4987e+01
2.64812e+17	9.0283e+03	1.268e-19	2.1544e+02	9.8405e+01	2.3158e-09	6.1231e-01	3.8769e-01	2.2779e-01	7.4148e-01	3.0727e-02	5.6694e-11	6.2183e-03	8.4582e-01	1.4794e-01	2.0605e-05	6.6124e-01	3.3737e-01	1.3926e-03	3.4501e-07	1.1755e-36	1.1755e-36	2.4784e-17	0.00e+00	0.00e+00	4.6454e+01
2.66513e+17	8.9753e+03	1.216e-19	2.1544e+02	9.5903e+01	2.5239e-09	6.2384e-01	3.7616e-01	2.3691e-01	7.3272e-01	3.0369e-02	6.1017e-11	6.1253e-03	8.5236e-01	1.4150e-01	1.8823e-05	6.7222e-01	3.2653e-01	1.2462e-03	3.1822e-07	1.1755e-36	1.1755e-36	2.7315e-17	0.00e+00	0.00e+00	4.7847e+01
2.68195e+17	8.9384e+03	1.164e-19	2.1544e+02	9.3314e+01	2.7197e-09	6.3429e-01	3.6571e-01	2.4568e-01	7.2426e-01	3.0062e-02	6.5133e-11	6.0189e-03	8.5839e-01	1.3557e-01	1.7253e-05	6.8213e-01	3.1676e-01	1.1187e-03	2.9532e-07	1.1755e-36	1.1755e-36	2.9742e-17	0.00e+00	0.00e+00	4.9333e+01
2.70039e+17	8.8824e+03	1.110e-19	2.1544e+02	9.0537e+01	2.9796e-09	6.4631e-01	3.5369e-01	2.5588e-01	7.1444e-01	2.9683e-02	7.0283e-11	5.9042e-03	8.6494e-01	1.2914e-01	1.5657e-05	6.9347e-01	3.0554e-01	9.9058e-04	2.7180e-07	1.1755e-36	1.1755e-36	3.2877e-17	0.00e+00	0.00e+00	5.1061e+01
2.71988e+17	8.8219e+03	1.055e-19	2.1544e+02	8.7648e+01	3.2900e-09	6.5960e-01	3.4040e-01	2.6696e-01	7.0373e-01	2.9310e-02	7.6441e-11	5.7791e-03	8.7158e-01	1.2263e-01	1.4143e-05	7.0591e-01	2.9322e-01	8.6778e-04	2.4865e-07	1.1755e-36	1.1755e-36	3.6814e-17	0.00e+00	0.00e+00	5.2795e+01
2.73803e+17	8.7805e+03	1.005e-19	2.1544e+02	8.4877e+01	3.5665e-09	6.7073e-01	3.2927e-01	2.7690e-01	6.9403e-01	2.9070e-02	8.1884e-11	5.6486e-03	8.7722e-01	1.1712e-01	1.2930e-05	7.1628e-01	2.8295e-01	7.7019e-04	2.3049e-07	1.1755e-36	1.1755e-36	4.0307e-17	0.00e+00	0.00e+00	5.4343e+01
2.75521e+17	8.7211e+03	9.594e-20	2.1544e+02	8.2519e+01	3.8817e-09	6.8125e-01	3.1875e-01	2.8750e-01	6.8382e-01	2.8681e-02	8.7713e-11	5.5431e-03	8.8273e-01	1.1171e-01	1.1850e-05	7.2604e-01	2.7327e-01	6.8746e-04	2.1478e-07	1.1755e-36	1.1755e-36	4.4088e-17	0.00e+00	0.00e+00	5.5955e+01
2.77318e+17	8.6732e+03	9.128e-20	2.1544e+02	7.9969e+01	4.2064e-09	6.9165e-01	3.0835e-01	2.9827e-01	6.7338e-01	2.8355e-02	9.3776e-11	5.4205e-03	8.8807e-01	1.0649e-01	1.0849e-05	7.3564e-01	2.6375e-01	6.1090e-04	2.0017e-07	1.1755e-36	1.1755e-36	4.8081e-17	0.00e+00	0.00e+00	5.7700e+01
2.79227e+17	8.6108e+03	8.654e-20	2.1544e+02	7.7298e+01	4.6124e-09	7.0302e-01	2.9698e-01	3.1015e-01	6.6185e-01	2.7999e-02	1.0096e-10	5.2894e-03	8.9357e-01	1.0113e-01	9.8854e-06	7.4608e-01	2.5338e-01	5.3764e-04	1.8561e-07	1.1755e-36	1.1755e-36	5.2953e-17	0.00e+00	0.00e+00	5.9579e+01
2.81147e+17	8.5501e+03	8.202e-20	2.1544e+02	7.4707e+01	5.0538e-09	7.1441e-01	2.8559e-01	3.2234e-01	6.5002e-01	2.7643e-02	1.0880e-10	5.1580e-03	8.9883e-01	9.5999e-02	9.0236e-06	7.5648e-01	2.4305e-01	4.7234e-04	1.7216e-07	1.1755e-36	1.1755e-36	5.8462e-17	0.00e+00	0.00e+00	6.1400e+01
2.82956e+17	8.4998e+03	7.791e-20	2.1544e+02	7.2301e+01	5.4691e-09	7.2412e-01	2.7588e-01	3.3374e-01	6.3893e-01	2.7332e-02	1.1600e-10	5.0323e-03	9.0347e-01	9.1493e-02	8.3122e-06	7.6530e-01	2.3428e-01	4.1969e-04	1.6130e-07	1.1755e-36	1.1755e-36	6.3496e-17	0.00e+00	0.00e+00	6.3118e+01
2.84758e+17	8.4288e+03	7.403e-20	2.1544e+02	7.0081e+01	5.9773e-09	7.3385e-01	2.6615e-01	3.4625e-01	6.2685e-01	2.6897e-02	1.2415e-10	4.9188e-03	9.0813e-01	8.6941e-02	7.6530e-06	7.7412e-01	2.2551e-01	3.7269e-04	1.5117e-07	1.1755e-36	1.1755e-36	6.9268e-17	0.00e+00	0.00e+00	6.4975e+01
2.86655e+17	8.3669e+03	7.007e-20	2.1544e+02	6.7677e+01	6.5160e-09	7.4367e-01	2.5633e-01	3.5894e-01	6.1453e-01	2.6533e-02	1.3276e-10	4.7885e-03	9.1263e-01	8.2570e-02	7.0446e-06	7.8296e-01	2.1671e-01	3.2906e-04	1.4151e-07	1.1755e-36	1.1755e-36	7.5474e-17	0.00e+00	0.00e+00	6.6931e+01
2.88596e+17	8.3042e+03	6.623e-20	2.1544e+02	6.5300e+01	7.1125e-09	7.5354e-01	2.4646e-01	3.7210e-01	6.0175e-01	2.6157e-02	1.4221e-10	4.6569e-03	9.1700e-01	7.8334e-02	6.4903e-06	7.9182e-01	2.0789e-01	2.8968e-04	1.3238e-07	1.1755e-36	1.1755e-36	8.2461e-17	0.00e+00	0.00e+00	6.8929e+01
2.90525e+17	8.2366e+03	6.262e-20	2.1544e+02	6.3012e+01	7.7710e-09	7.6297e-01	2.3703e-01	3.8538e-01	5.8885e-01	2.5768e-02	1.5209e-10	4.5286e-03	9.2112e-01	7.4346e-02	6.0024e-06	8.0025e-01	1.9950e-01	2.5562e-04	1.2416e-07	1.1755e-36	1.1755e-36	8.9855e-17	0.00e+00	0.00e+00	7.0909e+01
2.92429e+17	8.1618e+03	5.925e-20	2.1544e+02	6.0830e+01	8.5078e-09	7.7183e-01	2.2817e-01	3.9878e-01	5.7587e-01	2.5349e-02	1.6233e-10	4.4059e-03	9.2499e-01	7.0596e-02	5.5737e-06	8.0813e-01	1.9164e-01	2.2642e-04	1.1755e-36	1.1755e-36	1.1755e-36	9.7584e-17	0.00e+00	0.00e+00	7.2905e+01
2.94361e+17	8.0895e+03	5.600e-20	2.1544e+02	5.8714e+01	9.2942e-09	7.8046e-01	2.1954e-01	4.1263e-01	5.6246e-01	2.4912e-02	1.7319e-10	4.2833e-03	9.2873e-01	6.6981e-02	5.1848e-06	8.1579e-01	1.8401e-01	2.0033e-04	1.1755e-36	1.1755e-36	1.1755e-36	1.0585e-16	0.00e+00	0.00e+00	7.4989e+01
2.96355e+17	8.0147e+03	5.282e-20	2.1544e+02	5.6576e+01	1.0182e-08	7.8910e-01	2.1090e-01	4.2688e-01	5.4865e-01	2.4471e-02	1.8503e-10	4.1577e-03	9.3234e-01	6.3493e-02	4.8298e-06	8.2342e-01	1.7641e-01	1.7672e-04	1.1755e-36	1.1755e-36	1.1755e-36	1.1506e-16	0.00e+00	0.00e+00	7.7163e+01
2.98383e+17	7.9367e+03	4.979e-20	2.1544e+02	5.4475e+01	1.1176e-08	7.9757e-01	2.0243e-01	4.4137e-01	5.3461e-01	2.4021e-02	1.9773e-10	4.0322e-03	9.3578e-01	6.0179e-02	4.5119e-06	8.3087e-01	1.6897e-01	1.5582e-04	1.1755e-36	1.1755e-36	1.1755e-36	1.2514e-16	0.00e+00	0.00e+00	7.9366e+01
3.00406e+17	7.8558e+03	4.695e-20	2.1544e+02	5.2476e+01	1.2272e-08	8.0558e-01	1.9442e-01	4.5596e-01	5.2049e-01	2.3549e-02	2.1102e-10	3.9116e-03	9.3901e-01	5.7072e-02	4.2323e-06	8.3789e-01	1.6197e-01	1.3779e-04	1.1755e-36	1.1755e-36	1.1755e-36	1.3584e-16	0.00e+00	0.00e+00	8.1574e+01
3.02439e+17	7.7696e+03	4.428e-20	2.1544e+02	5.0556e+01	1.3507e-08	8.1321e-01	1.8679e-01	4.7077e-01	5.0619e-01	2.3047e-02	2.2508e-10	3.7949e-03	9.4207e-01	5.4129e-02	3.9838e-06	8.4456e-01	1.5532e-01	1.2210e-04	1.1755e-36	1.1755e-36	1.1755e-36	1.4731e-16	0.00e+00	0.00e+00	8.3843e+01
3.04528e+17	7.6804e+03	4.169e-20	2.1544e+02	4.8631e+01	1.4902e-08	8.2061e-01	1.7939e-01	4.8575e-01	4.9170e-01	2.2543e-02	2.4000e-10	3.6764e-03	9.4499e-01	5.1331e-02	3.7599e-06	8.5101e-01	1.4888e-01	1.0813e-04	1.1755e-36	1.1755e-36	1.1755e-36	1.5968e-16	0.00e+00	0.00e+00	8.6216e+01
3.06665e+17	7.5953e+03	3.922e-20	2.1544e+02	4.6758e+01	1.6405e-08	8.2783e-01	1.7217e-01	5.0083e-01	4.7713e-01	2.2040e-02	2.5589e-10	3.5582e-03	9.4774e-01	4.8696e-02	3.5593e-06	8.5728e-01	1.4263e-01	9.5735e-05	1.1755e-36	1.1755e-36	1.1755e-36	1.7318e-16	0.00e+00	0.00e+00	8.8636e+01
3.08813e+17	7.4959e+03	3.694e-20	2.1544e+02	4.5024e+01	1.8231e-08	8.3496e-01	1.6504e-01	5.1637e-01	4.6218e-01	2.1454e-02	2.7396e-10	3.4498e-03	9.5037e-01	4.6179e-02	3.3808e-06	8.6345e-01	1.3646e-01	8.4902e-05	1.1755e-36	1.1755e-36	1.1755e-36	1.8936e-16	0.00e+00	0.00e+00	9.1073e+01
3.10957e+17	7.3986e+03	3.480e-20	2.1544e+02	4.3285e+01	2.0189e-08	8.4122e-01	1.5878e-01	5.3115e-01	4.4791e-01	2.0939e-02	2.9108e-10	3.3381e-03	9.5274e-01	4.3921e-02	3.2282e-06	8.6887e-01	1.3106e-01	7.5803e-05	1.1755e-36	1.1755e-36	1.1755e-36	2.0451e-16	0.00e+00	0.00e+00	9.3525e+01
3.13094e+17	7.2913e+03	3.285e-20	2.1544e+02	4.1726e+01	2.2527e-08	8.4745e-01	1.5255e-01	5.4628e-01	4.3339e-01	2.0331e-02	3.1095e-10	3.2394e-03	9.5498e-01	4.1774e-02	3.0923e-06	8.7423e-01	1.2570e-01	6.7832e-05	1.1755e-36	1.1755e-36	1.1755e-36	2.2343e-16	0.00e+00	0.00e+00	9.5984e+01
3.15188e+17	7.1885e+03	3.107e-20	2.1544e+02	4.0252e+01	2.5023e-08	8.5301e-01	1.4699e-01	5.6056e-01	4.1967e-01	1.9767e-02	3.3059e-10	3.1442e-03	9.5699e-01	3.9867e-02	2.9770e-06	8.7901e-01	1.2093e-01	6.1154e-05	1.1755e-36	1.1755e-36	1.1755e-36	2.4262e-16	0.00e+00	0.00e+00	9.8368e+01
3.17245e+17	7.0840e+03	2.944e-20	2.1544e+02	3.8902e+01	2.7807e-08	8.5807e-01	1.4193e-01	5.7457e-01	4.0625e-01	1.9181e-02	3.5117e-10	3.0571e-03	9.5883e-01	3.8111e-02	2.8767e-06	8.8336e-01	1.1658e-01	5.5469e-05	1.1755e-36	1.1755e-36	1.1755e-36	2.6356e-16	0.00e+00	0.00e+00	1.0077e+02
3.19304e+17	6.9787e+03	2.793e-20	2.1544e+02	3.7604e+01	3.0944e-08	8.6290e-01	1.3710e-01	5.8812e-01	3.9327e-01	1.8610e-02	3.7297e-10	2.9724e-03	9.6052e-01	3.6502e-02	2.7885e-06	8.8750e-01	1.1245e-01	5.0485e-05	1.1755e-36	1.1755e-36	1.1755e-36	2.8700e-16	0.00e+00	0.00e+00	1.0319e+02
3.21348e+17	6.8734e+03	2.654e-20	2.1544e+02	3.6385e+01	3.4453e-08	8.6743e-01	1.3257e-01	6.0119e-01	3.8076e-01	1.8047e-02	3.9613e-10	2.8924e-03	9.6207e-01	3.5035e-02	2.7113e-06	8.9137e-01	1.0858e-01	4.6155e-05	1.1755e-36	1.1755e-36	1.1755e-36	3.1340e-16	0.00e+00	0.00e+00	1.0558e+02
3.23359e+17	6.7626e+03	2.527e-20	2.1544e+02	3.5231e+01	3.8524e-08	8.7159e-01	1.2841e-01	6.1368e-01	3.6882e-01	1.7494e-02	4.2055e-10	2.8166e-03	9.6347e-01	3.3707e-02	2.6447e-06	8.9493e-01	1.0502e-01	4.2449e-05	1.1755e-36	1.1755e-36	1.1755e-36	3.4319e-16	0.00e+00	0.00e+00	1.0794e+02
3.25298e+17	6.6657e+03	2.413e-20	2.1544e+02	3.4214e+01	4.2610e-08	8.7530e-01	1.2470e-01	6.2531e-01	3.5772e-01	1.6971e-02	4.4522e-10	2.7489e-03	9.6471e-01	3.2534e-02	2.5878e-06	8.9810e-01	1.0186e-01	3.9308e-05	1.1755e-36	1.1755e-36	1.1755e-36	3.7468e-16	0.00e+00	0.00e+00	1.1019e+02
3.27224e+17	6.5553e+03	2.308e-20	2.1544e+02	3.3239e+01	4.7669e-08	8.7874e-01	1.2126e-01	6.3681e-01	3.4677e-01	1.6423e-02	4.7260e-10	2.6849e-03	9.6588e-01	3.1429e-02	2.5373e-06	9.0104e-01	9.8926e-02	3.6570e-05	1.1755e-36	1.1755e-36	1.1755e-36	4.1248e-16	0.00e+00	0.00e+00	1.1254e+02
3.29134e+17	6.4620e+03	2.211e-20	2.1544e+02	3.2344e+01	5.2689e-08	8.8210e-01	1.1790e-01	6.4743e-01	3.3664e-01	1.5929e-02	5.0115e-10	2.6246e-03	9.6692e-01	3.0449e-02	2.4924e-06	9.0390e-01	9.6067e-02	3.4098e-05	1.1755e-36	1.1755e-36	1.1755e-36	4.5420e-16	0.00e+00	0.00e+00	1.1476e+02
3.31033e+17	6.3510e+03	2.120e-20	2.1544e+02	3.1462e+01	5.9145e-08	8.8512e-01	1.1488e-01	6.5791e-01	3.2668e-01	1.5417e-02	5.3320e-10	2.5662e-03	9.6790e-01	2.9529e-02	2.4533e-06	9.0647e-01	9.3495e-02	3.1974e-05	1.1755e-36	1.1755e-36	1.1755e-36	5.0531e-16	0.00e+00	0.00e+00	1.1711e+02
3.32897e+17	6.2551e+03	2.037e-20	2.1544e+02	3.0654e+01	6.5661e-08	8.8805e-01	1.1195e-01	6.6738e-01	3.1766e-01	1.4964e-02	5.6654e-10	2.5116e-03	9.6875e-01	2.8732e-02	2.4190e-06	9.0897e-01	9.1004e-02	3.0072e-05	1.1755e-36	1.1755e-36	1.1755e-36	5.6209e-16	0.00e+00	0.00e+00	1.1926e+02
3.34685e+17	6.1638e+03	1.964e-20	2.1544e+02	2.9952e+01	7.2548e-08	8.9047e-01	1.0953e-01	6.7648e-01	3.0902e-01	1.4502e-02	6.0080e-10	2.4644e-03	9.6954e-01	2.7993e-02	2.3893e-06	9.1102e-01	8.8948e-02	2.8485e-05	1.1755e-36	1.1755e-36	1.1755e-36	6.2324e-16	0.00e+00	0.00e+00	1.2143e+02
3.36529e+17	6.0577e+03	1.892e-20	2.1544e+02	2.9226e+01	8.1531e-08	8.9303e-01	1.0697e-01	6.8553e-01	3.0044e-01	1.4035e-02	6.4311e-10	2.4161e-03	9.7029e-01	2.7288e-02	2.3619e-06	9.1321e-01	8.6767e-02	2.6981e-05	1.1755e-36	1.1755e-36	1.1755e-36	7.0674e-16	0.00e+00	0.00e+00	1.2373e+02
3.38333e+17	5.9734e+03	1.826e-20	2.1544e+02	2.8559e+01	8.9880e-08	8.9540e-01	1.0460e-01	6.9345e-01	2.9291e-01	1.3646e-02	6.8406e-10	2.3701e-03	9.7094e-01	2.6692e-02	2.3378e-06	9.1521e-01	8.4766e-02	2.5642e-05	1.1755e-36	1.1755e-36	1.1755e-36	7.9179e-16	0.00e+00	0.00e+00	1.2582e+02
3.40115e+17	5.8700e+03	1.766e-20	2.1544e+02	2.7944e+01	1.0107e-07	8.9754e-01	1.0246e-01	7.0174e-01	2.8507e-01	1.3194e-02	7.3534e-10	2.3297e-03	9.7157e-01	2.6098e-02	2.3166e-06	9.1703e-01	8.2941e-02	2.4483e-05	1.1755e-36	1.1755e-36	1.1755e-36	9.0803e-16	0.00e+00	0.00e+00	1.2808e+02
3.41874e+17	5.7902e+03	1.710e-20	2.1544e+02	2.7358e+01	1.1121e-07	8.9958e-01	1.0042e-01	7.0879e-01	2.7837e-01	1.2838e-02	7.8400e-10	2.2891e-03	9.7210e-01	2.5605e-02	2.2975e-06	9.1876e-01	8.1213e-02	2.3419e-05	1.1755e-36	1.1755e-36	1.1755e-36	1.0245e-15	0.00e+00	0.00e+00	1.3012e+02
3.43625e+17	5.6924e+03	1.657e-20	2.1544e+02	2.6798e+01	1.2479e-07	9.0138e-01	9.8624e-02	7.1613e-01	2.7144e-01	1.2434e-02	8.4510e-10	2.2520e-03	9.7263e-01	2.5111e-02	2.2808e-06	9.2030e-01	7.9678e-02	2.2500e-05	1.1755e-36	1.1755e-36	1.1755e-36	1.1838e-15	0.00e+00	0.00e+00	1.3237e+02
3.45382e+17	5.6129e+03	1.608e-20	2.1544e+02	2.6281e+01	1.3779e-07	9.0333e-01	9.6669e-02	7.2268e-01	2.6523e-01	1.2085e-02	9.0779e-10	2.2166e-03	9.7310e-01	2.4682e-02	2.2649e-06	9.2195e-01	7.8027e-02	2.1597e-05	1.1755e-36	1.1755e-36	1.1755e-36	1.3578e-15	0.00e+00	0.00e+00	1.3443e+02
3.47114e+17	5.5185e+03	1.562e-20	2.1544e+02	2.5770e+01	1.5476e-07	9.0496e-01	9.5042e-02	7.2922e-01	2.5906e-01	1.1720e-02	9.8437e-10	2.1826e-03	9.7354e-01	2.4273e-02	2.2517e-06	9.2334e-01	7.6637e-02	2.0842e-05	1.1755e-36	1.1755e-36	1.1755e-36	1.5901e-15	0.00e+00	0.00e+00	1.3663e+02
3.48819e+17	5.4436e+03	1.519e-20	2.1544e+02	2.5325e+01	1.7050e-07	9.0664e-01	9.3360e-02	7.3506e-01	2.5354e-01	1.1399e-02	1.0603e-09	2.1523e-03	9.7393e-01	2.3915e-02	2.2391e-06	9.2476e-01	7.5216e-02	2.0117e-05	1.1755e-36	1.1755e-36	1.1755e-36	1.8348e-15	0.00e+00	0.00e+00	1.3863e+02
3.50513e+17	5.3536e+03	1.480e-20	2.1544e+02	2.4893e+01	1.9134e-07	9.0812e-01	9.1881e-02	7.4108e-01	2.4787e-01	1.1047e-02	1.1568e-09	2.1242e-03	9.7432e-01	2.3559e-02	2.2284e-06	9.2603e-01	7.3955e-02	1.9492e-05	1.1755e-36	1.1755e-36	1.1755e-36	2.1739e-15	0.00e+00	0.00e+00	1.4081e+02
3.52202e+17	5.2812e+03	1.442e-20	2.1544e+02	2.4469e+01	2.1085e-07	9.0960e-01	9.0401e-02	7.4621e-01	2.4303e-01	1.0764e-02	1.2507e-09	2.0952e-03	9.7464e-01	2.3264e-02	2.2182e-06	9.2728e-01	7.2702e-02	1.8891e-05	1.1755e-36	1.1755e-36	1.1755e-36	2.5282e-15	0.00e+00	0.00e+00	1.4281e+02
3.53885e+17	5.1946e+03	1.406e-20	2.1544e+02	2.4075e+01	2.3671e-07	9.1096e-01	8.9042e-02	7.5165e-01	2.3791e-01	1.0441e-02	1.3728e-09	2.0698e-03	9.7497e-01	2.2960e-02	2.2095e-06	9.2844e-01	7.1542e-02	1.8362e-05	1.1755e-36	1.1755e-36	1.1755e-36	3.0302e-15	0.00e+00	0.00e+00	1.4498e+02
3.55558e+17	5.1252e+03	1.373e-20	2.1544e+02	2.3690e+01	2.6072e-07	9.1230e-01	8.7697e-02	7.5625e-01	2.3356e-01	1.0183e-02	1.4904e-09	2.0435e-03	9.7524e-01	2.2712e-02	2.2012e-06	9.2958e-01	7.0404e-02	1.7853e-05	1.1755e-36	1.1755e-36	1.1755e-36	3.5511e-15	0.00e+00	0.00e+00	1.4696e+02
3.57227e+17	5.0427e+03	1.341e-20	2.1544e+02	2.3334e+01	2.9239e-07	9.1354e-01	8.6464e-02	7.6120e-01	2.2892e-01	9.8831e-03	1.6436e-09	2.0209e-03	9.7553e-01	2.2450e-02	2.1941e-06	9.3063e-01	6.9350e-02	1.7405e-05	1.1755e-36	1.1755e-36	1.1755e-36	4.2908e-15	0.00e+00	0.00e+00	1.4912e+02
3.58898e+17	4.9655e+03	1.310e-20	2.1544e+02	2.2905e+01	3.2603e-07	9.1462e-01	8.5384e-02	7.6503e-01	2.2529e-01	9.6761e-03	1.7871e-09	1.9913e-03	9.7578e-01	2.2222e-02	2.1880e-06	9.3156e-01	6.8425e-02	1.7011e-05	1.1755e-36	1.1755e-36	1.1755e-36	5.0475e-15	0.00e+00	0.00e+00	1.5112e+02
3.60477e+17	4.9014e+03	1.284e-20	2.1544e+02	2.2661e+01	3.5777e-07	9.1580e-01	8.4195e-02	7.6949e-01	2.2111e-01	9.3952e-03	1.9145e-09	1.9769e-03	9.7614e-01	2.1886e-02	2.1800e-06	9.3256e-01	6.7420e-02	1.6613e-05	1.1755e-36	1.1755e-36	1.1755e-36	5.7410e-15	0.00e+00	0.00e+00	1.5305e+02
3.62130e+17	4.8195e+03	1.257e-20	2.1544e+02	2.2347e+01	4.0289e-07	9.1696e-01	8.3041e-02	7.7391e-01	2.1697e-01	9.1189e-03	2.0793e-09	1.9580e-03	9.7650e-01	2.1536e-02	2.1730e-06	9.3355e-01	6.6432e-02	1.6248e-05	1.1755e-36	1.1755e-36	1.1755e-36	6.7266e-15	0.00e+00	0.00e+00	1.5524e+02
3.63788e+17	4.7460e+03	1.230e-20	2.1544e+02	2.1952e+01	4.4903e-07	9.1797e-01	8.2026e-02	7.7710e-01	2.1395e-01	8.9442e-03	2.2375e-09	1.9310e-03	9.7678e-01	2.1292e-02	2.1678e-06	9.3442e-01	6.5563e-02	1.5923e-05	1.1755e-36	1.1755e-36	1.1755e-36	7.7646e-15	0.00e+00	0.00e+00	1.5719e+02
3.65332e+17	4.6860e+03	1.209e-20	2.1544e+02	2.1745e+01	4.9189e-07	9.1900e-01	8.0997e-02	7.8100e-01	2.1030e-01	8.6935e-03	2.3938e-09	1.9195e-03	9.7708e-01	2.0998e-02	2.1615e-06	9.3529e-01	6.4693e-02	1.5607e-05	1.1755e-36	1.1755e-36	1.1755e-36	8.8239e-15	0.00e+00	0.00e+00	1.5910e+02
3.66967e+17	4.6117e+03	1.185e-20	2.1544e+02	2.1458e+01	5.5040e-07	9.1995e-01	8.0045e-02	7.8475e-01	2.0679e-01	8.4586e-03	2.5883e-09	1.9023e-03	9.7740e-01	2.0698e-02	2.1561e-06	9.3611e-01	6.3875e-02	1.5318e-05	1.1755e-36	1.1755e-36	1.1755e-36	1.0266e-14	0.00e+00	0.00e+00	1.6128e+02
3.68662e+17	4.5398e+03	1.161e-20	2.1544e+02	2.1155e+01	6.1564e-07	9.2120e-01	7.8802e-02	7.8814e-01	2.0360e-01	8.2514e-03	2.8049e-09	1.8836e-03	9.7768e-01	2.0437e-02	2.1508e-06	9.3716e-01	6.2824e-02	1.4994e-05	1.1755e-36	1.1755e-36	1.1755e-36	1.2018e-14	0.00e+00	0.00e+00	1.6334e+02
3.70260e+17	4.4800e+03	1.141e-20	2.1544e+02	2.0893e+01	6.7558e-07	9.2202e-01	7.7975e-02	7.9117e-01	2.0076e-01	8.0666e-03	2.9952e-09	1.8672e-03	9.7792e-01	2.0206e-02	2.1465e-06	9.3787e-01	6.2117e-02	1.4745e-05	1.1755e-36	1.1755e-36	1.1755e-36	1.3649e-14	0.00e+00	0.00e+00	1.6529e+02
3.71909e+17	4.4082e+03	1.120e-20	2.1544e+02	2.0631e+01	7.5547e-07	9.2290e-01	7.7098e-02	7.9454e-01	1.9761e-01	7.8525e-03	3.2370e-09	1.8522e-03	9.7821e-01	1.9936e-02	2.1423e-06	9.3862e-01	6.1362e-02	1.4503e-05	1.1755e-36	1.1755e-36	1.1755e-36	1.5883e-14	0.00e+00	0.00e+00	1.6748e+02
3.73610e+17	4.3387e+03	1.099e-20	2.1544e+02	2.0358e+01	8.4356e-07	9.2404e-01	7.5960e-02	7.9761e-01	1.9473e-01	7.6611e-03	3.5024e-09	1.8362e-03	9.7846e-01	1.9698e-02	2.1381e-06	9.3959e-01	6.0400e-02	1.4230e-05	1.1755e-36	1.1755e-36	1.1755e-36	1.8553e-14	0.00e+00	0.00e+00	1.6956e+02
3.75228e+17	4.2813e+03	1.080e-20	2.1544e+02	2.0116e+01	9.2335e-07	9.2480e-01	7.5195e-02	8.0034e-01	1.9217e-01	7.4924e-03	3.7319e-09	1.8216e-03	9.7869e-01	1.9489e-02	2.1346e-06	9.4024e-01	5.9745e-02	1.4017e-05	1.1755e-36	1.1755e-36	1.1755e-36	2.0994e-14	0.00e+00	0.00e+00	1.7155e+02
3.76936e+17	4.2081e+03	1.061e-20	2.1544e+02	1.9874e+01	1.0358e-06	9.2574e-01	7.4264e-02	8.0357e-01	1.8915e-01	7.2832e-03	4.0415e-09	1.8090e-03	9.7896e-01	1.9225e-02	2.1311e-06	9.4104e-01	5.8946e-02	1.3794e-05	1.1755e-36	1.1755e-36	1.1755e-36	2.4552e-14	0.00e+00	0.00e+00	1.7386e+02
3.78695e+17	4.1387e+03	1.041e-20	2.1544e+02	1.9529e+01	1.1530e-06	9.2660e-01	7.3402e-02	8.0574e-01	1.8710e-01	7.1594e-03	4.3396e-09	1.7866e-03	9.7916e-01	1.9052e-02	2.1289e-06	9.4178e-01	5.8206e-02	1.3587e-05	1.1755e-36	1.1755e-36	1.1755e-36	2.8313e-14	0.00e+00	0.00e+00	1.7598e+02
3.80369e+17	4.0851e+03	1.024e-20	2.1544e+02	1.9361e+01	1.2545e-06	9.2755e-01	7.2451e-02	8.0872e-01	1.8432e-01	6.9662e-03	4.6181e-09	1.7787e-03	9.7939e-01	1.8825e-02	2.1249e-06	9.4258e-01	5.7404e-02	1.3361e-05	1.1755e-36	1.1755e-36	1.1755e-36	3.1921e-14	0.00e+00	0.00e+00	1.7808e+02
3.82225e+17	4.0083e+03	1.005e-20	2.1544e+02	1.9097e+01	1.4095e-06	9.2854e-01	7.1459e-02	8.1182e-01	1.8141e-01	6.7686e-03	4.9952e-09	1.7652e-03	9.7967e-01	1.8562e-02	2.1219e-06	9.4343e-01	5.6555e-02	1.3143e-05	1.1755e-36	1.1755e-36	1.1755e-36	3.7263e-14	0.00e+00	0.00e+00	1.8067e+02
3.84183e+17	3.9373e+03	9.828e-21	2.1544e+02	1.8697e+01	1.5634e-06	9.2966e-01	7.0343e-02	8.1375e-01	1.7958e-01	6.6704e-03	5.3464e-09	1.7385e-03	9.7985e-01	1.8408e-02	2.1198e-06	9.4438e-01	5.5609e-02	1.2905e-05	1.1755e-36	1.1755e-36	1.1755e-36	4.2726e-14	0.00e+00	0.00e+00	1.8303e+02
