#depth	Te	Htot	hden	eden	2H_2/H	HI	HII	HeI	HeII	HeIII	CO/C	C1	C2	C3	C4	O1	O2	O3	O4	O5	O6	H2O/O	AV(point)	AV(extend)	Tau912
1.09614e+14	8.6940e+03	4.173e-21	2.7826e+01	2.9610e+01	4.3454e-11	3.8898e-02	9.6110e-01	3.3819e-02	7.8045e-01	1.8573e-01	7.0540e-14	5.7796e-03	4.3605e-01	5.5423e-01	3.9188e-03	3.5194e-02	7.1833e-01	2.4341e-01	3.0440e-03	1.5610e-05	1.1755e-36	1.6899e-21	0.00e+00	0.00e+00	1.4983e-03
6.57682e+14	8.6815e+03	4.159e-21	2.7826e+01	2.9539e+01	4.3482e-11	3.8763e-02	9.6124e-01	3.3757e-02	7.8026e-01	1.8598e-01	6.9754e-14	5.7424e-03	4.3564e-01	5.5466e-01	3.9396e-03	3.5031e-02	7.1754e-01	2.4435e-01	3.0625e-03	1.5725e-05	1.1755e-36	1.6619e-21	0.00e+00	0.00e+00	7.4707e-03
2.84995e+15	8.6670e+03	4.136e-21	2.7826e+01	2.9519e+01	4.3568e-11	3.8627e-02	9.6137e-01	3.3799e-02	7.8046e-01	1.8574e-01	6.9133e-14	5.7193e-03	4.3585e-01	5.5446e-01	3.9479e-03	3.4866e-02	7.1668e-01	2.4537e-01	3.0697e-03	1.5746e-05	1.1755e-36	1.6385e-21	0.00e+00	0.00e+00	3.1276e-02
1.16190e+16	8.6157e+03	4.087e-21	2.7826e+01	2.9515e+01	4.4994e-11	3.8616e-02	9.6138e-01	3.4102e-02	7.8205e-01	1.8385e-01	6.9090e-14	5.7325e-03	4.3741e-01	5.5293e-01	3.9102e-03	3.4804e-02	7.1521e-01	2.4694e-01	3.0286e-03	1.5443e-05	1.1755e-36	1.6296e-21	0.00e+00	0.00e+00	1.2647e-01
2.77542e+16	8.4313e+03	3.924e-21	2.7826e+01	2.9550e+01	4.5968e-11	3.7017e-02	9.6298e-01	3.4446e-02	7.8303e-01	1.8252e-01	6.2451e-14	5.6178e-03	4.3914e-01	5.5119e-01	4.0259e-03	3.2823e-02	7.0402e-01	2.5992e-01	3.2205e-03	1.6160e-05	1.1755e-36	1.3915e-21	0.00e+00	0.00e+00	2.4510e-01
4.87298e+16	8.2874e+03	3.803e-21	2.7826e+01	2.9568e+01	4.8020e-11	3.6247e-02	9.6375e-01	3.4905e-02	7.8518e-01	1.7992e-01	5.9311e-14	5.5900e-03	4.4151e-01	5.4884e-01	4.0377e-03	3.1846e-02	6.9739e-01	2.6749e-01	3.2526e-03	1.6068e-05	1.1755e-36	1.2783e-21	0.00e+00	0.00e+00	3.9612e-01
7.59982e+16	8.1740e+03	3.711e-21	2.7826e+01	2.9560e+01	5.1523e-11	3.6207e-02	9.6379e-01	3.5491e-02	7.8863e-01	1.7587e-01	5.8925e-14	5.6351e-03	4.4445e-01	5.4594e-01	3.9489e-03	3.1714e-02	6.9455e-01	2.7059e-01	3.1316e-03	1.5238e-05	1.1755e-36	1.2558e-21	0.00e+00	0.00e+00	5.9222e-01
1.11447e+17	8.0849e+03	3.652e-21	2.7826e+01	2.9537e+01	5.7728e-11	3.7145e-02	9.6286e-01	3.6357e-02	7.9392e-01	1.6972e-01	6.2353e-14	5.7880e-03	4.4882e-01	5.4164e-01	3.7306e-03	3.2713e-02	6.9682e-01	2.6762e-01	2.8305e-03	1.3577e-05	1.1755e-36	1.3518e-21	0.00e+00	0.00e+00	8.5375e-01
1.54355e+17	8.0607e+03	3.614e-21	2.7826e+01	2.9454e+01	6.5231e-11	3.8966e-02	9.6103e-01	3.7298e-02	8.0010e-01	1.6261e-01	6.9387e-14	6.0238e-03	4.5348e-01	5.3705e-01	3.4300e-03	3.4780e-02	7.0409e-01	2.5870e-01	2.4162e-03	1.1504e-05	1.1755e-36	1.5719e-21	0.00e+00	0.00e+00	1.1669e+00
1.99030e+17	8.0800e+03	3.619e-21	2.7826e+01	2.9354e+01	7.5284e-11	4.1833e-02	9.5817e-01	3.8379e-02	8.0654e-01	1.5508e-01	8.1645e-14	6.3549e-03	4.5893e-01	5.3162e-01	3.0760e-03	3.8117e-02	7.1587e-01	2.4404e-01	1.9649e-03	9.3675e-06	1.1755e-36	1.9842e-21	0.00e+00	0.00e+00	1.4874e+00
2.46366e+17	8.1483e+03	3.662e-21	2.7826e+01	2.9205e+01	9.0648e-11	4.6437e-02	9.5356e-01	3.9998e-02	8.1398e-01	1.4603e-01	1.0456e-13	6.8637e-03	4.6725e-01	5.2324e-01	2.6387e-03	4.3630e-02	7.3384e-01	2.2105e-01	1.4727e-03	7.1239e-06	1.1755e-36	2.8190e-21	0.00e+00	0.00e+00	1.9041e+00
3.01520e+17	8.2653e+03	3.740e-21	2.7826e+01	2.8963e+01	1.1582e-10	5.3651e-02	9.4635e-01	4.2335e-02	8.2217e-01	1.3550e-01	1.4739e-13	7.5944e-03	4.7891e-01	5.1134e-01	2.1421e-03	5.2410e-02	7.5626e-01	1.9033e-01	9.9328e-04	4.9798e-06	1.1755e-36	4.5853e-21	0.00e+00	0.00e+00	2.4626e+00
3.60582e+17	8.4325e+03	3.858e-21	2.7826e+01	2.8643e+01	1.5569e-10	6.4252e-02	9.3575e-01	4.5262e-02	8.2985e-01	1.2489e-01	2.2589e-13	8.5374e-03	4.9358e-01	4.9622e-01	1.6567e-03	6.5417e-02	7.7839e-01	1.5558e-01	6.0964e-04	3.2594e-06	1.1755e-36	8.4144e-21	0.00e+00	0.00e+00	3.1273e+00
4.13748e+17	8.6084e+03	3.990e-21	2.7826e+01	2.8233e+01	2.1231e-10	7.7472e-02	9.2253e-01	4.8530e-02	8.3549e-01	1.1597e-01	3.5062e-13	9.5350e-03	5.0925e-01	4.7994e-01	1.2702e-03	8.1688e-02	7.9381e-01	1.2413e-01	3.6698e-04	2.1378e-06	1.1755e-36	1.5733e-20	0.00e+00	0.00e+00	3.7732e+00
4.56550e+17	8.7581e+03	4.101e-21	2.7826e+01	2.7825e+01	2.8206e-10	9.1479e-02	9.0852e-01	5.1820e-02	8.3919e-01	1.0899e-01	5.1827e-13	1.0446e-02	5.2436e-01	4.6419e-01	9.9891e-04	9.8882e-02	8.0060e-01	1.0029e-01	2.3243e-04	1.4797e-06	1.1755e-36	2.7431e-20	0.00e+00	0.00e+00	4.3864e+00
4.93754e+17	8.8768e+03	4.185e-21	2.7826e+01	2.7389e+01	3.7114e-10	1.0653e-01	8.9347e-01	5.5379e-02	8.4170e-01	1.0293e-01	7.4308e-13	1.1311e-02	5.3985e-01	4.4804e-01	7.9544e-04	1.1728e-01	8.0113e-01	8.1439e-02	1.5130e-04	1.0550e-06	1.1755e-36	4.5685e-20	0.00e+00	0.00e+00	5.0651e+00
5.28405e+17	8.9781e+03	4.251e-21	2.7826e+01	2.6913e+01	4.8883e-10	1.2341e-01	8.7659e-01	5.9260e-02	8.4323e-01	9.7507e-02	1.0533e-12	1.2146e-02	5.5583e-01	4.3139e-01	6.3517e-04	1.3774e-01	7.9616e-01	6.5997e-02	9.9292e-05	7.6108e-07	1.1755e-36	7.4910e-20	0.00e+00	0.00e+00	5.7816e+00
5.60575e+17	9.0565e+03	4.296e-21	2.7826e+01	2.6417e+01	6.4503e-10	1.4208e-01	8.5792e-01	6.3554e-02	8.4389e-01	9.2559e-02	1.4766e-12	1.2950e-02	5.7238e-01	4.1415e-01	5.0877e-04	1.6016e-01	7.8628e-01	5.3487e-02	6.5865e-05	5.5516e-07	1.1755e-36	1.2097e-19	0.00e+00	0.00e+00	6.5628e+00
5.91734e+17	9.1359e+03	4.296e-21	2.7826e+01	2.5755e+01	8.4205e-10	1.6249e-01	8.3751e-01	6.8248e-02	8.4359e-01	8.8159e-02	2.0327e-12	1.3644e-02	5.8902e-01	3.9692e-01	4.0859e-04	1.8446e-01	7.7236e-01	4.3140e-02	4.3848e-05	4.0772e-07	1.1755e-36	1.9030e-19	0.00e+00	0.00e+00	7.4486e+00
6.27413e+17	9.1795e+03	4.273e-21	2.7826e+01	2.4968e+01	1.1814e-09	1.8986e-01	8.1014e-01	7.4815e-02	8.4225e-01	8.2934e-02	2.9743e-12	1.4455e-02	6.1055e-01	3.7468e-01	3.1304e-04	2.1661e-01	7.5011e-01	3.3251e-02	2.7065e-05	2.8244e-07	1.1755e-36	3.2642e-19	0.00e+00	0.00e+00	8.7940e+00
6.62992e+17	9.2303e+03	4.216e-21	2.7826e+01	2.4026e+01	1.6747e-09	2.2251e-01	7.7749e-01	8.2128e-02	8.3927e-01	7.8604e-02	4.3924e-12	1.5120e-02	6.3257e-01	3.5208e-01	2.3775e-04	2.5433e-01	7.2055e-01	2.5098e-02	1.6406e-05	1.9216e-07	1.1755e-36	5.7170e-19	0.00e+00	0.00e+00	9.9991e+00
6.89306e+17	9.2576e+03	4.142e-21	2.7826e+01	2.3238e+01	2.1889e-09	2.5005e-01	7.4995e-01	8.8453e-02	8.3591e-01	7.5635e-02	5.8849e-12	1.5525e-02	6.4995e-01	3.3433e-01	1.9245e-04	2.8566e-01	6.9420e-01	2.0127e-02	1.1220e-05	1.4289e-07	1.1755e-36	8.7268e-19	0.00e+00	0.00e+00	1.0957e+01
7.10110e+17	9.2675e+03	4.061e-21	2.7826e+01	2.2578e+01	2.7036e-09	2.7305e-01	7.2695e-01	9.4104e-02	8.3258e-01	7.3320e-02	7.3756e-12	1.5786e-02	6.6432e-01	3.1973e-01	1.6248e-04	3.1151e-01	6.7163e-01	1.6853e-02	8.3205e-06	1.1755e-36	1.1755e-36	1.2098e-18	0.00e+00	0.00e+00	1.1907e+01
7.32888e+17	9.2653e+03	3.950e-21	2.7826e+01	2.1825e+01	3.4048e-09	2.9929e-01	7.0071e-01	1.0103e-01	8.2825e-01	7.0714e-02	9.3887e-12	1.6012e-02	6.8058e-01	3.0328e-01	1.3462e-04	3.4063e-01	6.4552e-01	1.3838e-02	6.0107e-06	1.1755e-36	1.1755e-36	1.7161e-18	0.00e+00	0.00e+00	1.3261e+01
7.58614e+17	9.2604e+03	3.809e-21	2.7826e+01	2.0911e+01	4.4180e-09	3.3108e-01	6.6892e-01	1.0936e-01	8.2247e-01	6.8168e-02	1.2298e-11	1.6135e-02	6.9860e-01	2.8516e-01	1.0885e-04	3.7542e-01	6.1358e-01	1.0998e-02	4.1636e-06	1.1755e-36	1.1755e-36	2.5502e-18	0.00e+00	0.00e+00	1.4756e+01
7.82504e+17	9.2488e+03	3.658e-21	2.7826e+01	2.0022e+01	5.6276e-09	3.6225e-01	6.3775e-01	1.1791e-01	8.1610e-01	6.5991e-02	1.5756e-11	1.6144e-02	7.1544e-01	2.6833e-01	8.9212e-05	4.0900e-01	5.8217e-01	8.8259e-03	2.9651e-06	1.1755e-36	1.1755e-36	3.6822e-18	0.00e+00	0.00e+00	1.6161e+01
8.03488e+17	9.2295e+03	3.512e-21	2.7826e+01	1.9238e+01	6.9309e-09	3.8998e-01	6.1002e-01	1.2627e-01	8.0962e-01	6.4116e-02	1.9454e-11	1.6092e-02	7.3042e-01	2.5341e-01	7.4862e-05	4.3846e-01	5.5428e-01	7.2604e-03	2.2147e-06	1.1755e-36	1.1755e-36	5.0403e-18	0.00e+00	0.00e+00	1.7524e+01
8.23188e+17	9.2059e+03	3.364e-21	2.7826e+01	1.8496e+01	8.3650e-09	4.1567e-01	5.8433e-01	1.3471e-01	8.0291e-01	6.2383e-02	2.3481e-11	1.5979e-02	7.4430e-01	2.3965e-01	6.3596e-05	4.6541e-01	5.2853e-01	6.0505e-03	1.6997e-06	1.1755e-36	1.1755e-36	6.6766e-18	0.00e+00	0.00e+00	1.8949e+01
8.42676e+17	9.1757e+03	3.211e-21	2.7826e+01	1.7766e+01	1.0038e-08	4.4098e-01	5.5902e-01	1.4367e-01	7.9563e-01	6.0699e-02	2.8120e-11	1.5819e-02	7.5783e-01	2.2630e-01	5.4150e-05	4.9166e-01	5.0329e-01	5.0482e-03	1.3171e-06	1.1755e-36	1.1755e-36	8.7565e-18	0.00e+00	0.00e+00	2.0457e+01
8.58246e+17	9.1561e+03	3.089e-21	2.7826e+01	1.7177e+01	1.1521e-08	4.6089e-01	5.3911e-01	1.5085e-01	7.8963e-01	5.9520e-02	3.2244e-11	1.5631e-02	7.6793e-01	2.1639e-01	4.7877e-05	5.1207e-01	4.8355e-01	4.3731e-03	1.0834e-06	1.1755e-36	1.1755e-36	1.0784e-17	0.00e+00	0.00e+00	2.1403e+01
8.68619e+17	9.1339e+03	3.007e-21	2.7826e+01	1.6824e+01	1.2593e-08	4.7324e-01	5.2676e-01	1.5624e-01	7.8510e-01	5.8650e-02	3.5168e-11	1.5533e-02	7.7496e-01	2.0947e-01	4.4079e-05	5.2466e-01	4.7135e-01	3.9866e-03	9.5767e-07	1.1755e-36	1.1755e-36	1.2285e-17	0.00e+00	0.00e+00	2.2157e+01
8.78486e+17	9.1020e+03	2.929e-21	2.7826e+01	1.6505e+01	1.3769e-08	4.8510e-01	5.1490e-01	1.6188e-01	7.8047e-01	5.7647e-02	3.8279e-11	1.5456e-02	7.8185e-01	2.0265e-01	4.0621e-05	5.3669e-01	4.5966e-01	3.6476e-03	8.5165e-07	1.1755e-36	1.1755e-36	1.3957e-17	0.00e+00	0.00e+00	2.3066e+01
8.90055e+17	9.0729e+03	2.833e-21	2.7826e+01	1.6101e+01	1.5203e-08	4.9884e-01	5.0116e-01	1.6845e-01	7.7497e-01	5.6585e-02	4.2101e-11	1.5314e-02	7.8960e-01	1.9505e-01	3.6951e-05	5.5053e-01	4.4619e-01	3.2804e-03	7.4301e-07	1.1755e-36	1.1755e-36	1.6115e-17	0.00e+00	0.00e+00	2.4159e+01
9.02913e+17	9.0387e+03	2.729e-21	2.7826e+01	1.5654e+01	1.6991e-08	5.1433e-01	4.8567e-01	1.7589e-01	7.6869e-01	5.5416e-02	4.6841e-11	1.5141e-02	7.9791e-01	1.8691e-01	3.3272e-05	5.6603e-01	4.3106e-01	2.9114e-03	6.3946e-07	1.1755e-36	1.1755e-36	1.8976e-17	0.00e+00	0.00e+00	2.5355e+01
9.15819e+17	9.0055e+03	2.625e-21	2.7826e+01	1.5204e+01	1.8932e-08	5.2956e-01	4.7044e-01	1.8344e-01	7.6219e-01	5.4373e-02	5.1954e-11	1.4938e-02	8.0586e-01	1.7917e-01	3.0010e-05	5.8115e-01	4.1626e-01	2.5845e-03	5.5260e-07	1.1755e-36	1.1755e-36	2.2262e-17	0.00e+00	0.00e+00	2.6525e+01
9.27417e+17	8.9831e+03	2.532e-21	2.7826e+01	1.4798e+01	2.0682e-08	5.4242e-01	4.5758e-01	1.9015e-01	7.5632e-01	5.3536e-02	5.6626e-11	1.4727e-02	8.1260e-01	1.7265e-01	2.7440e-05	5.9385e-01	4.0383e-01	2.3278e-03	4.8786e-07	1.1755e-36	1.1755e-36	2.5422e-17	0.00e+00	0.00e+00	2.7538e+01
9.37995e+17	8.9423e+03	2.451e-21	2.7826e+01	1.4468e+01	2.2658e-08	5.5451e-01	4.4549e-01	1.9718e-01	7.5025e-01	5.2578e-02	6.1665e-11	1.4580e-02	8.1908e-01	1.6631e-01	2.5187e-05	6.0571e-01	3.9218e-01	2.1121e-03	4.3540e-07	1.1755e-36	1.1755e-36	2.9015e-17	0.00e+00	0.00e+00	2.8564e+01
9.48790e+17	8.9153e+03	2.365e-21	2.7826e+01	1.4106e+01	2.4586e-08	5.6597e-01	4.3403e-01	2.0405e-01	7.4425e-01	5.1699e-02	6.6693e-11	1.4382e-02	8.2526e-01	1.6033e-01	2.3141e-05	6.1690e-01	3.8118e-01	1.9154e-03	3.8963e-07	1.1755e-36	1.1755e-36	3.2754e-17	0.00e+00	0.00e+00	2.9663e+01
9.60397e+17	8.8738e+03	2.277e-21	2.7826e+01	1.3734e+01	2.7040e-08	5.7869e-01	4.2131e-01	2.1195e-01	7.3733e-01	5.0722e-02	7.2908e-11	1.4181e-02	8.3190e-01	1.5390e-01	2.1089e-05	6.2925e-01	3.6903e-01	1.7207e-03	3.4581e-07	1.1755e-36	1.1755e-36	3.7656e-17	0.00e+00	0.00e+00	3.0899e+01
9.72480e+17	8.8328e+03	2.188e-21	2.7826e+01	1.3359e+01	2.9822e-08	5.9204e-01	4.0796e-01	2.2039e-01	7.2989e-01	4.9725e-02	8.0103e-11	1.3968e-02	8.3859e-01	1.4742e-01	1.9152e-05	6.4213e-01	3.5634e-01	1.5365e-03	3.0590e-07	1.1755e-36	1.1755e-36	4.3704e-17	0.00e+00	0.00e+00	3.2148e+01
9.84094e+17	8.7961e+03	2.103e-21	2.7826e+01	1.2994e+01	3.2605e-08	6.0419e-01	3.9581e-01	2.2845e-01	7.2270e-01	4.8849e-02	8.7245e-11	1.3740e-02	8.4467e-01	1.4157e-01	1.7501e-05	6.5378e-01	3.4484e-01	1.3806e-03	2.7341e-07	1.1755e-36	1.1755e-36	5.0039e-17	0.00e+00	0.00e+00	3.3339e+01
9.95394e+17	8.7614e+03	2.022e-21	2.7826e+01	1.2645e+01	3.5432e-08	6.1540e-01	3.8460e-01	2.3648e-01	7.1554e-01	4.7982e-02	9.4487e-11	1.3513e-02	8.5042e-01	1.3606e-01	1.6042e-05	6.6448e-01	3.3428e-01	1.2458e-03	2.4625e-07	1.1755e-36	1.1755e-36	5.6772e-17	0.00e+00	0.00e+00	3.4570e+01
1.00727e+18	8.7096e+03	1.940e-21	2.7826e+01	1.2302e+01	3.9039e-08	6.2769e-01	3.7231e-01	2.4571e-01	7.0733e-01	4.6963e-02	1.0352e-10	1.3298e-02	8.5654e-01	1.3015e-01	1.4598e-05	6.7614e-01	3.2274e-01	1.1148e-03	2.2047e-07	1.1755e-36	1.1755e-36	6.5731e-17	0.00e+00	0.00e+00	3.5934e+01
1.01952e+18	8.6766e+03	1.856e-21	2.7826e+01	1.1928e+01	4.2517e-08	6.3939e-01	3.6061e-01	2.5456e-01	6.9930e-01	4.6133e-02	1.1260e-10	1.3028e-02	8.6225e-01	1.2471e-01	1.3310e-05	6.8718e-01	3.1182e-01	9.9658e-04	1.9803e-07	1.1755e-36	1.1755e-36	7.5210e-17	0.00e+00	0.00e+00	3.7298e+01
1.03177e+18	8.6254e+03	1.776e-21	2.7826e+01	1.1575e+01	4.6754e-08	6.5125e-01	3.4875e-01	2.6415e-01	6.9065e-01	4.5194e-02	1.2317e-10	1.2778e-02	8.6798e-01	1.1923e-01	1.2116e-05	6.9832e-01	3.0079e-01	8.8976e-04	1.7816e-07	1.1755e-36	1.1755e-36	8.6988e-17	0.00e+00	0.00e+00	3.8711e+01
1.04407e+18	8.5762e+03	1.698e-21	2.7826e+01	1.1237e+01	5.1313e-08	6.6296e-01	3.3704e-01	2.7409e-01	6.8167e-01	4.4240e-02	1.3483e-10	1.2532e-02	8.7355e-01	1.1391e-01	1.1030e-05	7.0927e-01	2.8994e-01	7.9356e-04	1.6068e-07	1.1755e-36	1.1755e-36	1.0081e-16	0.00e+00	0.00e+00	4.0136e+01
1.05622e+18	8.5297e+03	1.623e-21	2.7826e+01	1.0904e+01	5.6042e-08	6.7393e-01	3.2607e-01	2.8391e-01	6.7274e-01	4.3348e-02	1.4694e-10	1.2277e-02	8.7878e-01	1.0893e-01	1.0073e-05	7.1946e-01	2.7983e-01	7.0981e-04	1.4581e-07	1.1755e-36	1.1755e-36	1.1598e-16	0.00e+00	0.00e+00	4.1565e+01
1.06850e+18	8.4794e+03	1.550e-21	2.7826e+01	1.0576e+01	6.1287e-08	6.8471e-01	3.1529e-01	2.9415e-01	6.6342e-01	4.2429e-02	1.6032e-10	1.2022e-02	8.8391e-01	1.0406e-01	9.1927e-06	7.2943e-01	2.6994e-01	6.3425e-04	1.3262e-07	1.1755e-36	1.1755e-36	1.3378e-16	0.00e+00	0.00e+00	4.3068e+01
1.08122e+18	8.4252e+03	1.478e-21	2.7826e+01	1.0239e+01	6.7247e-08	6.9558e-01	3.0442e-01	3.0479e-01	6.5370e-01	4.1514e-02	1.7539e-10	1.1749e-02	8.8896e-01	9.9281e-02	8.3760e-06	7.3943e-01	2.6001e-01	5.6473e-04	1.1755e-36	1.1755e-36	1.1755e-36	1.5519e-16	0.00e+00	0.00e+00	4.4650e+01
1.09422e+18	8.3689e+03	1.406e-21	2.7826e+01	9.9111e+00	7.3950e-08	7.0666e-01	2.9334e-01	3.1609e-01	6.4335e-01	4.0562e-02	1.9279e-10	1.1479e-02	8.9398e-01	9.4536e-02	7.6184e-06	7.4958e-01	2.4992e-01	5.0080e-04	1.1755e-36	1.1755e-36	1.1755e-36	1.8158e-16	0.00e+00	0.00e+00	4.6271e+01
1.10708e+18	8.3138e+03	1.339e-21	2.7826e+01	9.5894e+00	8.1034e-08	7.1706e-01	2.8294e-01	3.2721e-01	6.3311e-01	3.9674e-02	2.1117e-10	1.1204e-02	8.9866e-01	9.0132e-02	6.9547e-06	7.5905e-01	2.4050e-01	4.4550e-04	1.1755e-36	1.1755e-36	1.1755e-36	2.1132e-16	0.00e+00	0.00e+00	4.7868e+01
1.11983e+18	8.2575e+03	1.274e-21	2.7826e+01	9.2848e+00	8.8628e-08	7.2691e-01	2.7309e-01	3.3857e-01	6.2267e-01	3.8766e-02	2.3107e-10	1.0940e-02	9.0313e-01	8.5920e-02	6.3606e-06	7.6799e-01	2.3161e-01	3.9713e-04	1.1755e-36	1.1755e-36	1.1755e-36	2.4552e-16	0.00e+00	0.00e+00	4.9505e+01
1.13293e+18	8.1962e+03	1.211e-21	2.7826e+01	8.9767e+00	9.7275e-08	7.3670e-01	2.6330e-01	3.5032e-01	6.1183e-01	3.7846e-02	2.5362e-10	1.0666e-02	9.0752e-01	8.1804e-02	5.8127e-06	7.7684e-01	2.2281e-01	3.5315e-04	1.1755e-36	1.1755e-36	1.1755e-36	2.8703e-16	0.00e+00	0.00e+00	5.1237e+01
1.14650e+18	8.1292e+03	1.149e-21	2.7826e+01	8.6711e+00	1.0736e-07	7.4688e-01	2.5312e-01	3.6290e-01	6.0022e-01	3.6879e-02	2.8049e-10	1.0392e-02	9.1191e-01	7.7694e-02	5.3000e-06	7.8600e-01	2.1369e-01	3.1226e-04	1.1755e-36	1.1755e-36	1.1755e-36	3.4021e-16	0.00e+00	0.00e+00	5.3041e+01
1.16001e+18	8.0651e+03	1.090e-21	2.7826e+01	8.3692e+00	1.1803e-07	7.5644e-01	2.4356e-01	3.7516e-01	5.8885e-01	3.5995e-02	3.0919e-10	1.0111e-02	9.1598e-01	7.3907e-02	4.8523e-06	7.9455e-01	2.0517e-01	2.7689e-04	1.1755e-36	1.1755e-36	1.1755e-36	4.0123e-16	0.00e+00	0.00e+00	5.4805e+01
1.17330e+18	7.9997e+03	1.035e-21	2.7826e+01	8.0883e+00	1.2947e-07	7.6533e-01	2.3467e-01	3.8757e-01	5.7734e-01	3.5087e-02	3.4041e-10	9.8466e-03	9.1983e-01	7.0323e-02	4.4564e-06	8.0248e-01	1.9727e-01	2.4643e-04	1.1755e-36	1.1755e-36	1.1755e-36	4.7200e-16	0.00e+00	0.00e+00	5.6594e+01
1.18692e+18	7.9292e+03	9.808e-22	2.7826e+01	7.8080e+00	1.4252e-07	7.7410e-01	2.2590e-01	4.0037e-01	5.6547e-01	3.4158e-02	3.7621e-10	9.5788e-03	9.2358e-01	6.6839e-02	4.0931e-06	8.1028e-01	1.8950e-01	2.1895e-04	1.1755e-36	1.1755e-36	1.1755e-36	5.5930e-16	0.00e+00	0.00e+00	5.8491e+01
1.20112e+18	7.8522e+03	9.277e-22	2.7826e+01	7.5266e+00	1.5788e-07	7.8321e-01	2.1679e-01	4.1392e-01	5.5289e-01	3.3198e-02	4.1932e-10	9.3063e-03	9.2730e-01	6.3387e-02	3.7541e-06	8.1834e-01	1.8147e-01	1.9342e-04	1.1755e-36	1.1755e-36	1.1755e-36	6.7316e-16	0.00e+00	0.00e+00	6.0478e+01
1.21535e+18	7.7788e+03	8.773e-22	2.7826e+01	7.2488e+00	1.7430e-07	7.9181e-01	2.0819e-01	4.2714e-01	5.4054e-01	3.2313e-02	4.6649e-10	9.0290e-03	9.3077e-01	6.0198e-02	3.4572e-06	8.2592e-01	1.7391e-01	1.7122e-04	1.1755e-36	1.1755e-36	1.1755e-36	8.0766e-16	0.00e+00	0.00e+00	6.2429e+01
1.22936e+18	7.7035e+03	8.308e-22	2.7826e+01	6.9925e+00	1.9211e-07	7.9977e-01	2.0023e-01	4.4048e-01	5.2812e-01	3.1401e-02	5.1873e-10	8.7717e-03	9.3403e-01	5.7197e-02	3.1961e-06	8.3291e-01	1.6693e-01	1.5224e-04	1.1755e-36	1.1755e-36	1.1755e-36	9.6759e-16	0.00e+00	0.00e+00	6.4396e+01
1.24368e+18	7.6199e+03	7.858e-22	2.7826e+01	6.7396e+00	2.1300e-07	8.0760e-01	1.9240e-01	4.5424e-01	5.1531e-01	3.0453e-02	5.8044e-10	8.5158e-03	9.3720e-01	5.4285e-02	2.9577e-06	8.3977e-01	1.6010e-01	1.3521e-04	1.1755e-36	1.1755e-36	1.1755e-36	1.1727e-15	0.00e+00	0.00e+00	6.6473e+01
1.25847e+18	7.5317e+03	7.422e-22	2.7826e+01	6.4876e+00	2.3723e-07	8.1554e-01	1.8446e-01	4.6836e-01	5.0214e-01	2.9505e-02	6.5412e-10	8.2570e-03	9.4027e-01	5.1475e-02	2.7398e-06	8.4670e-01	1.5318e-01	1.1969e-04	1.1755e-36	1.1755e-36	1.1755e-36	1.4399e-15	0.00e+00	0.00e+00	6.8612e+01
1.27324e+18	7.4471e+03	7.013e-22	2.7826e+01	6.2448e+00	2.6327e-07	8.2294e-01	1.7706e-01	4.8215e-01	4.8925e-01	2.8609e-02	7.3602e-10	8.0021e-03	9.4311e-01	4.8885e-02	2.5494e-06	8.5314e-01	1.4675e-01	1.0629e-04	1.1755e-36	1.1755e-36	1.1755e-36	1.7623e-15	0.00e+00	0.00e+00	7.0726e+01
1.28794e+18	7.3652e+03	6.630e-22	2.7826e+01	6.0139e+00	2.9095e-07	8.2966e-01	1.7034e-01	4.9571e-01	4.7656e-01	2.7731e-02	8.2580e-10	7.7559e-03	9.4576e-01	4.6478e-02	2.3824e-06	8.5897e-01	1.4094e-01	9.4829e-05	1.1755e-36	1.1755e-36	1.1755e-36	2.1428e-15	0.00e+00	0.00e+00	7.2881e+01
1.30303e+18	7.2650e+03	6.264e-22	2.7826e+01	5.7920e+00	3.2628e-07	8.3661e-01	1.6339e-01	5.1007e-01	4.6317e-01	2.6759e-02	9.4132e-10	7.5217e-03	9.4837e-01	4.4104e-02	2.2283e-06	8.6498e-01	1.3494e-01	8.4382e-05	1.1755e-36	1.1755e-36	1.1755e-36	2.6837e-15	0.00e+00	0.00e+00	7.5145e+01
1.31784e+18	7.1720e+03	5.930e-22	2.7826e+01	5.5789e+00	3.6355e-07	8.4301e-01	1.5699e-01	5.2342e-01	4.5068e-01	2.5907e-02	1.0678e-09	7.2909e-03	9.5070e-01	4.2006e-02	2.0977e-06	8.7050e-01	1.2942e-01	7.5511e-05	1.1755e-36	1.1755e-36	1.1755e-36	3.3329e-15	0.00e+00	0.00e+00	7.7251e+01
1.33189e+18	7.0771e+03	5.634e-22	2.7826e+01	5.3941e+00	4.0395e-07	8.4853e-01	1.5147e-01	5.3647e-01	4.3850e-01	2.5026e-02	1.2077e-09	7.0922e-03	9.5281e-01	4.0092e-02	1.9866e-06	8.7525e-01	1.2468e-01	6.8263e-05	1.1755e-36	1.1755e-36	1.1755e-36	4.1113e-15	0.00e+00	0.00e+00	7.9319e+01
1.34577e+18	6.9810e+03	5.360e-22	2.7826e+01	5.2174e+00	4.4898e-07	8.5369e-01	1.4631e-01	5.4914e-01	4.2668e-01	2.4179e-02	1.3675e-09	6.9003e-03	9.5477e-01	3.8327e-02	1.8888e-06	8.7969e-01	1.2025e-01	6.1948e-05	1.1755e-36	1.1755e-36	1.1755e-36	5.0822e-15	0.00e+00	0.00e+00	8.1400e+01
1.35962e+18	6.8849e+03	5.102e-22	2.7826e+01	5.0482e+00	4.9933e-07	8.5868e-01	1.4131e-01	5.6152e-01	4.1512e-01	2.3358e-02	1.5526e-09	6.7148e-03	9.5660e-01	3.6686e-02	1.8016e-06	8.8397e-01	1.1597e-01	5.6328e-05	1.1755e-36	1.1755e-36	1.1755e-36	6.3121e-15	0.00e+00	0.00e+00	8.3486e+01
1.37339e+18	6.7884e+03	4.861e-22	2.7826e+01	4.8868e+00	5.5556e-07	8.6342e-01	1.3658e-01	5.7355e-01	4.0389e-01	2.2565e-02	1.7660e-09	6.5362e-03	9.5829e-01	3.5167e-02	1.7243e-06	8.8803e-01	1.1192e-01	5.1373e-05	1.1755e-36	1.1755e-36	1.1755e-36	7.8641e-15	0.00e+00	0.00e+00	8.5567e+01
1.38703e+18	6.6917e+03	4.637e-22	2.7826e+01	4.7344e+00	6.1810e-07	8.6787e-01	1.3213e-01	5.8521e-01	3.9299e-01	2.1795e-02	2.0111e-09	6.3664e-03	9.5987e-01	3.3765e-02	1.6559e-06	8.9183e-01	1.0812e-01	4.7022e-05	1.1755e-36	1.1755e-36	1.1755e-36	9.8171e-15	0.00e+00	0.00e+00	8.7633e+01
1.40050e+18	6.5869e+03	4.430e-22	2.7826e+01	4.5868e+00	6.9208e-07	8.7206e-01	1.2794e-01	5.9649e-01	3.8246e-01	2.1051e-02	2.3040e-09	6.2020e-03	9.6132e-01	3.2476e-02	1.5958e-06	8.9541e-01	1.0455e-01	4.3220e-05	1.1755e-36	1.1755e-36	1.1755e-36	1.2400e-14	0.00e+00	0.00e+00	8.9686e+01
1.41346e+18	6.4998e+03	4.243e-22	2.7826e+01	4.4573e+00	7.6334e-07	8.7581e-01	1.2419e-01	6.0696e-01	3.7268e-01	2.0364e-02	2.6062e-09	6.0549e-03	9.6262e-01	3.1325e-02	1.5438e-06	8.9860e-01	1.0136e-01	3.9956e-05	1.1755e-36	1.1755e-36	1.1755e-36	1.5278e-14	0.00e+00	0.00e+00	9.1614e+01
1.42644e+18	6.3916e+03	4.066e-22	2.7826e+01	4.3292e+00	8.5677e-07	8.7938e-01	1.2062e-01	6.1767e-01	3.6270e-01	1.9633e-02	2.9969e-09	5.9126e-03	9.6387e-01	3.0212e-02	1.4964e-06	9.0164e-01	9.8319e-02	3.7052e-05	1.1755e-36	1.1755e-36	1.1755e-36	1.9412e-14	0.00e+00	0.00e+00	9.3687e+01
1.43930e+18	6.3056e+03	3.901e-22	2.7826e+01	4.2078e+00	9.4517e-07	8.8281e-01	1.1719e-01	6.2725e-01	3.5373e-01	1.9022e-02	3.3965e-09	5.7720e-03	9.6499e-01	2.9236e-02	1.4547e-06	9.0456e-01	9.5404e-02	3.4420e-05	1.1755e-36	1.1755e-36	1.1755e-36	2.4012e-14	0.00e+00	0.00e+00	9.5596e+01
1.45204e+18	6.1983e+03	3.746e-22	2.7826e+01	4.0946e+00	1.0618e-06	8.8604e-01	1.1396e-01	6.3731e-01	3.4436e-01	1.8329e-02	3.9190e-09	5.6455e-03	9.6608e-01	2.8278e-02	1.4168e-06	9.0730e-01	9.2663e-02	3.2104e-05	1.1755e-36	1.1755e-36	1.1755e-36	3.0683e-14	0.00e+00	0.00e+00	9.7645e+01
1.46461e+18	6.1145e+03	3.603e-22	2.7826e+01	3.9861e+00	1.1694e-06	8.8906e-01	1.1094e-01	6.4611e-01	3.3612e-01	1.7767e-02	4.4384e-09	5.5186e-03	9.6703e-01	2.7449e-02	1.3836e-06	9.0987e-01	9.0103e-02	3.0019e-05	1.1755e-36	1.1755e-36	1.1755e-36	3.7899e-14	0.00e+00	0.00e+00	9.9517e+01
1.47711e+18	6.0091e+03	3.468e-22	2.7826e+01	3.8817e+00	1.3124e-06	8.9183e-01	1.0817e-01	6.5532e-01	3.2754e-01	1.7140e-02	5.1194e-09	5.4005e-03	9.6796e-01	2.6635e-02	1.3533e-06	9.1223e-01	8.7745e-02	2.8188e-05	1.1755e-36	1.1755e-36	1.1755e-36	4.8385e-14	0.00e+00	0.00e+00	1.0156e+02
1.48960e+18	5.9148e+03	3.341e-22	2.7826e+01	3.7842e+00	1.4624e-06	8.9476e-01	1.0524e-01	6.6388e-01	3.1954e-01	1.6571e-02	5.8794e-09	5.2880e-03	9.6881e-01	2.5903e-02	1.3260e-06	9.1470e-01	8.5268e-02	2.6458e-05	1.1755e-36	1.1755e-36	1.1755e-36	6.1351e-14	0.00e+00	0.00e+00	1.0344e+02
1.50140e+18	5.8254e+03	3.228e-22	2.7826e+01	3.6953e+00	1.6175e-06	8.9704e-01	1.0295e-01	6.7181e-01	3.1215e-01	1.6043e-02	6.6810e-09	5.1852e-03	9.6956e-01	2.5251e-02	1.3028e-06	9.1664e-01	8.3332e-02	2.5054e-05	1.1755e-36	1.1755e-36	1.1755e-36	7.6217e-14	0.00e+00	0.00e+00	1.0527e+02
1.51330e+18	5.7319e+03	3.120e-22	2.7826e+01	3.6129e+00	1.7994e-06	8.9941e-01	1.0058e-01	6.7992e-01	3.0460e-01	1.5484e-02	7.6543e-09	5.0916e-03	9.7030e-01	2.4610e-02	1.2808e-06	9.1865e-01	8.1326e-02	2.3720e-05	1.1755e-36	1.1755e-36	1.1755e-36	9.6075e-14	0.00e+00	0.00e+00	1.0719e+02
1.52538e+18	5.6397e+03	3.016e-22	2.7826e+01	3.5282e+00	2.0017e-06	9.0177e-01	9.8226e-02	6.8750e-01	2.9752e-01	1.4979e-02	8.7739e-09	4.9933e-03	9.7098e-01	2.4026e-02	1.2609e-06	9.2064e-01	7.9332e-02	2.2468e-05	1.1755e-36	1.1755e-36	1.1755e-36	1.2134e-13	0.00e+00	0.00e+00	1.0909e+02
1.53733e+18	5.5476e+03	2.918e-22	2.7826e+01	3.4483e+00	2.2268e-06	9.0398e-01	9.6017e-02	6.9482e-01	2.9069e-01	1.4487e-02	1.0057e-08	4.9010e-03	9.7161e-01	2.3484e-02	1.2429e-06	9.2251e-01	7.7464e-02	2.1343e-05	1.1755e-36	1.1755e-36	1.1755e-36	1.5324e-13	0.00e+00	0.00e+00	1.1098e+02
1.54916e+18	5.4561e+03	2.826e-22	2.7826e+01	3.3727e+00	2.4759e-06	9.0606e-01	9.3938e-02	7.0186e-01	2.8413e-01	1.4013e-02	1.1522e-08	4.8138e-03	9.7220e-01	2.2981e-02	1.2267e-06	9.2427e-01	7.5705e-02	2.0327e-05	1.1755e-36	1.1755e-36	1.1755e-36	1.9334e-13	0.00e+00	0.00e+00	1.1286e+02
1.56089e+18	5.3651e+03	2.740e-22	2.7826e+01	3.3008e+00	2.7518e-06	9.0803e-01	9.1968e-02	7.0864e-01	2.7781e-01	1.3554e-02	1.3195e-08	4.7311e-03	9.7275e-01	2.2515e-02	1.2120e-06	9.2594e-01	7.4038e-02	1.9403e-05	1.1755e-36	1.1755e-36	1.1755e-36	2.4377e-13	0.00e+00	0.00e+00	1.1472e+02
1.57257e+18	5.2744e+03	2.658e-22	2.7826e+01	3.2319e+00	3.0569e-06	9.0992e-01	9.0081e-02	7.1517e-01	2.7172e-01	1.3111e-02	1.5105e-08	4.6521e-03	9.7327e-01	2.2080e-02	1.1986e-06	9.2754e-01	7.2442e-02	1.8555e-05	1.1755e-36	1.1755e-36	1.1755e-36	3.0716e-13	0.00e+00	0.00e+00	1.1659e+02
1.58424e+18	5.1847e+03	2.579e-22	2.7826e+01	3.1636e+00	3.3900e-06	9.1167e-01	8.8323e-02	7.2134e-01	2.6596e-01	1.2698e-02	1.7253e-08	4.5731e-03	9.7374e-01	2.1682e-02	1.1866e-06	9.2903e-01	7.0954e-02	1.7782e-05	1.1755e-36	1.1755e-36	1.1755e-36	3.8547e-13	0.00e+00	0.00e+00	1.1846e+02
1.59603e+18	5.0976e+03	2.504e-22	2.7826e+01	3.0986e+00	3.7485e-06	9.1340e-01	8.6599e-02	7.2740e-01	2.6031e-01	1.2291e-02	1.9660e-08	4.4981e-03	9.7420e-01	2.1300e-02	1.1753e-06	9.3049e-01	6.9496e-02	1.7052e-05	1.1755e-36	1.1755e-36	1.1755e-36	4.8146e-13	0.00e+00	0.00e+00	1.2037e+02
1.60819e+18	5.0068e+03	2.431e-22	2.7826e+01	3.0358e+00	4.1612e-06	9.1522e-01	8.4776e-02	7.3357e-01	2.5456e-01	1.1870e-02	2.2537e-08	4.4268e-03	9.7465e-01	2.0925e-02	1.1644e-06	9.3202e-01	6.7958e-02	1.6337e-05	1.1755e-36	1.1755e-36	1.1755e-36	6.0767e-13	0.00e+00	0.00e+00	1.2236e+02
1.62068e+18	4.8848e+03	2.358e-22	2.7826e+01	2.9636e+00	4.7553e-06	9.1718e-01	8.2814e-02	7.3970e-01	2.4885e-01	1.1449e-02	2.5369e-08	4.3485e-03	9.7522e-01	2.0432e-02	1.1534e-06	9.3369e-01	6.6291e-02	1.5671e-05	1.1755e-36	1.1755e-36	1.1755e-36	7.4641e-13	0.00e+00	0.00e+00	1.2439e+02
1.63196e+18	4.8131e+03	2.297e-22	2.7826e+01	2.9044e+00	5.1395e-06	9.1846e-01	8.1534e-02	7.4419e-01	2.4464e-01	1.1167e-02	2.7226e-08	4.2774e-03	9.7565e-01	2.0071e-02	1.1445e-06	9.3477e-01	6.5207e-02	1.5153e-05	1.1755e-36	1.1755e-36	1.1755e-36	8.3936e-13	0.00e+00	0.00e+00	1.2600e+02
1.64350e+18	4.7146e+03	2.238e-22	2.7826e+01	2.8608e+00	5.7080e-06	9.1996e-01	8.0035e-02	7.5066e-01	2.3865e-01	1.0693e-02	2.9854e-08	4.2364e-03	9.7620e-01	1.9567e-02	1.1344e-06	9.3605e-01	6.3932e-02	1.4624e-05	1.1755e-36	1.1755e-36	1.1755e-36	9.7759e-13	0.00e+00	0.00e+00	1.2811e+02
1.65658e+18	4.6003e+03	2.171e-22	2.7826e+01	2.7913e+00	6.4123e-06	9.2189e-01	7.8108e-02	7.5609e-01	2.3358e-01	1.0331e-02	3.2872e-08	4.1606e-03	9.7671e-01	1.9128e-02	1.1252e-06	9.3768e-01	6.2303e-02	1.4040e-05	1.1755e-36	1.1755e-36	1.1755e-36	1.1541e-12	0.00e+00	0.00e+00	1.3023e+02
1.66909e+18	4.5124e+03	2.110e-22	2.7826e+01	2.7250e+00	6.9624e-06	9.2315e-01	7.6841e-02	7.6038e-01	2.2955e-01	1.0065e-02	3.5089e-08	4.0822e-03	9.7714e-01	1.8780e-02	1.1179e-06	9.3876e-01	6.1223e-02	1.3587e-05	1.1755e-36	1.1755e-36	1.1755e-36	1.2851e-12	0.00e+00	0.00e+00	1.3217e+02
1.68260e+18	4.4175e+03	2.050e-22	2.7826e+01	2.6820e+00	7.6290e-06	9.2493e-01	7.5066e-02	7.6689e-01	2.2351e-01	9.6009e-03	3.8004e-08	4.0429e-03	9.7767e-01	1.8284e-02	1.1081e-06	9.4025e-01	5.9730e-02	1.3042e-05	1.1755e-36	1.1755e-36	1.1755e-36	1.4603e-12	0.00e+00	0.00e+00	1.3462e+02
1.69878e+18	4.2984e+03	1.977e-22	2.7826e+01	2.6075e+00	8.4430e-06	9.2706e-01	7.2930e-02	7.7272e-01	2.1806e-01	9.2192e-03	4.1101e-08	3.9616e-03	9.7822e-01	1.7815e-02	1.0990e-06	9.4205e-01	5.7933e-02	1.2442e-05	1.1755e-36	1.1755e-36	1.1755e-36	1.6600e-12	0.00e+00	0.00e+00	1.3743e+02
1.71638e+18	4.1726e+03	1.903e-22	2.7826e+01	2.5305e+00	9.2837e-06	9.2930e-01	7.0695e-02	7.7862e-01	2.1254e-01	8.8348e-03	4.3975e-08	3.8788e-03	9.7877e-01	1.7349e-02	1.0902e-06	9.4393e-01	5.6052e-02	1.1848e-05	1.1755e-36	1.1755e-36	1.1755e-36	1.8472e-12	0.00e+00	0.00e+00	1.4036e+02
1.73425e+18	4.0391e+03	1.835e-22	2.7826e+01	2.4585e+00	1.0106e-05	9.3131e-01	6.8683e-02	7.8466e-01	2.0691e-01	8.4332e-03	4.6177e-08	3.8068e-03	9.7930e-01	1.6888e-02	1.0828e-06	9.4564e-01	5.4349e-02	1.1332e-05	1.1755e-36	1.1755e-36	1.1755e-36	1.9803e-12	0.00e+00	0.00e+00	1.4328e+02
1.75126e+18	3.9101e+03	1.775e-22	2.7826e+01	2.3961e+00	1.0805e-05	9.3303e-01	6.6959e-02	7.9037e-01	2.0158e-01	8.0481e-03	4.7408e-08	3.7494e-03	9.7978e-01	1.6467e-02	1.0768e-06	9.4710e-01	5.2881e-02	1.0907e-05	1.1755e-36	1.1755e-36	1.1755e-36	2.0342e-12	0.00e+00	0.00e+00	1.4593e+02
###########################
1.09614e+14	8.6953e+03	4.174e-21	2.7826e+01	2.9611e+01	4.3311e-11	3.8890e-02	9.6111e-01	3.3806e-02	7.8045e-01	1.8575e-01	7.0289e-14	5.6843e-03	4.3601e-01	5.5436e-01	3.9264e-03	3.5180e-02	7.1820e-01	2.4356e-01	3.0464e-03	1.5623e-05	1.1755e-36	1.6811e-21	0.00e+00	0.00e+00	1.4980e-03
6.57682e+14	8.6833e+03	4.160e-21	2.7826e+01	2.9539e+01	4.3331e-11	3.8749e-02	9.6125e-01	3.3737e-02	7.8026e-01	1.8600e-01	6.9497e-14	5.6429e-03	4.3554e-01	5.5485e-01	3.9471e-03	3.5006e-02	7.1732e-01	2.4459e-01	3.0665e-03	1.5747e-05	1.1755e-36	1.6539e-21	0.00e+00	0.00e+00	7.4682e-03
2.84995e+15	8.6693e+03	4.138e-21	2.7826e+01	2.9521e+01	4.3363e-11	3.8595e-02	9.6141e-01	3.3753e-02	7.8048e-01	1.8577e-01	6.8740e-14	5.6260e-03	4.3555e-01	5.5484e-01	3.9553e-03	3.4802e-02	7.1601e-01	2.4609e-01	3.0810e-03	1.5805e-05	1.1755e-36	1.6273e-21	0.00e+00	0.00e+00	3.1254e-02
1.16190e+16	8.6231e+03	4.093e-21	2.7826e+01	2.9518e+01	4.4423e-11	3.8492e-02	9.6151e-01	3.3926e-02	7.8212e-01	1.8395e-01	6.7982e-14	5.6322e-03	4.3614e-01	5.5428e-01	3.9294e-03	3.4548e-02	7.1245e-01	2.4991e-01	3.0739e-03	1.5678e-05	1.1755e-36	1.6016e-21	0.00e+00	0.00e+00	1.2614e-01
2.77542e+16	8.4462e+03	3.937e-21	2.7826e+01	2.9559e+01	4.4769e-11	3.6748e-02	9.6325e-01	3.4069e-02	7.8320e-01	1.8273e-01	6.0410e-14	5.5019e-03	4.3640e-01	5.5401e-01	4.0668e-03	3.2281e-02	6.9792e-01	2.6646e-01	3.3230e-03	1.6683e-05	1.1755e-36	1.3440e-21	0.00e+00	0.00e+00	2.4391e-01
4.87298e+16	8.3063e+03	3.818e-21	2.7826e+01	2.9580e+01	4.6316e-11	3.5886e-02	9.6411e-01	3.4413e-02	7.8538e-01	1.8020e-01	5.6783e-14	5.4653e-03	4.3796e-01	5.5246e-01	4.0922e-03	3.1143e-02	6.8944e-01	2.7601e-01	3.3862e-03	1.6738e-05	1.1755e-36	1.2211e-21	0.00e+00	0.00e+00	3.9342e-01
7.59982e+16	8.1942e+03	3.726e-21	2.7826e+01	2.9574e+01	4.9370e-11	3.5765e-02	9.6423e-01	3.4920e-02	7.8889e-01	1.7619e-01	5.5992e-14	5.5035e-03	4.4041e-01	5.5006e-01	4.0122e-03	3.0888e-02	6.8546e-01	2.8036e-01	3.2805e-03	1.5969e-05	1.1755e-36	1.1894e-21	0.00e+00	0.00e+00	5.8713e-01
1.11447e+17	8.1027e+03	3.667e-21	2.7826e+01	2.9553e+01	5.5129e-11	3.6620e-02	9.6338e-01	3.5746e-02	7.9423e-01	1.7002e-01	5.8966e-14	5.6506e-03	4.4459e-01	5.4594e-01	3.7973e-03	3.1781e-02	6.8740e-01	2.7783e-01	2.9766e-03	1.4279e-05	1.1755e-36	1.2720e-21	0.00e+00	0.00e+00	8.4496e-01
1.54683e+17	8.0754e+03	3.625e-21	2.7826e+01	2.9466e+01	6.2313e-11	3.8389e-02	9.6161e-01	3.6733e-02	8.0049e-01	1.6277e-01	6.5683e-14	5.8943e-03	4.4963e-01	5.4097e-01	3.4890e-03	3.3820e-02	6.9568e-01	2.6795e-01	2.5349e-03	1.2064e-05	1.1755e-36	1.4776e-21	0.00e+00	0.00e+00	1.1579e+00
2.00013e+17	8.0885e+03	3.625e-21	2.7826e+01	2.9372e+01	7.2270e-11	4.1230e-02	9.5877e-01	3.7914e-02	8.0706e-01	1.5503e-01	7.7702e-14	6.2391e-03	4.5586e-01	5.3476e-01	3.1219e-03	3.7179e-02	7.0916e-01	2.5160e-01	2.0490e-03	9.7558e-06	1.1755e-36	1.8724e-21	0.00e+00	0.00e+00	1.4786e+00
2.48050e+17	8.1503e+03	3.663e-21	2.7826e+01	2.9222e+01	8.7686e-11	4.5838e-02	9.5416e-01	3.9657e-02	8.1460e-01	1.4574e-01	1.0034e-13	6.7679e-03	4.6510e-01	5.2545e-01	2.6686e-03	4.2757e-02	7.2920e-01	2.2651e-01	1.5225e-03	7.3516e-06	1.1755e-36	2.6798e-21	0.00e+00	0.00e+00	1.8959e+00
3.03694e+17	8.2677e+03	3.734e-21	2.7826e+01	2.8981e+01	1.1233e-10	5.3014e-02	9.4699e-01	4.2088e-02	8.2278e-01	1.3514e-01	1.4242e-13	7.5187e-03	4.7760e-01	5.1271e-01	2.1606e-03	5.1567e-02	7.5367e-01	1.9374e-01	1.0184e-03	5.0963e-06	1.1755e-36	4.3851e-21	0.00e+00	0.00e+00	2.4499e+00
3.62298e+17	8.4188e+03	3.846e-21	2.7826e+01	2.8656e+01	1.5249e-10	6.3496e-02	9.3650e-01	4.5189e-02	8.3033e-01	1.2448e-01	2.1920e-13	8.4811e-03	4.9317e-01	4.9667e-01	1.6698e-03	6.4513e-02	7.7744e-01	1.5742e-01	6.2226e-04	3.3177e-06	1.1755e-36	8.0538e-21	0.00e+00	0.00e+00	3.0940e+00
4.14161e+17	8.5863e+03	3.972e-21	2.7826e+01	2.8265e+01	2.0749e-10	7.6316e-02	9.2368e-01	4.8468e-02	8.3578e-01	1.1575e-01	3.3861e-13	9.4822e-03	5.0910e-01	4.8012e-01	1.2857e-03	8.0348e-02	7.9363e-01	1.2565e-01	3.7695e-04	2.1840e-06	1.1755e-36	1.4918e-20	0.00e+00	0.00e+00	3.7107e+00
4.55895e+17	8.7222e+03	4.081e-21	2.7826e+01	2.7877e+01	2.7603e-10	8.9877e-02	9.1012e-01	5.1765e-02	8.3939e-01	1.0885e-01	4.9835e-13	1.0399e-02	5.2437e-01	4.6421e-01	1.0151e-03	9.7032e-02	8.0103e-01	1.0169e-01	2.4034e-04	1.5173e-06	1.1755e-36	2.5794e-20	0.00e+00	0.00e+00	4.3025e+00
4.92680e+17	8.8457e+03	4.160e-21	2.7826e+01	2.7447e+01	3.6068e-10	1.0448e-01	8.9552e-01	5.5296e-02	8.4182e-01	1.0288e-01	7.1164e-13	1.1267e-02	5.3976e-01	4.4816e-01	8.1052e-04	1.1492e-01	8.0228e-01	8.2633e-02	1.5694e-04	1.0838e-06	1.1755e-36	4.2689e-20	0.00e+00	0.00e+00	4.9651e+00
5.27389e+17	8.9478e+03	4.226e-21	2.7826e+01	2.6977e+01	4.7562e-10	1.2115e-01	8.7885e-01	5.9196e-02	8.4336e-01	9.7445e-02	1.0112e-12	1.2122e-02	5.5583e-01	4.3140e-01	6.4664e-04	1.3516e-01	7.9788e-01	6.6858e-02	1.0273e-04	7.7975e-07	1.1755e-36	7.0206e-20	0.00e+00	0.00e+00	5.6744e+00
5.59719e+17	9.0295e+03	4.274e-21	2.7826e+01	2.6484e+01	6.2856e-10	1.3970e-01	8.6030e-01	6.3503e-02	8.4400e-01	9.2494e-02	1.4229e-12	1.2948e-02	5.7246e-01	4.1407e-01	5.1709e-04	1.5748e-01	7.8840e-01	5.4059e-02	6.7869e-05	5.6674e-07	1.1755e-36	1.1397e-19	0.00e+00	0.00e+00	6.4436e+00
5.90729e+17	9.1091e+03	4.277e-21	2.7826e+01	2.5827e+01	8.2130e-10	1.5989e-01	8.4011e-01	6.8183e-02	8.4370e-01	8.8120e-02	1.9613e-12	1.3660e-02	5.8905e-01	3.9688e-01	4.1527e-04	1.8153e-01	7.7484e-01	4.3580e-02	4.5151e-05	4.1586e-07	1.1755e-36	1.7960e-19	0.00e+00	0.00e+00	7.3056e+00
6.26015e+17	9.1549e+03	4.257e-21	2.7826e+01	2.5053e+01	1.1499e-09	1.8680e-01	8.1320e-01	7.4679e-02	8.4236e-01	8.2959e-02	2.8673e-12	1.4487e-02	6.1036e-01	3.7484e-01	3.1866e-04	2.1318e-01	7.5315e-01	3.3634e-02	2.7932e-05	2.8851e-07	1.1755e-36	3.0767e-19	0.00e+00	0.00e+00	8.6147e+00
6.61428e+17	9.2080e+03	4.204e-21	2.7826e+01	2.4121e+01	1.6300e-09	2.1910e-01	7.8090e-01	8.1950e-02	8.3941e-01	7.8641e-02	4.2396e-12	1.5177e-02	6.3225e-01	3.5233e-01	2.4204e-04	2.5055e-01	7.2403e-01	2.5398e-02	1.6930e-05	1.9631e-07	1.1755e-36	5.3978e-19	0.00e+00	0.00e+00	9.8057e+00
6.87927e+17	9.2377e+03	4.133e-21	2.7826e+01	2.3330e+01	2.1385e-09	2.4678e-01	7.5322e-01	8.8306e-02	8.3604e-01	7.5654e-02	5.7086e-12	1.5605e-02	6.4973e-01	3.3447e-01	1.9541e-04	2.8208e-01	6.9759e-01	2.0320e-02	1.1521e-05	1.4544e-07	1.1755e-36	8.3005e-19	0.00e+00	0.00e+00	1.0762e+01
7.08913e+17	9.2496e+03	4.053e-21	2.7826e+01	2.2662e+01	2.6515e-09	2.7006e-01	7.2994e-01	9.4001e-02	8.3267e-01	7.3332e-02	7.1890e-12	1.5881e-02	6.6421e-01	3.1974e-01	1.6454e-04	3.0827e-01	6.7476e-01	1.6969e-02	8.5013e-06	1.1755e-36	1.1755e-36	1.1590e-18	0.00e+00	0.00e+00	1.1707e+01
7.31808e+17	9.2488e+03	3.944e-21	2.7826e+01	2.1900e+01	3.3518e-09	2.9659e-01	7.0341e-01	1.0099e-01	8.2829e-01	7.0723e-02	9.1927e-12	1.6120e-02	6.8060e-01	3.0315e-01	1.3599e-04	3.3775e-01	6.4834e-01	1.3898e-02	6.1129e-06	1.1755e-36	1.1755e-36	1.6552e-18	0.00e+00	0.00e+00	1.3056e+01
7.57535e+17	9.2465e+03	3.803e-21	2.7826e+01	2.0978e+01	4.3596e-09	3.2863e-01	6.7137e-01	1.0933e-01	8.2247e-01	6.8205e-02	1.2082e-11	1.6250e-02	6.9863e-01	2.8501e-01	1.0979e-04	3.7284e-01	6.1613e-01	1.1027e-02	4.2213e-06	1.1755e-36	1.1755e-36	2.4726e-18	0.00e+00	0.00e+00	1.4532e+01
7.81246e+17	9.2370e+03	3.655e-21	2.7826e+01	2.0088e+01	5.5569e-09	3.5986e-01	6.4014e-01	1.1783e-01	8.1610e-01	6.6064e-02	1.5501e-11	1.6265e-02	7.1537e-01	2.6828e-01	8.9985e-05	4.0650e-01	5.8464e-01	8.8510e-03	3.0053e-06	1.1755e-36	1.1755e-36	3.5785e-18	0.00e+00	0.00e+00	1.5914e+01
8.02037e+17	9.2184e+03	3.511e-21	2.7826e+01	1.9303e+01	6.8510e-09	3.8764e-01	6.1236e-01	1.2614e-01	8.0964e-01	6.4214e-02	1.9163e-11	1.6219e-02	7.3027e-01	2.5344e-01	7.5525e-05	4.3605e-01	5.5667e-01	7.2841e-03	2.2449e-06	1.1755e-36	1.1755e-36	4.9093e-18	0.00e+00	0.00e+00	1.7257e+01
8.21611e+17	9.1961e+03	3.364e-21	2.7826e+01	1.8558e+01	8.2777e-09	4.1348e-01	5.8652e-01	1.3456e-01	8.0294e-01	6.2507e-02	2.3164e-11	1.6108e-02	7.4411e-01	2.3972e-01	6.4145e-05	4.6318e-01	5.3075e-01	6.0693e-03	1.7216e-06	1.1755e-36	1.1755e-36	6.5195e-18	0.00e+00	0.00e+00	1.8668e+01
8.40986e+17	9.1673e+03	3.212e-21	2.7826e+01	1.7822e+01	9.9450e-09	4.3898e-01	5.6102e-01	1.4349e-01	7.9566e-01	6.0850e-02	2.7785e-11	1.5948e-02	7.5760e-01	2.2640e-01	5.4604e-05	4.8964e-01	5.0530e-01	5.0624e-03	1.3328e-06	1.1755e-36	1.1755e-36	8.5732e-18	0.00e+00	0.00e+00	2.0159e+01
8.60022e+17	9.1304e+03	3.063e-21	2.7826e+01	1.7129e+01	1.1904e-08	4.6422e-01	5.3578e-01	1.5307e-01	7.8776e-01	5.9160e-02	3.3185e-11	1.5771e-02	7.7079e-01	2.1339e-01	4.6563e-05	5.1552e-01	4.8026e-01	4.2268e-03	1.0416e-06	1.1755e-36	1.1755e-36	1.1229e-17	0.00e+00	0.00e+00	2.1688e+01
8.75085e+17	9.1171e+03	2.939e-21	2.7826e+01	1.6543e+01	1.3472e-08	4.8275e-01	5.1725e-01	1.6022e-01	7.8156e-01	5.8218e-02	3.7555e-11	1.5531e-02	7.8010e-01	2.0433e-01	4.1439e-05	5.3432e-01	4.6200e-01	3.6838e-03	8.6908e-07	1.1755e-36	1.1755e-36	1.3563e-17	0.00e+00	0.00e+00	2.2653e+01
8.85669e+17	9.0811e+03	2.857e-21	2.7826e+01	1.6194e+01	1.4825e-08	4.9541e-01	5.0459e-01	1.6624e-01	7.7652e-01	5.7242e-02	4.1062e-11	1.5426e-02	7.8721e-01	1.9733e-01	3.8044e-05	5.4709e-01	4.4956e-01	3.3516e-03	7.6870e-07	1.1755e-36	1.1755e-36	1.5529e-17	0.00e+00	0.00e+00	2.3505e+01
8.95922e+17	9.0508e+03	2.774e-21	2.7826e+01	1.5857e+01	1.6205e-08	5.0753e-01	4.9247e-01	1.7240e-01	7.7135e-01	5.6250e-02	4.4726e-11	1.5317e-02	7.9412e-01	1.9053e-01	3.4960e-05	5.5925e-01	4.3769e-01	3.0523e-03	6.8259e-07	1.1755e-36	1.1755e-36	1.7678e-17	0.00e+00	0.00e+00	2.4461e+01
9.07579e+17	9.0229e+03	2.677e-21	2.7826e+01	1.5447e+01	1.7831e-08	5.2102e-01	4.7898e-01	1.7935e-01	7.6546e-01	5.5200e-02	4.9044e-11	1.5143e-02	8.0164e-01	1.8318e-01	3.1794e-05	5.7270e-01	4.2456e-01	2.7416e-03	5.9762e-07	1.1755e-36	1.1755e-36	2.0335e-17	0.00e+00	0.00e+00	2.5613e+01
9.20775e+17	8.9822e+03	2.570e-21	2.7826e+01	1.4984e+01	1.9972e-08	5.3649e-01	4.6351e-01	1.8735e-01	7.5859e-01	5.4061e-02	5.4536e-11	1.4931e-02	8.0981e-01	1.7523e-01	2.8574e-05	5.8803e-01	4.0955e-01	2.4267e-03	5.1542e-07	1.1755e-36	1.1755e-36	2.3957e-17	0.00e+00	0.00e+00	2.6915e+01
9.33408e+17	8.9570e+03	2.471e-21	2.7826e+01	1.4549e+01	2.2043e-08	5.5095e-01	4.4905e-01	1.9490e-01	7.5196e-01	5.3138e-02	6.0110e-11	1.4702e-02	8.1712e-01	1.6815e-01	2.5884e-05	6.0223e-01	3.9560e-01	2.1600e-03	4.4947e-07	1.1755e-36	1.1755e-36	2.7875e-17	0.00e+00	0.00e+00	2.8024e+01
9.44198e+17	8.9184e+03	2.389e-21	2.7826e+01	1.4211e+01	2.4139e-08	5.6320e-01	4.3680e-01	2.0210e-01	7.4569e-01	5.2215e-02	6.5503e-11	1.4538e-02	8.2354e-01	1.6190e-01	2.3740e-05	6.1421e-01	3.8383e-01	1.9559e-03	4.0096e-07	1.1755e-36	1.1755e-36	3.1870e-17	0.00e+00	0.00e+00	2.9025e+01
9.54481e+17	8.8930e+03	2.309e-21	2.7826e+01	1.3874e+01	2.6054e-08	5.7392e-01	4.2608e-01	2.0888e-01	7.3972e-01	5.1403e-02	7.0537e-11	1.4350e-02	8.2937e-01	1.5626e-01	2.1901e-05	6.2464e-01	3.7358e-01	1.7824e-03	3.6147e-07	1.1755e-36	1.1755e-36	3.5735e-17	0.00e+00	0.00e+00	3.0079e+01
9.65812e+17	8.8486e+03	2.223e-21	2.7826e+01	1.3513e+01	2.8620e-08	5.8618e-01	4.1382e-01	2.1686e-01	7.3274e-01	5.0397e-02	7.6934e-11	1.4152e-02	8.3582e-01	1.5000e-01	1.9990e-05	6.3650e-01	3.6190e-01	1.6052e-03	3.2231e-07	1.1755e-36	1.1755e-36	4.0948e-17	0.00e+00	0.00e+00	3.1337e+01
9.78140e+17	8.8051e+03	2.133e-21	2.7826e+01	1.3133e+01	3.1642e-08	5.9976e-01	4.0024e-01	2.2566e-01	7.2498e-01	4.9360e-02	8.4723e-11	1.3929e-02	8.4256e-01	1.4350e-01	1.8112e-05	6.4955e-01	3.4902e-01	1.4295e-03	2.8480e-07	1.1755e-36	1.1755e-36	4.7732e-17	0.00e+00	0.00e+00	3.2648e+01
9.90047e+17	8.7755e+03	2.046e-21	2.7826e+01	1.2751e+01	3.4474e-08	6.1182e-01	3.8818e-01	2.3376e-01	7.1770e-01	4.8541e-02	9.2131e-11	1.3674e-02	8.4851e-01	1.3779e-01	1.6542e-05	6.6107e-01	3.3764e-01	1.2822e-03	2.5464e-07	1.1755e-36	1.1755e-36	5.4526e-17	0.00e+00	0.00e+00	3.3870e+01
1.00150e+18	8.7253e+03	1.967e-21	2.7826e+01	1.2417e+01	3.7876e-08	6.2376e-01	3.7624e-01	2.4258e-01	7.0986e-01	4.7556e-02	1.0063e-10	1.3466e-02	8.5447e-01	1.3205e-01	1.5105e-05	6.7243e-01	3.2642e-01	1.1524e-03	2.2871e-07	1.1755e-36	1.1755e-36	6.2805e-17	0.00e+00	0.00e+00	3.5135e+01
1.01313e+18	8.6922e+03	1.886e-21	2.7826e+01	1.2064e+01	4.1112e-08	6.3485e-01	3.6515e-01	2.5109e-01	7.0219e-01	4.6723e-02	1.0902e-10	1.3218e-02	8.6003e-01	1.2674e-01	1.3827e-05	6.8291e-01	3.1605e-01	1.0367e-03	2.0643e-07	1.1755e-36	1.1755e-36	7.1363e-17	0.00e+00	0.00e+00	3.6440e+01
1.02528e+18	8.6416e+03	1.806e-21	2.7826e+01	1.1711e+01	4.5199e-08	6.4673e-01	3.5327e-01	2.6062e-01	6.9362e-01	4.5759e-02	1.1922e-10	1.2973e-02	8.6584e-01	1.2118e-01	1.2584e-05	6.9409e-01	3.0498e-01	9.2632e-04	1.8560e-07	1.1755e-36	1.1755e-36	8.2462e-17	0.00e+00	0.00e+00	3.7873e+01
1.03785e+18	8.5920e+03	1.725e-21	2.7826e+01	1.1359e+01	4.9767e-08	6.5900e-01	3.4100e-01	2.7067e-01	6.8454e-01	4.4785e-02	1.3093e-10	1.2717e-02	8.7160e-01	1.1567e-01	1.1425e-05	7.0558e-01	2.9360e-01	8.2344e-04	1.6661e-07	1.1755e-36	1.1755e-36	9.6082e-17	0.00e+00	0.00e+00	3.9324e+01
1.05006e+18	8.5467e+03	1.649e-21	2.7826e+01	1.1017e+01	5.4393e-08	6.7021e-01	3.2979e-01	2.8037e-01	6.7572e-01	4.3910e-02	1.4278e-10	1.2456e-02	8.7689e-01	1.1065e-01	1.0429e-05	7.1601e-01	2.8326e-01	7.3605e-04	1.5089e-07	1.1755e-36	1.1755e-36	1.1068e-16	0.00e+00	0.00e+00	4.0723e+01
1.06206e+18	8.4981e+03	1.577e-21	2.7826e+01	1.0694e+01	5.9361e-08	6.8081e-01	3.1919e-01	2.9031e-01	6.6669e-01	4.3003e-02	1.5544e-10	1.2207e-02	8.8196e-01	1.0582e-01	9.5352e-06	7.2582e-01	2.7352e-01	6.5963e-04	1.3742e-07	1.1755e-36	1.1755e-36	1.2716e-16	0.00e+00	0.00e+00	4.2172e+01
1.07454e+18	8.4497e+03	1.504e-21	2.7826e+01	1.0363e+01	6.4847e-08	6.9145e-01	3.0855e-01	3.0070e-01	6.5721e-01	4.2095e-02	1.6956e-10	1.1941e-02	8.8700e-01	1.0105e-01	8.6983e-06	7.3564e-01	2.6377e-01	5.8878e-04	1.2512e-07	1.1755e-36	1.1755e-36	1.4666e-16	0.00e+00	0.00e+00	4.3732e+01
1.08761e+18	8.3926e+03	1.432e-21	2.7826e+01	1.0025e+01	7.1413e-08	7.0268e-01	2.9732e-01	3.1190e-01	6.4697e-01	4.1136e-02	1.8641e-10	1.1664e-02	8.9210e-01	9.6225e-02	7.9046e-06	7.4594e-01	2.5354e-01	5.2200e-04	1.1755e-36	1.1755e-36	1.1755e-36	1.7164e-16	0.00e+00	0.00e+00	4.5375e+01
1.10069e+18	8.3336e+03	1.362e-21	2.7826e+01	9.6980e+00	7.8641e-08	7.1370e-01	2.8630e-01	3.2330e-01	6.3650e-01	4.0197e-02	2.0512e-10	1.1388e-02	8.9698e-01	9.1624e-02	7.1949e-06	7.5599e-01	2.4355e-01	4.6276e-04	1.1755e-36	1.1755e-36	1.1755e-36	2.0139e-16	0.00e+00	0.00e+00	4.6986e+01
1.11330e+18	8.2848e+03	1.297e-21	2.7826e+01	9.3875e+00	8.5587e-08	7.2333e-01	2.7667e-01	3.3409e-01	6.2656e-01	3.9349e-02	2.2345e-10	1.1117e-02	9.0138e-01	8.7499e-02	6.5925e-06	7.6474e-01	2.3484e-01	4.1352e-04	1.1755e-36	1.1755e-36	1.1755e-36	2.3214e-16	0.00e+00	0.00e+00	4.8558e+01
1.12614e+18	8.2204e+03	1.235e-21	2.7826e+01	9.0860e+00	9.4007e-08	7.3307e-01	2.6693e-01	3.4583e-01	6.1577e-01	3.8399e-02	2.4512e-10	1.0854e-02	9.0582e-01	8.3324e-02	6.0265e-06	7.7356e-01	2.2607e-01	3.6849e-04	1.1755e-36	1.1755e-36	1.1755e-36	2.7105e-16	0.00e+00	0.00e+00	5.0271e+01
1.13971e+18	8.1539e+03	1.171e-21	2.7826e+01	8.7788e+00	1.0380e-07	7.4345e-01	2.5655e-01	3.5840e-01	6.0419e-01	3.7409e-02	2.7120e-10	1.0579e-02	9.1029e-01	7.9124e-02	5.4888e-06	7.8291e-01	2.1676e-01	3.2567e-04	1.1755e-36	1.1755e-36	1.1755e-36	3.2146e-16	0.00e+00	0.00e+00	5.2080e+01
1.15325e+18	8.0915e+03	1.111e-21	2.7826e+01	8.4722e+00	1.1410e-07	7.5319e-01	2.4681e-01	3.7057e-01	5.9291e-01	3.6525e-02	2.9892e-10	1.0294e-02	9.1442e-01	7.5276e-02	5.0208e-06	7.9164e-01	2.0807e-01	2.8861e-04	1.1755e-36	1.1755e-36	1.1755e-36	3.7903e-16	0.00e+00	0.00e+00	5.3832e+01
1.16644e+18	8.0267e+03	1.055e-21	2.7826e+01	8.1899e+00	1.2510e-07	7.6212e-01	2.3788e-01	3.8280e-01	5.8158e-01	3.5618e-02	3.2873e-10	1.0030e-02	9.1830e-01	7.1662e-02	4.6110e-06	7.9962e-01	2.0012e-01	2.5710e-04	1.1755e-36	1.1755e-36	1.1755e-36	4.4503e-16	0.00e+00	0.00e+00	5.5590e+01
1.17992e+18	7.9608e+03	1.001e-21	2.7826e+01	7.9104e+00	1.3725e-07	7.7083e-01	2.2917e-01	3.9539e-01	5.6991e-01	3.4694e-02	3.6224e-10	9.7645e-03	9.2208e-01	6.8154e-02	4.2353e-06	8.0737e-01	1.9240e-01	2.2873e-04	1.1755e-36	1.1755e-36	1.1755e-36	5.2432e-16	0.00e+00	0.00e+00	5.7463e+01
1.19411e+18	7.8754e+03	9.471e-22	2.7826e+01	7.6232e+00	1.5297e-07	7.8017e-01	2.1983e-01	4.0900e-01	5.5730e-01	3.3694e-02	4.0485e-10	9.4901e-03	9.2590e-01	6.4607e-02	3.8793e-06	8.1565e-01	1.8414e-01	2.0199e-04	1.1755e-36	1.1755e-36	1.1755e-36	6.3490e-16	0.00e+00	0.00e+00	5.9459e+01
1.20836e+18	7.8246e+03	8.953e-22	2.7826e+01	7.3415e+00	1.6640e-07	7.8858e-01	2.1142e-01	4.2170e-01	5.4541e-01	3.2890e-02	4.4603e-10	9.2017e-03	9.2935e-01	6.1442e-02	3.5722e-06	8.2307e-01	1.7675e-01	1.7887e-04	1.1755e-36	1.1755e-36	1.1755e-36	7.4668e-16	0.00e+00	0.00e+00	6.1389e+01
1.22251e+18	7.7397e+03	8.475e-22	2.7826e+01	7.0793e+00	1.8473e-07	7.9688e-01	2.0312e-01	4.3535e-01	5.3274e-01	3.1915e-02	4.9811e-10	8.9427e-03	9.3275e-01	5.8307e-02	3.2941e-06	8.3037e-01	1.6947e-01	1.5874e-04	1.1755e-36	1.1755e-36	1.1755e-36	9.0239e-16	0.00e+00	0.00e+00	6.3400e+01
1.23692e+18	7.6542e+03	8.014e-22	2.7826e+01	6.8200e+00	2.0526e-07	8.0503e-01	1.9497e-01	4.4911e-01	5.1992e-01	3.0966e-02	5.5812e-10	8.6811e-03	9.3599e-01	5.5328e-02	3.0438e-06	8.3752e-01	1.6234e-01	1.4072e-04	1.1755e-36	1.1755e-36	1.1755e-36	1.0972e-15	0.00e+00	0.00e+00	6.5446e+01
1.25139e+18	7.5691e+03	7.581e-22	2.7826e+01	6.5750e+00	2.2788e-07	8.1289e-01	1.8711e-01	4.6303e-01	5.0696e-01	3.0007e-02	6.2672e-10	8.4293e-03	9.3906e-01	5.2506e-02	2.8206e-06	8.4438e-01	1.5549e-01	1.2489e-04	1.1755e-36	1.1755e-36	1.1755e-36	1.3383e-15	0.00e+00	0.00e+00	6.7512e+01
1.26591e+18	7.4844e+03	7.170e-22	2.7826e+01	6.3350e+00	2.5260e-07	8.2020e-01	1.7980e-01	4.7674e-01	4.9417e-01	2.9088e-02	7.0329e-10	8.1792e-03	9.4194e-01	4.9878e-02	2.6236e-06	8.5076e-01	1.4913e-01	1.1114e-04	1.1755e-36	1.1755e-36	1.1755e-36	1.6299e-15	0.00e+00	0.00e+00	6.9613e+01
1.28065e+18	7.4029e+03	6.777e-22	2.7826e+01	6.0991e+00	2.7923e-07	8.2711e-01	1.7289e-01	4.9032e-01	4.8147e-01	2.8202e-02	7.8885e-10	7.9292e-03	9.4466e-01	4.7410e-02	2.4476e-06	8.5676e-01	1.4315e-01	9.9019e-05	1.1755e-36	1.1755e-36	1.1755e-36	1.9815e-15	0.00e+00	0.00e+00	7.1778e+01
1.29580e+18	7.3049e+03	6.401e-22	2.7826e+01	5.8714e+00	3.1282e-07	8.3425e-01	1.6575e-01	5.0464e-01	4.6813e-01	2.7233e-02	8.9787e-10	7.6885e-03	9.4733e-01	4.4981e-02	2.2856e-06	8.6293e-01	1.3698e-01	8.7982e-05	1.1755e-36	1.1755e-36	1.1755e-36	2.4759e-15	0.00e+00	0.00e+00	7.4035e+01
1.31068e+18	7.2126e+03	6.056e-22	2.7826e+01	5.6543e+00	3.4845e-07	8.4079e-01	1.5921e-01	5.1807e-01	4.5556e-01	2.6367e-02	1.0177e-09	7.4536e-03	9.4972e-01	4.2821e-02	2.1480e-06	8.6858e-01	1.3134e-01	7.8632e-05	1.1755e-36	1.1755e-36	1.1755e-36	3.0706e-15	0.00e+00	0.00e+00	7.6155e+01
1.32487e+18	7.1181e+03	5.751e-22	2.7826e+01	5.4640e+00	3.8722e-07	8.4649e-01	1.5351e-01	5.3124e-01	4.4328e-01	2.5475e-02	1.1506e-09	7.2488e-03	9.5190e-01	4.0845e-02	2.0304e-06	8.7349e-01	1.2643e-01	7.0945e-05	1.1755e-36	1.1755e-36	1.1755e-36	3.7863e-15	0.00e+00	0.00e+00	7.8242e+01
1.33889e+18	7.0223e+03	5.467e-22	2.7826e+01	5.2824e+00	4.3043e-07	8.5182e-01	1.4818e-01	5.4405e-01	4.3133e-01	2.4614e-02	1.3025e-09	7.0514e-03	9.5393e-01	3.9020e-02	1.9271e-06	8.7808e-01	1.2186e-01	6.4255e-05	1.1755e-36	1.1755e-36	1.1755e-36	4.6788e-15	0.00e+00	0.00e+00	8.0339e+01
1.35288e+18	6.9263e+03	5.200e-22	2.7826e+01	5.1089e+00	4.7873e-07	8.5695e-01	1.4305e-01	5.5658e-01	4.1965e-01	2.3777e-02	1.4782e-09	6.8611e-03	9.5581e-01	3.7325e-02	1.8351e-06	8.8248e-01	1.1746e-01	5.8324e-05	1.1755e-36	1.1755e-36	1.1755e-36	5.8077e-15	0.00e+00	0.00e+00	8.2441e+01
1.36678e+18	6.8298e+03	4.952e-22	2.7826e+01	4.9436e+00	5.3264e-07	8.6181e-01	1.3819e-01	5.6875e-01	4.0828e-01	2.2969e-02	1.6805e-09	6.6781e-03	9.5756e-01	3.5757e-02	1.7537e-06	8.8665e-01	1.1330e-01	5.3109e-05	1.1755e-36	1.1755e-36	1.1755e-36	7.2306e-15	0.00e+00	0.00e+00	8.4536e+01
1.38053e+18	6.7331e+03	4.722e-22	2.7826e+01	4.7876e+00	5.9261e-07	8.6638e-01	1.3362e-01	5.8056e-01	3.9725e-01	2.2184e-02	1.9129e-09	6.5043e-03	9.5919e-01	3.4309e-02	1.6818e-06	8.9055e-01	1.0940e-01	4.8537e-05	1.1755e-36	1.1755e-36	1.1755e-36	9.0200e-15	0.00e+00	0.00e+00	8.6617e+01
1.39412e+18	6.6288e+03	4.507e-22	2.7826e+01	4.6369e+00	6.6321e-07	8.7067e-01	1.2933e-01	5.9198e-01	3.8659e-01	2.1425e-02	2.1895e-09	6.3361e-03	9.6069e-01	3.2977e-02	1.6185e-06	8.9421e-01	1.0574e-01	4.4545e-05	1.1755e-36	1.1755e-36	1.1755e-36	1.1375e-14	0.00e+00	0.00e+00	8.8684e+01
1.40722e+18	6.5410e+03	4.315e-22	2.7826e+01	4.5041e+00	7.3188e-07	8.7452e-01	1.2548e-01	6.0263e-01	3.7665e-01	2.0722e-02	2.4771e-09	6.1853e-03	9.6203e-01	3.1786e-02	1.5638e-06	8.9750e-01	1.0246e-01	4.1116e-05	1.1755e-36	1.1755e-36	1.1755e-36	1.4022e-14	0.00e+00	0.00e+00	9.0633e+01
1.42033e+18	6.4333e+03	4.132e-22	2.7826e+01	4.3730e+00	8.2096e-07	8.7819e-01	1.2181e-01	6.1348e-01	3.6654e-01	1.9979e-02	2.8459e-09	6.0389e-03	9.6332e-01	3.0638e-02	1.5141e-06	9.0063e-01	9.9336e-02	3.8067e-05	1.1755e-36	1.1755e-36	1.1755e-36	1.7788e-14	0.00e+00	0.00e+00	9.2720e+01
1.43333e+18	6.3465e+03	3.962e-22	2.7826e+01	4.2488e+00	9.0616e-07	8.8171e-01	1.1829e-01	6.2324e-01	3.5741e-01	1.9351e-02	3.2264e-09	5.8953e-03	9.6448e-01	2.9628e-02	1.4704e-06	9.0362e-01	9.6343e-02	3.5312e-05	1.1755e-36	1.1755e-36	1.1755e-36	2.2017e-14	0.00e+00	0.00e+00	9.4651e+01
1.44619e+18	6.2394e+03	3.803e-22	2.7826e+01	4.1327e+00	1.0174e-06	8.8502e-01	1.1498e-01	6.3343e-01	3.4792e-01	1.8648e-02	3.7197e-09	5.7650e-03	9.6559e-01	2.8639e-02	1.4306e-06	9.0643e-01	9.3533e-02	3.2888e-05	1.1755e-36	1.1755e-36	1.1755e-36	2.8096e-14	0.00e+00	0.00e+00	9.6713e+01
1.45888e+18	6.1548e+03	3.656e-22	2.7826e+01	4.0219e+00	1.1212e-06	8.8812e-01	1.1188e-01	6.4240e-01	3.3953e-01	1.8071e-02	4.2143e-09	5.6354e-03	9.6658e-01	2.7782e-02	1.3958e-06	9.0906e-01	9.0908e-02	3.0713e-05	1.1755e-36	1.1755e-36	1.1755e-36	3.4729e-14	0.00e+00	0.00e+00	9.8604e+01
1.47149e+18	6.0496e+03	3.516e-22	2.7826e+01	3.9154e+00	1.2576e-06	8.9096e-01	1.0904e-01	6.5173e-01	3.3084e-01	1.7432e-02	4.8574e-09	5.5142e-03	9.6754e-01	2.6943e-02	1.3642e-06	9.1148e-01	8.8492e-02	2.8803e-05	1.1755e-36	1.1755e-36	1.1755e-36	4.4283e-14	0.00e+00	0.00e+00	1.0065e+02
1.48408e+18	5.9549e+03	3.387e-22	2.7826e+01	3.8157e+00	1.4015e-06	8.9394e-01	1.0606e-01	6.6041e-01	3.2274e-01	1.6853e-02	5.5770e-09	5.3992e-03	9.6841e-01	2.6189e-02	1.3357e-06	9.1400e-01	8.5968e-02	2.7006e-05	1.1755e-36	1.1755e-36	1.1755e-36	5.6127e-14	0.00e+00	0.00e+00	1.0255e+02
1.49600e+18	5.8617e+03	3.271e-22	2.7826e+01	3.7269e+00	1.5562e-06	8.9639e-01	1.0361e-01	6.6866e-01	3.1505e-01	1.6290e-02	6.3670e-09	5.2973e-03	9.6920e-01	2.5505e-02	1.3113e-06	9.1608e-01	8.3895e-02	2.5524e-05	1.1755e-36	1.1755e-36	1.1755e-36	7.0337e-14	0.00e+00	0.00e+00	1.0440e+02
1.50779e+18	5.7738e+03	3.162e-22	2.7826e+01	3.6422e+00	1.7200e-06	8.9866e-01	1.0134e-01	6.7650e-01	3.0774e-01	1.5760e-02	7.2361e-09	5.1992e-03	9.6993e-01	2.4872e-02	1.2891e-06	9.1800e-01	8.1973e-02	2.4184e-05	1.1755e-36	1.1755e-36	1.1755e-36	8.7389e-14	0.00e+00	0.00e+00	1.0627e+02
1.51992e+18	5.6786e+03	3.055e-22	2.7826e+01	3.5571e+00	1.9180e-06	9.0103e-01	9.8972e-02	6.8439e-01	3.0039e-01	1.5222e-02	8.3140e-09	5.1010e-03	9.7064e-01	2.4257e-02	1.2682e-06	9.2001e-01	7.9968e-02	2.2896e-05	1.1755e-36	1.1755e-36	1.1755e-36	1.1079e-13	0.00e+00	0.00e+00	1.0824e+02
1.53215e+18	5.5871e+03	2.952e-22	2.7826e+01	3.4728e+00	2.1333e-06	9.0338e-01	9.6619e-02	6.9175e-01	2.9351e-01	1.4734e-02	9.5330e-09	5.0023e-03	9.7130e-01	2.3700e-02	1.2492e-06	9.2200e-01	7.7980e-02	2.1694e-05	1.1755e-36	1.1755e-36	1.1755e-36	1.4006e-13	0.00e+00	0.00e+00	1.1015e+02
1.54413e+18	5.4948e+03	2.858e-22	2.7826e+01	3.3954e+00	2.3739e-06	9.0551e-01	9.4483e-02	6.9893e-01	2.8682e-01	1.4247e-02	1.0932e-08	4.9126e-03	9.7191e-01	2.3180e-02	1.2322e-06	9.2380e-01	7.6174e-02	2.0636e-05	1.1755e-36	1.1755e-36	1.1755e-36	1.7700e-13	0.00e+00	0.00e+00	1.1205e+02
1.55598e+18	5.4035e+03	2.769e-22	2.7826e+01	3.3219e+00	2.6389e-06	9.0753e-01	9.2468e-02	7.0580e-01	2.8042e-01	1.3781e-02	1.2521e-08	4.8277e-03	9.7247e-01	2.2700e-02	1.2169e-06	9.2551e-01	7.4469e-02	1.9678e-05	1.1755e-36	1.1755e-36	1.1755e-36	2.2325e-13	0.00e+00	0.00e+00	1.1392e+02
1.56772e+18	5.3126e+03	2.686e-22	2.7826e+01	3.2521e+00	2.9320e-06	9.0944e-01	9.0556e-02	7.1242e-01	2.7425e-01	1.3329e-02	1.4335e-08	4.7472e-03	9.7300e-01	2.2253e-02	1.2031e-06	9.2713e-01	7.2852e-02	1.8806e-05	1.1755e-36	1.1755e-36	1.1755e-36	2.8136e-13	0.00e+00	0.00e+00	1.1579e+02
1.57944e+18	5.2220e+03	2.607e-22	2.7826e+01	3.1848e+00	3.2562e-06	9.1128e-01	8.8714e-02	7.1881e-01	2.6830e-01	1.2894e-02	1.6407e-08	4.6697e-03	9.7349e-01	2.1837e-02	1.1905e-06	9.2869e-01	7.1295e-02	1.8002e-05	1.1755e-36	1.1755e-36	1.1755e-36	3.5442e-13	0.00e+00	0.00e+00	1.1767e+02
1.59118e+18	5.1323e+03	2.530e-22	2.7826e+01	3.1176e+00	3.6096e-06	9.1301e-01	8.6991e-02	7.2484e-01	2.6267e-01	1.2488e-02	1.8734e-08	4.5918e-03	9.7395e-01	2.1456e-02	1.1791e-06	9.3014e-01	6.9836e-02	1.7266e-05	1.1755e-36	1.1755e-36	1.1755e-36	4.4456e-13	0.00e+00	0.00e+00	1.1956e+02
1.60308e+18	5.0451e+03	2.457e-22	2.7826e+01	3.0536e+00	3.9895e-06	9.1470e-01	8.5291e-02	7.3077e-01	2.5714e-01	1.2088e-02	2.1341e-08	4.5177e-03	9.7439e-01	2.1089e-02	1.1683e-06	9.3158e-01	6.8398e-02	1.6567e-05	1.1755e-36	1.1755e-36	1.1755e-36	5.5497e-13	0.00e+00	0.00e+00	1.2149e+02
1.61541e+18	4.9520e+03	2.385e-22	2.7826e+01	2.9911e+00	4.4343e-06	9.1653e-01	8.3466e-02	7.3687e-01	2.5146e-01	1.1671e-02	2.4010e-08	4.4469e-03	9.7490e-01	2.0657e-02	1.1571e-06	9.3312e-01	6.6859e-02	1.5878e-05	1.1755e-36	1.1755e-36	1.1755e-36	6.7808e-13	0.00e+00	0.00e+00	1.2352e+02
1.62802e+18	4.8293e+03	2.314e-22	2.7826e+01	2.9195e+00	5.0632e-06	9.1848e-01	8.1514e-02	7.4286e-01	2.4588e-01	1.1258e-02	2.6893e-08	4.3688e-03	9.7546e-01	2.0168e-02	1.1465e-06	9.3478e-01	6.5202e-02	1.5239e-05	1.1755e-36	1.1755e-36	1.1755e-36	8.2595e-13	0.00e+00	0.00e+00	1.2556e+02
1.63938e+18	4.7683e+03	2.255e-22	2.7826e+01	2.8692e+00	5.4169e-06	9.1982e-01	8.0173e-02	7.4750e-01	2.4155e-01	1.0957e-02	2.8716e-08	4.3092e-03	9.7589e-01	1.9804e-02	1.1374e-06	9.3591e-01	6.4076e-02	1.4715e-05	1.1755e-36	1.1755e-36	1.1755e-36	9.1917e-13	0.00e+00	0.00e+00	1.2719e+02
1.65103e+18	4.6623e+03	2.197e-22	2.7826e+01	2.8193e+00	6.0385e-06	9.2119e-01	7.8808e-02	7.5357e-01	2.3592e-01	1.0517e-02	3.1428e-08	4.2599e-03	9.7641e-01	1.9326e-02	1.1283e-06	9.3708e-01	6.2906e-02	1.4239e-05	1.1755e-36	1.1755e-36	1.1755e-36	1.0680e-12	0.00e+00	0.00e+00	1.2932e+02
1.66402e+18	4.5498e+03	2.132e-22	2.7826e+01	2.7515e+00	6.7517e-06	9.2307e-01	7.6920e-02	7.5876e-01	2.3107e-01	1.0170e-02	3.4419e-08	4.1852e-03	9.7691e-01	1.8908e-02	1.1198e-06	9.3867e-01	6.1310e-02	1.3685e-05	1.1755e-36	1.1755e-36	1.1755e-36	1.2489e-12	0.00e+00	0.00e+00	1.3140e+02
1.67647e+18	4.4584e+03	2.074e-22	2.7826e+01	2.6859e+00	7.3293e-06	9.2427e-01	7.5720e-02	7.6298e-01	2.2711e-01	9.9055e-03	3.6622e-08	4.1086e-03	9.7732e-01	1.8566e-02	1.1130e-06	9.3970e-01	6.0284e-02	1.3265e-05	1.1755e-36	1.1755e-36	1.1755e-36	1.3825e-12	0.00e+00	0.00e+00	1.3337e+02
1.69022e+18	4.3649e+03	2.014e-22	2.7826e+01	2.6431e+00	7.9979e-06	9.2609e-01	7.3900e-02	7.6939e-01	2.2116e-01	9.4497e-03	3.9514e-08	4.0690e-03	9.7785e-01	1.8078e-02	1.1035e-06	9.4123e-01	5.8756e-02	1.2724e-05	1.1755e-36	1.1755e-36	1.1755e-36	1.5601e-12	0.00e+00	0.00e+00	1.3587e+02
1.70710e+18	4.2423e+03	1.939e-22	2.7826e+01	2.5659e+00	8.8313e-06	9.2833e-01	7.1665e-02	7.7527e-01	2.1566e-01	9.0658e-03	4.2577e-08	3.9841e-03	9.7841e-01	1.7602e-02	1.0943e-06	9.4311e-01	5.6878e-02	1.2114e-05	1.1755e-36	1.1755e-36	1.1755e-36	1.7603e-12	0.00e+00	0.00e+00	1.3887e+02
1.72584e+18	4.1097e+03	1.862e-22	2.7826e+01	2.4816e+00	9.6916e-06	9.3079e-01	6.9199e-02	7.8115e-01	2.1016e-01	8.6910e-03	4.5354e-08	3.8915e-03	9.7897e-01	1.7133e-02	1.0856e-06	9.4517e-01	5.4809e-02	1.1489e-05	1.1755e-36	1.1755e-36	1.1755e-36	1.9430e-12	0.00e+00	0.00e+00	1.4199e+02
1.74426e+18	3.9814e+03	1.793e-22	2.7826e+01	2.4073e+00	1.0442e-05	9.3294e-01	6.7054e-02	7.8694e-01	2.0475e-01	8.3170e-03	4.7259e-08	3.8143e-03	9.7949e-01	1.6695e-02	1.0783e-06	9.4698e-01	5.3004e-02	1.0958e-05	1.1755e-36	1.1755e-36	1.1755e-36	2.0538e-12	0.00e+00	0.00e+00	1.4490e+02
###########################
1.09614e+14	8.6952e+03	4.174e-21	2.7826e+01	2.9611e+01	4.3312e-11	3.8890e-02	9.6111e-01	3.3806e-02	7.8045e-01	1.8575e-01	7.0289e-14	5.6844e-03	4.3601e-01	5.5436e-01	3.9264e-03	3.5180e-02	7.1820e-01	2.4356e-01	3.0463e-03	1.5623e-05	1.1755e-36	1.6811e-21	0.00e+00	0.00e+00	1.4980e-03
6.57682e+14	8.6833e+03	4.160e-21	2.7826e+01	2.9539e+01	4.3331e-11	3.8749e-02	9.6125e-01	3.3737e-02	7.8026e-01	1.8600e-01	6.9497e-14	5.6430e-03	4.3554e-01	5.5485e-01	3.9471e-03	3.5006e-02	7.1732e-01	2.4459e-01	3.0665e-03	1.5747e-05	1.1755e-36	1.6539e-21	0.00e+00	0.00e+00	7.4682e-03
2.84995e+15	8.6693e+03	4.138e-21	2.7826e+01	2.9521e+01	4.3363e-11	3.8595e-02	9.6141e-01	3.3753e-02	7.8048e-01	1.8577e-01	6.8739e-14	5.6260e-03	4.3555e-01	5.5484e-01	3.9553e-03	3.4802e-02	7.1601e-01	2.4609e-01	3.0810e-03	1.5805e-05	1.1755e-36	1.6273e-21	0.00e+00	0.00e+00	3.1254e-02
1.16190e+16	8.6231e+03	4.093e-21	2.7826e+01	2.9518e+01	4.4423e-11	3.8492e-02	9.6151e-01	3.3926e-02	7.8212e-01	1.8395e-01	6.7981e-14	5.6322e-03	4.3614e-01	5.5428e-01	3.9294e-03	3.4548e-02	7.1245e-01	2.4991e-01	3.0739e-03	1.5678e-05	1.1755e-36	1.6015e-21	0.00e+00	0.00e+00	1.2614e-01
2.77542e+16	8.4462e+03	3.937e-21	2.7826e+01	2.9559e+01	4.4768e-11	3.6748e-02	9.6325e-01	3.4069e-02	7.8320e-01	1.8273e-01	6.0409e-14	5.5019e-03	4.3640e-01	5.5401e-01	4.0668e-03	3.2281e-02	6.9792e-01	2.6646e-01	3.3230e-03	1.6683e-05	1.1755e-36	1.3440e-21	0.00e+00	0.00e+00	2.4391e-01
4.87298e+16	8.3063e+03	3.818e-21	2.7826e+01	2.9580e+01	4.6315e-11	3.5886e-02	9.6411e-01	3.4413e-02	7.8538e-01	1.8020e-01	5.6782e-14	5.4653e-03	4.3796e-01	5.5246e-01	4.0921e-03	3.1144e-02	6.8944e-01	2.7601e-01	3.3862e-03	1.6737e-05	1.1755e-36	1.2211e-21	0.00e+00	0.00e+00	3.9342e-01
7.59982e+16	8.1942e+03	3.726e-21	2.7826e+01	2.9574e+01	4.9370e-11	3.5766e-02	9.6423e-01	3.4920e-02	7.8889e-01	1.7619e-01	5.5992e-14	5.5036e-03	4.4041e-01	5.5006e-01	4.0122e-03	3.0888e-02	6.8546e-01	2.8036e-01	3.2805e-03	1.5969e-05	1.1755e-36	1.1894e-21	0.00e+00	0.00e+00	5.8713e-01
1.11447e+17	8.1027e+03	3.667e-21	2.7826e+01	2.9553e+01	5.5129e-11	3.6620e-02	9.6338e-01	3.5746e-02	7.9423e-01	1.7002e-01	5.8967e-14	5.6507e-03	4.4459e-01	5.4594e-01	3.7973e-03	3.1781e-02	6.8740e-01	2.7783e-01	2.9766e-03	1.4279e-05	1.1755e-36	1.2720e-21	0.00e+00	0.00e+00	8.4497e-01
1.54683e+17	8.0754e+03	3.625e-21	2.7826e+01	2.9466e+01	6.2313e-11	3.8389e-02	9.6161e-01	3.6733e-02	8.0049e-01	1.6277e-01	6.5684e-14	5.8944e-03	4.4963e-01	5.4097e-01	3.4890e-03	3.3821e-02	6.9568e-01	2.6795e-01	2.5348e-03	1.2064e-05	1.1755e-36	1.4776e-21	0.00e+00	0.00e+00	1.1579e+00
2.00013e+17	8.0884e+03	3.625e-21	2.7826e+01	2.9372e+01	7.2271e-11	4.1231e-02	9.5877e-01	3.7914e-02	8.0706e-01	1.5503e-01	7.7703e-14	6.2392e-03	4.5587e-01	5.3476e-01	3.1219e-03	3.7179e-02	7.0917e-01	2.5159e-01	2.0490e-03	9.7556e-06	1.1755e-36	1.8724e-21	0.00e+00	0.00e+00	1.4786e+00
2.48049e+17	8.1503e+03	3.663e-21	2.7826e+01	2.9222e+01	8.7687e-11	4.5838e-02	9.5416e-01	3.9658e-02	8.1460e-01	1.4574e-01	1.0034e-13	6.7680e-03	4.6510e-01	5.2545e-01	2.6686e-03	4.2758e-02	7.2920e-01	2.2651e-01	1.5225e-03	7.3514e-06	1.1755e-36	2.6798e-21	0.00e+00	0.00e+00	1.8959e+00
3.03693e+17	8.2676e+03	3.734e-21	2.7826e+01	2.8981e+01	1.1233e-10	5.3015e-02	9.4699e-01	4.2089e-02	8.2278e-01	1.3514e-01	1.4243e-13	7.5188e-03	4.7760e-01	5.1271e-01	2.1606e-03	5.1568e-02	7.5367e-01	1.9374e-01	1.0184e-03	5.0962e-06	1.1755e-36	4.3853e-21	0.00e+00	0.00e+00	2.4499e+00
3.62296e+17	8.4188e+03	3.846e-21	2.7826e+01	2.8656e+01	1.5249e-10	6.3496e-02	9.3650e-01	4.5189e-02	8.3033e-01	1.2448e-01	2.1920e-13	8.4812e-03	4.9317e-01	4.9667e-01	1.6698e-03	6.4513e-02	7.7744e-01	1.5742e-01	6.2225e-04	3.3177e-06	1.1755e-36	8.0539e-21	0.00e+00	0.00e+00	3.0939e+00
4.14158e+17	8.5863e+03	3.972e-21	2.7826e+01	2.8265e+01	2.0749e-10	7.6316e-02	9.2368e-01	4.8468e-02	8.3578e-01	1.1575e-01	3.3861e-13	9.4822e-03	5.0911e-01	4.8012e-01	1.2857e-03	8.0349e-02	7.9363e-01	1.2565e-01	3.7695e-04	2.1840e-06	1.1755e-36	1.4918e-20	0.00e+00	0.00e+00	3.7107e+00
4.55893e+17	8.7221e+03	4.081e-21	2.7826e+01	2.7877e+01	2.7605e-10	8.9878e-02	9.1012e-01	5.1766e-02	8.3939e-01	1.0885e-01	4.9837e-13	1.0400e-02	5.2438e-01	4.6420e-01	1.0151e-03	9.7034e-02	8.0103e-01	1.0169e-01	2.4033e-04	1.5173e-06	1.1755e-36	2.5794e-20	0.00e+00	0.00e+00	4.3025e+00
4.92678e+17	8.8457e+03	4.160e-21	2.7826e+01	2.7447e+01	3.6069e-10	1.0448e-01	8.9552e-01	5.5296e-02	8.4182e-01	1.0289e-01	7.1165e-13	1.1267e-02	5.3976e-01	4.4816e-01	8.1052e-04	1.1493e-01	8.0228e-01	8.2633e-02	1.5694e-04	1.0838e-06	1.1755e-36	4.2690e-20	0.00e+00	0.00e+00	4.9651e+00
5.27387e+17	8.9478e+03	4.227e-21	2.7826e+01	2.6977e+01	4.7562e-10	1.2115e-01	8.7885e-01	5.9196e-02	8.4336e-01	9.7445e-02	1.0112e-12	1.2122e-02	5.5583e-01	4.3140e-01	6.4664e-04	1.3516e-01	7.9788e-01	6.6858e-02	1.0273e-04	7.7974e-07	1.1755e-36	7.0207e-20	0.00e+00	0.00e+00	5.6744e+00
5.59717e+17	9.0295e+03	4.274e-21	2.7826e+01	2.6484e+01	6.2857e-10	1.3971e-01	8.6029e-01	6.3503e-02	8.4400e-01	9.2494e-02	1.4229e-12	1.2948e-02	5.7246e-01	4.1407e-01	5.1709e-04	1.5748e-01	7.8840e-01	5.4059e-02	6.7868e-05	5.6674e-07	1.1755e-36	1.1397e-19	0.00e+00	0.00e+00	6.4437e+00
5.90728e+17	9.1091e+03	4.277e-21	2.7826e+01	2.5827e+01	8.2131e-10	1.5989e-01	8.4011e-01	6.8182e-02	8.4370e-01	8.8120e-02	1.9613e-12	1.3661e-02	5.8905e-01	3.9688e-01	4.1527e-04	1.8154e-01	7.7484e-01	4.3580e-02	4.5150e-05	4.1586e-07	1.1755e-36	1.7961e-19	0.00e+00	0.00e+00	7.3056e+00
6.26014e+17	9.1549e+03	4.257e-21	2.7826e+01	2.5053e+01	1.1499e-09	1.8680e-01	8.1320e-01	7.4679e-02	8.4236e-01	8.2959e-02	2.8674e-12	1.4488e-02	6.1036e-01	3.7484e-01	3.1865e-04	2.1318e-01	7.5315e-01	3.3634e-02	2.7931e-05	2.8850e-07	1.1755e-36	3.0768e-19	0.00e+00	0.00e+00	8.6148e+00
6.61426e+17	9.2080e+03	4.204e-21	2.7826e+01	2.4121e+01	1.6301e-09	2.1910e-01	7.8090e-01	8.1949e-02	8.3941e-01	7.8642e-02	4.2397e-12	1.5178e-02	6.3225e-01	3.5233e-01	2.4204e-04	2.5055e-01	7.2403e-01	2.5398e-02	1.6930e-05	1.9630e-07	1.1755e-36	5.3980e-19	0.00e+00	0.00e+00	9.8058e+00
6.87926e+17	9.2377e+03	4.133e-21	2.7826e+01	2.3330e+01	2.1385e-09	2.4679e-01	7.5321e-01	8.8306e-02	8.3604e-01	7.5654e-02	5.7087e-12	1.5605e-02	6.4973e-01	3.3447e-01	1.9541e-04	2.8208e-01	6.9759e-01	2.0320e-02	1.1521e-05	1.4544e-07	1.1755e-36	8.3008e-19	0.00e+00	0.00e+00	1.0762e+01
7.08912e+17	9.2496e+03	4.053e-21	2.7826e+01	2.2662e+01	2.6515e-09	2.7006e-01	7.2994e-01	9.4001e-02	8.3267e-01	7.3332e-02	7.1891e-12	1.5881e-02	6.6421e-01	3.1974e-01	1.6454e-04	3.0827e-01	6.7475e-01	1.6969e-02	8.5013e-06	1.1755e-36	1.1755e-36	1.1590e-18	0.00e+00	0.00e+00	1.1707e+01
7.31807e+17	9.2489e+03	3.944e-21	2.7826e+01	2.1900e+01	3.3518e-09	2.9659e-01	7.0341e-01	1.0099e-01	8.2829e-01	7.0723e-02	9.1928e-12	1.6120e-02	6.8059e-01	3.0315e-01	1.3599e-04	3.3775e-01	6.4834e-01	1.3898e-02	6.1129e-06	1.1755e-36	1.1755e-36	1.6552e-18	0.00e+00	0.00e+00	1.3056e+01
7.57534e+17	9.2465e+03	3.803e-21	2.7826e+01	2.0978e+01	4.3596e-09	3.2863e-01	6.7137e-01	1.0933e-01	8.2247e-01	6.8205e-02	1.2082e-11	1.6250e-02	6.9863e-01	2.8501e-01	1.0979e-04	3.7284e-01	6.1613e-01	1.1027e-02	4.2213e-06	1.1755e-36	1.1755e-36	2.4726e-18	0.00e+00	0.00e+00	1.4532e+01
7.81245e+17	9.2370e+03	3.655e-21	2.7826e+01	2.0088e+01	5.5569e-09	3.5986e-01	6.4014e-01	1.1783e-01	8.1610e-01	6.6064e-02	1.5501e-11	1.6266e-02	7.1537e-01	2.6828e-01	8.9985e-05	4.0650e-01	5.8464e-01	8.8510e-03	3.0053e-06	1.1755e-36	1.1755e-36	3.5786e-18	0.00e+00	0.00e+00	1.5914e+01
8.02036e+17	9.2185e+03	3.511e-21	2.7826e+01	1.9303e+01	6.8511e-09	3.8764e-01	6.1236e-01	1.2614e-01	8.0964e-01	6.4214e-02	1.9164e-11	1.6219e-02	7.3027e-01	2.5344e-01	7.5525e-05	4.3605e-01	5.5667e-01	7.2842e-03	2.2449e-06	1.1755e-36	1.1755e-36	4.9094e-18	0.00e+00	0.00e+00	1.7258e+01
8.21610e+17	9.1961e+03	3.364e-21	2.7826e+01	1.8558e+01	8.2777e-09	4.1348e-01	5.8652e-01	1.3456e-01	8.0294e-01	6.2507e-02	2.3165e-11	1.6108e-02	7.4410e-01	2.3972e-01	6.4145e-05	4.6318e-01	5.3075e-01	6.0694e-03	1.7216e-06	1.1755e-36	1.1755e-36	6.5197e-18	0.00e+00	0.00e+00	1.8668e+01
8.40986e+17	9.1673e+03	3.212e-21	2.7826e+01	1.7822e+01	9.9451e-09	4.3898e-01	5.6102e-01	1.4349e-01	7.9566e-01	6.0850e-02	2.7786e-11	1.5948e-02	7.5760e-01	2.2640e-01	5.4604e-05	4.8964e-01	5.0530e-01	5.0625e-03	1.3328e-06	1.1755e-36	1.1755e-36	8.5735e-18	0.00e+00	0.00e+00	2.0159e+01
8.60022e+17	9.1304e+03	3.063e-21	2.7826e+01	1.7129e+01	1.1904e-08	4.6422e-01	5.3578e-01	1.5307e-01	7.8777e-01	5.9160e-02	3.3186e-11	1.5771e-02	7.7079e-01	2.1340e-01	4.6563e-05	5.1552e-01	4.8026e-01	4.2268e-03	1.0416e-06	1.1755e-36	1.1755e-36	1.1229e-17	0.00e+00	0.00e+00	2.1688e+01
8.75085e+17	9.1172e+03	2.939e-21	2.7826e+01	1.6543e+01	1.3472e-08	4.8275e-01	5.1725e-01	1.6022e-01	7.8157e-01	5.8218e-02	3.7556e-11	1.5531e-02	7.8010e-01	2.0433e-01	4.1439e-05	5.3432e-01	4.6200e-01	3.6838e-03	8.6908e-07	1.1755e-36	1.1755e-36	1.3564e-17	0.00e+00	0.00e+00	2.2654e+01
8.85669e+17	9.0811e+03	2.857e-21	2.7826e+01	1.6194e+01	1.4825e-08	4.9541e-01	5.0459e-01	1.6624e-01	7.7652e-01	5.7242e-02	4.1063e-11	1.5426e-02	7.8720e-01	1.9733e-01	3.8044e-05	5.4709e-01	4.4956e-01	3.3516e-03	7.6870e-07	1.1755e-36	1.1755e-36	1.5530e-17	0.00e+00	0.00e+00	2.3505e+01
8.95922e+17	9.0508e+03	2.774e-21	2.7826e+01	1.5857e+01	1.6205e-08	5.0753e-01	4.9247e-01	1.7240e-01	7.7135e-01	5.6250e-02	4.4726e-11	1.5317e-02	7.9412e-01	1.9053e-01	3.4961e-05	5.5925e-01	4.3769e-01	3.0523e-03	6.8260e-07	1.1755e-36	1.1755e-36	1.7678e-17	0.00e+00	0.00e+00	2.4461e+01
9.07578e+17	9.0229e+03	2.677e-21	2.7826e+01	1.5447e+01	1.7831e-08	5.2102e-01	4.7898e-01	1.7934e-01	7.6546e-01	5.5200e-02	4.9045e-11	1.5143e-02	8.0164e-01	1.8318e-01	3.1794e-05	5.7270e-01	4.2456e-01	2.7416e-03	5.9763e-07	1.1755e-36	1.1755e-36	2.0336e-17	0.00e+00	0.00e+00	2.5614e+01
9.20775e+17	8.9823e+03	2.570e-21	2.7826e+01	1.4984e+01	1.9972e-08	5.3649e-01	4.6351e-01	1.8735e-01	7.5859e-01	5.4061e-02	5.4537e-11	1.4932e-02	8.0981e-01	1.7523e-01	2.8574e-05	5.8803e-01	4.0955e-01	2.4267e-03	5.1542e-07	1.1755e-36	1.1755e-36	2.3958e-17	0.00e+00	0.00e+00	2.6915e+01
9.33407e+17	8.9572e+03	2.471e-21	2.7826e+01	1.4549e+01	2.2040e-08	5.5095e-01	4.4905e-01	1.9490e-01	7.5197e-01	5.3139e-02	6.0108e-11	1.4702e-02	8.1711e-01	1.6816e-01	2.5884e-05	6.0223e-01	3.9561e-01	2.1601e-03	4.4948e-07	1.1755e-36	1.1755e-36	2.7874e-17	0.00e+00	0.00e+00	2.8024e+01
9.44199e+17	8.9183e+03	2.389e-21	2.7826e+01	1.4211e+01	2.4141e-08	5.6321e-01	4.3679e-01	2.0210e-01	7.4568e-01	5.2214e-02	6.5508e-11	1.4538e-02	8.2354e-01	1.6190e-01	2.3740e-05	6.1422e-01	3.8383e-01	1.9559e-03	4.0096e-07	1.1755e-36	1.1755e-36	3.1874e-17	0.00e+00	0.00e+00	2.9026e+01
9.54481e+17	8.8934e+03	2.309e-21	2.7826e+01	1.3874e+01	2.6048e-08	5.7392e-01	4.2608e-01	2.0887e-01	7.3973e-01	5.1405e-02	7.0532e-11	1.4350e-02	8.2936e-01	1.5627e-01	2.1901e-05	6.2463e-01	3.7359e-01	1.7825e-03	3.6149e-07	1.1755e-36	1.1755e-36	3.5731e-17	0.00e+00	0.00e+00	3.0079e+01
9.65814e+17	8.8517e+03	2.223e-21	2.7826e+01	1.3512e+01	2.8561e-08	5.8606e-01	4.1394e-01	2.1677e-01	7.3282e-01	5.0409e-02	7.6846e-11	1.4149e-02	8.3577e-01	1.5006e-01	1.9999e-05	6.3638e-01	3.6201e-01	1.6061e-03	3.2250e-07	1.1755e-36	1.1755e-36	4.0869e-17	0.00e+00	0.00e+00	3.1337e+01
9.78207e+17	8.8037e+03	2.133e-21	2.7826e+01	1.3133e+01	3.1687e-08	5.9989e-01	4.0011e-01	2.2576e-01	7.2491e-01	4.9338e-02	8.4825e-11	1.3931e-02	8.4262e-01	1.4344e-01	1.8098e-05	6.4968e-01	3.4890e-01	1.4284e-03	2.8454e-07	1.1755e-36	1.1755e-36	4.7829e-17	0.00e+00	0.00e+00	3.2661e+01
9.90128e+17	8.7775e+03	2.045e-21	2.7826e+01	1.2748e+01	3.4455e-08	6.1188e-01	3.8812e-01	2.3377e-01	7.1767e-01	4.8554e-02	9.2145e-11	1.3671e-02	8.4853e-01	1.3778e-01	1.6535e-05	6.6113e-01	3.3759e-01	1.2813e-03	2.5446e-07	1.1755e-36	1.1755e-36	5.4535e-17	0.00e+00	0.00e+00	3.3874e+01
1.00152e+18	8.7299e+03	1.966e-21	2.7826e+01	1.2406e+01	3.7750e-08	6.2348e-01	3.7652e-01	2.4235e-01	7.1003e-01	4.7616e-02	1.0032e-10	1.3453e-02	8.5437e-01	1.3216e-01	1.5123e-05	6.7216e-01	3.2668e-01	1.1535e-03	2.2900e-07	1.1755e-36	1.1755e-36	6.2474e-17	0.00e+00	0.00e+00	3.5135e+01
1.01329e+18	8.6846e+03	1.886e-21	2.7826e+01	1.2067e+01	4.1359e-08	6.3532e-01	3.6468e-01	2.5149e-01	7.0187e-01	4.6647e-02	1.0954e-10	1.3228e-02	8.6023e-01	1.2653e-01	1.3790e-05	6.8336e-01	3.1560e-01	1.0339e-03	2.0583e-07	1.1755e-36	1.1755e-36	7.1944e-17	0.00e+00	0.00e+00	3.6476e+01
1.02536e+18	8.6412e+03	1.806e-21	2.7826e+01	1.1716e+01	4.5268e-08	6.4705e-01	3.5295e-01	2.6079e-01	6.9347e-01	4.5732e-02	1.1954e-10	1.2979e-02	8.6591e-01	1.2109e-01	1.2569e-05	6.9439e-01	3.0468e-01	9.2464e-04	1.8524e-07	1.1755e-36	1.1755e-36	8.2850e-17	0.00e+00	0.00e+00	3.7855e+01
1.03753e+18	8.5946e+03	1.727e-21	2.7826e+01	1.1368e+01	4.9581e-08	6.5857e-01	3.4143e-01	2.7038e-01	6.8480e-01	4.4819e-02	1.3049e-10	1.2724e-02	8.7144e-01	1.1583e-01	1.1458e-05	7.0517e-01	2.9400e-01	8.2642e-04	1.6718e-07	1.1755e-36	1.1755e-36	9.5521e-17	0.00e+00	0.00e+00	3.9267e+01
1.04978e+18	8.5486e+03	1.651e-21	2.7826e+01	1.1028e+01	5.4224e-08	6.6983e-01	3.3017e-01	2.8024e-01	6.7586e-01	4.3908e-02	1.4241e-10	1.2466e-02	8.7680e-01	1.1072e-01	1.0447e-05	7.1566e-01	2.8361e-01	7.3820e-04	1.5130e-07	1.1755e-36	1.1755e-36	1.1015e-16	0.00e+00	0.00e+00	4.0716e+01
1.06219e+18	8.4989e+03	1.576e-21	2.7826e+01	1.0687e+01	5.9368e-08	6.8083e-01	3.1917e-01	2.9032e-01	6.6668e-01	4.3008e-02	1.5544e-10	1.2201e-02	8.8199e-01	1.0580e-01	9.5282e-06	7.2585e-01	2.7349e-01	6.5908e-04	1.3733e-07	1.1755e-36	1.1755e-36	1.2716e-16	0.00e+00	0.00e+00	4.2211e+01
1.07483e+18	8.4447e+03	1.503e-21	2.7826e+01	1.0358e+01	6.5208e-08	6.9204e-01	3.0796e-01	3.0111e-01	6.5684e-01	4.2045e-02	1.7046e-10	1.1940e-02	8.8717e-01	1.0088e-01	8.6720e-06	7.3618e-01	2.6324e-01	5.8631e-04	1.2464e-07	1.1755e-36	1.1755e-36	1.4805e-16	0.00e+00	0.00e+00	4.3765e+01
1.08751e+18	8.3919e+03	1.432e-21	2.7826e+01	1.0029e+01	7.1445e-08	7.0276e-01	2.9724e-01	3.1186e-01	6.4700e-01	4.1145e-02	1.8651e-10	1.1667e-02	8.9207e-01	9.6251e-02	7.9100e-06	7.4601e-01	2.5347e-01	5.2213e-04	1.1755e-36	1.1755e-36	1.1755e-36	1.7186e-16	0.00e+00	0.00e+00	4.5319e+01
1.10016e+18	8.3379e+03	1.365e-21	2.7826e+01	9.7130e+00	7.8173e-08	7.1304e-01	2.8696e-01	3.2285e-01	6.3692e-01	4.0234e-02	2.0397e-10	1.1401e-02	8.9678e-01	9.1809e-02	7.2243e-06	7.5540e-01	2.4414e-01	4.6546e-04	1.1755e-36	1.1755e-36	1.1755e-36	1.9936e-16	0.00e+00	0.00e+00	4.6911e+01
1.11307e+18	8.2818e+03	1.299e-21	2.7826e+01	9.3999e+00	8.5638e-08	7.2324e-01	2.7676e-01	3.3427e-01	6.2643e-01	3.9307e-02	2.2355e-10	1.1131e-02	9.0139e-01	8.7469e-02	6.5940e-06	7.6466e-01	2.3493e-01	4.1408e-04	1.1755e-36	1.1755e-36	1.1755e-36	2.3225e-16	0.00e+00	0.00e+00	4.8575e+01
1.12628e+18	8.2164e+03	1.234e-21	2.7826e+01	9.0822e+00	9.4391e-08	7.3341e-01	2.6659e-01	3.4602e-01	6.1560e-01	3.8377e-02	2.4598e-10	1.0853e-02	9.0588e-01	8.3258e-02	6.0177e-06	7.7387e-01	2.2576e-01	3.6764e-04	1.1755e-36	1.1755e-36	1.1755e-36	2.7289e-16	0.00e+00	0.00e+00	5.0293e+01
1.13960e+18	8.1560e+03	1.172e-21	2.7826e+01	8.7773e+00	1.0363e-07	7.4336e-01	2.5664e-01	3.5812e-01	6.0442e-01	3.7453e-02	2.7076e-10	1.0576e-02	9.1022e-01	7.9202e-02	5.4963e-06	7.8283e-01	2.1684e-01	3.2603e-04	1.1755e-36	1.1755e-36	1.1755e-36	3.2065e-16	0.00e+00	0.00e+00	5.2030e+01
1.15287e+18	8.0944e+03	1.113e-21	2.7826e+01	8.4827e+00	1.1364e-07	7.5279e-01	2.4721e-01	3.7026e-01	5.9320e-01	3.6543e-02	2.9779e-10	1.0304e-02	9.1431e-01	7.5377e-02	5.0337e-06	7.9129e-01	2.0842e-01	2.8977e-04	1.1755e-36	1.1755e-36	1.1755e-36	3.7638e-16	0.00e+00	0.00e+00	5.3781e+01
1.16627e+18	8.0283e+03	1.056e-21	2.7826e+01	8.1929e+00	1.2485e-07	7.6188e-01	2.3812e-01	3.8261e-01	5.8177e-01	3.5626e-02	3.2799e-10	1.0034e-02	9.1825e-01	7.1710e-02	4.6160e-06	7.9941e-01	2.0033e-01	2.5764e-04	1.1755e-36	1.1755e-36	1.1755e-36	4.4322e-16	0.00e+00	0.00e+00	5.5598e+01
1.18008e+18	7.9565e+03	1.000e-21	2.7826e+01	7.9088e+00	1.3783e-07	7.7119e-01	2.2880e-01	3.9575e-01	5.6959e-01	3.4655e-02	3.6383e-10	9.7640e-03	9.2216e-01	6.8068e-02	4.2273e-06	8.0770e-01	1.9208e-01	2.2805e-04	1.1755e-36	1.1755e-36	1.1755e-36	5.2858e-16	0.00e+00	0.00e+00	5.7502e+01
1.19404e+18	7.8856e+03	9.473e-22	2.7826e+01	7.6240e+00	1.5195e-07	7.8010e-01	2.1990e-01	4.0867e-01	5.5758e-01	3.3755e-02	4.0329e-10	9.4859e-03	9.2583e-01	6.4679e-02	3.8836e-06	8.1558e-01	1.8421e-01	2.0208e-04	1.1755e-36	1.1755e-36	1.1755e-36	6.3007e-16	0.00e+00	0.00e+00	5.9401e+01
1.20791e+18	7.8132e+03	8.973e-22	2.7826e+01	7.3553e+00	1.6734e-07	7.8849e-01	2.1151e-01	4.2176e-01	5.4540e-01	3.2838e-02	4.4718e-10	9.2207e-03	9.2931e-01	6.1464e-02	3.5783e-06	8.2300e-01	1.7682e-01	1.7950e-04	1.1755e-36	1.1755e-36	1.1755e-36	7.5114e-16	0.00e+00	0.00e+00	6.1325e+01
1.22203e+18	7.7378e+03	8.493e-22	2.7826e+01	7.0930e+00	1.8464e-07	7.9670e-01	2.0330e-01	4.3521e-01	5.3289e-01	3.1901e-02	4.9759e-10	8.9585e-03	9.3268e-01	5.8361e-02	3.3008e-06	8.3021e-01	1.6963e-01	1.5931e-04	1.1755e-36	1.1755e-36	1.1755e-36	9.0094e-16	0.00e+00	0.00e+00	6.3333e+01
1.23657e+18	7.6470e+03	8.027e-22	2.7826e+01	6.8286e+00	2.0608e-07	8.0500e-01	1.9500e-01	4.4911e-01	5.1996e-01	3.0935e-02	5.5929e-10	8.6940e-03	9.3596e-01	5.5346e-02	3.0472e-06	8.3750e-01	1.6236e-01	1.4105e-04	1.1755e-36	1.1755e-36	1.1755e-36	1.1025e-15	0.00e+00	0.00e+00	6.5416e+01
1.25101e+18	7.5836e+03	7.589e-22	2.7826e+01	6.5778e+00	2.2534e-07	8.1247e-01	1.8753e-01	4.6224e-01	5.0766e-01	3.0098e-02	6.2073e-10	8.4296e-03	9.3893e-01	5.2637e-02	2.8283e-06	8.4402e-01	1.5586e-01	1.2536e-04	1.1755e-36	1.1755e-36	1.1755e-36	1.3142e-15	0.00e+00	0.00e+00	6.7438e+01
1.26553e+18	7.4940e+03	7.178e-22	2.7826e+01	6.3388e+00	2.5048e-07	8.1977e-01	1.8023e-01	4.7615e-01	4.9471e-01	2.9145e-02	6.9756e-10	8.1823e-03	9.4184e-01	4.9973e-02	2.6295e-06	8.5038e-01	1.4951e-01	1.1160e-04	1.1755e-36	1.1755e-36	1.1755e-36	1.6049e-15	0.00e+00	0.00e+00	6.9579e+01
1.28036e+18	7.4069e+03	6.783e-22	2.7826e+01	6.1019e+00	2.7828e-07	8.2698e-01	1.7302e-01	4.8994e-01	4.8182e-01	2.8239e-02	7.8620e-10	7.9317e-03	9.4460e-01	4.7470e-02	2.4511e-06	8.5664e-01	1.4326e-01	9.9223e-05	1.1755e-36	1.1755e-36	1.1755e-36	1.9700e-15	0.00e+00	0.00e+00	7.1730e+01
1.29518e+18	7.3099e+03	6.417e-22	2.7826e+01	5.8811e+00	3.1115e-07	8.3396e-01	1.6604e-01	5.0399e-01	4.6873e-01	2.7281e-02	8.9263e-10	7.6991e-03	9.4721e-01	4.5089e-02	2.2925e-06	8.6268e-01	1.3723e-01	8.8423e-05	1.1755e-36	1.1755e-36	1.1755e-36	2.4511e-15	0.00e+00	0.00e+00	7.3902e+01
1.30960e+18	7.2237e+03	6.081e-22	2.7826e+01	5.6693e+00	3.4419e-07	8.4006e-01	1.5994e-01	5.1696e-01	4.5659e-01	2.6453e-02	1.0035e-09	7.4689e-03	9.4954e-01	4.2994e-02	2.1586e-06	8.6795e-01	1.3197e-01	7.9413e-05	1.1755e-36	1.1755e-36	1.1755e-36	2.9932e-15	0.00e+00	0.00e+00	7.5973e+01
1.32393e+18	7.1227e+03	5.771e-22	2.7826e+01	5.4806e+00	3.8476e-07	8.4603e-01	1.5397e-01	5.3068e-01	4.4383e-01	2.5490e-02	1.1419e-09	7.2688e-03	9.5179e-01	4.0939e-02	2.0369e-06	8.7310e-01	1.2683e-01	7.1461e-05	1.1755e-36	1.1755e-36	1.1755e-36	3.7345e-15	0.00e+00	0.00e+00	7.8146e+01
1.33817e+18	7.0281e+03	5.480e-22	2.7826e+01	5.2898e+00	4.2794e-07	8.5159e-01	1.4841e-01	5.4328e-01	4.3204e-01	2.4674e-02	1.2937e-09	7.0593e-03	9.5382e-01	3.9122e-02	1.9323e-06	8.7788e-01	1.2206e-01	6.4562e-05	1.1755e-36	1.1755e-36	1.1755e-36	4.6266e-15	0.00e+00	0.00e+00	8.0220e+01
1.35197e+18	6.9330e+03	5.218e-22	2.7826e+01	5.1206e+00	4.7530e-07	8.5663e-01	1.4337e-01	5.5577e-01	4.2040e-01	2.3830e-02	1.4657e-09	6.8745e-03	9.5569e-01	3.7433e-02	1.8409e-06	8.8221e-01	1.1774e-01	5.8691e-05	1.1755e-36	1.1755e-36	1.1755e-36	5.7243e-15	0.00e+00	0.00e+00	8.2288e+01
1.36574e+18	6.8364e+03	4.971e-22	2.7826e+01	4.9565e+00	5.2851e-07	8.6141e-01	1.3859e-01	5.6790e-01	4.0908e-01	2.3021e-02	1.6643e-09	6.6933e-03	9.5744e-01	3.5867e-02	1.7595e-06	8.8630e-01	1.1365e-01	5.3502e-05	1.1755e-36	1.1755e-36	1.1755e-36	7.1105e-15	0.00e+00	0.00e+00	8.4375e+01
1.37948e+18	6.7400e+03	4.739e-22	2.7826e+01	4.8000e+00	5.8790e-07	8.6601e-01	1.3399e-01	5.7972e-01	3.9805e-01	2.2237e-02	1.8941e-09	6.5189e-03	9.5907e-01	3.4412e-02	1.6870e-06	8.9023e-01	1.0972e-01	4.8881e-05	1.1755e-36	1.1755e-36	1.1755e-36	8.8674e-15	0.00e+00	0.00e+00	8.6458e+01
1.39311e+18	6.6359e+03	4.523e-22	2.7826e+01	4.6479e+00	6.5793e-07	8.7034e-01	1.2966e-01	5.9116e-01	3.8736e-01	2.1479e-02	2.1680e-09	6.3491e-03	9.6058e-01	3.3072e-02	1.6230e-06	8.9394e-01	1.0602e-01	4.4833e-05	1.1755e-36	1.1755e-36	1.1755e-36	1.1185e-14	0.00e+00	0.00e+00	8.8531e+01
1.40625e+18	6.5481e+03	4.329e-22	2.7826e+01	4.5138e+00	7.2623e-07	8.7424e-01	1.2575e-01	6.0185e-01	3.7738e-01	2.0774e-02	2.4536e-09	6.1968e-03	9.6193e-01	3.1872e-02	1.5677e-06	8.9726e-01	1.0270e-01	4.1355e-05	1.1755e-36	1.1755e-36	1.1755e-36	1.3796e-14	0.00e+00	0.00e+00	9.0488e+01
1.41939e+18	6.4404e+03	4.144e-22	2.7826e+01	4.3818e+00	8.1463e-07	8.7793e-01	1.2207e-01	6.1273e-01	3.6724e-01	2.0030e-02	2.8189e-09	6.0494e-03	9.6323e-01	3.0716e-02	1.5174e-06	9.0041e-01	9.9550e-02	3.8272e-05	1.1755e-36	1.1755e-36	1.1755e-36	1.7501e-14	0.00e+00	0.00e+00	9.2577e+01
1.43241e+18	6.3535e+03	3.973e-22	2.7826e+01	4.2572e+00	8.9927e-07	8.8148e-01	1.1852e-01	6.2252e-01	3.5808e-01	1.9400e-02	3.1960e-09	5.9052e-03	9.6439e-01	2.9699e-02	1.4733e-06	9.0342e-01	9.6542e-02	3.5493e-05	1.1755e-36	1.1755e-36	1.1755e-36	2.1665e-14	0.00e+00	0.00e+00	9.4510e+01
1.44528e+18	6.2464e+03	3.814e-22	2.7826e+01	4.1407e+00	1.0096e-06	8.8479e-01	1.1521e-01	6.3274e-01	3.4857e-01	1.8695e-02	3.6839e-09	5.7745e-03	9.6552e-01	2.8706e-02	1.4332e-06	9.0624e-01	9.3723e-02	3.3050e-05	1.1755e-36	1.1755e-36	1.1755e-36	2.7637e-14	0.00e+00	0.00e+00	9.6571e+01
1.45798e+18	6.1617e+03	3.666e-22	2.7826e+01	4.0295e+00	1.1126e-06	8.8790e-01	1.1209e-01	6.4174e-01	3.4015e-01	1.8115e-02	4.1740e-09	5.6446e-03	9.6651e-01	2.7843e-02	1.3982e-06	9.0888e-01	9.1088e-02	3.0858e-05	1.1755e-36	1.1755e-36	1.1755e-36	3.4165e-14	0.00e+00	0.00e+00	9.8464e+01
1.47059e+18	6.0566e+03	3.526e-22	2.7826e+01	3.9226e+00	1.2479e-06	8.9076e-01	1.0924e-01	6.5109e-01	3.3144e-01	1.7476e-02	4.8103e-09	5.5230e-03	9.6748e-01	2.7000e-02	1.3663e-06	9.1131e-01	8.8662e-02	2.8933e-05	1.1755e-36	1.1755e-36	1.1755e-36	4.3553e-14	0.00e+00	0.00e+00	1.0051e+02
1.48319e+18	5.9618e+03	3.396e-22	2.7826e+01	3.8226e+00	1.3907e-06	8.9375e-01	1.0625e-01	6.5979e-01	3.2332e-01	1.6895e-02	5.5226e-09	5.4075e-03	9.6835e-01	2.6241e-02	1.3376e-06	9.1384e-01	8.6129e-02	2.7123e-05	1.1755e-36	1.1755e-36	1.1755e-36	5.5196e-14	0.00e+00	0.00e+00	1.0241e+02
1.49512e+18	5.8686e+03	3.279e-22	2.7826e+01	3.7334e+00	1.5442e-06	8.9621e-01	1.0379e-01	6.6806e-01	3.1561e-01	1.6330e-02	6.3048e-09	5.3052e-03	9.6914e-01	2.5554e-02	1.3130e-06	9.1593e-01	8.4046e-02	2.5629e-05	1.1755e-36	1.1755e-36	1.1755e-36	6.9168e-14	0.00e+00	0.00e+00	1.0427e+02
1.50693e+18	5.7805e+03	3.170e-22	2.7826e+01	3.6483e+00	1.7069e-06	8.9849e-01	1.0151e-01	6.7593e-01	3.0828e-01	1.5798e-02	7.1662e-09	5.2066e-03	9.6988e-01	2.4917e-02	1.2906e-06	9.1786e-01	8.2115e-02	2.4278e-05	1.1755e-36	1.1755e-36	1.1755e-36	8.5954e-14	0.00e+00	0.00e+00	1.0614e+02
1.51907e+18	5.6853e+03	3.062e-22	2.7826e+01	3.5629e+00	1.9033e-06	9.0087e-01	9.9130e-02	6.8383e-01	3.0090e-01	1.5260e-02	8.2330e-09	5.1081e-03	9.7059e-01	2.4299e-02	1.2696e-06	9.1987e-01	8.0101e-02	2.2981e-05	1.1755e-36	1.1755e-36	1.1755e-36	1.0896e-13	0.00e+00	0.00e+00	1.0810e+02
1.53130e+18	5.5938e+03	2.959e-22	2.7826e+01	3.4784e+00	2.1170e-06	9.0323e-01	9.6771e-02	6.9122e-01	2.9401e-01	1.4770e-02	9.4400e-09	5.0091e-03	9.7125e-01	2.3739e-02	1.2504e-06	9.2187e-01	7.8109e-02	2.1772e-05	1.1755e-36	1.1755e-36	1.1755e-36	1.3773e-13	0.00e+00	0.00e+00	1.1001e+02
1.54328e+18	5.5015e+03	2.864e-22	2.7826e+01	3.4007e+00	2.3557e-06	9.0537e-01	9.4627e-02	6.9842e-01	2.8730e-01	1.4283e-02	1.0825e-08	4.9191e-03	9.7186e-01	2.3216e-02	1.2334e-06	9.2368e-01	7.6296e-02	2.0707e-05	1.1755e-36	1.1755e-36	1.1755e-36	1.7406e-13	0.00e+00	0.00e+00	1.1191e+02
1.55513e+18	5.4102e+03	2.775e-22	2.7826e+01	3.3270e+00	2.6187e-06	9.0739e-01	9.2605e-02	7.0531e-01	2.8088e-01	1.3815e-02	1.2399e-08	4.8339e-03	9.7243e-01	2.2733e-02	1.2180e-06	9.2539e-01	7.4585e-02	1.9743e-05	1.1755e-36	1.1755e-36	1.1755e-36	2.1954e-13	0.00e+00	0.00e+00	1.1379e+02
1.56688e+18	5.3192e+03	2.692e-22	2.7826e+01	3.2569e+00	2.9097e-06	9.0931e-01	9.0687e-02	7.1195e-01	2.7469e-01	1.3362e-02	1.4196e-08	4.7531e-03	9.7296e-01	2.2285e-02	1.2041e-06	9.2702e-01	7.2963e-02	1.8866e-05	1.1755e-36	1.1755e-36	1.1755e-36	2.7671e-13	0.00e+00	0.00e+00	1.1566e+02
1.57860e+18	5.2287e+03	2.612e-22	2.7826e+01	3.1894e+00	3.2314e-06	9.1116e-01	8.8839e-02	7.1834e-01	2.6873e-01	1.2926e-02	1.6247e-08	4.6754e-03	9.7346e-01	2.1866e-02	1.1914e-06	9.2858e-01	7.1400e-02	1.8057e-05	1.1755e-36	1.1755e-36	1.1755e-36	3.4853e-13	0.00e+00	0.00e+00	1.1754e+02
1.59034e+18	5.1390e+03	2.536e-22	2.7826e+01	3.1221e+00	3.5823e-06	9.1289e-01	8.7111e-02	7.2440e-01	2.6308e-01	1.2519e-02	1.8552e-08	4.5973e-03	9.7392e-01	2.1483e-02	1.1799e-06	9.3004e-01	6.9937e-02	1.7316e-05	1.1755e-36	1.1755e-36	1.1755e-36	4.3723e-13	0.00e+00	0.00e+00	1.1942e+02
1.60224e+18	5.0518e+03	2.462e-22	2.7826e+01	3.0579e+00	3.9595e-06	9.1459e-01	8.5405e-02	7.3034e-01	2.5755e-01	1.2119e-02	2.1134e-08	4.5229e-03	9.7436e-01	2.1115e-02	1.1690e-06	9.3149e-01	6.8495e-02	1.6614e-05	1.1755e-36	1.1755e-36	1.1755e-36	5.4587e-13	0.00e+00	0.00e+00	1.2135e+02
1.61456e+18	4.9589e+03	2.390e-22	2.7826e+01	2.9953e+00	4.4005e-06	9.1642e-01	8.3579e-02	7.3644e-01	2.5186e-01	1.1700e-02	2.3845e-08	4.4520e-03	9.7486e-01	2.0691e-02	1.1578e-06	9.3303e-01	6.6955e-02	1.5921e-05	1.1755e-36	1.1755e-36	1.1755e-36	6.7024e-13	0.00e+00	0.00e+00	1.2339e+02
1.62716e+18	4.8364e+03	2.318e-22	2.7826e+01	2.9236e+00	5.0248e-06	9.1837e-01	8.1624e-02	7.4244e-01	2.4627e-01	1.1287e-02	2.6715e-08	4.3736e-03	9.7542e-01	2.0201e-02	1.1472e-06	9.3469e-01	6.5295e-02	1.5279e-05	1.1755e-36	1.1755e-36	1.1755e-36	8.1675e-13	0.00e+00	0.00e+00	1.2542e+02
1.63852e+18	4.7753e+03	2.260e-22	2.7826e+01	2.8731e+00	5.3769e-06	9.1972e-01	8.0276e-02	7.4709e-01	2.4193e-01	1.0986e-02	2.8535e-08	4.3137e-03	9.7585e-01	1.9836e-02	1.1381e-06	9.3582e-01	6.4163e-02	1.4752e-05	1.1755e-36	1.1755e-36	1.1755e-36	9.0945e-13	0.00e+00	0.00e+00	1.2705e+02
1.65017e+18	4.6694e+03	2.201e-22	2.7826e+01	2.8231e+00	5.9955e-06	9.2109e-01	7.8906e-02	7.5317e-01	2.3628e-01	1.0545e-02	3.1242e-08	4.2642e-03	9.7638e-01	1.9357e-02	1.1289e-06	9.3699e-01	6.2990e-02	1.4272e-05	1.1755e-36	1.1755e-36	1.1755e-36	1.0575e-12	0.00e+00	0.00e+00	1.2919e+02
1.66314e+18	4.5572e+03	2.136e-22	2.7826e+01	2.7552e+00	6.7040e-06	9.2298e-01	7.7015e-02	7.5837e-01	2.3144e-01	1.0198e-02	3.4227e-08	4.1893e-03	9.7687e-01	1.8939e-02	1.1204e-06	9.3859e-01	6.1392e-02	1.3716e-05	1.1755e-36	1.1755e-36	1.1755e-36	1.2375e-12	0.00e+00	0.00e+00	1.3126e+02
1.67557e+18	4.4659e+03	2.077e-22	2.7826e+01	2.6896e+00	7.2797e-06	9.2418e-01	7.5815e-02	7.6259e-01	2.2748e-01	9.9332e-03	3.6435e-08	4.1127e-03	9.7729e-01	1.8596e-02	1.1135e-06	9.3962e-01	6.0365e-02	1.3296e-05	1.1755e-36	1.1755e-36	1.1755e-36	1.3710e-12	0.00e+00	0.00e+00	1.3322e+02
1.68924e+18	4.3729e+03	2.018e-22	2.7826e+01	2.6469e+00	7.9443e-06	9.2599e-01	7.3999e-02	7.6898e-01	2.2154e-01	9.4786e-03	3.9323e-08	4.0730e-03	9.7782e-01	1.8110e-02	1.1040e-06	9.4114e-01	5.8840e-02	1.2754e-05	1.1755e-36	1.1755e-36	1.1755e-36	1.5482e-12	0.00e+00	0.00e+00	1.3570e+02
1.70601e+18	4.2511e+03	1.944e-22	2.7826e+01	2.5700e+00	8.7737e-06	9.2822e-01	7.1773e-02	7.7485e-01	2.1606e-01	9.0960e-03	4.2396e-08	3.9883e-03	9.7838e-01	1.7635e-02	1.0948e-06	9.4301e-01	5.6970e-02	1.2145e-05	1.1755e-36	1.1755e-36	1.1755e-36	1.7490e-12	0.00e+00	0.00e+00	1.3868e+02
1.72470e+18	4.1185e+03	1.866e-22	2.7826e+01	2.4852e+00	9.6372e-06	9.3069e-01	6.9296e-02	7.8073e-01	2.1055e-01	8.7216e-03	4.5220e-08	3.8950e-03	9.7894e-01	1.7165e-02	1.0860e-06	9.4509e-01	5.4893e-02	1.1515e-05	1.1755e-36	1.1755e-36	1.1755e-36	1.9353e-12	0.00e+00	0.00e+00	1.4181e+02
1.74316e+18	3.9911e+03	1.796e-22	2.7826e+01	2.4091e+00	1.0390e-05	9.3291e-01	6.7077e-02	7.8650e-01	2.0515e-01	8.3540e-03	4.7217e-08	3.8146e-03	9.7946e-01	1.6726e-02	1.0785e-06	9.4696e-01	5.3029e-02	1.0967e-05	1.1755e-36	1.1755e-36	1.1755e-36	2.0541e-12	0.00e+00	0.00e+00	1.4472e+02
