#depth	Te	Htot	hden	eden	2H_2/H	HI	HII	HeI	HeII	HeIII	CO/C	C1	C2	C3	C4	O1	O2	O3	O4	O5	O6	H2O/O	AV(point)	AV(extend)	Tau912
5.45044e+14	1.7893e+04	1.921e-17	1.6681e+03	1.9585e+03	1.3493e-20	5.7596e-05	9.9994e-01	3.6723e-07	6.0789e-03	9.9392e-01	4.5856e-34	1.6208e-10	4.4361e-06	3.3026e-03	7.0472e-02	1.4444e-11	8.4134e-07	1.7991e-03	1.4848e-01	4.5652e-01	3.0915e-01	1.1755e-36	0.00e+00	0.00e+00	6.6111e-04
3.27026e+15	1.7845e+04	1.916e-17	1.6681e+03	1.9586e+03	1.3758e-20	5.7560e-05	9.9994e-01	3.6745e-07	6.0818e-03	9.9392e-01	4.5701e-34	1.5918e-10	4.4189e-06	3.2972e-03	7.0779e-02	1.4501e-11	8.4609e-07	1.8141e-03	1.4920e-01	4.5783e-01	3.0844e-01	1.1755e-36	0.00e+00	0.00e+00	3.3039e-03
1.41711e+16	1.7751e+04	1.906e-17	1.6681e+03	1.9586e+03	1.4025e-20	5.7480e-05	9.9994e-01	3.6911e-07	6.1047e-03	9.9389e-01	4.6382e-34	1.5424e-10	4.4395e-06	3.3250e-03	7.1730e-02	1.4782e-11	8.6409e-07	1.8630e-03	1.5127e-01	4.5993e-01	3.0678e-01	1.1755e-36	0.00e+00	0.00e+00	1.3860e-02
5.77747e+16	1.7536e+04	1.885e-17	1.6681e+03	1.9585e+03	1.4242e-20	5.7203e-05	9.9994e-01	3.7593e-07	6.2265e-03	9.9377e-01	4.9634e-34	1.4631e-10	4.5825e-06	3.4711e-03	7.4885e-02	1.5735e-11	9.2426e-07	2.0396e-03	1.5821e-01	4.6547e-01	2.9950e-01	1.1755e-36	0.00e+00	0.00e+00	5.5883e-02
1.38005e+17	1.7039e+04	1.822e-17	1.6681e+03	1.9585e+03	1.3478e-20	5.4736e-05	9.9995e-01	3.6620e-07	6.1343e-03	9.9387e-01	4.5268e-34	1.1862e-10	4.5636e-06	3.5695e-03	7.9566e-02	1.6138e-11	9.7768e-07	2.2893e-03	1.6787e-01	4.7314e-01	2.8910e-01	1.1755e-36	0.00e+00	0.00e+00	1.0816e-01
2.29996e+17	1.6586e+04	1.769e-17	1.6681e+03	1.9584e+03	1.2728e-20	5.2376e-05	9.9995e-01	3.5922e-07	6.1091e-03	9.9389e-01	4.2047e-34	1.0250e-10	4.5874e-06	3.7037e-03	8.4446e-02	1.6589e-11	1.0361e-06	2.5711e-03	1.7851e-01	4.8128e-01	2.7713e-01	1.1755e-36	0.00e+00	0.00e+00	1.5960e-01
3.27906e+17	1.6218e+04	1.734e-17	1.6681e+03	1.9584e+03	1.1939e-20	5.0680e-05	9.9995e-01	3.6139e-07	6.2326e-03	9.9377e-01	4.1417e-34	9.5983e-11	4.7383e-06	3.9257e-03	8.9866e-02	1.7614e-11	1.1253e-06	2.9271e-03	1.9101e-01	4.8930e-01	2.6320e-01	1.1755e-36	0.00e+00	0.00e+00	2.1432e-01
4.45819e+17	1.5871e+04	1.707e-17	1.6681e+03	1.9583e+03	1.1466e-20	4.9484e-05	9.9995e-01	3.7606e-07	6.5579e-03	9.9344e-01	4.5878e-34	9.6792e-11	5.1004e-06	4.3152e-03	9.7243e-02	1.9853e-11	1.2881e-06	3.4784e-03	2.0857e-01	4.9753e-01	2.4467e-01	1.1755e-36	0.00e+00	0.00e+00	2.8377e-01
5.70250e+17	1.5507e+04	1.683e-17	1.6681e+03	1.9581e+03	1.0832e-20	4.7821e-05	9.9995e-01	3.9036e-07	6.9399e-03	9.9306e-01	4.8743e-34	9.7431e-11	5.4693e-06	4.7625e-03	1.0546e-01	2.1942e-11	1.4596e-06	4.1457e-03	2.2758e-01	5.0367e-01	2.2577e-01	1.1755e-36	0.00e+00	0.00e+00	3.4197e-01
6.77133e+17	1.5257e+04	1.669e-17	1.6681e+03	1.9580e+03	1.0246e-20	4.6659e-05	9.9995e-01	4.1062e-07	7.4059e-03	9.9259e-01	5.3688e-34	1.0229e-10	5.9186e-06	5.2591e-03	1.1341e-01	2.4513e-11	1.6593e-06	4.8751e-03	2.4600e-01	5.0671e-01	2.0887e-01	1.1755e-36	0.00e+00	0.00e+00	3.9021e-01
7.73702e+17	1.5053e+04	1.662e-17	1.6681e+03	1.9579e+03	9.9645e-21	4.5999e-05	9.9995e-01	4.3949e-07	7.9919e-03	9.9201e-01	6.3227e-34	1.1097e-10	6.5001e-06	5.8485e-03	1.2194e-01	2.8042e-11	1.9160e-06	5.7410e-03	2.6531e-01	5.0708e-01	1.9276e-01	1.1755e-36	0.00e+00	0.00e+00	4.3620e-01
8.68261e+17	1.4883e+04	1.659e-17	1.6681e+03	1.9577e+03	9.6463e-21	4.5500e-05	9.9995e-01	4.7725e-07	8.7291e-03	9.9127e-01	7.6964e-34	1.2329e-10	7.2369e-06	6.5713e-03	1.3163e-01	3.2712e-11	2.2488e-06	6.8289e-03	2.8652e-01	5.0487e-01	1.7662e-01	1.1755e-36	0.00e+00	0.00e+00	4.8132e-01
9.52355e+17	1.4718e+04	1.660e-17	1.6681e+03	1.9576e+03	9.3711e-21	4.5012e-05	9.9995e-01	5.1945e-07	9.5542e-03	9.9045e-01	9.2913e-34	1.3652e-10	8.0221e-06	7.3473e-03	1.4149e-01	3.7872e-11	2.6204e-06	8.0502e-03	3.0700e-01	5.0035e-01	1.6255e-01	1.1755e-36	0.00e+00	0.00e+00	5.1640e-01
1.02036e+18	1.4612e+04	1.662e-17	1.6681e+03	1.9574e+03	9.0632e-21	4.4687e-05	9.9996e-01	5.6279e-07	1.0391e-02	9.8961e-01	1.1064e-33	1.5072e-10	8.8119e-06	8.1164e-03	1.5071e-01	4.3290e-11	3.0069e-06	9.3031e-03	3.2535e-01	4.9469e-01	1.5094e-01	1.1755e-36	0.00e+00	0.00e+00	5.4557e-01
1.08121e+18	1.4518e+04	1.666e-17	1.6681e+03	1.9572e+03	9.0239e-21	4.4553e-05	9.9996e-01	6.1324e-07	1.1320e-02	9.8868e-01	1.3686e-33	1.6754e-10	9.7124e-06	8.9554e-03	1.6033e-01	4.9934e-11	3.4670e-06	1.0715e-02	3.4360e-01	4.8771e-01	1.4026e-01	1.1755e-36	0.00e+00	0.00e+00	5.7359e-01
1.14054e+18	1.4429e+04	1.672e-17	1.6681e+03	1.9570e+03	8.8458e-21	4.4484e-05	9.9996e-01	6.7386e-07	1.2428e-02	9.8757e-01	1.6984e-33	1.8769e-10	1.0764e-05	9.9298e-03	1.7107e-01	5.8099e-11	4.0283e-06	1.2425e-02	3.6292e-01	4.7899e-01	1.2978e-01	1.1755e-36	0.00e+00	0.00e+00	6.0119e-01
1.19761e+18	1.4352e+04	1.679e-17	1.6681e+03	1.9568e+03	8.8252e-21	4.4421e-05	9.9996e-01	7.4625e-07	1.3740e-02	9.8626e-01	2.1670e-33	2.1145e-10	1.1980e-05	1.1043e-02	1.8287e-01	6.8177e-11	4.7170e-06	1.4480e-02	3.8290e-01	4.6863e-01	1.1973e-01	1.1755e-36	0.00e+00	0.00e+00	6.2701e-01
1.25018e+18	1.4287e+04	1.688e-17	1.6681e+03	1.9565e+03	8.7963e-21	4.4373e-05	9.9996e-01	8.2933e-07	1.5242e-02	9.8476e-01	2.7684e-33	2.3812e-10	1.3322e-05	1.2265e-02	1.9536e-01	8.0042e-11	5.5246e-06	1.6865e-02	4.0271e-01	4.5710e-01	1.1048e-01	1.1755e-36	0.00e+00	0.00e+00	6.5035e-01
1.29745e+18	1.4234e+04	1.699e-17	1.6681e+03	1.9562e+03	8.6419e-21	4.4354e-05	9.9996e-01	9.2294e-07	1.6919e-02	9.8308e-01	3.4920e-33	2.6743e-10	1.4772e-05	1.3571e-02	2.0828e-01	9.3843e-11	6.4570e-06	1.9565e-02	4.2181e-01	4.4485e-01	1.0214e-01	1.1755e-36	0.00e+00	0.00e+00	6.7118e-01
1.34030e+18	1.4191e+04	1.710e-17	1.6681e+03	1.9559e+03	8.6255e-21	4.4362e-05	9.9996e-01	1.0282e-06	1.8798e-02	9.8120e-01	4.4449e-33	2.9942e-10	1.6332e-05	1.4967e-02	2.2173e-01	1.0977e-10	7.5266e-06	2.2630e-02	4.4030e-01	4.3197e-01	9.4515e-02	1.1755e-36	0.00e+00	0.00e+00	6.9038e-01
1.38026e+18	1.4158e+04	1.723e-17	1.6681e+03	1.9556e+03	8.5632e-21	4.4274e-05	9.9996e-01	1.1449e-06	2.0919e-02	9.7908e-01	5.5572e-33	3.3343e-10	1.7959e-05	1.6463e-02	2.3590e-01	1.2690e-10	8.7036e-06	2.6141e-02	4.5839e-01	4.1840e-01	8.7414e-02	1.1755e-36	0.00e+00	0.00e+00	7.0847e-01
1.41813e+18	1.4135e+04	1.737e-17	1.6681e+03	1.9552e+03	8.5544e-21	4.4392e-05	9.9996e-01	1.2927e-06	2.3490e-02	9.7651e-01	7.2704e-33	3.7532e-10	1.9950e-05	1.8174e-02	2.5153e-01	1.5133e-10	1.0299e-05	3.0427e-02	4.7673e-01	4.0350e-01	8.0557e-02	1.1755e-36	0.00e+00	0.00e+00	7.2574e-01
1.45326e+18	1.4094e+04	1.756e-17	1.6681e+03	1.9548e+03	8.5736e-21	4.4387e-05	9.9996e-01	1.4571e-06	2.6432e-02	9.7357e-01	9.2467e-33	4.1820e-10	2.1969e-05	1.9996e-02	2.6809e-01	1.7664e-10	1.2007e-05	3.5363e-02	4.9440e-01	3.8801e-01	7.4222e-02	1.1755e-36	0.00e+00	0.00e+00	7.4132e-01
1.48531e+18	1.4089e+04	1.773e-17	1.6681e+03	1.9542e+03	8.5597e-21	4.4514e-05	9.9996e-01	1.6563e-06	2.9867e-02	9.7013e-01	1.2125e-32	4.6877e-10	2.4314e-05	2.1970e-02	2.8546e-01	2.1132e-10	1.4244e-05	4.1162e-02	5.1121e-01	3.7200e-01	6.8319e-02	1.1755e-36	0.00e+00	0.00e+00	7.5573e-01
1.51461e+18	1.4077e+04	1.793e-17	1.6681e+03	1.9535e+03	8.5777e-21	4.4609e-05	9.9996e-01	1.8817e-06	3.3789e-02	9.6621e-01	1.5680e-32	5.2158e-10	2.6747e-05	2.4045e-02	3.0363e-01	2.5022e-10	1.6769e-05	4.7814e-02	5.2693e-01	3.5569e-01	6.2885e-02	1.1755e-36	0.00e+00	0.00e+00	7.6882e-01
1.54143e+18	1.4072e+04	1.815e-17	1.6681e+03	1.9529e+03	8.5685e-21	4.4671e-05	9.9996e-01	2.1412e-06	3.8305e-02	9.6169e-01	2.0106e-32	5.7758e-10	2.9305e-05	2.6234e-02	3.2258e-01	2.9509e-10	1.9682e-05	5.5480e-02	5.4149e-01	3.3908e-01	5.7828e-02	1.1755e-36	0.00e+00	0.00e+00	7.8094e-01
1.56633e+18	1.4055e+04	1.840e-17	1.6681e+03	1.9523e+03	8.5610e-21	4.4657e-05	9.9996e-01	2.4349e-06	4.3539e-02	9.5646e-01	2.5192e-32	6.3489e-10	3.1885e-05	2.8559e-02	3.4263e-01	3.4239e-10	2.2832e-05	6.4364e-02	5.5493e-01	3.2204e-01	5.3074e-02	1.1755e-36	0.00e+00	0.00e+00	7.9224e-01
1.58957e+18	1.4080e+04	1.864e-17	1.6681e+03	1.9512e+03	8.5409e-21	4.4798e-05	9.9996e-01	2.8042e-06	4.9836e-02	9.5016e-01	3.3053e-32	7.0317e-10	3.4963e-05	3.1046e-02	3.6380e-01	4.1184e-10	2.7213e-05	7.5008e-02	5.6698e-01	3.0438e-01	4.8523e-02	1.1755e-36	0.00e+00	0.00e+00	8.0284e-01
1.61087e+18	1.4071e+04	1.894e-17	1.6681e+03	1.9502e+03	8.4163e-21	4.4884e-05	9.9996e-01	3.2303e-06	5.7221e-02	9.4278e-01	4.1809e-32	7.7223e-10	3.8063e-05	3.3676e-02	3.8613e-01	4.8674e-10	3.2021e-05	8.7375e-02	5.7738e-01	2.8634e-01	4.4258e-02	1.1755e-36	0.00e+00	0.00e+00	8.1234e-01
1.63003e+18	1.4094e+04	1.923e-17	1.6681e+03	1.9487e+03	8.4057e-21	4.4942e-05	9.9996e-01	3.7114e-06	6.5619e-02	9.3438e-01	5.3128e-32	8.4289e-10	4.1196e-05	3.6307e-02	4.0857e-01	5.7344e-10	3.7556e-05	1.0132e-01	5.8544e-01	2.6863e-01	4.0355e-02	1.1755e-36	0.00e+00	0.00e+00	8.2096e-01
1.64754e+18	1.4072e+04	1.958e-17	1.6681e+03	1.9477e+03	8.4385e-21	4.4994e-05	9.9995e-01	4.2725e-06	7.5418e-02	9.2458e-01	6.6115e-32	9.1495e-10	4.4350e-05	3.9086e-02	4.3204e-01	6.6551e-10	4.3539e-05	1.1735e-01	5.9149e-01	2.5063e-01	3.6664e-02	1.1755e-36	0.00e+00	0.00e+00	8.2893e-01
1.66380e+18	1.4115e+04	1.988e-17	1.6681e+03	1.9457e+03	8.3913e-21	4.5109e-05	9.9995e-01	4.9479e-06	8.7008e-02	9.1299e-01	8.4545e-32	9.9368e-10	4.7850e-05	4.1876e-02	4.5593e-01	7.9234e-10	5.1449e-05	1.3600e-01	5.9476e-01	2.3256e-01	3.3171e-02	1.1755e-36	0.00e+00	0.00e+00	8.3639e-01
1.67878e+18	1.4100e+04	2.027e-17	1.6681e+03	1.9439e+03	8.4425e-21	4.5255e-05	9.9995e-01	5.7497e-06	1.0077e-01	8.9922e-01	1.0650e-31	1.0742e-09	5.1404e-05	4.4828e-02	4.8100e-01	9.3155e-10	6.0206e-05	1.5758e-01	5.9532e-01	2.1409e-01	2.9839e-02	1.1755e-36	0.00e+00	0.00e+00	8.4318e-01
1.69237e+18	1.4094e+04	2.065e-17	1.6681e+03	1.9422e+03	8.4733e-21	4.5326e-05	9.9995e-01	6.6574e-06	1.1653e-01	8.8347e-01	1.3099e-31	1.1536e-09	5.4786e-05	4.7773e-02	5.0604e-01	1.0773e-09	6.9532e-05	1.8168e-01	5.9274e-01	1.9599e-01	2.6752e-02	1.1755e-36	0.00e+00	0.00e+00	8.4935e-01
1.70482e+18	1.4094e+04	2.103e-17	1.6681e+03	1.9398e+03	8.5155e-21	4.5477e-05	9.9995e-01	7.7281e-06	1.3488e-01	8.6511e-01	1.6241e-31	1.2350e-09	5.8335e-05	5.0701e-02	5.3118e-01	1.2566e-09	8.0725e-05	2.0884e-01	5.8665e-01	1.7810e-01	2.3857e-02	1.1755e-36	0.00e+00	0.00e+00	8.5508e-01
1.71632e+18	1.4086e+04	2.142e-17	1.6681e+03	1.9369e+03	8.5799e-21	4.5658e-05	9.9995e-01	8.9767e-06	1.5625e-01	8.4374e-01	2.0011e-31	1.3168e-09	6.1891e-05	5.3623e-02	5.5643e-01	1.4606e-09	9.3390e-05	2.3931e-01	5.7686e-01	1.6042e-01	2.1138e-02	1.1755e-36	0.00e+00	0.00e+00	8.6039e-01
1.72695e+18	1.4089e+04	2.175e-17	1.6681e+03	1.9319e+03	8.6370e-21	4.5880e-05	9.9995e-01	1.0379e-05	1.8083e-01	8.1916e-01	2.4578e-31	1.3938e-09	6.5387e-05	5.6396e-02	5.8131e-01	1.7005e-09	1.0804e-04	2.7285e-01	5.6317e-01	1.4332e-01	1.8632e-02	1.1755e-36	0.00e+00	0.00e+00	8.6532e-01
1.73682e+18	1.4062e+04	2.211e-17	1.6681e+03	1.9279e+03	8.7602e-21	4.6134e-05	9.9995e-01	1.2033e-05	2.0916e-01	7.9083e-01	2.9786e-31	1.4729e-09	6.8836e-05	5.9215e-02	6.0611e-01	1.9561e-09	1.2367e-04	3.0972e-01	5.4563e-01	1.2658e-01	1.6273e-02	1.1755e-36	0.00e+00	0.00e+00	8.6995e-01
1.74603e+18	1.4023e+04	2.242e-17	1.6681e+03	1.9233e+03	8.8946e-21	4.6429e-05	9.9995e-01	1.3921e-05	2.4147e-01	7.5851e-01	3.5723e-31	1.5498e-09	7.2193e-05	6.1948e-02	6.3038e-01	2.2373e-09	1.4074e-04	3.4959e-01	5.2419e-01	1.1055e-01	1.4098e-02	1.1755e-36	0.00e+00	0.00e+00	8.7430e-01
1.75467e+18	1.3970e+04	2.269e-17	1.6681e+03	1.9180e+03	9.0840e-21	4.6777e-05	9.9995e-01	1.6057e-05	2.7789e-01	7.2209e-01	4.2498e-31	1.6241e-09	7.5440e-05	6.4575e-02	6.5387e-01	2.5430e-09	1.5909e-04	3.9199e-01	4.9911e-01	9.5407e-02	1.2111e-02	1.1755e-36	0.00e+00	0.00e+00	8.7843e-01
1.76283e+18	1.3902e+04	2.288e-17	1.6681e+03	1.9120e+03	9.3241e-21	4.7179e-05	9.9995e-01	1.8439e-05	3.1846e-01	6.8152e-01	5.0083e-31	1.6950e-09	7.8553e-05	6.7075e-02	6.7641e-01	2.8706e-09	1.7854e-04	4.3640e-01	4.7076e-01	8.1317e-02	1.0314e-02	1.1755e-36	0.00e+00	0.00e+00	8.8238e-01
1.77065e+18	1.3814e+04	2.298e-17	1.6681e+03	1.9056e+03	9.6220e-21	4.7652e-05	9.9995e-01	2.1090e-05	3.6318e-01	6.3680e-01	5.8523e-31	1.7635e-09	8.1561e-05	6.9457e-02	6.9787e-01	3.2196e-09	1.9895e-04	4.8231e-01	4.3956e-01	6.8371e-02	8.7020e-03	1.1755e-36	0.00e+00	0.00e+00	8.8623e-01
1.77822e+18	1.3706e+04	2.297e-17	1.6681e+03	1.8986e+03	9.9909e-21	4.8200e-05	9.9995e-01	2.3992e-05	4.1177e-01	5.8820e-01	6.7812e-31	1.8294e-09	8.4458e-05	7.1711e-02	7.1813e-01	3.5869e-09	2.2007e-04	5.2903e-01	4.0610e-01	5.6678e-02	7.2729e-03	1.1755e-36	0.00e+00	0.00e+00	8.9002e-01
1.78564e+18	1.3596e+04	2.283e-17	1.6681e+03	1.8912e+03	1.0393e-20	4.8770e-05	9.9995e-01	2.7088e-05	4.6337e-01	5.3660e-01	7.7663e-31	1.8914e-09	8.7154e-05	7.3800e-02	7.3692e-01	3.9610e-09	2.4130e-04	5.7555e-01	3.7124e-01	4.6372e-02	6.0284e-03	1.1755e-36	0.00e+00	0.00e+00	8.9382e-01
1.79413e+18	1.3392e+04	2.252e-17	1.6681e+03	1.8824e+03	1.1135e-20	4.9691e-05	9.9995e-01	3.0932e-05	5.2491e-01	4.7506e-01	9.1046e-31	1.9675e-09	9.0498e-05	7.6177e-02	7.5675e-01	4.4260e-09	2.6646e-04	6.2769e-01	3.3059e-01	3.6215e-02	4.8084e-03	1.1755e-36	0.00e+00	0.00e+00	8.9884e-01
1.80320e+18	1.3170e+04	2.201e-17	1.6681e+03	1.8727e+03	1.2010e-20	5.0678e-05	9.9995e-01	3.5168e-05	5.9238e-01	4.0759e-01	1.0583e-30	2.0421e-09	9.3771e-05	7.8487e-02	7.7548e-01	4.9134e-09	2.9228e-04	6.8056e-01	2.8764e-01	2.7426e-02	3.7549e-03	1.1755e-36	0.00e+00	0.00e+00	9.0340e-01
1.81113e+18	1.2952e+04	2.143e-17	1.6681e+03	1.8646e+03	1.2923e-20	5.1643e-05	9.9995e-01	3.8873e-05	6.4924e-01	3.5072e-01	1.1969e-30	2.1105e-09	9.6658e-05	8.0403e-02	7.8958e-01	5.3379e-09	3.1382e-04	7.2262e-01	2.5237e-01	2.1421e-02	3.0243e-03	1.1755e-36	0.00e+00	0.00e+00	9.0738e-01
1.81954e+18	1.2706e+04	2.071e-17	1.6681e+03	1.8569e+03	1.4074e-20	5.2742e-05	9.9995e-01	4.2542e-05	7.0300e-01	2.9696e-01	1.3541e-30	2.1865e-09	9.9796e-05	8.2344e-02	8.0188e-01	5.7748e-09	3.3489e-04	7.6127e-01	2.1912e-01	1.6656e-02	2.4260e-03	1.1755e-36	0.00e+00	0.00e+00	9.1266e-01
1.83047e+18	1.2391e+04	1.975e-17	1.6681e+03	1.8484e+03	1.5718e-20	5.4148e-05	9.9995e-01	4.6773e-05	7.6228e-01	2.3768e-01	1.5590e-30	2.2836e-09	1.0376e-04	8.4685e-02	8.1433e-01	6.2942e-09	3.5872e-04	8.0246e-01	1.8279e-01	1.2381e-02	1.8644e-03	1.1755e-36	0.00e+00	0.00e+00	9.1970e-01
1.84169e+18	1.2093e+04	1.882e-17	1.6681e+03	1.8413e+03	1.7459e-20	5.5493e-05	9.9994e-01	5.0484e-05	8.1163e-01	1.8832e-01	1.7587e-30	2.3807e-09	1.0756e-04	8.6854e-02	8.2383e-01	6.7594e-09	3.7899e-04	8.3548e-01	1.5302e-01	9.5504e-03	1.4676e-03	1.1755e-36	0.00e+00	0.00e+00	9.2560e-01
1.85124e+18	1.1863e+04	1.810e-17	1.6681e+03	1.8367e+03	1.8988e-20	5.6575e-05	9.9994e-01	5.3118e-05	8.4401e-01	1.5594e-01	1.9249e-30	2.4643e-09	1.1068e-04	8.8560e-02	8.2978e-01	7.1119e-09	3.9350e-04	8.5719e-01	1.3313e-01	7.9728e-03	1.2279e-03	1.1755e-36	0.00e+00	0.00e+00	9.3097e-01
1.86160e+18	1.1637e+04	1.739e-17	1.6681e+03	1.8328e+03	2.0690e-20	5.7683e-05	9.9994e-01	5.5498e-05	8.7124e-01	1.2870e-01	2.1032e-30	2.5533e-09	1.1397e-04	9.0299e-02	8.3466e-01	7.4594e-09	4.0714e-04	8.7603e-01	1.1567e-01	6.7969e-03	1.0326e-03	1.1755e-36	0.00e+00	0.00e+00	9.3808e-01
1.87506e+18	1.1387e+04	1.662e-17	1.6681e+03	1.8290e+03	2.2807e-20	5.8958e-05	9.9994e-01	5.7968e-05	8.9765e-01	1.0229e-01	2.3166e-30	2.6608e-09	1.1787e-04	9.2318e-02	8.3925e-01	7.8457e-09	4.2160e-04	8.9459e-01	9.8275e-02	5.8062e-03	8.5100e-04	1.1755e-36	0.00e+00	0.00e+00	9.4753e-01
1.89256e+18	1.1125e+04	1.583e-17	1.6681e+03	1.8255e+03	2.5352e-20	6.0374e-05	9.9994e-01	6.0406e-05	9.2146e-01	7.8484e-02	2.5628e-30	2.7857e-09	1.2230e-04	9.4575e-02	8.4329e-01	8.2579e-09	4.3622e-04	9.1185e-01	8.1950e-02	5.0293e-03	6.9037e-04	1.1755e-36	0.00e+00	0.00e+00	9.6012e-01
1.91506e+18	1.0869e+04	1.507e-17	1.6681e+03	1.8227e+03	2.8246e-20	6.1869e-05	9.9994e-01	6.2666e-05	9.4122e-01	5.8721e-02	2.8317e-30	2.9231e-09	1.2707e-04	9.6972e-02	8.4663e-01	8.6746e-09	4.5013e-04	9.2684e-01	6.7659e-02	4.4604e-03	5.5610e-04	1.1755e-36	0.00e+00	0.00e+00	9.7654e-01
1.94369e+18	1.0631e+04	1.438e-17	1.6681e+03	1.8205e+03	3.0902e-20	6.3399e-05	9.9994e-01	6.4654e-05	9.5660e-01	4.3334e-02	3.0839e-30	3.0683e-09	1.3200e-04	9.9419e-02	8.4928e-01	9.0808e-09	4.6282e-04	9.3926e-01	5.5742e-02	4.0552e-03	4.4772e-04	1.1755e-36	0.00e+00	0.00e+00	9.9795e-01
1.98055e+18	1.0416e+04	1.377e-17	1.6681e+03	1.8188e+03	3.3783e-20	6.4987e-05	9.9994e-01	6.6397e-05	9.6831e-01	3.1623e-02	3.3490e-30	3.2216e-09	1.3707e-04	1.0192e-01	8.5139e-01	9.4796e-09	4.7435e-04	9.4952e-01	4.5867e-02	3.7565e-03	3.5996e-04	1.1755e-36	0.00e+00	0.00e+00	1.0265e+00
2.02846e+18	1.0227e+04	1.324e-17	1.6681e+03	1.8175e+03	3.7004e-20	6.6661e-05	9.9993e-01	6.7916e-05	9.7709e-01	2.2840e-02	3.6384e-30	3.3833e-09	1.4228e-04	1.0447e-01	8.5312e-01	9.8724e-09	4.8468e-04	9.5786e-01	3.7819e-02	3.5239e-03	2.8939e-04	1.1755e-36	0.00e+00	0.00e+00	1.0645e+00
2.09075e+18	1.0082e+04	1.279e-17	1.6681e+03	1.8165e+03	3.9875e-20	6.8398e-05	9.9993e-01	6.9183e-05	9.8354e-01	1.6390e-02	3.9129e-30	3.5478e-09	1.4737e-04	1.0699e-01	8.5464e-01	1.0248e-08	4.9342e-04	9.6457e-01	3.1352e-02	3.3303e-03	2.3304e-04	1.1755e-36	0.00e+00	0.00e+00	1.1152e+00
2.17173e+18	9.9393e+03	1.245e-17	1.6681e+03	1.8159e+03	4.3199e-20	7.0527e-05	9.9993e-01	7.0405e-05	9.8825e-01	1.1684e-02	4.2368e-30	3.7444e-09	1.5328e-04	1.0987e-01	8.5576e-01	1.0674e-08	5.0208e-04	9.7003e-01	2.6112e-02	3.1471e-03	1.8744e-04	1.1755e-36	0.00e+00	0.00e+00	1.1832e+00
2.27700e+18	9.8441e+03	1.219e-17	1.6681e+03	1.8154e+03	4.5916e-20	7.2961e-05	9.9993e-01	7.1445e-05	9.9160e-01	8.3302e-03	4.5550e-30	3.9570e-09	1.5927e-04	1.1278e-01	8.5681e-01	1.1119e-08	5.0952e-04	9.7444e-01	2.1922e-02	2.9658e-03	1.5073e-04	1.1755e-36	0.00e+00	0.00e+00	1.2747e+00
2.41386e+18	9.7903e+03	1.200e-17	1.6681e+03	1.8150e+03	4.8387e-20	7.6042e-05	9.9992e-01	7.2462e-05	9.9397e-01	5.9586e-03	4.9198e-30	4.2102e-09	1.6603e-04	1.1606e-01	8.5748e-01	1.1632e-08	5.1625e-04	9.7805e-01	1.8530e-02	2.7737e-03	1.2067e-04	1.1755e-36	0.00e+00	0.00e+00	1.3986e+00
2.59176e+18	9.7697e+03	1.191e-17	1.6681e+03	1.8147e+03	5.1636e-20	8.0198e-05	9.9992e-01	7.3567e-05	9.9564e-01	4.2823e-03	5.4301e-30	4.5330e-09	1.7409e-04	1.1985e-01	8.5770e-01	1.2289e-08	5.2320e-04	9.8110e-01	1.5712e-02	2.5616e-03	9.5508e-05	1.1755e-36	0.00e+00	0.00e+00	1.5685e+00
2.82304e+18	9.7880e+03	1.192e-17	1.6681e+03	1.8146e+03	5.5213e-20	8.6147e-05	9.9991e-01	7.4937e-05	9.9683e-01	3.0953e-03	6.1504e-30	4.9714e-09	1.8439e-04	1.2446e-01	8.5704e-01	1.3198e-08	5.3104e-04	9.8376e-01	1.3299e-02	2.3257e-03	7.4073e-05	1.1755e-36	0.00e+00	0.00e+00	1.8057e+00
3.10145e+18	9.8567e+03	1.206e-17	1.6681e+03	1.8144e+03	5.9731e-20	9.4357e-05	9.9991e-01	7.6538e-05	9.9762e-01	2.3035e-03	7.1709e-30	5.5314e-09	1.9671e-04	1.2972e-01	8.5529e-01	1.4408e-08	5.3938e-04	9.8596e-01	1.1351e-02	2.0895e-03	5.7143e-05	1.1755e-36	0.00e+00	0.00e+00	2.0993e+00
3.38643e+18	9.9769e+03	1.232e-17	1.6681e+03	1.8143e+03	6.4072e-20	1.0439e-04	9.9990e-01	7.8254e-05	9.9810e-01	1.8253e-03	8.4222e-30	6.1522e-09	2.0945e-04	1.3484e-01	8.5280e-01	1.5853e-08	5.4733e-04	9.8756e-01	9.9474e-03	1.8907e-03	4.5374e-05	1.1755e-36	0.00e+00	0.00e+00	2.4012e+00
3.64727e+18	1.0112e+04	1.264e-17	1.6681e+03	1.8143e+03	7.0417e-20	1.1558e-04	9.9988e-01	8.0094e-05	9.9838e-01	1.5352e-03	1.0107e-29	6.8110e-09	2.2246e-04	1.3964e-01	8.4986e-01	1.7506e-08	5.5561e-04	9.8872e-01	8.9443e-03	1.7337e-03	3.7357e-05	1.1755e-36	0.00e+00	0.00e+00	2.7020e+00
3.88203e+18	1.0240e+04	1.301e-17	1.6681e+03	1.8142e+03	7.8974e-20	1.2778e-04	9.9987e-01	8.2001e-05	9.9857e-01	1.3433e-03	1.2311e-29	7.5093e-09	2.3603e-04	1.4427e-01	8.4658e-01	1.9380e-08	5.6451e-04	9.8960e-01	8.1877e-03	1.6079e-03	3.1629e-05	1.1755e-36	0.00e+00	0.00e+00	3.0013e+00
4.09331e+18	1.0383e+04	1.337e-17	1.6681e+03	1.8142e+03	8.5071e-20	1.4060e-04	9.9986e-01	8.4147e-05	9.9871e-01	1.2096e-03	1.4799e-29	8.2224e-09	2.4957e-04	1.4851e-01	8.4333e-01	2.1465e-08	5.7390e-04	9.9029e-01	7.5980e-03	1.5073e-03	2.7389e-05	1.1755e-36	0.00e+00	0.00e+00	3.2977e+00
4.28346e+18	1.0518e+04	1.373e-17	1.6681e+03	1.8141e+03	9.5831e-20	1.5403e-04	9.9985e-01	8.6274e-05	9.9880e-01	1.1106e-03	1.8101e-29	8.9498e-09	2.6334e-04	1.5260e-01	8.4002e-01	2.3738e-08	5.8322e-04	9.9084e-01	7.1271e-03	1.4246e-03	2.4153e-05	1.1755e-36	0.00e+00	0.00e+00	3.5899e+00
4.45460e+18	1.0649e+04	1.409e-17	1.6681e+03	1.8141e+03	1.0539e-19	1.6790e-04	9.9983e-01	8.8510e-05	9.9888e-01	1.0349e-03	2.1928e-29	9.6955e-09	2.7739e-04	1.5650e-01	8.3671e-01	2.6237e-08	5.9318e-04	9.9129e-01	6.7398e-03	1.3563e-03	2.1617e-05	1.1755e-36	0.00e+00	0.00e+00	3.8765e+00
4.60862e+18	1.0771e+04	1.443e-17	1.6681e+03	1.8140e+03	1.1754e-19	1.8206e-04	9.9982e-01	9.0794e-05	9.9893e-01	9.7536e-04	2.6642e-29	1.0452e-08	2.9164e-04	1.6026e-01	8.3343e-01	2.8940e-08	6.0343e-04	9.9166e-01	6.4173e-03	1.2990e-03	1.9593e-05	1.1755e-36	0.00e+00	0.00e+00	4.1563e+00
4.74725e+18	1.0892e+04	1.474e-17	1.6681e+03	1.8140e+03	1.2802e-19	1.9627e-04	9.9980e-01	9.3054e-05	9.9898e-01	9.2790e-04	3.1917e-29	1.1203e-08	3.0580e-04	1.6381e-01	8.3026e-01	3.1808e-08	6.1366e-04	9.9197e-01	6.1466e-03	1.2510e-03	1.7957e-05	1.1755e-36	0.00e+00	0.00e+00	4.4277e+00
4.87200e+18	1.0989e+04	1.505e-17	1.6681e+03	1.8140e+03	1.4186e-19	2.1069e-04	9.9979e-01	9.5387e-05	9.9902e-01	8.8826e-04	3.8358e-29	1.1978e-08	3.2050e-04	1.6737e-01	8.2703e-01	3.4896e-08	6.2451e-04	9.9223e-01	5.9124e-03	1.2095e-03	1.6601e-05	1.1755e-36	0.00e+00	0.00e+00	4.6900e+00
4.98429e+18	1.1085e+04	1.533e-17	1.6681e+03	1.8140e+03	1.5449e-19	2.2488e-04	9.9978e-01	9.7646e-05	9.9905e-01	8.5591e-04	4.5474e-29	1.2735e-08	3.3488e-04	1.7070e-01	8.2396e-01	3.8099e-08	6.3507e-04	9.9246e-01	5.7143e-03	1.1742e-03	1.5483e-05	1.1755e-36	0.00e+00	0.00e+00	4.9419e+00
5.08534e+18	1.1172e+04	1.559e-17	1.6681e+03	1.8139e+03	1.6889e-19	2.3884e-04	9.9976e-01	9.9863e-05	9.9907e-01	8.2889e-04	5.3641e-29	1.3484e-08	3.4914e-04	1.7388e-01	8.2099e-01	4.1422e-08	6.4558e-04	9.9265e-01	5.5421e-03	1.1438e-03	1.4542e-05	1.1755e-36	0.00e+00	0.00e+00	5.1827e+00
5.17629e+18	1.1251e+04	1.583e-17	1.6681e+03	1.8139e+03	1.8258e-19	2.5246e-04	9.9975e-01	1.0203e-04	9.9909e-01	8.0622e-04	6.2573e-29	1.4219e-08	3.6318e-04	1.7692e-01	8.1814e-01	4.4833e-08	6.5595e-04	9.9282e-01	5.3922e-03	1.1175e-03	1.3746e-05	1.3800e-36	0.00e+00	0.00e+00	5.4118e+00
5.25815e+18	1.1322e+04	1.605e-17	1.6681e+03	1.8139e+03	1.9726e-19	2.6566e-04	9.9973e-01	1.0412e-04	9.9911e-01	7.8719e-04	7.2451e-29	1.4937e-08	3.7692e-04	1.7980e-01	8.1542e-01	4.8302e-08	6.6608e-04	9.9296e-01	5.2610e-03	1.0946e-03	1.3067e-05	1.6228e-36	0.00e+00	0.00e+00	5.6287e+00
5.33182e+18	1.1386e+04	1.625e-17	1.6681e+03	1.8138e+03	2.1097e-19	2.7838e-04	9.9972e-01	1.0613e-04	9.9912e-01	7.7123e-04	8.2968e-29	1.5634e-08	3.9029e-04	1.8252e-01	8.1283e-01	5.1797e-08	6.7593e-04	9.9309e-01	5.1457e-03	1.0746e-03	1.2484e-05	1.8699e-36	0.00e+00	0.00e+00	5.8333e+00
5.39812e+18	1.1439e+04	1.644e-17	1.6681e+03	1.8138e+03	2.2701e-19	2.9057e-04	9.9971e-01	1.0807e-04	9.9913e-01	7.5780e-04	9.4469e-29	1.6299e-08	4.0325e-04	1.8512e-01	8.1035e-01	5.5284e-08	6.8551e-04	9.9320e-01	5.0455e-03	1.0569e-03	1.1983e-05	2.1747e-36	0.00e+00	0.00e+00	6.0255e+00
5.45950e+18	1.1494e+04	1.661e-17	1.6681e+03	1.8138e+03	2.4177e-19	3.0246e-04	9.9970e-01	1.0993e-04	9.9914e-01	7.4646e-04	1.0678e-28	1.6964e-08	4.1603e-04	1.8760e-01	8.0797e-01	5.8833e-08	6.9481e-04	9.9330e-01	4.9505e-03	1.0409e-03	1.1528e-05	2.4892e-36	0.00e+00	0.00e+00	6.2164e+00
5.51945e+18	1.1548e+04	1.678e-17	1.6681e+03	1.8138e+03	2.5684e-19	3.1473e-04	9.9969e-01	1.1185e-04	9.9915e-01	7.3457e-04	1.2070e-28	1.7660e-08	4.2940e-04	1.9015e-01	8.0551e-01	6.2642e-08	7.0448e-04	9.9340e-01	4.8577e-03	1.0256e-03	1.1094e-05	2.8343e-36	0.00e+00	0.00e+00	6.4151e+00
5.57940e+18	1.1600e+04	1.695e-17	1.6681e+03	1.8137e+03	2.7409e-19	3.2773e-04	9.9967e-01	1.1390e-04	9.9916e-01	7.2177e-04	1.3713e-28	1.8403e-08	4.4372e-04	1.9282e-01	8.0294e-01	6.6840e-08	7.1481e-04	9.9350e-01	4.7652e-03	1.0105e-03	1.0673e-05	3.2561e-36	0.00e+00	0.00e+00	6.6220e+00
5.63935e+18	1.1653e+04	1.712e-17	1.6681e+03	1.8137e+03	2.9223e-19	3.4148e-04	9.9966e-01	1.1606e-04	9.9917e-01	7.0928e-04	1.5627e-28	1.9196e-08	4.5901e-04	1.9559e-01	8.0025e-01	7.1466e-08	7.2580e-04	9.9359e-01	4.6744e-03	9.9574e-04	1.0267e-05	3.7384e-36	0.00e+00	0.00e+00	6.8376e+00
5.69929e+18	1.1705e+04	1.729e-17	1.6681e+03	1.8137e+03	3.1271e-19	3.5606e-04	9.9964e-01	1.1836e-04	9.9918e-01	6.9708e-04	1.7898e-28	2.0046e-08	4.7541e-04	1.9850e-01	7.9742e-01	7.6586e-08	7.3755e-04	9.9368e-01	4.5845e-03	9.8131e-04	9.8735e-06	4.3256e-36	0.00e+00	0.00e+00	7.0624e+00
5.75924e+18	1.1757e+04	1.746e-17	1.6681e+03	1.8137e+03	3.3515e-19	3.7155e-04	9.9963e-01	1.2079e-04	9.9919e-01	6.8518e-04	2.0588e-28	2.0958e-08	4.9301e-04	2.0155e-01	7.9446e-01	8.2263e-08	7.5010e-04	9.9378e-01	4.4957e-03	9.6720e-04	9.4928e-06	5.0238e-36	0.00e+00	0.00e+00	7.2969e+00
5.81919e+18	1.1809e+04	1.764e-17	1.6681e+03	1.8136e+03	3.5979e-19	3.8799e-04	9.9961e-01	1.2338e-04	9.9920e-01	6.7357e-04	2.3789e-28	2.1937e-08	5.1192e-04	2.0473e-01	7.9135e-01	8.8573e-08	7.6352e-04	9.9386e-01	4.4079e-03	9.5340e-04	9.1241e-06	5.8586e-36	0.00e+00	0.00e+00	7.5419e+00
5.87914e+18	1.1861e+04	1.782e-17	1.6681e+03	1.8136e+03	3.8705e-19	4.0550e-04	9.9959e-01	1.2612e-04	9.9921e-01	6.6222e-04	2.7624e-28	2.2990e-08	5.3229e-04	2.0807e-01	7.8808e-01	9.5609e-08	7.7791e-04	9.9395e-01	4.3208e-03	9.3990e-04	8.7667e-06	6.8659e-36	0.00e+00	0.00e+00	7.7978e+00
5.93909e+18	1.1913e+04	1.800e-17	1.6681e+03	1.8136e+03	4.1724e-19	4.2415e-04	9.9958e-01	1.2905e-04	9.9922e-01	6.5112e-04	3.2239e-28	2.4127e-08	5.5426e-04	2.1158e-01	7.8464e-01	1.0348e-07	7.9336e-04	9.9404e-01	4.2345e-03	9.2669e-04	8.4200e-06	8.0860e-36	0.00e+00	0.00e+00	8.0656e+00
5.98195e+18	1.1956e+04	1.813e-17	1.6681e+03	1.8135e+03	4.3182e-19	4.3859e-04	9.9956e-01	1.3141e-04	9.9922e-01	6.4441e-04	3.5864e-28	2.4967e-08	5.7063e-04	2.1395e-01	7.8231e-01	1.0992e-07	8.0595e-04	9.9408e-01	4.1869e-03	9.1906e-04	8.2134e-06	8.7559e-36	0.00e+00	0.00e+00	8.1846e+00
###########################
5.45044e+14	1.7957e+04	1.919e-17	1.6681e+03	1.9586e+03	9.2176e-21	5.7357e-05	9.9994e-01	3.5772e-07	6.0596e-03	9.9394e-01	3.1518e-34	1.4254e-10	4.3827e-06	3.2749e-03	7.0213e-02	1.4196e-11	8.3007e-07	1.7882e-03	1.4803e-01	4.5662e-01	3.0924e-01	1.1755e-36	0.00e+00	0.00e+00	6.5837e-04
3.27026e+15	1.7909e+04	1.913e-17	1.6681e+03	1.9586e+03	9.0640e-21	5.7310e-05	9.9994e-01	3.5691e-07	6.0612e-03	9.9394e-01	2.9489e-34	1.2152e-10	4.3671e-06	3.2702e-03	7.0496e-02	1.4221e-11	8.3314e-07	1.8017e-03	1.4867e-01	4.5795e-01	3.0858e-01	1.1755e-36	0.00e+00	0.00e+00	3.2897e-03
1.41711e+16	1.7818e+04	1.903e-17	1.6681e+03	1.9586e+03	9.0252e-21	5.7204e-05	9.9994e-01	3.5868e-07	6.0841e-03	9.9392e-01	2.9784e-34	1.1954e-10	4.3910e-06	3.3050e-03	7.1445e-02	1.4406e-11	8.4643e-07	1.8505e-03	1.5076e-01	4.6003e-01	3.0692e-01	1.1755e-36	0.00e+00	0.00e+00	1.3796e-02
5.77747e+16	1.7620e+04	1.884e-17	1.6681e+03	1.9585e+03	8.9187e-21	5.6728e-05	9.9994e-01	3.6181e-07	6.2012e-03	9.9380e-01	3.0566e-34	1.1602e-10	4.4957e-06	3.4562e-03	7.4532e-02	1.4794e-11	8.8013e-07	2.0238e-03	1.5761e-01	4.6561e-01	2.9964e-01	1.1755e-36	0.00e+00	0.00e+00	5.5469e-02
1.38005e+17	1.7156e+04	1.824e-17	1.6681e+03	1.9585e+03	8.4027e-21	5.3896e-05	9.9995e-01	3.4537e-07	6.0987e-03	9.9390e-01	2.6086e-34	9.7144e-11	4.3917e-06	3.5517e-03	7.9032e-02	1.4256e-11	8.8799e-07	2.2643e-03	1.6700e-01	4.7334e-01	2.8934e-01	1.1755e-36	0.00e+00	0.00e+00	1.0694e-01
2.33703e+17	1.6726e+04	1.774e-17	1.6681e+03	1.9584e+03	7.8837e-21	5.1345e-05	9.9995e-01	3.3470e-07	6.0918e-03	9.9391e-01	2.3210e-34	8.6242e-11	4.3665e-06	3.7023e-03	8.4045e-02	1.4100e-11	9.1624e-07	2.5593e-03	1.7819e-01	4.8194e-01	2.7666e-01	1.1755e-36	0.00e+00	0.00e+00	1.6138e-01
3.42814e+17	1.6350e+04	1.738e-17	1.6681e+03	1.9584e+03	7.5896e-21	4.9359e-05	9.9995e-01	3.3376e-07	6.2446e-03	9.9376e-01	2.2822e-34	8.2104e-11	4.4840e-06	3.9608e-03	9.0073e-02	1.4609e-11	9.8296e-07	2.9621e-03	1.9234e-01	4.9088e-01	2.6089e-01	1.1755e-36	0.00e+00	0.00e+00	2.2247e-01
4.77967e+17	1.5958e+04	1.712e-17	1.6681e+03	1.9582e+03	7.3168e-21	4.7857e-05	9.9995e-01	3.4667e-07	6.6320e-03	9.9337e-01	2.5205e-34	8.4079e-11	4.8335e-06	4.4192e-03	9.8635e-02	1.6325e-11	1.1283e-06	3.6126e-03	2.1277e-01	4.9987e-01	2.3960e-01	1.1755e-36	0.00e+00	0.00e+00	2.9946e-01
6.11095e+17	1.5603e+04	1.687e-17	1.6681e+03	1.9581e+03	6.8590e-21	4.5596e-05	9.9995e-01	3.5362e-07	7.0291e-03	9.9297e-01	2.5153e-34	8.4173e-11	5.0916e-06	4.8907e-03	1.0727e-01	1.7207e-11	1.2431e-06	4.3340e-03	2.3283e-01	5.0578e-01	2.1986e-01	1.1755e-36	0.00e+00	0.00e+00	3.5394e-01
7.14360e+17	1.5379e+04	1.676e-17	1.6681e+03	1.9580e+03	6.5825e-21	4.4390e-05	9.9996e-01	3.7043e-07	7.5084e-03	9.9249e-01	2.7651e-34	8.8930e-11	5.4697e-06	5.3923e-03	1.1510e-01	1.8890e-11	1.3966e-06	5.0768e-03	2.5103e-01	5.0805e-01	2.0355e-01	1.1755e-36	0.00e+00	0.00e+00	3.9743e-01
8.21374e+17	1.5146e+04	1.673e-17	1.6681e+03	1.9578e+03	6.6184e-21	4.4093e-05	9.9996e-01	4.0708e-07	8.2663e-03	9.9173e-01	3.6095e-34	1.0091e-10	6.1832e-06	6.1445e-03	1.2557e-01	2.2655e-11	1.6812e-06	6.1740e-03	2.7459e-01	5.0723e-01	1.8472e-01	1.1755e-36	0.00e+00	0.00e+00	4.5360e-01
9.31402e+17	1.4934e+04	1.672e-17	1.6681e+03	1.9576e+03	6.5049e-21	4.3302e-05	9.9996e-01	4.4825e-07	9.2098e-03	9.9079e-01	4.5404e-34	1.1393e-10	6.9735e-06	7.0517e-03	1.3748e-01	2.6733e-11	2.0125e-06	7.5817e-03	2.9999e-01	5.0293e-01	1.6645e-01	1.1755e-36	0.00e+00	0.00e+00	4.9878e-01
1.01317e+18	1.4784e+04	1.674e-17	1.6681e+03	1.9575e+03	6.3664e-21	4.2656e-05	9.9996e-01	4.8973e-07	1.0130e-02	9.8987e-01	5.5283e-34	1.2667e-10	7.7266e-06	7.8965e-03	1.4778e-01	3.0816e-11	2.3443e-06	8.9507e-03	3.2075e-01	4.9694e-01	1.5309e-01	1.1755e-36	0.00e+00	0.00e+00	5.2772e-01
1.07219e+18	1.4699e+04	1.677e-17	1.6681e+03	1.9572e+03	6.2839e-21	4.2420e-05	9.9996e-01	5.2900e-07	1.0970e-02	9.8903e-01	6.6433e-34	1.3955e-10	8.4314e-06	8.6528e-03	1.5658e-01	3.4965e-11	2.6665e-06	1.0222e-02	3.3777e-01	4.9070e-01	1.4297e-01	1.1755e-36	0.00e+00	0.00e+00	5.5167e-01
1.13384e+18	1.4581e+04	1.683e-17	1.6681e+03	1.9571e+03	6.4042e-21	4.2558e-05	9.9996e-01	5.8686e-07	1.2077e-02	9.8792e-01	8.7570e-34	1.5882e-10	9.4507e-06	9.6530e-03	1.6778e-01	4.1546e-11	3.1473e-06	1.1935e-02	3.5822e-01	4.8186e-01	1.3168e-01	1.1755e-36	0.00e+00	0.00e+00	5.8290e-01
1.19961e+18	1.4482e+04	1.691e-17	1.6681e+03	1.9569e+03	6.3570e-21	4.2417e-05	9.9996e-01	6.5916e-07	1.3512e-02	9.8649e-01	1.1509e-33	1.8191e-10	1.0672e-05	1.0882e-02	1.8085e-01	4.9781e-11	3.7650e-06	1.4179e-02	3.8069e-01	4.7043e-01	1.2029e-01	1.1755e-36	0.00e+00	0.00e+00	6.1052e-01
1.25509e+18	1.4403e+04	1.701e-17	1.6681e+03	1.9566e+03	6.3918e-21	4.2334e-05	9.9996e-01	7.3735e-07	1.5062e-02	9.8494e-01	1.4995e-33	2.0630e-10	1.1933e-05	1.2143e-02	1.9375e-01	5.8959e-11	4.4475e-06	1.6628e-02	4.0129e-01	4.5846e-01	1.1070e-01	1.1755e-36	0.00e+00	0.00e+00	6.3242e-01
1.30071e+18	1.4331e+04	1.712e-17	1.6681e+03	1.9562e+03	6.4373e-21	4.2410e-05	9.9996e-01	8.2024e-07	1.6664e-02	9.8334e-01	1.9256e-33	2.3188e-10	1.3222e-05	1.3396e-02	2.0620e-01	6.9219e-11	5.1912e-06	1.9198e-02	4.1977e-01	4.4662e-01	1.0266e-01	1.1755e-36	0.00e+00	0.00e+00	6.5123e-01
1.34209e+18	1.4272e+04	1.723e-17	1.6681e+03	1.9559e+03	6.4765e-21	4.2505e-05	9.9996e-01	9.1402e-07	1.8434e-02	9.8156e-01	2.4771e-33	2.6023e-10	1.4636e-05	1.4734e-02	2.1911e-01	8.1324e-11	6.0583e-06	2.2086e-02	4.3768e-01	4.3424e-01	9.5273e-02	1.1755e-36	0.00e+00	0.00e+00	6.6941e-01
1.38245e+18	1.4218e+04	1.736e-17	1.6681e+03	1.9556e+03	6.5397e-21	4.2624e-05	9.9996e-01	1.0274e-06	2.0552e-02	9.7945e-01	3.2413e-33	2.9342e-10	1.6269e-05	1.6260e-02	2.3345e-01	9.6470e-11	7.1320e-06	2.5583e-02	4.5617e-01	4.2048e-01	8.8027e-02	1.1755e-36	0.00e+00	0.00e+00	6.8741e-01
1.42130e+18	1.4175e+04	1.750e-17	1.6681e+03	1.9552e+03	6.4619e-21	4.2731e-05	9.9996e-01	1.1633e-06	2.3088e-02	9.7691e-01	4.2188e-33	3.3149e-10	1.8118e-05	1.7972e-02	2.4917e-01	1.1519e-10	8.4518e-06	2.9808e-02	4.7481e-01	4.0547e-01	8.1060e-02	1.1755e-36	0.00e+00	0.00e+00	7.0433e-01
1.45703e+18	1.4147e+04	1.766e-17	1.6681e+03	1.9548e+03	6.4835e-21	4.2779e-05	9.9996e-01	1.3199e-06	2.6014e-02	9.7398e-01	5.5280e-33	3.7313e-10	2.0109e-05	1.9817e-02	2.6570e-01	1.3709e-10	9.9964e-06	3.4719e-02	4.9271e-01	3.8988e-01	7.4625e-02	1.1755e-36	0.00e+00	0.00e+00	7.1958e-01
1.48926e+18	1.4098e+04	1.787e-17	1.6681e+03	1.9544e+03	6.5254e-21	4.2797e-05	9.9996e-01	1.4932e-06	2.9324e-02	9.7067e-01	7.0500e-33	4.1486e-10	2.2118e-05	2.1755e-02	2.8297e-01	1.6016e-10	1.1658e-05	4.0302e-02	5.0957e-01	3.7401e-01	6.8761e-02	1.1755e-36	0.00e+00	0.00e+00	7.3337e-01
1.51890e+18	1.4079e+04	1.805e-17	1.6681e+03	1.9537e+03	6.5534e-21	4.3100e-05	9.9996e-01	1.7163e-06	3.3229e-02	9.6677e-01	9.5517e-33	4.6952e-10	2.4657e-05	2.3879e-02	3.0124e-01	1.9599e-10	1.4042e-05	4.6917e-02	5.2563e-01	3.5751e-01	6.3230e-02	1.1755e-36	0.00e+00	0.00e+00	7.4639e-01
1.54630e+18	1.4065e+04	1.826e-17	1.6681e+03	1.9530e+03	6.5591e-21	4.3286e-05	9.9996e-01	1.9666e-06	3.7733e-02	9.6227e-01	1.2563e-32	5.2514e-10	2.7222e-05	2.6107e-02	3.2038e-01	2.3531e-10	1.6693e-05	5.4562e-02	5.4051e-01	3.4069e-01	5.8094e-02	1.1755e-36	0.00e+00	0.00e+00	7.5829e-01
1.57135e+18	1.4038e+04	1.852e-17	1.6681e+03	1.9524e+03	6.5832e-21	4.3260e-05	9.9996e-01	2.2394e-06	4.2891e-02	9.5711e-01	1.5814e-32	5.7750e-10	2.9659e-05	2.8442e-02	3.4038e-01	2.7332e-10	1.9390e-05	6.3313e-02	5.5412e-01	3.2363e-01	5.3329e-02	1.1755e-36	0.00e+00	0.00e+00	7.6922e-01
1.59460e+18	1.4038e+04	1.875e-17	1.6681e+03	1.9512e+03	6.5555e-21	4.3610e-05	9.9996e-01	2.5990e-06	4.9075e-02	9.5092e-01	2.1355e-32	6.4802e-10	3.2837e-05	3.0957e-02	3.6155e-01	3.3663e-10	2.3474e-05	7.3770e-02	5.6635e-01	3.0598e-01	4.8780e-02	1.1755e-36	0.00e+00	0.00e+00	7.7955e-01
1.61600e+18	1.4023e+04	1.906e-17	1.6681e+03	1.9505e+03	6.5633e-21	4.3580e-05	9.9996e-01	2.9827e-06	5.6215e-02	9.4378e-01	2.6829e-32	7.0892e-10	3.5617e-05	3.3573e-02	3.8360e-01	3.9193e-10	2.7329e-05	8.5751e-02	5.7691e-01	2.8814e-01	4.4540e-02	1.1755e-36	0.00e+00	0.00e+00	7.8887e-01
1.63549e+18	1.4045e+04	1.932e-17	1.6681e+03	1.9488e+03	6.4525e-21	4.3881e-05	9.9996e-01	3.4718e-06	6.4612e-02	9.3538e-01	3.5588e-32	7.8744e-10	3.9100e-05	3.6267e-02	4.0624e-01	4.8073e-10	3.2991e-05	9.9710e-02	5.8526e-01	2.7020e-01	4.0570e-02	1.1755e-36	0.00e+00	0.00e+00	7.9750e-01
1.65329e+18	1.4032e+04	1.965e-17	1.6681e+03	1.9476e+03	6.4319e-21	4.4039e-05	9.9996e-01	4.0316e-06	7.4436e-02	9.2556e-01	4.5732e-32	8.6275e-10	4.2483e-05	3.9091e-02	4.2985e-01	5.7346e-10	3.9050e-05	1.1578e-01	5.9151e-01	2.5201e-01	3.6832e-02	1.1755e-36	0.00e+00	0.00e+00	8.0535e-01
1.66950e+18	1.4026e+04	2.000e-17	1.6681e+03	1.9464e+03	6.4135e-21	4.4075e-05	9.9996e-01	4.6519e-06	8.5706e-02	9.1429e-01	5.6665e-32	9.3348e-10	4.5609e-05	4.1941e-02	4.5378e-01	6.6598e-10	4.5294e-05	1.3394e-01	5.9520e-01	2.3400e-01	3.3360e-02	1.1755e-36	0.00e+00	0.00e+00	8.1254e-01
1.68446e+18	1.4050e+04	2.032e-17	1.6681e+03	1.9438e+03	6.1613e-21	4.4360e-05	9.9996e-01	5.4278e-06	9.9028e-02	9.0097e-01	7.2408e-32	1.0200e-09	4.9407e-05	4.4801e-02	4.7820e-01	8.0862e-10	5.4231e-05	1.5493e-01	5.9589e-01	2.1593e-01	3.0081e-02	1.1755e-36	0.00e+00	0.00e+00	8.1928e-01
1.69826e+18	1.4037e+04	2.070e-17	1.6681e+03	1.9419e+03	6.1209e-21	4.4550e-05	9.9996e-01	6.3375e-06	1.1478e-01	8.8522e-01	9.1321e-32	1.1036e-09	5.3098e-05	4.7806e-02	5.0349e-01	9.5849e-10	6.3807e-05	1.7905e-01	5.9356e-01	1.9760e-01	2.6948e-02	1.1755e-36	0.00e+00	0.00e+00	8.2546e-01
1.71086e+18	1.4027e+04	2.109e-17	1.6681e+03	1.9399e+03	6.0846e-21	4.4633e-05	9.9996e-01	7.3554e-06	1.3287e-01	8.6713e-01	1.1131e-31	1.1811e-09	5.6455e-05	5.0789e-02	5.2875e-01	1.1079e-09	7.3628e-05	2.0592e-01	5.8786e-01	1.7963e-01	2.4040e-02	1.1755e-36	0.00e+00	0.00e+00	8.3111e-01
1.72241e+18	1.4023e+04	2.146e-17	1.6681e+03	1.9372e+03	5.9784e-21	4.4847e-05	9.9996e-01	8.5725e-06	1.5385e-01	8.4614e-01	1.3716e-31	1.2653e-09	6.0119e-05	5.3724e-02	5.5391e-01	1.3020e-09	8.5883e-05	2.3596e-01	5.7843e-01	1.6200e-01	2.1322e-02	1.1755e-36	0.00e+00	0.00e+00	8.3635e-01
1.73310e+18	1.4012e+04	2.183e-17	1.6681e+03	1.9340e+03	5.8478e-21	4.5088e-05	9.9995e-01	9.9846e-06	1.7813e-01	8.2186e-01	1.6686e-31	1.3492e-09	6.3756e-05	5.6622e-02	5.7897e-01	1.5219e-09	9.9661e-05	2.6928e-01	5.6517e-01	1.4474e-01	1.8782e-02	1.1755e-36	0.00e+00	0.00e+00	8.4122e-01
1.74300e+18	1.4003e+04	2.214e-17	1.6681e+03	1.9287e+03	5.5230e-21	4.5437e-05	9.9995e-01	1.1605e-05	2.0595e-01	7.9404e-01	1.9980e-31	1.4330e-09	6.7451e-05	5.9342e-02	6.0355e-01	1.7920e-09	1.1608e-04	3.0566e-01	5.4797e-01	1.2813e-01	1.6445e-02	1.1755e-36	0.00e+00	0.00e+00	8.4579e-01
1.75225e+18	1.3969e+04	2.245e-17	1.6681e+03	1.9240e+03	5.3919e-21	4.5745e-05	9.9995e-01	1.3457e-05	2.3772e-01	7.6227e-01	2.3728e-31	1.5127e-09	7.0918e-05	6.2077e-02	6.2779e-01	2.0671e-09	1.3297e-04	3.4509e-01	5.2697e-01	1.1209e-01	1.4269e-02	1.1755e-36	0.00e+00	0.00e+00	8.5010e-01
1.76094e+18	1.3923e+04	2.271e-17	1.6681e+03	1.9186e+03	5.2300e-21	4.6079e-05	9.9995e-01	1.5554e-05	2.7363e-01	7.2635e-01	2.7718e-31	1.5881e-09	7.4233e-05	6.4697e-02	6.5133e-01	2.3656e-09	1.5117e-04	3.8720e-01	5.0225e-01	9.6890e-02	1.2274e-02	1.1755e-36	0.00e+00	0.00e+00	8.5419e-01
1.76916e+18	1.3861e+04	2.290e-17	1.6681e+03	1.9129e+03	5.1208e-21	4.6480e-05	9.9995e-01	1.7926e-05	3.1383e-01	6.8615e-01	3.2220e-31	1.6615e-09	7.7463e-05	6.7209e-02	6.7400e-01	2.6906e-09	1.7071e-04	4.3152e-01	4.7414e-01	8.2671e-02	1.0460e-02	1.1755e-36	0.00e+00	0.00e+00	8.5811e-01
1.77701e+18	1.3781e+04	2.300e-17	1.6681e+03	1.9065e+03	5.3010e-21	4.6942e-05	9.9995e-01	2.0563e-05	3.5814e-01	6.4184e-01	3.8106e-31	1.7314e-09	8.0558e-05	6.9586e-02	6.9558e-01	3.0374e-09	1.9127e-04	4.7734e-01	4.4316e-01	6.9610e-02	8.8346e-03	1.1755e-36	0.00e+00	0.00e+00	8.6191e-01
1.78457e+18	1.3681e+04	2.300e-17	1.6681e+03	1.8996e+03	5.4926e-21	4.7472e-05	9.9995e-01	2.3457e-05	4.0623e-01	5.9375e-01	4.4523e-31	1.7980e-09	8.3523e-05	7.1826e-02	7.1592e-01	3.4030e-09	2.1258e-04	5.2392e-01	4.0994e-01	5.7819e-02	7.3950e-03	1.1755e-36	0.00e+00	0.00e+00	8.6564e-01
1.79199e+18	1.3559e+04	2.287e-17	1.6681e+03	1.8923e+03	5.7485e-21	4.8079e-05	9.9995e-01	2.6593e-05	4.5765e-01	5.4233e-01	5.1670e-31	1.8620e-09	8.6387e-05	7.3940e-02	7.3494e-01	3.7850e-09	2.3440e-04	5.7058e-01	3.7512e-01	4.7351e-02	6.1341e-03	1.1755e-36	0.00e+00	0.00e+00	8.6937e-01
1.80046e+18	1.3385e+04	2.256e-17	1.6681e+03	1.8836e+03	6.1523e-21	4.8908e-05	9.9995e-01	3.0411e-05	5.1862e-01	4.8135e-01	6.1030e-31	1.9357e-09	8.9669e-05	7.6245e-02	7.5482e-01	4.2430e-09	2.5973e-04	6.2265e-01	3.3465e-01	3.7090e-02	4.9032e-03	1.1755e-36	0.00e+00	0.00e+00	8.7430e-01
1.80950e+18	1.3174e+04	2.206e-17	1.6681e+03	1.8739e+03	6.6643e-21	4.9861e-05	9.9995e-01	3.4704e-05	5.8605e-01	4.1392e-01	7.1748e-31	2.0097e-09	9.2970e-05	7.8519e-02	7.7378e-01	4.7332e-09	2.8615e-04	6.7583e-01	2.9158e-01	2.8130e-02	3.8325e-03	1.1755e-36	0.00e+00	0.00e+00	8.7877e-01
1.81738e+18	1.2966e+04	2.148e-17	1.6681e+03	1.8657e+03	7.2071e-21	5.0771e-05	9.9995e-01	3.8442e-05	6.4304e-01	3.5692e-01	8.1808e-31	2.0739e-09	9.5805e-05	8.0381e-02	7.8809e-01	5.1556e-09	3.0808e-04	7.1822e-01	2.5613e-01	2.1991e-02	3.0891e-03	1.1755e-36	0.00e+00	0.00e+00	8.8265e-01
1.82573e+18	1.2727e+04	2.077e-17	1.6681e+03	1.8579e+03	7.9054e-21	5.1828e-05	9.9995e-01	4.2178e-05	6.9714e-01	3.0281e-01	9.3481e-31	2.1469e-09	9.8915e-05	8.2275e-02	8.0061e-01	5.5951e-09	3.2974e-04	7.5727e-01	2.2262e-01	1.7101e-02	2.4786e-03	1.1755e-36	0.00e+00	0.00e+00	8.8780e-01
1.83659e+18	1.2419e+04	1.981e-17	1.6681e+03	1.8493e+03	8.9524e-21	5.3205e-05	9.9995e-01	4.6547e-05	7.5717e-01	2.4279e-01	1.0929e-30	2.2432e-09	1.0288e-04	8.4573e-02	8.1332e-01	6.1229e-09	3.5445e-04	7.9911e-01	1.8580e-01	1.2691e-02	1.9034e-03	1.1755e-36	0.00e+00	0.00e+00	8.9468e-01
1.84773e+18	1.2127e+04	1.887e-17	1.6681e+03	1.8421e+03	1.0079e-20	5.4500e-05	9.9995e-01	5.0371e-05	8.0745e-01	1.9250e-01	1.2476e-30	2.3361e-09	1.0660e-04	8.6686e-02	8.2310e-01	6.5882e-09	3.7527e-04	8.3278e-01	1.5549e-01	9.7564e-03	1.4958e-03	1.1755e-36	0.00e+00	0.00e+00	9.0044e-01
1.85720e+18	1.1899e+04	1.814e-17	1.6681e+03	1.8372e+03	1.1050e-20	5.5528e-05	9.9994e-01	5.3056e-05	8.4050e-01	1.5944e-01	1.3742e-30	2.4137e-09	1.0962e-04	8.8338e-02	8.2924e-01	6.9359e-09	3.9003e-04	8.5492e-01	1.3524e-01	8.1223e-03	1.2501e-03	1.1755e-36	0.00e+00	0.00e+00	9.0565e-01
1.86745e+18	1.1675e+04	1.743e-17	1.6681e+03	1.8332e+03	1.2208e-20	5.6604e-05	9.9994e-01	5.5522e-05	8.6831e-01	1.3164e-01	1.5175e-30	2.5000e-09	1.1287e-04	9.0048e-02	8.3426e-01	7.2852e-09	4.0411e-04	8.7411e-01	1.1746e-01	6.9054e-03	1.0503e-03	1.1755e-36	0.00e+00	0.00e+00	9.1256e-01
1.88077e+18	1.1427e+04	1.665e-17	1.6681e+03	1.8294e+03	1.3664e-20	5.7846e-05	9.9994e-01	5.8096e-05	8.9533e-01	1.0461e-01	1.6912e-30	2.6047e-09	1.1674e-04	9.2046e-02	8.3898e-01	7.6737e-09	4.1904e-04	8.9305e-01	9.9733e-02	5.8797e-03	8.6441e-04	1.1755e-36	0.00e+00	0.00e+00	9.2173e-01
1.89809e+18	1.1166e+04	1.584e-17	1.6681e+03	1.8259e+03	1.5264e-20	5.9224e-05	9.9994e-01	6.0638e-05	9.1973e-01	8.0206e-02	1.8833e-30	2.7268e-09	1.2115e-04	9.4287e-02	8.4314e-01	8.0876e-09	4.3414e-04	9.1066e-01	8.3082e-02	5.0765e-03	7.0021e-04	1.1755e-36	0.00e+00	0.00e+00	9.3395e-01
1.92044e+18	1.0908e+04	1.507e-17	1.6681e+03	1.8229e+03	1.7310e-20	6.0682e-05	9.9994e-01	6.2996e-05	9.4006e-01	5.9879e-02	2.1077e-30	2.8619e-09	1.2593e-04	9.6686e-02	8.4658e-01	8.5063e-09	4.4853e-04	9.2601e-01	6.8454e-02	4.4882e-03	5.6269e-04	1.1755e-36	0.00e+00	0.00e+00	9.5001e-01
1.94898e+18	1.0669e+04	1.436e-17	1.6681e+03	1.8206e+03	1.9584e-20	6.2175e-05	9.9994e-01	6.5078e-05	9.5588e-01	4.4054e-02	2.3467e-30	3.0053e-09	1.3089e-04	9.9153e-02	8.4929e-01	8.9138e-09	4.6163e-04	9.3871e-01	5.6270e-02	4.0711e-03	4.5191e-04	1.1755e-36	0.00e+00	0.00e+00	9.7093e-01
1.98572e+18	1.0452e+04	1.374e-17	1.6681e+03	1.8188e+03	2.2144e-20	6.3721e-05	9.9994e-01	6.6905e-05	9.6787e-01	3.2065e-02	2.6051e-30	3.1574e-09	1.3602e-04	1.0168e-01	8.5143e-01	9.3136e-09	4.7353e-04	9.4916e-01	4.6212e-02	3.7661e-03	3.6260e-04	1.1755e-36	0.00e+00	0.00e+00	9.9880e-01
2.03347e+18	1.0261e+04	1.320e-17	1.6681e+03	1.8175e+03	2.4812e-20	6.5351e-05	9.9993e-01	6.8507e-05	9.7682e-01	2.3111e-02	2.8736e-30	3.3188e-09	1.4131e-04	1.0429e-01	8.5315e-01	9.7080e-09	4.8424e-04	9.5763e-01	3.8044e-02	3.5301e-03	2.9105e-04	1.1755e-36	0.00e+00	0.00e+00	1.0360e+00
2.09556e+18	1.0098e+04	1.276e-17	1.6681e+03	1.8166e+03	2.7601e-20	6.7120e-05	9.9993e-01	6.9916e-05	9.8339e-01	1.6540e-02	3.1573e-30	3.4922e-09	1.4683e-04	1.0700e-01	8.5454e-01	1.0105e-08	4.9383e-04	9.6443e-01	3.1485e-02	3.3323e-03	2.3397e-04	1.1755e-36	0.00e+00	0.00e+00	1.0856e+00
2.17627e+18	9.9652e+03	1.240e-17	1.6681e+03	1.8159e+03	3.0291e-20	6.9130e-05	9.9993e-01	7.1181e-05	9.8814e-01	1.1786e-02	3.4551e-30	3.6846e-09	1.5267e-04	1.0985e-01	8.5568e-01	1.0524e-08	5.0266e-04	9.6994e-01	2.6205e-02	3.1502e-03	1.8810e-04	1.1755e-36	0.00e+00	0.00e+00	1.1520e+00
2.28119e+18	9.8622e+03	1.213e-17	1.6681e+03	1.8154e+03	3.3596e-20	7.1500e-05	9.9993e-01	7.2323e-05	9.9154e-01	8.3910e-03	3.8073e-30	3.8965e-09	1.5878e-04	1.1282e-01	8.5669e-01	1.0973e-08	5.1052e-04	9.7437e-01	2.1984e-02	2.9677e-03	1.5115e-04	1.1755e-36	0.00e+00	0.00e+00	1.2414e+00
2.41759e+18	9.7786e+03	1.195e-17	1.6681e+03	1.8150e+03	3.7128e-20	7.4668e-05	9.9993e-01	7.3600e-05	9.9394e-01	5.9843e-03	4.2558e-30	4.1772e-09	1.6658e-04	1.1652e-01	8.5701e-01	1.1548e-08	5.1917e-04	9.7802e-01	1.8552e-02	2.7718e-03	1.2083e-04	1.1755e-36	0.00e+00	0.00e+00	1.3626e+00
2.59491e+18	9.7585e+03	1.184e-17	1.6681e+03	1.8147e+03	4.0864e-20	7.8687e-05	9.9992e-01	7.4792e-05	9.9563e-01	4.2986e-03	4.7982e-30	4.5049e-09	1.7490e-04	1.2039e-01	8.5713e-01	1.2222e-08	5.2698e-04	9.8108e-01	1.5723e-02	2.5605e-03	9.5619e-05	1.1755e-36	0.00e+00	0.00e+00	1.5288e+00
2.82543e+18	9.7641e+03	1.185e-17	1.6681e+03	1.8146e+03	4.6329e-20	8.4514e-05	9.9992e-01	7.6309e-05	9.9682e-01	3.1027e-03	5.6323e-30	4.9595e-09	1.8582e-04	1.2522e-01	8.5627e-01	1.3168e-08	5.3627e-04	9.8376e-01	1.3298e-02	2.3239e-03	7.4123e-05	1.1755e-36	0.00e+00	0.00e+00	1.7607e+00
3.10351e+18	9.8205e+03	1.198e-17	1.6681e+03	1.8144e+03	5.3035e-20	9.2549e-05	9.9991e-01	7.8038e-05	9.9762e-01	2.3048e-03	6.7931e-30	5.5405e-09	1.9885e-04	1.3072e-01	8.5430e-01	1.4422e-08	5.4614e-04	9.8597e-01	1.1336e-02	2.0867e-03	5.7122e-05	1.1755e-36	0.00e+00	0.00e+00	2.0489e+00
3.38847e+18	9.9222e+03	1.223e-17	1.6681e+03	1.8143e+03	6.0692e-20	1.0243e-04	9.9990e-01	7.9833e-05	9.9810e-01	1.8223e-03	8.2693e-30	6.1932e-09	2.1248e-04	1.3614e-01	8.5152e-01	1.5923e-08	5.5576e-04	9.8758e-01	9.9220e-03	1.8865e-03	4.5302e-05	1.1755e-36	0.00e+00	0.00e+00	2.3448e+00
3.64911e+18	1.0045e+04	1.255e-17	1.6681e+03	1.8143e+03	7.0245e-20	1.1342e-04	9.9989e-01	8.1791e-05	9.9839e-01	1.5307e-03	1.0185e-29	6.8812e-09	2.2621e-04	1.4116e-01	8.4836e-01	1.7617e-08	5.6521e-04	9.8875e-01	8.9136e-03	1.7289e-03	3.7273e-05	1.1755e-36	0.00e+00	0.00e+00	2.6398e+00
3.88368e+18	1.0175e+04	1.289e-17	1.6681e+03	1.8142e+03	8.3607e-20	1.2527e-04	9.9987e-01	8.3664e-05	9.9858e-01	1.3394e-03	1.2739e-29	7.5937e-09	2.4001e-04	1.4585e-01	8.4501e-01	1.9495e-08	5.7458e-04	9.8963e-01	8.1575e-03	1.6037e-03	3.1557e-05	1.1755e-36	0.00e+00	0.00e+00	2.9330e+00
4.09480e+18	1.0307e+04	1.325e-17	1.6681e+03	1.8142e+03	9.6358e-20	1.3786e-04	9.9986e-01	8.5728e-05	9.9871e-01	1.2050e-03	1.5757e-29	8.3353e-09	2.5409e-04	1.5027e-01	8.4160e-01	2.1593e-08	5.8451e-04	9.9032e-01	7.5660e-03	1.5027e-03	2.7315e-05	1.1755e-36	0.00e+00	0.00e+00	3.2234e+00
4.28480e+18	1.0437e+04	1.361e-17	1.6681e+03	1.8141e+03	1.1110e-19	1.5105e-04	9.9985e-01	8.7903e-05	9.9881e-01	1.1059e-03	1.9495e-29	9.0975e-09	2.6838e-04	1.5447e-01	8.3816e-01	2.3902e-08	5.9470e-04	9.9087e-01	7.0915e-03	1.4200e-03	2.4075e-05	1.1755e-36	0.00e+00	0.00e+00	3.5097e+00
4.45581e+18	1.0562e+04	1.396e-17	1.6681e+03	1.8141e+03	1.2787e-19	1.6470e-04	9.9984e-01	9.0148e-05	9.9888e-01	1.0302e-03	2.4074e-29	9.8763e-09	2.8287e-04	1.5849e-01	8.3474e-01	2.6420e-08	6.0513e-04	9.9132e-01	6.7031e-03	1.3516e-03	2.1540e-05	1.1755e-36	0.00e+00	0.00e+00	3.7907e+00
4.60971e+18	1.0683e+04	1.429e-17	1.6681e+03	1.8141e+03	1.4570e-19	1.7852e-04	9.9982e-01	9.2259e-05	9.9894e-01	9.7097e-04	2.9423e-29	1.0626e-08	2.9711e-04	1.6225e-01	8.3145e-01	2.9089e-08	6.1525e-04	9.9169e-01	6.3791e-03	1.2945e-03	1.9518e-05	1.1755e-36	0.00e+00	0.00e+00	4.0648e+00
4.74822e+18	1.0783e+04	1.462e-17	1.6681e+03	1.8140e+03	1.6626e-19	1.9277e-04	9.9981e-01	9.4562e-05	9.9898e-01	9.2247e-04	3.5985e-29	1.1437e-08	3.1218e-04	1.6606e-01	8.2804e-01	3.2023e-08	6.2635e-04	9.9200e-01	6.1068e-03	1.2456e-03	1.7878e-05	1.1755e-36	0.00e+00	0.00e+00	4.3312e+00
4.87288e+18	1.0888e+04	1.493e-17	1.6681e+03	1.8140e+03	1.8732e-19	2.0688e-04	9.9979e-01	9.6825e-05	9.9902e-01	8.8362e-04	4.3516e-29	1.2232e-08	3.2685e-04	1.6958e-01	8.2483e-01	3.5087e-08	6.3707e-04	9.9226e-01	5.8760e-03	1.2047e-03	1.6535e-05	1.4241e-36	0.00e+00	0.00e+00	4.5885e+00
4.98508e+18	1.0973e+04	1.522e-17	1.6681e+03	1.8140e+03	2.0795e-19	2.2117e-04	9.9978e-01	9.9313e-05	9.9905e-01	8.5073e-04	5.2160e-29	1.3078e-08	3.4214e-04	1.7310e-01	8.2158e-01	3.8391e-08	6.4856e-04	9.9249e-01	5.6757e-03	1.1692e-03	1.5412e-05	1.7539e-36	0.00e+00	0.00e+00	4.8361e+00
5.08606e+18	1.1064e+04	1.548e-17	1.6681e+03	1.8139e+03	2.3087e-19	2.3486e-04	9.9977e-01	1.0144e-04	9.9907e-01	8.2425e-04	6.1789e-29	1.3825e-08	3.5626e-04	1.7625e-01	8.1865e-01	4.1671e-08	6.5874e-04	9.9268e-01	5.5049e-03	1.1391e-03	1.4479e-05	2.1799e-36	0.00e+00	0.00e+00	5.0727e+00
5.17694e+18	1.1145e+04	1.572e-17	1.6681e+03	1.8139e+03	2.5428e-19	2.4833e-04	9.9975e-01	1.0360e-04	9.9909e-01	8.0187e-04	7.2632e-29	1.4594e-08	3.7045e-04	1.7929e-01	8.1578e-01	4.5087e-08	6.6915e-04	9.9284e-01	5.3569e-03	1.1131e-03	1.3689e-05	2.6674e-36	0.00e+00	0.00e+00	5.2978e+00
5.25873e+18	1.1216e+04	1.594e-17	1.6681e+03	1.8139e+03	2.7861e-19	2.6158e-04	9.9974e-01	1.0587e-04	9.9911e-01	7.8282e-04	8.4824e-29	1.5388e-08	3.8472e-04	1.8224e-01	8.1298e-01	4.8640e-08	6.7982e-04	9.9299e-01	5.2239e-03	1.0903e-03	1.3007e-05	3.2265e-36	0.00e+00	0.00e+00	5.5113e+00
5.33234e+18	1.1279e+04	1.614e-17	1.6681e+03	1.8138e+03	3.0144e-19	2.7429e-04	9.9973e-01	1.0797e-04	9.9913e-01	7.6693e-04	9.7630e-29	1.6128e-08	3.9837e-04	1.8501e-01	8.1035e-01	5.2176e-08	6.8987e-04	9.9312e-01	5.1086e-03	1.0704e-03	1.2425e-05	3.8010e-36	0.00e+00	0.00e+00	5.7127e+00
5.39859e+18	1.1337e+04	1.633e-17	1.6681e+03	1.8138e+03	3.2642e-19	2.8648e-04	9.9971e-01	1.0997e-04	9.9914e-01	7.5371e-04	1.1167e-28	1.6844e-08	4.1157e-04	1.8761e-01	8.0786e-01	5.5713e-08	6.9958e-04	9.9323e-01	5.0072e-03	1.0529e-03	1.1924e-05	4.4884e-36	0.00e+00	0.00e+00	5.9021e+00
5.45994e+18	1.1385e+04	1.651e-17	1.6681e+03	1.8138e+03	3.5160e-19	2.9844e-04	9.9970e-01	1.1187e-04	9.9915e-01	7.4220e-04	1.2678e-28	1.7536e-08	4.2466e-04	1.9017e-01	8.0540e-01	5.9296e-08	7.0902e-04	9.9333e-01	4.9142e-03	1.0367e-03	1.1472e-05	5.2267e-36	0.00e+00	0.00e+00	6.0905e+00
5.51989e+18	1.1439e+04	1.668e-17	1.6681e+03	1.8138e+03	3.7781e-19	3.1077e-04	9.9969e-01	1.1385e-04	9.9916e-01	7.3038e-04	1.4413e-28	1.8279e-08	4.3831e-04	1.9275e-01	8.0292e-01	6.3166e-08	7.1887e-04	9.9343e-01	4.8207e-03	1.0214e-03	1.1038e-05	6.0893e-36	0.00e+00	0.00e+00	6.2867e+00
5.57984e+18	1.1491e+04	1.686e-17	1.6681e+03	1.8137e+03	4.0712e-19	3.2388e-04	9.9968e-01	1.1597e-04	9.9917e-01	7.1767e-04	1.6463e-28	1.9074e-08	4.5293e-04	1.9546e-01	8.0030e-01	6.7442e-08	7.2942e-04	9.9352e-01	4.7286e-03	1.0064e-03	1.0618e-05	7.1324e-36	0.00e+00	0.00e+00	6.4911e+00
5.63979e+18	1.1542e+04	1.704e-17	1.6681e+03	1.8137e+03	4.3920e-19	3.3783e-04	9.9966e-01	1.1824e-04	9.9918e-01	7.0519e-04	1.8883e-28	1.9930e-08	4.6864e-04	1.9829e-01	7.9755e-01	7.2184e-08	7.4074e-04	9.9362e-01	4.6375e-03	9.9169e-04	1.0211e-05	8.3712e-36	0.00e+00	0.00e+00	6.7044e+00
5.69974e+18	1.1595e+04	1.722e-17	1.6681e+03	1.8137e+03	4.7343e-19	3.5269e-04	9.9965e-01	1.2064e-04	9.9919e-01	6.9307e-04	2.1730e-28	2.0848e-08	4.8545e-04	2.0125e-01	7.9468e-01	7.7444e-08	7.5281e-04	9.9371e-01	4.5478e-03	9.7735e-04	9.8178e-06	9.8173e-36	0.00e+00	0.00e+00	6.9270e+00
5.75969e+18	1.1656e+04	1.740e-17	1.6681e+03	1.8137e+03	5.0805e-19	3.6855e-04	9.9963e-01	1.2349e-04	9.9920e-01	6.8144e-04	2.5111e-28	2.1864e-08	5.0356e-04	2.0431e-01	7.9170e-01	8.3380e-08	7.6602e-04	9.9380e-01	4.4605e-03	9.6365e-04	9.4400e-06	1.1483e-35	0.00e+00	0.00e+00	7.1597e+00
5.81963e+18	1.1697e+04	1.761e-17	1.6681e+03	1.8136e+03	5.5472e-19	3.8576e-04	9.9961e-01	1.2616e-04	9.9920e-01	6.6957e-04	2.9267e-28	2.2915e-08	5.2316e-04	2.0763e-01	7.8845e-01	8.9944e-08	7.7988e-04	9.9389e-01	4.3713e-03	9.4949e-04	9.0670e-06	1.3718e-35	0.00e+00	0.00e+00	7.4032e+00
5.87958e+18	1.1769e+04	1.779e-17	1.6681e+03	1.8136e+03	5.9431e-19	4.0408e-04	9.9960e-01	1.2914e-04	9.9921e-01	6.5887e-04	3.4127e-28	2.4093e-08	5.4392e-04	2.1094e-01	7.8521e-01	9.7444e-08	7.9502e-04	9.9397e-01	4.2856e-03	9.3682e-04	8.7118e-06	1.6087e-35	0.00e+00	0.00e+00	7.6583e+00
5.93953e+18	1.1815e+04	1.802e-17	1.6681e+03	1.8136e+03	6.5000e-19	4.2460e-04	9.9958e-01	1.3229e-04	9.9922e-01	6.4771e-04	4.0254e-28	2.5348e-08	5.6660e-04	2.1458e-01	7.8164e-01	1.0593e-07	8.1107e-04	9.9406e-01	4.1986e-03	9.2342e-04	8.3596e-06	1.9324e-35	0.00e+00	0.00e+00	7.9263e+00
5.98217e+18	1.1877e+04	1.814e-17	1.6681e+03	1.8135e+03	6.7724e-19	4.3918e-04	9.9956e-01	1.3494e-04	9.9922e-01	6.4168e-04	4.5077e-28	2.6332e-08	5.8379e-04	2.1703e-01	7.7923e-01	1.1281e-07	8.2498e-04	9.9410e-01	4.1534e-03	9.1660e-04	8.1592e-06	2.1446e-35	0.00e+00	0.00e+00	8.0435e+00
###########################
5.45044e+14	1.7957e+04	1.919e-17	1.6681e+03	1.9586e+03	9.1550e-21	5.7359e-05	9.9994e-01	3.5699e-07	6.0598e-03	9.9394e-01	3.1358e-34	1.4231e-10	4.3833e-06	3.2752e-03	7.0215e-02	1.4199e-11	8.3019e-07	1.7883e-03	1.4803e-01	4.5662e-01	3.0924e-01	1.1755e-36	0.00e+00	0.00e+00	6.5839e-04
3.27026e+15	1.7909e+04	1.913e-17	1.6681e+03	1.9586e+03	9.0601e-21	5.7310e-05	9.9994e-01	3.5696e-07	6.0612e-03	9.9394e-01	2.9479e-34	1.2153e-10	4.3671e-06	3.2702e-03	7.0495e-02	1.4221e-11	8.3313e-07	1.8017e-03	1.4867e-01	4.5795e-01	3.0858e-01	1.1755e-36	0.00e+00	0.00e+00	3.2897e-03
1.41711e+16	1.7818e+04	1.903e-17	1.6681e+03	1.9586e+03	9.0203e-21	5.7204e-05	9.9994e-01	3.5872e-07	6.0841e-03	9.9392e-01	2.9771e-34	1.1955e-10	4.3910e-06	3.3050e-03	7.1444e-02	1.4406e-11	8.4642e-07	1.8505e-03	1.5076e-01	4.6003e-01	3.0692e-01	1.1755e-36	0.00e+00	0.00e+00	1.3796e-02
5.77747e+16	1.7620e+04	1.884e-17	1.6681e+03	1.9585e+03	8.9137e-21	5.6727e-05	9.9994e-01	3.6185e-07	6.2012e-03	9.9380e-01	3.0553e-34	1.1603e-10	4.4957e-06	3.4562e-03	7.4532e-02	1.4794e-11	8.8012e-07	2.0238e-03	1.5761e-01	4.6561e-01	2.9964e-01	1.1755e-36	0.00e+00	0.00e+00	5.5468e-02
1.38005e+17	1.7156e+04	1.824e-17	1.6681e+03	1.9585e+03	8.3980e-21	5.3896e-05	9.9995e-01	3.4541e-07	6.0987e-03	9.9390e-01	2.6075e-34	9.7154e-11	4.3916e-06	3.5517e-03	7.9031e-02	1.4256e-11	8.8797e-07	2.2643e-03	1.6700e-01	4.7334e-01	2.8934e-01	1.1755e-36	0.00e+00	0.00e+00	1.0694e-01
2.33706e+17	1.6726e+04	1.774e-17	1.6681e+03	1.9584e+03	7.8794e-21	5.1345e-05	9.9995e-01	3.3474e-07	6.0917e-03	9.9391e-01	2.3201e-34	8.6252e-11	4.3665e-06	3.7023e-03	8.4044e-02	1.4099e-11	9.1622e-07	2.5592e-03	1.7819e-01	4.8195e-01	2.7666e-01	1.1755e-36	0.00e+00	0.00e+00	1.6139e-01
3.42829e+17	1.6351e+04	1.738e-17	1.6681e+03	1.9584e+03	7.5855e-21	4.9358e-05	9.9995e-01	3.3379e-07	6.2445e-03	9.9376e-01	2.2813e-34	8.2114e-11	4.4840e-06	3.9608e-03	9.0073e-02	1.4609e-11	9.8296e-07	2.9622e-03	1.9234e-01	4.9089e-01	2.6089e-01	1.1755e-36	0.00e+00	0.00e+00	2.2248e-01
4.78000e+17	1.5958e+04	1.712e-17	1.6681e+03	1.9582e+03	7.3128e-21	4.7856e-05	9.9995e-01	3.4671e-07	6.6320e-03	9.9337e-01	2.5196e-34	8.4089e-11	4.8336e-06	4.4193e-03	9.8636e-02	1.6325e-11	1.1283e-06	3.6127e-03	2.1278e-01	4.9987e-01	2.3960e-01	1.1755e-36	0.00e+00	0.00e+00	2.9948e-01
6.11138e+17	1.5603e+04	1.687e-17	1.6681e+03	1.9581e+03	6.8552e-21	4.5595e-05	9.9995e-01	3.5365e-07	7.0292e-03	9.9297e-01	2.5143e-34	8.4182e-11	5.0916e-06	4.8908e-03	1.0727e-01	1.7207e-11	1.2431e-06	4.3342e-03	2.3283e-01	5.0578e-01	2.1985e-01	1.1755e-36	0.00e+00	0.00e+00	3.5396e-01
7.14401e+17	1.5379e+04	1.676e-17	1.6681e+03	1.9580e+03	6.5790e-21	4.4388e-05	9.9996e-01	3.7046e-07	7.5085e-03	9.9249e-01	2.7641e-34	8.8938e-11	5.4698e-06	5.3924e-03	1.1511e-01	1.8890e-11	1.3967e-06	5.0770e-03	2.5104e-01	5.0806e-01	2.0355e-01	1.1755e-36	0.00e+00	0.00e+00	3.9745e-01
8.21412e+17	1.5146e+04	1.673e-17	1.6681e+03	1.9578e+03	6.6148e-21	4.4092e-05	9.9996e-01	4.0711e-07	8.2663e-03	9.9173e-01	3.6081e-34	1.0092e-10	6.1832e-06	6.1446e-03	1.2557e-01	2.2655e-11	1.6812e-06	6.1742e-03	2.7460e-01	5.0723e-01	1.8471e-01	1.1755e-36	0.00e+00	0.00e+00	4.5361e-01
9.31439e+17	1.4935e+04	1.672e-17	1.6681e+03	1.9576e+03	6.5014e-21	4.3301e-05	9.9996e-01	4.4827e-07	9.2098e-03	9.9079e-01	4.5388e-34	1.1394e-10	6.9735e-06	7.0519e-03	1.3748e-01	2.6733e-11	2.0125e-06	7.5819e-03	2.9999e-01	5.0294e-01	1.6645e-01	1.1755e-36	0.00e+00	0.00e+00	4.9879e-01
1.01321e+18	1.4784e+04	1.674e-17	1.6681e+03	1.9575e+03	6.3630e-21	4.2655e-05	9.9996e-01	4.8975e-07	1.0130e-02	9.8987e-01	5.5263e-34	1.2668e-10	7.7266e-06	7.8967e-03	1.4778e-01	3.0815e-11	2.3443e-06	8.9510e-03	3.2076e-01	4.9694e-01	1.5308e-01	1.1755e-36	0.00e+00	0.00e+00	5.2774e-01
1.07223e+18	1.4699e+04	1.677e-17	1.6681e+03	1.9572e+03	6.2813e-21	4.2419e-05	9.9996e-01	5.2902e-07	1.0970e-02	9.8903e-01	6.6405e-34	1.3955e-10	8.4311e-06	8.6530e-03	1.5658e-01	3.4961e-11	2.6663e-06	1.0223e-02	3.3778e-01	4.9070e-01	1.4296e-01	1.1755e-36	0.00e+00	0.00e+00	5.5168e-01
1.13389e+18	1.4581e+04	1.683e-17	1.6681e+03	1.9571e+03	6.4010e-21	4.2557e-05	9.9996e-01	5.8688e-07	1.2077e-02	9.8792e-01	8.7541e-34	1.5882e-10	9.4507e-06	9.6531e-03	1.6778e-01	4.1545e-11	3.1473e-06	1.1936e-02	3.5822e-01	4.8186e-01	1.3168e-01	1.1755e-36	0.00e+00	0.00e+00	5.8291e-01
1.19965e+18	1.4482e+04	1.691e-17	1.6681e+03	1.9569e+03	6.3538e-21	4.2416e-05	9.9996e-01	6.5918e-07	1.3512e-02	9.8649e-01	1.1505e-33	1.8192e-10	1.0672e-05	1.0882e-02	1.8086e-01	4.9781e-11	3.7650e-06	1.4179e-02	3.8069e-01	4.7043e-01	1.2029e-01	1.1755e-36	0.00e+00	0.00e+00	6.1053e-01
1.25514e+18	1.4404e+04	1.701e-17	1.6681e+03	1.9566e+03	6.3887e-21	4.2333e-05	9.9996e-01	7.3738e-07	1.5062e-02	9.8494e-01	1.4991e-33	2.0631e-10	1.1933e-05	1.2144e-02	1.9376e-01	5.8959e-11	4.4475e-06	1.6629e-02	4.0129e-01	4.5845e-01	1.1069e-01	1.1755e-36	0.00e+00	0.00e+00	6.3243e-01
1.30076e+18	1.4332e+04	1.712e-17	1.6681e+03	1.9562e+03	6.4347e-21	4.2408e-05	9.9996e-01	8.2026e-07	1.6664e-02	9.8334e-01	1.9252e-33	2.3189e-10	1.3222e-05	1.3396e-02	2.0620e-01	6.9218e-11	5.1913e-06	1.9199e-02	4.1977e-01	4.4662e-01	1.0266e-01	1.1755e-36	0.00e+00	0.00e+00	6.5124e-01
1.34213e+18	1.4272e+04	1.723e-17	1.6681e+03	1.9559e+03	6.4741e-21	4.2503e-05	9.9996e-01	9.1404e-07	1.8435e-02	9.8156e-01	2.4766e-33	2.6025e-10	1.4636e-05	1.4735e-02	2.1911e-01	8.1323e-11	6.0584e-06	2.2087e-02	4.3769e-01	4.3424e-01	9.5269e-02	1.1755e-36	0.00e+00	0.00e+00	6.6942e-01
1.38250e+18	1.4218e+04	1.736e-17	1.6681e+03	1.9556e+03	6.5373e-21	4.2622e-05	9.9996e-01	1.0274e-06	2.0552e-02	9.7945e-01	3.2407e-33	2.9344e-10	1.6269e-05	1.6260e-02	2.3345e-01	9.6469e-11	7.1321e-06	2.5584e-02	4.5617e-01	4.2048e-01	8.8024e-02	1.1755e-36	0.00e+00	0.00e+00	6.8742e-01
1.42135e+18	1.4175e+04	1.750e-17	1.6681e+03	1.9552e+03	6.4600e-21	4.2730e-05	9.9996e-01	1.1633e-06	2.3088e-02	9.7691e-01	4.2182e-33	3.3151e-10	1.8118e-05	1.7973e-02	2.4917e-01	1.1519e-10	8.4518e-06	2.9809e-02	4.7481e-01	4.0547e-01	8.1056e-02	1.1755e-36	0.00e+00	0.00e+00	7.0434e-01
1.45707e+18	1.4148e+04	1.766e-17	1.6681e+03	1.9548e+03	6.4819e-21	4.2777e-05	9.9996e-01	1.3200e-06	2.6015e-02	9.7398e-01	5.5274e-33	3.7314e-10	2.0109e-05	1.9818e-02	2.6570e-01	1.3709e-10	9.9965e-06	3.4720e-02	4.9271e-01	3.8988e-01	7.4622e-02	1.1755e-36	0.00e+00	0.00e+00	7.1959e-01
1.48930e+18	1.4099e+04	1.787e-17	1.6681e+03	1.9544e+03	6.5240e-21	4.2796e-05	9.9996e-01	1.4932e-06	2.9325e-02	9.7067e-01	7.0494e-33	4.1487e-10	2.2118e-05	2.1755e-02	2.8298e-01	1.6015e-10	1.1658e-05	4.0303e-02	5.0958e-01	3.7400e-01	6.8758e-02	1.1755e-36	0.00e+00	0.00e+00	7.3338e-01
1.51894e+18	1.4079e+04	1.805e-17	1.6681e+03	1.9537e+03	6.5529e-21	4.3098e-05	9.9996e-01	1.7163e-06	3.3230e-02	9.6677e-01	9.5520e-33	4.6954e-10	2.4657e-05	2.3879e-02	3.0125e-01	1.9599e-10	1.4042e-05	4.6919e-02	5.2563e-01	3.5750e-01	6.3228e-02	1.1755e-36	0.00e+00	0.00e+00	7.4639e-01
1.54634e+18	1.4066e+04	1.826e-17	1.6681e+03	1.9530e+03	6.5594e-21	4.3284e-05	9.9996e-01	1.9666e-06	3.7733e-02	9.6226e-01	1.2564e-32	5.2516e-10	2.7222e-05	2.6107e-02	3.2038e-01	2.3531e-10	1.6693e-05	5.4564e-02	5.4052e-01	3.4069e-01	5.8091e-02	1.1755e-36	0.00e+00	0.00e+00	7.5829e-01
1.57139e+18	1.4038e+04	1.852e-17	1.6681e+03	1.9524e+03	6.5836e-21	4.3258e-05	9.9996e-01	2.2394e-06	4.2892e-02	9.5711e-01	1.5816e-32	5.7752e-10	2.9659e-05	2.8442e-02	3.4038e-01	2.7331e-10	1.9390e-05	6.3315e-02	5.5412e-01	3.2363e-01	5.3326e-02	1.1755e-36	0.00e+00	0.00e+00	7.6922e-01
1.59464e+18	1.4043e+04	1.875e-17	1.6681e+03	1.9512e+03	6.5502e-21	4.3596e-05	9.9996e-01	2.5977e-06	4.9064e-02	9.5093e-01	2.1335e-32	6.4786e-10	3.2825e-05	3.0951e-02	3.6150e-01	3.3641e-10	2.3464e-05	7.3756e-02	5.6633e-01	3.0601e-01	4.8783e-02	1.1755e-36	0.00e+00	0.00e+00	7.7955e-01
1.61605e+18	1.4031e+04	1.903e-17	1.6681e+03	1.9503e+03	6.5351e-21	4.3725e-05	9.9996e-01	3.0049e-06	5.6298e-02	9.4370e-01	2.7699e-32	7.1590e-10	3.5920e-05	3.3593e-02	3.8367e-01	4.0245e-10	2.7853e-05	8.5881e-02	5.7690e-01	2.8804e-01	4.4515e-02	1.1755e-36	0.00e+00	0.00e+00	7.8891e-01
1.63543e+18	1.4023e+04	1.935e-17	1.6681e+03	1.9494e+03	6.5263e-21	4.3740e-05	9.9996e-01	3.4526e-06	6.4558e-02	9.3544e-01	3.4631e-32	7.8029e-10	3.8815e-05	3.6279e-02	4.0629e-01	4.6840e-10	3.2385e-05	9.9608e-02	5.8535e-01	2.7021e-01	4.0580e-02	1.1755e-36	0.00e+00	0.00e+00	7.9741e-01
1.65323e+18	1.4023e+04	1.967e-17	1.6681e+03	1.9481e+03	6.4827e-21	4.3909e-05	9.9996e-01	4.0061e-06	7.4301e-02	9.2569e-01	4.4537e-32	8.5559e-10	4.2172e-05	3.9078e-02	4.2973e-01	5.5959e-10	3.8359e-05	1.1558e-01	5.9157e-01	2.5213e-01	3.6855e-02	1.1755e-36	0.00e+00	0.00e+00	8.0533e-01
1.66967e+18	1.4048e+04	1.997e-17	1.6681e+03	1.9457e+03	6.3223e-21	4.4197e-05	9.9996e-01	4.6733e-06	8.5799e-02	9.1420e-01	5.7967e-32	9.4047e-10	4.5897e-05	4.1917e-02	4.5379e-01	6.8230e-10	4.6098e-05	1.3410e-01	5.9510e-01	2.3395e-01	3.3345e-02	1.1755e-36	0.00e+00	0.00e+00	8.1265e-01
1.68464e+18	1.4037e+04	2.034e-17	1.6681e+03	1.9441e+03	6.2223e-21	4.4369e-05	9.9996e-01	5.4473e-06	9.9262e-02	9.0073e-01	7.3064e-32	1.0216e-09	4.9498e-05	4.4874e-02	4.7862e-01	8.1054e-10	5.4356e-05	1.5527e-01	5.9591e-01	2.1562e-01	3.0029e-02	1.1755e-36	0.00e+00	0.00e+00	8.1930e-01
1.69826e+18	1.4030e+04	2.072e-17	1.6681e+03	1.9424e+03	6.1956e-21	4.4431e-05	9.9996e-01	6.3082e-06	1.1468e-01	8.8532e-01	8.9566e-32	1.0971e-09	5.2785e-05	4.7820e-02	5.0346e-01	9.3822e-10	6.2824e-05	1.7891e-01	5.9365e-01	1.9764e-01	2.6956e-02	1.1755e-36	0.00e+00	0.00e+00	8.2539e-01
1.71082e+18	1.4029e+04	2.109e-17	1.6681e+03	1.9400e+03	6.1081e-21	4.4631e-05	9.9996e-01	7.3517e-06	1.3274e-01	8.6726e-01	1.1156e-31	1.1809e-09	5.6447e-05	5.0773e-02	5.2858e-01	1.1075e-09	7.3593e-05	2.0574e-01	5.8791e-01	1.7974e-01	2.4054e-02	1.1755e-36	0.00e+00	0.00e+00	8.3107e-01
1.72245e+18	1.4022e+04	2.146e-17	1.6681e+03	1.9373e+03	5.9925e-21	4.4853e-05	9.9996e-01	8.5756e-06	1.5386e-01	8.4613e-01	1.3743e-31	1.2657e-09	6.0133e-05	5.3730e-02	5.5392e-01	1.3024e-09	8.5898e-05	2.3598e-01	5.7844e-01	1.6199e-01	2.1319e-02	1.1755e-36	0.00e+00	0.00e+00	8.3635e-01
1.73317e+18	1.4027e+04	2.179e-17	1.6681e+03	1.9322e+03	5.6732e-21	4.5162e-05	9.9995e-01	9.9771e-06	1.7814e-01	8.2185e-01	1.6673e-31	1.3512e-09	6.3890e-05	5.6518e-02	5.7886e-01	1.5443e-09	1.0073e-04	2.6928e-01	5.6507e-01	1.4483e-01	1.8801e-02	1.1755e-36	0.00e+00	0.00e+00	8.4123e-01
1.74308e+18	1.4003e+04	2.214e-17	1.6681e+03	1.9285e+03	5.5507e-21	4.5435e-05	9.9995e-01	1.1603e-05	2.0604e-01	7.9395e-01	2.0043e-31	1.4330e-09	6.7451e-05	5.9348e-02	6.0364e-01	1.7924e-09	1.1611e-04	3.0578e-01	5.4791e-01	1.2808e-01	1.6439e-02	1.1755e-36	0.00e+00	0.00e+00	8.4580e-01
1.75231e+18	1.3971e+04	2.245e-17	1.6681e+03	1.9238e+03	5.3901e-21	4.5729e-05	9.9995e-01	1.3450e-05	2.3778e-01	7.6221e-01	2.3701e-31	1.5117e-09	7.0887e-05	6.2072e-02	6.2783e-01	2.0657e-09	1.3293e-04	3.4517e-01	5.2692e-01	1.1207e-01	1.4266e-02	1.1755e-36	0.00e+00	0.00e+00	8.5010e-01
1.76099e+18	1.3924e+04	2.271e-17	1.6681e+03	1.9186e+03	5.2643e-21	4.6077e-05	9.9995e-01	1.5554e-05	2.7367e-01	7.2632e-01	2.7821e-31	1.5882e-09	7.4233e-05	6.4699e-02	6.5134e-01	2.3657e-09	1.5118e-04	3.8724e-01	5.0223e-01	9.6877e-02	1.2272e-02	1.1755e-36	0.00e+00	0.00e+00	8.5418e-01
1.76920e+18	1.3862e+04	2.290e-17	1.6681e+03	1.9129e+03	5.1502e-21	4.6480e-05	9.9995e-01	1.7925e-05	3.1382e-01	6.8617e-01	3.2318e-31	1.6615e-09	7.7461e-05	6.7209e-02	6.7399e-01	2.6905e-09	1.7071e-04	4.3151e-01	4.7415e-01	8.2674e-02	1.0460e-02	1.1755e-36	0.00e+00	0.00e+00	8.5810e-01
1.77704e+18	1.3782e+04	2.300e-17	1.6681e+03	1.9065e+03	5.3283e-21	4.6941e-05	9.9995e-01	2.0561e-05	3.5811e-01	6.4187e-01	3.8208e-31	1.7315e-09	8.0555e-05	6.9585e-02	6.9557e-01	3.0372e-09	1.9126e-04	4.7732e-01	4.4317e-01	6.9615e-02	8.8350e-03	1.1755e-36	0.00e+00	0.00e+00	8.6190e-01
1.78462e+18	1.3682e+04	2.300e-17	1.6681e+03	1.8996e+03	5.5199e-21	4.7471e-05	9.9995e-01	2.3456e-05	4.0623e-01	5.9374e-01	4.4641e-31	1.7981e-09	8.3522e-05	7.1826e-02	7.1592e-01	3.4029e-09	2.1258e-04	5.2393e-01	4.0993e-01	5.7816e-02	7.3945e-03	1.1755e-36	0.00e+00	0.00e+00	8.6563e-01
1.79203e+18	1.3560e+04	2.287e-17	1.6681e+03	1.8922e+03	5.7716e-21	4.8078e-05	9.9995e-01	2.6594e-05	4.5768e-01	5.4229e-01	5.1783e-31	1.8621e-09	8.6387e-05	7.3941e-02	7.3495e-01	3.7851e-09	2.3441e-04	5.7061e-01	3.7510e-01	4.7344e-02	6.1332e-03	1.1755e-36	0.00e+00	0.00e+00	8.6936e-01
1.80051e+18	1.3386e+04	2.255e-17	1.6681e+03	1.8836e+03	6.1786e-21	4.8907e-05	9.9995e-01	3.0413e-05	5.1866e-01	4.8131e-01	6.1170e-31	1.9358e-09	8.9668e-05	7.6246e-02	7.5484e-01	4.2431e-09	2.5974e-04	6.2269e-01	3.3462e-01	3.7084e-02	4.9023e-03	1.1755e-36	0.00e+00	0.00e+00	8.7430e-01
1.80955e+18	1.3175e+04	2.206e-17	1.6681e+03	1.8739e+03	6.6929e-21	4.9859e-05	9.9995e-01	3.4706e-05	5.8609e-01	4.1388e-01	7.1911e-31	2.0097e-09	9.2969e-05	7.8520e-02	7.7379e-01	4.7333e-09	2.8616e-04	6.7587e-01	2.9155e-01	2.8125e-02	3.8318e-03	1.1755e-36	0.00e+00	0.00e+00	8.7876e-01
1.81743e+18	1.2966e+04	2.148e-17	1.6681e+03	1.8657e+03	7.2379e-21	5.0770e-05	9.9995e-01	3.8444e-05	6.4309e-01	3.5688e-01	8.1991e-31	2.0739e-09	9.5803e-05	8.0382e-02	7.8810e-01	5.1557e-09	3.0808e-04	7.1825e-01	2.5611e-01	2.1986e-02	3.0885e-03	1.1755e-36	0.00e+00	0.00e+00	8.8265e-01
1.82578e+18	1.2728e+04	2.077e-17	1.6681e+03	1.8579e+03	7.9386e-21	5.1827e-05	9.9995e-01	4.2179e-05	6.9718e-01	3.0278e-01	9.3684e-31	2.1469e-09	9.8912e-05	8.2274e-02	8.0062e-01	5.5950e-09	3.2974e-04	7.5730e-01	2.2260e-01	1.7097e-02	2.4781e-03	1.1755e-36	0.00e+00	0.00e+00	8.8780e-01
1.83663e+18	1.2420e+04	1.981e-17	1.6681e+03	1.8493e+03	8.9892e-21	5.3203e-05	9.9995e-01	4.6547e-05	7.5719e-01	2.4276e-01	1.0952e-30	2.2431e-09	1.0288e-04	8.4572e-02	8.1333e-01	6.1227e-09	3.5445e-04	7.9913e-01	1.8578e-01	1.2689e-02	1.9030e-03	1.1755e-36	0.00e+00	0.00e+00	8.9467e-01
1.84778e+18	1.2127e+04	1.887e-17	1.6681e+03	1.8421e+03	1.0119e-20	5.4497e-05	9.9995e-01	5.0371e-05	8.0747e-01	1.9247e-01	1.2501e-30	2.3360e-09	1.0660e-04	8.6684e-02	8.2311e-01	6.5879e-09	3.7526e-04	8.3280e-01	1.5547e-01	9.7552e-03	1.4956e-03	1.1755e-36	0.00e+00	0.00e+00	9.0043e-01
1.85725e+18	1.1900e+04	1.814e-17	1.6681e+03	1.8372e+03	1.1093e-20	5.5525e-05	9.9994e-01	5.3055e-05	8.4052e-01	1.5942e-01	1.3769e-30	2.4135e-09	1.0961e-04	8.8336e-02	8.2925e-01	6.9355e-09	3.9002e-04	8.5493e-01	1.3522e-01	8.1213e-03	1.2499e-03	1.1755e-36	0.00e+00	0.00e+00	9.0564e-01
1.86750e+18	1.1676e+04	1.742e-17	1.6681e+03	1.8332e+03	1.2253e-20	5.6601e-05	9.9994e-01	5.5521e-05	8.6833e-01	1.3162e-01	1.5204e-30	2.4997e-09	1.1286e-04	9.0045e-02	8.3427e-01	7.2848e-09	4.0410e-04	8.7412e-01	1.1745e-01	6.9047e-03	1.0501e-03	1.1755e-36	0.00e+00	0.00e+00	9.1255e-01
1.88083e+18	1.1428e+04	1.665e-17	1.6681e+03	1.8293e+03	1.3714e-20	5.7843e-05	9.9994e-01	5.8095e-05	8.9535e-01	1.0459e-01	1.6942e-30	2.6045e-09	1.1673e-04	9.2042e-02	8.3898e-01	7.6732e-09	4.1903e-04	8.9306e-01	9.9722e-02	5.8792e-03	8.6429e-04	1.1755e-36	0.00e+00	0.00e+00	9.2173e-01
1.89815e+18	1.1167e+04	1.584e-17	1.6681e+03	1.8259e+03	1.5317e-20	5.9220e-05	9.9994e-01	6.0636e-05	9.1975e-01	8.0194e-02	1.8865e-30	2.7265e-09	1.2114e-04	9.4283e-02	8.4315e-01	8.0869e-09	4.3412e-04	9.1067e-01	8.3072e-02	5.0762e-03	7.0011e-04	1.1755e-36	0.00e+00	0.00e+00	9.3394e-01
1.92051e+18	1.0909e+04	1.507e-17	1.6681e+03	1.8229e+03	1.7368e-20	6.0678e-05	9.9994e-01	6.2994e-05	9.4007e-01	5.9868e-02	2.1110e-30	2.8616e-09	1.2592e-04	9.6681e-02	8.4659e-01	8.5055e-09	4.4851e-04	9.2602e-01	6.8445e-02	4.4880e-03	5.6260e-04	1.1755e-36	0.00e+00	0.00e+00	9.5001e-01
1.94905e+18	1.0670e+04	1.436e-17	1.6681e+03	1.8206e+03	1.9646e-20	6.2170e-05	9.9994e-01	6.5076e-05	9.5589e-01	4.4041e-02	2.3502e-30	3.0049e-09	1.3087e-04	9.9148e-02	8.4930e-01	8.9130e-09	4.6161e-04	9.3873e-01	5.6258e-02	4.0708e-03	4.5180e-04	1.1755e-36	0.00e+00	0.00e+00	9.7094e-01
1.98581e+18	1.0453e+04	1.374e-17	1.6681e+03	1.8188e+03	2.2210e-20	6.3717e-05	9.9994e-01	6.6903e-05	9.6788e-01	3.2053e-02	2.6089e-30	3.1570e-09	1.3600e-04	1.0168e-01	8.5144e-01	9.3127e-09	4.7351e-04	9.4917e-01	4.6200e-02	3.7659e-03	3.6250e-04	1.1755e-36	0.00e+00	0.00e+00	9.9883e-01
2.03360e+18	1.0262e+04	1.320e-17	1.6681e+03	1.8175e+03	2.4882e-20	6.5347e-05	9.9993e-01	6.8504e-05	9.7683e-01	2.3101e-02	2.8775e-30	3.3183e-09	1.4130e-04	1.0428e-01	8.5316e-01	9.7070e-09	4.8421e-04	9.5764e-01	3.8034e-02	3.5299e-03	2.9096e-04	1.1755e-36	0.00e+00	0.00e+00	1.0360e+00
2.09572e+18	1.0099e+04	1.275e-17	1.6681e+03	1.8166e+03	2.7674e-20	6.7115e-05	9.9993e-01	6.9912e-05	9.8340e-01	1.6531e-02	3.1613e-30	3.4917e-09	1.4681e-04	1.0699e-01	8.5456e-01	1.0104e-08	4.9380e-04	9.6444e-01	3.1476e-02	3.3321e-03	2.3388e-04	1.1755e-36	0.00e+00	0.00e+00	1.0857e+00
2.17648e+18	9.9663e+03	1.240e-17	1.6681e+03	1.8159e+03	3.0368e-20	6.9125e-05	9.9993e-01	7.1178e-05	9.8815e-01	1.1779e-02	3.4592e-30	3.6841e-09	1.5265e-04	1.0984e-01	8.5569e-01	1.0523e-08	5.0263e-04	9.6994e-01	2.6198e-02	3.1500e-03	1.8803e-04	1.1755e-36	0.00e+00	0.00e+00	1.1521e+00
2.28147e+18	9.8636e+03	1.213e-17	1.6681e+03	1.8154e+03	3.3675e-20	7.1495e-05	9.9993e-01	7.2319e-05	9.9154e-01	8.3862e-03	3.8114e-30	3.8959e-09	1.5876e-04	1.1281e-01	8.5670e-01	1.0971e-08	5.1048e-04	9.7438e-01	2.1977e-02	2.9675e-03	1.5109e-04	1.1755e-36	0.00e+00	0.00e+00	1.2415e+00
2.41795e+18	9.7799e+03	1.195e-17	1.6681e+03	1.8150e+03	3.7208e-20	7.4664e-05	9.9993e-01	7.3596e-05	9.9395e-01	5.9808e-03	4.2599e-30	4.1766e-09	1.6656e-04	1.1651e-01	8.5702e-01	1.1547e-08	5.1913e-04	9.7803e-01	1.8547e-02	2.7716e-03	1.2078e-04	1.1755e-36	0.00e+00	0.00e+00	1.3629e+00
2.59537e+18	9.7601e+03	1.184e-17	1.6681e+03	1.8147e+03	4.0940e-20	7.8684e-05	9.9992e-01	7.4789e-05	9.9563e-01	4.2961e-03	4.8023e-30	4.5042e-09	1.7488e-04	1.2038e-01	8.5714e-01	1.2221e-08	5.2694e-04	9.8109e-01	1.5719e-02	2.5602e-03	9.5575e-05	1.1755e-36	0.00e+00	0.00e+00	1.5291e+00
2.82603e+18	9.7659e+03	1.185e-17	1.6681e+03	1.8146e+03	4.6407e-20	8.4513e-05	9.9992e-01	7.6306e-05	9.9682e-01	3.1009e-03	5.6366e-30	4.9587e-09	1.8580e-04	1.2521e-01	8.5629e-01	1.3167e-08	5.3622e-04	9.8376e-01	1.3294e-02	2.3235e-03	7.4085e-05	1.1755e-36	0.00e+00	0.00e+00	1.7612e+00
3.10422e+18	9.8226e+03	1.198e-17	1.6681e+03	1.8144e+03	5.3120e-20	9.2548e-05	9.9991e-01	7.8035e-05	9.9762e-01	2.3036e-03	6.7978e-30	5.5396e-09	1.9882e-04	1.3071e-01	8.5431e-01	1.4421e-08	5.4609e-04	9.8597e-01	1.1333e-02	2.0863e-03	5.7093e-05	1.1755e-36	0.00e+00	0.00e+00	2.0494e+00
3.38918e+18	9.9246e+03	1.223e-17	1.6681e+03	1.8143e+03	6.0754e-20	1.0242e-04	9.9990e-01	7.9831e-05	9.9810e-01	1.8217e-03	8.2721e-30	6.1917e-09	2.1244e-04	1.3613e-01	8.5153e-01	1.5921e-08	5.5570e-04	9.8759e-01	9.9202e-03	1.8862e-03	4.5284e-05	1.1755e-36	0.00e+00	0.00e+00	2.3453e+00
3.64974e+18	1.0048e+04	1.255e-17	1.6681e+03	1.8143e+03	7.0266e-20	1.1341e-04	9.9989e-01	8.1790e-05	9.9839e-01	1.5304e-03	1.0184e-29	6.8788e-09	2.2615e-04	1.4114e-01	8.4838e-01	1.7613e-08	5.6513e-04	9.8875e-01	8.9126e-03	1.7287e-03	3.7261e-05	1.1755e-36	0.00e+00	0.00e+00	2.6401e+00
3.88425e+18	1.0178e+04	1.289e-17	1.6681e+03	1.8142e+03	8.3534e-20	1.2525e-04	9.9987e-01	8.3663e-05	9.9858e-01	1.3392e-03	1.2730e-29	7.5903e-09	2.3995e-04	1.4582e-01	8.4504e-01	1.9490e-08	5.7449e-04	9.8963e-01	8.1570e-03	1.6036e-03	3.1549e-05	1.1755e-36	0.00e+00	0.00e+00	2.9332e+00
4.09531e+18	1.0310e+04	1.325e-17	1.6681e+03	1.8142e+03	9.6147e-20	1.3783e-04	9.9986e-01	8.5728e-05	9.9871e-01	1.2050e-03	1.5734e-29	8.3306e-09	2.5400e-04	1.5024e-01	8.4162e-01	2.1586e-08	5.8441e-04	9.9032e-01	7.5660e-03	1.5027e-03	2.7311e-05	1.1755e-36	0.00e+00	0.00e+00	3.2234e+00
4.28527e+18	1.0440e+04	1.360e-17	1.6681e+03	1.8141e+03	1.1064e-19	1.5101e-04	9.9985e-01	8.7904e-05	9.9881e-01	1.1059e-03	1.9448e-29	9.0915e-09	2.6827e-04	1.5444e-01	8.3819e-01	2.3892e-08	5.9458e-04	9.9087e-01	7.0918e-03	1.4201e-03	2.4073e-05	1.1755e-36	0.00e+00	0.00e+00	3.5096e+00
4.45622e+18	1.0565e+04	1.395e-17	1.6681e+03	1.8141e+03	1.2718e-19	1.6464e-04	9.9984e-01	9.0150e-05	9.9888e-01	1.0302e-03	2.3998e-29	9.8688e-09	2.8275e-04	1.5845e-01	8.3477e-01	2.6407e-08	6.0500e-04	9.9131e-01	6.7036e-03	1.3516e-03	2.1539e-05	1.1755e-36	0.00e+00	0.00e+00	3.7905e+00
4.61009e+18	1.0687e+04	1.429e-17	1.6681e+03	1.8141e+03	1.4477e-19	1.7844e-04	9.9982e-01	9.2261e-05	9.9894e-01	9.7110e-04	2.9313e-29	1.0617e-08	2.9697e-04	1.6221e-01	8.3149e-01	2.9071e-08	6.1510e-04	9.9169e-01	6.3799e-03	1.2946e-03	1.9519e-05	1.1755e-36	0.00e+00	0.00e+00	4.0644e+00
4.74856e+18	1.0787e+04	1.462e-17	1.6681e+03	1.8140e+03	1.6498e-19	1.9267e-04	9.9981e-01	9.4564e-05	9.9898e-01	9.2263e-04	3.5824e-29	1.1426e-08	3.1202e-04	1.6601e-01	8.2808e-01	3.2000e-08	6.2618e-04	9.9200e-01	6.1077e-03	1.2457e-03	1.7879e-05	1.1755e-36	0.00e+00	0.00e+00	4.3306e+00
4.87319e+18	1.0892e+04	1.492e-17	1.6681e+03	1.8140e+03	1.8564e-19	2.0676e-04	9.9979e-01	9.6829e-05	9.9902e-01	8.8378e-04	4.3288e-29	1.2219e-08	3.2666e-04	1.6953e-01	8.2488e-01	3.5059e-08	6.3688e-04	9.9226e-01	5.8771e-03	1.2048e-03	1.6537e-05	1.3998e-36	0.00e+00	0.00e+00	4.5876e+00
4.98535e+18	1.0978e+04	1.521e-17	1.6681e+03	1.8140e+03	2.0573e-19	2.2102e-04	9.9978e-01	9.9316e-05	9.9905e-01	8.5093e-04	5.1834e-29	1.3061e-08	3.4192e-04	1.7304e-01	8.2164e-01	3.8356e-08	6.4834e-04	9.9249e-01	5.6770e-03	1.1693e-03	1.5415e-05	1.7178e-36	0.00e+00	0.00e+00	4.8350e+00
5.08630e+18	1.1068e+04	1.547e-17	1.6681e+03	1.8139e+03	2.2827e-19	2.3469e-04	9.9977e-01	1.0145e-04	9.9907e-01	8.2444e-04	6.1378e-29	1.3806e-08	3.5603e-04	1.7619e-01	8.1870e-01	4.1629e-08	6.5851e-04	9.9268e-01	5.5063e-03	1.1393e-03	1.4482e-05	2.1323e-36	0.00e+00	0.00e+00	5.0713e+00
5.17716e+18	1.1149e+04	1.571e-17	1.6681e+03	1.8139e+03	2.5195e-19	2.4813e-04	9.9975e-01	1.0361e-04	9.9909e-01	8.0207e-04	7.2204e-29	1.4574e-08	3.7020e-04	1.7923e-01	8.1584e-01	4.5038e-08	6.6891e-04	9.9284e-01	5.3583e-03	1.1132e-03	1.3692e-05	2.6199e-36	0.00e+00	0.00e+00	5.2962e+00
5.25892e+18	1.1221e+04	1.593e-17	1.6681e+03	1.8139e+03	2.7463e-19	2.6135e-04	9.9974e-01	1.0587e-04	9.9911e-01	7.8304e-04	8.4106e-29	1.5363e-08	3.8443e-04	1.8218e-01	8.1305e-01	4.8579e-08	6.7955e-04	9.9299e-01	5.2254e-03	1.0904e-03	1.3011e-05	3.1363e-36	0.00e+00	0.00e+00	5.5094e+00
5.33252e+18	1.1284e+04	1.614e-17	1.6681e+03	1.8138e+03	2.9772e-19	2.7402e-04	9.9973e-01	1.0797e-04	9.9912e-01	7.6717e-04	9.6881e-29	1.6101e-08	3.9805e-04	1.8494e-01	8.1042e-01	5.2104e-08	6.8958e-04	9.9311e-01	5.1103e-03	1.0705e-03	1.2430e-05	3.7112e-36	0.00e+00	0.00e+00	5.7106e+00
5.39875e+18	1.1342e+04	1.632e-17	1.6681e+03	1.8138e+03	3.2124e-19	2.8617e-04	9.9971e-01	1.0997e-04	9.9914e-01	7.5396e-04	1.1060e-28	1.6813e-08	4.1122e-04	1.8754e-01	8.0793e-01	5.5629e-08	6.9926e-04	9.9322e-01	5.0089e-03	1.0531e-03	1.1928e-05	4.3489e-36	0.00e+00	0.00e+00	5.8997e+00
5.46010e+18	1.1390e+04	1.650e-17	1.6681e+03	1.8138e+03	3.4596e-19	2.9810e-04	9.9970e-01	1.1187e-04	9.9915e-01	7.4245e-04	1.2553e-28	1.7503e-08	4.2429e-04	1.9009e-01	8.0548e-01	5.9201e-08	7.0868e-04	9.9332e-01	4.9161e-03	1.0369e-03	1.1477e-05	5.0625e-36	0.00e+00	0.00e+00	6.0879e+00
5.52004e+18	1.1444e+04	1.667e-17	1.6681e+03	1.8138e+03	3.7151e-19	3.1039e-04	9.9969e-01	1.1385e-04	9.9916e-01	7.3064e-04	1.4264e-28	1.8242e-08	4.3790e-04	1.9267e-01	8.0300e-01	6.3056e-08	7.1850e-04	9.9342e-01	4.8226e-03	1.0216e-03	1.1042e-05	5.8911e-36	0.00e+00	0.00e+00	6.2838e+00
5.57999e+18	1.1496e+04	1.685e-17	1.6681e+03	1.8138e+03	4.0004e-19	3.2344e-04	9.9968e-01	1.1596e-04	9.9917e-01	7.1793e-04	1.6283e-28	1.9033e-08	4.5250e-04	1.9537e-01	8.0039e-01	6.7314e-08	7.2903e-04	9.9352e-01	4.7306e-03	1.0066e-03	1.0623e-05	6.8902e-36	0.00e+00	0.00e+00	6.4880e+00
5.63994e+18	1.1548e+04	1.702e-17	1.6681e+03	1.8137e+03	4.3128e-19	3.3733e-04	9.9966e-01	1.1822e-04	9.9918e-01	7.0545e-04	1.8666e-28	1.9885e-08	4.6817e-04	1.9820e-01	7.9765e-01	7.2033e-08	7.4031e-04	9.9362e-01	4.6396e-03	9.9188e-04	1.0216e-05	8.0776e-36	0.00e+00	0.00e+00	6.7010e+00
5.69989e+18	1.1601e+04	1.720e-17	1.6681e+03	1.8137e+03	4.6556e-19	3.5209e-04	9.9965e-01	1.2062e-04	9.9919e-01	6.9334e-04	2.1487e-28	2.0797e-08	4.8493e-04	2.0115e-01	7.9478e-01	7.7262e-08	7.5234e-04	9.9371e-01	4.5500e-03	9.7754e-04	9.8235e-06	9.5024e-36	0.00e+00	0.00e+00	6.9232e+00
5.75984e+18	1.1653e+04	1.739e-17	1.6681e+03	1.8137e+03	5.0366e-19	3.6786e-04	9.9963e-01	1.2319e-04	9.9920e-01	6.8150e-04	2.4863e-28	2.1782e-08	5.0297e-04	2.0425e-01	7.9176e-01	8.3094e-08	7.6526e-04	9.9380e-01	4.4612e-03	9.6350e-04	9.4427e-06	1.1234e-35	0.00e+00	0.00e+00	7.1555e+00
5.81979e+18	1.1713e+04	1.757e-17	1.6681e+03	1.8136e+03	5.4048e-19	3.8477e-04	9.9962e-01	1.2622e-04	9.9920e-01	6.7008e-04	2.8856e-28	2.2880e-08	5.2253e-04	2.0747e-01	7.8861e-01	8.9716e-08	7.7952e-04	9.9389e-01	4.3745e-03	9.5008e-04	9.0760e-06	1.3145e-35	0.00e+00	0.00e+00	7.3984e+00
5.87974e+18	1.1757e+04	1.778e-17	1.6681e+03	1.8136e+03	5.9394e-19	4.0301e-04	9.9960e-01	1.2902e-04	9.9921e-01	6.5859e-04	3.3872e-28	2.4012e-08	5.4350e-04	2.1093e-01	7.8522e-01	9.7008e-08	7.9425e-04	9.9397e-01	4.2865e-03	9.3630e-04	8.7150e-06	1.5957e-35	0.00e+00	0.00e+00	7.6528e+00
5.93968e+18	1.1832e+04	1.796e-17	1.6681e+03	1.8136e+03	6.4083e-19	4.2256e-04	9.9958e-01	1.3222e-04	9.9922e-01	6.4823e-04	3.9855e-28	2.5301e-08	5.6595e-04	2.1441e-01	7.8181e-01	1.0544e-07	8.1065e-04	9.9405e-01	4.2023e-03	9.2405e-04	8.3717e-06	1.9066e-35	0.00e+00	0.00e+00	7.9195e+00
5.98225e+18	1.1873e+04	1.814e-17	1.6681e+03	1.8135e+03	6.8509e-19	4.3910e-04	9.9956e-01	1.3488e-04	9.9922e-01	6.4153e-04	4.5267e-28	2.6330e-08	5.8345e-04	2.1698e-01	7.7927e-01	1.1272e-07	8.2473e-04	9.9410e-01	4.1530e-03	9.1645e-04	8.1584e-06	2.1957e-35	0.00e+00	0.00e+00	8.0360e+00
