#depth	Te	Htot	hden	eden	2H_2/H	HI	HII	HeI	HeII	HeIII	CO/C	C1	C2	C3	C4	O1	O2	O3	O4	O5	O6	H2O/O	AV(point)	AV(extend)	Tau912
9.65737e+12	1.9540e+04	6.509e-14	1.0000e+05	1.1742e+05	1.7074e-20	5.3734e-05	9.9995e-01	3.0634e-07	5.7222e-03	9.9428e-01	2.9761e-34	1.4405e-10	3.7253e-06	2.9262e-03	6.7246e-02	1.1920e-11	6.8662e-07	1.5489e-03	1.3658e-01	4.5719e-01	3.1526e-01	1.1755e-36	0.00e+00	0.00e+00	6.5515e-04
5.79442e+13	1.9502e+04	6.487e-14	1.0000e+05	1.1742e+05	1.8153e-20	5.3640e-05	9.9995e-01	3.0589e-07	5.7209e-03	9.9428e-01	2.9392e-34	1.4163e-10	3.7041e-06	2.9196e-03	6.7493e-02	1.1891e-11	6.8864e-07	1.5589e-03	1.3719e-01	4.5859e-01	3.1461e-01	1.1755e-36	0.00e+00	0.00e+00	3.2711e-03
2.51092e+14	1.9429e+04	6.445e-14	1.0000e+05	1.1742e+05	1.9062e-20	5.3491e-05	9.9995e-01	3.0648e-07	5.7355e-03	9.9426e-01	2.9621e-34	1.3846e-10	3.7150e-06	2.9425e-03	6.8333e-02	1.2065e-11	7.0135e-07	1.5985e-03	1.3907e-01	4.6091e-01	3.1301e-01	1.1755e-36	0.00e+00	0.00e+00	1.3706e-02
1.02368e+15	1.9268e+04	6.359e-14	1.0000e+05	1.1742e+05	1.9467e-20	5.3046e-05	9.9995e-01	3.1026e-07	5.8311e-03	9.9417e-01	3.1152e-34	1.3398e-10	3.8208e-06	3.0670e-03	7.1159e-02	1.2691e-11	7.4441e-07	1.7438e-03	1.4538e-01	4.6725e-01	3.0576e-01	1.1755e-36	0.00e+00	0.00e+00	5.5099e-02
2.44525e+15	1.8903e+04	6.106e-14	1.0000e+05	1.1741e+05	1.8336e-20	5.0290e-05	9.9995e-01	2.9693e-07	5.6969e-03	9.9430e-01	2.6883e-34	1.1178e-10	3.7582e-06	3.1363e-03	7.5081e-02	1.2599e-11	7.7057e-07	1.9351e-03	1.5377e-01	4.7616e-01	2.9551e-01	1.1755e-36	0.00e+00	0.00e+00	1.0611e-01
4.29328e+15	1.8566e+04	5.899e-14	1.0000e+05	1.1741e+05	1.7140e-20	4.7969e-05	9.9995e-01	2.9120e-07	5.7062e-03	9.9429e-01	2.5164e-34	9.9824e-11	3.8068e-06	3.2918e-03	7.9987e-02	1.3056e-11	8.2779e-07	2.2095e-03	1.6527e-01	4.8732e-01	2.8111e-01	1.1755e-36	0.00e+00	0.00e+00	1.6937e-01
6.69572e+15	1.8228e+04	5.717e-14	1.0000e+05	1.1741e+05	1.5881e-20	4.5855e-05	9.9995e-01	2.9315e-07	5.8860e-03	9.9411e-01	2.4861e-34	9.4298e-11	3.9899e-06	3.5791e-03	8.6818e-02	1.4188e-11	9.3125e-07	2.6431e-03	1.8191e-01	5.0040e-01	2.6095e-01	1.1755e-36	0.00e+00	0.00e+00	2.4798e-01
9.29277e+15	1.7910e+04	5.553e-14	1.0000e+05	1.1740e+05	1.4500e-20	4.3402e-05	9.9996e-01	2.9490e-07	6.1313e-03	9.9387e-01	2.3763e-34	9.0022e-11	4.1801e-06	3.9187e-03	9.4420e-02	1.5181e-11	1.0407e-06	3.1765e-03	2.0044e-01	5.1180e-01	2.3947e-01	1.1755e-36	0.00e+00	0.00e+00	3.1588e-01
1.15040e+16	1.7688e+04	5.451e-14	1.0000e+05	1.1739e+05	1.3435e-20	4.1596e-05	9.9996e-01	3.0204e-07	6.4623e-03	9.9354e-01	2.3772e-34	8.9731e-11	4.4169e-06	4.2866e-03	1.0155e-01	1.6369e-11	1.1612e-06	3.7443e-03	2.1796e-01	5.1907e-01	2.2074e-01	1.1755e-36	0.00e+00	0.00e+00	3.6693e-01
1.33654e+16	1.7532e+04	5.395e-14	1.0000e+05	1.1739e+05	1.2853e-20	4.0589e-05	9.9996e-01	3.1687e-07	6.8963e-03	9.9310e-01	2.6241e-34	9.3918e-11	4.7590e-06	4.7152e-03	1.0876e-01	1.8241e-11	1.3191e-06	4.3858e-03	2.3553e-01	5.2295e-01	2.0383e-01	1.1755e-36	0.00e+00	0.00e+00	4.1250e-01
1.51425e+16	1.7388e+04	5.359e-14	1.0000e+05	1.1738e+05	1.2411e-20	3.9913e-05	9.9996e-01	3.3866e-07	7.4560e-03	9.9254e-01	3.0405e-34	1.0094e-10	5.2140e-06	5.2425e-03	1.1697e-01	2.0881e-11	1.5296e-06	5.1866e-03	2.5491e-01	5.2410e-01	1.8705e-01	1.1755e-36	0.00e+00	0.00e+00	4.5724e-01
1.68892e+16	1.7257e+04	5.334e-14	1.0000e+05	1.1737e+05	1.2080e-20	3.9343e-05	9.9996e-01	3.6726e-07	8.1603e-03	9.9184e-01	3.6721e-34	1.1052e-10	5.7852e-06	5.8874e-03	1.2638e-01	2.4340e-11	1.8017e-06	6.2003e-03	2.7631e-01	5.2238e-01	1.7039e-01	1.1755e-36	0.00e+00	0.00e+00	4.9990e-01
1.85518e+16	1.7141e+04	5.320e-14	1.0000e+05	1.1736e+05	1.1837e-20	3.8884e-05	9.9996e-01	4.0374e-07	9.0273e-03	9.9097e-01	4.6073e-34	1.2298e-10	6.4874e-06	6.6587e-03	1.3699e-01	2.8848e-11	2.1513e-06	7.4650e-03	2.9924e-01	5.1756e-01	1.5445e-01	1.1755e-36	0.00e+00	0.00e+00	5.3935e-01
2.01047e+16	1.7035e+04	5.319e-14	1.0000e+05	1.1735e+05	1.1591e-20	3.8550e-05	9.9996e-01	4.4931e-07	1.0084e-02	9.8992e-01	5.8841e-34	1.3853e-10	7.3328e-06	7.5689e-03	1.4885e-01	3.4646e-11	2.5953e-06	9.0343e-03	3.2341e-01	5.0969e-01	1.3950e-01	1.1755e-36	0.00e+00	0.00e+00	5.7581e-01
2.13650e+16	1.6958e+04	5.328e-14	1.0000e+05	1.1733e+05	1.1398e-20	3.8158e-05	9.9996e-01	4.9538e-07	1.1180e-02	9.8882e-01	7.2923e-34	1.5339e-10	8.1442e-06	8.4609e-03	1.5991e-01	4.0477e-11	3.0509e-06	1.0676e-02	3.4456e-01	5.0067e-01	1.2781e-01	1.1755e-36	0.00e+00	0.00e+00	6.0044e-01
2.22855e+16	1.6880e+04	5.346e-14	1.0000e+05	1.1732e+05	1.1338e-20	3.8024e-05	9.9996e-01	5.4046e-07	1.2198e-02	9.8780e-01	8.8999e-34	1.6749e-10	8.9056e-06	9.2647e-03	1.6961e-01	4.6440e-11	3.5039e-06	1.2227e-02	3.6198e-01	4.9198e-01	1.1902e-01	1.1755e-36	0.00e+00	0.00e+00	6.2009e-01
2.32267e+16	1.6828e+04	5.359e-14	1.0000e+05	1.1731e+05	1.1360e-20	3.8062e-05	9.9996e-01	5.9823e-07	1.3449e-02	9.8655e-01	1.1458e-33	1.8741e-10	9.8993e-06	1.0264e-02	1.8123e-01	5.4722e-11	4.1114e-06	1.4203e-02	3.8180e-01	4.8113e-01	1.0956e-01	1.1755e-36	0.00e+00	0.00e+00	6.4565e-01
2.42319e+16	1.6767e+04	5.388e-14	1.0000e+05	1.1729e+05	1.1318e-20	3.7963e-05	9.9996e-01	6.7337e-07	1.5109e-02	9.8489e-01	1.4882e-33	2.1105e-10	1.1095e-05	1.1501e-02	1.9511e-01	6.5270e-11	4.9002e-06	1.6834e-02	4.0387e-01	4.6746e-01	9.9962e-02	1.1755e-36	0.00e+00	0.00e+00	6.6833e-01
2.50756e+16	1.6712e+04	5.424e-14	1.0000e+05	1.1728e+05	1.1239e-20	3.7905e-05	9.9996e-01	7.5481e-07	1.6906e-02	9.8309e-01	1.8898e-33	2.3521e-10	1.2323e-05	1.2756e-02	2.0882e-01	7.7142e-11	5.7810e-06	1.9707e-02	4.2398e-01	4.5364e-01	9.1929e-02	1.1755e-36	0.00e+00	0.00e+00	6.8606e-01
2.57613e+16	1.6676e+04	5.459e-14	1.0000e+05	1.1726e+05	1.1234e-20	3.7885e-05	9.9996e-01	8.3707e-07	1.8715e-02	9.8128e-01	2.3659e-33	2.5924e-10	1.3513e-05	1.3959e-02	2.2171e-01	8.9603e-11	6.6976e-06	2.2645e-02	4.4153e-01	4.4065e-01	8.5325e-02	1.1755e-36	0.00e+00	0.00e+00	7.0114e-01
2.63838e+16	1.6613e+04	5.503e-14	1.0000e+05	1.1724e+05	1.1274e-20	3.7902e-05	9.9996e-01	9.2929e-07	2.0697e-02	9.7930e-01	2.9296e-33	2.8413e-10	1.4745e-05	1.5221e-02	2.3519e-01	1.0305e-10	7.6951e-06	2.5912e-02	4.5853e-01	4.2726e-01	7.9259e-02	1.1755e-36	0.00e+00	0.00e+00	7.1584e-01
2.70905e+16	1.6548e+04	5.553e-14	1.0000e+05	1.1722e+05	1.1373e-20	3.8058e-05	9.9996e-01	1.0604e-06	2.3467e-02	9.7653e-01	3.8970e-33	3.1949e-10	1.6473e-05	1.6923e-02	2.5297e-01	1.2389e-10	9.1956e-06	3.0575e-02	4.7919e-01	4.0991e-01	7.2187e-02	1.1755e-36	0.00e+00	0.00e+00	7.3504e-01
2.78088e+16	1.6493e+04	5.627e-14	1.0000e+05	1.1719e+05	1.1440e-20	3.8122e-05	9.9996e-01	1.2373e-06	2.7211e-02	9.7279e-01	5.3135e-33	3.6247e-10	1.8559e-05	1.8971e-02	2.7368e-01	1.5215e-10	1.1234e-05	3.6817e-02	5.0075e-01	3.8990e-01	6.5235e-02	1.1755e-36	0.00e+00	0.00e+00	7.5038e-01
2.83559e+16	1.6454e+04	5.698e-14	1.0000e+05	1.1714e+05	1.1543e-20	3.8312e-05	9.9996e-01	1.4218e-06	3.1106e-02	9.6889e-01	7.1268e-33	4.0354e-10	2.0637e-05	2.0892e-02	2.9266e-01	1.8543e-10	1.3547e-05	4.3296e-02	5.1820e-01	3.7206e-01	5.9794e-02	1.1755e-36	0.00e+00	0.00e+00	7.6143e-01
2.87766e+16	1.6437e+04	5.759e-14	1.0000e+05	1.1711e+05	1.1584e-20	3.8338e-05	9.9996e-01	1.5928e-06	3.4745e-02	9.6525e-01	8.8333e-33	4.3988e-10	2.2357e-05	2.2573e-02	3.0916e-01	2.1396e-10	1.5583e-05	4.9394e-02	5.3184e-01	3.5705e-01	5.5557e-02	1.1755e-36	0.00e+00	0.00e+00	7.7074e-01
2.92190e+16	1.6361e+04	5.836e-14	1.0000e+05	1.1706e+05	1.1767e-20	3.8612e-05	9.9996e-01	1.8222e-06	3.9430e-02	9.6057e-01	1.1567e-32	4.8437e-10	2.4565e-05	2.4611e-02	3.2945e-01	2.5532e-10	1.8432e-05	5.7341e-02	5.4681e-01	3.3932e-01	5.0904e-02	1.1755e-36	0.00e+00	0.00e+00	7.8292e-01
2.96947e+16	1.6294e+04	5.944e-14	1.0000e+05	1.1702e+05	1.1871e-20	3.8685e-05	9.9996e-01	2.1325e-06	4.5888e-02	9.5411e-01	1.5070e-32	5.3740e-10	2.7039e-05	2.7090e-02	3.5379e-01	3.0439e-10	2.1948e-05	6.8136e-02	5.6222e-01	3.1858e-01	4.6001e-02	1.1755e-36	0.00e+00	0.00e+00	7.9394e-01
3.00943e+16	1.6266e+04	6.048e-14	1.0000e+05	1.1695e+05	1.1993e-20	3.8895e-05	9.9996e-01	2.4924e-06	5.3343e-02	9.4665e-01	2.0185e-32	5.9365e-10	2.9802e-05	2.9577e-02	3.7776e-01	3.7183e-10	2.6538e-05	8.0393e-02	5.7458e-01	2.9870e-01	4.1734e-02	1.1755e-36	0.00e+00	0.00e+00	8.0249e-01
3.04095e+16	1.6208e+04	6.154e-14	1.0000e+05	1.1689e+05	1.2116e-20	3.9007e-05	9.9996e-01	2.8554e-06	6.0806e-02	9.3919e-01	2.5104e-32	6.4236e-10	3.2101e-05	3.1817e-02	3.9957e-01	4.3096e-10	3.0687e-05	9.2539e-02	5.8368e-01	2.8130e-01	3.8279e-02	1.1755e-36	0.00e+00	0.00e+00	8.0945e-01
3.06868e+16	1.6175e+04	6.249e-14	1.0000e+05	1.1679e+05	1.2197e-20	3.9249e-05	9.9996e-01	3.2540e-06	6.9051e-02	9.3095e-01	3.1580e-32	6.9245e-10	3.4613e-05	3.4021e-02	4.2103e-01	5.0811e-10	3.5844e-05	1.0580e-01	5.9058e-01	2.6461e-01	3.5147e-02	1.1755e-36	0.00e+00	0.00e+00	8.1618e-01
3.09996e+16	1.6119e+04	6.366e-14	1.0000e+05	1.1669e+05	1.2384e-20	3.9503e-05	9.9996e-01	3.8121e-06	8.0390e-02	9.1961e-01	4.1146e-32	7.5596e-10	3.7645e-05	3.6784e-02	4.4794e-01	6.0832e-10	4.2598e-05	1.2384e-01	5.9676e-01	2.4437e-01	3.1550e-02	1.1755e-36	0.00e+00	0.00e+00	8.2500e-01
3.13217e+16	1.6034e+04	6.531e-14	1.0000e+05	1.1655e+05	1.2612e-20	3.9796e-05	9.9996e-01	4.6035e-06	9.6503e-02	9.0349e-01	5.5090e-32	8.2804e-10	4.1166e-05	4.0007e-02	4.7952e-01	7.4574e-10	5.1835e-05	1.4840e-01	5.9964e-01	2.2111e-01	2.7781e-02	1.1755e-36	0.00e+00	0.00e+00	8.3230e-01
3.15697e+16	1.5955e+04	6.690e-14	1.0000e+05	1.1645e+05	1.2794e-20	3.9976e-05	9.9996e-01	5.4547e-06	1.1345e-01	8.8654e-01	6.9299e-32	8.9383e-10	4.4178e-05	4.2900e-02	5.0764e-01	8.7598e-10	6.0730e-05	1.7321e-01	5.9835e-01	2.0097e-01	2.4739e-02	1.1755e-36	0.00e+00	0.00e+00	8.3749e-01
3.17573e+16	1.5921e+04	6.808e-14	1.0000e+05	1.1629e+05	1.2971e-20	4.0236e-05	9.9996e-01	6.2437e-06	1.2976e-01	8.7023e-01	8.5512e-32	9.4758e-10	4.6884e-05	4.5240e-02	5.3092e-01	1.0178e-09	7.0009e-05	1.9624e-01	5.9427e-01	1.8463e-01	2.2384e-02	1.1755e-36	0.00e+00	0.00e+00	8.4180e-01
3.19523e+16	1.5830e+04	6.936e-14	1.0000e+05	1.1610e+05	1.3246e-20	4.0590e-05	9.9996e-01	7.2451e-06	1.4998e-01	8.5001e-01	1.0627e-31	1.0065e-09	4.9842e-05	4.7853e-02	5.5710e-01	1.1859e-09	8.0979e-05	2.2395e-01	5.8711e-01	1.6682e-01	1.9911e-02	1.1755e-36	0.00e+00	0.00e+00	8.4745e-01
3.21634e+16	1.5737e+04	7.092e-14	1.0000e+05	1.1585e+05	1.3544e-20	4.0955e-05	9.9996e-01	8.6458e-06	1.7827e-01	8.2173e-01	1.3479e-31	1.0750e-09	5.3193e-05	5.0860e-02	5.8735e-01	1.4060e-09	9.5345e-05	2.6040e-01	5.7390e-01	1.4652e-01	1.7250e-02	1.1755e-36	0.00e+00	0.00e+00	8.5266e-01
3.23415e+16	1.5640e+04	7.237e-14	1.0000e+05	1.1561e+05	1.3863e-20	4.1335e-05	9.9996e-01	1.0201e-05	2.0970e-01	7.9029e-01	1.6672e-31	1.1365e-09	5.6286e-05	5.3617e-02	6.1533e-01	1.6398e-09	1.1047e-04	2.9829e-01	5.5688e-01	1.2819e-01	1.4959e-02	1.1755e-36	0.00e+00	0.00e+00	8.5669e-01
3.24821e+16	1.5549e+04	7.343e-14	1.0000e+05	1.1531e+05	1.4163e-20	4.1675e-05	9.9996e-01	1.1716e-05	2.4017e-01	7.5981e-01	1.9774e-31	1.1885e-09	5.8779e-05	5.5853e-02	6.3858e-01	1.8557e-09	1.2434e-04	3.3282e-01	5.3916e-01	1.1335e-01	1.3174e-02	1.1755e-36	0.00e+00	0.00e+00	8.6003e-01
3.26083e+16	1.5443e+04	7.432e-14	1.0000e+05	1.1510e+05	1.4520e-20	4.2083e-05	9.9996e-01	1.3346e-05	2.7230e-01	7.2768e-01	2.3195e-31	1.2358e-09	6.1211e-05	5.7961e-02	6.6011e-01	2.0809e-09	1.3855e-04	3.6727e-01	5.1985e-01	9.9946e-02	1.1595e-02	1.1755e-36	0.00e+00	0.00e+00	8.6336e-01
3.27525e+16	1.5313e+04	7.495e-14	1.0000e+05	1.1468e+05	1.4961e-20	4.2583e-05	9.9996e-01	1.5417e-05	3.1386e-01	6.8612e-01	2.7628e-31	1.2893e-09	6.3824e-05	6.0234e-02	6.8438e-01	2.3606e-09	1.5604e-04	4.0926e-01	4.9437e-01	8.5298e-02	9.9151e-03	1.1755e-36	0.00e+00	0.00e+00	8.6775e-01
3.29061e+16	1.5150e+04	7.545e-14	1.0000e+05	1.1422e+05	1.5532e-20	4.3198e-05	9.9996e-01	1.8103e-05	3.6729e-01	6.3269e-01	3.3211e-31	1.3444e-09	6.6636e-05	6.2662e-02	7.1030e-01	2.6981e-09	1.7687e-04	4.5871e-01	4.6187e-01	7.0194e-02	8.2364e-03	1.1755e-36	0.00e+00	0.00e+00	8.7168e-01
3.30342e+16	1.4986e+04	7.547e-14	1.0000e+05	1.1377e+05	1.6117e-20	4.3798e-05	9.9996e-01	2.0724e-05	4.1919e-01	5.8079e-01	3.8626e-31	1.3895e-09	6.8961e-05	6.4642e-02	7.3171e-01	3.0104e-09	1.9584e-04	5.0299e-01	4.3091e-01	5.8292e-02	6.9424e-03	1.1755e-36	0.00e+00	0.00e+00	8.7478e-01
3.31409e+16	1.4825e+04	7.514e-14	1.0000e+05	1.1345e+05	1.6718e-20	4.4399e-05	9.9996e-01	2.3151e-05	4.6591e-01	5.3406e-01	4.3815e-31	1.4267e-09	7.0994e-05	6.6277e-02	7.4874e-01	3.2920e-09	2.1247e-04	5.4046e-01	4.0355e-01	4.9245e-02	5.9653e-03	1.1755e-36	0.00e+00	0.00e+00	8.7762e-01
3.32574e+16	1.4650e+04	7.420e-14	1.0000e+05	1.1293e+05	1.7398e-20	4.5044e-05	9.9995e-01	2.5772e-05	5.1725e-01	4.8272e-01	4.9602e-31	1.4657e-09	7.2881e-05	6.7814e-02	7.6554e-01	3.5913e-09	2.2995e-04	5.7972e-01	3.7379e-01	4.0743e-02	5.0532e-03	1.1755e-36	0.00e+00	0.00e+00	8.8136e-01
3.34089e+16	1.4364e+04	7.255e-14	1.0000e+05	1.1238e+05	1.8524e-20	4.6084e-05	9.9995e-01	2.9358e-05	5.8482e-01	4.1515e-01	5.8229e-31	1.5167e-09	7.5539e-05	6.9771e-02	7.8508e-01	4.0034e-09	2.5292e-04	6.2842e-01	3.3542e-01	3.1486e-02	4.0584e-03	1.1755e-36	0.00e+00	0.00e+00	8.8635e-01
3.35628e+16	1.4070e+04	7.031e-14	1.0000e+05	1.1179e+05	1.9774e-20	4.7139e-05	9.9995e-01	3.3034e-05	6.5300e-01	3.4696e-01	6.7319e-31	1.5647e-09	7.8041e-05	7.1566e-02	8.0219e-01	4.4108e-09	2.7502e-04	6.7430e-01	2.9785e-01	2.4057e-02	3.2581e-03	1.1755e-36	0.00e+00	0.00e+00	8.9042e-01
3.36874e+16	1.3825e+04	6.817e-14	1.0000e+05	1.1134e+05	2.0851e-20	4.8012e-05	9.9995e-01	3.5831e-05	7.0319e-01	2.9677e-01	7.4766e-31	1.6031e-09	8.0015e-05	7.2898e-02	8.1372e-01	4.7268e-09	2.9150e-04	7.0703e-01	2.7025e-01	1.9458e-02	2.7518e-03	1.1755e-36	0.00e+00	0.00e+00	8.9382e-01
3.38166e+16	1.3571e+04	6.582e-14	1.0000e+05	1.1095e+05	2.2044e-20	4.8951e-05	9.9995e-01	3.8444e-05	7.4793e-01	2.5203e-01	8.2906e-31	1.6464e-09	8.2138e-05	7.4224e-02	8.2343e-01	5.0440e-09	3.0726e-04	7.3637e-01	2.4497e-01	1.5844e-02	2.3386e-03	1.1755e-36	0.00e+00	0.00e+00	8.9834e-01
3.39845e+16	1.3261e+04	6.287e-14	1.0000e+05	1.1054e+05	2.3611e-20	5.0125e-05	9.9995e-01	4.1389e-05	7.9625e-01	2.0371e-01	9.3436e-31	1.7039e-09	8.4851e-05	7.5839e-02	8.3328e-01	5.4230e-09	3.2525e-04	7.6802e-01	2.1711e-01	1.2480e-02	1.9364e-03	1.1755e-36	0.00e+00	0.00e+00	9.0435e-01
3.41704e+16	1.2957e+04	5.990e-14	1.0000e+05	1.1018e+05	2.5279e-20	5.1291e-05	9.9995e-01	4.4089e-05	8.3851e-01	1.6145e-01	1.0429e-30	1.7643e-09	8.7624e-05	7.7446e-02	8.4140e-01	5.7865e-09	3.4178e-04	7.9568e-01	1.9227e-01	9.9796e-03	1.6195e-03	1.1755e-36	0.00e+00	0.00e+00	9.1025e-01
3.43513e+16	1.2701e+04	5.737e-14	1.0000e+05	1.0990e+05	2.6811e-20	5.2302e-05	9.9995e-01	4.6197e-05	8.6935e-01	1.3060e-01	1.1413e-30	1.8206e-09	9.0125e-05	7.8855e-02	8.4716e-01	6.0917e-09	3.5504e-04	8.1655e-01	1.7325e-01	8.3641e-03	1.3986e-03	1.1755e-36	0.00e+00	0.00e+00	9.1618e-01
3.45580e+16	1.2450e+04	5.491e-14	1.0000e+05	1.0967e+05	2.8469e-20	5.3352e-05	9.9995e-01	4.8068e-05	8.9530e-01	1.0465e-01	1.2494e-30	1.8840e-09	9.2843e-05	8.0338e-02	8.5195e-01	6.4002e-09	3.6780e-04	8.3520e-01	1.5602e-01	7.1233e-03	1.2129e-03	1.1755e-36	0.00e+00	0.00e+00	9.2406e-01
3.48268e+16	1.2188e+04	5.235e-14	1.0000e+05	1.0947e+05	3.0374e-20	5.4507e-05	9.9995e-01	4.9935e-05	9.1900e-01	8.0948e-02	1.3730e-30	1.9585e-09	9.5940e-05	8.2009e-02	8.5630e-01	6.7306e-09	3.8086e-04	8.5316e-01	1.3926e-01	6.0977e-03	1.0437e-03	1.1755e-36	0.00e+00	0.00e+00	9.3452e-01
3.51762e+16	1.1929e+04	4.984e-14	1.0000e+05	1.0930e+05	3.2478e-20	5.5732e-05	9.9994e-01	5.1664e-05	9.3910e-01	6.0852e-02	1.5085e-30	2.0423e-09	9.9328e-05	8.3820e-02	8.6005e-01	7.0692e-09	3.9357e-04	8.6952e-01	1.2384e-01	5.2985e-03	8.9625e-04	1.1755e-36	0.00e+00	0.00e+00	9.4843e-01
3.56304e+16	1.1684e+04	4.749e-14	1.0000e+05	1.0916e+05	3.4536e-20	5.6993e-05	9.9994e-01	5.3186e-05	9.5506e-01	4.4885e-02	1.6414e-30	2.1329e-09	1.0289e-04	8.5720e-02	8.6317e-01	7.4037e-09	4.0541e-04	8.8377e-01	1.1032e-01	4.6985e-03	7.7191e-04	1.1755e-36	0.00e+00	0.00e+00	9.6691e-01
3.62209e+16	1.1462e+04	4.539e-14	1.0000e+05	1.0905e+05	3.6808e-20	5.8285e-05	9.9994e-01	5.4482e-05	9.6719e-01	3.2752e-02	1.7856e-30	2.2288e-09	1.0656e-04	8.7675e-02	8.6575e-01	7.7288e-09	4.1615e-04	8.9587e-01	9.8766e-02	4.2495e-03	6.6836e-04	1.1755e-36	0.00e+00	0.00e+00	9.9149e-01
3.69885e+16	1.1268e+04	4.357e-14	1.0000e+05	1.0897e+05	3.8719e-20	5.9623e-05	9.9994e-01	5.5568e-05	9.7620e-01	2.3747e-02	1.9110e-30	2.3295e-09	1.1029e-04	8.9676e-02	8.6794e-01	8.0436e-09	4.2572e-04	9.0598e-01	8.9080e-02	3.9044e-03	5.8239e-04	1.1755e-36	0.00e+00	0.00e+00	1.0242e+00
3.79865e+16	1.1102e+04	4.204e-14	1.0000e+05	1.0891e+05	4.0973e-20	6.1052e-05	9.9994e-01	5.6476e-05	9.8281e-01	1.7135e-02	2.0542e-30	2.4365e-09	1.1413e-04	9.1754e-02	8.6983e-01	8.3539e-09	4.3420e-04	9.1442e-01	8.0990e-02	3.6248e-03	5.1021e-04	1.1755e-36	0.00e+00	0.00e+00	1.0677e+00
3.92838e+16	1.0965e+04	4.078e-14	1.0000e+05	1.0887e+05	4.3167e-20	6.2646e-05	9.9994e-01	5.7264e-05	9.8762e-01	1.2321e-02	2.1965e-30	2.5526e-09	1.1812e-04	9.3933e-02	8.7153e-01	8.6713e-09	4.4183e-04	9.2159e-01	7.4114e-02	3.3819e-03	4.4785e-04	1.1755e-36	0.00e+00	0.00e+00	1.1257e+00
4.09702e+16	1.0858e+04	3.980e-14	1.0000e+05	1.0884e+05	4.5445e-20	6.4498e-05	9.9994e-01	5.8040e-05	9.9109e-01	8.8501e-03	2.3465e-30	2.6834e-09	1.2238e-04	9.6257e-02	8.7307e-01	9.0081e-09	4.4867e-04	9.2745e-01	6.8532e-02	3.1558e-03	3.9436e-04	1.1755e-36	0.00e+00	0.00e+00	1.2034e+00
4.31627e+16	1.0778e+04	3.910e-14	1.0000e+05	1.0881e+05	4.7871e-20	6.6887e-05	9.9993e-01	5.8721e-05	9.9358e-01	6.3655e-03	2.5155e-30	2.8401e-09	1.2728e-04	9.8968e-02	8.7428e-01	9.3999e-09	4.5513e-04	9.3264e-01	6.3618e-02	2.9295e-03	3.4526e-04	1.1755e-36	0.00e+00	0.00e+00	1.3081e+00
4.60128e+16	1.0728e+04	3.867e-14	1.0000e+05	1.0880e+05	5.0966e-20	7.0030e-05	9.9993e-01	5.9356e-05	9.9535e-01	4.5948e-03	2.7369e-30	3.0347e-09	1.3301e-04	1.0206e-01	8.7515e-01	9.8829e-09	4.6162e-04	9.3719e-01	5.9341e-02	2.6927e-03	2.9973e-04	1.1755e-36	0.00e+00	0.00e+00	1.4506e+00
4.97180e+16	1.0713e+04	3.855e-14	1.0000e+05	1.0879e+05	5.4776e-20	7.4424e-05	9.9993e-01	6.0207e-05	9.9661e-01	3.3309e-03	3.0327e-30	3.2920e-09	1.4011e-04	1.0578e-01	8.7538e-01	1.0524e-08	4.6859e-04	9.4135e-01	5.5471e-02	2.4388e-03	2.5634e-04	1.1755e-36	0.00e+00	0.00e+00	1.6475e+00
5.42217e+16	1.0742e+04	3.882e-14	1.0000e+05	1.0878e+05	6.0260e-20	8.0421e-05	9.9992e-01	6.1220e-05	9.9746e-01	2.4738e-03	3.4566e-30	3.6169e-09	1.4851e-04	1.1003e-01	8.7468e-01	1.1356e-08	4.7577e-04	9.4497e-01	5.2143e-02	2.1865e-03	2.1759e-04	1.1755e-36	0.00e+00	0.00e+00	1.8922e+00
5.87995e+16	1.0810e+04	3.944e-14	1.0000e+05	1.0877e+05	6.5978e-20	8.7570e-05	9.9991e-01	6.2271e-05	9.9798e-01	1.9572e-03	3.9169e-30	3.9657e-09	1.5692e-04	1.1415e-01	8.7321e-01	1.2299e-08	4.8216e-04	9.4763e-01	4.9713e-02	1.9785e-03	1.8835e-04	1.1755e-36	0.00e+00	0.00e+00	2.1321e+00
6.29195e+16	1.0897e+04	4.024e-14	1.0000e+05	1.0877e+05	7.2811e-20	9.5255e-05	9.9990e-01	6.3519e-05	9.9829e-01	1.6472e-03	4.4999e-30	4.3232e-09	1.6515e-04	1.1788e-01	8.7134e-01	1.3321e-08	4.8838e-04	9.4956e-01	4.7962e-02	1.8171e-03	1.6699e-04	1.1755e-36	0.00e+00	0.00e+00	2.3669e+00
6.66276e+16	1.0989e+04	4.115e-14	1.0000e+05	1.0876e+05	8.1178e-20	1.0338e-04	9.9990e-01	6.4849e-05	9.9849e-01	1.4417e-03	5.2340e-30	4.6900e-09	1.7331e-04	1.2135e-01	8.6923e-01	1.4416e-08	4.9443e-04	9.5096e-01	4.6700e-02	1.6884e-03	1.5092e-04	1.1755e-36	0.00e+00	0.00e+00	2.5962e+00
6.99648e+16	1.1088e+04	4.209e-14	1.0000e+05	1.0876e+05	8.9993e-20	1.1184e-04	9.9989e-01	6.6248e-05	9.9864e-01	1.2971e-03	6.0821e-30	5.0591e-09	1.8136e-04	1.2456e-01	8.6703e-01	1.5596e-08	5.0072e-04	9.5219e-01	4.5577e-02	1.5845e-03	1.3792e-04	1.1755e-36	0.00e+00	0.00e+00	2.8195e+00
7.29683e+16	1.1193e+04	4.303e-14	1.0000e+05	1.0876e+05	9.7965e-20	1.2049e-04	9.9988e-01	6.7628e-05	9.9874e-01	1.1908e-03	6.9814e-30	5.4265e-09	1.8923e-04	1.2751e-01	8.6486e-01	1.6844e-08	5.0702e-04	9.5318e-01	4.4680e-02	1.4997e-03	1.2757e-04	1.1755e-36	0.00e+00	0.00e+00	3.0360e+00
7.56715e+16	1.1280e+04	4.400e-14	1.0000e+05	1.0876e+05	1.0877e-19	1.2940e-04	9.9987e-01	6.9112e-05	9.9882e-01	1.1085e-03	8.1429e-30	5.8036e-09	1.9726e-04	1.3041e-01	8.6259e-01	1.8170e-08	5.1347e-04	9.5410e-01	4.3837e-02	1.4284e-03	1.1884e-04	1.1755e-36	0.00e+00	0.00e+00	3.2452e+00
7.81044e+16	1.1367e+04	4.494e-14	1.0000e+05	1.0876e+05	1.1935e-19	1.3829e-04	9.9986e-01	7.0404e-05	9.9889e-01	1.0439e-03	9.3966e-30	6.1580e-09	2.0498e-04	1.3306e-01	8.6043e-01	1.9539e-08	5.1981e-04	9.5469e-01	4.3301e-02	1.3690e-03	1.1208e-04	1.1755e-36	0.00e+00	0.00e+00	3.4465e+00
8.02939e+16	1.1455e+04	4.582e-14	1.0000e+05	1.0876e+05	1.2979e-19	1.4714e-04	9.9985e-01	7.1767e-05	9.9894e-01	9.9251e-04	1.0768e-29	6.5205e-09	2.1258e-04	1.3557e-01	8.5832e-01	2.0953e-08	5.2601e-04	9.5534e-01	4.2708e-02	1.3191e-03	1.0609e-04	1.1755e-36	0.00e+00	0.00e+00	3.6392e+00
8.22645e+16	1.1537e+04	4.666e-14	1.0000e+05	1.0875e+05	1.3983e-19	1.5588e-04	9.9984e-01	7.3083e-05	9.9898e-01	9.5064e-04	1.2230e-29	6.8742e-09	2.2001e-04	1.3793e-01	8.5629e-01	2.2401e-08	5.3214e-04	9.5588e-01	4.2207e-02	1.2766e-03	1.0106e-04	1.1755e-36	0.00e+00	0.00e+00	3.8229e+00
8.40381e+16	1.1613e+04	4.745e-14	1.0000e+05	1.0875e+05	1.5021e-19	1.6443e-04	9.9984e-01	7.4376e-05	9.9901e-01	9.1614e-04	1.3827e-29	7.2184e-09	2.2724e-04	1.4015e-01	8.5435e-01	2.3870e-08	5.3812e-04	9.5634e-01	4.1781e-02	1.2402e-03	9.6795e-05	1.1755e-36	0.00e+00	0.00e+00	3.9973e+00
8.56343e+16	1.1681e+04	4.820e-14	1.0000e+05	1.0875e+05	1.6061e-19	1.7278e-04	9.9983e-01	7.5635e-05	9.9904e-01	8.8730e-04	1.5539e-29	7.5548e-09	2.3432e-04	1.4226e-01	8.5246e-01	2.5357e-08	5.4407e-04	9.5677e-01	4.1379e-02	1.2087e-03	9.3071e-05	1.1755e-36	0.00e+00	0.00e+00	4.1623e+00
8.70708e+16	1.1743e+04	4.890e-14	1.0000e+05	1.0875e+05	1.7072e-19	1.8084e-04	9.9982e-01	7.6845e-05	9.9906e-01	8.6322e-04	1.7333e-29	7.8789e-09	2.4114e-04	1.4424e-01	8.5068e-01	2.6842e-08	5.4985e-04	9.5721e-01	4.0970e-02	1.1815e-03	8.9741e-05	1.1755e-36	0.00e+00	0.00e+00	4.3177e+00
8.83638e+16	1.1802e+04	4.955e-14	1.0000e+05	1.0875e+05	1.8078e-19	1.8854e-04	9.9981e-01	7.7985e-05	9.9908e-01	8.4323e-04	1.9208e-29	8.1870e-09	2.4763e-04	1.4607e-01	8.4901e-01	2.8305e-08	5.5534e-04	9.5760e-01	4.0600e-02	1.1579e-03	8.6843e-05	1.1755e-36	0.00e+00	0.00e+00	4.4635e+00
8.95274e+16	1.1856e+04	5.014e-14	1.0000e+05	1.0875e+05	1.9003e-19	1.9587e-04	9.9980e-01	7.9058e-05	9.9909e-01	8.2659e-04	2.1098e-29	8.4802e-09	2.5381e-04	1.4778e-01	8.4744e-01	2.9740e-08	5.6057e-04	9.5794e-01	4.0278e-02	1.1373e-03	8.4332e-05	1.1755e-36	0.00e+00	0.00e+00	4.5998e+00
9.05786e+16	1.1904e+04	5.069e-14	1.0000e+05	1.0875e+05	1.9935e-19	2.0285e-04	9.9980e-01	8.0074e-05	9.9911e-01	8.1274e-04	2.3063e-29	8.7599e-09	2.5973e-04	1.4938e-01	8.4596e-01	3.1146e-08	5.6559e-04	9.5825e-01	3.9985e-02	1.1191e-03	8.2118e-05	1.1755e-36	0.00e+00	0.00e+00	4.7279e+00
9.15786e+16	1.1950e+04	5.122e-14	1.0000e+05	1.0875e+05	2.0917e-19	2.0981e-04	9.9979e-01	8.1086e-05	9.9912e-01	8.0016e-04	2.5216e-29	9.0428e-09	2.6572e-04	1.5098e-01	8.4448e-01	3.2593e-08	5.7065e-04	9.5857e-01	3.9670e-02	1.1019e-03	7.9969e-05	1.1755e-36	0.00e+00	0.00e+00	4.8604e+00
9.25786e+16	1.1997e+04	5.175e-14	1.0000e+05	1.0875e+05	2.1945e-19	2.1710e-04	9.9978e-01	8.2133e-05	9.9913e-01	7.8570e-04	2.7618e-29	9.3394e-09	2.7202e-04	1.5263e-01	8.4294e-01	3.4150e-08	5.7597e-04	9.5893e-01	3.9329e-02	1.0852e-03	7.7822e-05	1.1755e-36	0.00e+00	0.00e+00	4.9974e+00
9.35786e+16	1.2044e+04	5.229e-14	1.0000e+05	1.0875e+05	2.3013e-19	2.2476e-04	9.9978e-01	8.3218e-05	9.9915e-01	7.7160e-04	3.0303e-29	9.6513e-09	2.7865e-04	1.5433e-01	8.4134e-01	3.5830e-08	5.8156e-04	9.5928e-01	3.8995e-02	1.0688e-03	7.5740e-05	1.1755e-36	0.00e+00	0.00e+00	5.1393e+00
9.45786e+16	1.2096e+04	5.283e-14	1.0000e+05	1.0874e+05	2.4087e-19	2.3280e-04	9.9977e-01	8.4482e-05	9.9916e-01	7.5814e-04	3.3301e-29	9.9843e-09	2.8564e-04	1.5608e-01	8.3969e-01	3.7658e-08	5.8747e-04	9.5959e-01	3.8689e-02	1.0530e-03	7.3762e-05	1.1755e-36	0.00e+00	0.00e+00	5.2863e+00
9.55786e+16	1.2135e+04	5.341e-14	1.0000e+05	1.0874e+05	2.5584e-19	2.4129e-04	9.9976e-01	8.5633e-05	9.9917e-01	7.4455e-04	3.7001e-29	1.0329e-08	2.9312e-04	1.5795e-01	8.3792e-01	3.9625e-08	5.9375e-04	9.5993e-01	3.8364e-02	1.0370e-03	7.1788e-05	1.1755e-36	0.00e+00	0.00e+00	5.4386e+00
9.65786e+16	1.2191e+04	5.395e-14	1.0000e+05	1.0874e+05	2.6955e-19	2.5009e-04	9.9975e-01	8.6801e-05	9.9918e-01	7.3201e-04	4.1008e-29	1.0695e-08	3.0079e-04	1.5980e-01	8.3616e-01	4.1746e-08	6.0013e-04	9.6032e-01	3.7988e-02	1.0222e-03	6.9778e-05	1.1755e-36	0.00e+00	0.00e+00	5.5965e+00
9.75786e+16	1.2229e+04	5.456e-14	1.0000e+05	1.0874e+05	2.8604e-19	2.5951e-04	9.9974e-01	8.8107e-05	9.9919e-01	7.1913e-04	4.5762e-29	1.1082e-08	3.0923e-04	1.6182e-01	8.3423e-01	4.4078e-08	6.0726e-04	9.6065e-01	3.7665e-02	1.0068e-03	6.7898e-05	1.1755e-36	0.00e+00	0.00e+00	5.7604e+00
9.85786e+16	1.2291e+04	5.509e-14	1.0000e+05	1.0874e+05	3.0245e-19	2.6914e-04	9.9973e-01	8.9393e-05	9.9920e-01	7.0755e-04	5.1059e-29	1.1483e-08	3.1767e-04	1.6377e-01	8.3236e-01	4.6560e-08	6.1423e-04	9.6105e-01	3.7273e-02	9.9291e-04	6.5958e-05	1.2877e-36	0.00e+00	0.00e+00	5.9303e+00
9.95393e+16	1.2329e+04	5.569e-14	1.0000e+05	1.0874e+05	3.1970e-19	2.7922e-04	9.9972e-01	9.0767e-05	9.9921e-01	6.9598e-04	5.6969e-29	1.1906e-08	3.2681e-04	1.6585e-01	8.3036e-01	4.9238e-08	6.2201e-04	9.6147e-01	3.6863e-02	9.7906e-04	6.4078e-05	1.4449e-36	0.00e+00	0.00e+00	6.0927e+00
###########################
9.65737e+12	1.9558e+04	6.510e-14	1.0000e+05	1.1742e+05	1.6856e-20	5.3570e-05	9.9995e-01	2.9842e-07	5.7134e-03	9.9429e-01	2.1843e-34	1.3229e-10	3.6757e-06	2.9006e-03	6.7108e-02	1.1713e-11	6.7903e-07	1.5415e-03	1.3627e-01	4.5719e-01	3.1543e-01	1.1755e-36	0.00e+00	0.00e+00	6.5315e-04
5.79442e+13	1.9522e+04	6.488e-14	1.0000e+05	1.1742e+05	1.7711e-20	5.3453e-05	9.9995e-01	2.9700e-07	5.7113e-03	9.9429e-01	2.0663e-34	1.2015e-10	3.6543e-06	2.8953e-03	6.7335e-02	1.1684e-11	6.8045e-07	1.5519e-03	1.3682e-01	4.5861e-01	3.1480e-01	1.1755e-36	0.00e+00	0.00e+00	3.2600e-03
2.51092e+14	1.9449e+04	6.447e-14	1.0000e+05	1.1742e+05	1.7545e-20	5.3287e-05	9.9995e-01	2.9767e-07	5.7265e-03	9.9427e-01	2.0723e-34	1.1834e-10	3.6690e-06	2.9249e-03	6.8182e-02	1.1786e-11	6.8959e-07	1.5919e-03	1.3872e-01	4.6093e-01	3.1319e-01	1.1755e-36	0.00e+00	0.00e+00	1.3655e-02
1.02368e+15	1.9299e+04	6.368e-14	1.0000e+05	1.1742e+05	1.6820e-20	5.2669e-05	9.9995e-01	2.9858e-07	5.8201e-03	9.9418e-01	2.0855e-34	1.1494e-10	3.7453e-06	3.0551e-03	7.0973e-02	1.1966e-11	7.1156e-07	1.7358e-03	1.4501e-01	4.6728e-01	3.0593e-01	1.1755e-36	0.00e+00	0.00e+00	5.4753e-02
2.44525e+15	1.8956e+04	6.128e-14	1.0000e+05	1.1741e+05	1.5382e-20	4.9591e-05	9.9995e-01	2.7987e-07	5.6801e-03	9.9432e-01	1.6662e-34	9.5529e-11	3.6152e-06	3.1245e-03	7.4786e-02	1.1164e-11	7.0250e-07	1.9222e-03	1.5322e-01	4.7622e-01	2.9573e-01	1.1755e-36	0.00e+00	0.00e+00	1.0506e-01
4.29328e+15	1.8636e+04	5.931e-14	1.0000e+05	1.1741e+05	1.4209e-20	4.7043e-05	9.9995e-01	2.6984e-07	5.6849e-03	9.9431e-01	1.4771e-34	8.5436e-11	3.6052e-06	3.2789e-03	7.9612e-02	1.1037e-11	7.2876e-07	2.1922e-03	1.6463e-01	4.8741e-01	2.8137e-01	1.1755e-36	0.00e+00	0.00e+00	1.6709e-01
6.69572e+15	1.8312e+04	5.759e-14	1.0000e+05	1.1741e+05	1.3238e-20	4.4714e-05	9.9996e-01	2.6716e-07	5.8587e-03	9.9414e-01	1.4199e-34	8.0991e-11	3.7206e-06	3.5634e-03	8.6353e-02	1.1486e-11	7.9470e-07	2.6193e-03	1.8116e-01	5.0056e-01	2.6127e-01	1.1755e-36	0.00e+00	0.00e+00	2.4375e-01
9.30239e+15	1.8006e+04	5.604e-14	1.0000e+05	1.1740e+05	1.2077e-20	4.2062e-05	9.9996e-01	2.6421e-07	6.0996e-03	9.9390e-01	1.3041e-34	7.7360e-11	3.8371e-06	3.9010e-03	9.3886e-02	1.1790e-11	8.6325e-07	3.1471e-03	1.9964e-01	5.1209e-01	2.3974e-01	1.1755e-36	0.00e+00	0.00e+00	3.1006e-01
1.15338e+16	1.7789e+04	5.508e-14	1.0000e+05	1.1739e+05	1.1230e-20	4.0108e-05	9.9996e-01	2.6763e-07	6.4270e-03	9.9357e-01	1.2877e-34	7.7095e-11	4.0099e-06	4.2676e-03	1.0099e-01	1.2367e-11	9.4615e-07	3.7115e-03	2.1721e-01	5.1951e-01	2.2088e-01	1.1755e-36	0.00e+00	0.00e+00	3.5982e-01
1.34119e+16	1.7641e+04	5.452e-14	1.0000e+05	1.1739e+05	1.0681e-20	3.8989e-05	9.9996e-01	2.7896e-07	6.8551e-03	9.9314e-01	1.3967e-34	8.0758e-11	4.2931e-06	4.6938e-03	1.0816e-01	1.3563e-11	1.0643e-06	4.3473e-03	2.3477e-01	5.2350e-01	2.0391e-01	1.1755e-36	0.00e+00	0.00e+00	4.0390e-01
1.52010e+16	1.7513e+04	5.414e-14	1.0000e+05	1.1738e+05	1.0352e-20	3.8236e-05	9.9996e-01	2.9697e-07	7.4058e-03	9.9259e-01	1.6304e-34	8.7333e-11	4.6883e-06	5.2185e-03	1.1626e-01	1.5387e-11	1.2272e-06	5.1381e-03	2.5409e-01	5.2480e-01	1.8708e-01	1.1755e-36	0.00e+00	0.00e+00	4.4704e-01
1.69626e+16	1.7361e+04	5.393e-14	1.0000e+05	1.1737e+05	1.0152e-20	3.7654e-05	9.9996e-01	3.2221e-07	8.1138e-03	9.9189e-01	1.9973e-34	9.5833e-11	5.1941e-06	5.8649e-03	1.2577e-01	1.7883e-11	1.4449e-06	6.1545e-03	2.7571e-01	5.2304e-01	1.7030e-01	1.1755e-36	0.00e+00	0.00e+00	4.8830e-01
1.86287e+16	1.7239e+04	5.379e-14	1.0000e+05	1.1736e+05	9.8992e-21	3.7136e-05	9.9996e-01	3.5482e-07	8.9715e-03	9.9103e-01	2.4879e-34	1.0690e-10	5.8172e-06	6.6301e-03	1.3627e-01	2.1127e-11	1.7235e-06	7.4033e-03	2.9850e-01	5.1831e-01	1.5444e-01	1.1755e-36	0.00e+00	0.00e+00	5.2572e-01
2.01734e+16	1.7126e+04	5.378e-14	1.0000e+05	1.1735e+05	9.8211e-21	3.6842e-05	9.9996e-01	3.9422e-07	1.0013e-02	9.8999e-01	3.2572e-34	1.2107e-10	6.5675e-06	7.5286e-03	1.4804e-01	2.5351e-11	2.0766e-06	8.9512e-03	3.2256e-01	5.1048e-01	1.3957e-01	1.1755e-36	0.00e+00	0.00e+00	5.6044e-01
2.14320e+16	1.7045e+04	5.387e-14	1.0000e+05	1.1733e+05	9.6860e-21	3.6458e-05	9.9996e-01	4.3480e-07	1.1093e-02	9.8891e-01	4.0659e-34	1.3466e-10	7.2918e-06	8.4118e-03	1.5899e-01	2.9605e-11	2.4405e-06	1.0569e-02	3.4361e-01	5.0155e-01	1.2792e-01	1.1755e-36	0.00e+00	0.00e+00	5.8401e-01
2.23559e+16	1.6984e+04	5.399e-14	1.0000e+05	1.1732e+05	9.6247e-21	3.6298e-05	9.9996e-01	4.7412e-07	1.2089e-02	9.8791e-01	4.9790e-34	1.4788e-10	7.9760e-06	9.2073e-03	1.6851e-01	3.3953e-11	2.8011e-06	1.2088e-02	3.6087e-01	4.9302e-01	1.1914e-01	1.1755e-36	0.00e+00	0.00e+00	6.0289e-01
2.33033e+16	1.6917e+04	5.411e-14	1.0000e+05	1.1731e+05	9.6567e-21	3.6335e-05	9.9996e-01	5.2737e-07	1.3332e-02	9.8667e-01	6.4837e-34	1.6601e-10	8.8924e-06	1.0204e-02	1.8013e-01	4.0270e-11	3.3046e-06	1.4048e-02	3.8078e-01	4.8215e-01	1.0966e-01	1.1755e-36	0.00e+00	0.00e+00	6.2745e-01
2.43141e+16	1.6823e+04	5.442e-14	1.0000e+05	1.1729e+05	9.6664e-21	3.6387e-05	9.9996e-01	5.9705e-07	1.5002e-02	9.8500e-01	8.6143e-34	1.8860e-10	1.0028e-05	1.1445e-02	1.9422e-01	4.8889e-11	3.9879e-06	1.6692e-02	4.0319e-01	4.6824e-01	9.9976e-02	1.1755e-36	0.00e+00	0.00e+00	6.4928e-01
2.51562e+16	1.6778e+04	5.473e-14	1.0000e+05	1.1727e+05	9.6727e-21	3.6327e-05	9.9996e-01	6.6980e-07	1.6763e-02	9.8324e-01	1.1147e-33	2.1135e-10	1.1150e-05	1.2685e-02	2.0770e-01	5.7917e-11	4.7098e-06	1.9510e-02	4.2309e-01	4.5461e-01	9.2012e-02	1.1755e-36	0.00e+00	0.00e+00	6.6611e-01
2.58381e+16	1.6735e+04	5.505e-14	1.0000e+05	1.1726e+05	9.6895e-21	3.6307e-05	9.9996e-01	7.4539e-07	1.8532e-02	9.8147e-01	1.4085e-33	2.3372e-10	1.2258e-05	1.3880e-02	2.2039e-01	6.7528e-11	5.4710e-06	2.2383e-02	4.4048e-01	4.4178e-01	8.5465e-02	1.1755e-36	0.00e+00	0.00e+00	6.8055e-01
2.64644e+16	1.6678e+04	5.543e-14	1.0000e+05	1.1724e+05	9.7510e-21	3.6417e-05	9.9996e-01	8.3159e-07	2.0521e-02	9.7948e-01	1.7957e-33	2.5912e-10	1.3477e-05	1.5157e-02	2.3391e-01	7.9224e-11	6.3747e-06	2.5660e-02	4.5765e-01	4.2827e-01	7.9339e-02	1.1755e-36	0.00e+00	0.00e+00	6.9486e-01
2.70865e+16	1.6616e+04	5.588e-14	1.0000e+05	1.1721e+05	9.8522e-21	3.6606e-05	9.9996e-01	9.3910e-07	2.2953e-02	9.7705e-01	2.3559e-33	2.8902e-10	1.4936e-05	1.6636e-02	2.4923e-01	9.4671e-11	7.5435e-06	2.9705e-02	4.7562e-01	4.1316e-01	7.3230e-02	1.1755e-36	0.00e+00	0.00e+00	7.0923e-01
2.76857e+16	1.6579e+04	5.639e-14	1.0000e+05	1.1719e+05	9.9079e-21	3.6668e-05	9.9996e-01	1.0667e-06	2.5854e-02	9.7415e-01	3.0679e-33	3.2252e-10	1.6526e-05	1.8285e-02	2.6589e-01	1.1260e-10	8.9176e-06	3.4556e-02	4.9351e-01	3.9698e-01	6.7380e-02	1.1755e-36	0.00e+00	0.00e+00	7.2258e-01
2.82317e+16	1.6515e+04	5.707e-14	1.0000e+05	1.1716e+05	9.9605e-21	3.6700e-05	9.9996e-01	1.2110e-06	2.9176e-02	9.7082e-01	3.8785e-33	3.5471e-10	1.8123e-05	2.0023e-02	2.8349e-01	1.3163e-10	1.0411e-05	4.0132e-02	5.1056e-01	3.8037e-01	6.2016e-02	1.1755e-36	0.00e+00	0.00e+00	7.3452e-01
2.87234e+16	1.6468e+04	5.768e-14	1.0000e+05	1.1712e+05	1.0060e-20	3.7005e-05	9.9996e-01	1.3908e-06	3.3057e-02	9.6694e-01	5.2277e-33	3.9794e-10	2.0151e-05	2.1900e-02	3.0192e-01	1.6133e-10	1.2553e-05	4.6649e-02	5.2659e-01	3.6337e-01	5.7053e-02	1.1755e-36	0.00e+00	0.00e+00	7.4545e-01
2.91697e+16	1.6416e+04	5.846e-14	1.0000e+05	1.1709e+05	1.0150e-20	3.7056e-05	9.9996e-01	1.5817e-06	3.7370e-02	9.6263e-01	6.5755e-33	4.3491e-10	2.1947e-05	2.3814e-02	3.2083e-01	1.8766e-10	1.4577e-05	5.3904e-02	5.4123e-01	3.4651e-01	5.2547e-02	1.1755e-36	0.00e+00	0.00e+00	7.5538e-01
2.95817e+16	1.6371e+04	5.919e-14	1.0000e+05	1.1703e+05	1.0255e-20	3.7426e-05	9.9996e-01	1.8233e-06	4.2517e-02	9.5748e-01	8.8296e-33	4.8487e-10	2.4286e-05	2.5888e-02	3.4099e-01	2.3054e-10	1.7592e-05	6.2528e-02	5.5488e-01	3.2901e-01	4.8258e-02	1.1755e-36	0.00e+00	0.00e+00	7.6482e-01
2.99647e+16	1.6307e+04	6.015e-14	1.0000e+05	1.1699e+05	1.0367e-20	3.7480e-05	9.9996e-01	2.0924e-06	4.8441e-02	9.5156e-01	1.1092e-32	5.2740e-10	2.6346e-05	2.8063e-02	3.6220e-01	2.6812e-10	2.0440e-05	7.2400e-02	5.6726e-01	3.1123e-01	4.4242e-02	1.1755e-36	0.00e+00	0.00e+00	7.7349e-01
3.03172e+16	1.6269e+04	6.103e-14	1.0000e+05	1.1693e+05	1.0453e-20	3.7817e-05	9.9996e-01	2.4295e-06	5.5514e-02	9.4448e-01	1.4763e-32	5.8420e-10	2.8996e-05	3.0374e-02	3.8444e-01	3.2880e-10	2.4656e-05	8.4055e-02	5.7802e-01	2.9305e-01	4.0434e-02	1.1755e-36	0.00e+00	0.00e+00	7.8157e-01
3.06394e+16	1.6207e+04	6.213e-14	1.0000e+05	1.1687e+05	1.0563e-20	3.7935e-05	9.9996e-01	2.8040e-06	6.3623e-02	9.3637e-01	1.8482e-32	6.3268e-10	3.1328e-05	3.2750e-02	4.0748e-01	3.8366e-10	2.8695e-05	9.7248e-02	5.8694e-01	2.7486e-01	3.6901e-02	1.1755e-36	0.00e+00	0.00e+00	7.8890e-01
3.09333e+16	1.6152e+04	6.323e-14	1.0000e+05	1.1680e+05	1.0662e-20	3.8186e-05	9.9996e-01	3.2571e-06	7.3133e-02	9.2686e-01	2.3710e-32	6.8911e-10	3.4002e-05	3.5210e-02	4.3123e-01	4.5826e-10	3.3943e-05	1.1245e-01	5.9371e-01	2.5658e-01	3.3579e-02	1.1755e-36	0.00e+00	0.00e+00	7.9569e-01
3.12036e+16	1.6100e+04	6.440e-14	1.0000e+05	1.1670e+05	1.0755e-20	3.8435e-05	9.9996e-01	3.7891e-06	8.4264e-02	9.1573e-01	3.0145e-32	7.4749e-10	3.6760e-05	3.7738e-02	4.5570e-01	5.4551e-10	4.0036e-05	1.2985e-01	5.9812e-01	2.3824e-01	3.0454e-02	1.1755e-36	0.00e+00	0.00e+00	8.0197e-01
3.14518e+16	1.6044e+04	6.563e-14	1.0000e+05	1.1660e+05	1.0850e-20	3.8702e-05	9.9996e-01	4.4175e-06	9.7310e-02	9.0269e-01	3.8090e-32	8.0767e-10	3.9612e-05	4.0321e-02	4.8080e-01	6.4825e-10	4.7142e-05	1.4970e-01	5.9989e-01	2.1988e-01	2.7510e-02	1.1755e-36	0.00e+00	0.00e+00	8.0778e-01
3.16793e+16	1.5975e+04	6.688e-14	1.0000e+05	1.1641e+05	1.0878e-20	3.9129e-05	9.9996e-01	5.1607e-06	1.1268e-01	8.8732e-01	4.8187e-32	8.7272e-10	4.2739e-05	4.2890e-02	5.0645e-01	7.8458e-10	5.6200e-05	1.7232e-01	5.9864e-01	2.0157e-01	2.4745e-02	1.1755e-36	0.00e+00	0.00e+00	8.1315e-01
3.18871e+16	1.5890e+04	6.828e-14	1.0000e+05	1.1631e+05	1.1065e-20	3.9333e-05	9.9996e-01	6.0288e-06	1.3034e-01	8.6965e-01	5.9313e-32	9.2941e-10	4.5475e-05	4.5544e-02	5.3228e-01	9.0724e-10	6.4774e-05	1.9740e-01	5.9446e-01	1.8354e-01	2.2154e-02	1.1755e-36	0.00e+00	0.00e+00	8.1807e-01
3.20777e+16	1.5837e+04	6.951e-14	1.0000e+05	1.1608e+05	1.1021e-20	3.9732e-05	9.9996e-01	7.0220e-06	1.5079e-01	8.4920e-01	7.2572e-32	9.9386e-10	4.8581e-05	4.8064e-02	5.5776e-01	1.0820e-09	7.6228e-05	2.2517e-01	5.8680e-01	1.6608e-01	1.9763e-02	1.1755e-36	0.00e+00	0.00e+00	8.2265e-01
3.22535e+16	1.5747e+04	7.084e-14	1.0000e+05	1.1590e+05	1.1184e-20	4.0079e-05	9.9996e-01	8.2076e-06	1.7447e-01	8.2552e-01	8.8963e-32	1.0544e-09	5.1529e-05	5.0635e-02	5.8339e-01	1.2622e-09	8.8188e-05	2.5585e-01	5.7580e-01	1.4889e-01	1.7510e-02	1.1755e-36	0.00e+00	0.00e+00	8.2693e-01
3.24159e+16	1.5649e+04	7.213e-14	1.0000e+05	1.1573e+05	1.1309e-20	4.0374e-05	9.9996e-01	9.5635e-06	2.0147e-01	7.9852e-01	1.0543e-31	1.1093e-09	5.4229e-05	5.3164e-02	6.0860e-01	1.4425e-09	1.0034e-04	2.8898e-01	5.6151e-01	1.3236e-01	1.5427e-02	1.1755e-36	0.00e+00	0.00e+00	8.3091e-01
3.25668e+16	1.5558e+04	7.321e-14	1.0000e+05	1.1542e+05	1.1501e-20	4.0866e-05	9.9996e-01	1.1079e-05	2.3225e-01	7.6774e-01	1.2840e-31	1.1668e-09	5.7161e-05	5.5485e-02	6.3309e-01	1.6836e-09	1.1570e-04	3.2454e-01	5.4374e-01	1.1666e-01	1.3524e-02	1.1755e-36	0.00e+00	0.00e+00	8.3466e-01
3.27079e+16	1.5454e+04	7.418e-14	1.0000e+05	1.1518e+05	1.1788e-20	4.1284e-05	9.9996e-01	1.2841e-05	2.6688e-01	7.3311e-01	1.5440e-31	1.2220e-09	5.9897e-05	5.7817e-02	6.5684e-01	1.9235e-09	1.3114e-04	3.6218e-01	5.2292e-01	1.0178e-01	1.1771e-02	1.1755e-36	0.00e+00	0.00e+00	8.3822e-01
3.28406e+16	1.5337e+04	7.490e-14	1.0000e+05	1.1480e+05	1.2106e-20	4.1743e-05	9.9996e-01	1.4771e-05	3.0529e-01	6.9470e-01	1.8312e-31	1.2689e-09	6.2369e-05	5.9914e-02	6.7955e-01	2.1791e-09	1.4741e-04	4.0122e-01	4.9939e-01	8.8002e-02	1.0199e-02	1.1755e-36	0.00e+00	0.00e+00	8.4162e-01
3.29669e+16	1.5207e+04	7.534e-14	1.0000e+05	1.1439e+05	1.2441e-20	4.2215e-05	9.9996e-01	1.6920e-05	3.4748e-01	6.5251e-01	2.1435e-31	1.3129e-09	6.4697e-05	6.1895e-02	7.0113e-01	2.4467e-09	1.6430e-04	4.4127e-01	4.7357e-01	7.5330e-02	8.7860e-03	1.1755e-36	0.00e+00	0.00e+00	8.4491e-01
3.30888e+16	1.5059e+04	7.548e-14	1.0000e+05	1.1399e+05	1.2846e-20	4.2765e-05	9.9996e-01	1.9309e-05	3.9365e-01	6.0633e-01	2.4991e-31	1.3562e-09	6.7003e-05	6.3793e-02	7.2165e-01	2.7337e-09	1.8205e-04	4.8226e-01	4.4560e-01	6.3708e-02	7.5118e-03	1.1755e-36	0.00e+00	0.00e+00	8.4816e-01
3.32075e+16	1.4897e+04	7.524e-14	1.0000e+05	1.1356e+05	1.3304e-20	4.3363e-05	9.9996e-01	2.1901e-05	4.4308e-01	5.5690e-01	2.8882e-31	1.3966e-09	6.9192e-05	6.5559e-02	7.4084e-01	3.0322e-09	2.0019e-04	5.2329e-01	4.1622e-01	5.3301e-02	6.3873e-03	1.1755e-36	0.00e+00	0.00e+00	8.5137e-01
3.33238e+16	1.4730e+04	7.456e-14	1.0000e+05	1.1312e+05	1.3800e-20	4.3983e-05	9.9996e-01	2.4630e-05	4.9455e-01	5.0542e-01	3.3030e-31	1.4342e-09	7.1234e-05	6.7179e-02	7.5843e-01	3.3343e-09	2.1825e-04	5.6341e-01	3.8625e-01	4.4207e-02	5.4133e-03	1.1755e-36	0.00e+00	0.00e+00	8.5458e-01
3.34566e+16	1.4478e+04	7.334e-14	1.0000e+05	1.1263e+05	1.4542e-20	4.4885e-05	9.9996e-01	2.7962e-05	5.5447e-01	4.4551e-01	3.8589e-31	1.4780e-09	7.3694e-05	6.8963e-02	7.7676e-01	3.7038e-09	2.3938e-04	6.0776e-01	3.5186e-01	3.5288e-02	4.4577e-03	1.1755e-36	0.00e+00	0.00e+00	8.5883e-01
3.35991e+16	1.4211e+04	7.150e-14	1.0000e+05	1.1208e+05	1.5378e-20	4.5831e-05	9.9995e-01	3.1583e-05	6.1897e-01	3.8100e-01	4.4730e-31	1.5210e-09	7.6098e-05	7.0683e-02	7.9397e-01	4.0893e-09	2.6098e-04	6.5242e-01	3.1588e-01	2.7512e-02	3.6255e-03	1.1755e-36	0.00e+00	0.00e+00	8.6273e-01
3.37250e+16	1.3964e+04	6.948e-14	1.0000e+05	1.1161e+05	1.6191e-20	4.6699e-05	9.9995e-01	3.4694e-05	6.7276e-01	3.2720e-01	5.0453e-31	1.5583e-09	7.8166e-05	7.2087e-02	8.0697e-01	4.4219e-09	2.7897e-04	6.8818e-01	2.8618e-01	2.2088e-02	3.0367e-03	1.1755e-36	0.00e+00	0.00e+00	8.6618e-01
3.38594e+16	1.3695e+04	6.708e-14	1.0000e+05	1.1117e+05	1.7129e-20	4.7673e-05	9.9995e-01	3.7774e-05	7.2325e-01	2.7671e-01	5.6998e-31	1.6016e-09	8.0442e-05	7.3514e-02	8.1834e-01	4.7687e-09	2.9687e-04	7.2149e-01	2.5780e-01	1.7671e-02	2.5417e-03	1.1755e-36	0.00e+00	0.00e+00	8.7076e-01
3.40342e+16	1.3361e+04	6.397e-14	1.0000e+05	1.1070e+05	1.8395e-20	4.8905e-05	9.9995e-01	4.1321e-05	7.7836e-01	2.2160e-01	6.5705e-31	1.6597e-09	8.3346e-05	7.5245e-02	8.2987e-01	5.1851e-09	3.1737e-04	7.5753e-01	2.2636e-01	1.3586e-02	2.0648e-03	1.1755e-36	0.00e+00	0.00e+00	8.7686e-01
3.42198e+16	1.3043e+04	6.089e-14	1.0000e+05	1.1029e+05	1.9711e-20	5.0078e-05	9.9995e-01	4.4468e-05	8.2521e-01	1.7475e-01	7.4473e-31	1.7182e-09	8.6177e-05	7.6898e-02	8.3901e-01	5.5664e-09	3.3537e-04	7.8786e-01	1.9930e-01	1.0689e-02	1.7074e-03	1.1755e-36	0.00e+00	0.00e+00	8.8235e-01
3.43879e+16	1.2790e+04	5.840e-14	1.0000e+05	1.1000e+05	2.0854e-20	5.1036e-05	9.9995e-01	4.6769e-05	8.5734e-01	1.4262e-01	8.2059e-31	1.7700e-09	8.8579e-05	7.8256e-02	8.4506e-01	5.8666e-09	3.4891e-04	8.0927e-01	1.7988e-01	8.9382e-03	1.4752e-03	1.1755e-36	0.00e+00	0.00e+00	8.8759e-01
3.45747e+16	1.2544e+04	5.598e-14	1.0000e+05	1.0977e+05	2.2096e-20	5.2030e-05	9.9995e-01	4.8866e-05	8.8421e-01	1.1574e-01	9.0489e-31	1.8288e-09	9.1190e-05	7.9680e-02	8.5004e-01	6.1693e-09	3.6191e-04	8.2823e-01	1.6245e-01	7.6010e-03	1.2822e-03	1.1755e-36	0.00e+00	0.00e+00	8.9453e-01
3.48175e+16	1.2281e+04	5.341e-14	1.0000e+05	1.0955e+05	2.3565e-20	5.3139e-05	9.9995e-01	5.0984e-05	9.0944e-01	9.0512e-02	1.0048e-30	1.8995e-09	9.4227e-05	8.1318e-02	8.5464e-01	6.4987e-09	3.7546e-04	8.4687e-01	1.4512e-01	6.4697e-03	1.1033e-03	1.1755e-36	0.00e+00	0.00e+00	9.0375e-01
3.51332e+16	1.2016e+04	5.082e-14	1.0000e+05	1.0937e+05	2.5232e-20	5.4326e-05	9.9995e-01	5.2994e-05	9.3139e-01	6.8560e-02	1.1180e-30	1.9804e-09	9.7601e-05	8.3123e-02	8.5866e-01	6.8409e-09	3.8886e-04	8.6418e-01	1.2886e-01	5.5732e-03	9.4524e-04	1.1755e-36	0.00e+00	0.00e+00	9.1600e-01
3.55437e+16	1.1762e+04	4.837e-14	1.0000e+05	1.0921e+05	2.7053e-20	5.5553e-05	9.9994e-01	5.4802e-05	9.4917e-01	5.0771e-02	1.2410e-30	2.0692e-09	1.0120e-04	8.5039e-02	8.6202e-01	7.1817e-09	4.0150e-04	8.7944e-01	1.1441e-01	4.8964e-03	8.1098e-04	1.1755e-36	0.00e+00	0.00e+00	9.3228e-01
3.60772e+16	1.1529e+04	4.613e-14	1.0000e+05	1.0909e+05	2.8979e-20	5.6804e-05	9.9994e-01	5.6374e-05	9.6284e-01	3.7105e-02	1.3701e-30	2.1639e-09	1.0493e-04	8.7027e-02	8.6477e-01	7.5126e-09	4.1303e-04	8.9246e-01	1.0200e-01	4.3938e-03	6.9926e-04	1.1755e-36	0.00e+00	0.00e+00	9.5392e-01
3.67708e+16	1.1322e+04	4.418e-14	1.0000e+05	1.0900e+05	3.0981e-20	5.8084e-05	9.9994e-01	5.7720e-05	9.7302e-01	2.6924e-02	1.5036e-30	2.2636e-09	1.0875e-04	8.9068e-02	8.6704e-01	7.8323e-09	4.2336e-04	9.0338e-01	9.1550e-02	4.0142e-03	6.0670e-04	1.1755e-36	0.00e+00	0.00e+00	9.8270e-01
3.76726e+16	1.1143e+04	4.252e-14	1.0000e+05	1.0893e+05	3.3052e-20	5.9429e-05	9.9994e-01	5.8877e-05	9.8050e-01	1.9441e-02	1.6413e-30	2.3693e-09	1.1268e-04	9.1180e-02	8.6897e-01	8.1452e-09	4.3257e-04	9.1247e-01	8.2830e-02	3.7142e-03	5.2957e-04	1.1755e-36	0.00e+00	0.00e+00	1.0210e+00
3.88448e+16	1.0995e+04	4.114e-14	1.0000e+05	1.0888e+05	3.5115e-20	6.0898e-05	9.9994e-01	5.9895e-05	9.8595e-01	1.3986e-02	1.7816e-30	2.4838e-09	1.1677e-04	9.3393e-02	8.7066e-01	8.4634e-09	4.4095e-04	9.2022e-01	7.5393e-02	3.4609e-03	4.6336e-04	1.1755e-36	0.00e+00	0.00e+00	1.0719e+00
4.03687e+16	1.0869e+04	4.004e-14	1.0000e+05	1.0885e+05	3.7495e-20	6.2584e-05	9.9994e-01	6.0807e-05	9.8990e-01	1.0038e-02	1.9367e-30	2.6088e-09	1.2104e-04	9.5705e-02	8.7222e-01	8.7918e-09	4.4833e-04	9.2631e-01	6.9581e-02	3.2314e-03	4.0837e-04	1.1755e-36	0.00e+00	0.00e+00	1.1401e+00
4.23497e+16	1.0779e+04	3.920e-14	1.0000e+05	1.0882e+05	3.9896e-20	6.4689e-05	9.9994e-01	6.1662e-05	9.9273e-01	7.2112e-03	2.1101e-30	2.7601e-09	1.2601e-04	9.8418e-02	8.7339e-01	9.1745e-09	4.5562e-04	9.3187e-01	6.4296e-02	3.0077e-03	3.5741e-04	1.1755e-36	0.00e+00	0.00e+00	1.2316e+00
4.49251e+16	1.0713e+04	3.864e-14	1.0000e+05	1.0880e+05	4.3239e-20	6.7409e-05	9.9993e-01	6.2552e-05	9.9474e-01	5.1949e-03	2.3436e-30	2.9439e-09	1.3168e-04	1.0145e-01	8.7431e-01	9.6336e-09	4.6287e-04	9.3665e-01	5.9788e-02	2.7767e-03	3.1105e-04	1.1755e-36	0.00e+00	0.00e+00	1.3555e+00
4.82731e+16	1.0681e+04	3.835e-14	1.0000e+05	1.0879e+05	4.7477e-20	7.1144e-05	9.9993e-01	6.3598e-05	9.9618e-01	3.7580e-03	2.6574e-30	3.1844e-09	1.3861e-04	1.0504e-01	8.7467e-01	1.0235e-08	4.7085e-04	9.4114e-01	5.5577e-02	2.5303e-03	2.6648e-04	1.1755e-36	0.00e+00	0.00e+00	1.5256e+00
5.26255e+16	1.0686e+04	3.841e-14	1.0000e+05	1.0878e+05	5.3197e-20	7.6546e-05	9.9992e-01	6.4864e-05	9.9720e-01	2.7302e-03	3.1109e-30	3.5118e-09	1.4747e-04	1.0945e-01	8.7412e-01	1.1065e-08	4.7987e-04	9.4521e-01	5.1813e-02	2.2651e-03	2.2441e-04	1.1755e-36	0.00e+00	0.00e+00	1.7635e+00
5.73313e+16	1.0734e+04	3.888e-14	1.0000e+05	1.0877e+05	6.0216e-20	8.3254e-05	9.9992e-01	6.5989e-05	9.9784e-01	2.0987e-03	3.6466e-30	3.8710e-09	1.5653e-04	1.1390e-01	8.7268e-01	1.2018e-08	4.8775e-04	9.4816e-01	4.9113e-02	2.0378e-03	1.9232e-04	1.1755e-36	0.00e+00	0.00e+00	1.9997e+00
6.15981e+16	1.0811e+04	3.957e-14	1.0000e+05	1.0877e+05	6.8343e-20	9.0551e-05	9.9991e-01	6.7254e-05	9.9820e-01	1.7339e-03	4.3103e-30	4.2431e-09	1.6531e-04	1.1790e-01	8.7076e-01	1.3053e-08	4.9534e-04	9.5048e-01	4.6982e-02	1.8626e-03	1.6845e-04	1.1755e-36	0.00e+00	0.00e+00	2.2309e+00
6.54383e+16	1.0897e+04	4.040e-14	1.0000e+05	1.0877e+05	7.7183e-20	9.8316e-05	9.9990e-01	6.8543e-05	9.9843e-01	1.4991e-03	5.0885e-30	4.6221e-09	1.7394e-04	1.2159e-01	8.6858e-01	1.4161e-08	5.0256e-04	9.5213e-01	4.5482e-02	1.7239e-03	1.5090e-04	1.1755e-36	0.00e+00	0.00e+00	2.4567e+00
6.88945e+16	1.0988e+04	4.130e-14	1.0000e+05	1.0876e+05	8.8171e-20	1.0645e-04	9.9989e-01	6.9774e-05	9.9859e-01	1.3368e-03	6.0704e-30	5.0053e-09	1.8241e-04	1.2501e-01	8.6629e-01	1.5335e-08	5.0943e-04	9.5342e-01	4.4312e-02	1.6123e-03	1.3729e-04	1.1755e-36	0.00e+00	0.00e+00	2.6769e+00
7.20050e+16	1.1092e+04	4.219e-14	1.0000e+05	1.0876e+05	9.8586e-20	1.1477e-04	9.9989e-01	7.1014e-05	9.9871e-01	1.2196e-03	7.1296e-30	5.3846e-09	1.9053e-04	1.2809e-01	8.6405e-01	1.6570e-08	5.1610e-04	9.5450e-01	4.3326e-02	1.5220e-03	1.2635e-04	1.1755e-36	0.00e+00	0.00e+00	2.8904e+00
7.48045e+16	1.1172e+04	4.315e-14	1.0000e+05	1.0876e+05	1.0954e-19	1.2347e-04	9.9988e-01	7.2364e-05	9.9880e-01	1.1294e-03	8.3497e-30	5.7835e-09	1.9907e-04	1.3118e-01	8.6164e-01	1.7915e-08	5.2342e-04	9.5549e-01	4.2418e-02	1.4459e-03	1.1722e-04	1.1755e-36	0.00e+00	0.00e+00	3.0972e+00
7.73241e+16	1.1258e+04	4.407e-14	1.0000e+05	1.0876e+05	1.2189e-19	1.3212e-04	9.9987e-01	7.3516e-05	9.9887e-01	1.0596e-03	9.7481e-30	6.1532e-09	2.0703e-04	1.3396e-01	8.5939e-01	1.9268e-08	5.2983e-04	9.5614e-01	4.1829e-02	1.3829e-03	1.1017e-04	1.1755e-36	0.00e+00	0.00e+00	3.2964e+00
7.95917e+16	1.1345e+04	4.494e-14	1.0000e+05	1.0876e+05	1.3467e-19	1.4081e-04	9.9986e-01	7.4745e-05	9.9892e-01	1.0043e-03	1.1336e-29	6.5346e-09	2.1494e-04	1.3658e-01	8.5720e-01	2.0690e-08	5.3646e-04	9.5681e-01	4.1215e-02	1.3302e-03	1.0402e-04	1.1755e-36	0.00e+00	0.00e+00	3.4874e+00
8.16325e+16	1.1427e+04	4.578e-14	1.0000e+05	1.0876e+05	1.4695e-19	1.4944e-04	9.9985e-01	7.5964e-05	9.9896e-01	9.5956e-04	1.3035e-29	6.9105e-09	2.2268e-04	1.3905e-01	8.5508e-01	2.2152e-08	5.4298e-04	9.5738e-01	4.0687e-02	1.2855e-03	9.8838e-05	1.1755e-36	0.00e+00	0.00e+00	3.6698e+00
8.34692e+16	1.1498e+04	4.660e-14	1.0000e+05	1.0875e+05	1.5970e-19	1.5807e-04	9.9984e-01	7.7353e-05	9.9900e-01	9.2254e-04	1.4952e-29	7.3036e-09	2.3057e-04	1.4145e-01	8.5297e-01	2.3688e-08	5.4991e-04	9.5790e-01	4.0201e-02	1.2469e-03	9.4371e-05	1.1755e-36	0.00e+00	0.00e+00	3.8435e+00
8.51223e+16	1.1567e+04	4.735e-14	1.0000e+05	1.0875e+05	1.7333e-19	1.6633e-04	9.9983e-01	7.8404e-05	9.9903e-01	8.9197e-04	1.6993e-29	7.6454e-09	2.3772e-04	1.4361e-01	8.5105e-01	2.5167e-08	5.5579e-04	9.5834e-01	3.9796e-02	1.2140e-03	9.0604e-05	1.1755e-36	0.00e+00	0.00e+00	4.0080e+00
8.66101e+16	1.1635e+04	4.805e-14	1.0000e+05	1.0875e+05	1.8799e-19	1.7435e-04	9.9983e-01	7.9495e-05	9.9905e-01	8.6678e-04	1.9284e-29	7.9901e-09	2.4469e-04	1.4563e-01	8.4923e-01	2.6668e-08	5.6171e-04	9.5877e-01	3.9396e-02	1.1857e-03	8.7267e-05	1.1755e-36	0.00e+00	0.00e+00	4.1631e+00
8.79491e+16	1.1697e+04	4.869e-14	1.0000e+05	1.0875e+05	2.0232e-19	1.8210e-04	9.9982e-01	8.0554e-05	9.9907e-01	8.4572e-04	2.1686e-29	8.3226e-09	2.5140e-04	1.4752e-01	8.4751e-01	2.8163e-08	5.6742e-04	9.5911e-01	3.9070e-02	1.1612e-03	8.4437e-05	1.1755e-36	0.00e+00	0.00e+00	4.3090e+00
8.91542e+16	1.1751e+04	4.931e-14	1.0000e+05	1.0875e+05	2.1662e-19	1.8956e-04	9.9981e-01	8.1599e-05	9.9909e-01	8.2803e-04	2.4211e-29	8.6437e-09	2.5789e-04	1.4932e-01	8.4587e-01	2.9648e-08	5.7298e-04	9.5943e-01	3.8768e-02	1.1397e-03	8.1945e-05	1.1755e-36	0.00e+00	0.00e+00	4.4456e+00
9.02387e+16	1.1801e+04	4.989e-14	1.0000e+05	1.0875e+05	2.2920e-19	1.9673e-04	9.9980e-01	8.2764e-05	9.9910e-01	8.1338e-04	2.6694e-29	8.9465e-09	2.6408e-04	1.5099e-01	8.4432e-01	3.1114e-08	5.7833e-04	9.5975e-01	3.8466e-02	1.1209e-03	7.9701e-05	1.1755e-36	0.00e+00	0.00e+00	4.5732e+00
9.12525e+16	1.1850e+04	5.044e-14	1.0000e+05	1.0875e+05	2.4131e-19	2.0376e-04	9.9980e-01	8.3926e-05	9.9912e-01	8.0073e-04	2.9291e-29	9.2468e-09	2.7016e-04	1.5260e-01	8.4283e-01	3.2594e-08	5.8355e-04	9.6008e-01	3.8155e-02	1.1036e-03	7.7583e-05	1.2928e-36	0.00e+00	0.00e+00	4.7019e+00
9.22525e+16	1.1899e+04	5.099e-14	1.0000e+05	1.0875e+05	2.5407e-19	2.1106e-04	9.9979e-01	8.5110e-05	9.9913e-01	7.8701e-04	3.2186e-29	9.5590e-09	2.7649e-04	1.5424e-01	8.4129e-01	3.4171e-08	5.8896e-04	9.6040e-01	3.7849e-02	1.0869e-03	7.5540e-05	1.4387e-36	0.00e+00	0.00e+00	4.8351e+00
9.32525e+16	1.1948e+04	5.156e-14	1.0000e+05	1.0875e+05	2.6805e-19	2.1878e-04	9.9978e-01	8.6347e-05	9.9914e-01	7.7296e-04	3.5501e-29	9.8895e-09	2.8317e-04	1.5595e-01	8.3969e-01	3.5884e-08	5.9467e-04	9.6071e-01	3.7545e-02	1.0706e-03	7.3547e-05	1.6110e-36	0.00e+00	0.00e+00	4.9733e+00
9.42525e+16	1.2005e+04	5.213e-14	1.0000e+05	1.0874e+05	2.8165e-19	2.2698e-04	9.9977e-01	8.7914e-05	9.9915e-01	7.5957e-04	3.9222e-29	1.0255e-08	2.9031e-04	1.5770e-01	8.3804e-01	3.7784e-08	6.0098e-04	9.6100e-01	3.7267e-02	1.0550e-03	7.1652e-05	1.7857e-36	0.00e+00	0.00e+00	5.1166e+00
9.52525e+16	1.2046e+04	5.276e-14	1.0000e+05	1.0874e+05	2.9932e-19	2.3572e-04	9.9976e-01	8.9121e-05	9.9916e-01	7.4601e-04	4.3627e-29	1.0614e-08	2.9779e-04	1.5957e-01	8.3626e-01	3.9801e-08	6.0719e-04	9.6131e-01	3.6973e-02	1.0390e-03	6.9759e-05	2.0333e-36	0.00e+00	0.00e+00	5.2654e+00
9.62525e+16	1.2119e+04	5.332e-14	1.0000e+05	1.0874e+05	3.1472e-19	2.4486e-04	9.9976e-01	9.0653e-05	9.9918e-01	7.3405e-04	4.8499e-29	1.1016e-08	3.0542e-04	1.6136e-01	8.3457e-01	4.2046e-08	6.1395e-04	9.6162e-01	3.6674e-02	1.0248e-03	6.7917e-05	2.2788e-36	0.00e+00	0.00e+00	5.4200e+00
9.72525e+16	1.2161e+04	5.404e-14	1.0000e+05	1.0874e+05	3.3531e-19	2.5520e-04	9.9974e-01	9.2273e-05	9.9919e-01	7.2113e-04	5.4585e-29	1.1462e-08	3.1423e-04	1.6344e-01	8.3258e-01	4.4614e-08	6.2175e-04	9.6204e-01	3.6256e-02	1.0096e-03	6.5877e-05	2.6064e-36	0.00e+00	0.00e+00	5.5811e+00
9.82525e+16	1.2212e+04	5.473e-14	1.0000e+05	1.0874e+05	3.5739e-19	2.6570e-04	9.9973e-01	9.3766e-05	9.9920e-01	7.0908e-04	6.1350e-29	1.1894e-08	3.2291e-04	1.6548e-01	8.3063e-01	4.7252e-08	6.2891e-04	9.6231e-01	3.5997e-02	9.9511e-04	6.4174e-05	3.0050e-36	0.00e+00	0.00e+00	5.7489e+00
9.92525e+16	1.2268e+04	5.518e-14	1.0000e+05	1.0874e+05	3.7519e-19	2.7480e-04	9.9973e-01	9.5259e-05	9.9921e-01	6.9739e-04	6.8217e-29	1.2342e-08	3.3238e-04	1.6759e-01	8.2860e-01	4.9842e-08	6.3681e-04	9.6264e-01	3.5674e-02	9.8113e-04	6.2439e-05	3.3669e-36	0.00e+00	0.00e+00	5.9224e+00
9.98762e+16	1.2283e+04	5.557e-14	1.0000e+05	1.0874e+05	3.8491e-19	2.8129e-04	9.9972e-01	9.6840e-05	9.9921e-01	6.9111e-04	7.3151e-29	1.2683e-08	3.3965e-04	1.6916e-01	8.2707e-01	5.1865e-08	6.4444e-04	9.6291e-01	3.5407e-02	9.7377e-04	6.1374e-05	3.5432e-36	0.00e+00	0.00e+00	5.9663e+00
###########################
9.65737e+12	1.9558e+04	6.510e-14	1.0000e+05	1.1742e+05	1.6860e-20	5.3572e-05	9.9995e-01	2.9750e-07	5.7135e-03	9.9429e-01	2.1844e-34	1.3193e-10	3.6760e-06	2.9009e-03	6.7110e-02	1.1731e-11	6.7941e-07	1.5423e-03	1.3627e-01	4.5719e-01	3.1543e-01	1.1755e-36	0.00e+00	0.00e+00	6.5317e-04
5.79442e+13	1.9522e+04	6.488e-14	1.0000e+05	1.1742e+05	1.7774e-20	5.3453e-05	9.9995e-01	2.9704e-07	5.7113e-03	9.9429e-01	2.0769e-34	1.2014e-10	3.6543e-06	2.8953e-03	6.7335e-02	1.1683e-11	6.8045e-07	1.5519e-03	1.3682e-01	4.5861e-01	3.1480e-01	1.1755e-36	0.00e+00	0.00e+00	3.2601e-03
2.51092e+14	1.9449e+04	6.447e-14	1.0000e+05	1.1742e+05	1.7598e-20	5.3287e-05	9.9995e-01	2.9770e-07	5.7265e-03	9.9427e-01	2.0830e-34	1.1833e-10	3.6690e-06	2.9249e-03	6.8182e-02	1.1786e-11	6.8959e-07	1.5919e-03	1.3872e-01	4.6093e-01	3.1319e-01	1.1755e-36	0.00e+00	0.00e+00	1.3655e-02
1.02368e+15	1.9299e+04	6.368e-14	1.0000e+05	1.1742e+05	1.6868e-20	5.2669e-05	9.9995e-01	2.9861e-07	5.8200e-03	9.9418e-01	2.0963e-34	1.1494e-10	3.7453e-06	3.0551e-03	7.0973e-02	1.1966e-11	7.1156e-07	1.7358e-03	1.4501e-01	4.6728e-01	3.0593e-01	1.1755e-36	0.00e+00	0.00e+00	5.4753e-02
2.44525e+15	1.8956e+04	6.128e-14	1.0000e+05	1.1741e+05	1.5425e-20	4.9590e-05	9.9995e-01	2.7989e-07	5.6801e-03	9.9432e-01	1.6749e-34	9.5525e-11	3.6152e-06	3.1245e-03	7.4786e-02	1.1164e-11	7.0250e-07	1.9222e-03	1.5322e-01	4.7622e-01	2.9573e-01	1.1755e-36	0.00e+00	0.00e+00	1.0506e-01
4.29328e+15	1.8636e+04	5.931e-14	1.0000e+05	1.1741e+05	1.4247e-20	4.7043e-05	9.9995e-01	2.6986e-07	5.6849e-03	9.9431e-01	1.4847e-34	8.5434e-11	3.6052e-06	3.2789e-03	7.9612e-02	1.1037e-11	7.2875e-07	2.1922e-03	1.6463e-01	4.8741e-01	2.8137e-01	1.1755e-36	0.00e+00	0.00e+00	1.6709e-01
6.69572e+15	1.8312e+04	5.759e-14	1.0000e+05	1.1741e+05	1.3273e-20	4.4714e-05	9.9996e-01	2.6718e-07	5.8587e-03	9.9414e-01	1.4271e-34	8.0988e-11	3.7206e-06	3.5634e-03	8.6353e-02	1.1485e-11	7.9469e-07	2.6193e-03	1.8116e-01	5.0056e-01	2.6127e-01	1.1755e-36	0.00e+00	0.00e+00	2.4375e-01
9.30239e+15	1.8006e+04	5.604e-14	1.0000e+05	1.1740e+05	1.2113e-20	4.2062e-05	9.9996e-01	2.6423e-07	6.0995e-03	9.9390e-01	1.3118e-34	7.7356e-11	3.8371e-06	3.9010e-03	9.3886e-02	1.1790e-11	8.6324e-07	3.1471e-03	1.9964e-01	5.1209e-01	2.3974e-01	1.1755e-36	0.00e+00	0.00e+00	3.1006e-01
1.15338e+16	1.7789e+04	5.508e-14	1.0000e+05	1.1739e+05	1.1215e-20	4.0108e-05	9.9996e-01	2.6765e-07	6.4270e-03	9.9357e-01	1.2842e-34	7.7091e-11	4.0099e-06	4.2676e-03	1.0099e-01	1.2367e-11	9.4615e-07	3.7115e-03	2.1721e-01	5.1951e-01	2.2088e-01	1.1755e-36	0.00e+00	0.00e+00	3.5982e-01
1.34119e+16	1.7641e+04	5.452e-14	1.0000e+05	1.1739e+05	1.0706e-20	3.8989e-05	9.9996e-01	2.7898e-07	6.8551e-03	9.9314e-01	1.4032e-34	8.0753e-11	4.2931e-06	4.6938e-03	1.0816e-01	1.3563e-11	1.0643e-06	4.3473e-03	2.3477e-01	5.2350e-01	2.0391e-01	1.1755e-36	0.00e+00	0.00e+00	4.0390e-01
1.52011e+16	1.7513e+04	5.414e-14	1.0000e+05	1.1738e+05	1.0377e-20	3.8235e-05	9.9996e-01	2.9699e-07	7.4058e-03	9.9259e-01	1.6380e-34	8.7327e-11	4.6883e-06	5.2185e-03	1.1626e-01	1.5386e-11	1.2272e-06	5.1380e-03	2.5409e-01	5.2480e-01	1.8708e-01	1.1755e-36	0.00e+00	0.00e+00	4.4704e-01
1.69626e+16	1.7361e+04	5.393e-14	1.0000e+05	1.1737e+05	1.0176e-20	3.7654e-05	9.9996e-01	3.2224e-07	8.1139e-03	9.9189e-01	2.0067e-34	9.5824e-11	5.1941e-06	5.8650e-03	1.2577e-01	1.7884e-11	1.4449e-06	6.1546e-03	2.7571e-01	5.2304e-01	1.7030e-01	1.1755e-36	0.00e+00	0.00e+00	4.8830e-01
1.86286e+16	1.7239e+04	5.379e-14	1.0000e+05	1.1736e+05	9.9221e-21	3.7135e-05	9.9996e-01	3.5482e-07	8.9713e-03	9.9103e-01	2.4993e-34	1.0689e-10	5.8172e-06	6.6301e-03	1.3627e-01	2.1126e-11	1.7234e-06	7.4031e-03	2.9849e-01	5.1831e-01	1.5445e-01	1.1755e-36	0.00e+00	0.00e+00	5.2571e-01
2.01734e+16	1.7126e+04	5.378e-14	1.0000e+05	1.1735e+05	9.8438e-21	3.6842e-05	9.9996e-01	3.9423e-07	1.0013e-02	9.8999e-01	3.2721e-34	1.2106e-10	6.5677e-06	7.5287e-03	1.4804e-01	2.5352e-11	2.0767e-06	8.9511e-03	3.2256e-01	5.1049e-01	1.3957e-01	1.1755e-36	0.00e+00	0.00e+00	5.6044e-01
2.14321e+16	1.7045e+04	5.387e-14	1.0000e+05	1.1733e+05	9.7027e-21	3.6458e-05	9.9996e-01	4.3482e-07	1.1093e-02	9.8891e-01	4.0794e-34	1.3464e-10	7.2920e-06	8.4120e-03	1.5899e-01	2.9605e-11	2.4405e-06	1.0569e-02	3.4362e-01	5.0155e-01	1.2792e-01	1.1755e-36	0.00e+00	0.00e+00	5.8401e-01
2.23561e+16	1.6984e+04	5.399e-14	1.0000e+05	1.1732e+05	9.6473e-21	3.6298e-05	9.9996e-01	4.7414e-07	1.2090e-02	9.8791e-01	5.0018e-34	1.4786e-10	7.9762e-06	9.2077e-03	1.6851e-01	3.3953e-11	2.8011e-06	1.2088e-02	3.6088e-01	4.9302e-01	1.1914e-01	1.1755e-36	0.00e+00	0.00e+00	6.0289e-01
2.33035e+16	1.6917e+04	5.411e-14	1.0000e+05	1.1731e+05	9.6786e-21	3.6334e-05	9.9996e-01	5.2738e-07	1.3332e-02	9.8667e-01	6.5122e-34	1.6599e-10	8.8927e-06	1.0204e-02	1.8013e-01	4.0270e-11	3.3046e-06	1.4048e-02	3.8078e-01	4.8215e-01	1.0966e-01	1.1755e-36	0.00e+00	0.00e+00	6.2745e-01
2.43142e+16	1.6823e+04	5.442e-14	1.0000e+05	1.1729e+05	9.6882e-21	3.6387e-05	9.9996e-01	5.9708e-07	1.5002e-02	9.8500e-01	8.6517e-34	1.8857e-10	1.0029e-05	1.1445e-02	1.9422e-01	4.8890e-11	3.9880e-06	1.6693e-02	4.0319e-01	4.6824e-01	9.9976e-02	1.1755e-36	0.00e+00	0.00e+00	6.4928e-01
2.51563e+16	1.6776e+04	5.474e-14	1.0000e+05	1.1727e+05	9.6926e-21	3.6332e-05	9.9996e-01	6.6988e-07	1.6765e-02	9.8323e-01	1.1201e-33	2.1133e-10	1.1155e-05	1.2686e-02	2.0772e-01	5.7970e-11	4.7133e-06	1.9514e-02	4.2311e-01	4.5459e-01	9.2007e-02	1.1755e-36	0.00e+00	0.00e+00	6.6611e-01
2.58379e+16	1.6729e+04	5.507e-14	1.0000e+05	1.1726e+05	9.7053e-21	3.6314e-05	9.9996e-01	7.4517e-07	1.8536e-02	9.8146e-01	1.4103e-33	2.3384e-10	1.2250e-05	1.3877e-02	2.2044e-01	6.7482e-11	5.4682e-06	2.2389e-02	4.4053e-01	4.4174e-01	8.5460e-02	1.1755e-36	0.00e+00	0.00e+00	6.8054e-01
2.64641e+16	1.6679e+04	5.546e-14	1.0000e+05	1.1724e+05	9.7469e-21	3.6295e-05	9.9996e-01	8.2748e-07	2.0482e-02	9.7952e-01	1.7527e-33	2.5638e-10	1.3376e-05	1.5133e-02	2.3375e-01	7.7595e-11	6.2831e-06	2.5601e-02	4.5747e-01	4.2846e-01	7.9389e-02	1.1755e-36	0.00e+00	0.00e+00	6.9481e-01
2.71805e+16	1.6607e+04	5.589e-14	1.0000e+05	1.1721e+05	9.8901e-21	3.6649e-05	9.9996e-01	9.5661e-07	2.3296e-02	9.7670e-01	2.4748e-33	2.9452e-10	1.5186e-05	1.6881e-02	2.5179e-01	9.7215e-11	7.7333e-06	3.0334e-02	4.7856e-01	4.1075e-01	7.2194e-02	1.1755e-36	0.00e+00	0.00e+00	7.1355e-01
2.79006e+16	1.6539e+04	5.667e-14	1.0000e+05	1.1719e+05	9.9365e-21	3.6605e-05	9.9996e-01	1.1134e-06	2.6959e-02	9.7304e-01	3.2751e-33	3.3102e-10	1.6998e-05	1.8893e-02	2.7229e-01	1.1712e-10	9.3209e-06	3.6442e-02	5.0000e-01	3.9094e-01	6.5304e-02	1.1755e-36	0.00e+00	0.00e+00	7.2811e-01
2.84442e+16	1.6518e+04	5.725e-14	1.0000e+05	1.1715e+05	9.9938e-21	3.6848e-05	9.9996e-01	1.2838e-06	3.0725e-02	9.6927e-01	4.4612e-33	3.7443e-10	1.9010e-05	2.0787e-02	2.9077e-01	1.4477e-10	1.1334e-05	4.2719e-02	5.1719e-01	3.7348e-01	5.9939e-02	1.1755e-36	0.00e+00	0.00e+00	7.3875e-01
2.88684e+16	1.6449e+04	5.798e-14	1.0000e+05	1.1712e+05	1.0098e-20	3.6922e-05	9.9996e-01	1.4427e-06	3.4330e-02	9.6567e-01	5.5152e-33	4.0591e-10	2.0578e-05	2.2463e-02	3.0755e-01	1.6650e-10	1.3012e-05	4.8766e-02	5.3114e-01	3.5825e-01	5.5670e-02	1.1755e-36	0.00e+00	0.00e+00	7.4786e-01
2.93181e+16	1.6392e+04	5.867e-14	1.0000e+05	1.1708e+05	1.0213e-20	3.7157e-05	9.9996e-01	1.6547e-06	3.8944e-02	9.6105e-01	7.2311e-33	4.4977e-10	2.2665e-05	2.4510e-02	3.2772e-01	1.9934e-10	1.5427e-05	5.6612e-02	5.4621e-01	3.4055e-01	5.0993e-02	1.1755e-36	0.00e+00	0.00e+00	7.5979e-01
2.98011e+16	1.6336e+04	5.966e-14	1.0000e+05	1.1703e+05	1.0324e-20	3.7360e-05	9.9996e-01	1.9540e-06	4.5437e-02	9.5456e-01	9.8331e-33	5.0436e-10	2.5255e-05	2.7033e-02	3.5219e-01	2.4570e-10	1.8828e-05	6.7479e-02	5.6186e-01	3.1957e-01	4.6028e-02	1.1755e-36	0.00e+00	0.00e+00	7.7058e-01
3.02031e+16	1.6287e+04	6.067e-14	1.0000e+05	1.1694e+05	1.0422e-20	3.7772e-05	9.9996e-01	2.3042e-06	5.2875e-02	9.4712e-01	1.3518e-32	5.6561e-10	2.8124e-05	2.9532e-02	3.7634e-01	3.0929e-10	2.3246e-05	7.9728e-02	5.7440e-01	2.9954e-01	4.1748e-02	1.1755e-36	0.00e+00	0.00e+00	7.7884e-01
3.05165e+16	1.6232e+04	6.172e-14	1.0000e+05	1.1689e+05	1.0537e-20	3.7825e-05	9.9996e-01	2.6405e-06	6.0168e-02	9.3983e-01	1.6737e-32	6.1027e-10	3.0265e-05	3.1755e-02	3.9783e-01	3.5698e-10	2.6805e-05	9.1622e-02	5.8348e-01	2.8235e-01	3.8336e-02	1.1755e-36	0.00e+00	0.00e+00	7.8553e-01
3.07930e+16	1.6189e+04	6.262e-14	1.0000e+05	1.1680e+05	1.0601e-20	3.8191e-05	9.9996e-01	3.0277e-06	6.8262e-02	9.3173e-01	2.1474e-32	6.6556e-10	3.2864e-05	3.3950e-02	4.1914e-01	4.2964e-10	3.1753e-05	1.0467e-01	5.9049e-01	2.6575e-01	3.5222e-02	1.1755e-36	0.00e+00	0.00e+00	7.9211e-01
3.11068e+16	1.6116e+04	6.378e-14	1.0000e+05	1.1672e+05	1.0754e-20	3.8494e-05	9.9996e-01	3.5723e-06	7.9483e-02	9.2051e-01	2.8282e-32	7.3016e-10	3.5926e-05	3.6734e-02	4.4611e-01	5.2115e-10	3.8111e-05	1.2259e-01	5.9689e-01	2.4544e-01	3.1616e-02	1.1755e-36	0.00e+00	0.00e+00	8.0073e-01
3.14304e+16	1.6042e+04	6.537e-14	1.0000e+05	1.1659e+05	1.0862e-20	3.8812e-05	9.9996e-01	4.3344e-06	9.5338e-02	9.0466e-01	3.7881e-32	8.0458e-10	3.9471e-05	3.9961e-02	4.7749e-01	6.4696e-10	4.6805e-05	1.4685e-01	5.9996e-01	2.2228e-01	2.7858e-02	1.1755e-36	0.00e+00	0.00e+00	8.0789e-01
3.16800e+16	1.5970e+04	6.691e-14	1.0000e+05	1.1648e+05	1.0979e-20	3.8987e-05	9.9996e-01	5.1345e-06	1.1203e-01	8.8797e-01	4.7482e-32	8.6579e-10	4.2406e-05	4.2843e-02	5.0547e-01	7.6267e-10	5.5000e-05	1.7139e-01	5.9885e-01	2.0220e-01	2.4830e-02	1.1755e-36	0.00e+00	0.00e+00	8.1299e-01
3.18690e+16	1.5931e+04	6.804e-14	1.0000e+05	1.1629e+05	1.0951e-20	3.9349e-05	9.9996e-01	5.9099e-06	1.2814e-01	8.7185e-01	5.8104e-32	9.2579e-10	4.5279e-05	4.5166e-02	5.2879e-01	9.0478e-10	6.4368e-05	1.9424e-01	5.9496e-01	1.8584e-01	2.2479e-02	1.1755e-36	0.00e+00	0.00e+00	8.1724e-01
3.20659e+16	1.5837e+04	6.931e-14	1.0000e+05	1.1610e+05	1.0982e-20	3.9726e-05	9.9996e-01	6.8994e-06	1.4818e-01	8.5181e-01	7.0660e-32	9.8788e-10	4.8304e-05	4.7800e-02	5.5508e-01	1.0648e-09	7.5034e-05	2.2185e-01	5.8800e-01	1.6794e-01	1.9995e-02	1.1755e-36	0.00e+00	0.00e+00	8.2282e-01
3.22786e+16	1.5741e+04	7.086e-14	1.0000e+05	1.1586e+05	1.1073e-20	4.0127e-05	9.9996e-01	8.2833e-06	1.7626e-01	8.2373e-01	8.8583e-32	1.0585e-09	5.1756e-05	5.0823e-02	5.8547e-01	1.2778e-09	8.9186e-05	2.5824e-01	5.7497e-01	1.4754e-01	1.7322e-02	1.1755e-36	0.00e+00	0.00e+00	8.2796e-01
3.24574e+16	1.5641e+04	7.232e-14	1.0000e+05	1.1567e+05	1.1344e-20	4.0530e-05	9.9996e-01	9.8476e-06	2.0746e-01	7.9253e-01	1.1124e-31	1.1248e-09	5.5012e-05	5.3649e-02	6.1355e-01	1.5056e-09	1.0415e-04	2.9607e-01	5.5813e-01	1.2909e-01	1.5019e-02	1.1755e-36	0.00e+00	0.00e+00	8.3192e-01
3.25982e+16	1.5537e+04	7.345e-14	1.0000e+05	1.1543e+05	1.1507e-20	4.0843e-05	9.9996e-01	1.1387e-05	2.3766e-01	7.6232e-01	1.2994e-31	1.1744e-09	5.7474e-05	5.5931e-02	6.3696e-01	1.7010e-09	1.1716e-04	3.3058e-01	5.4056e-01	1.1415e-01	1.3223e-02	1.1755e-36	0.00e+00	0.00e+00	8.3519e-01
3.27243e+16	1.5454e+04	7.421e-14	1.0000e+05	1.1510e+05	1.1810e-20	4.1290e-05	9.9996e-01	1.2932e-05	2.6916e-01	7.3083e-01	1.5588e-31	1.2220e-09	5.9946e-05	5.7889e-02	6.5819e-01	1.9358e-09	1.3198e-04	3.6451e-01	5.2153e-01	1.0094e-01	1.1677e-02	1.1755e-36	0.00e+00	0.00e+00	8.3846e-01
3.28684e+16	1.5331e+04	7.484e-14	1.0000e+05	1.1471e+05	1.2129e-20	4.1772e-05	9.9996e-01	1.5009e-05	3.1013e-01	6.8986e-01	1.8684e-31	1.2749e-09	6.2640e-05	6.0168e-02	6.8243e-01	2.2104e-09	1.4945e-04	4.0621e-01	4.9634e-01	8.6285e-02	9.9970e-03	1.1755e-36	0.00e+00	0.00e+00	8.4275e-01
3.30222e+16	1.5153e+04	7.538e-14	1.0000e+05	1.1424e+05	1.2581e-20	4.2415e-05	9.9996e-01	1.7723e-05	3.6318e-01	6.3680e-01	2.2701e-31	1.3291e-09	6.5563e-05	6.2597e-02	7.0856e-01	2.5491e-09	1.7062e-04	4.5570e-01	4.6394e-01	7.1055e-02	8.3091e-03	1.1755e-36	0.00e+00	0.00e+00	8.4663e-01
3.31508e+16	1.4991e+04	7.543e-14	1.0000e+05	1.1381e+05	1.3044e-20	4.3016e-05	9.9996e-01	2.0418e-05	4.1495e-01	5.8503e-01	2.6661e-31	1.3739e-09	6.7963e-05	6.4582e-02	7.3017e-01	2.8619e-09	1.8989e-04	5.0021e-01	4.3290e-01	5.9015e-02	7.0023e-03	1.1755e-36	0.00e+00	0.00e+00	8.4968e-01
3.32577e+16	1.4828e+04	7.514e-14	1.0000e+05	1.1349e+05	1.3516e-20	4.3624e-05	9.9996e-01	2.2912e-05	4.6170e-01	5.3828e-01	3.0519e-31	1.4137e-09	7.0108e-05	6.6248e-02	7.4738e-01	3.1475e-09	2.0697e-04	5.3798e-01	4.0539e-01	4.9845e-02	6.0142e-03	1.1755e-36	0.00e+00	0.00e+00	8.5248e-01
3.33743e+16	1.4659e+04	7.420e-14	1.0000e+05	1.1296e+05	1.4019e-20	4.4242e-05	9.9996e-01	2.5638e-05	5.1294e-01	4.8703e-01	3.4706e-31	1.4479e-09	7.1993e-05	6.7746e-02	7.6433e-01	3.4470e-09	2.2479e-04	5.7739e-01	3.7557e-01	4.1261e-02	5.0957e-03	1.1755e-36	0.00e+00	0.00e+00	8.5616e-01
3.35258e+16	1.4367e+04	7.261e-14	1.0000e+05	1.1241e+05	1.4898e-20	4.5290e-05	9.9995e-01	2.9449e-05	5.8080e-01	4.1917e-01	4.1226e-31	1.4972e-09	7.4751e-05	6.9713e-02	7.8413e-01	3.8670e-09	2.4852e-04	6.2655e-01	3.3689e-01	3.1863e-02	4.0887e-03	1.1755e-36	0.00e+00	0.00e+00	8.6106e-01
3.36795e+16	1.4072e+04	7.040e-14	1.0000e+05	1.1182e+05	1.5848e-20	4.6326e-05	9.9995e-01	3.3345e-05	6.4937e-01	3.5059e-01	4.8041e-31	1.5427e-09	7.7294e-05	7.1497e-02	8.0147e-01	4.2786e-09	2.7125e-04	6.7287e-01	2.9899e-01	2.4324e-02	3.2792e-03	1.1755e-36	0.00e+00	0.00e+00	8.6504e-01
3.38033e+16	1.3827e+04	6.828e-14	1.0000e+05	1.1137e+05	1.6671e-20	4.7180e-05	9.9995e-01	3.6307e-05	6.9981e-01	3.0016e-01	5.3723e-31	1.5790e-09	7.9287e-05	7.2817e-02	8.1312e-01	4.5971e-09	2.8817e-04	7.0584e-01	2.7122e-01	1.9668e-02	2.7684e-03	1.1755e-36	0.00e+00	0.00e+00	8.6836e-01
3.39314e+16	1.3574e+04	6.596e-14	1.0000e+05	1.1098e+05	1.7588e-20	4.8103e-05	9.9995e-01	3.9109e-05	7.4477e-01	2.5519e-01	6.0053e-31	1.6208e-09	8.1440e-05	7.4136e-02	8.2292e-01	4.9182e-09	3.0442e-04	7.3537e-01	2.4579e-01	1.6010e-02	2.3518e-03	1.1755e-36	0.00e+00	0.00e+00	8.7276e-01
3.40979e+16	1.3263e+04	6.302e-14	1.0000e+05	1.1056e+05	1.8806e-20	4.9259e-05	9.9995e-01	4.2311e-05	7.9349e-01	2.0647e-01	6.8393e-31	1.6767e-09	8.4191e-05	7.5750e-02	8.3288e-01	5.3020e-09	3.2300e-04	7.6729e-01	2.1771e-01	1.2599e-02	1.9456e-03	1.1755e-36	0.00e+00	0.00e+00	8.7862e-01
3.42823e+16	1.2958e+04	6.006e-14	1.0000e+05	1.1019e+05	2.0114e-20	5.0403e-05	9.9995e-01	4.5254e-05	8.3625e-01	1.6371e-01	7.7126e-31	1.7356e-09	8.6988e-05	7.7358e-02	8.4112e-01	5.6686e-09	3.4002e-04	7.9526e-01	1.9262e-01	1.0057e-02	1.6249e-03	1.1755e-36	0.00e+00	0.00e+00	8.8437e-01
3.44616e+16	1.2700e+04	5.752e-14	1.0000e+05	1.0992e+05	2.1321e-20	5.1394e-05	9.9995e-01	4.7549e-05	8.6751e-01	1.3244e-01	8.5161e-31	1.7908e-09	8.9510e-05	7.8770e-02	8.4696e-01	5.9759e-09	3.5366e-04	8.1636e-01	1.7339e-01	8.4157e-03	1.4015e-03	1.1755e-36	0.00e+00	0.00e+00	8.9014e-01
3.46661e+16	1.2448e+04	5.505e-14	1.0000e+05	1.0969e+05	2.2645e-20	5.2428e-05	9.9995e-01	4.9653e-05	8.9382e-01	1.0614e-01	9.4146e-31	1.8536e-09	9.2266e-05	8.0266e-02	8.5180e-01	6.2879e-09	3.6685e-04	8.3520e-01	1.5599e-01	7.1564e-03	1.2139e-03	1.1755e-36	0.00e+00	0.00e+00	8.9780e-01
3.49321e+16	1.2184e+04	5.246e-14	1.0000e+05	1.0948e+05	2.4189e-20	5.3563e-05	9.9995e-01	5.1734e-05	9.1787e-01	8.2076e-02	1.0463e-30	1.9278e-09	9.5419e-05	8.1961e-02	8.5619e-01	6.6218e-09	3.8035e-04	8.5337e-01	1.3903e-01	6.1155e-03	1.0430e-03	1.1755e-36	0.00e+00	0.00e+00	9.0797e-01
3.52778e+16	1.1923e+04	4.992e-14	1.0000e+05	1.0930e+05	2.5918e-20	5.4764e-05	9.9995e-01	5.3672e-05	9.3829e-01	6.1661e-02	1.1633e-30	2.0115e-09	9.8874e-05	8.3804e-02	8.5995e-01	6.9635e-09	3.9349e-04	8.6993e-01	1.2343e-01	5.3057e-03	8.9402e-04	1.1755e-36	0.00e+00	0.00e+00	9.2149e-01
3.57273e+16	1.1676e+04	4.754e-14	1.0000e+05	1.0916e+05	2.7781e-20	5.5996e-05	9.9994e-01	5.5391e-05	9.5450e-01	4.5444e-02	1.2886e-30	2.1023e-09	1.0252e-04	8.5744e-02	8.6307e-01	7.3002e-09	4.0571e-04	8.8434e-01	1.0975e-01	4.6993e-03	7.6858e-04	1.1755e-36	0.00e+00	0.00e+00	9.3947e-01
3.63116e+16	1.1452e+04	4.541e-14	1.0000e+05	1.0905e+05	2.9740e-20	5.7252e-05	9.9994e-01	5.6877e-05	9.6681e-01	3.3136e-02	1.4195e-30	2.1985e-09	1.0628e-04	8.7747e-02	8.6563e-01	7.6263e-09	4.1679e-04	8.9656e-01	9.8076e-02	4.2471e-03	6.6431e-04	1.1755e-36	0.00e+00	0.00e+00	9.6336e-01
3.70711e+16	1.1256e+04	4.356e-14	1.0000e+05	1.0897e+05	3.1766e-20	5.8548e-05	9.9994e-01	5.8150e-05	9.7593e-01	2.4013e-02	1.5541e-30	2.2999e-09	1.1012e-04	8.9804e-02	8.6776e-01	7.9420e-09	4.2669e-04	9.0677e-01	8.8292e-02	3.9007e-03	5.7785e-04	1.1755e-36	0.00e+00	0.00e+00	9.9512e-01
3.80586e+16	1.1087e+04	4.200e-14	1.0000e+05	1.0891e+05	3.3886e-20	5.9926e-05	9.9994e-01	5.9258e-05	9.8262e-01	1.7322e-02	1.6947e-30	2.4082e-09	1.1409e-04	9.1947e-02	8.6959e-01	8.2543e-09	4.3554e-04	9.1529e-01	8.0122e-02	3.6210e-03	5.0537e-04	1.1755e-36	0.00e+00	0.00e+00	1.0374e+00
3.93423e+16	1.0949e+04	4.072e-14	1.0000e+05	1.0887e+05	3.5995e-20	6.1461e-05	9.9994e-01	6.0228e-05	9.8749e-01	1.2453e-02	1.8382e-30	2.5264e-09	1.1826e-04	9.4207e-02	8.7120e-01	8.5761e-09	4.4362e-04	9.2256e-01	7.3156e-02	3.3785e-03	4.4276e-04	1.1755e-36	0.00e+00	0.00e+00	1.0937e+00
4.10110e+16	1.0834e+04	3.972e-14	1.0000e+05	1.0884e+05	3.8503e-20	6.3289e-05	9.9994e-01	6.1126e-05	9.9100e-01	8.9392e-03	2.0064e-30	2.6614e-09	1.2282e-04	9.6688e-02	8.7259e-01	8.9249e-09	4.5106e-04	9.2851e-01	6.7474e-02	3.1526e-03	3.8903e-04	1.1755e-36	0.00e+00	0.00e+00	1.1691e+00
4.31805e+16	1.0753e+04	3.898e-14	1.0000e+05	1.0881e+05	4.1010e-20	6.5549e-05	9.9993e-01	6.1981e-05	9.9351e-01	6.4289e-03	2.1856e-30	2.8193e-09	1.2788e-04	9.9424e-02	8.7376e-01	9.3219e-09	4.5808e-04	9.3361e-01	6.2649e-02	2.9282e-03	3.4078e-04	1.1755e-36	0.00e+00	0.00e+00	1.2707e+00
4.60007e+16	1.0699e+04	3.850e-14	1.0000e+05	1.0880e+05	4.4618e-20	6.8566e-05	9.9993e-01	6.2939e-05	9.9530e-01	4.6389e-03	2.4431e-30	3.0207e-09	1.3393e-04	1.0263e-01	8.7451e-01	9.8244e-09	4.6561e-04	9.3835e-01	5.8185e-02	2.6926e-03	2.9481e-04	1.1755e-36	0.00e+00	0.00e+00	1.4088e+00
4.96670e+16	1.0678e+04	3.833e-14	1.0000e+05	1.0879e+05	4.9060e-20	7.2784e-05	9.9993e-01	6.4034e-05	9.9658e-01	3.3609e-03	2.7836e-30	3.2855e-09	1.4141e-04	1.0647e-01	8.7461e-01	1.0489e-08	4.7376e-04	9.4258e-01	5.4244e-02	2.4401e-03	2.5166e-04	1.1755e-36	0.00e+00	0.00e+00	1.5993e+00
5.41523e+16	1.0698e+04	3.852e-14	1.0000e+05	1.0878e+05	5.5437e-20	7.8572e-05	9.9992e-01	6.5281e-05	9.9745e-01	2.4896e-03	3.2750e-30	3.6233e-09	1.5035e-04	1.1089e-01	8.7375e-01	1.1355e-08	4.8240e-04	9.4629e-01	5.0814e-02	2.1870e-03	2.1292e-04	1.1755e-36	0.00e+00	0.00e+00	1.8388e+00
5.87371e+16	1.0758e+04	3.908e-14	1.0000e+05	1.0877e+05	6.2510e-20	8.5497e-05	9.9991e-01	6.6491e-05	9.9797e-01	1.9636e-03	3.8341e-30	3.9876e-09	1.5932e-04	1.1520e-01	8.7212e-01	1.2336e-08	4.9020e-04	9.4905e-01	4.8292e-02	1.9776e-03	1.8367e-04	1.1755e-36	0.00e+00	0.00e+00	2.0734e+00
6.28634e+16	1.0838e+04	3.983e-14	1.0000e+05	1.0877e+05	7.0624e-20	9.2949e-05	9.9991e-01	6.7777e-05	9.9828e-01	1.6493e-03	4.5178e-30	4.3608e-09	1.6804e-04	1.1909e-01	8.7010e-01	1.3392e-08	4.9759e-04	9.5105e-01	4.6472e-02	1.8153e-03	1.6240e-04	1.1755e-36	0.00e+00	0.00e+00	2.3028e+00
6.65770e+16	1.0925e+04	4.070e-14	1.0000e+05	1.0877e+05	8.1340e-20	1.0084e-04	9.9990e-01	6.9031e-05	9.9849e-01	1.4415e-03	5.4158e-30	4.7398e-09	1.7660e-04	1.2269e-01	8.6787e-01	1.4513e-08	5.0450e-04	9.5249e-01	4.5163e-02	1.6859e-03	1.4648e-04	1.1755e-36	0.00e+00	0.00e+00	2.5269e+00
6.99193e+16	1.1019e+04	4.160e-14	1.0000e+05	1.0876e+05	9.0627e-20	1.0907e-04	9.9989e-01	7.0354e-05	9.9863e-01	1.2957e-03	6.3431e-30	5.1253e-09	1.8506e-04	1.2603e-01	8.6556e-01	1.5719e-08	5.1159e-04	9.5376e-01	4.4004e-02	1.5816e-03	1.3363e-04	1.1755e-36	0.00e+00	0.00e+00	2.7450e+00
7.29274e+16	1.1119e+04	4.251e-14	1.0000e+05	1.0876e+05	1.0068e-19	1.1748e-04	9.9988e-01	7.1682e-05	9.9874e-01	1.1886e-03	7.4149e-30	5.5075e-09	1.9324e-04	1.2908e-01	8.6329e-01	1.6981e-08	5.1836e-04	9.5480e-01	4.3056e-02	1.4965e-03	1.2335e-04	1.1755e-36	0.00e+00	0.00e+00	2.9564e+00
7.56346e+16	1.1195e+04	4.348e-14	1.0000e+05	1.0876e+05	1.1291e-19	1.2617e-04	9.9987e-01	7.2934e-05	9.9882e-01	1.1052e-03	8.7202e-30	5.8875e-09	2.0157e-04	1.3208e-01	8.6092e-01	1.8318e-08	5.2523e-04	9.5558e-01	4.2356e-02	1.4245e-03	1.1519e-04	1.1755e-36	0.00e+00	0.00e+00	3.1607e+00
7.80712e+16	1.1296e+04	4.435e-14	1.0000e+05	1.0876e+05	1.2342e-19	1.3483e-04	9.9987e-01	7.4383e-05	9.9888e-01	1.0415e-03	1.0091e-29	6.2826e-09	2.0960e-04	1.3478e-01	8.5871e-01	1.9719e-08	5.3211e-04	9.5638e-01	4.1608e-02	1.3659e-03	1.0807e-04	1.1755e-36	0.00e+00	0.00e+00	3.3573e+00
8.02641e+16	1.1376e+04	4.523e-14	1.0000e+05	1.0876e+05	1.3617e-19	1.4355e-04	9.9986e-01	7.5750e-05	9.9893e-01	9.8953e-04	1.1723e-29	6.6677e-09	2.1761e-04	1.3739e-01	8.5650e-01	2.1169e-08	5.3893e-04	9.5706e-01	4.0978e-02	1.3155e-03	1.0214e-04	1.1755e-36	0.00e+00	0.00e+00	3.5456e+00
8.22376e+16	1.1451e+04	4.607e-14	1.0000e+05	1.0875e+05	1.4856e-19	1.5211e-04	9.9985e-01	7.6911e-05	9.9898e-01	9.4722e-04	1.3433e-29	7.0236e-09	2.2519e-04	1.3981e-01	8.5442e-01	2.2614e-08	5.4508e-04	9.5750e-01	4.0582e-02	1.2727e-03	9.7481e-05	1.1755e-36	0.00e+00	0.00e+00	3.7251e+00
8.40139e+16	1.1527e+04	4.686e-14	1.0000e+05	1.0875e+05	1.6126e-19	1.6051e-04	9.9984e-01	7.8141e-05	9.9901e-01	9.1269e-04	1.5333e-29	7.3868e-09	2.3263e-04	1.4207e-01	8.5242e-01	2.4103e-08	5.5136e-04	9.5798e-01	4.0131e-02	1.2364e-03	9.3271e-05	1.1755e-36	0.00e+00	0.00e+00	3.8957e+00
8.56125e+16	1.1596e+04	4.759e-14	1.0000e+05	1.0875e+05	1.7343e-19	1.6872e-04	9.9983e-01	7.9349e-05	9.9904e-01	8.8396e-04	1.7331e-29	7.7411e-09	2.3987e-04	1.4422e-01	8.5051e-01	2.5607e-08	5.5753e-04	9.5844e-01	3.9707e-02	1.2050e-03	8.9597e-05	1.1755e-36	0.00e+00	0.00e+00	4.0570e+00
8.70512e+16	1.1659e+04	4.828e-14	1.0000e+05	1.0875e+05	1.8701e-19	1.7665e-04	9.9982e-01	8.0518e-05	9.9906e-01	8.6002e-04	1.9563e-29	8.0825e-09	2.4683e-04	1.4622e-01	8.4870e-01	2.7109e-08	5.6346e-04	9.5883e-01	3.9340e-02	1.1779e-03	8.6445e-05	1.1755e-36	0.00e+00	0.00e+00	4.2090e+00
8.83461e+16	1.1717e+04	4.892e-14	1.0000e+05	1.0875e+05	2.0042e-19	1.8429e-04	9.9982e-01	8.1643e-05	9.9908e-01	8.4000e-04	2.1908e-29	8.4114e-09	2.5353e-04	1.4809e-01	8.4699e-01	2.8599e-08	5.6919e-04	9.5918e-01	3.9006e-02	1.1542e-03	8.3693e-05	1.1755e-36	0.00e+00	0.00e+00	4.3518e+00
8.95115e+16	1.1770e+04	4.952e-14	1.0000e+05	1.0875e+05	2.1369e-19	1.9159e-04	9.9981e-01	8.2720e-05	9.9909e-01	8.2330e-04	2.4354e-29	8.7266e-09	2.5993e-04	1.4985e-01	8.4538e-01	3.0069e-08	5.7469e-04	9.5953e-01	3.8682e-02	1.1336e-03	8.1239e-05	1.1755e-36	0.00e+00	0.00e+00	4.4853e+00
9.05635e+16	1.1819e+04	5.007e-14	1.0000e+05	1.0875e+05	2.2644e-19	1.9855e-04	9.9980e-01	8.3742e-05	9.9911e-01	8.0949e-04	2.6859e-29	9.0270e-09	2.6602e-04	1.5148e-01	8.4387e-01	3.1508e-08	5.7993e-04	9.5984e-01	3.8383e-02	1.1156e-03	7.9069e-05	1.1755e-36	0.00e+00	0.00e+00	4.6107e+00
9.15635e+16	1.1866e+04	5.059e-14	1.0000e+05	1.0875e+05	2.3972e-19	2.0549e-04	9.9979e-01	8.4766e-05	9.9912e-01	7.9704e-04	2.9595e-29	9.3303e-09	2.7216e-04	1.5310e-01	8.4235e-01	3.2988e-08	5.8518e-04	9.6016e-01	3.8076e-02	1.0985e-03	7.6991e-05	1.2407e-36	0.00e+00	0.00e+00	4.7404e+00
9.25635e+16	1.1913e+04	5.113e-14	1.0000e+05	1.0875e+05	2.5389e-19	2.1280e-04	9.9979e-01	8.5824e-05	9.9913e-01	7.8265e-04	3.2684e-29	9.6493e-09	2.7863e-04	1.5478e-01	8.4079e-01	3.4585e-08	5.9069e-04	9.6050e-01	3.7754e-02	1.0818e-03	7.4932e-05	1.4121e-36	0.00e+00	0.00e+00	4.8748e+00
9.35635e+16	1.1960e+04	5.168e-14	1.0000e+05	1.0875e+05	2.6944e-19	2.2052e-04	9.9978e-01	8.6933e-05	9.9914e-01	7.6862e-04	3.6228e-29	9.9868e-09	2.8545e-04	1.5652e-01	8.3915e-01	3.6318e-08	5.9652e-04	9.6083e-01	3.7434e-02	1.0655e-03	7.2925e-05	1.6168e-36	0.00e+00	0.00e+00	5.0140e+00
9.45635e+16	1.2014e+04	5.223e-14	1.0000e+05	1.0874e+05	2.8514e-19	2.2867e-04	9.9977e-01	8.8369e-05	9.9916e-01	7.5526e-04	4.0254e-29	1.0359e-08	2.9274e-04	1.5830e-01	8.3746e-01	3.8237e-08	6.0295e-04	9.6114e-01	3.7138e-02	1.0498e-03	7.1014e-05	1.8400e-36	0.00e+00	0.00e+00	5.1584e+00
9.55635e+16	1.2054e+04	5.284e-14	1.0000e+05	1.0874e+05	3.0420e-19	2.3733e-04	9.9976e-01	8.9438e-05	9.9917e-01	7.4176e-04	4.4917e-29	1.0727e-08	3.0036e-04	1.6020e-01	8.3566e-01	4.0263e-08	6.0925e-04	9.6146e-01	3.6829e-02	1.0339e-03	6.9114e-05	2.1287e-36	0.00e+00	0.00e+00	5.3083e+00
9.65635e+16	1.2113e+04	5.340e-14	1.0000e+05	1.0874e+05	3.2395e-19	2.4648e-04	9.9975e-01	9.0838e-05	9.9918e-01	7.2933e-04	5.0416e-29	1.1145e-08	3.0847e-04	1.6211e-01	8.3384e-01	4.2551e-08	6.1648e-04	9.6183e-01	3.6462e-02	1.0192e-03	6.7161e-05	2.4772e-36	0.00e+00	0.00e+00	5.4639e+00
9.75635e+16	1.2154e+04	5.405e-14	1.0000e+05	1.0874e+05	3.4544e-19	2.5627e-04	9.9974e-01	9.2082e-05	9.9919e-01	7.1664e-04	5.6551e-29	1.1563e-08	3.1701e-04	1.6415e-01	8.3189e-01	4.4983e-08	6.2354e-04	9.6214e-01	3.6163e-02	1.0041e-03	6.5362e-05	2.8575e-36	0.00e+00	0.00e+00	5.6257e+00
9.85635e+16	1.2217e+04	5.466e-14	1.0000e+05	1.0874e+05	3.6962e-19	2.6680e-04	9.9973e-01	9.3746e-05	9.9920e-01	7.0499e-04	6.4195e-29	1.2050e-08	3.2628e-04	1.6625e-01	8.2988e-01	4.7799e-08	6.3193e-04	9.6254e-01	3.5769e-02	9.9022e-04	6.3444e-05	3.3770e-36	0.00e+00	0.00e+00	5.7941e+00
9.95317e+16	1.2257e+04	5.538e-14	1.0000e+05	1.0874e+05	3.9516e-19	2.7794e-04	9.9972e-01	9.5160e-05	9.9921e-01	6.9350e-04	7.2504e-29	1.2521e-08	3.3560e-04	1.6838e-01	8.2783e-01	5.0714e-08	6.3971e-04	9.6283e-01	3.5495e-02	9.7638e-04	6.1805e-05	3.9313e-36	0.00e+00	0.00e+00	5.9584e+00
