#depth	Te	Htot	hden	eden	2H_2/H	HI	HII	HeI	HeII	HeIII	CO/C	C1	C2	C3	C4	O1	O2	O3	O4	O5	O6	H2O/O	AV(point)	AV(extend)	Tau912
5.26837e+13	8.0288e+03	3.746e-21	2.7826e+01	2.8240e+01	5.0270e-10	8.1258e-02	9.1874e-01	7.8214e-02	8.3057e-01	9.1211e-02	5.8869e-13	1.7240e-02	6.1860e-01	3.6352e-01	6.4228e-04	9.1368e-02	8.3905e-01	6.9373e-02	2.0438e-04	6.3106e-07	1.1755e-36	2.1362e-20	0.00e+00	0.00e+00	1.5045e-03
3.16102e+14	8.0197e+03	3.718e-21	2.7826e+01	2.8040e+01	4.9859e-10	8.0635e-02	9.1937e-01	7.7714e-02	8.3050e-01	9.1787e-02	5.7370e-13	1.7029e-02	6.1726e-01	3.6506e-01	6.5048e-04	9.0624e-02	8.3918e-01	6.9986e-02	2.0763e-04	6.4351e-07	1.1755e-36	2.0553e-20	0.00e+00	0.00e+00	7.4763e-03
1.36978e+15	8.0037e+03	3.699e-21	2.7826e+01	2.8023e+01	5.0185e-10	8.0435e-02	9.1956e-01	7.7849e-02	8.3049e-01	9.1662e-02	5.7057e-13	1.6976e-02	6.1767e-01	3.6470e-01	6.5131e-04	9.0391e-02	8.3918e-01	7.0225e-02	2.0827e-04	6.4543e-07	1.1755e-36	2.0350e-20	0.00e+00	0.00e+00	3.1304e-02
5.58447e+15	7.9564e+03	3.656e-21	2.7826e+01	2.8014e+01	5.2225e-10	8.0598e-02	9.1940e-01	7.8565e-02	8.3053e-01	9.0903e-02	5.7509e-13	1.7039e-02	6.1964e-01	3.6268e-01	6.4406e-04	9.0601e-02	8.3893e-01	7.0263e-02	2.0570e-04	6.3805e-07	1.1755e-36	2.0458e-20	0.00e+00	0.00e+00	1.2681e-01
1.33395e+16	7.7877e+03	3.520e-21	2.7826e+01	2.8076e+01	5.4728e-10	7.7870e-02	9.2213e-01	7.9644e-02	8.3051e-01	8.9850e-02	5.3573e-13	1.6794e-02	6.2262e-01	3.5993e-01	6.5929e-04	8.7305e-02	8.3840e-01	7.4070e-02	2.2063e-04	6.7638e-07	1.1755e-36	1.8137e-20	0.00e+00	0.00e+00	2.4677e-01
2.34211e+16	7.6560e+03	3.418e-21	2.7826e+01	2.8108e+01	5.8546e-10	7.6806e-02	9.2319e-01	8.0930e-02	8.3042e-01	8.8652e-02	5.2290e-13	1.6801e-02	6.2616e-01	3.5637e-01	6.5796e-04	8.6043e-02	8.3796e-01	7.5777e-02	2.2399e-04	6.8316e-07	1.1755e-36	1.7251e-20	0.00e+00	0.00e+00	4.0058e-01
3.65271e+16	7.5555e+03	3.340e-21	2.7826e+01	2.8091e+01	6.4071e-10	7.7230e-02	9.2277e-01	8.2373e-02	8.3033e-01	8.7302e-02	5.3244e-13	1.7016e-02	6.3008e-01	3.5226e-01	6.4138e-04	8.6581e-02	8.3747e-01	7.5727e-02	2.1661e-04	6.6237e-07	1.1755e-36	1.7501e-20	0.00e+00	0.00e+00	6.0163e-01
5.35649e+16	7.4973e+03	3.286e-21	2.7826e+01	2.8023e+01	7.1789e-10	7.9543e-02	9.2046e-01	8.4086e-02	8.3018e-01	8.5730e-02	5.7189e-13	1.7508e-02	6.3461e-01	3.4727e-01	6.0665e-04	8.9410e-02	8.3693e-01	7.3464e-02	1.9697e-04	6.1051e-07	1.1755e-36	1.9260e-20	0.00e+00	0.00e+00	8.7084e-01
7.38750e+16	7.4699e+03	3.263e-21	2.7826e+01	2.7914e+01	8.2862e-10	8.3913e-02	9.1609e-01	8.6018e-02	8.2991e-01	8.4068e-02	6.4793e-13	1.8265e-02	6.3959e-01	3.4158e-01	5.5800e-04	9.4709e-02	8.3582e-01	6.9306e-02	1.6919e-04	5.3760e-07	1.1755e-36	2.3005e-20	0.00e+00	0.00e+00	1.1858e+00
9.46789e+16	7.5076e+03	3.265e-21	2.7826e+01	2.7714e+01	9.4533e-10	9.0007e-02	9.0999e-01	8.7774e-02	8.2938e-01	8.2850e-02	7.5936e-13	1.9186e-02	6.4387e-01	3.3644e-01	5.0505e-04	1.0209e-01	8.3401e-01	6.3759e-02	1.3938e-04	4.5957e-07	1.1755e-36	2.9036e-20	0.00e+00	0.00e+00	1.5060e+00
1.16884e+17	7.5890e+03	3.298e-21	2.7826e+01	2.7458e+01	1.1152e-09	9.9411e-02	9.0059e-01	9.0252e-02	8.2860e-01	8.1150e-02	9.5360e-13	2.0513e-02	6.4986e-01	3.2919e-01	4.3850e-04	1.1345e-01	8.3027e-01	5.6173e-02	1.0626e-04	3.6956e-07	1.1755e-36	4.0635e-20	0.00e+00	0.00e+00	1.9281e+00
1.42925e+17	7.7204e+03	3.351e-21	2.7826e+01	2.7042e+01	1.3690e-09	1.1338e-01	8.8662e-01	9.3585e-02	8.2713e-01	7.9289e-02	1.2872e-12	2.2253e-02	6.5722e-01	3.2017e-01	3.6401e-04	1.3024e-01	8.2256e-01	4.7126e-02	7.4092e-05	2.7812e-07	1.1755e-36	6.3443e-20	0.00e+00	0.00e+00	2.4844e+00
1.72664e+17	7.9017e+03	3.421e-21	2.7826e+01	2.6449e+01	1.7711e-09	1.3405e-01	8.6595e-01	9.8018e-02	8.2472e-01	7.7261e-02	1.8895e-12	2.4460e-02	6.6682e-01	3.0844e-01	2.8618e-04	1.5486e-01	8.0788e-01	3.7206e-02	4.6515e-05	1.9348e-07	1.1755e-36	1.1255e-19	0.00e+00	0.00e+00	3.2277e+00
2.01429e+17	8.1027e+03	3.491e-21	2.7826e+01	2.5707e+01	2.3327e-09	1.5998e-01	8.4002e-01	1.0276e-01	8.2142e-01	7.5824e-02	2.8365e-12	2.6657e-02	6.7676e-01	2.9636e-01	2.2193e-04	1.8537e-01	7.8599e-01	2.8609e-02	2.8293e-05	1.3158e-07	1.1755e-36	2.0775e-19	0.00e+00	0.00e+00	3.9578e+00
2.27271e+17	8.2697e+03	3.525e-21	2.7826e+01	2.4880e+01	3.0974e-09	1.8876e-01	8.1124e-01	1.0840e-01	8.1739e-01	7.4210e-02	4.1772e-12	2.8640e-02	6.8777e-01	2.8342e-01	1.7260e-04	2.1879e-01	7.5918e-01	2.2011e-02	1.7481e-05	1.1755e-36	1.1755e-36	3.7308e-19	0.00e+00	0.00e+00	4.8106e+00
2.50844e+17	8.4096e+03	3.526e-21	2.7826e+01	2.4007e+01	4.0897e-09	2.1959e-01	7.8041e-01	1.1436e-01	8.1279e-01	7.2852e-02	5.9868e-12	3.0271e-02	6.9890e-01	2.7070e-01	1.3607e-04	2.5406e-01	7.2887e-01	1.7066e-02	1.1105e-05	1.1755e-36	1.1755e-36	6.4609e-19	0.00e+00	0.00e+00	5.6376e+00
2.71403e+17	8.5072e+03	3.497e-21	2.7826e+01	2.3217e+01	5.3211e-09	2.5025e-01	7.4974e-01	1.2071e-01	8.0783e-01	7.1462e-02	8.2635e-12	3.1612e-02	7.1027e-01	2.5801e-01	1.0941e-04	2.8861e-01	6.9786e-01	1.3515e-02	7.3991e-06	1.1755e-36	1.1755e-36	1.0601e-18	0.00e+00	0.00e+00	6.5032e+00
2.92814e+17	8.5847e+03	3.411e-21	2.7826e+01	2.2186e+01	6.9931e-09	2.8367e-01	7.1633e-01	1.2831e-01	8.0176e-01	6.9924e-02	1.1290e-11	3.2572e-02	7.2260e-01	2.4474e-01	8.7444e-05	3.2574e-01	6.6367e-01	1.0585e-02	4.8887e-06	1.1755e-36	1.1755e-36	1.7161e-18	0.00e+00	0.00e+00	7.6563e+00
3.14340e+17	8.6343e+03	3.306e-21	2.7826e+01	2.1140e+01	9.3728e-09	3.2079e-01	6.7921e-01	1.3684e-01	7.9469e-01	6.8465e-02	1.5533e-11	3.3290e-02	7.3572e-01	2.3092e-01	6.9623e-05	3.6627e-01	6.2551e-01	8.2210e-03	3.2218e-06	1.1755e-36	1.1755e-36	2.8324e-18	0.00e+00	0.00e+00	8.7789e+00
3.32346e+17	8.6665e+03	3.191e-21	2.7826e+01	2.0206e+01	1.1951e-08	3.5332e-01	6.4668e-01	1.4469e-01	7.8793e-01	6.7373e-02	2.0130e-11	3.3596e-02	7.4714e-01	2.1920e-01	5.7564e-05	4.0123e-01	5.9214e-01	6.6303e-03	2.2826e-06	1.1755e-36	1.1755e-36	4.2777e-18	0.00e+00	0.00e+00	9.7781e+00
3.44126e+17	8.6843e+03	3.111e-21	2.7826e+01	1.9594e+01	1.3946e-08	3.7489e-01	6.2511e-01	1.4990e-01	7.8329e-01	6.6813e-02	2.3698e-11	3.3630e-02	7.5438e-01	2.1194e-01	5.1096e-05	4.2411e-01	5.7012e-01	5.7724e-03	1.8376e-06	1.1755e-36	1.1755e-36	5.5665e-18	0.00e+00	0.00e+00	1.0270e+01
3.50465e+17	8.6876e+03	3.064e-21	2.7826e+01	1.9269e+01	1.5130e-08	3.8608e-01	6.1392e-01	1.5306e-01	7.8060e-01	6.6344e-02	2.5765e-11	3.3626e-02	7.5851e-01	2.0782e-01	4.7917e-05	4.3590e-01	5.5874e-01	5.3668e-03	1.6413e-06	1.1755e-36	1.1755e-36	6.3694e-18	0.00e+00	0.00e+00	1.0624e+01
3.56404e+17	8.6874e+03	3.016e-21	2.7826e+01	1.8969e+01	1.6354e-08	3.9672e-01	6.0328e-01	1.5634e-01	7.7780e-01	6.5860e-02	2.7900e-11	3.3635e-02	7.6269e-01	2.0363e-01	4.4991e-05	4.4705e-01	5.4794e-01	5.0037e-03	1.4733e-06	1.1755e-36	1.1755e-36	7.2384e-18	0.00e+00	0.00e+00	1.1088e+01
3.64066e+17	8.6777e+03	2.955e-21	2.7826e+01	1.8593e+01	1.8192e-08	4.1086e-01	5.8914e-01	1.6089e-01	7.7401e-01	6.5103e-02	3.1017e-11	3.3647e-02	7.6822e-01	1.9809e-01	4.1418e-05	4.6180e-01	5.3364e-01	4.5658e-03	1.2809e-06	1.1755e-36	1.1755e-36	8.5935e-18	0.00e+00	0.00e+00	1.1713e+01
3.72682e+17	8.6759e+03	2.883e-21	2.7826e+01	1.8154e+01	2.0307e-08	4.2637e-01	5.7363e-01	1.6576e-01	7.6981e-01	6.4432e-02	3.4695e-11	3.3550e-02	7.7405e-01	1.9236e-01	3.7896e-05	4.7786e-01	5.1802e-01	4.1262e-03	1.1000e-06	1.1755e-36	1.1755e-36	1.0318e-17	0.00e+00	0.00e+00	1.2355e+01
3.81084e+17	8.6720e+03	2.811e-21	2.7826e+01	1.7719e+01	2.2563e-08	4.4131e-01	5.5869e-01	1.7061e-01	7.6559e-01	6.3806e-02	3.8581e-11	3.3394e-02	7.7967e-01	1.8690e-01	3.4796e-05	4.9322e-01	5.0303e-01	3.7409e-03	9.5105e-07	1.1755e-36	1.1755e-36	1.2285e-17	0.00e+00	0.00e+00	1.2994e+01
3.89315e+17	8.6668e+03	2.739e-21	2.7826e+01	1.7297e+01	2.4968e-08	4.5581e-01	5.4419e-01	1.7555e-01	7.6127e-01	6.3176e-02	4.2730e-11	3.3204e-02	7.8518e-01	1.8159e-01	3.2016e-05	5.0803e-01	4.8857e-01	3.3990e-03	8.2646e-07	1.1755e-36	1.1755e-36	1.4541e-17	0.00e+00	0.00e+00	1.3653e+01
3.97704e+17	8.6599e+03	2.663e-21	2.7826e+01	1.6855e+01	2.7612e-08	4.7022e-01	5.2978e-01	1.8069e-01	7.5680e-01	6.2507e-02	4.7226e-11	3.2944e-02	7.9070e-01	1.7633e-01	2.9449e-05	5.2266e-01	4.7425e-01	3.0852e-03	7.1854e-07	1.1755e-36	1.1755e-36	1.7167e-17	0.00e+00	0.00e+00	1.4359e+01
4.06439e+17	8.6406e+03	2.588e-21	2.7826e+01	1.6440e+01	3.0914e-08	4.8580e-01	5.1420e-01	1.8661e-01	7.5167e-01	6.1722e-02	5.2786e-11	3.2733e-02	7.9668e-01	1.7056e-01	2.6918e-05	5.3837e-01	4.5885e-01	2.7836e-03	6.2040e-07	1.1755e-36	1.1755e-36	2.0683e-17	0.00e+00	0.00e+00	1.5121e+01
4.15079e+17	8.6398e+03	2.508e-21	2.7826e+01	1.5994e+01	3.3933e-08	4.9996e-01	5.0004e-01	1.9195e-01	7.4688e-01	6.1169e-02	5.8109e-11	3.2369e-02	8.0210e-01	1.6550e-01	2.4773e-05	5.5255e-01	4.4493e-01	2.5231e-03	5.4065e-07	1.1755e-36	1.1755e-36	2.4294e-17	0.00e+00	0.00e+00	1.5855e+01
4.23953e+17	8.6166e+03	2.430e-21	2.7826e+01	1.5568e+01	3.7861e-08	5.1495e-01	4.8505e-01	1.9827e-01	7.4136e-01	6.0362e-02	6.4630e-11	3.2055e-02	8.0802e-01	1.5991e-01	2.2658e-05	5.6746e-01	4.3026e-01	2.2761e-03	4.6884e-07	1.1755e-36	1.1755e-36	2.9080e-17	0.00e+00	0.00e+00	1.6704e+01
4.33175e+17	8.5957e+03	2.351e-21	2.7826e+01	1.5142e+01	4.2246e-08	5.3035e-01	4.6965e-01	2.0490e-01	7.3559e-01	5.9510e-02	7.2097e-11	3.1705e-02	8.1396e-01	1.5432e-01	2.0682e-05	5.8268e-01	4.1527e-01	2.0459e-03	4.0551e-07	1.1755e-36	1.1755e-36	3.5032e-17	0.00e+00	0.00e+00	1.7548e+01
4.41481e+17	8.5878e+03	2.278e-21	2.7826e+01	1.4746e+01	4.6005e-08	5.4306e-01	4.5694e-01	2.1046e-01	7.3059e-01	5.8947e-02	7.8678e-11	3.1291e-02	8.1890e-01	1.4979e-01	1.9149e-05	5.9516e-01	4.0297e-01	1.8663e-03	3.5864e-07	1.1755e-36	1.1755e-36	4.0653e-17	0.00e+00	0.00e+00	1.8269e+01
4.49054e+17	8.5610e+03	2.215e-21	2.7826e+01	1.4421e+01	5.0321e-08	5.5497e-01	4.4503e-01	2.1641e-01	7.2541e-01	5.8176e-02	8.5869e-11	3.0997e-02	8.2373e-01	1.4526e-01	1.7779e-05	6.0680e-01	3.9148e-01	1.7134e-03	3.2034e-07	1.1755e-36	1.1755e-36	4.7236e-17	0.00e+00	0.00e+00	1.9009e+01
4.56884e+17	8.5475e+03	2.147e-21	2.7826e+01	1.4067e+01	5.4467e-08	5.6632e-01	4.3368e-01	2.2225e-01	7.2027e-01	5.7485e-02	9.3084e-11	3.0606e-02	8.2844e-01	1.4094e-01	1.6516e-05	6.1783e-01	3.8060e-01	1.5717e-03	2.8640e-07	1.1755e-36	1.1755e-36	5.4212e-17	0.00e+00	0.00e+00	1.9812e+01
4.65403e+17	8.5184e+03	2.076e-21	2.7826e+01	1.3701e+01	5.9891e-08	5.7891e-01	4.2109e-01	2.2908e-01	7.1428e-01	5.6641e-02	1.0218e-10	3.0210e-02	8.3363e-01	1.3615e-01	1.5217e-05	6.3000e-01	3.6857e-01	1.4291e-03	2.5359e-07	1.1755e-36	1.1755e-36	6.3687e-17	0.00e+00	0.00e+00	2.0724e+01
4.74357e+17	8.4897e+03	2.004e-21	2.7826e+01	1.3335e+01	6.6021e-08	5.9202e-01	4.0798e-01	2.3642e-01	7.0783e-01	5.5743e-02	1.1277e-10	2.9796e-02	8.3893e-01	1.3126e-01	1.3972e-05	6.4261e-01	3.5610e-01	1.2927e-03	2.2357e-07	1.1755e-36	1.1755e-36	7.5559e-17	0.00e+00	0.00e+00	2.1654e+01
4.83079e+17	8.4650e+03	1.935e-21	2.7826e+01	1.2977e+01	7.2134e-08	6.0401e-01	3.9599e-01	2.4342e-01	7.0163e-01	5.4946e-02	1.2341e-10	2.9346e-02	8.4385e-01	1.2679e-01	1.2892e-05	6.5407e-01	3.4476e-01	1.1754e-03	1.9883e-07	1.1755e-36	1.1755e-36	8.8370e-17	0.00e+00	0.00e+00	2.2556e+01
4.91698e+17	8.4372e+03	1.868e-21	2.7826e+01	1.2637e+01	7.8683e-08	6.1545e-01	3.8455e-01	2.5066e-01	6.9525e-01	5.4096e-02	1.3483e-10	2.8908e-02	8.4866e-01	1.2242e-01	1.1904e-05	6.6495e-01	3.3398e-01	1.0705e-03	1.7759e-07	1.1755e-36	1.1755e-36	1.0308e-16	0.00e+00	0.00e+00	2.3501e+01
5.00718e+17	8.4085e+03	1.799e-21	2.7826e+01	1.2287e+01	8.5921e-08	6.2694e-01	3.7306e-01	2.5827e-01	6.8851e-01	5.3217e-02	1.4757e-10	2.8430e-02	8.5354e-01	1.1802e-01	1.0964e-05	6.7583e-01	3.2320e-01	9.7182e-04	1.5834e-07	1.1755e-36	1.1755e-36	1.2064e-16	0.00e+00	0.00e+00	2.4526e+01
5.10249e+17	8.3627e+03	1.729e-21	2.7826e+01	1.1931e+01	9.5187e-08	6.3922e-01	3.6078e-01	2.6677e-01	6.8103e-01	5.2197e-02	1.6335e-10	2.7946e-02	8.5865e-01	1.1340e-01	1.0042e-05	6.8740e-01	3.1173e-01	8.7654e-04	1.4042e-07	1.1755e-36	1.1755e-36	1.4435e-16	0.00e+00	0.00e+00	2.5622e+01
5.19867e+17	8.3452e+03	1.660e-21	2.7826e+01	1.1579e+01	1.0316e-07	6.5049e-01	3.4951e-01	2.7485e-01	6.7380e-01	5.1349e-02	1.7868e-10	2.7407e-02	8.6342e-01	1.0916e-01	9.2262e-06	6.9795e-01	3.0126e-01	7.9177e-04	1.2516e-07	1.1755e-36	1.1755e-36	1.6860e-16	0.00e+00	0.00e+00	2.6705e+01
5.29537e+17	8.3017e+03	1.593e-21	2.7826e+01	1.1240e+01	1.1358e-07	6.6188e-01	3.3812e-01	2.8369e-01	6.6599e-01	5.0321e-02	1.9721e-10	2.6905e-02	8.6826e-01	1.0482e-01	8.4592e-06	7.0856e-01	2.9072e-01	7.1468e-04	1.1755e-36	1.1755e-36	1.1755e-36	2.0066e-16	0.00e+00	0.00e+00	2.7852e+01
5.39481e+17	8.2524e+03	1.528e-21	2.7826e+01	1.0914e+01	1.2569e-07	6.7357e-01	3.2643e-01	2.9321e-01	6.5759e-01	4.9199e-02	2.1918e-10	2.6418e-02	8.7315e-01	1.0043e-01	7.7328e-06	7.1941e-01	2.7995e-01	6.4250e-04	1.1755e-36	1.1755e-36	1.1755e-36	2.4188e-16	0.00e+00	0.00e+00	2.9038e+01
5.49374e+17	8.2134e+03	1.465e-21	2.7826e+01	1.0585e+01	1.3751e-07	6.8421e-01	3.1579e-01	3.0227e-01	6.4951e-01	4.8218e-02	2.4136e-10	2.5883e-02	8.7769e-01	9.6423e-02	7.0974e-06	7.2923e-01	2.7019e-01	5.7975e-04	1.1755e-36	1.1755e-36	1.1755e-36	2.8662e-16	0.00e+00	0.00e+00	3.0212e+01
5.59382e+17	8.1691e+03	1.403e-21	2.7826e+01	1.0268e+01	1.5075e-07	6.9461e-01	3.0539e-01	3.1182e-01	6.4102e-01	4.7158e-02	2.6647e-10	2.5361e-02	8.8219e-01	9.2440e-02	6.5063e-06	7.3879e-01	2.6069e-01	5.2275e-04	1.1755e-36	1.1755e-36	1.1755e-36	3.4118e-16	0.00e+00	0.00e+00	3.1463e+01
5.69909e+17	8.1232e+03	1.340e-21	2.7826e+01	9.9416e+00	1.6566e-07	7.0512e-01	2.9488e-01	3.2181e-01	6.3211e-01	4.6080e-02	2.9536e-10	2.4800e-02	8.8672e-01	8.8477e-02	5.9470e-06	7.4840e-01	2.5113e-01	4.6929e-04	1.1755e-36	1.1755e-36	1.1755e-36	4.0903e-16	0.00e+00	0.00e+00	3.2801e+01
5.80847e+17	8.0629e+03	1.278e-21	2.7826e+01	9.6154e+00	1.8418e-07	7.1606e-01	2.8394e-01	3.3259e-01	6.2251e-01	4.4906e-02	3.3103e-10	2.4239e-02	8.9130e-01	8.4461e-02	5.4172e-06	7.5836e-01	2.4122e-01	4.1921e-04	1.1755e-36	1.1755e-36	1.1755e-36	5.0102e-16	0.00e+00	0.00e+00	3.4194e+01
5.91725e+17	8.0248e+03	1.219e-21	2.7826e+01	9.3002e+00	2.0097e-07	7.2596e-01	2.7404e-01	3.4285e-01	6.1327e-01	4.3880e-02	3.6650e-10	2.3656e-02	8.9554e-01	8.0804e-02	4.9545e-06	7.6733e-01	2.3229e-01	3.7565e-04	1.1755e-36	1.1755e-36	1.1755e-36	5.9849e-16	0.00e+00	0.00e+00	3.5557e+01
6.02628e+17	7.9679e+03	1.162e-21	2.7826e+01	9.0005e+00	2.2168e-07	7.3571e-01	2.6429e-01	3.5379e-01	6.0348e-01	4.2724e-02	4.0918e-10	2.3110e-02	8.9973e-01	7.7158e-02	4.5273e-06	7.7614e-01	2.2353e-01	3.3668e-04	1.1755e-36	1.1755e-36	1.1755e-36	7.2666e-16	0.00e+00	0.00e+00	3.6994e+01
6.13936e+17	7.9047e+03	1.106e-21	2.7826e+01	8.6981e+00	2.4589e-07	7.4561e-01	2.5439e-01	3.6527e-01	5.9319e-01	4.1540e-02	4.6010e-10	2.2546e-02	9.0390e-01	7.3548e-02	4.1278e-06	7.8503e-01	2.1467e-01	3.0053e-04	1.1755e-36	1.1755e-36	1.1755e-36	8.9391e-16	0.00e+00	0.00e+00	3.8500e+01
6.25406e+17	7.8416e+03	1.052e-21	2.7826e+01	8.4083e+00	2.7274e-07	7.5540e-01	2.4460e-01	3.7711e-01	5.8256e-01	4.0333e-02	5.1925e-10	2.1996e-02	9.0796e-01	7.0044e-02	3.7631e-06	7.9379e-01	2.0594e-01	2.6783e-04	1.1755e-36	1.1755e-36	1.1755e-36	1.1059e-15	0.00e+00	0.00e+00	4.0019e+01
6.36745e+17	7.7882e+03	1.001e-21	2.7826e+01	8.1230e+00	2.9914e-07	7.6411e-01	2.3589e-01	3.8825e-01	5.7250e-01	3.9253e-02	5.7993e-10	2.1425e-02	9.1169e-01	6.6882e-02	3.4477e-06	8.0155e-01	1.9821e-01	2.3998e-04	1.1755e-36	1.1755e-36	1.1755e-36	1.3410e-15	0.00e+00	0.00e+00	4.1527e+01
6.48389e+17	7.7156e+03	9.512e-22	2.7826e+01	7.8435e+00	3.3269e-07	7.7299e-01	2.2701e-01	4.0043e-01	5.6152e-01	3.8055e-02	6.5678e-10	2.0872e-02	9.1546e-01	6.3662e-02	3.1494e-06	8.0945e-01	1.9033e-01	2.1427e-04	1.1755e-36	1.1755e-36	1.1755e-36	1.6682e-15	0.00e+00	0.00e+00	4.3164e+01
6.60393e+17	7.6451e+03	9.027e-22	2.7826e+01	7.5689e+00	3.7019e-07	7.8203e-01	2.1797e-01	4.1284e-01	5.5029e-01	3.6865e-02	7.4774e-10	2.0314e-02	9.1913e-01	6.0552e-02	2.8757e-06	8.1744e-01	1.8236e-01	1.9060e-04	1.1755e-36	1.1755e-36	1.1755e-36	2.0935e-15	0.00e+00	0.00e+00	4.4807e+01
6.72242e+17	7.5771e+03	8.572e-22	2.7826e+01	7.3045e+00	4.0981e-07	7.9028e-01	2.0972e-01	4.2494e-01	5.3932e-01	3.5742e-02	8.4748e-10	1.9762e-02	9.2256e-01	5.7678e-02	2.6364e-06	8.2471e-01	1.7512e-01	1.7028e-04	1.1755e-36	1.1755e-36	1.1755e-36	2.6029e-15	0.00e+00	0.00e+00	4.6437e+01
6.84187e+17	7.5050e+03	8.137e-22	2.7826e+01	7.0506e+00	4.5450e-07	7.9821e-01	2.0179e-01	4.3736e-01	5.2805e-01	3.4589e-02	9.6406e-10	1.9227e-02	9.2587e-01	5.4898e-02	2.4186e-06	8.3168e-01	1.6817e-01	1.5217e-04	1.1755e-36	1.1755e-36	1.1755e-36	3.2537e-15	0.00e+00	0.00e+00	4.8141e+01
6.96437e+17	7.4262e+03	7.715e-22	2.7826e+01	6.7973e+00	5.0699e-07	8.0613e-01	1.9387e-01	4.5001e-01	5.1655e-01	3.3436e-02	1.1053e-09	1.8684e-02	9.2910e-01	5.2214e-02	2.2195e-06	8.3862e-01	1.6125e-01	1.3572e-04	1.1755e-36	1.1755e-36	1.1755e-36	4.1252e-15	0.00e+00	0.00e+00	4.9890e+01
7.08579e+17	7.3468e+03	7.322e-22	2.7826e+01	6.5570e+00	5.6496e-07	8.1367e-01	1.8633e-01	4.6249e-01	5.0518e-01	3.2326e-02	1.2683e-09	1.8161e-02	9.3212e-01	4.9712e-02	2.0438e-06	8.4520e-01	1.5468e-01	1.2133e-04	1.1755e-36	1.1755e-36	1.1755e-36	5.2339e-15	0.00e+00	0.00e+00	5.1596e+01
7.20360e+17	7.2704e+03	6.962e-22	2.7826e+01	6.3349e+00	6.2596e-07	8.2045e-01	1.7955e-01	4.7458e-01	4.9416e-01	3.1262e-02	1.4475e-09	1.7670e-02	9.3491e-01	4.7418e-02	1.8916e-06	8.5110e-01	1.4879e-01	1.0913e-04	1.1755e-36	1.1755e-36	1.1755e-36	6.5670e-15	0.00e+00	0.00e+00	5.3272e+01
7.32140e+17	7.1840e+03	6.621e-22	2.7826e+01	6.1220e+00	6.9846e-07	8.2702e-01	1.7298e-01	4.8691e-01	4.8292e-01	3.0166e-02	1.6656e-09	1.7199e-02	9.3759e-01	4.5210e-02	1.7536e-06	8.5680e-01	1.4310e-01	9.8266e-05	1.1755e-36	1.1755e-36	1.1755e-36	8.3594e-15	0.00e+00	0.00e+00	5.5006e+01
7.43855e+17	7.1052e+03	6.301e-22	2.7826e+01	5.9171e+00	7.7444e-07	8.3328e-01	1.6672e-01	4.9877e-01	4.7207e-01	2.9159e-02	1.9088e-09	1.6734e-02	9.4009e-01	4.3179e-02	1.6317e-06	8.6221e-01	1.3770e-01	8.8649e-05	1.1755e-36	1.1755e-36	1.1755e-36	1.0551e-14	0.00e+00	0.00e+00	5.6689e+01
7.55462e+17	7.0241e+03	6.000e-22	2.7826e+01	5.7246e+00	8.5917e-07	8.3914e-01	1.6086e-01	5.1067e-01	4.6118e-01	2.8143e-02	2.1912e-09	1.6295e-02	9.4245e-01	4.1250e-02	1.5222e-06	8.6728e-01	1.3264e-01	8.0192e-05	1.1755e-36	1.1755e-36	1.1755e-36	1.3339e-14	0.00e+00	0.00e+00	5.8417e+01
7.67263e+17	6.9461e+03	5.709e-22	2.7826e+01	5.5298e+00	9.5080e-07	8.4473e-01	1.5527e-01	5.2220e-01	4.5060e-01	2.7203e-02	2.5119e-09	1.5838e-02	9.4472e-01	3.9443e-02	1.4233e-06	8.7209e-01	1.2784e-01	7.2575e-05	1.1755e-36	1.1755e-36	1.1755e-36	1.6810e-14	0.00e+00	0.00e+00	6.0180e+01
7.79369e+17	6.8532e+03	5.429e-22	2.7826e+01	5.3428e+00	1.0671e-06	8.5058e-01	1.4942e-01	5.3443e-01	4.3939e-01	2.6182e-02	2.9317e-09	1.5404e-02	9.4695e-01	3.7646e-02	1.3307e-06	8.7711e-01	1.2282e-01	6.5483e-05	1.1755e-36	1.1755e-36	1.1755e-36	2.1874e-14	0.00e+00	0.00e+00	6.2023e+01
7.91189e+17	6.7682e+03	5.172e-22	2.7826e+01	5.1644e+00	1.1887e-06	8.5596e-01	1.4404e-01	5.4571e-01	4.2901e-01	2.5284e-02	3.3952e-09	1.4980e-02	9.4897e-01	3.6050e-02	1.2514e-06	8.8173e-01	1.1821e-01	5.9383e-05	1.1755e-36	1.1755e-36	1.1755e-36	2.8072e-14	0.00e+00	0.00e+00	6.3724e+01
8.02372e+17	6.6814e+03	4.943e-22	2.7826e+01	5.0075e+00	1.3208e-06	8.6061e-01	1.3938e-01	5.5671e-01	4.1891e-01	2.4387e-02	3.9160e-09	1.4609e-02	9.5080e-01	3.4585e-02	1.1829e-06	8.8571e-01	1.1423e-01	5.4319e-05	1.1755e-36	1.1755e-36	1.1755e-36	3.5710e-14	0.00e+00	0.00e+00	6.5395e+01
8.13428e+17	6.5939e+03	4.728e-22	2.7826e+01	4.8570e+00	1.4681e-06	8.6502e-01	1.3497e-01	5.6742e-01	4.0905e-01	2.3525e-02	4.5208e-09	1.4251e-02	9.5253e-01	3.3218e-02	1.1216e-06	8.8948e-01	1.1047e-01	4.9813e-05	1.1755e-36	1.1755e-36	1.1755e-36	4.5483e-14	0.00e+00	0.00e+00	6.7075e+01
8.24464e+17	6.5068e+03	4.525e-22	2.7826e+01	4.7120e+00	1.6323e-06	8.6930e-01	1.3070e-01	5.7791e-01	3.9940e-01	2.2695e-02	5.2268e-09	1.3901e-02	9.5416e-01	3.1934e-02	1.0662e-06	8.9313e-01	1.0682e-01	4.5736e-05	1.1755e-36	1.1755e-36	1.1755e-36	5.8069e-14	0.00e+00	0.00e+00	6.8758e+01
8.35450e+17	6.4122e+03	4.333e-22	2.7826e+01	4.5696e+00	1.8270e-06	8.7344e-01	1.2656e-01	5.8816e-01	3.8995e-01	2.1892e-02	6.0864e-09	1.3558e-02	9.5571e-01	3.0732e-02	1.0164e-06	8.9665e-01	1.0330e-01	4.2079e-05	1.1755e-36	1.1755e-36	1.1755e-36	7.5145e-14	0.00e+00	0.00e+00	7.0439e+01
8.46066e+17	6.3330e+03	4.158e-22	2.7826e+01	4.4411e+00	2.0159e-06	8.7717e-01	1.2283e-01	5.9768e-01	3.8115e-01	2.1164e-02	6.9817e-09	1.3240e-02	9.5711e-01	2.9650e-02	9.7289e-07	8.9982e-01	1.0013e-01	3.8899e-05	1.1755e-36	1.1755e-36	1.1755e-36	9.4543e-14	0.00e+00	0.00e+00	7.2023e+01
8.56690e+17	6.2358e+03	3.990e-22	2.7826e+01	4.3149e+00	2.2600e-06	8.8078e-01	1.1921e-01	6.0755e-01	3.7206e-01	2.0392e-02	8.1463e-09	1.2935e-02	9.5847e-01	2.8593e-02	9.3262e-07	9.0290e-01	9.7062e-02	3.6021e-05	1.1755e-36	1.1755e-36	1.1755e-36	1.2264e-13	0.00e+00	0.00e+00	7.3720e+01
8.67254e+17	6.1565e+03	3.832e-22	2.7826e+01	4.1937e+00	2.4960e-06	8.8426e-01	1.1574e-01	6.1649e-01	3.6378e-01	1.9732e-02	9.3616e-09	1.2630e-02	9.5972e-01	2.7646e-02	8.9691e-07	9.0584e-01	9.4124e-02	3.3400e-05	1.1755e-36	1.1755e-36	1.1755e-36	1.5482e-13	0.00e+00	0.00e+00	7.5298e+01
8.77703e+17	6.0595e+03	3.684e-22	2.7826e+01	4.0795e+00	2.8004e-06	8.8757e-01	1.1242e-01	6.2587e-01	3.5512e-01	1.9009e-02	1.0943e-08	1.2351e-02	9.6093e-01	2.6718e-02	8.6400e-07	9.0866e-01	9.1312e-02	3.1056e-05	1.1755e-36	1.1755e-36	1.1755e-36	2.0141e-13	0.00e+00	0.00e+00	7.6973e+01
8.88016e+17	5.9816e+03	3.545e-22	2.7826e+01	3.9698e+00	3.0884e-06	8.9067e-01	1.0933e-01	6.3423e-01	3.4737e-01	1.8402e-02	1.2553e-08	1.2072e-02	9.6203e-01	2.5896e-02	8.3500e-07	9.1127e-01	8.8696e-02	2.8946e-05	1.1755e-36	1.1755e-36	1.1755e-36	2.5340e-13	0.00e+00	0.00e+00	7.8520e+01
8.98257e+17	5.8853e+03	3.413e-22	2.7826e+01	3.8634e+00	3.4630e-06	8.9358e-01	1.0642e-01	6.4298e-01	3.3927e-01	1.7745e-02	1.4656e-08	1.1808e-02	9.6310e-01	2.5092e-02	8.0822e-07	9.1374e-01	8.6231e-02	2.7059e-05	1.1755e-36	1.1755e-36	1.1755e-36	3.2884e-13	0.00e+00	0.00e+00	8.0184e+01
9.08456e+17	5.8066e+03	3.290e-22	2.7826e+01	3.7651e+00	3.8254e-06	8.9649e-01	1.0350e-01	6.5106e-01	3.3178e-01	1.7160e-02	1.6858e-08	1.1558e-02	9.6408e-01	2.4358e-02	7.8401e-07	9.1619e-01	8.3780e-02	2.5297e-05	1.1755e-36	1.1755e-36	1.1755e-36	4.1559e-13	0.00e+00	0.00e+00	8.1727e+01
9.18526e+17	5.7111e+03	3.173e-22	2.7826e+01	3.6699e+00	4.2915e-06	8.9920e-01	1.0079e-01	6.5940e-01	3.2406e-01	1.6538e-02	1.9706e-08	1.1322e-02	9.6503e-01	2.3649e-02	7.6187e-07	9.1848e-01	8.1490e-02	2.3733e-05	1.1755e-36	1.1755e-36	1.1755e-36	5.4040e-13	0.00e+00	0.00e+00	8.3361e+01
9.28459e+17	5.6275e+03	3.063e-22	2.7826e+01	3.5778e+00	4.7606e-06	9.0179e-01	9.8205e-02	6.6690e-01	3.1710e-01	1.6004e-02	2.2739e-08	1.1087e-02	9.6589e-01	2.3019e-02	7.4226e-07	9.2067e-01	7.9310e-02	2.2309e-05	1.1755e-36	1.1755e-36	1.1755e-36	6.8743e-13	0.00e+00	0.00e+00	8.4870e+01
9.38053e+17	5.5402e+03	2.963e-22	2.7826e+01	3.4946e+00	5.2942e-06	9.0411e-01	9.5882e-02	6.7441e-01	3.1014e-01	1.5455e-02	2.6290e-08	1.0878e-02	9.6670e-01	2.2421e-02	7.2457e-07	9.2263e-01	7.7351e-02	2.1066e-05	1.1755e-36	1.1755e-36	1.1755e-36	8.7655e-13	0.00e+00	0.00e+00	8.6405e+01
9.47679e+17	5.4542e+03	2.866e-22	2.7826e+01	3.4124e+00	5.8827e-06	9.0641e-01	9.3588e-02	6.8161e-01	3.0346e-01	1.4938e-02	3.0373e-08	1.0670e-02	9.6747e-01	2.1861e-02	7.0829e-07	9.2456e-01	7.5419e-02	1.9903e-05	1.1755e-36	1.1755e-36	1.1755e-36	1.1168e-12	0.00e+00	0.00e+00	8.7932e+01
9.57266e+17	5.3679e+03	2.774e-22	2.7826e+01	3.3332e+00	6.5391e-06	9.0862e-01	9.1376e-02	6.8862e-01	2.9694e-01	1.4438e-02	3.5103e-08	1.0470e-02	9.6819e-01	2.1335e-02	6.9334e-07	9.2642e-01	7.3556e-02	1.8831e-05	1.1755e-36	1.1755e-36	1.1755e-36	1.4239e-12	0.00e+00	0.00e+00	8.9462e+01
9.66833e+17	5.2815e+03	2.686e-22	2.7826e+01	3.2564e+00	7.2676e-06	9.1076e-01	8.9234e-02	6.9543e-01	2.9062e-01	1.3957e-02	4.0564e-08	1.0275e-02	9.6888e-01	2.0840e-02	6.7961e-07	9.2822e-01	7.1753e-02	1.7841e-05	1.1755e-36	1.1755e-36	1.1755e-36	1.8150e-12	0.00e+00	0.00e+00	9.0990e+01
9.76370e+17	5.1948e+03	2.602e-22	2.7826e+01	3.1823e+00	8.0756e-06	9.1282e-01	8.7170e-02	7.0205e-01	2.8446e-01	1.3491e-02	4.6860e-08	1.0088e-02	9.6954e-01	2.0375e-02	6.6701e-07	9.2996e-01	7.0017e-02	1.6927e-05	1.1755e-36	1.1755e-36	1.1755e-36	2.3122e-12	0.00e+00	0.00e+00	9.2517e+01
9.85893e+17	5.1085e+03	2.522e-22	2.7826e+01	3.1089e+00	8.9576e-06	9.1476e-01	8.5231e-02	7.0837e-01	2.7857e-01	1.3054e-02	5.3995e-08	9.9007e-03	9.7015e-01	1.9944e-02	6.5551e-07	9.3159e-01	6.8386e-02	1.6090e-05	1.1755e-36	1.1755e-36	1.1755e-36	2.9319e-12	0.00e+00	0.00e+00	9.4047e+01
9.95487e+17	5.0243e+03	2.445e-22	2.7826e+01	3.0386e+00	9.9070e-06	9.1665e-01	8.3339e-02	7.1461e-01	2.7276e-01	1.2624e-02	6.2048e-08	9.7219e-03	9.7075e-01	1.9529e-02	6.4469e-07	9.3318e-01	6.6795e-02	1.5303e-05	1.1755e-36	1.1755e-36	1.1755e-36	3.6972e-12	0.00e+00	0.00e+00	9.5604e+01
1.00537e+18	4.9339e+03	2.369e-22	2.7826e+01	2.9701e+00	1.1022e-05	9.1865e-01	8.1340e-02	7.2107e-01	2.6676e-01	1.2175e-02	6.9888e-08	9.5515e-03	9.7142e-01	1.9029e-02	6.3331e-07	9.3486e-01	6.5118e-02	1.4535e-05	1.1755e-36	1.1755e-36	1.1755e-36	4.5022e-12	0.00e+00	0.00e+00	9.7233e+01
1.01540e+18	4.8147e+03	2.295e-22	2.7826e+01	2.8931e+00	1.2587e-05	9.2075e-01	7.9238e-02	7.2742e-01	2.6085e-01	1.1733e-02	7.9054e-08	9.3664e-03	9.7213e-01	1.8508e-02	6.2270e-07	9.3664e-01	6.3342e-02	1.3822e-05	1.1755e-36	1.1755e-36	1.1755e-36	5.5467e-12	0.00e+00	0.00e+00	9.8846e+01
1.02439e+18	4.7458e+03	2.232e-22	2.7826e+01	2.8315e+00	1.3590e-05	9.2217e-01	7.7814e-02	7.3220e-01	2.5637e-01	1.1426e-02	8.5371e-08	9.2048e-03	9.7268e-01	1.8115e-02	6.1421e-07	9.3783e-01	6.2146e-02	1.3263e-05	1.1755e-36	1.1755e-36	1.1755e-36	6.2760e-12	0.00e+00	0.00e+00	1.0015e+02
1.03362e+18	4.6550e+03	2.170e-22	2.7826e+01	2.7806e+00	1.4984e-05	9.2372e-01	7.6263e-02	7.3865e-01	2.5039e-01	1.0963e-02	9.3790e-08	9.0901e-03	9.7329e-01	1.7621e-02	6.0487e-07	9.3914e-01	6.0838e-02	1.2702e-05	1.1755e-36	1.1755e-36	1.1755e-36	7.2853e-12	0.00e+00	0.00e+00	1.0184e+02
1.04443e+18	4.5563e+03	2.099e-22	2.7826e+01	2.7086e+00	1.6607e-05	9.2572e-01	7.4260e-02	7.4461e-01	2.4481e-01	1.0571e-02	1.0345e-07	8.9106e-03	9.7394e-01	1.7144e-02	5.9546e-07	9.4082e-01	5.9159e-02	1.2054e-05	1.1755e-36	1.1755e-36	1.1755e-36	8.5432e-12	0.00e+00	0.00e+00	1.0366e+02
1.05577e+18	4.4494e+03	2.028e-22	2.7826e+01	2.6377e+00	1.8461e-05	9.2787e-01	7.2108e-02	7.5083e-01	2.3901e-01	1.0158e-02	1.1417e-07	8.7391e-03	9.7460e-01	1.6660e-02	5.8639e-07	9.4262e-01	5.7359e-02	1.1414e-05	1.1755e-36	1.1755e-36	1.1755e-36	1.0019e-11	0.00e+00	0.00e+00	1.0553e+02
1.06721e+18	4.3424e+03	1.961e-22	2.7826e+01	2.5683e+00	2.0339e-05	9.2983e-01	7.0151e-02	7.5683e-01	2.3341e-01	9.7636e-03	1.2442e-07	8.5718e-03	9.7523e-01	1.6201e-02	5.7816e-07	9.4426e-01	5.5717e-02	1.0840e-05	1.1755e-36	1.1755e-36	1.1755e-36	1.1467e-11	0.00e+00	0.00e+00	1.0739e+02
1.07911e+18	4.2279e+03	1.894e-22	2.7826e+01	2.4998e+00	2.2328e-05	9.3173e-01	6.8252e-02	7.6312e-01	2.2753e-01	9.3469e-03	1.3450e-07	8.4126e-03	9.7586e-01	1.5728e-02	5.7023e-07	9.4586e-01	5.4120e-02	1.0299e-05	1.1755e-36	1.1755e-36	1.1755e-36	1.2888e-11	0.00e+00	0.00e+00	1.0942e+02
1.09214e+18	4.1010e+03	1.823e-22	2.7826e+01	2.4246e+00	2.4444e-05	9.3381e-01	6.6163e-02	7.6966e-01	2.2142e-01	8.9213e-03	1.4419e-07	8.2398e-03	9.7652e-01	1.5241e-02	5.6241e-07	9.4762e-01	5.2364e-02	9.7415e-06	1.1755e-36	1.1755e-36	1.1755e-36	1.4230e-11	0.00e+00	0.00e+00	1.1167e+02
1.10563e+18	3.9790e+03	1.755e-22	2.7826e+01	2.3505e+00	2.6329e-05	9.3592e-01	6.4057e-02	7.7583e-01	2.1564e-01	8.5292e-03	1.5199e-07	8.0683e-03	9.7714e-01	1.4787e-02	5.5527e-07	9.4938e-01	5.0600e-02	9.2090e-06	1.1755e-36	1.1755e-36	1.1755e-36	1.5228e-11	0.00e+00	0.00e+00	1.1385e+02
###########################
5.26837e+13	8.0300e+03	3.747e-21	2.7826e+01	2.8241e+01	5.0150e-10	8.1243e-02	9.1876e-01	7.8193e-02	8.3059e-01	9.1220e-02	5.8721e-13	1.7000e-02	6.1868e-01	3.6367e-01	6.4341e-04	9.1346e-02	8.3903e-01	6.9414e-02	2.0453e-04	6.3154e-07	1.1755e-36	2.1298e-20	0.00e+00	0.00e+00	1.5042e-03
3.16102e+14	8.0210e+03	3.719e-21	2.7826e+01	2.8040e+01	4.9743e-10	8.0615e-02	9.1939e-01	7.7686e-02	8.3052e-01	9.1798e-02	5.7230e-13	1.6795e-02	6.1732e-01	3.6523e-01	6.5162e-04	9.0596e-02	8.3915e-01	7.0045e-02	2.0786e-04	6.4420e-07	1.1755e-36	2.0498e-20	0.00e+00	0.00e+00	7.4745e-03
1.36978e+15	8.0057e+03	3.700e-21	2.7826e+01	2.8024e+01	5.0019e-10	8.0395e-02	9.1961e-01	7.7794e-02	8.3053e-01	9.1678e-02	5.6877e-13	1.6760e-02	6.1763e-01	3.6495e-01	6.5237e-04	9.0332e-02	8.3910e-01	7.0360e-02	2.0876e-04	6.4695e-07	1.1755e-36	2.0277e-20	0.00e+00	0.00e+00	3.1291e-02
5.58447e+15	7.9616e+03	3.659e-21	2.7826e+01	2.8019e+01	5.1798e-10	8.0459e-02	9.1954e-01	7.8373e-02	8.3068e-01	9.0945e-02	5.7112e-13	1.6838e-02	6.1916e-01	3.6336e-01	6.4620e-04	9.0392e-02	8.3862e-01	7.0783e-02	2.0754e-04	6.4370e-07	1.1755e-36	2.0297e-20	0.00e+00	0.00e+00	1.2663e-01
1.33395e+16	7.7936e+03	3.530e-21	2.7826e+01	2.8092e+01	5.3972e-10	7.7566e-02	9.2243e-01	7.9192e-02	8.3092e-01	8.9893e-02	5.2835e-13	1.6594e-02	6.2131e-01	3.6143e-01	6.6391e-04	8.6826e-02	8.3745e-01	7.5497e-02	2.2569e-04	6.9144e-07	1.1755e-36	1.7856e-20	0.00e+00	0.00e+00	2.4612e-01
2.34211e+16	7.6711e+03	3.427e-21	2.7826e+01	2.8122e+01	5.7043e-10	7.6339e-02	9.2366e-01	8.0284e-02	8.3093e-01	8.8787e-02	5.1251e-13	1.6593e-02	6.2434e-01	3.5840e-01	6.6463e-04	8.5345e-02	8.3680e-01	7.7624e-02	2.3073e-04	7.0329e-07	1.1755e-36	1.6854e-20	0.00e+00	0.00e+00	3.9899e-01
3.65271e+16	7.5712e+03	3.350e-21	2.7826e+01	2.8108e+01	6.2222e-10	7.6679e-02	9.2332e-01	8.1645e-02	8.3091e-01	8.7445e-02	5.2040e-13	1.6812e-02	6.2806e-01	3.5448e-01	6.4877e-04	8.5768e-02	8.3623e-01	7.7782e-02	2.2395e-04	6.8423e-07	1.1755e-36	1.7034e-20	0.00e+00	0.00e+00	5.9862e-01
5.35649e+16	7.5096e+03	3.295e-21	2.7826e+01	2.8039e+01	6.9742e-10	7.8911e-02	9.2109e-01	8.3331e-02	8.3081e-01	8.5858e-02	5.5795e-13	1.7308e-02	6.3257e-01	3.4950e-01	6.1410e-04	8.8499e-02	8.3576e-01	7.5541e-02	2.0404e-04	6.3164e-07	1.1755e-36	1.8688e-20	0.00e+00	0.00e+00	8.6568e-01
7.39606e+16	7.4822e+03	3.270e-21	2.7826e+01	2.7935e+01	8.0431e-10	8.3214e-02	9.1679e-01	8.5296e-02	8.3054e-01	8.4166e-02	6.3207e-13	1.8080e-02	6.3773e-01	3.4362e-01	5.6463e-04	9.3733e-02	8.3492e-01	7.1171e-02	1.7507e-04	5.5538e-07	1.1755e-36	2.2301e-20	0.00e+00	0.00e+00	1.1805e+00
9.49351e+16	7.5150e+03	3.270e-21	2.7826e+01	2.7736e+01	9.2153e-10	8.9283e-02	9.1072e-01	8.7165e-02	8.2995e-01	8.2889e-02	7.4209e-13	1.9026e-02	6.4239e-01	3.3807e-01	5.1027e-04	1.0111e-01	8.3348e-01	6.5269e-02	1.4369e-04	4.7291e-07	1.1755e-36	2.8179e-20	0.00e+00	0.00e+00	1.5009e+00
1.17214e+17	7.5922e+03	3.300e-21	2.7826e+01	2.7481e+01	1.0909e-09	9.8622e-02	9.0138e-01	8.9762e-02	8.2909e-01	8.1151e-02	9.3320e-13	2.0374e-02	6.4876e-01	3.3042e-01	4.4253e-04	1.1243e-01	8.3016e-01	5.7307e-02	1.0917e-04	3.7882e-07	1.1755e-36	3.9456e-20	0.00e+00	0.00e+00	1.9192e+00
1.43356e+17	7.7184e+03	3.351e-21	2.7826e+01	2.7065e+01	1.3466e-09	1.1257e-01	8.8743e-01	9.3268e-02	8.2752e-01	7.9213e-02	1.2635e-12	2.2153e-02	6.5662e-01	3.2086e-01	3.6647e-04	1.2923e-01	8.2285e-01	4.7849e-02	7.5688e-05	2.8347e-07	1.1755e-36	6.1768e-20	0.00e+00	0.00e+00	2.4759e+00
1.73321e+17	7.8953e+03	3.418e-21	2.7826e+01	2.6470e+01	1.7542e-09	1.3332e-01	8.6668e-01	9.7917e-02	8.2497e-01	7.7115e-02	1.8646e-12	2.4422e-02	6.6676e-01	3.0853e-01	2.8703e-04	1.5400e-01	8.0842e-01	3.7534e-02	4.7114e-05	1.9565e-07	1.1755e-36	1.1026e-19	0.00e+00	0.00e+00	3.2205e+00
2.02145e+17	8.0937e+03	3.486e-21	2.7826e+01	2.5724e+01	2.3212e-09	1.5932e-01	8.4068e-01	1.0283e-01	8.2151e-01	7.5657e-02	2.8101e-12	2.6675e-02	6.7708e-01	2.9602e-01	2.2199e-04	1.8463e-01	7.8664e-01	2.8703e-02	2.8467e-05	1.3223e-07	1.1755e-36	2.0445e-19	0.00e+00	0.00e+00	3.9445e+00
2.27621e+17	8.2575e+03	3.519e-21	2.7826e+01	2.4908e+01	3.0794e-09	1.8778e-01	8.1222e-01	1.0850e-01	8.1743e-01	7.4068e-02	4.1288e-12	2.8678e-02	6.8814e-01	2.8301e-01	1.7294e-04	2.1769e-01	7.6021e-01	2.2083e-02	1.7626e-05	1.1755e-36	1.1755e-36	3.6561e-19	0.00e+00	0.00e+00	4.7723e+00
2.50701e+17	8.3940e+03	3.519e-21	2.7826e+01	2.4052e+01	4.0520e-09	2.1799e-01	7.8201e-01	1.1444e-01	8.1283e-01	7.2724e-02	5.8893e-12	3.0323e-02	6.9919e-01	2.7035e-01	1.3676e-04	2.5228e-01	7.3055e-01	1.7162e-02	1.1259e-05	1.1755e-36	1.1755e-36	6.2812e-19	0.00e+00	0.00e+00	5.5794e+00
2.71059e+17	8.4973e+03	3.485e-21	2.7826e+01	2.3229e+01	5.2281e-09	2.4795e-01	7.5205e-01	1.2068e-01	8.0791e-01	7.1417e-02	8.0686e-12	3.1623e-02	7.1025e-01	2.5802e-01	1.1035e-04	2.8608e-01	7.0030e-01	1.3612e-02	7.5305e-06	1.1755e-36	1.1755e-36	1.0180e-18	0.00e+00	0.00e+00	6.4352e+00
2.91974e+17	8.5718e+03	3.408e-21	2.7826e+01	2.2260e+01	6.8682e-09	2.8096e-01	7.1904e-01	1.2819e-01	8.0193e-01	6.9888e-02	1.1032e-11	3.2661e-02	7.2249e-01	2.4476e-01	8.8373e-05	3.2279e-01	6.6652e-01	1.0690e-02	4.9984e-06	1.1755e-36	1.1755e-36	1.6500e-18	0.00e+00	0.00e+00	7.5304e+00
3.13259e+17	8.6182e+03	3.306e-21	2.7826e+01	2.1226e+01	9.2148e-09	3.1772e-01	6.8228e-01	1.3675e-01	7.9486e-01	6.8388e-02	1.5176e-11	3.3432e-02	7.3560e-01	2.3090e-01	7.0374e-05	3.6299e-01	6.2870e-01	8.3104e-03	3.2979e-06	1.1755e-36	1.1755e-36	2.7206e-18	0.00e+00	0.00e+00	8.6684e+00
3.31819e+17	8.6542e+03	3.188e-21	2.7826e+01	2.0259e+01	1.1846e-08	3.5137e-01	6.4863e-01	1.4485e-01	7.8787e-01	6.7274e-02	1.9867e-11	3.3776e-02	7.4734e-01	2.1883e-01	5.7783e-05	3.9919e-01	5.9416e-01	6.6487e-03	2.3060e-06	1.1755e-36	1.1755e-36	4.1742e-18	0.00e+00	0.00e+00	9.7016e+00
3.43954e+17	8.6727e+03	3.106e-21	2.7826e+01	1.9621e+01	1.3921e-08	3.7386e-01	6.2614e-01	1.5021e-01	7.8306e-01	6.6725e-02	2.3560e-11	3.3821e-02	7.5477e-01	2.1136e-01	5.1061e-05	4.2305e-01	5.7119e-01	5.7561e-03	1.8403e-06	1.1755e-36	1.1755e-36	5.4978e-18	0.00e+00	0.00e+00	1.0197e+01
3.50249e+17	8.6769e+03	3.060e-21	2.7826e+01	1.9301e+01	1.5098e-08	3.8508e-01	6.1492e-01	1.5335e-01	7.8034e-01	6.6307e-02	2.5625e-11	3.3827e-02	7.5886e-01	2.0726e-01	4.7891e-05	4.3488e-01	5.5977e-01	5.3518e-03	1.6438e-06	1.1755e-36	1.1755e-36	6.2949e-18	0.00e+00	0.00e+00	1.0539e+01
3.56017e+17	8.6771e+03	3.012e-21	2.7826e+01	1.9002e+01	1.6289e-08	3.9545e-01	6.0455e-01	1.5654e-01	7.7763e-01	6.5831e-02	2.7689e-11	3.3830e-02	7.6291e-01	2.0322e-01	4.5042e-05	4.4575e-01	5.4925e-01	4.9981e-03	1.4794e-06	1.1755e-36	1.1755e-36	7.1294e-18	0.00e+00	0.00e+00	1.0989e+01
3.63472e+17	8.6714e+03	2.951e-21	2.7826e+01	1.8618e+01	1.8024e-08	4.0909e-01	5.9091e-01	1.6088e-01	7.7398e-01	6.5144e-02	3.0639e-11	3.3815e-02	7.6822e-01	1.9793e-01	4.1579e-05	4.5999e-01	5.3544e-01	4.5706e-03	1.2909e-06	1.1755e-36	1.1755e-36	8.3985e-18	0.00e+00	0.00e+00	1.1595e+01
3.72060e+17	8.6644e+03	2.882e-21	2.7826e+01	1.8195e+01	2.0230e-08	4.2498e-01	5.7502e-01	1.6594e-01	7.6967e-01	6.4388e-02	3.4427e-11	3.3766e-02	7.7419e-01	1.9201e-01	3.7969e-05	4.7645e-01	5.1942e-01	4.1261e-03	1.1063e-06	1.1755e-36	1.1755e-36	1.0161e-17	0.00e+00	0.00e+00	1.2248e+01
3.80447e+17	8.6625e+03	2.810e-21	2.7826e+01	1.7756e+01	2.2469e-08	4.4001e-01	5.5999e-01	1.7075e-01	7.6546e-01	6.3797e-02	3.8300e-11	3.3607e-02	7.7975e-01	1.8661e-01	3.4866e-05	4.9192e-01	5.0434e-01	3.7395e-03	9.5607e-07	1.1755e-36	1.1755e-36	1.2108e-17	0.00e+00	0.00e+00	1.2868e+01
3.88487e+17	8.6572e+03	2.739e-21	2.7826e+01	1.7339e+01	2.4834e-08	4.5428e-01	5.4572e-01	1.7560e-01	7.6121e-01	6.3193e-02	4.2355e-11	3.3421e-02	7.8514e-01	1.8141e-01	3.2128e-05	5.0650e-01	4.9009e-01	3.4035e-03	8.3284e-07	1.1755e-36	1.1755e-36	1.4296e-17	0.00e+00	0.00e+00	1.3511e+01
3.96741e+17	8.6498e+03	2.664e-21	2.7826e+01	1.6907e+01	2.7473e-08	4.6870e-01	5.3130e-01	1.8073e-01	7.5671e-01	6.2567e-02	4.6844e-11	3.3183e-02	7.9064e-01	1.7615e-01	2.9561e-05	5.2115e-01	4.7576e-01	3.0904e-03	7.2447e-07	1.1755e-36	1.1755e-36	1.6898e-17	0.00e+00	0.00e+00	1.4208e+01
4.05370e+17	8.6372e+03	2.589e-21	2.7826e+01	1.6487e+01	3.0599e-08	4.8401e-01	5.1599e-01	1.8646e-01	7.5172e-01	6.1821e-02	5.2200e-11	3.2952e-02	7.9647e-01	1.7055e-01	2.7063e-05	5.3659e-01	4.6061e-01	2.7922e-03	6.2668e-07	1.1755e-36	1.1755e-36	2.0249e-17	0.00e+00	0.00e+00	1.4956e+01
4.14080e+17	8.6237e+03	2.512e-21	2.7826e+01	1.6052e+01	3.4000e-08	4.9902e-01	5.0098e-01	1.9224e-01	7.4663e-01	6.1135e-02	5.7965e-11	3.2646e-02	8.0217e-01	1.6516e-01	2.4810e-05	5.5162e-01	4.4585e-01	2.5231e-03	5.4353e-07	1.1755e-36	1.1755e-36	2.4153e-17	0.00e+00	0.00e+00	1.5712e+01
4.22696e+17	8.6101e+03	2.435e-21	2.7826e+01	1.5629e+01	3.7614e-08	5.1349e-01	4.8651e-01	1.9813e-01	7.4143e-01	6.0444e-02	6.4128e-11	3.2312e-02	8.0774e-01	1.5992e-01	2.2784e-05	5.6603e-01	4.3169e-01	2.2841e-03	4.7361e-07	1.1755e-36	1.1755e-36	2.8648e-17	0.00e+00	0.00e+00	1.6489e+01
4.31487e+17	8.5934e+03	2.357e-21	2.7826e+01	1.5206e+01	4.1648e-08	5.2797e-01	4.7203e-01	2.0438e-01	7.3594e-01	5.9683e-02	7.0992e-11	3.1948e-02	8.1340e-01	1.5463e-01	2.0891e-05	5.8035e-01	4.1759e-01	2.0638e-03	4.1253e-07	1.1755e-36	1.1755e-36	3.4047e-17	0.00e+00	0.00e+00	1.7321e+01
4.39947e+17	8.5773e+03	2.284e-21	2.7826e+01	1.4811e+01	4.5797e-08	5.4152e-01	4.5848e-01	2.1038e-01	7.3061e-01	5.9011e-02	7.8102e-11	3.1573e-02	8.1862e-01	1.4978e-01	1.9262e-05	5.9367e-01	4.0445e-01	1.8753e-03	3.6279e-07	1.1755e-36	1.1755e-36	4.0079e-17	0.00e+00	0.00e+00	1.8077e+01
4.47671e+17	8.5605e+03	2.218e-21	2.7826e+01	1.4460e+01	4.9842e-08	5.5345e-01	4.4655e-01	2.1609e-01	7.2556e-01	5.8348e-02	8.5025e-11	3.1221e-02	8.2338e-01	1.4538e-01	1.7890e-05	6.0533e-01	3.9295e-01	1.7197e-03	3.2358e-07	1.1755e-36	1.1755e-36	4.6349e-17	0.00e+00	0.00e+00	1.8806e+01
4.55408e+17	8.5369e+03	2.151e-21	2.7826e+01	1.4111e+01	5.4360e-08	5.6512e-01	4.3488e-01	2.2210e-01	7.2028e-01	5.7620e-02	9.2555e-11	3.0857e-02	8.2816e-01	1.4097e-01	1.6607e-05	6.1668e-01	3.8175e-01	1.5769e-03	2.8909e-07	1.1755e-36	1.1755e-36	5.3631e-17	0.00e+00	0.00e+00	1.9598e+01
4.63710e+17	8.5131e+03	2.082e-21	2.7826e+01	1.3757e+01	5.9519e-08	5.7752e-01	4.2248e-01	2.2876e-01	7.1445e-01	5.6792e-02	1.0141e-10	3.0474e-02	8.3321e-01	1.3630e-01	1.5328e-05	6.2868e-01	3.6989e-01	1.4366e-03	2.5653e-07	1.1755e-36	1.1755e-36	6.2772e-17	0.00e+00	0.00e+00	2.0474e+01
4.72390e+17	8.4892e+03	2.011e-21	2.7826e+01	1.3389e+01	6.5241e-08	5.9009e-01	4.0991e-01	2.3572e-01	7.0831e-01	5.5972e-02	1.1131e-10	3.0044e-02	8.3831e-01	1.3163e-01	1.4119e-05	6.4076e-01	3.5793e-01	1.3041e-03	2.2714e-07	1.1755e-36	1.1755e-36	7.3758e-17	0.00e+00	0.00e+00	2.1379e+01
4.81088e+17	8.4639e+03	1.941e-21	2.7826e+01	1.3030e+01	7.1374e-08	6.0223e-01	3.9777e-01	2.4279e-01	7.0205e-01	5.5157e-02	1.2197e-10	2.9598e-02	8.4328e-01	1.2711e-01	1.3019e-05	6.5238e-01	3.4643e-01	1.1850e-03	2.0180e-07	1.1755e-36	1.1755e-36	8.6454e-17	0.00e+00	0.00e+00	2.2296e+01
4.89820e+17	8.4376e+03	1.873e-21	2.7826e+01	1.2681e+01	7.7949e-08	6.1401e-01	3.8599e-01	2.5009e-01	6.9560e-01	5.4314e-02	1.3352e-10	2.9148e-02	8.4816e-01	1.2268e-01	1.2006e-05	6.6360e-01	3.3533e-01	1.0773e-03	1.7977e-07	1.1755e-36	1.1755e-36	1.0119e-16	0.00e+00	0.00e+00	2.3245e+01
4.98784e+17	8.4021e+03	1.805e-21	2.7826e+01	1.2327e+01	8.5571e-08	6.2573e-01	3.7427e-01	2.5771e-01	6.8886e-01	5.3428e-02	1.4652e-10	2.8673e-02	8.5304e-01	1.1828e-01	1.1058e-05	6.7469e-01	3.2433e-01	9.7796e-04	1.6021e-07	1.1755e-36	1.1755e-36	1.1911e-16	0.00e+00	0.00e+00	2.4248e+01
5.08049e+17	8.3702e+03	1.736e-21	2.7826e+01	1.1982e+01	9.3809e-08	6.3761e-01	3.6239e-01	2.6589e-01	6.8162e-01	5.2481e-02	1.6127e-10	2.8196e-02	8.5800e-01	1.1380e-01	1.0153e-05	6.8589e-01	3.1323e-01	8.8418e-04	1.4248e-07	1.1755e-36	1.1755e-36	1.4086e-16	0.00e+00	0.00e+00	2.5302e+01
5.17474e+17	8.3370e+03	1.669e-21	2.7826e+01	1.1637e+01	1.0274e-07	6.4916e-01	3.5084e-01	2.7420e-01	6.7426e-01	5.1544e-02	1.7738e-10	2.7693e-02	8.6283e-01	1.0947e-01	9.3255e-06	6.9671e-01	3.0249e-01	7.9929e-04	1.2701e-07	1.1755e-36	1.1755e-36	1.6646e-16	0.00e+00	0.00e+00	2.6379e+01
5.27004e+17	8.3013e+03	1.603e-21	2.7826e+01	1.1301e+01	1.1251e-07	6.6042e-01	3.3958e-01	2.8279e-01	6.6663e-01	5.0575e-02	1.9519e-10	2.7186e-02	8.6758e-01	1.0522e-01	8.5625e-06	7.0721e-01	2.9207e-01	7.2232e-04	1.1755e-36	1.1755e-36	1.1755e-36	1.9691e-16	0.00e+00	0.00e+00	2.7495e+01
5.36763e+17	8.2575e+03	1.538e-21	2.7826e+01	1.0961e+01	1.2376e-07	6.7152e-01	3.2848e-01	2.9170e-01	6.5873e-01	4.9570e-02	2.1537e-10	2.6660e-02	8.7229e-01	1.0105e-01	7.8544e-06	7.1752e-01	2.8183e-01	6.5203e-04	1.1755e-36	1.1755e-36	1.1755e-36	2.3435e-16	0.00e+00	0.00e+00	2.8663e+01
5.46798e+17	8.2162e+03	1.473e-21	2.7826e+01	1.0632e+01	1.3598e-07	6.8268e-01	3.1732e-01	3.0118e-01	6.5031e-01	4.8512e-02	2.3836e-10	2.6135e-02	8.7701e-01	9.6852e-02	7.1868e-06	7.2782e-01	2.7159e-01	5.8643e-04	1.1755e-36	1.1755e-36	1.1755e-36	2.8015e-16	0.00e+00	0.00e+00	2.9883e+01
5.56990e+17	8.1737e+03	1.409e-21	2.7826e+01	1.0305e+01	1.4927e-07	6.9347e-01	3.0653e-01	3.1076e-01	6.4177e-01	4.7468e-02	2.6373e-10	2.5592e-02	8.8158e-01	9.2823e-02	6.5791e-06	7.3775e-01	2.6173e-01	5.2744e-04	1.1755e-36	1.1755e-36	1.1755e-36	3.3483e-16	0.00e+00	0.00e+00	3.1127e+01
5.67303e+17	8.1286e+03	1.348e-21	2.7826e+01	9.9863e+00	1.6389e-07	7.0396e-01	2.9604e-01	3.2065e-01	6.3296e-01	4.6395e-02	2.9215e-10	2.5050e-02	8.8605e-01	8.8892e-02	6.0213e-06	7.4735e-01	2.5218e-01	4.7419e-04	1.1755e-36	1.1755e-36	1.1755e-36	4.0099e-16	0.00e+00	0.00e+00	3.2415e+01
5.77864e+17	8.0741e+03	1.287e-21	2.7826e+01	9.6662e+00	1.8097e-07	7.1433e-01	2.8567e-01	3.3088e-01	6.2384e-01	4.5288e-02	3.2508e-10	2.4495e-02	8.9046e-01	8.5041e-02	5.5058e-06	7.5679e-01	2.4278e-01	4.2577e-04	1.1755e-36	1.1755e-36	1.1755e-36	4.8470e-16	0.00e+00	0.00e+00	3.3759e+01
5.88681e+17	8.0237e+03	1.228e-21	2.7826e+01	9.3556e+00	1.9931e-07	7.2462e-01	2.7538e-01	3.4160e-01	6.1425e-01	4.4156e-02	3.6246e-10	2.3938e-02	8.9482e-01	8.1237e-02	5.0262e-06	7.6613e-01	2.3349e-01	3.8110e-04	1.1755e-36	1.1755e-36	1.1755e-36	5.8707e-16	0.00e+00	0.00e+00	3.5150e+01
5.99637e+17	7.9716e+03	1.171e-21	2.7826e+01	9.0498e+00	2.1944e-07	7.3455e-01	2.6545e-01	3.5241e-01	6.0455e-01	4.3036e-02	4.0441e-10	2.3376e-02	8.9902e-01	7.7597e-02	4.5919e-06	7.7509e-01	2.2457e-01	3.4120e-04	1.1755e-36	1.1755e-36	1.1755e-36	7.1190e-16	0.00e+00	0.00e+00	3.6568e+01
6.10726e+17	7.9166e+03	1.115e-21	2.7826e+01	8.7522e+00	2.4179e-07	7.4418e-01	2.5582e-01	3.6353e-01	5.9458e-01	4.1894e-02	4.5219e-10	2.2817e-02	9.0311e-01	7.4067e-02	4.1952e-06	7.8375e-01	2.1594e-01	3.0536e-04	1.1755e-36	1.1755e-36	1.1755e-36	8.6627e-16	0.00e+00	0.00e+00	3.8031e+01
6.22060e+17	7.8504e+03	1.061e-21	2.7826e+01	8.4546e+00	2.6837e-07	7.5370e-01	2.4630e-01	3.7498e-01	5.8430e-01	4.0723e-02	5.0895e-10	2.2252e-02	9.0712e-01	7.0629e-02	3.8311e-06	7.9228e-01	2.0745e-01	2.7297e-04	1.1755e-36	1.1755e-36	1.1755e-36	1.0678e-15	0.00e+00	0.00e+00	3.9551e+01
6.33591e+17	7.7907e+03	1.009e-21	2.7826e+01	8.1666e+00	2.9644e-07	7.6300e-01	2.3700e-01	3.8673e-01	5.7370e-01	3.9564e-02	5.7288e-10	2.1683e-02	9.1101e-01	6.7298e-02	3.4978e-06	8.0057e-01	1.9919e-01	2.4353e-04	1.1755e-36	1.1755e-36	1.1755e-36	1.3136e-15	0.00e+00	0.00e+00	4.1104e+01
6.45240e+17	7.7287e+03	9.589e-22	2.7826e+01	7.8863e+00	3.2752e-07	7.7192e-01	2.2808e-01	3.9858e-01	5.6301e-01	3.8410e-02	6.4582e-10	2.1121e-02	9.1476e-01	6.4120e-02	3.1972e-06	8.0849e-01	1.9129e-01	2.1742e-04	1.1755e-36	1.1755e-36	1.1755e-36	1.6196e-15	0.00e+00	0.00e+00	4.2692e+01
6.57098e+17	7.6598e+03	9.104e-22	2.7826e+01	7.6091e+00	3.6342e-07	7.8063e-01	2.1937e-01	4.1069e-01	5.5207e-01	3.7242e-02	7.3181e-10	2.0558e-02	9.1839e-01	6.1048e-02	2.9232e-06	8.1620e-01	1.8360e-01	1.9397e-04	1.1755e-36	1.1755e-36	1.1755e-36	2.0154e-15	0.00e+00	0.00e+00	4.4339e+01
6.69176e+17	7.5866e+03	8.637e-22	2.7826e+01	7.3405e+00	4.0462e-07	7.8930e-01	2.1070e-01	4.2324e-01	5.4071e-01	3.6049e-02	8.3456e-10	2.0001e-02	9.2194e-01	5.8056e-02	2.6721e-06	8.2386e-01	1.7597e-01	1.7269e-04	1.1755e-36	1.1755e-36	1.1755e-36	2.5349e-15	0.00e+00	0.00e+00	4.6024e+01
6.81218e+17	7.5167e+03	8.196e-22	2.7826e+01	7.0793e+00	4.4850e-07	7.9738e-01	2.0262e-01	4.3547e-01	5.2960e-01	3.4929e-02	9.4880e-10	1.9445e-02	9.2527e-01	5.5283e-02	2.4510e-06	8.3095e-01	1.6889e-01	1.5418e-04	1.1755e-36	1.1755e-36	1.1755e-36	3.1674e-15	0.00e+00	0.00e+00	4.7695e+01
6.93284e+17	7.4437e+03	7.778e-22	2.7826e+01	6.8319e+00	4.9751e-07	8.0510e-01	1.9490e-01	4.4796e-01	5.1826e-01	3.3783e-02	1.0817e-09	1.8915e-02	9.2847e-01	5.2617e-02	2.2513e-06	8.3771e-01	1.6215e-01	1.3780e-04	1.1755e-36	1.1755e-36	1.1755e-36	3.9719e-15	0.00e+00	0.00e+00	4.9421e+01
7.05575e+17	7.3598e+03	7.376e-22	2.7826e+01	6.5865e+00	5.5663e-07	8.1276e-01	1.8724e-01	4.6068e-01	5.0670e-01	3.2625e-02	1.2453e-09	1.8386e-02	9.3156e-01	5.0048e-02	2.0695e-06	8.4440e-01	1.5547e-01	1.2303e-04	1.1755e-36	1.1755e-36	1.1755e-36	5.0719e-15	0.00e+00	0.00e+00	5.1189e+01
7.17595e+17	7.2827e+03	7.006e-22	2.7826e+01	6.3567e+00	6.1816e-07	8.1986e-01	1.8014e-01	4.7284e-01	4.9560e-01	3.1559e-02	1.4255e-09	1.7874e-02	9.3441e-01	4.7715e-02	1.9124e-06	8.5058e-01	1.4931e-01	1.1034e-04	1.1755e-36	1.1755e-36	1.1755e-36	6.4025e-15	0.00e+00	0.00e+00	5.2868e+01
7.29281e+17	7.2057e+03	6.667e-22	2.7826e+01	6.1470e+00	6.8428e-07	8.2627e-01	1.7373e-01	4.8493e-01	4.8458e-01	3.0488e-02	1.6276e-09	1.7406e-02	9.3706e-01	4.5530e-02	1.7741e-06	8.5614e-01	1.4376e-01	9.9487e-05	1.1755e-36	1.1755e-36	1.1755e-36	8.0284e-15	0.00e+00	0.00e+00	5.4569e+01
7.41198e+17	7.1218e+03	6.336e-22	2.7826e+01	5.9331e+00	7.6158e-07	8.3251e-01	1.6749e-01	4.9697e-01	4.7358e-01	2.9452e-02	1.8698e-09	1.6923e-02	9.3963e-01	4.3447e-02	1.6480e-06	8.6155e-01	1.3836e-01	8.9673e-05	1.1755e-36	1.1755e-36	1.1755e-36	1.0181e-14	0.00e+00	0.00e+00	5.6342e+01
7.53230e+17	7.0424e+03	6.023e-22	2.7826e+01	5.7311e+00	8.4583e-07	8.3873e-01	1.6127e-01	5.0901e-01	4.6255e-01	2.8432e-02	2.1521e-09	1.6459e-02	9.4207e-01	4.1467e-02	1.5338e-06	8.6692e-01	1.3300e-01	8.0753e-05	1.1755e-36	1.1755e-36	1.1755e-36	1.2936e-14	0.00e+00	0.00e+00	5.8101e+01
7.65196e+17	6.9547e+03	5.730e-22	2.7826e+01	5.5404e+00	9.4475e-07	8.4471e-01	1.5529e-01	5.2118e-01	4.5143e-01	2.7394e-02	2.4940e-09	1.6020e-02	9.4440e-01	3.9581e-02	1.4312e-06	8.7207e-01	1.2786e-01	7.2873e-05	1.1755e-36	1.1755e-36	1.1755e-36	1.6634e-14	0.00e+00	0.00e+00	5.9881e+01
7.76917e+17	6.8693e+03	5.460e-22	2.7826e+01	5.3573e+00	1.0515e-06	8.5020e-01	1.4980e-01	5.3267e-01	4.4088e-01	2.6446e-02	2.8791e-09	1.5591e-02	9.4653e-01	3.7874e-02	1.3422e-06	8.7678e-01	1.2315e-01	6.6077e-05	1.1755e-36	1.1755e-36	1.1755e-36	2.1235e-14	0.00e+00	0.00e+00	6.1591e+01
7.88283e+17	6.7836e+03	5.212e-22	2.7826e+01	5.1899e+00	1.1684e-06	8.5521e-01	1.4479e-01	5.4393e-01	4.3055e-01	2.5512e-02	3.3186e-09	1.5198e-02	9.4851e-01	3.6289e-02	1.2639e-06	8.8108e-01	1.1885e-01	6.0225e-05	1.1755e-36	1.1755e-36	1.1755e-36	2.7005e-14	0.00e+00	0.00e+00	6.3286e+01
7.99562e+17	6.6968e+03	4.979e-22	2.7826e+01	5.0291e+00	1.2989e-06	8.5998e-01	1.4002e-01	5.5495e-01	4.2044e-01	2.4612e-02	3.8301e-09	1.4816e-02	9.5038e-01	3.4806e-02	1.1937e-06	8.8516e-01	1.1478e-01	5.5016e-05	1.1755e-36	1.1755e-36	1.1755e-36	3.4404e-14	0.00e+00	0.00e+00	6.4990e+01
8.10812e+17	6.6100e+03	4.758e-22	2.7826e+01	4.8744e+00	1.4446e-06	8.6457e-01	1.3543e-01	5.6574e-01	4.1051e-01	2.3744e-02	4.4275e-09	1.4446e-02	9.5214e-01	3.3414e-02	1.1305e-06	8.8909e-01	1.1086e-01	5.0334e-05	1.1755e-36	1.1755e-36	1.1755e-36	4.3940e-14	0.00e+00	0.00e+00	6.6695e+01
8.21989e+17	6.5228e+03	4.551e-22	2.7826e+01	4.7262e+00	1.6070e-06	8.6895e-01	1.3105e-01	5.7627e-01	4.0082e-01	2.2908e-02	5.1230e-09	1.4088e-02	9.5380e-01	3.2113e-02	1.0737e-06	8.9282e-01	1.0713e-01	4.6151e-05	1.1755e-36	1.1755e-36	1.1755e-36	5.6194e-14	0.00e+00	0.00e+00	6.8394e+01
8.33059e+17	6.4356e+03	4.356e-22	2.7826e+01	4.5853e+00	1.7875e-06	8.7310e-01	1.2690e-01	5.8653e-01	3.9136e-01	2.2101e-02	5.9303e-09	1.3745e-02	9.5536e-01	3.0897e-02	1.0228e-06	8.9636e-01	1.0360e-01	4.2423e-05	1.1755e-36	1.1755e-36	1.1755e-36	7.1893e-14	0.00e+00	0.00e+00	7.0083e+01
8.44017e+17	6.3394e+03	4.174e-22	2.7826e+01	4.4478e+00	2.0036e-06	8.7707e-01	1.2293e-01	5.9657e-01	3.8212e-01	2.1318e-02	6.9190e-09	1.3410e-02	9.5683e-01	2.9763e-02	9.7726e-07	8.9974e-01	1.0022e-01	3.9105e-05	1.1755e-36	1.1755e-36	1.1755e-36	9.3354e-14	0.00e+00	0.00e+00	7.1763e+01
8.54522e+17	6.2616e+03	4.009e-22	2.7826e+01	4.3253e+00	2.2073e-06	8.8060e-01	1.1940e-01	6.0576e-01	3.7362e-01	2.0617e-02	7.9227e-09	1.3105e-02	9.5814e-01	2.8752e-02	9.3783e-07	9.0273e-01	9.7233e-02	3.6246e-05	1.1755e-36	1.1755e-36	1.1755e-36	1.1707e-13	0.00e+00	0.00e+00	7.3327e+01
8.65053e+17	6.1629e+03	3.851e-22	2.7826e+01	4.2049e+00	2.4777e-06	8.8403e-01	1.1597e-01	6.1543e-01	3.6471e-01	1.9858e-02	9.2572e-09	1.2812e-02	9.5943e-01	2.7753e-02	9.0104e-07	9.0565e-01	9.4316e-02	3.3645e-05	1.1755e-36	1.1755e-36	1.1755e-36	1.5222e-13	0.00e+00	0.00e+00	7.5028e+01
8.75549e+17	6.0849e+03	3.702e-22	2.7826e+01	4.0884e+00	2.7330e-06	8.8735e-01	1.1265e-01	6.2405e-01	3.5672e-01	1.9225e-02	1.0624e-08	1.2516e-02	9.6062e-01	2.6866e-02	8.6844e-07	9.0845e-01	9.1513e-02	3.1262e-05	1.1755e-36	1.1755e-36	1.1755e-36	1.9171e-13	0.00e+00	0.00e+00	7.6593e+01
8.85939e+17	5.9869e+03	3.561e-22	2.7826e+01	3.9790e+00	3.0699e-06	8.9052e-01	1.0947e-01	6.3325e-01	3.4824e-01	1.8514e-02	1.2434e-08	1.2248e-02	9.6176e-01	2.5988e-02	8.3821e-07	9.1115e-01	8.8822e-02	2.9126e-05	1.1755e-36	1.1755e-36	1.1755e-36	2.4998e-13	0.00e+00	0.00e+00	7.8274e+01
8.96206e+17	5.9103e+03	3.429e-22	2.7826e+01	3.8733e+00	3.3811e-06	8.9349e-01	1.0651e-01	6.4133e-01	3.4074e-01	1.7931e-02	1.4243e-08	1.1977e-02	9.6281e-01	2.5216e-02	8.1161e-07	9.1365e-01	8.6322e-02	2.7196e-05	1.1755e-36	1.1755e-36	1.1755e-36	3.1370e-13	0.00e+00	0.00e+00	7.9811e+01
9.06419e+17	5.8144e+03	3.304e-22	2.7826e+01	3.7736e+00	3.7925e-06	8.9633e-01	1.0366e-01	6.5003e-01	3.3270e-01	1.7271e-02	1.6648e-08	1.1729e-02	9.6382e-01	2.4446e-02	7.8673e-07	9.1606e-01	8.3915e-02	2.5452e-05	1.1755e-36	1.1755e-36	1.1755e-36	4.0774e-13	0.00e+00	0.00e+00	8.1485e+01
9.16639e+17	5.7303e+03	3.185e-22	2.7826e+01	3.6745e+00	4.2111e-06	8.9915e-01	1.0085e-01	6.5784e-01	3.2545e-01	1.6711e-02	1.9246e-08	1.1476e-02	9.6476e-01	2.3759e-02	7.6454e-07	9.1843e-01	8.1546e-02	2.3835e-05	1.1755e-36	1.1755e-36	1.1755e-36	5.2045e-13	0.00e+00	0.00e+00	8.3034e+01
9.26474e+17	5.6428e+03	3.077e-22	2.7826e+01	3.5856e+00	4.6849e-06	9.0164e-01	9.8357e-02	6.6563e-01	3.1823e-01	1.6136e-02	2.2271e-08	1.1252e-02	9.6564e-01	2.3110e-02	7.4465e-07	9.2053e-01	7.9444e-02	2.2436e-05	1.1755e-36	1.1755e-36	1.1755e-36	6.6474e-13	0.00e+00	0.00e+00	8.4597e+01
9.36282e+17	5.5562e+03	2.973e-22	2.7826e+01	3.4990e+00	5.2093e-06	9.0407e-01	9.5924e-02	6.7312e-01	3.1129e-01	1.5592e-02	2.5759e-08	1.1032e-02	9.6646e-01	2.2505e-02	7.2649e-07	9.2258e-01	7.7394e-02	2.1144e-05	1.1755e-36	1.1755e-36	1.1755e-36	8.4868e-13	0.00e+00	0.00e+00	8.6146e+01
9.46003e+17	5.4699e+03	2.875e-22	2.7826e+01	3.4160e+00	5.7911e-06	9.0639e-01	9.3600e-02	6.8037e-01	3.0456e-01	1.5069e-02	2.9780e-08	1.0821e-02	9.6724e-01	2.1939e-02	7.0993e-07	9.2454e-01	7.5437e-02	1.9964e-05	1.1755e-36	1.1755e-36	1.1755e-36	1.0827e-12	0.00e+00	0.00e+00	8.7689e+01
9.55669e+17	5.3836e+03	2.782e-22	2.7826e+01	3.3360e+00	6.4376e-06	9.0863e-01	9.1365e-02	6.8740e-01	2.9803e-01	1.4565e-02	3.4423e-08	1.0618e-02	9.6797e-01	2.1407e-02	6.9476e-07	9.2642e-01	7.3555e-02	1.8879e-05	1.1755e-36	1.1755e-36	1.1755e-36	1.3809e-12	0.00e+00	0.00e+00	8.9228e+01
9.65293e+17	5.2971e+03	2.694e-22	2.7826e+01	3.2588e+00	7.1551e-06	9.1078e-01	8.9210e-02	6.9423e-01	2.9169e-01	1.4078e-02	3.9780e-08	1.0422e-02	9.6867e-01	2.0908e-02	6.8087e-07	9.2824e-01	7.1742e-02	1.7880e-05	1.1755e-36	1.1755e-36	1.1755e-36	1.7605e-12	0.00e+00	0.00e+00	9.0765e+01
9.74883e+17	5.2105e+03	2.609e-22	2.7826e+01	3.1843e+00	7.9504e-06	9.1286e-01	8.7132e-02	7.0087e-01	2.8552e-01	1.3609e-02	4.5954e-08	1.0232e-02	9.6933e-01	2.0440e-02	6.6811e-07	9.2998e-01	6.9995e-02	1.6959e-05	1.1755e-36	1.1755e-36	1.1755e-36	2.2430e-12	0.00e+00	0.00e+00	9.2301e+01
9.84458e+17	5.1235e+03	2.529e-22	2.7826e+01	3.1122e+00	8.8311e-06	9.1487e-01	8.5124e-02	7.0734e-01	2.7951e-01	1.3154e-02	5.3065e-08	1.0049e-02	9.6995e-01	1.9999e-02	6.5639e-07	9.3167e-01	6.8307e-02	1.6106e-05	1.1755e-36	1.1755e-36	1.1755e-36	2.8554e-12	0.00e+00	0.00e+00	9.3839e+01
9.94044e+17	5.0368e+03	2.451e-22	2.7826e+01	3.0403e+00	9.7910e-06	9.1676e-01	8.3233e-02	7.1351e-01	2.7376e-01	1.2728e-02	6.1118e-08	9.8654e-03	9.7054e-01	1.9590e-02	6.4566e-07	9.3326e-01	6.6716e-02	1.5323e-05	1.1755e-36	1.1755e-36	1.1755e-36	3.6177e-12	0.00e+00	0.00e+00	9.5386e+01
1.00374e+18	4.9504e+03	2.376e-22	2.7826e+01	2.9709e+00	1.0837e-05	9.1862e-01	8.1367e-02	7.1963e-01	2.6806e-01	1.2307e-02	6.8829e-08	9.6891e-03	9.7118e-01	1.9128e-02	6.3480e-07	9.3483e-01	6.5148e-02	1.4582e-05	1.1755e-36	1.1755e-36	1.1755e-36	4.4049e-12	0.00e+00	0.00e+00	9.6966e+01
1.01371e+18	4.8594e+03	2.303e-22	2.7826e+01	2.9038e+00	1.2044e-05	9.2060e-01	7.9392e-02	7.2594e-01	2.6219e-01	1.1868e-02	7.6564e-08	9.5226e-03	9.7186e-01	1.8613e-02	6.2374e-07	9.3649e-01	6.3492e-02	1.3857e-05	1.1755e-36	1.1755e-36	1.1755e-36	5.2493e-12	0.00e+00	0.00e+00	9.8606e+01
1.02384e+18	4.7621e+03	2.231e-22	2.7826e+01	2.8337e+00	1.3429e-05	9.2254e-01	7.7446e-02	7.3200e-01	2.5655e-01	1.1456e-02	8.5118e-08	9.3479e-03	9.7253e-01	1.8121e-02	6.1357e-07	9.3812e-01	6.1857e-02	1.3179e-05	1.1755e-36	1.1755e-36	1.1755e-36	6.2539e-12	0.00e+00	0.00e+00	1.0025e+02
1.03381e+18	4.6438e+03	2.164e-22	2.7826e+01	2.7626e+00	1.5207e-05	9.2448e-01	7.5507e-02	7.3801e-01	2.5095e-01	1.1038e-02	9.5140e-08	9.1788e-03	9.7318e-01	1.7642e-02	6.0457e-07	9.3976e-01	6.0219e-02	1.2573e-05	1.1755e-36	1.1755e-36	1.1755e-36	7.5361e-12	0.00e+00	0.00e+00	1.0184e+02
1.04291e+18	4.5834e+03	2.107e-22	2.7826e+01	2.7109e+00	1.6227e-05	9.2585e-01	7.4136e-02	7.4286e-01	2.4642e-01	1.0720e-02	1.0181e-07	9.0452e-03	9.7369e-01	1.7264e-02	5.9679e-07	9.4090e-01	5.9075e-02	1.2068e-05	1.1755e-36	1.1755e-36	1.1755e-36	8.3697e-12	0.00e+00	0.00e+00	1.0321e+02
1.05256e+18	4.4731e+03	2.047e-22	2.7826e+01	2.6539e+00	1.8050e-05	9.2744e-01	7.2543e-02	7.4915e-01	2.4057e-01	1.0275e-02	1.1172e-07	8.9186e-03	9.7429e-01	1.6788e-02	5.8865e-07	9.4226e-01	5.7723e-02	1.1564e-05	1.1755e-36	1.1755e-36	1.1755e-36	9.6984e-12	0.00e+00	0.00e+00	1.0498e+02
1.06342e+18	4.3673e+03	1.981e-22	2.7826e+01	2.5814e+00	1.9885e-05	9.2940e-01	7.0580e-02	7.5458e-01	2.3549e-01	9.9242e-03	1.2161e-07	8.7394e-03	9.7490e-01	1.6360e-02	5.8083e-07	9.4390e-01	5.6077e-02	1.0999e-05	1.1755e-36	1.1755e-36	1.1755e-36	1.1115e-11	0.00e+00	0.00e+00	1.0675e+02
1.07468e+18	4.2742e+03	1.916e-22	2.7826e+01	2.5188e+00	2.1556e-05	9.3126e-01	6.8719e-02	7.6041e-01	2.3004e-01	9.5426e-03	1.3101e-07	8.5871e-03	9.7549e-01	1.5918e-02	5.7291e-07	9.4546e-01	5.4523e-02	1.0452e-05	1.1755e-36	1.1755e-36	1.1755e-36	1.2440e-11	0.00e+00	0.00e+00	1.0866e+02
1.08808e+18	4.1454e+03	1.841e-22	2.7826e+01	2.4388e+00	2.3751e-05	9.3352e-01	6.6455e-02	7.6724e-01	2.2366e-01	9.0993e-03	1.4177e-07	8.3979e-03	9.7620e-01	1.5399e-02	5.6432e-07	9.4735e-01	5.2625e-02	9.8412e-06	1.1755e-36	1.1755e-36	1.1755e-36	1.3967e-11	0.00e+00	0.00e+00	1.1114e+02
1.10292e+18	4.0239e+03	1.761e-22	2.7826e+01	2.3474e+00	2.5733e-05	9.3626e-01	6.3719e-02	7.7328e-01	2.1797e-01	8.7429e-03	1.5155e-07	8.1672e-03	9.7690e-01	1.4930e-02	5.5615e-07	9.4962e-01	5.0357e-02	9.1733e-06	1.1755e-36	1.1755e-36	1.1755e-36	1.5382e-11	0.00e+00	0.00e+00	1.1354e+02
1.11745e+18	3.9173e+03	1.679e-22	2.7826e+01	2.2475e+00	2.7317e-05	9.3936e-01	6.0610e-02	7.7887e-01	2.1265e-01	8.4777e-03	1.6041e-07	7.9043e-03	9.7760e-01	1.4493e-02	5.4843e-07	9.5218e-01	4.7805e-02	8.4614e-06	1.1755e-36	1.1755e-36	1.1755e-36	1.6639e-11	0.00e+00	0.00e+00	1.1593e+02
###########################
5.26837e+13	8.0300e+03	3.747e-21	2.7826e+01	2.8241e+01	5.0150e-10	8.1243e-02	9.1876e-01	7.8192e-02	8.3059e-01	9.1221e-02	5.8720e-13	1.7000e-02	6.1868e-01	3.6367e-01	6.4341e-04	9.1346e-02	8.3903e-01	6.9414e-02	2.0453e-04	6.3154e-07	1.1755e-36	2.1298e-20	0.00e+00	0.00e+00	1.5042e-03
3.16102e+14	8.0210e+03	3.719e-21	2.7826e+01	2.8040e+01	4.9743e-10	8.0615e-02	9.1939e-01	7.7686e-02	8.3052e-01	9.1798e-02	5.7230e-13	1.6795e-02	6.1732e-01	3.6523e-01	6.5162e-04	9.0596e-02	8.3915e-01	7.0045e-02	2.0786e-04	6.4420e-07	1.1755e-36	2.0498e-20	0.00e+00	0.00e+00	7.4745e-03
1.36978e+15	8.0057e+03	3.700e-21	2.7826e+01	2.8024e+01	5.0019e-10	8.0395e-02	9.1961e-01	7.7794e-02	8.3053e-01	9.1678e-02	5.6877e-13	1.6760e-02	6.1763e-01	3.6495e-01	6.5238e-04	9.0332e-02	8.3910e-01	7.0360e-02	2.0876e-04	6.4695e-07	1.1755e-36	2.0277e-20	0.00e+00	0.00e+00	3.1291e-02
5.58447e+15	7.9616e+03	3.659e-21	2.7826e+01	2.8019e+01	5.1798e-10	8.0459e-02	9.1954e-01	7.8373e-02	8.3068e-01	9.0945e-02	5.7112e-13	1.6837e-02	6.1916e-01	3.6336e-01	6.4620e-04	9.0392e-02	8.3862e-01	7.0783e-02	2.0754e-04	6.4370e-07	1.1755e-36	2.0297e-20	0.00e+00	0.00e+00	1.2663e-01
1.33395e+16	7.7936e+03	3.530e-21	2.7826e+01	2.8092e+01	5.3972e-10	7.7566e-02	9.2243e-01	7.9192e-02	8.3092e-01	8.9893e-02	5.2834e-13	1.6594e-02	6.2131e-01	3.6143e-01	6.6391e-04	8.6826e-02	8.3745e-01	7.5497e-02	2.2569e-04	6.9144e-07	1.1755e-36	1.7856e-20	0.00e+00	0.00e+00	2.4612e-01
2.34211e+16	7.6711e+03	3.427e-21	2.7826e+01	2.8122e+01	5.7042e-10	7.6339e-02	9.2366e-01	8.0284e-02	8.3093e-01	8.8787e-02	5.1251e-13	1.6592e-02	6.2434e-01	3.5840e-01	6.6463e-04	8.5344e-02	8.3680e-01	7.7625e-02	2.3073e-04	7.0330e-07	1.1755e-36	1.6854e-20	0.00e+00	0.00e+00	3.9899e-01
3.65271e+16	7.5712e+03	3.350e-21	2.7826e+01	2.8108e+01	6.2221e-10	7.6678e-02	9.2332e-01	8.1644e-02	8.3091e-01	8.7445e-02	5.2039e-13	1.6812e-02	6.2806e-01	3.5448e-01	6.4877e-04	8.5768e-02	8.3623e-01	7.7782e-02	2.2396e-04	6.8424e-07	1.1755e-36	1.7034e-20	0.00e+00	0.00e+00	5.9862e-01
5.35649e+16	7.5096e+03	3.295e-21	2.7826e+01	2.8039e+01	6.9741e-10	7.8911e-02	9.2109e-01	8.3331e-02	8.3081e-01	8.5858e-02	5.5794e-13	1.7308e-02	6.3257e-01	3.4950e-01	6.1411e-04	8.8498e-02	8.3576e-01	7.5542e-02	2.0405e-04	6.3165e-07	1.1755e-36	1.8687e-20	0.00e+00	0.00e+00	8.6568e-01
7.39606e+16	7.4822e+03	3.270e-21	2.7826e+01	2.7935e+01	8.0428e-10	8.3213e-02	9.1679e-01	8.5296e-02	8.3054e-01	8.4166e-02	6.3206e-13	1.8080e-02	6.3773e-01	3.4362e-01	5.6464e-04	9.3732e-02	8.3492e-01	7.1173e-02	1.7507e-04	5.5539e-07	1.1755e-36	2.2300e-20	0.00e+00	0.00e+00	1.1805e+00
9.49353e+16	7.5150e+03	3.270e-21	2.7826e+01	2.7736e+01	9.2150e-10	8.9282e-02	9.1072e-01	8.7165e-02	8.2995e-01	8.2890e-02	7.4207e-13	1.9026e-02	6.4239e-01	3.3807e-01	5.1027e-04	1.0111e-01	8.3348e-01	6.5271e-02	1.4370e-04	4.7292e-07	1.1755e-36	2.8178e-20	0.00e+00	0.00e+00	1.5008e+00
1.17214e+17	7.5922e+03	3.300e-21	2.7826e+01	2.7481e+01	1.0909e-09	9.8621e-02	9.0138e-01	8.9761e-02	8.2909e-01	8.1151e-02	9.3318e-13	2.0374e-02	6.4876e-01	3.3042e-01	4.4253e-04	1.1243e-01	8.3016e-01	5.7309e-02	1.0917e-04	3.7883e-07	1.1755e-36	3.9454e-20	0.00e+00	0.00e+00	1.9192e+00
1.43357e+17	7.7184e+03	3.351e-21	2.7826e+01	2.7065e+01	1.3465e-09	1.1257e-01	8.8743e-01	9.3268e-02	8.2752e-01	7.9213e-02	1.2634e-12	2.2152e-02	6.5662e-01	3.2086e-01	3.6647e-04	1.2923e-01	8.2285e-01	4.7851e-02	7.5691e-05	2.8348e-07	1.1755e-36	6.1765e-20	0.00e+00	0.00e+00	2.4759e+00
1.73322e+17	7.8953e+03	3.418e-21	2.7826e+01	2.6470e+01	1.7542e-09	1.3332e-01	8.6668e-01	9.7917e-02	8.2497e-01	7.7115e-02	1.8645e-12	2.4421e-02	6.6676e-01	3.0854e-01	2.8703e-04	1.5399e-01	8.0842e-01	3.7535e-02	4.7116e-05	1.9566e-07	1.1755e-36	1.1025e-19	0.00e+00	0.00e+00	3.2205e+00
2.02146e+17	8.0937e+03	3.486e-21	2.7826e+01	2.5724e+01	2.3211e-09	1.5932e-01	8.4068e-01	1.0283e-01	8.2151e-01	7.5656e-02	2.8100e-12	2.6674e-02	6.7708e-01	2.9602e-01	2.2199e-04	1.8462e-01	7.8664e-01	2.8704e-02	2.8468e-05	1.3224e-07	1.1755e-36	2.0444e-19	0.00e+00	0.00e+00	3.9445e+00
2.27622e+17	8.2575e+03	3.519e-21	2.7826e+01	2.4908e+01	3.0793e-09	1.8777e-01	8.1223e-01	1.0850e-01	8.1743e-01	7.4068e-02	4.1287e-12	2.8677e-02	6.8814e-01	2.8301e-01	1.7294e-04	2.1768e-01	7.6022e-01	2.2083e-02	1.7627e-05	1.1755e-36	1.1755e-36	3.6559e-19	0.00e+00	0.00e+00	4.7723e+00
2.50702e+17	8.3940e+03	3.519e-21	2.7826e+01	2.4052e+01	4.0519e-09	2.1799e-01	7.8201e-01	1.1444e-01	8.1283e-01	7.2723e-02	5.8891e-12	3.0322e-02	6.9919e-01	2.7035e-01	1.3676e-04	2.5227e-01	7.3055e-01	1.7162e-02	1.1260e-05	1.1755e-36	1.1755e-36	6.2808e-19	0.00e+00	0.00e+00	5.5794e+00
2.71060e+17	8.4972e+03	3.485e-21	2.7826e+01	2.3229e+01	5.2279e-09	2.4794e-01	7.5206e-01	1.2068e-01	8.0791e-01	7.1416e-02	8.0683e-12	3.1623e-02	7.1025e-01	2.5802e-01	1.1035e-04	2.8608e-01	7.0031e-01	1.3612e-02	7.5307e-06	1.1755e-36	1.1755e-36	1.0180e-18	0.00e+00	0.00e+00	6.4352e+00
2.91975e+17	8.5718e+03	3.408e-21	2.7826e+01	2.2260e+01	6.8680e-09	2.8096e-01	7.1904e-01	1.2819e-01	8.0193e-01	6.9887e-02	1.1031e-11	3.2660e-02	7.2249e-01	2.4476e-01	8.8373e-05	3.2279e-01	6.6652e-01	1.0690e-02	4.9985e-06	1.1755e-36	1.1755e-36	1.6498e-18	0.00e+00	0.00e+00	7.5304e+00
3.13260e+17	8.6182e+03	3.306e-21	2.7826e+01	2.1226e+01	9.2145e-09	3.1771e-01	6.8229e-01	1.3675e-01	7.9486e-01	6.8388e-02	1.5175e-11	3.3432e-02	7.3560e-01	2.3090e-01	7.0374e-05	3.6298e-01	6.2870e-01	8.3104e-03	3.2979e-06	1.1755e-36	1.1755e-36	2.7204e-18	0.00e+00	0.00e+00	8.6684e+00
3.31820e+17	8.6542e+03	3.188e-21	2.7826e+01	2.0259e+01	1.1845e-08	3.5137e-01	6.4863e-01	1.4485e-01	7.8787e-01	6.7273e-02	1.9866e-11	3.3776e-02	7.4734e-01	2.1883e-01	5.7783e-05	3.9919e-01	5.9416e-01	6.6487e-03	2.3060e-06	1.1755e-36	1.1755e-36	4.1740e-18	0.00e+00	0.00e+00	9.7016e+00
3.43956e+17	8.6727e+03	3.106e-21	2.7826e+01	1.9621e+01	1.3921e-08	3.7386e-01	6.2614e-01	1.5021e-01	7.8306e-01	6.6725e-02	2.3559e-11	3.3820e-02	7.5477e-01	2.1136e-01	5.1061e-05	4.2305e-01	5.7119e-01	5.7561e-03	1.8403e-06	1.1755e-36	1.1755e-36	5.4975e-18	0.00e+00	0.00e+00	1.0197e+01
3.50251e+17	8.6769e+03	3.060e-21	2.7826e+01	1.9301e+01	1.5098e-08	3.8508e-01	6.1492e-01	1.5335e-01	7.8034e-01	6.6307e-02	2.5624e-11	3.3826e-02	7.5886e-01	2.0726e-01	4.7891e-05	4.3487e-01	5.5977e-01	5.3518e-03	1.6438e-06	1.1755e-36	1.1755e-36	6.2944e-18	0.00e+00	0.00e+00	1.0539e+01
3.56019e+17	8.6771e+03	3.012e-21	2.7826e+01	1.9002e+01	1.6288e-08	3.9544e-01	6.0456e-01	1.5654e-01	7.7763e-01	6.5830e-02	2.7688e-11	3.3829e-02	7.6291e-01	2.0322e-01	4.5042e-05	4.4575e-01	5.4925e-01	4.9981e-03	1.4794e-06	1.1755e-36	1.1755e-36	7.1289e-18	0.00e+00	0.00e+00	1.0989e+01
3.63474e+17	8.6714e+03	2.951e-21	2.7826e+01	1.8618e+01	1.8024e-08	4.0909e-01	5.9091e-01	1.6088e-01	7.7397e-01	6.5143e-02	3.0638e-11	3.3814e-02	7.6822e-01	1.9793e-01	4.1578e-05	4.5999e-01	5.3544e-01	4.5705e-03	1.2909e-06	1.1755e-36	1.1755e-36	8.3980e-18	0.00e+00	0.00e+00	1.1595e+01
3.72062e+17	8.6644e+03	2.882e-21	2.7826e+01	1.8195e+01	2.0229e-08	4.2498e-01	5.7502e-01	1.6594e-01	7.6967e-01	6.4387e-02	3.4426e-11	3.3765e-02	7.7419e-01	1.9201e-01	3.7969e-05	4.7645e-01	5.1942e-01	4.1260e-03	1.1063e-06	1.1755e-36	1.1755e-36	1.0161e-17	0.00e+00	0.00e+00	1.2248e+01
3.80449e+17	8.6625e+03	2.809e-21	2.7826e+01	1.7756e+01	2.2469e-08	4.4001e-01	5.5999e-01	1.7075e-01	7.6546e-01	6.3796e-02	3.8299e-11	3.3606e-02	7.7975e-01	1.8661e-01	3.4865e-05	4.9192e-01	5.0434e-01	3.7395e-03	9.5605e-07	1.1755e-36	1.1755e-36	1.2107e-17	0.00e+00	0.00e+00	1.2868e+01
3.88488e+17	8.6571e+03	2.739e-21	2.7826e+01	1.7339e+01	2.4834e-08	4.5428e-01	5.4572e-01	1.7560e-01	7.6121e-01	6.3192e-02	4.2354e-11	3.3420e-02	7.8514e-01	1.8141e-01	3.2128e-05	5.0650e-01	4.9009e-01	3.4035e-03	8.3283e-07	1.1755e-36	1.1755e-36	1.4295e-17	0.00e+00	0.00e+00	1.3511e+01
3.96743e+17	8.6498e+03	2.664e-21	2.7826e+01	1.6907e+01	2.7472e-08	4.6870e-01	5.3130e-01	1.8073e-01	7.5671e-01	6.2566e-02	4.6843e-11	3.3182e-02	7.9064e-01	1.7614e-01	2.9560e-05	5.2115e-01	4.7576e-01	3.0904e-03	7.2445e-07	1.1755e-36	1.1755e-36	1.6897e-17	0.00e+00	0.00e+00	1.4208e+01
4.05372e+17	8.6372e+03	2.589e-21	2.7826e+01	1.6487e+01	3.0599e-08	4.8401e-01	5.1599e-01	1.8646e-01	7.5172e-01	6.1821e-02	5.2198e-11	3.2951e-02	7.9647e-01	1.7055e-01	2.7062e-05	5.3659e-01	4.6061e-01	2.7921e-03	6.2667e-07	1.1755e-36	1.1755e-36	2.0247e-17	0.00e+00	0.00e+00	1.4956e+01
4.14082e+17	8.6237e+03	2.512e-21	2.7826e+01	1.6052e+01	3.3999e-08	4.9902e-01	5.0098e-01	1.9224e-01	7.4663e-01	6.1135e-02	5.7964e-11	3.2645e-02	8.0217e-01	1.6516e-01	2.4810e-05	5.5162e-01	4.4585e-01	2.5231e-03	5.4352e-07	1.1755e-36	1.1755e-36	2.4151e-17	0.00e+00	0.00e+00	1.5712e+01
4.22698e+17	8.6101e+03	2.435e-21	2.7826e+01	1.5629e+01	3.7613e-08	5.1349e-01	4.8651e-01	1.9813e-01	7.4143e-01	6.0443e-02	6.4126e-11	3.2311e-02	8.0774e-01	1.5992e-01	2.2784e-05	5.6603e-01	4.3169e-01	2.2841e-03	4.7360e-07	1.1755e-36	1.1755e-36	2.8646e-17	0.00e+00	0.00e+00	1.6489e+01
4.31489e+17	8.5934e+03	2.357e-21	2.7826e+01	1.5206e+01	4.1647e-08	5.2797e-01	4.7203e-01	2.0438e-01	7.3594e-01	5.9683e-02	7.0990e-11	3.1947e-02	8.1340e-01	1.5463e-01	2.0891e-05	5.8035e-01	4.1758e-01	2.0638e-03	4.1252e-07	1.1755e-36	1.1755e-36	3.4045e-17	0.00e+00	0.00e+00	1.7321e+01
4.39949e+17	8.5773e+03	2.284e-21	2.7826e+01	1.4811e+01	4.5796e-08	5.4152e-01	4.5848e-01	2.1038e-01	7.3061e-01	5.9011e-02	7.8099e-11	3.1572e-02	8.1863e-01	1.4978e-01	1.9262e-05	5.9367e-01	4.0445e-01	1.8752e-03	3.6278e-07	1.1755e-36	1.1755e-36	4.0077e-17	0.00e+00	0.00e+00	1.8077e+01
4.47673e+17	8.5605e+03	2.218e-21	2.7826e+01	1.4460e+01	4.9840e-08	5.5345e-01	4.4655e-01	2.1610e-01	7.2555e-01	5.8348e-02	8.5022e-11	3.1219e-02	8.2338e-01	1.4538e-01	1.7890e-05	6.0533e-01	3.9295e-01	1.7196e-03	3.2357e-07	1.1755e-36	1.1755e-36	4.6345e-17	0.00e+00	0.00e+00	1.8806e+01
4.55410e+17	8.5369e+03	2.151e-21	2.7826e+01	1.4111e+01	5.4358e-08	5.6512e-01	4.3488e-01	2.2210e-01	7.2028e-01	5.7619e-02	9.2552e-11	3.0856e-02	8.2816e-01	1.4097e-01	1.6607e-05	6.1668e-01	3.8175e-01	1.5769e-03	2.8908e-07	1.1755e-36	1.1755e-36	5.3628e-17	0.00e+00	0.00e+00	1.9598e+01
4.63712e+17	8.5131e+03	2.082e-21	2.7826e+01	1.3757e+01	5.9517e-08	5.7752e-01	4.2248e-01	2.2877e-01	7.1444e-01	5.6792e-02	1.0140e-10	3.0472e-02	8.3322e-01	1.3629e-01	1.5328e-05	6.2868e-01	3.6989e-01	1.4365e-03	2.5653e-07	1.1755e-36	1.1755e-36	6.2768e-17	0.00e+00	0.00e+00	2.0474e+01
4.72392e+17	8.4892e+03	2.011e-21	2.7826e+01	1.3389e+01	6.5239e-08	5.9009e-01	4.0991e-01	2.3573e-01	7.0830e-01	5.5972e-02	1.1131e-10	3.0042e-02	8.3832e-01	1.3163e-01	1.4119e-05	6.4076e-01	3.5793e-01	1.3040e-03	2.2713e-07	1.1755e-36	1.1755e-36	7.3752e-17	0.00e+00	0.00e+00	2.1379e+01
4.81089e+17	8.4639e+03	1.941e-21	2.7826e+01	1.3030e+01	7.1372e-08	6.0223e-01	3.9777e-01	2.4280e-01	7.0205e-01	5.5157e-02	1.2196e-10	2.9596e-02	8.4328e-01	1.2711e-01	1.3019e-05	6.5238e-01	3.4643e-01	1.1850e-03	2.0180e-07	1.1755e-36	1.1755e-36	8.6448e-17	0.00e+00	0.00e+00	2.2296e+01
4.89822e+17	8.4376e+03	1.873e-21	2.7826e+01	1.2681e+01	7.7947e-08	6.1401e-01	3.8599e-01	2.5009e-01	6.9559e-01	5.4314e-02	1.3352e-10	2.9147e-02	8.4816e-01	1.2268e-01	1.2006e-05	6.6360e-01	3.3533e-01	1.0772e-03	1.7977e-07	1.1755e-36	1.1755e-36	1.0118e-16	0.00e+00	0.00e+00	2.3245e+01
4.98785e+17	8.4021e+03	1.805e-21	2.7826e+01	1.2327e+01	8.5568e-08	6.2573e-01	3.7427e-01	2.5772e-01	6.8886e-01	5.3427e-02	1.4652e-10	2.8672e-02	8.5304e-01	1.1827e-01	1.1057e-05	6.7469e-01	3.2433e-01	9.7793e-04	1.6021e-07	1.1755e-36	1.1755e-36	1.1911e-16	0.00e+00	0.00e+00	2.4248e+01
5.08050e+17	8.3701e+03	1.736e-21	2.7826e+01	1.1982e+01	9.3806e-08	6.3761e-01	3.6239e-01	2.6590e-01	6.8162e-01	5.2481e-02	1.6127e-10	2.8194e-02	8.5800e-01	1.1380e-01	1.0153e-05	6.8589e-01	3.1323e-01	8.8416e-04	1.4248e-07	1.1755e-36	1.1755e-36	1.4085e-16	0.00e+00	0.00e+00	2.5302e+01
5.17475e+17	8.3370e+03	1.669e-21	2.7826e+01	1.1637e+01	1.0274e-07	6.4916e-01	3.5083e-01	2.7420e-01	6.7425e-01	5.1544e-02	1.7738e-10	2.7691e-02	8.6283e-01	1.0947e-01	9.3253e-06	6.9671e-01	3.0249e-01	7.9927e-04	1.2701e-07	1.1755e-36	1.1755e-36	1.6645e-16	0.00e+00	0.00e+00	2.6379e+01
5.27005e+17	8.3013e+03	1.603e-21	2.7826e+01	1.1301e+01	1.1251e-07	6.6042e-01	3.3958e-01	2.8280e-01	6.6663e-01	5.0574e-02	1.9518e-10	2.7184e-02	8.6758e-01	1.0522e-01	8.5624e-06	7.0721e-01	2.9207e-01	7.2230e-04	1.1755e-36	1.1755e-36	1.1755e-36	1.9690e-16	0.00e+00	0.00e+00	2.7495e+01
5.36764e+17	8.2575e+03	1.537e-21	2.7826e+01	1.0961e+01	1.2376e-07	6.7152e-01	3.2848e-01	2.9170e-01	6.5873e-01	4.9570e-02	2.1536e-10	2.6658e-02	8.7229e-01	1.0104e-01	7.8542e-06	7.1752e-01	2.8183e-01	6.5201e-04	1.1755e-36	1.1755e-36	1.1755e-36	2.3433e-16	0.00e+00	0.00e+00	2.8663e+01
5.46799e+17	8.2162e+03	1.473e-21	2.7826e+01	1.0632e+01	1.3597e-07	6.8268e-01	3.1732e-01	3.0118e-01	6.5031e-01	4.8511e-02	2.3835e-10	2.6133e-02	8.7701e-01	9.6851e-02	7.1866e-06	7.2783e-01	2.7159e-01	5.8641e-04	1.1755e-36	1.1755e-36	1.1755e-36	2.8013e-16	0.00e+00	0.00e+00	2.9883e+01
5.56991e+17	8.1737e+03	1.409e-21	2.7826e+01	1.0305e+01	1.4926e-07	6.9347e-01	3.0653e-01	3.1077e-01	6.4177e-01	4.7468e-02	2.6372e-10	2.5590e-02	8.8158e-01	9.2821e-02	6.5789e-06	7.3775e-01	2.6173e-01	5.2742e-04	1.1755e-36	1.1755e-36	1.1755e-36	3.3480e-16	0.00e+00	0.00e+00	3.1127e+01
5.67304e+17	8.1286e+03	1.348e-21	2.7826e+01	9.9862e+00	1.6388e-07	7.0396e-01	2.9604e-01	3.2066e-01	6.3295e-01	4.6394e-02	2.9214e-10	2.5048e-02	8.8606e-01	8.8891e-02	6.0211e-06	7.4735e-01	2.5218e-01	4.7417e-04	1.1755e-36	1.1755e-36	1.1755e-36	4.0096e-16	0.00e+00	0.00e+00	3.2415e+01
5.77864e+17	8.0741e+03	1.287e-21	2.7826e+01	9.6661e+00	1.8097e-07	7.1433e-01	2.8567e-01	3.3088e-01	6.2383e-01	4.5287e-02	3.2507e-10	2.4493e-02	8.9046e-01	8.5039e-02	5.5057e-06	7.5679e-01	2.4278e-01	4.2576e-04	1.1755e-36	1.1755e-36	1.1755e-36	4.8466e-16	0.00e+00	0.00e+00	3.3759e+01
5.88682e+17	8.0237e+03	1.228e-21	2.7826e+01	9.3556e+00	1.9930e-07	7.2462e-01	2.7538e-01	3.4160e-01	6.1424e-01	4.4156e-02	3.6245e-10	2.3936e-02	8.9482e-01	8.1236e-02	5.0261e-06	7.6613e-01	2.3349e-01	3.8109e-04	1.1755e-36	1.1755e-36	1.1755e-36	5.8702e-16	0.00e+00	0.00e+00	3.5150e+01
5.99638e+17	7.9716e+03	1.171e-21	2.7826e+01	9.0498e+00	2.1943e-07	7.3455e-01	2.6545e-01	3.5242e-01	6.0454e-01	4.3035e-02	4.0440e-10	2.3374e-02	8.9903e-01	7.7596e-02	4.5918e-06	7.7509e-01	2.2457e-01	3.4119e-04	1.1755e-36	1.1755e-36	1.1755e-36	7.1184e-16	0.00e+00	0.00e+00	3.6568e+01
6.10727e+17	7.9166e+03	1.115e-21	2.7826e+01	8.7522e+00	2.4178e-07	7.4418e-01	2.5582e-01	3.6354e-01	5.9457e-01	4.1894e-02	4.5218e-10	2.2815e-02	9.0312e-01	7.4065e-02	4.1951e-06	7.8375e-01	2.1594e-01	3.0535e-04	1.1755e-36	1.1755e-36	1.1755e-36	8.6620e-16	0.00e+00	0.00e+00	3.8031e+01
6.22061e+17	7.8504e+03	1.061e-21	2.7826e+01	8.4546e+00	2.6836e-07	7.5370e-01	2.4630e-01	3.7498e-01	5.8430e-01	4.0723e-02	5.0893e-10	2.2250e-02	9.0712e-01	7.0627e-02	3.8310e-06	7.9228e-01	2.0745e-01	2.7296e-04	1.1755e-36	1.1755e-36	1.1755e-36	1.0678e-15	0.00e+00	0.00e+00	3.9551e+01
6.33592e+17	7.7907e+03	1.009e-21	2.7826e+01	8.1666e+00	2.9643e-07	7.6300e-01	2.3700e-01	3.8674e-01	5.7370e-01	3.9564e-02	5.7286e-10	2.1681e-02	9.1102e-01	6.7297e-02	3.4977e-06	8.0057e-01	1.9919e-01	2.4352e-04	1.1755e-36	1.1755e-36	1.1755e-36	1.3135e-15	0.00e+00	0.00e+00	4.1104e+01
6.45241e+17	7.7287e+03	9.589e-22	2.7826e+01	7.8862e+00	3.2751e-07	7.7192e-01	2.2808e-01	3.9859e-01	5.6300e-01	3.8410e-02	6.4581e-10	2.1119e-02	9.1476e-01	6.4119e-02	3.1972e-06	8.0849e-01	1.9129e-01	2.1741e-04	1.1755e-36	1.1755e-36	1.1755e-36	1.6194e-15	0.00e+00	0.00e+00	4.2692e+01
6.57099e+17	7.6598e+03	9.104e-22	2.7826e+01	7.6091e+00	3.6341e-07	7.8063e-01	2.1937e-01	4.1070e-01	5.5206e-01	3.7242e-02	7.3179e-10	2.0556e-02	9.1839e-01	6.1047e-02	2.9231e-06	8.1620e-01	1.8360e-01	1.9397e-04	1.1755e-36	1.1755e-36	1.1755e-36	2.0153e-15	0.00e+00	0.00e+00	4.4339e+01
6.69176e+17	7.5866e+03	8.637e-22	2.7826e+01	7.3405e+00	4.0461e-07	7.8930e-01	2.1070e-01	4.2325e-01	5.4070e-01	3.6049e-02	8.3454e-10	1.9999e-02	9.2194e-01	5.8055e-02	2.6720e-06	8.2386e-01	1.7597e-01	1.7269e-04	1.1755e-36	1.1755e-36	1.1755e-36	2.5347e-15	0.00e+00	0.00e+00	4.6024e+01
6.81219e+17	7.5166e+03	8.196e-22	2.7826e+01	7.0792e+00	4.4848e-07	7.9738e-01	2.0262e-01	4.3547e-01	5.2960e-01	3.4929e-02	9.4878e-10	1.9443e-02	9.2527e-01	5.5282e-02	2.4510e-06	8.3095e-01	1.6890e-01	1.5418e-04	1.1755e-36	1.1755e-36	1.1755e-36	3.1672e-15	0.00e+00	0.00e+00	4.7695e+01
6.93285e+17	7.4437e+03	7.778e-22	2.7826e+01	6.8318e+00	4.9750e-07	8.0510e-01	1.9490e-01	4.4796e-01	5.1825e-01	3.3782e-02	1.0817e-09	1.8913e-02	9.2847e-01	5.2616e-02	2.2512e-06	8.3771e-01	1.6215e-01	1.3780e-04	1.1755e-36	1.1755e-36	1.1755e-36	3.9716e-15	0.00e+00	0.00e+00	4.9421e+01
7.05575e+17	7.3598e+03	7.376e-22	2.7826e+01	6.5865e+00	5.5662e-07	8.1276e-01	1.8724e-01	4.6069e-01	5.0669e-01	3.2624e-02	1.2453e-09	1.8384e-02	9.3157e-01	5.0047e-02	2.0695e-06	8.4440e-01	1.5547e-01	1.2303e-04	1.1755e-36	1.1755e-36	1.1755e-36	5.0716e-15	0.00e+00	0.00e+00	5.1189e+01
7.17594e+17	7.2827e+03	7.006e-22	2.7826e+01	6.3567e+00	6.1814e-07	8.1985e-01	1.8015e-01	4.7285e-01	4.9559e-01	3.1558e-02	1.4255e-09	1.7871e-02	9.3441e-01	4.7714e-02	1.9124e-06	8.5058e-01	1.4931e-01	1.1033e-04	1.1755e-36	1.1755e-36	1.1755e-36	6.4019e-15	0.00e+00	0.00e+00	5.2868e+01
7.29279e+17	7.2057e+03	6.667e-22	2.7826e+01	6.1470e+00	6.8425e-07	8.2626e-01	1.7373e-01	4.8494e-01	4.8457e-01	3.0488e-02	1.6275e-09	1.7404e-02	9.3706e-01	4.5529e-02	1.7741e-06	8.5614e-01	1.4376e-01	9.9486e-05	1.1755e-36	1.1755e-36	1.1755e-36	8.0276e-15	0.00e+00	0.00e+00	5.4568e+01
7.41197e+17	7.1218e+03	6.336e-22	2.7826e+01	5.9331e+00	7.6156e-07	8.3250e-01	1.6749e-01	4.9698e-01	4.7357e-01	2.9451e-02	1.8697e-09	1.6921e-02	9.3963e-01	4.3446e-02	1.6480e-06	8.6154e-01	1.3837e-01	8.9672e-05	1.1755e-36	1.1755e-36	1.1755e-36	1.0180e-14	0.00e+00	0.00e+00	5.6341e+01
7.53229e+17	7.0423e+03	6.023e-22	2.7826e+01	5.7312e+00	8.4581e-07	8.3873e-01	1.6127e-01	5.0902e-01	4.6255e-01	2.8431e-02	2.1520e-09	1.6456e-02	9.4208e-01	4.1466e-02	1.5338e-06	8.6692e-01	1.3300e-01	8.0753e-05	1.1755e-36	1.1755e-36	1.1755e-36	1.2935e-14	0.00e+00	0.00e+00	5.8101e+01
7.65194e+17	6.9546e+03	5.730e-22	2.7826e+01	5.5405e+00	9.4472e-07	8.4470e-01	1.5529e-01	5.2119e-01	4.5142e-01	2.7393e-02	2.4939e-09	1.6018e-02	9.4440e-01	3.9580e-02	1.4312e-06	8.7206e-01	1.2786e-01	7.2874e-05	1.1755e-36	1.1755e-36	1.1755e-36	1.6632e-14	0.00e+00	0.00e+00	5.9880e+01
7.76913e+17	6.8693e+03	5.460e-22	2.7826e+01	5.3574e+00	1.0515e-06	8.5019e-01	1.4980e-01	5.3268e-01	4.4088e-01	2.6445e-02	2.8790e-09	1.5589e-02	9.4654e-01	3.7873e-02	1.3422e-06	8.7678e-01	1.2315e-01	6.6079e-05	1.1755e-36	1.1755e-36	1.1755e-36	2.1233e-14	0.00e+00	0.00e+00	6.1590e+01
7.88279e+17	6.7835e+03	5.212e-22	2.7826e+01	5.1900e+00	1.1683e-06	8.5521e-01	1.4479e-01	5.4394e-01	4.3055e-01	2.5511e-02	3.3185e-09	1.5196e-02	9.4851e-01	3.6289e-02	1.2639e-06	8.8108e-01	1.1886e-01	6.0227e-05	1.1755e-36	1.1755e-36	1.1755e-36	2.7002e-14	0.00e+00	0.00e+00	6.3285e+01
7.99557e+17	6.6968e+03	4.979e-22	2.7826e+01	5.0292e+00	1.2988e-06	8.5997e-01	1.4003e-01	5.5496e-01	4.2043e-01	2.4611e-02	3.8299e-09	1.4814e-02	9.5038e-01	3.4805e-02	1.1937e-06	8.8516e-01	1.1478e-01	5.5018e-05	1.1755e-36	1.1755e-36	1.1755e-36	3.4401e-14	0.00e+00	0.00e+00	6.4989e+01
8.10807e+17	6.6099e+03	4.758e-22	2.7826e+01	4.8745e+00	1.4445e-06	8.6456e-01	1.3544e-01	5.6575e-01	4.1051e-01	2.3743e-02	4.4273e-09	1.4444e-02	9.5214e-01	3.3414e-02	1.1305e-06	8.8908e-01	1.1087e-01	5.0336e-05	1.1755e-36	1.1755e-36	1.1755e-36	4.3935e-14	0.00e+00	0.00e+00	6.6694e+01
8.21983e+17	6.5228e+03	4.551e-22	2.7826e+01	4.7264e+00	1.6069e-06	8.6894e-01	1.3106e-01	5.7628e-01	4.0081e-01	2.2907e-02	5.1228e-09	1.4086e-02	9.5380e-01	3.2112e-02	1.0737e-06	8.9282e-01	1.0714e-01	4.6153e-05	1.1755e-36	1.1755e-36	1.1755e-36	5.6187e-14	0.00e+00	0.00e+00	6.8393e+01
8.33052e+17	6.4355e+03	4.357e-22	2.7826e+01	4.5855e+00	1.7874e-06	8.7309e-01	1.2691e-01	5.8654e-01	3.9136e-01	2.2100e-02	5.9301e-09	1.3743e-02	9.5536e-01	3.0897e-02	1.0228e-06	8.9635e-01	1.0361e-01	4.2425e-05	1.1755e-36	1.1755e-36	1.1755e-36	7.1884e-14	0.00e+00	0.00e+00	7.0082e+01
8.44009e+17	6.3393e+03	4.174e-22	2.7826e+01	4.4480e+00	2.0036e-06	8.7706e-01	1.2293e-01	5.9657e-01	3.8211e-01	2.1317e-02	6.9187e-09	1.3408e-02	9.5683e-01	2.9763e-02	9.7727e-07	8.9973e-01	1.0023e-01	3.9107e-05	1.1755e-36	1.1755e-36	1.1755e-36	9.3342e-14	0.00e+00	0.00e+00	7.1762e+01
8.54514e+17	6.2615e+03	4.009e-22	2.7826e+01	4.3255e+00	2.2073e-06	8.8059e-01	1.1941e-01	6.0577e-01	3.7361e-01	2.0616e-02	7.9224e-09	1.3103e-02	9.5814e-01	2.8752e-02	9.3784e-07	9.0272e-01	9.7239e-02	3.6249e-05	1.1755e-36	1.1755e-36	1.1755e-36	1.1705e-13	0.00e+00	0.00e+00	7.3325e+01
8.65043e+17	6.1628e+03	3.851e-22	2.7826e+01	4.2051e+00	2.4776e-06	8.8402e-01	1.1597e-01	6.1544e-01	3.6470e-01	1.9857e-02	9.2568e-09	1.2810e-02	9.5944e-01	2.7753e-02	9.0105e-07	9.0564e-01	9.4323e-02	3.3648e-05	1.1755e-36	1.1755e-36	1.1755e-36	1.5220e-13	0.00e+00	0.00e+00	7.5026e+01
8.75538e+17	6.0848e+03	3.702e-22	2.7826e+01	4.0886e+00	2.7330e-06	8.8734e-01	1.1266e-01	6.2406e-01	3.5671e-01	1.9224e-02	1.0623e-08	1.2515e-02	9.6062e-01	2.6866e-02	8.6845e-07	9.0845e-01	9.1520e-02	3.1266e-05	1.1755e-36	1.1755e-36	1.1755e-36	1.9168e-13	0.00e+00	0.00e+00	7.6591e+01
8.85927e+17	5.9868e+03	3.561e-22	2.7826e+01	3.9792e+00	3.0698e-06	8.9051e-01	1.0948e-01	6.3325e-01	3.4823e-01	1.8513e-02	1.2434e-08	1.2246e-02	9.6177e-01	2.5988e-02	8.3823e-07	9.1114e-01	8.8830e-02	2.9129e-05	1.1755e-36	1.1755e-36	1.1755e-36	2.4994e-13	0.00e+00	0.00e+00	7.8271e+01
8.96193e+17	5.9103e+03	3.429e-22	2.7826e+01	3.8736e+00	3.3811e-06	8.9348e-01	1.0652e-01	6.4134e-01	3.4073e-01	1.7930e-02	1.4243e-08	1.1975e-02	9.6281e-01	2.5216e-02	8.1163e-07	9.1364e-01	8.6330e-02	2.7200e-05	1.1755e-36	1.1755e-36	1.1755e-36	3.1364e-13	0.00e+00	0.00e+00	7.9808e+01
9.06404e+17	5.8143e+03	3.304e-22	2.7826e+01	3.7739e+00	3.7924e-06	8.9632e-01	1.0367e-01	6.5004e-01	3.3269e-01	1.7270e-02	1.6647e-08	1.1728e-02	9.6383e-01	2.4445e-02	7.8675e-07	9.1605e-01	8.3924e-02	2.5456e-05	1.1755e-36	1.1755e-36	1.1755e-36	4.0767e-13	0.00e+00	0.00e+00	8.1483e+01
9.16622e+17	5.7302e+03	3.185e-22	2.7826e+01	3.6748e+00	4.2110e-06	8.9913e-01	1.0086e-01	6.5785e-01	3.2544e-01	1.6710e-02	1.9245e-08	1.1474e-02	9.6477e-01	2.3759e-02	7.6456e-07	9.1842e-01	8.1556e-02	2.3839e-05	1.1755e-36	1.1755e-36	1.1755e-36	5.2035e-13	0.00e+00	0.00e+00	8.3031e+01
9.26455e+17	5.6427e+03	3.077e-22	2.7826e+01	3.5860e+00	4.6848e-06	9.0163e-01	9.8369e-02	6.6564e-01	3.1822e-01	1.6135e-02	2.2270e-08	1.1250e-02	9.6564e-01	2.3110e-02	7.4468e-07	9.2052e-01	7.9454e-02	2.2440e-05	1.1755e-36	1.1755e-36	1.1755e-36	6.6461e-13	0.00e+00	0.00e+00	8.4593e+01
9.36262e+17	5.5561e+03	2.973e-22	2.7826e+01	3.4994e+00	5.2092e-06	9.0406e-01	9.5937e-02	6.7313e-01	3.1128e-01	1.5591e-02	2.5757e-08	1.1031e-02	9.6646e-01	2.2505e-02	7.2651e-07	9.2257e-01	7.7405e-02	2.1148e-05	1.1755e-36	1.1755e-36	1.1755e-36	8.4847e-13	0.00e+00	0.00e+00	8.6142e+01
9.45981e+17	5.4698e+03	2.875e-22	2.7826e+01	3.4164e+00	5.7911e-06	9.0638e-01	9.3614e-02	6.8038e-01	3.0455e-01	1.5067e-02	2.9778e-08	1.0820e-02	9.6724e-01	2.1939e-02	7.0995e-07	9.2453e-01	7.5448e-02	1.9968e-05	1.1755e-36	1.1755e-36	1.1755e-36	1.0824e-12	0.00e+00	0.00e+00	8.7685e+01
9.55645e+17	5.3834e+03	2.782e-22	2.7826e+01	3.3364e+00	6.4376e-06	9.0861e-01	9.1380e-02	6.8742e-01	2.9802e-01	1.4563e-02	3.4421e-08	1.0617e-02	9.6798e-01	2.1407e-02	6.9479e-07	9.2641e-01	7.3567e-02	1.8883e-05	1.1755e-36	1.1755e-36	1.1755e-36	1.3806e-12	0.00e+00	0.00e+00	8.9224e+01
9.65266e+17	5.2970e+03	2.694e-22	2.7826e+01	3.2593e+00	7.1551e-06	9.1077e-01	8.9226e-02	6.9425e-01	2.9168e-01	1.4077e-02	3.9777e-08	1.0421e-02	9.6867e-01	2.0908e-02	6.8090e-07	9.2822e-01	7.1755e-02	1.7885e-05	1.1755e-36	1.1755e-36	1.1755e-36	1.7601e-12	0.00e+00	0.00e+00	9.0760e+01
9.74853e+17	5.2104e+03	2.610e-22	2.7826e+01	3.1848e+00	7.9505e-06	9.1284e-01	8.7150e-02	7.0089e-01	2.8551e-01	1.3607e-02	4.5950e-08	1.0232e-02	9.6933e-01	2.0440e-02	6.6815e-07	9.2997e-01	7.0010e-02	1.6964e-05	1.1755e-36	1.1755e-36	1.1755e-36	2.2424e-12	0.00e+00	0.00e+00	9.2295e+01
9.84424e+17	5.1234e+03	2.529e-22	2.7826e+01	3.1127e+00	8.8312e-06	9.1485e-01	8.5144e-02	7.0735e-01	2.7949e-01	1.3153e-02	5.3060e-08	1.0049e-02	9.6995e-01	1.9999e-02	6.5642e-07	9.3166e-01	6.8323e-02	1.6111e-05	1.1755e-36	1.1755e-36	1.1755e-36	2.8546e-12	0.00e+00	0.00e+00	9.3833e+01
9.94007e+17	5.0366e+03	2.452e-22	2.7826e+01	3.0408e+00	9.7912e-06	9.1674e-01	8.3254e-02	7.1353e-01	2.7375e-01	1.2726e-02	6.1112e-08	9.8651e-03	9.7054e-01	1.9590e-02	6.4570e-07	9.3325e-01	6.6733e-02	1.5328e-05	1.1755e-36	1.1755e-36	1.1755e-36	3.6166e-12	0.00e+00	0.00e+00	9.5379e+01
1.00370e+18	4.9502e+03	2.377e-22	2.7826e+01	2.9715e+00	1.0838e-05	9.1860e-01	8.1390e-02	7.1965e-01	2.6805e-01	1.2304e-02	6.8815e-08	9.6890e-03	9.7118e-01	1.9128e-02	6.3483e-07	9.3481e-01	6.5167e-02	1.4588e-05	1.1755e-36	1.1755e-36	1.1755e-36	4.4027e-12	0.00e+00	0.00e+00	9.6958e+01
1.01366e+18	4.8592e+03	2.303e-22	2.7826e+01	2.9045e+00	1.2044e-05	9.2057e-01	7.9418e-02	7.2596e-01	2.6218e-01	1.1865e-02	7.6547e-08	9.5228e-03	9.7186e-01	1.8613e-02	6.2378e-07	9.3647e-01	6.3514e-02	1.3864e-05	1.1755e-36	1.1755e-36	1.1755e-36	5.2463e-12	0.00e+00	0.00e+00	9.8597e+01
1.02378e+18	4.7619e+03	2.231e-22	2.7826e+01	2.8345e+00	1.3430e-05	9.2251e-01	7.7475e-02	7.3202e-01	2.5653e-01	1.1453e-02	8.5096e-08	9.3484e-03	9.7253e-01	1.8121e-02	6.1361e-07	9.3810e-01	6.1881e-02	1.3186e-05	1.1755e-36	1.1755e-36	1.1755e-36	6.2499e-12	0.00e+00	0.00e+00	1.0024e+02
1.03375e+18	4.6435e+03	2.164e-22	2.7826e+01	2.7635e+00	1.5209e-05	9.2444e-01	7.5540e-02	7.3804e-01	2.5093e-01	1.1034e-02	9.5113e-08	9.1797e-03	9.7318e-01	1.7642e-02	6.0462e-07	9.3973e-01	6.0246e-02	1.2581e-05	1.1755e-36	1.1755e-36	1.1755e-36	7.5308e-12	0.00e+00	0.00e+00	1.0183e+02
1.04284e+18	4.5830e+03	2.107e-22	2.7826e+01	2.7119e+00	1.6229e-05	9.2581e-01	7.4175e-02	7.4289e-01	2.4640e-01	1.0717e-02	1.0178e-07	9.0466e-03	9.7369e-01	1.7263e-02	5.9684e-07	9.4087e-01	5.9106e-02	1.2077e-05	1.1755e-36	1.1755e-36	1.1755e-36	8.3625e-12	0.00e+00	0.00e+00	1.0319e+02
1.05248e+18	4.4728e+03	2.047e-22	2.7826e+01	2.6551e+00	1.8051e-05	9.2739e-01	7.2587e-02	7.4918e-01	2.4055e-01	1.0271e-02	1.1167e-07	8.9205e-03	9.7429e-01	1.6788e-02	5.8870e-07	9.4222e-01	5.7758e-02	1.1574e-05	1.1755e-36	1.1755e-36	1.1755e-36	9.6880e-12	0.00e+00	0.00e+00	1.0497e+02
1.06333e+18	4.3666e+03	1.981e-22	2.7826e+01	2.5828e+00	1.9889e-05	9.2935e-01	7.0634e-02	7.5462e-01	2.3546e-01	9.9188e-03	1.2155e-07	8.7422e-03	9.7490e-01	1.6359e-02	5.8089e-07	9.4386e-01	5.6120e-02	1.1011e-05	1.1755e-36	1.1755e-36	1.1755e-36	1.1102e-11	0.00e+00	0.00e+00	1.0673e+02
1.07457e+18	4.2736e+03	1.917e-22	2.7826e+01	2.5205e+00	2.1561e-05	9.3119e-01	6.8787e-02	7.6045e-01	2.3001e-01	9.5360e-03	1.3092e-07	8.5913e-03	9.7549e-01	1.5917e-02	5.7299e-07	9.4540e-01	5.4577e-02	1.0467e-05	1.1755e-36	1.1755e-36	1.1755e-36	1.2419e-11	0.00e+00	0.00e+00	1.0864e+02
1.08794e+18	4.1444e+03	1.842e-22	2.7826e+01	2.4413e+00	2.3758e-05	9.3343e-01	6.6550e-02	7.6730e-01	2.2361e-01	9.0897e-03	1.4162e-07	8.4047e-03	9.7620e-01	1.5398e-02	5.6442e-07	9.4728e-01	5.2701e-02	9.8614e-06	1.1755e-36	1.1755e-36	1.1755e-36	1.3932e-11	0.00e+00	0.00e+00	1.1111e+02
1.10272e+18	4.0218e+03	1.764e-22	2.7826e+01	2.3521e+00	2.5753e-05	9.3608e-01	6.3895e-02	7.7338e-01	2.1789e-01	8.7234e-03	1.5122e-07	8.1817e-03	9.7689e-01	1.4929e-02	5.5633e-07	9.4948e-01	5.0497e-02	9.2096e-06	1.1755e-36	1.1755e-36	1.1755e-36	1.5307e-11	0.00e+00	0.00e+00	1.1350e+02
1.11711e+18	3.8949e+03	1.693e-22	2.7826e+01	2.2733e+00	2.7545e-05	9.3834e-01	6.1634e-02	7.7977e-01	2.1190e-01	8.3285e-03	1.5810e-07	7.9981e-03	9.7754e-01	1.4464e-02	5.4925e-07	9.5137e-01	4.8609e-02	8.6638e-06	1.1755e-36	1.1755e-36	1.1755e-36	1.6092e-11	0.00e+00	0.00e+00	1.1585e+02
