#depth	Te	Htot	hden	eden	2H_2/H	HI	HII	HeI	HeII	HeIII	CO/C	C1	C2	C3	C4	O1	O2	O3	O4	O5	O6	H2O/O	AV(point)	AV(extend)	Tau912
4.60361e+10	9.6193e+03	5.640e-15	3.5938e+04	3.6824e+04	1.5823e-12	7.2553e-02	9.2745e-01	6.9300e-02	8.2891e-01	1.0179e-01	4.2283e-13	1.4845e-02	5.8841e-01	3.9597e-01	7.7029e-04	8.1226e-02	8.4707e-01	7.1471e-02	2.2946e-04	7.3485e-07	1.1755e-36	1.4898e-20	0.00e+00	0.00e+00	1.5160e-03
2.76217e+11	9.6096e+03	5.603e-15	3.5938e+04	3.6615e+04	1.5690e-12	7.2067e-02	9.2793e-01	6.8941e-02	8.2877e-01	1.0229e-01	4.1389e-13	1.4688e-02	5.8731e-01	3.9722e-01	7.7860e-04	8.0646e-02	8.4710e-01	7.2025e-02	2.3266e-04	7.4731e-07	1.1755e-36	1.4433e-20	0.00e+00	0.00e+00	7.5396e-03
1.19694e+12	9.5975e+03	5.567e-15	3.5938e+04	3.6569e+04	1.5638e-12	7.1769e-02	9.2823e-01	6.8975e-02	8.2876e-01	1.0227e-01	4.0980e-13	1.4620e-02	5.8747e-01	3.9712e-01	7.8144e-04	8.0294e-02	8.4709e-01	7.2379e-02	2.3402e-04	7.5198e-07	1.1755e-36	1.4203e-20	0.00e+00	0.00e+00	3.1534e-02
4.87983e+12	9.5591e+03	5.491e-15	3.5938e+04	3.6563e+04	1.5858e-12	7.1701e-02	9.2830e-01	6.9510e-02	8.2896e-01	1.0153e-01	4.1028e-13	1.4652e-02	5.8924e-01	3.9533e-01	7.7540e-04	8.0223e-02	8.4692e-01	7.2622e-02	2.3215e-04	7.4655e-07	1.1755e-36	1.4144e-20	0.00e+00	0.00e+00	1.2742e-01
1.16563e+13	9.4265e+03	5.247e-15	3.5938e+04	3.6644e+04	1.5184e-12	6.8482e-02	9.3152e-01	7.0007e-02	8.2900e-01	1.0099e-01	3.7253e-13	1.4343e-02	5.9106e-01	3.9379e-01	8.0569e-04	7.6335e-02	8.4607e-01	7.7341e-02	2.5380e-04	8.0773e-07	1.1755e-36	1.2136e-20	0.00e+00	0.00e+00	2.4648e-01
2.04658e+13	9.3187e+03	5.068e-15	3.5938e+04	3.6723e+04	1.5113e-12	6.6912e-02	9.3309e-01	7.0828e-02	8.2917e-01	1.0000e-01	3.5625e-13	1.4272e-02	5.9394e-01	3.9097e-01	8.1328e-04	7.4457e-02	8.4547e-01	7.9806e-02	2.6163e-04	8.2797e-07	1.1755e-36	1.1232e-20	0.00e+00	0.00e+00	3.9771e-01
3.19181e+13	9.2240e+03	4.929e-15	3.5938e+04	3.6725e+04	1.5626e-12	6.6701e-02	9.3330e-01	7.1885e-02	8.2946e-01	9.8656e-02	3.5571e-13	1.4373e-02	5.9743e-01	3.8739e-01	8.0058e-04	7.4221e-02	8.4505e-01	8.0469e-02	2.5673e-04	8.1312e-07	1.1755e-36	1.1068e-20	0.00e+00	0.00e+00	5.9368e-01
4.68061e+13	9.1650e+03	4.827e-15	3.5938e+04	3.6670e+04	1.6766e-12	6.8131e-02	9.3187e-01	7.3242e-02	8.2991e-01	9.6848e-02	3.7455e-13	1.4712e-02	6.0179e-01	3.8273e-01	7.6361e-04	7.5977e-02	8.4500e-01	7.8782e-02	2.3669e-04	7.5721e-07	1.1755e-36	1.1798e-20	0.00e+00	0.00e+00	8.5391e-01
6.48755e+13	9.1220e+03	4.776e-15	3.5938e+04	3.6559e+04	1.8925e-12	7.1500e-02	9.2850e-01	7.4974e-02	8.3041e-01	9.4616e-02	4.1860e-13	1.5295e-02	6.0712e-01	3.7687e-01	7.0453e-04	8.0064e-02	8.4487e-01	7.4856e-02	2.0484e-04	6.6888e-07	1.1755e-36	1.3725e-20	0.00e+00	0.00e+00	1.1672e+00
8.37293e+13	9.1223e+03	4.774e-15	3.5938e+04	3.6354e+04	2.1974e-12	7.6692e-02	9.2331e-01	7.6780e-02	8.3067e-01	9.2554e-02	4.8975e-13	1.6062e-02	6.1248e-01	3.7082e-01	6.3501e-04	8.6354e-02	8.4436e-01	6.9117e-02	1.6852e-04	5.6824e-07	1.1755e-36	1.7126e-20	0.00e+00	0.00e+00	1.4875e+00
1.03711e+14	9.1686e+03	4.822e-15	3.5938e+04	3.6020e+04	2.6812e-12	8.4905e-02	9.1509e-01	7.9324e-02	8.3077e-01	8.9907e-02	6.1509e-13	1.7173e-02	6.1943e-01	3.6284e-01	5.4806e-04	9.6292e-02	8.4252e-01	6.1063e-02	1.2788e-04	4.5320e-07	1.1755e-36	2.3703e-20	0.00e+00	0.00e+00	1.9030e+00
1.27035e+14	9.2156e+03	4.929e-15	3.5938e+04	3.5540e+04	3.5958e-12	9.8101e-02	9.0190e-01	8.3098e-02	8.3039e-01	8.6512e-02	8.5241e-13	1.8780e-02	6.2945e-01	3.5132e-01	4.4545e-04	1.1219e-01	8.3686e-01	5.0867e-02	8.6957e-05	3.3165e-07	1.1755e-36	3.7764e-20	0.00e+00	0.00e+00	2.4614e+00
1.51681e+14	9.3092e+03	5.075e-15	3.5938e+04	3.4832e+04	5.0754e-12	1.1679e-01	8.8321e-01	8.7614e-02	8.2903e-01	8.3358e-02	1.2607e-12	2.0658e-02	6.4051e-01	3.3849e-01	3.4797e-04	1.3452e-01	8.2506e-01	4.0368e-02	5.4539e-05	2.2905e-07	1.1755e-36	6.6464e-20	0.00e+00	0.00e+00	3.1031e+00
1.75316e+14	9.4038e+03	5.235e-15	3.5938e+04	3.3979e+04	7.4754e-12	1.4123e-01	8.5877e-01	9.2923e-02	8.2676e-01	8.0322e-02	1.9400e-12	2.2686e-02	6.5320e-01	3.2385e-01	2.6470e-04	1.6342e-01	8.0558e-01	3.0965e-02	3.2613e-05	1.5275e-07	1.1755e-36	1.2427e-19	0.00e+00	0.00e+00	3.8422e+00
1.96647e+14	9.4967e+03	5.355e-15	3.5938e+04	3.2884e+04	1.0941e-11	1.6941e-01	8.3059e-01	9.8487e-02	8.2353e-01	7.7983e-02	2.9309e-12	2.4444e-02	6.6551e-01	3.0984e-01	2.0282e-04	1.9633e-01	7.8003e-01	2.3622e-02	1.9670e-05	1.1755e-36	1.1755e-36	2.2707e-19	0.00e+00	0.00e+00	4.5958e+00
2.15159e+14	9.5588e+03	5.426e-15	3.5938e+04	3.1788e+04	1.5684e-11	1.9943e-01	8.0057e-01	1.0447e-01	8.1972e-01	7.5812e-02	4.2747e-12	2.5920e-02	6.7797e-01	2.9595e-01	1.5819e-04	2.3090e-01	7.5083e-01	1.8266e-02	1.2336e-05	1.1755e-36	1.1755e-36	3.9479e-19	0.00e+00	0.00e+00	5.3843e+00
2.32479e+14	9.5971e+03	5.434e-15	3.5938e+04	3.0603e+04	2.2228e-11	2.3167e-01	7.6833e-01	1.1101e-01	8.1522e-01	7.3769e-02	6.0851e-12	2.7119e-02	6.9085e-01	2.8191e-01	1.2448e-04	2.6748e-01	7.1831e-01	1.4195e-02	7.9009e-06	1.1755e-36	1.1755e-36	6.6312e-19	0.00e+00	0.00e+00	6.2895e+00
2.49076e+14	9.6168e+03	5.384e-15	3.5938e+04	2.9343e+04	3.1156e-11	2.6597e-01	7.3403e-01	1.1810e-01	8.0997e-01	7.1936e-02	8.4831e-12	2.8021e-02	7.0409e-01	2.6779e-01	9.8733e-05	3.0581e-01	6.8312e-01	1.1067e-02	5.1524e-06	1.1755e-36	1.1755e-36	1.0819e-18	0.00e+00	0.00e+00	7.2538e+00
2.64503e+14	9.6194e+03	5.280e-15	3.5938e+04	2.8081e+04	4.2577e-11	3.0026e-01	6.9974e-01	1.2557e-01	8.0414e-01	7.0288e-02	1.1444e-11	2.8618e-02	7.1720e-01	2.5411e-01	7.9559e-05	3.4353e-01	6.4772e-01	8.7460e-03	3.4768e-06	1.1755e-36	1.1755e-36	1.6833e-18	0.00e+00	0.00e+00	8.2676e+00
2.78565e+14	9.6103e+03	5.140e-15	3.5938e+04	2.6876e+04	5.6239e-11	3.3284e-01	6.6716e-01	1.3310e-01	7.9803e-01	6.8875e-02	1.4860e-11	2.8933e-02	7.2963e-01	2.4137e-01	6.5470e-05	3.7883e-01	6.1412e-01	7.0498e-03	2.4487e-06	1.1755e-36	1.1755e-36	2.4763e-18	0.00e+00	0.00e+00	9.2680e+00
2.91095e+14	9.5938e+03	4.984e-15	3.5938e+04	2.5783e+04	7.1560e-11	3.6247e-01	6.3753e-01	1.4051e-01	7.9190e-01	6.7591e-02	1.8565e-11	2.9045e-02	7.4104e-01	2.2986e-01	5.5131e-05	4.1048e-01	5.8370e-01	5.8189e-03	1.8062e-06	1.1755e-36	1.1755e-36	3.4416e-18	0.00e+00	0.00e+00	1.0240e+01
3.02579e+14	9.5729e+03	4.819e-15	3.5938e+04	2.4775e+04	8.8615e-11	3.8977e-01	6.1023e-01	1.4789e-01	7.8571e-01	6.6400e-02	2.2568e-11	2.9017e-02	7.5170e-01	2.1924e-01	4.7164e-05	4.3928e-01	5.5583e-01	4.8823e-03	1.3762e-06	1.1755e-36	1.1755e-36	4.5923e-18	0.00e+00	0.00e+00	1.1226e+01
3.13635e+14	9.5448e+03	4.646e-15	3.5938e+04	2.3817e+04	1.0836e-10	4.1613e-01	5.8387e-01	1.5561e-01	7.7917e-01	6.5221e-02	2.7066e-11	2.8900e-02	7.6216e-01	2.0890e-01	4.0606e-05	4.6675e-01	5.2913e-01	4.1228e-03	1.0654e-06	1.1755e-36	1.1755e-36	6.0046e-18	0.00e+00	0.00e+00	1.2261e+01
3.24568e+14	9.5130e+03	4.467e-15	3.5938e+04	2.2901e+04	1.3146e-10	4.4205e-01	5.5795e-01	1.6390e-01	7.7215e-01	6.3951e-02	3.2221e-11	2.8717e-02	7.7257e-01	1.9867e-01	3.5043e-05	4.9345e-01	5.0306e-01	3.4894e-03	8.3245e-07	1.1755e-36	1.1755e-36	7.7672e-18	0.00e+00	0.00e+00	1.3355e+01
3.35471e+14	9.4829e+03	4.276e-15	3.5938e+04	2.1970e+04	1.5746e-10	4.6693e-01	5.3307e-01	1.7241e-01	7.6479e-01	6.2793e-02	3.7854e-11	2.8393e-02	7.8267e-01	1.8891e-01	3.0378e-05	5.1879e-01	4.7824e-01	2.9632e-03	6.5745e-07	1.1755e-36	1.1755e-36	9.8429e-18	0.00e+00	0.00e+00	1.4510e+01
3.46068e+14	9.4519e+03	4.088e-15	3.5938e+04	2.1091e+04	1.8604e-10	4.9028e-01	5.0972e-01	1.8109e-01	7.5724e-01	6.1666e-02	4.3900e-11	2.8005e-02	7.9228e-01	1.7969e-01	2.6514e-05	5.4233e-01	4.5514e-01	2.5340e-03	5.2741e-07	1.1755e-36	1.1755e-36	1.2231e-17	0.00e+00	0.00e+00	1.5655e+01
3.56153e+14	9.4205e+03	3.907e-15	3.5938e+04	2.0280e+04	2.1655e-10	5.1175e-01	4.8825e-01	1.8978e-01	7.4966e-01	6.0562e-02	5.0218e-11	2.7586e-02	8.0127e-01	1.7112e-01	2.3332e-05	5.6375e-01	4.3407e-01	2.1869e-03	4.3068e-07	1.1755e-36	1.1755e-36	1.4882e-17	0.00e+00	0.00e+00	1.6802e+01
3.66034e+14	9.3890e+03	3.732e-15	3.5938e+04	1.9516e+04	2.4968e-10	5.3204e-01	4.6796e-01	1.9872e-01	7.4184e-01	5.9438e-02	5.6977e-11	2.7142e-02	8.0991e-01	1.6292e-01	2.0607e-05	5.8381e-01	4.1430e-01	1.8951e-03	3.5537e-07	1.1755e-36	1.1755e-36	1.7880e-17	0.00e+00	0.00e+00	1.7996e+01
3.74140e+14	9.3640e+03	3.593e-15	3.5938e+04	1.8905e+04	2.7783e-10	5.4732e-01	4.5268e-01	2.0581e-01	7.3558e-01	5.8610e-02	6.2524e-11	2.6714e-02	8.1646e-01	1.5681e-01	1.8740e-05	5.9879e-01	3.9951e-01	1.6960e-03	3.0726e-07	1.1755e-36	1.1755e-36	2.0446e-17	0.00e+00	0.00e+00	1.8782e+01
3.79955e+14	9.3422e+03	3.495e-15	3.5938e+04	1.8504e+04	3.0041e-10	5.5838e-01	4.4162e-01	2.1149e-01	7.3060e-01	5.7906e-02	6.7024e-11	2.6453e-02	8.2133e-01	1.5220e-01	1.7454e-05	6.0958e-01	3.8886e-01	1.5632e-03	2.7660e-07	1.1755e-36	1.1755e-36	2.2600e-17	0.00e+00	0.00e+00	1.9454e+01
3.85638e+14	9.3125e+03	3.400e-15	3.5938e+04	1.8118e+04	3.2572e-10	5.6942e-01	4.3058e-01	2.1749e-01	7.2541e-01	5.7092e-02	7.1921e-11	2.6211e-02	8.2623e-01	1.4754e-01	1.6237e-05	6.2031e-01	3.7825e-01	1.4400e-03	2.4917e-07	1.1755e-36	1.1755e-36	2.5007e-17	0.00e+00	0.00e+00	2.0237e+01
3.92119e+14	9.2988e+03	3.286e-15	3.5938e+04	1.7640e+04	3.5158e-10	5.8071e-01	4.1929e-01	2.2371e-01	7.1990e-01	5.6388e-02	7.6983e-11	2.5826e-02	8.3133e-01	1.4283e-01	1.5031e-05	6.3121e-01	3.6747e-01	1.3162e-03	2.2276e-07	1.1755e-36	1.1755e-36	2.7538e-17	0.00e+00	0.00e+00	2.1146e+01
3.99389e+14	9.2631e+03	3.166e-15	3.5938e+04	1.7151e+04	3.8674e-10	5.9376e-01	4.0624e-01	2.3141e-01	7.1318e-01	5.5418e-02	8.3565e-11	2.5458e-02	8.3716e-01	1.3737e-01	1.3750e-05	6.4375e-01	3.5506e-01	1.1883e-03	1.9651e-07	1.1755e-36	1.1755e-36	3.0937e-17	0.00e+00	0.00e+00	2.2175e+01
4.06853e+14	9.2314e+03	3.048e-15	3.5938e+04	1.6682e+04	4.2440e-10	6.0670e-01	3.9330e-01	2.3949e-01	7.0610e-01	5.4416e-02	9.0741e-11	2.5087e-02	8.4294e-01	1.3196e-01	1.2566e-05	6.5611e-01	3.4282e-01	1.0709e-03	1.7348e-07	1.1755e-36	1.1755e-36	3.4784e-17	0.00e+00	0.00e+00	2.3179e+01
4.13969e+14	9.2043e+03	2.937e-15	3.5938e+04	1.6231e+04	4.6102e-10	6.1827e-01	3.8173e-01	2.4709e-01	6.9938e-01	5.3531e-02	9.7587e-11	2.4695e-02	8.4818e-01	1.2712e-01	1.1560e-05	6.6710e-01	3.3193e-01	9.7200e-04	1.5486e-07	1.1755e-36	1.1755e-36	3.8527e-17	0.00e+00	0.00e+00	2.4153e+01
4.21090e+14	9.1797e+03	2.827e-15	3.5938e+04	1.5787e+04	4.9893e-10	6.2936e-01	3.7064e-01	2.5479e-01	6.9257e-01	5.2640e-02	1.0464e-10	2.4289e-02	8.5326e-01	1.2244e-01	1.0640e-05	6.7759e-01	3.2152e-01	8.8277e-04	1.3868e-07	1.1755e-36	1.1755e-36	4.2465e-17	0.00e+00	0.00e+00	2.5195e+01
4.28689e+14	9.1383e+03	2.716e-15	3.5938e+04	1.5349e+04	5.4693e-10	6.4150e-01	3.5850e-01	2.6377e-01	6.8468e-01	5.1549e-02	1.1333e-10	2.3907e-02	8.5875e-01	1.1733e-01	9.7134e-06	6.8902e-01	3.1018e-01	7.9474e-04	1.2326e-07	1.1755e-36	1.1755e-36	4.7468e-17	0.00e+00	0.00e+00	2.6345e+01
4.36508e+14	9.1145e+03	2.603e-15	3.5938e+04	1.4887e+04	5.9225e-10	6.5268e-01	3.4732e-01	2.7235e-01	6.7703e-01	5.0623e-02	1.2167e-10	2.3443e-02	8.6390e-01	1.1265e-01	8.8925e-06	6.9949e-01	2.9980e-01	7.1653e-04	1.1755e-36	1.1755e-36	1.1755e-36	5.2339e-17	0.00e+00	0.00e+00	2.7491e+01
4.44424e+14	9.0703e+03	2.495e-15	3.5938e+04	1.4461e+04	6.4870e-10	6.6442e-01	3.3558e-01	2.8201e-01	6.6851e-01	4.9478e-02	1.3165e-10	2.3040e-02	8.6921e-01	1.0774e-01	8.1048e-06	7.1042e-01	2.8893e-01	6.4341e-04	1.1755e-36	1.1755e-36	1.1755e-36	5.8358e-17	0.00e+00	0.00e+00	2.8712e+01
4.52449e+14	9.0495e+03	2.387e-15	3.5938e+04	1.4019e+04	6.9923e-10	6.7496e-01	3.2504e-01	2.9106e-01	6.6040e-01	4.8539e-02	1.4095e-10	2.2561e-02	8.7410e-01	1.0333e-01	7.4172e-06	7.2019e-01	2.7923e-01	5.7943e-04	1.1755e-36	1.1755e-36	1.1755e-36	6.4020e-17	0.00e+00	0.00e+00	2.9930e+01
4.60701e+14	9.0069e+03	2.281e-15	3.5938e+04	1.3589e+04	7.6303e-10	6.8603e-01	3.1397e-01	3.0114e-01	6.5145e-01	4.7412e-02	1.5197e-10	2.2112e-02	8.7916e-01	9.8723e-02	6.7552e-06	7.3040e-01	2.6908e-01	5.1934e-04	1.1755e-36	1.1755e-36	1.1755e-36	7.0876e-17	0.00e+00	0.00e+00	3.1261e+01
4.69280e+14	8.9623e+03	2.177e-15	3.5938e+04	1.3171e+04	8.3452e-10	6.9729e-01	3.0271e-01	3.1197e-01	6.4182e-01	4.6213e-02	1.6440e-10	2.1668e-02	8.8423e-01	9.4094e-02	6.1328e-06	7.4074e-01	2.5879e-01	4.6339e-04	1.1755e-36	1.1755e-36	1.1755e-36	7.8829e-17	0.00e+00	0.00e+00	3.2623e+01
4.77771e+14	8.9260e+03	2.077e-15	3.5938e+04	1.2758e+04	9.0491e-10	7.0758e-01	2.9242e-01	3.2237e-01	6.3250e-01	4.5132e-02	1.7657e-10	2.1197e-02	8.8893e-01	8.9870e-02	5.5915e-06	7.5014e-01	2.4944e-01	4.1512e-04	1.1755e-36	1.1755e-36	1.1755e-36	8.6689e-17	0.00e+00	0.00e+00	3.3967e+01
4.86312e+14	8.8916e+03	1.980e-15	3.5938e+04	1.2354e+04	9.7849e-10	7.1744e-01	2.8256e-01	3.3288e-01	6.2308e-01	4.4046e-02	1.8928e-10	2.0722e-02	8.9345e-01	8.5823e-02	5.1006e-06	7.5911e-01	2.4051e-01	3.7198e-04	1.1755e-36	1.1755e-36	1.1755e-36	9.4993e-17	0.00e+00	0.00e+00	3.5386e+01
4.95303e+14	8.8413e+03	1.883e-15	3.5938e+04	1.1957e+04	1.0699e-09	7.2797e-01	2.7203e-01	3.4472e-01	6.1247e-01	4.2808e-02	2.0461e-10	2.0264e-02	8.9815e-01	8.1580e-02	4.6240e-06	7.6866e-01	2.3101e-01	3.3077e-04	1.1755e-36	1.1755e-36	1.1755e-36	1.0526e-16	0.00e+00	0.00e+00	3.6917e+01
5.04464e+14	8.8083e+03	1.789e-15	3.5938e+04	1.1551e+04	1.1563e-09	7.3760e-01	2.6240e-01	3.5598e-01	6.0230e-01	4.1722e-02	2.1943e-10	1.9754e-02	9.0252e-01	7.7719e-02	4.2063e-06	7.7733e-01	2.2237e-01	2.9474e-04	1.1755e-36	1.1755e-36	1.1755e-36	1.1521e-16	0.00e+00	0.00e+00	3.8432e+01
5.13708e+14	8.7598e+03	1.698e-15	3.5938e+04	1.1162e+04	1.2590e-09	7.4731e-01	2.5269e-01	3.6801e-01	5.9145e-01	4.0539e-02	2.3623e-10	1.9273e-02	9.0685e-01	7.3868e-02	3.8198e-06	7.8605e-01	2.1368e-01	2.6210e-04	1.1755e-36	1.1755e-36	1.1755e-36	1.2665e-16	0.00e+00	0.00e+00	4.0032e+01
5.23189e+14	8.7128e+03	1.611e-15	3.5938e+04	1.0786e+04	1.3703e-09	7.5691e-01	2.4309e-01	3.8051e-01	5.8017e-01	3.9327e-02	2.5471e-10	1.8798e-02	9.1108e-01	7.0117e-02	3.4659e-06	7.9464e-01	2.0512e-01	2.3250e-04	1.1755e-36	1.1755e-36	1.1755e-36	1.3949e-16	0.00e+00	0.00e+00	4.1668e+01
5.32697e+14	8.6688e+03	1.527e-15	3.5938e+04	1.0417e+04	1.4856e-09	7.6595e-01	2.3405e-01	3.9282e-01	5.6900e-01	3.8177e-02	2.7364e-10	1.8314e-02	9.1507e-01	6.6616e-02	3.1530e-06	8.0269e-01	1.9711e-01	2.0662e-04	1.1755e-36	1.1755e-36	1.1755e-36	1.5267e-16	0.00e+00	0.00e+00	4.3317e+01
5.42329e+14	8.6219e+03	1.447e-15	3.5938e+04	1.0056e+04	1.6116e-09	7.7475e-01	2.2525e-01	4.0545e-01	5.5753e-01	3.7015e-02	2.9406e-10	1.7834e-02	9.1893e-01	6.3234e-02	2.8688e-06	8.1050e-01	1.8931e-01	1.8346e-04	1.1755e-36	1.1755e-36	1.1755e-36	1.6700e-16	0.00e+00	0.00e+00	4.5036e+01
5.52249e+14	8.5756e+03	1.369e-15	3.5938e+04	9.7006e+03	1.7483e-09	7.8343e-01	2.1657e-01	4.1846e-01	5.4570e-01	3.5845e-02	3.1628e-10	1.7349e-02	9.2270e-01	5.9952e-02	2.6087e-06	8.1817e-01	1.8167e-01	1.6249e-04	1.1755e-36	1.1755e-36	1.1755e-36	1.8272e-16	0.00e+00	0.00e+00	4.6825e+01
5.62398e+14	8.5256e+03	1.293e-15	3.5938e+04	9.3485e+03	1.8995e-09	7.9190e-01	2.0810e-01	4.3168e-01	5.3365e-01	3.4677e-02	3.4025e-10	1.6861e-02	9.2634e-01	5.6800e-02	2.3736e-06	8.2563e-01	1.7422e-01	1.4375e-04	1.1755e-36	1.1755e-36	1.1755e-36	1.9977e-16	0.00e+00	0.00e+00	4.8664e+01
5.72692e+14	8.4703e+03	1.221e-15	3.5938e+04	9.0106e+03	2.0683e-09	8.0023e-01	1.9977e-01	4.4531e-01	5.2120e-01	3.3488e-02	3.6655e-10	1.6389e-02	9.2985e-01	5.3756e-02	2.1610e-06	8.3294e-01	1.6693e-01	1.2705e-04	1.1755e-36	1.1755e-36	1.1755e-36	2.1860e-16	0.00e+00	0.00e+00	5.0544e+01
5.83047e+14	8.4255e+03	1.153e-15	3.5938e+04	8.6799e+03	2.2353e-09	8.0793e-01	1.9207e-01	4.5854e-01	5.0908e-01	3.2381e-02	3.9315e-10	1.5908e-02	9.3314e-01	5.0947e-02	1.9744e-06	8.3967e-01	1.6022e-01	1.1254e-04	1.1755e-36	1.1755e-36	1.1755e-36	2.3753e-16	0.00e+00	0.00e+00	5.2443e+01
5.93653e+14	8.3640e+03	1.088e-15	3.5938e+04	8.3619e+03	2.4389e-09	8.1578e-01	1.8422e-01	4.7263e-01	4.9618e-01	3.1187e-02	4.2388e-10	1.5452e-02	9.3639e-01	4.8155e-02	1.8021e-06	8.4651e-01	1.5339e-01	9.9384e-05	1.1755e-36	1.1755e-36	1.1755e-36	2.5964e-16	0.00e+00	0.00e+00	5.4452e+01
6.04493e+14	8.3200e+03	1.025e-15	3.5938e+04	8.0439e+03	2.6330e-09	8.2303e-01	1.7697e-01	4.8618e-01	4.8372e-01	3.0107e-02	4.5457e-10	1.4972e-02	9.3944e-01	4.5590e-02	1.6506e-06	8.5280e-01	1.4711e-01	8.7866e-05	1.1755e-36	1.1755e-36	1.1755e-36	2.8145e-16	0.00e+00	0.00e+00	5.6474e+01
6.15384e+14	8.2581e+03	9.658e-16	3.5938e+04	7.7417e+03	2.8671e-09	8.3018e-01	1.6982e-01	5.0011e-01	4.7090e-01	2.8982e-02	4.8874e-10	1.4521e-02	9.4236e-01	4.3116e-02	1.5147e-06	8.5900e-01	1.4092e-01	7.7728e-05	1.1755e-36	1.1755e-36	1.1755e-36	3.0574e-16	0.00e+00	0.00e+00	5.8538e+01
6.26473e+14	8.1992e+03	9.098e-16	3.5938e+04	7.4517e+03	3.1165e-09	8.3710e-01	1.6290e-01	5.1419e-01	4.5795e-01	2.7862e-02	5.2567e-10	1.4083e-02	9.4516e-01	4.0760e-02	1.3927e-06	8.6497e-01	1.3496e-01	6.8729e-05	1.1755e-36	1.1755e-36	1.1755e-36	3.3209e-16	0.00e+00	0.00e+00	6.0670e+01
6.37853e+14	8.1418e+03	8.561e-16	3.5938e+04	7.1657e+03	3.3837e-09	8.4374e-01	1.5626e-01	5.2826e-01	4.4496e-01	2.6772e-02	5.6494e-10	1.3641e-02	9.4783e-01	3.8525e-02	1.2833e-06	8.7068e-01	1.2926e-01	6.0745e-05	1.1755e-36	1.1755e-36	1.1755e-36	3.5985e-16	0.00e+00	0.00e+00	6.2878e+01
6.49402e+14	8.0813e+03	8.055e-16	3.5938e+04	6.8893e+03	3.6774e-09	8.5011e-01	1.4989e-01	5.4225e-01	4.3204e-01	2.5704e-02	6.0686e-10	1.3209e-02	9.5037e-01	3.6422e-02	1.1863e-06	8.7616e-01	1.2379e-01	5.3747e-05	1.1755e-36	1.1755e-36	1.1755e-36	3.8928e-16	0.00e+00	0.00e+00	6.5109e+01
6.60947e+14	8.0215e+03	7.585e-16	3.5938e+04	6.6286e+03	3.9883e-09	8.5609e-01	1.4391e-01	5.5598e-01	4.1935e-01	2.4668e-02	6.5077e-10	1.2796e-02	9.5273e-01	3.4469e-02	1.1014e-06	8.8127e-01	1.1868e-01	4.7702e-05	1.1755e-36	1.1755e-36	1.1755e-36	4.1982e-16	0.00e+00	0.00e+00	6.7348e+01
6.72573e+14	7.9612e+03	7.145e-16	3.5938e+04	6.3801e+03	4.3220e-09	8.6176e-01	1.3824e-01	5.6957e-01	4.0678e-01	2.3654e-02	6.9719e-10	1.2398e-02	9.5496e-01	3.2637e-02	1.0263e-06	8.8611e-01	1.1385e-01	4.2422e-05	1.1755e-36	1.1755e-36	1.1755e-36	4.5175e-16	0.00e+00	0.00e+00	6.9641e+01
6.84457e+14	7.8958e+03	6.727e-16	3.5938e+04	6.1385e+03	4.6980e-09	8.6726e-01	1.3274e-01	5.8314e-01	3.9422e-01	2.2647e-02	7.4743e-10	1.2007e-02	9.5710e-01	3.0896e-02	9.5891e-07	8.9080e-01	1.0917e-01	3.7736e-05	1.1755e-36	1.1755e-36	1.1755e-36	4.8615e-16	0.00e+00	0.00e+00	7.2011e+01
6.96596e+14	7.8281e+03	6.332e-16	3.5938e+04	5.9047e+03	5.1102e-09	8.7256e-01	1.2744e-01	5.9663e-01	3.8171e-01	2.1663e-02	8.0099e-10	1.1628e-02	9.5912e-01	2.9252e-02	8.9875e-07	8.9530e-01	1.0466e-01	3.3591e-05	1.1755e-36	1.1755e-36	1.1755e-36	5.2234e-16	0.00e+00	0.00e+00	7.4433e+01
7.08896e+14	7.7633e+03	5.961e-16	3.5938e+04	5.6804e+03	5.5445e-09	8.7752e-01	1.2248e-01	6.0976e-01	3.6952e-01	2.0721e-02	8.5664e-10	1.1257e-02	9.6102e-01	2.7724e-02	8.4572e-07	8.9951e-01	1.0046e-01	2.9978e-05	1.1755e-36	1.1755e-36	1.1755e-36	5.5922e-16	0.00e+00	0.00e+00	7.6895e+01
7.21340e+14	7.6970e+03	5.615e-16	3.5938e+04	5.4682e+03	6.0164e-09	8.8224e-01	1.1776e-01	6.2269e-01	3.5751e-01	1.9797e-02	9.1574e-10	1.0904e-02	9.6280e-01	2.6293e-02	7.9877e-07	9.0350e-01	9.6469e-02	2.6813e-05	1.1755e-36	1.1755e-36	1.1755e-36	5.9807e-16	0.00e+00	0.00e+00	7.9402e+01
7.34055e+14	7.6284e+03	5.288e-16	3.5938e+04	5.2643e+03	6.5376e-09	8.8676e-01	1.1324e-01	6.3548e-01	3.4564e-01	1.8884e-02	9.7905e-10	1.0561e-02	9.6450e-01	2.4942e-02	7.5680e-07	9.0732e-01	9.2654e-02	2.4014e-05	1.1755e-36	1.1755e-36	1.1755e-36	6.3942e-16	0.00e+00	0.00e+00	8.1999e+01
7.47172e+14	7.5506e+03	4.977e-16	3.5938e+04	5.0661e+03	7.1457e-09	8.9122e-01	1.0878e-01	6.4831e-01	3.3371e-01	1.7975e-02	1.0482e-09	1.0229e-02	9.6612e-01	2.3650e-02	7.1894e-07	9.1108e-01	8.8896e-02	2.1505e-05	1.1755e-36	1.1755e-36	1.1755e-36	6.8427e-16	0.00e+00	0.00e+00	8.4695e+01
7.60652e+14	7.4787e+03	4.683e-16	3.5938e+04	4.8725e+03	7.7776e-09	8.9534e-01	1.0466e-01	6.6066e-01	3.2222e-01	1.7120e-02	1.1187e-09	9.8979e-03	9.6765e-01	2.2452e-02	6.8538e-07	9.1456e-01	8.5421e-02	1.9303e-05	1.1755e-36	1.1755e-36	1.1755e-36	7.2843e-16	0.00e+00	0.00e+00	8.7464e+01
7.74327e+14	7.4046e+03	4.410e-16	3.5938e+04	4.6916e+03	8.4742e-09	8.9928e-01	1.0072e-01	6.7275e-01	3.1097e-01	1.6280e-02	1.1940e-09	9.5873e-03	9.6908e-01	2.1334e-02	6.5576e-07	9.1786e-01	8.2118e-02	1.7376e-05	1.1755e-36	1.1755e-36	1.1755e-36	7.7571e-16	0.00e+00	0.00e+00	9.0264e+01
7.88306e+14	7.3218e+03	4.154e-16	3.5938e+04	4.5190e+03	9.2859e-09	9.0305e-01	9.6949e-02	6.8470e-01	2.9985e-01	1.5444e-02	1.2754e-09	9.2898e-03	9.7043e-01	2.0277e-02	6.2935e-07	9.2103e-01	7.8952e-02	1.5674e-05	1.1755e-36	1.1755e-36	1.1755e-36	8.2669e-16	0.00e+00	0.00e+00	9.3181e+01
8.02877e+14	7.2404e+03	3.908e-16	3.5938e+04	4.3481e+03	1.0168e-08	9.0664e-01	9.3364e-02	6.9635e-01	2.8900e-01	1.4646e-02	1.3598e-09	8.9924e-03	9.7173e-01	1.9279e-02	6.0552e-07	9.2404e-01	7.5947e-02	1.4150e-05	1.1755e-36	1.1755e-36	1.1755e-36	8.7795e-16	0.00e+00	0.00e+00	9.6247e+01
8.17914e+14	7.1599e+03	3.677e-16	3.5938e+04	4.1864e+03	1.1134e-08	9.1009e-01	8.9912e-02	7.0773e-01	2.7841e-01	1.3868e-02	1.4504e-09	8.7090e-03	9.7295e-01	1.8345e-02	5.8427e-07	9.2693e-01	7.3060e-02	1.2796e-05	1.1755e-36	1.1755e-36	1.1755e-36	9.3361e-16	0.00e+00	0.00e+00	9.9380e+01
8.33358e+14	7.0754e+03	3.460e-16	3.5938e+04	4.0319e+03	1.2220e-08	9.1332e-01	8.6676e-02	7.1881e-01	2.6808e-01	1.3113e-02	1.5454e-09	8.4365e-03	9.7409e-01	1.7469e-02	5.6540e-07	9.2963e-01	7.0355e-02	1.1605e-05	1.1755e-36	1.1755e-36	1.1755e-36	9.9099e-16	0.00e+00	0.00e+00	1.0264e+02
8.49417e+14	6.9837e+03	3.255e-16	3.5938e+04	3.8827e+03	1.3494e-08	9.1647e-01	8.3527e-02	7.2971e-01	2.5792e-01	1.2369e-02	1.6484e-09	8.1728e-03	9.7519e-01	1.6640e-02	5.4846e-07	9.3226e-01	6.7725e-02	1.0538e-05	1.1755e-36	1.1755e-36	1.1755e-36	1.0540e-15	0.00e+00	0.00e+00	1.0605e+02
8.66151e+14	6.8823e+03	3.061e-16	3.5938e+04	3.7412e+03	1.5031e-08	9.1961e-01	8.0394e-02	7.4056e-01	2.4782e-01	1.1624e-02	1.7642e-09	7.9247e-03	9.7622e-01	1.5850e-02	5.3325e-07	9.3488e-01	6.5112e-02	9.5770e-06	1.1755e-36	1.1755e-36	1.1755e-36	1.1284e-15	0.00e+00	0.00e+00	1.0961e+02
8.83024e+14	6.7927e+03	2.883e-16	3.5938e+04	3.6059e+03	1.6574e-08	9.2230e-01	7.7700e-02	7.5035e-01	2.3868e-01	1.0971e-02	1.8731e-09	7.6809e-03	9.7717e-01	1.5152e-02	5.2024e-07	9.3713e-01	6.2865e-02	8.7651e-06	1.1755e-36	1.1755e-36	1.1755e-36	1.1947e-15	0.00e+00	0.00e+00	1.1310e+02
9.00261e+14	6.6884e+03	2.718e-16	3.5938e+04	3.4845e+03	1.8507e-08	9.2498e-01	7.5017e-02	7.6032e-01	2.2939e-01	1.0284e-02	2.0006e-09	7.4674e-03	9.7805e-01	1.4477e-02	5.0858e-07	9.3936e-01	6.0630e-02	8.0376e-06	1.1755e-36	1.1755e-36	1.1755e-36	1.2789e-15	0.00e+00	0.00e+00	1.1683e+02
9.17673e+14	6.5912e+03	2.567e-16	3.5938e+04	3.3665e+03	2.0557e-08	9.2741e-01	7.2589e-02	7.6924e-01	2.2107e-01	9.6896e-03	2.1245e-09	7.2551e-03	9.7886e-01	1.3886e-02	4.9864e-07	9.4138e-01	5.8608e-02	7.4116e-06	1.1755e-36	1.1755e-36	1.1755e-36	1.3614e-15	0.00e+00	0.00e+00	1.2042e+02
9.34726e+14	6.4948e+03	2.433e-16	3.5938e+04	3.2627e+03	2.2800e-08	9.2954e-01	7.0460e-02	7.7765e-01	2.1322e-01	9.1235e-03	2.2515e-09	7.0694e-03	9.7958e-01	1.3349e-02	4.9013e-07	9.4316e-01	5.6835e-02	6.8837e-06	1.1755e-36	1.1755e-36	1.1755e-36	1.4476e-15	0.00e+00	0.00e+00	1.2402e+02
9.51944e+14	6.3986e+03	2.307e-16	3.5938e+04	3.1647e+03	2.5314e-08	9.3156e-01	6.8438e-02	7.8558e-01	2.0582e-01	8.5939e-03	2.3851e-09	6.8933e-03	9.8025e-01	1.2854e-02	4.8262e-07	9.4484e-01	5.5152e-02	6.4136e-06	1.1755e-36	1.1755e-36	1.1755e-36	1.5432e-15	0.00e+00	0.00e+00	1.2769e+02
9.69365e+14	6.3025e+03	2.191e-16	3.5938e+04	3.0716e+03	2.8143e-08	9.3347e-01	6.6526e-02	7.9303e-01	1.9887e-01	8.1019e-03	2.5252e-09	6.7253e-03	9.8087e-01	1.2400e-02	4.7600e-07	9.4643e-01	5.3561e-02	5.9951e-06	1.1755e-36	1.1755e-36	1.1755e-36	1.6490e-15	0.00e+00	0.00e+00	1.3139e+02
9.86800e+14	6.2072e+03	2.084e-16	3.5938e+04	2.9850e+03	3.1295e-08	9.3525e-01	6.4749e-02	8.0000e-01	1.9235e-01	7.6443e-03	2.6717e-09	6.5687e-03	9.8144e-01	1.1987e-02	4.7023e-07	9.4791e-01	5.2082e-02	5.6263e-06	1.1755e-36	1.1755e-36	1.1755e-36	1.7662e-15	0.00e+00	0.00e+00	1.3508e+02
1.00413e+15	6.1132e+03	1.987e-16	3.5938e+04	2.9048e+03	3.4794e-08	9.3689e-01	6.3113e-02	8.0652e-01	1.8626e-01	7.2198e-03	2.8249e-09	6.4239e-03	9.8197e-01	1.1611e-02	4.6519e-07	9.4927e-01	5.0721e-02	5.3025e-06	1.1755e-36	1.1755e-36	1.1755e-36	1.8959e-15	0.00e+00	0.00e+00	1.3875e+02
1.02134e+15	6.0207e+03	1.897e-16	3.5938e+04	2.8303e+03	3.8682e-08	9.3840e-01	6.1595e-02	8.1261e-01	1.8056e-01	6.8265e-03	2.9859e-09	6.2892e-03	9.8244e-01	1.1267e-02	4.6078e-07	9.5054e-01	4.9458e-02	5.0159e-06	1.1755e-36	1.1755e-36	1.1755e-36	2.0413e-15	0.00e+00	0.00e+00	1.4241e+02
1.03847e+15	5.9298e+03	1.814e-16	3.5938e+04	2.7606e+03	4.3006e-08	9.3982e-01	6.0179e-02	8.1834e-01	1.7520e-01	6.4609e-03	3.1568e-09	6.1629e-03	9.8288e-01	1.0953e-02	4.5690e-07	9.5172e-01	4.8279e-02	4.7603e-06	1.1755e-36	1.1755e-36	1.1755e-36	2.2056e-15	0.00e+00	0.00e+00	1.4605e+02
1.05550e+15	5.8403e+03	1.737e-16	3.5938e+04	2.6952e+03	4.7823e-08	9.4115e-01	5.8848e-02	8.2373e-01	1.7015e-01	6.1214e-03	3.3393e-09	6.0444e-03	9.8329e-01	1.0664e-02	4.5348e-07	9.5282e-01	4.7171e-02	4.5311e-06	1.1755e-36	1.1755e-36	1.1755e-36	2.3933e-15	0.00e+00	0.00e+00	1.4968e+02
1.07243e+15	5.7524e+03	1.666e-16	3.5938e+04	2.6337e+03	5.3190e-08	9.4240e-01	5.7598e-02	8.2879e-01	1.6540e-01	5.8066e-03	3.5349e-09	5.9331e-03	9.8367e-01	1.0399e-02	4.5046e-07	9.5387e-01	4.6130e-02	4.3250e-06	1.1755e-36	1.1755e-36	1.1755e-36	2.6088e-15	0.00e+00	0.00e+00	1.5329e+02
1.08922e+15	5.6661e+03	1.600e-16	3.5938e+04	2.5759e+03	5.9166e-08	9.4358e-01	5.6422e-02	8.3354e-01	1.6095e-01	5.5145e-03	3.7457e-09	5.8286e-03	9.8401e-01	1.0156e-02	4.4778e-07	9.5484e-01	4.5151e-02	4.1391e-06	1.1755e-36	1.1755e-36	1.1755e-36	2.8575e-15	0.00e+00	0.00e+00	1.5686e+02
1.10585e+15	5.5815e+03	1.539e-16	3.5938e+04	2.5215e+03	6.5823e-08	9.4469e-01	5.5314e-02	8.3800e-01	1.5675e-01	5.2434e-03	3.9739e-09	5.7304e-03	9.8434e-01	9.9328e-03	4.4542e-07	9.5577e-01	4.4229e-02	3.9711e-06	1.1755e-36	1.1755e-36	1.1755e-36	3.1460e-15	0.00e+00	0.00e+00	1.6041e+02
1.12231e+15	5.4985e+03	1.482e-16	3.5938e+04	2.4702e+03	7.3234e-08	9.4573e-01	5.4271e-02	8.4220e-01	1.5280e-01	4.9917e-03	4.2221e-09	5.6379e-03	9.8463e-01	9.7274e-03	4.4333e-07	9.5664e-01	4.3360e-02	3.8188e-06	1.1755e-36	1.1755e-36	1.1755e-36	3.4821e-15	0.00e+00	0.00e+00	1.6392e+02
1.13858e+15	5.4174e+03	1.430e-16	3.5938e+04	2.4218e+03	8.1483e-08	9.4672e-01	5.3285e-02	8.4616e-01	1.4908e-01	4.7579e-03	4.4935e-09	5.5508e-03	9.8491e-01	9.5383e-03	4.4147e-07	9.5746e-01	4.2538e-02	3.6803e-06	1.1755e-36	1.1755e-36	1.1755e-36	3.8756e-15	0.00e+00	0.00e+00	1.6740e+02
1.15465e+15	5.3380e+03	1.380e-16	3.5938e+04	2.3760e+03	9.0666e-08	9.4765e-01	5.2351e-02	8.4989e-01	1.4557e-01	4.5404e-03	4.7917e-09	5.4686e-03	9.8517e-01	9.3639e-03	4.3983e-07	9.5824e-01	4.1760e-02	3.5538e-06	1.1755e-36	1.1755e-36	1.1755e-36	4.3385e-15	0.00e+00	0.00e+00	1.7083e+02
1.17052e+15	5.2603e+03	1.334e-16	3.5938e+04	2.3326e+03	1.0089e-07	9.4854e-01	5.1464e-02	8.5341e-01	1.4225e-01	4.3380e-03	5.1206e-09	5.3909e-03	9.8541e-01	9.2030e-03	4.3836e-07	9.5898e-01	4.1021e-02	3.4379e-06	1.1755e-36	1.1755e-36	1.1755e-36	4.8854e-15	0.00e+00	0.00e+00	1.7423e+02
1.18619e+15	5.1843e+03	1.291e-16	3.5938e+04	2.2914e+03	1.1228e-07	9.4938e-01	5.0620e-02	8.5675e-01	1.3910e-01	4.1495e-03	5.4848e-09	5.3174e-03	9.8563e-01	9.0545e-03	4.3707e-07	9.5968e-01	4.0317e-02	3.3316e-06	1.1755e-36	1.1755e-36	1.1755e-36	5.5342e-15	0.00e+00	0.00e+00	1.7758e+02
1.20164e+15	5.1101e+03	1.250e-16	3.5938e+04	2.2522e+03	1.2495e-07	9.5018e-01	4.9817e-02	8.5991e-01	1.3612e-01	3.9734e-03	5.8893e-09	5.2480e-03	9.8583e-01	8.9171e-03	4.3591e-07	9.6035e-01	3.9647e-02	3.2336e-06	1.1755e-36	1.1755e-36	1.1755e-36	6.3066e-15	0.00e+00	0.00e+00	1.8089e+02
1.21688e+15	5.0375e+03	1.212e-16	3.5938e+04	2.2149e+03	1.3906e-07	9.5095e-01	4.9051e-02	8.6290e-01	1.3329e-01	3.8091e-03	6.3399e-09	5.1820e-03	9.8603e-01	8.7902e-03	4.3489e-07	9.6099e-01	3.9009e-02	3.1433e-06	1.1755e-36	1.1755e-36	1.1755e-36	7.2294e-15	0.00e+00	0.00e+00	1.8415e+02
1.23190e+15	4.9658e+03	1.177e-16	3.5938e+04	2.1793e+03	1.5486e-07	9.5168e-01	4.8315e-02	8.6575e-01	1.3060e-01	3.6550e-03	6.8466e-09	5.1197e-03	9.8624e-01	8.6444e-03	4.3387e-07	9.6160e-01	3.8394e-02	3.0597e-06	1.1755e-36	1.1755e-36	1.1755e-36	8.2993e-15	0.00e+00	0.00e+00	1.8737e+02
1.24667e+15	4.8953e+03	1.143e-16	3.5938e+04	2.1454e+03	1.7245e-07	9.5239e-01	4.7612e-02	8.6845e-01	1.2804e-01	3.5108e-03	7.4022e-09	5.0609e-03	9.8646e-01	8.4773e-03	4.3286e-07	9.6219e-01	3.7807e-02	2.9826e-06	1.1755e-36	1.1755e-36	1.1755e-36	9.5052e-15	0.00e+00	0.00e+00	1.9053e+02
1.26114e+15	4.8264e+03	1.112e-16	3.5938e+04	2.1128e+03	1.9204e-07	9.5305e-01	4.6953e-02	8.7100e-01	1.2562e-01	3.3769e-03	8.0045e-09	5.0047e-03	9.8668e-01	8.3197e-03	4.3196e-07	9.6274e-01	3.7256e-02	2.9119e-06	1.1755e-36	1.1755e-36	1.1755e-36	1.0908e-14	0.00e+00	0.00e+00	1.9363e+02
1.27533e+15	4.7595e+03	1.082e-16	3.5938e+04	2.0822e+03	2.1373e-07	9.5368e-01	4.6320e-02	8.7344e-01	1.2331e-01	3.2509e-03	8.6592e-09	4.9522e-03	9.8688e-01	8.1701e-03	4.3115e-07	9.6327e-01	3.6726e-02	2.8462e-06	1.1755e-36	1.1755e-36	1.1755e-36	1.2544e-14	0.00e+00	0.00e+00	1.9667e+02
1.28927e+15	4.6942e+03	1.054e-16	3.5938e+04	2.0528e+03	2.3785e-07	9.5429e-01	4.5713e-02	8.7576e-01	1.2111e-01	3.1328e-03	9.3723e-09	4.9023e-03	9.8707e-01	8.0278e-03	4.3042e-07	9.6378e-01	3.6218e-02	2.7849e-06	1.1755e-36	1.1755e-36	1.1755e-36	1.4458e-14	0.00e+00	0.00e+00	1.9967e+02
1.30302e+15	4.6304e+03	1.028e-16	3.5938e+04	2.0244e+03	2.6472e-07	9.5487e-01	4.5126e-02	8.7797e-01	1.1900e-01	3.0217e-03	1.0152e-08	4.8545e-03	9.8725e-01	7.8921e-03	4.2977e-07	9.6427e-01	3.5727e-02	2.7274e-06	1.1755e-36	1.1755e-36	1.1755e-36	1.6708e-14	0.00e+00	0.00e+00	2.0262e+02
1.31656e+15	4.5681e+03	1.003e-16	3.5938e+04	1.9971e+03	2.9465e-07	9.5544e-01	4.4558e-02	8.8009e-01	1.1699e-01	2.9172e-03	1.1005e-08	4.8088e-03	9.8743e-01	7.7628e-03	4.2918e-07	9.6474e-01	3.5252e-02	2.6734e-06	1.1755e-36	1.1755e-36	1.1755e-36	1.9357e-14	0.00e+00	0.00e+00	2.0554e+02
1.32991e+15	4.5072e+03	9.787e-17	3.5938e+04	1.9709e+03	3.2796e-07	9.5599e-01	4.4012e-02	8.8211e-01	1.1507e-01	2.8187e-03	1.1938e-08	4.7651e-03	9.8759e-01	7.6394e-03	4.2866e-07	9.6520e-01	3.4795e-02	2.6228e-06	1.1755e-36	1.1755e-36	1.1755e-36	2.2476e-14	0.00e+00	0.00e+00	2.0841e+02
1.34304e+15	4.4435e+03	9.560e-17	3.5938e+04	1.9451e+03	3.6764e-07	9.5653e-01	4.3467e-02	8.8408e-01	1.1319e-01	2.7240e-03	1.3020e-08	4.7237e-03	9.8776e-01	7.5202e-03	4.2824e-07	9.6566e-01	3.4338e-02	2.5754e-06	1.1755e-36	1.1755e-36	1.1755e-36	2.6408e-14	0.00e+00	0.00e+00	2.1124e+02
1.35559e+15	4.3921e+03	9.352e-17	3.5938e+04	1.9220e+03	4.0417e-07	9.5699e-01	4.3008e-02	8.8583e-01	1.1153e-01	2.6420e-03	1.4019e-08	4.6847e-03	9.8790e-01	7.4156e-03	4.2780e-07	9.6604e-01	3.3954e-02	2.5326e-06	1.1755e-36	1.1755e-36	1.1755e-36	3.0257e-14	0.00e+00	0.00e+00	2.1386e+02
1.36831e+15	4.3343e+03	9.147e-17	3.5938e+04	1.9000e+03	4.5037e-07	9.5746e-01	4.2538e-02	8.8774e-01	1.0971e-01	2.5525e-03	1.5260e-08	4.6508e-03	9.8805e-01	7.2991e-03	4.2742e-07	9.6644e-01	3.3558e-02	2.4908e-06	1.1755e-36	1.1755e-36	1.1755e-36	3.5390e-14	0.00e+00	0.00e+00	2.1676e+02
1.38150e+15	4.2754e+03	8.936e-17	3.5938e+04	1.8742e+03	5.0463e-07	9.5804e-01	4.1964e-02	8.8945e-01	1.0808e-01	2.4742e-03	1.6695e-08	4.6082e-03	9.8820e-01	7.1933e-03	4.2707e-07	9.6692e-01	3.3081e-02	2.4459e-06	1.1755e-36	1.1755e-36	1.1755e-36	4.1929e-14	0.00e+00	0.00e+00	2.1959e+02
1.39407e+15	4.2171e+03	8.746e-17	3.5938e+04	1.8509e+03	5.6558e-07	9.5852e-01	4.1480e-02	8.9109e-01	1.0651e-01	2.3998e-03	1.8262e-08	4.5715e-03	9.8833e-01	7.0954e-03	4.2683e-07	9.6732e-01	3.2674e-02	2.4080e-06	1.1755e-36	1.1755e-36	1.1755e-36	4.9674e-14	0.00e+00	0.00e+00	2.2223e+02
1.40574e+15	4.1713e+03	8.578e-17	3.5938e+04	1.8313e+03	6.1959e-07	9.5886e-01	4.1144e-02	8.9256e-01	1.0511e-01	2.3344e-03	1.9647e-08	4.5394e-03	9.8845e-01	7.0084e-03	4.2657e-07	9.6761e-01	3.2389e-02	2.3765e-06	1.1755e-36	1.1755e-36	1.1755e-36	5.6878e-14	0.00e+00	0.00e+00	2.2467e+02
1.41781e+15	4.1166e+03	8.408e-17	3.5938e+04	1.8132e+03	6.9246e-07	9.5929e-01	4.0707e-02	8.9430e-01	1.0345e-01	2.2572e-03	2.1510e-08	4.5149e-03	9.8858e-01	6.9045e-03	4.2634e-07	9.6797e-01	3.2023e-02	2.3424e-06	1.1755e-36	1.1755e-36	1.1755e-36	6.7364e-14	0.00e+00	0.00e+00	2.2748e+02
1.43038e+15	4.0623e+03	8.228e-17	3.5938e+04	1.7896e+03	7.7589e-07	9.5982e-01	4.0180e-02	8.9573e-01	1.0207e-01	2.1952e-03	2.3605e-08	4.4768e-03	9.8871e-01	6.8161e-03	4.2614e-07	9.6841e-01	3.1584e-02	2.3052e-06	1.1755e-36	1.1755e-36	1.1755e-36	8.0425e-14	0.00e+00	0.00e+00	2.3015e+02
1.44220e+15	4.0128e+03	8.071e-17	3.5938e+04	1.7698e+03	8.6136e-07	9.6021e-01	3.9784e-02	8.9712e-01	1.0074e-01	2.1356e-03	2.5715e-08	4.4463e-03	9.8882e-01	6.7340e-03	4.2599e-07	9.6875e-01	3.1251e-02	2.2750e-06	1.1755e-36	1.1755e-36	1.1755e-36	9.4526e-14	0.00e+00	0.00e+00	2.3263e+02
1.45364e+15	3.9634e+03	7.924e-17	3.5938e+04	1.7524e+03	9.5741e-07	9.6058e-01	3.9421e-02	8.9856e-01	9.9369e-02	2.0747e-03	2.8059e-08	4.4219e-03	9.8893e-01	6.6500e-03	4.2588e-07	9.6905e-01	3.0944e-02	2.2475e-06	1.1755e-36	1.1755e-36	1.1755e-36	1.1137e-13	0.00e+00	0.00e+00	2.3513e+02
###########################
4.60361e+10	9.6182e+03	5.640e-15	3.5938e+04	3.6825e+04	1.5810e-12	7.2533e-02	9.2747e-01	6.9264e-02	8.2895e-01	1.0178e-01	4.2160e-13	1.4633e-02	5.8851e-01	3.9609e-01	7.7171e-04	8.1199e-02	8.4704e-01	7.1531e-02	2.2971e-04	7.3562e-07	1.1755e-36	1.4843e-20	0.00e+00	0.00e+00	1.5156e-03
2.76217e+11	9.6086e+03	5.603e-15	3.5938e+04	3.6616e+04	1.5676e-12	7.2042e-02	9.2796e-01	6.8900e-02	8.2881e-01	1.0229e-01	4.1267e-13	1.4482e-02	5.8737e-01	3.9736e-01	7.8004e-04	8.0611e-02	8.4705e-01	7.2107e-02	2.3301e-04	7.4835e-07	1.1755e-36	1.4382e-20	0.00e+00	0.00e+00	7.5371e-03
1.19694e+12	9.5971e+03	5.568e-15	3.5938e+04	3.6571e+04	1.5603e-12	7.1723e-02	9.2828e-01	6.8907e-02	8.2882e-01	1.0227e-01	4.0824e-13	1.4428e-02	5.8743e-01	3.9736e-01	7.8279e-04	8.0227e-02	8.4698e-01	7.2553e-02	2.3473e-04	7.5419e-07	1.1755e-36	1.4138e-20	0.00e+00	0.00e+00	3.1516e-02
4.87983e+12	9.5624e+03	5.497e-15	3.5938e+04	3.6569e+04	1.5747e-12	7.1551e-02	9.2845e-01	6.9305e-02	8.2913e-01	1.0156e-01	4.0686e-13	1.4467e-02	5.8867e-01	3.9608e-01	7.7829e-04	7.9998e-02	8.4651e-01	7.3261e-02	2.3464e-04	7.5442e-07	1.1755e-36	1.4008e-20	0.00e+00	0.00e+00	1.2720e-01
1.16563e+13	9.4388e+03	5.261e-15	3.5938e+04	3.6660e+04	1.4904e-12	6.8094e-02	9.3191e-01	6.9484e-02	8.2942e-01	1.0110e-01	3.6531e-13	1.4136e-02	5.8935e-01	3.9570e-01	8.1318e-04	7.5753e-02	8.4488e-01	7.9108e-02	2.6095e-04	8.3008e-07	1.1755e-36	1.1869e-20	0.00e+00	0.00e+00	2.4559e-01
2.04658e+13	9.3332e+03	5.085e-15	3.5938e+04	3.6743e+04	1.4761e-12	6.6420e-02	9.3358e-01	7.0177e-02	8.2969e-01	1.0013e-01	3.4759e-13	1.4055e-02	5.9178e-01	3.9334e-01	8.2282e-04	7.3723e-02	8.4393e-01	8.2077e-02	2.7090e-04	8.5667e-07	1.1755e-36	1.0918e-20	0.00e+00	0.00e+00	3.9570e-01
3.19181e+13	9.2367e+03	4.947e-15	3.5938e+04	3.6746e+04	1.5237e-12	6.6143e-02	9.3386e-01	7.1164e-02	8.3006e-01	9.8779e-02	3.4608e-13	1.4156e-02	5.9507e-01	3.8996e-01	8.1105e-04	7.3394e-02	8.4333e-01	8.3007e-02	2.6688e-04	8.4440e-07	1.1755e-36	1.0720e-20	0.00e+00	0.00e+00	5.9003e-01
4.68061e+13	9.1776e+03	4.843e-15	3.5938e+04	3.6699e+04	1.6307e-12	6.7493e-02	9.3251e-01	7.2494e-02	8.3054e-01	9.6963e-02	3.6357e-13	1.4495e-02	5.9939e-01	3.8534e-01	7.7434e-04	7.5054e-02	8.4336e-01	8.1342e-02	2.4653e-04	7.8746e-07	1.1755e-36	1.1387e-20	0.00e+00	0.00e+00	8.4783e-01
6.49667e+13	9.1345e+03	4.787e-15	3.5938e+04	3.6587e+04	1.8384e-12	7.0798e-02	9.2920e-01	7.4249e-02	8.3104e-01	9.4707e-02	4.0608e-13	1.5087e-02	6.0490e-01	3.7929e-01	7.1419e-04	7.9082e-02	8.4354e-01	7.7163e-02	2.1303e-04	6.9444e-07	1.1755e-36	1.3221e-20	0.00e+00	0.00e+00	1.1610e+00
8.40030e+13	9.1305e+03	4.780e-15	3.5938e+04	3.6383e+04	2.1387e-12	7.5957e-02	9.2404e-01	7.6163e-02	8.3125e-01	9.2586e-02	4.7582e-13	1.5875e-02	6.1069e-01	3.7279e-01	6.4271e-04	8.5360e-02	8.4349e-01	7.0975e-02	1.7449e-04	5.8722e-07	1.1755e-36	1.6501e-20	0.00e+00	0.00e+00	1.4813e+00
1.04180e+14	9.1582e+03	4.830e-15	3.5938e+04	3.6071e+04	2.6440e-12	8.4316e-02	9.1568e-01	7.8934e-02	8.3132e-01	8.9748e-02	6.0265e-13	1.7042e-02	6.1855e-01	3.6385e-01	5.5189e-04	9.5507e-02	8.4207e-01	6.2295e-02	1.3118e-04	4.6379e-07	1.1755e-36	2.3043e-20	0.00e+00	0.00e+00	1.8979e+00
1.27696e+14	9.2157e+03	4.927e-15	3.5938e+04	3.5567e+04	3.5289e-12	9.7419e-02	9.0258e-01	8.2786e-02	8.3081e-01	8.6406e-02	8.3500e-13	1.8661e-02	6.2881e-01	3.5208e-01	4.4810e-04	1.1133e-01	8.3696e-01	5.1622e-02	8.8686e-05	3.3772e-07	1.1755e-36	3.6658e-20	0.00e+00	0.00e+00	2.4564e+00
1.52515e+14	9.3042e+03	5.068e-15	3.5938e+04	3.4870e+04	5.0143e-12	1.1626e-01	8.8374e-01	8.7467e-02	8.2934e-01	8.3196e-02	1.2436e-12	2.0603e-02	6.4062e-01	3.3842e-01	3.4833e-04	1.3389e-01	8.2542e-01	4.0632e-02	5.5023e-05	2.3086e-07	1.1755e-36	6.5011e-20	0.00e+00	0.00e+00	3.0996e+00
1.75936e+14	9.4006e+03	5.219e-15	3.5938e+04	3.3979e+04	7.3508e-12	1.4037e-01	8.5963e-01	9.2858e-02	8.2689e-01	8.0251e-02	1.9042e-12	2.2611e-02	6.5326e-01	3.2386e-01	2.6560e-04	1.6243e-01	8.0643e-01	3.1108e-02	3.2922e-05	1.5400e-07	1.1755e-36	1.2051e-19	0.00e+00	0.00e+00	3.8152e+00
1.96728e+14	9.4895e+03	5.337e-15	3.5938e+04	3.2933e+04	1.0698e-11	1.6788e-01	8.3212e-01	9.8342e-02	8.2371e-01	7.7947e-02	2.8606e-12	2.4376e-02	6.6558e-01	3.0984e-01	2.0435e-04	1.9458e-01	7.8159e-01	2.3815e-02	2.0016e-05	1.1755e-36	1.1755e-36	2.1827e-19	0.00e+00	0.00e+00	4.5436e+00
2.14836e+14	9.5476e+03	5.408e-15	3.5938e+04	3.1868e+04	1.5264e-11	1.9722e-01	8.0278e-01	1.0435e-01	8.1989e-01	7.5754e-02	4.1512e-12	2.5868e-02	6.7802e-01	2.9595e-01	1.5988e-04	2.2840e-01	7.5313e-01	1.8452e-02	1.2620e-05	1.1755e-36	1.1755e-36	3.7615e-19	0.00e+00	0.00e+00	5.3088e+00
2.31892e+14	9.5865e+03	5.418e-15	3.5938e+04	3.0700e+04	2.1564e-11	2.2891e-01	7.7109e-01	1.1081e-01	8.1543e-01	7.3764e-02	5.8953e-12	2.7091e-02	6.9080e-01	2.8199e-01	1.2604e-04	2.6442e-01	7.2122e-01	1.4355e-02	8.1037e-06	1.1755e-36	1.1755e-36	6.2922e-19	0.00e+00	0.00e+00	6.1927e+00
2.48340e+14	9.6071e+03	5.372e-15	3.5938e+04	2.9453e+04	3.0214e-11	2.6291e-01	7.3709e-01	1.1789e-01	8.1019e-01	7.1920e-02	8.2210e-12	2.8023e-02	7.0393e-01	2.6795e-01	1.0002e-04	3.0246e-01	6.8634e-01	1.1194e-02	5.2861e-06	1.1755e-36	1.1755e-36	1.0268e-18	0.00e+00	0.00e+00	7.1402e+00
2.63779e+14	9.6111e+03	5.272e-15	3.5938e+04	2.8186e+04	4.1421e-11	2.9734e-01	7.0266e-01	1.2538e-01	8.0434e-01	7.0274e-02	1.1132e-11	2.8656e-02	7.1707e-01	2.5419e-01	8.0437e-05	3.4038e-01	6.5079e-01	8.8247e-03	3.5521e-06	1.1755e-36	1.1755e-36	1.6062e-18	0.00e+00	0.00e+00	8.1522e+00
2.77952e+14	9.6031e+03	5.133e-15	3.5938e+04	2.6965e+04	5.4992e-11	3.3036e-01	6.6964e-01	1.3298e-01	7.9815e-01	6.8863e-02	1.4532e-11	2.8999e-02	7.2961e-01	2.4132e-01	6.5991e-05	3.7621e-01	6.1671e-01	7.0871e-03	2.4865e-06	1.1755e-36	1.1755e-36	2.3818e-18	0.00e+00	0.00e+00	9.1529e+00
2.90522e+14	9.5875e+03	4.979e-15	3.5938e+04	2.5861e+04	7.0209e-11	3.6031e-01	6.3969e-01	1.4043e-01	7.9198e-01	6.7593e-02	1.8218e-11	2.9126e-02	7.4107e-01	2.2975e-01	5.5471e-05	4.0823e-01	5.8593e-01	5.8366e-03	1.8273e-06	1.1755e-36	1.1755e-36	3.3278e-18	0.00e+00	0.00e+00	1.0117e+01
3.01941e+14	9.5672e+03	4.816e-15	3.5938e+04	2.4850e+04	8.7043e-11	3.8770e-01	6.1230e-01	1.4779e-01	7.8579e-01	6.6425e-02	2.2175e-11	2.9109e-02	7.5168e-01	2.1916e-01	4.7445e-05	4.3714e-01	5.5796e-01	4.8951e-03	1.3913e-06	1.1755e-36	1.1755e-36	4.4497e-18	0.00e+00	0.00e+00	1.1089e+01
3.12893e+14	9.5399e+03	4.645e-15	3.5938e+04	2.3892e+04	1.0648e-10	4.1406e-01	5.8594e-01	1.5546e-01	7.7927e-01	6.5271e-02	2.6610e-11	2.9002e-02	7.6207e-01	2.0889e-01	4.0861e-05	4.6463e-01	5.3123e-01	4.1345e-03	1.0773e-06	1.1755e-36	1.1755e-36	5.8240e-18	0.00e+00	0.00e+00	1.2109e+01
3.23743e+14	9.5084e+03	4.468e-15	3.5938e+04	2.2975e+04	1.2922e-10	4.4001e-01	5.5999e-01	1.6368e-01	7.7227e-01	6.4050e-02	3.1688e-11	2.8821e-02	7.7241e-01	1.9873e-01	3.5274e-05	4.9139e-01	5.0511e-01	3.5009e-03	8.4195e-07	1.1755e-36	1.1755e-36	7.5378e-18	0.00e+00	0.00e+00	1.3192e+01
3.34593e+14	9.4788e+03	4.277e-15	3.5938e+04	2.2038e+04	1.5509e-10	4.6508e-01	5.3492e-01	1.7222e-01	7.6489e-01	6.2888e-02	3.7305e-11	2.8507e-02	7.8252e-01	1.8894e-01	3.0560e-05	5.1695e-01	4.8008e-01	2.9701e-03	6.6401e-07	1.1755e-36	1.1755e-36	9.5858e-18	0.00e+00	0.00e+00	1.4338e+01
3.45134e+14	9.4484e+03	4.090e-15	3.5938e+04	2.1154e+04	1.8346e-10	4.8857e-01	5.1143e-01	1.8088e-01	7.5734e-01	6.1779e-02	4.3314e-11	2.8121e-02	7.9211e-01	1.7974e-01	2.6671e-05	5.4063e-01	4.5683e-01	2.5394e-03	5.3238e-07	1.1755e-36	1.1755e-36	1.1935e-17	0.00e+00	0.00e+00	1.5471e+01
3.55137e+14	9.4174e+03	3.911e-15	3.5938e+04	2.0341e+04	2.1369e-10	5.1010e-01	4.8990e-01	1.8952e-01	7.4978e-01	6.0698e-02	4.9580e-11	2.7705e-02	8.0105e-01	1.7122e-01	2.3477e-05	5.6213e-01	4.3568e-01	2.1921e-03	4.3481e-07	1.1755e-36	1.1755e-36	1.4541e-17	0.00e+00	0.00e+00	1.6603e+01
3.64921e+14	9.3865e+03	3.736e-15	3.5938e+04	1.9575e+04	2.4648e-10	5.3044e-01	4.6956e-01	1.9840e-01	7.4200e-01	5.9598e-02	5.6281e-11	2.7264e-02	8.0965e-01	1.6307e-01	2.0745e-05	5.8224e-01	4.1586e-01	1.9005e-03	3.5893e-07	1.1755e-36	1.1755e-36	1.7489e-17	0.00e+00	0.00e+00	1.7781e+01
3.72942e+14	9.3620e+03	3.598e-15	3.5938e+04	1.8965e+04	2.7433e-10	5.4570e-01	4.5430e-01	2.0542e-01	7.3579e-01	5.8787e-02	6.1776e-11	2.6841e-02	8.1613e-01	1.5701e-01	1.8878e-05	5.9723e-01	4.0107e-01	1.7022e-03	3.1057e-07	1.1755e-36	1.1755e-36	2.0014e-17	0.00e+00	0.00e+00	1.8556e+01
3.78694e+14	9.3409e+03	3.502e-15	3.5938e+04	1.8564e+04	2.9659e-10	5.5676e-01	4.4324e-01	2.1104e-01	7.3086e-01	5.8099e-02	6.6224e-11	2.6580e-02	8.2097e-01	1.5243e-01	1.7591e-05	6.0802e-01	3.9041e-01	1.5698e-03	2.7970e-07	1.1755e-36	1.1755e-36	2.2127e-17	0.00e+00	0.00e+00	1.9219e+01
3.84319e+14	9.3111e+03	3.406e-15	3.5938e+04	1.8177e+04	3.2173e-10	5.6786e-01	4.3214e-01	2.1702e-01	7.2569e-01	5.7296e-02	7.1094e-11	2.6340e-02	8.2585e-01	1.4779e-01	1.6368e-05	6.1880e-01	3.7975e-01	1.4464e-03	2.5199e-07	1.1755e-36	1.1755e-36	2.4506e-17	0.00e+00	0.00e+00	1.9992e+01
3.90723e+14	9.2998e+03	3.293e-15	3.5938e+04	1.7699e+04	3.4700e-10	5.7912e-01	4.2088e-01	2.2315e-01	7.2023e-01	5.6619e-02	7.6089e-11	2.5955e-02	8.3090e-01	1.4313e-01	1.5162e-05	6.2968e-01	3.6899e-01	1.3228e-03	2.2542e-07	1.1755e-36	1.1755e-36	2.6991e-17	0.00e+00	0.00e+00	2.0887e+01
3.97909e+14	9.2661e+03	3.174e-15	3.5938e+04	1.7208e+04	3.8143e-10	5.9212e-01	4.0788e-01	2.3073e-01	7.1360e-01	5.5677e-02	8.2569e-11	2.5583e-02	8.3667e-01	1.3773e-01	1.3882e-05	6.4219e-01	3.5662e-01	1.1953e-03	1.9900e-07	1.1755e-36	1.1755e-36	3.0319e-17	0.00e+00	0.00e+00	2.1903e+01
4.05317e+14	9.2305e+03	3.057e-15	3.5938e+04	1.6741e+04	4.1975e-10	6.0526e-01	3.9474e-01	2.3887e-01	7.0647e-01	5.4655e-02	8.9817e-11	2.5222e-02	8.4249e-01	1.3227e-01	1.2682e-05	6.5475e-01	3.4417e-01	1.0770e-03	1.7557e-07	1.1755e-36	1.1755e-36	3.4183e-17	0.00e+00	0.00e+00	2.2899e+01
4.12347e+14	9.2106e+03	2.945e-15	3.5938e+04	1.6279e+04	4.5398e-10	6.1650e-01	3.8350e-01	2.4612e-01	7.0002e-01	5.3857e-02	9.6290e-11	2.4807e-02	8.4757e-01	1.2761e-01	1.1692e-05	6.6543e-01	3.3359e-01	9.7954e-04	1.5707e-07	1.1755e-36	1.1755e-36	3.7696e-17	0.00e+00	0.00e+00	2.3852e+01
4.19438e+14	9.1735e+03	2.838e-15	3.5938e+04	1.5851e+04	4.9575e-10	6.2829e-01	3.7171e-01	2.5433e-01	6.9282e-01	5.2852e-02	1.0395e-10	2.4447e-02	8.5288e-01	1.2266e-01	1.0729e-05	6.7660e-01	3.2252e-01	8.8735e-04	1.4017e-07	1.1755e-36	1.1755e-36	4.1977e-17	0.00e+00	0.00e+00	2.4903e+01
4.26891e+14	9.1494e+03	2.726e-15	3.5938e+04	1.5393e+04	5.3729e-10	6.3957e-01	3.6043e-01	2.6247e-01	6.8558e-01	5.1951e-02	1.1166e-10	2.4010e-02	8.5803e-01	1.1795e-01	9.8454e-06	6.8721e-01	3.1198e-01	8.0268e-04	1.2524e-07	1.1755e-36	1.1755e-36	4.6369e-17	0.00e+00	0.00e+00	2.5996e+01
4.34626e+14	9.1125e+03	2.614e-15	3.5938e+04	1.4944e+04	5.8676e-10	6.5130e-01	3.4870e-01	2.7146e-01	6.7763e-01	5.0915e-02	1.2052e-10	2.3586e-02	8.6335e-01	1.1306e-01	8.9938e-06	6.9820e-01	3.0108e-01	7.2265e-04	1.1755e-36	1.1755e-36	1.1755e-36	5.1547e-17	0.00e+00	0.00e+00	2.7169e+01
4.42567e+14	9.0765e+03	2.505e-15	3.5938e+04	1.4509e+04	6.4048e-10	6.6297e-01	3.3703e-01	2.8094e-01	6.6924e-01	4.9824e-02	1.3026e-10	2.3163e-02	8.6863e-01	1.0820e-01	8.2019e-06	7.0908e-01	2.9027e-01	6.4897e-04	1.1755e-36	1.1755e-36	1.1755e-36	5.7404e-17	0.00e+00	0.00e+00	2.8365e+01
4.50475e+14	9.0433e+03	2.399e-15	3.5938e+04	1.4081e+04	6.9557e-10	6.7391e-01	3.2609e-01	2.9029e-01	6.6092e-01	4.8792e-02	1.4010e-10	2.2720e-02	8.7361e-01	1.0366e-01	7.4987e-06	7.1922e-01	2.8019e-01	5.8424e-04	1.1755e-36	1.1755e-36	1.1755e-36	6.3419e-17	0.00e+00	0.00e+00	2.9568e+01
4.58492e+14	9.0077e+03	2.296e-15	3.5938e+04	1.3660e+04	7.5545e-10	6.8465e-01	3.1535e-01	3.0000e-01	6.5227e-01	4.7728e-02	1.5067e-10	2.2276e-02	8.7851e-01	9.9202e-02	6.8495e-06	7.2914e-01	2.7034e-01	5.2532e-04	1.1755e-36	1.1755e-36	1.1755e-36	7.0000e-17	0.00e+00	0.00e+00	3.0837e+01
4.66820e+14	8.9725e+03	2.192e-15	3.5938e+04	1.3240e+04	8.2070e-10	6.9538e-01	3.0462e-01	3.1021e-01	6.4316e-01	4.6629e-02	1.6220e-10	2.1816e-02	8.8340e-01	9.4777e-02	6.2411e-06	7.3899e-01	2.6054e-01	4.7070e-04	1.1755e-36	1.1755e-36	1.1755e-36	7.7332e-17	0.00e+00	0.00e+00	3.2176e+01
4.75402e+14	8.9350e+03	2.090e-15	3.5938e+04	1.2814e+04	8.9199e-10	7.0590e-01	2.9410e-01	3.2069e-01	6.3379e-01	4.5527e-02	1.7450e-10	2.1335e-02	8.8818e-01	9.0476e-02	5.6819e-06	7.4861e-01	2.5097e-01	4.2108e-04	1.1755e-36	1.1755e-36	1.1755e-36	8.5260e-17	0.00e+00	0.00e+00	3.3566e+01
4.84175e+14	8.8887e+03	1.991e-15	3.5938e+04	1.2409e+04	9.7426e-10	7.1660e-01	2.8340e-01	3.3200e-01	6.2368e-01	4.4321e-02	1.8851e-10	2.0876e-02	8.9298e-01	8.6141e-02	5.1582e-06	7.5836e-01	2.4127e-01	3.7532e-04	1.1755e-36	1.1755e-36	1.1755e-36	9.4510e-17	0.00e+00	0.00e+00	3.5008e+01
4.92975e+14	8.8574e+03	1.895e-15	3.5938e+04	1.2001e+04	1.0522e-09	7.2631e-01	2.7369e-01	3.4275e-01	6.1399e-01	4.3260e-02	2.0204e-10	2.0379e-02	8.9741e-01	8.2208e-02	4.7018e-06	7.6715e-01	2.3251e-01	3.3565e-04	1.1755e-36	1.1755e-36	1.1755e-36	1.0349e-16	0.00e+00	0.00e+00	3.6447e+01
5.01968e+14	8.8048e+03	1.803e-15	3.5938e+04	1.1616e+04	1.1504e-09	7.3654e-01	2.6346e-01	3.5474e-01	6.0325e-01	4.2010e-02	2.1829e-10	1.9926e-02	9.0194e-01	7.8133e-02	4.2666e-06	7.7638e-01	2.2332e-01	2.9868e-04	1.1755e-36	1.1755e-36	1.1755e-36	1.1454e-16	0.00e+00	0.00e+00	3.7994e+01
5.11158e+14	8.7730e+03	1.712e-15	3.5938e+04	1.1219e+04	1.2412e-09	7.4582e-01	2.5418e-01	3.6609e-01	5.9296e-01	4.0942e-02	2.3386e-10	1.9416e-02	9.0614e-01	7.4439e-02	3.8850e-06	7.8472e-01	2.1502e-01	2.6629e-04	1.1755e-36	1.1755e-36	1.1755e-36	1.2513e-16	0.00e+00	0.00e+00	3.9538e+01
5.20548e+14	8.7222e+03	1.624e-15	3.5938e+04	1.0836e+04	1.3530e-09	7.5538e-01	2.4462e-01	3.7843e-01	5.8183e-01	3.9736e-02	2.5196e-10	1.8934e-02	9.1037e-01	7.0689e-02	3.5266e-06	7.9328e-01	2.0649e-01	2.3651e-04	1.1755e-36	1.1755e-36	1.1755e-36	1.3762e-16	0.00e+00	0.00e+00	4.1193e+01
5.30223e+14	8.6747e+03	1.538e-15	3.5938e+04	1.0464e+04	1.4731e-09	7.6484e-01	2.3516e-01	3.9118e-01	5.7030e-01	3.8516e-02	2.7179e-10	1.8451e-02	9.1449e-01	6.7051e-02	3.1991e-06	8.0170e-01	1.9809e-01	2.0952e-04	1.1755e-36	1.1755e-36	1.1755e-36	1.5159e-16	0.00e+00	0.00e+00	4.2876e+01
5.39866e+14	8.6301e+03	1.458e-15	3.5938e+04	1.0102e+04	1.5972e-09	7.7368e-01	2.2632e-01	4.0373e-01	5.5891e-01	3.7360e-02	2.9213e-10	1.7968e-02	9.1836e-01	6.3667e-02	2.9111e-06	8.0955e-01	1.9026e-01	1.8606e-04	1.1755e-36	1.1755e-36	1.1755e-36	1.6595e-16	0.00e+00	0.00e+00	4.4559e+01
5.49592e+14	8.5822e+03	1.380e-15	3.5938e+04	9.7501e+03	1.7328e-09	7.8225e-01	2.1775e-01	4.1650e-01	5.4730e-01	3.6197e-02	3.1393e-10	1.7491e-02	9.2209e-01	6.0420e-02	2.6511e-06	8.1712e-01	1.8271e-01	1.6520e-04	1.1755e-36	1.1755e-36	1.1755e-36	1.8141e-16	0.00e+00	0.00e+00	4.6310e+01
5.59621e+14	8.5352e+03	1.305e-15	3.5938e+04	9.4026e+03	1.8795e-09	7.9068e-01	2.0932e-01	4.2965e-01	5.3532e-01	3.5027e-02	3.3765e-10	1.7010e-02	9.2572e-01	5.7268e-02	2.4130e-06	8.2455e-01	1.7530e-01	1.4631e-04	1.1755e-36	1.1755e-36	1.1755e-36	1.9837e-16	0.00e+00	0.00e+00	4.8139e+01
5.69922e+14	8.4835e+03	1.232e-15	3.5938e+04	9.0575e+03	2.0440e-09	7.9896e-01	2.0104e-01	4.4305e-01	5.2310e-01	3.3852e-02	3.6346e-10	1.6525e-02	9.2924e-01	5.4231e-02	2.1971e-06	8.3182e-01	1.6805e-01	1.2937e-04	1.1755e-36	1.1755e-36	1.1755e-36	2.1696e-16	0.00e+00	0.00e+00	5.0026e+01
5.80379e+14	8.4282e+03	1.163e-15	3.5938e+04	8.7262e+03	2.2247e-09	8.0706e-01	1.9294e-01	4.5680e-01	5.1053e-01	3.2671e-02	3.9152e-10	1.6052e-02	9.3263e-01	5.1311e-02	2.0024e-06	8.3891e-01	1.6098e-01	1.1430e-04	1.1755e-36	1.1755e-36	1.1755e-36	2.3721e-16	0.00e+00	0.00e+00	5.1950e+01
5.90898e+14	8.3818e+03	1.097e-15	3.5938e+04	8.4035e+03	2.4064e-09	8.1457e-01	1.8543e-01	4.7018e-01	4.9826e-01	3.1556e-02	4.2022e-10	1.5578e-02	9.3581e-01	4.8609e-02	1.8314e-06	8.4545e-01	1.5445e-01	1.0121e-04	1.1755e-36	1.1755e-36	1.1755e-36	2.5786e-16	0.00e+00	0.00e+00	5.3897e+01
6.01648e+14	8.3203e+03	1.035e-15	3.5938e+04	8.0931e+03	2.6244e-09	8.2216e-01	1.7784e-01	4.8431e-01	4.8532e-01	3.0374e-02	4.5289e-10	1.5124e-02	9.3893e-01	4.5945e-02	1.6746e-06	8.5205e-01	1.4786e-01	8.9407e-05	1.1755e-36	1.1755e-36	1.1755e-36	2.8151e-16	0.00e+00	0.00e+00	5.5943e+01
6.12635e+14	8.2721e+03	9.747e-16	3.5938e+04	7.7839e+03	2.8391e-09	8.2922e-01	1.7078e-01	4.9797e-01	4.7274e-01	2.9286e-02	4.8608e-10	1.4655e-02	9.4186e-01	4.3483e-02	1.5362e-06	8.5816e-01	1.4176e-01	7.9059e-05	1.1755e-36	1.1755e-36	1.1755e-36	3.0530e-16	0.00e+00	0.00e+00	5.8014e+01
6.23679e+14	8.2076e+03	9.186e-16	3.5938e+04	7.4948e+03	3.0963e-09	8.3625e-01	1.6375e-01	5.1212e-01	4.5974e-01	2.8139e-02	5.2349e-10	1.4220e-02	9.4468e-01	4.1102e-02	1.4120e-06	8.6423e-01	1.3570e-01	6.9919e-05	1.1755e-36	1.1755e-36	1.1755e-36	3.3235e-16	0.00e+00	0.00e+00	6.0117e+01
6.34850e+14	8.1590e+03	8.652e-16	3.5938e+04	7.2092e+03	3.3419e-09	8.4262e-01	1.5738e-01	5.2566e-01	4.4724e-01	2.7100e-02	5.6057e-10	1.3773e-02	9.4730e-01	3.8923e-02	1.3032e-06	8.6972e-01	1.3022e-01	6.1999e-05	1.1755e-36	1.1755e-36	1.1755e-36	3.5850e-16	0.00e+00	0.00e+00	6.2269e+01
6.46164e+14	8.0957e+03	8.152e-16	3.5938e+04	6.9371e+03	3.6351e-09	8.4895e-01	1.5105e-01	5.3949e-01	4.3449e-01	2.6023e-02	6.0192e-10	1.3351e-02	9.4982e-01	3.6826e-02	1.2056e-06	8.7516e-01	1.2479e-01	5.4980e-05	1.1755e-36	1.1755e-36	1.1755e-36	3.8782e-16	0.00e+00	0.00e+00	6.4459e+01
6.57645e+14	8.0337e+03	7.678e-16	3.5938e+04	6.6772e+03	3.9485e-09	8.5503e-01	1.4497e-01	5.5333e-01	4.2171e-01	2.4961e-02	6.4620e-10	1.2942e-02	9.5221e-01	3.4842e-02	1.1183e-06	8.8036e-01	1.1959e-01	4.8784e-05	1.1755e-36	1.1755e-36	1.1755e-36	4.1908e-16	0.00e+00	0.00e+00	6.6709e+01
6.69399e+14	7.9732e+03	7.227e-16	3.5938e+04	6.4226e+03	4.2844e-09	8.6084e-01	1.3916e-01	5.6706e-01	4.0901e-01	2.3930e-02	6.9314e-10	1.2534e-02	9.5450e-01	3.2969e-02	1.0403e-06	8.8532e-01	1.1463e-01	4.3302e-05	1.1755e-36	1.1755e-36	1.1755e-36	4.5183e-16	0.00e+00	0.00e+00	6.9036e+01
6.81368e+14	7.9097e+03	6.801e-16	3.5938e+04	6.1766e+03	4.6543e-09	8.6641e-01	1.3359e-01	5.8067e-01	3.9641e-01	2.2921e-02	7.4321e-10	1.2136e-02	9.5666e-01	3.1206e-02	9.7105e-07	8.9007e-01	1.0989e-01	3.8478e-05	1.1755e-36	1.1755e-36	1.1755e-36	4.8645e-16	0.00e+00	0.00e+00	7.1400e+01
6.93418e+14	7.8462e+03	6.405e-16	3.5938e+04	5.9436e+03	5.0501e-09	8.7166e-01	1.2834e-01	5.9402e-01	3.8404e-01	2.1940e-02	7.9587e-10	1.1756e-02	9.5868e-01	2.9563e-02	9.1006e-07	8.9454e-01	1.0542e-01	3.4285e-05	1.1755e-36	1.1755e-36	1.1755e-36	5.2244e-16	0.00e+00	0.00e+00	7.3789e+01
7.05617e+14	7.7783e+03	6.033e-16	3.5938e+04	5.7208e+03	5.4913e-09	8.7668e-01	1.2332e-01	6.0722e-01	3.7181e-01	2.0972e-02	8.5224e-10	1.1389e-02	9.6059e-01	2.8017e-02	8.5594e-07	8.9880e-01	1.0117e-01	3.0607e-05	1.1755e-36	1.1755e-36	1.1755e-36	5.6072e-16	0.00e+00	0.00e+00	7.6240e+01
7.18105e+14	7.7098e+03	5.680e-16	3.5938e+04	5.5049e+03	5.9684e-09	8.8149e-01	1.1851e-01	6.2029e-01	3.5968e-01	2.0031e-02	9.1163e-10	1.1030e-02	9.6241e-01	2.6557e-02	8.0749e-07	9.0287e-01	9.7106e-02	2.7346e-05	1.1755e-36	1.1755e-36	1.1755e-36	6.0012e-16	0.00e+00	0.00e+00	7.8771e+01
7.30885e+14	7.6416e+03	5.347e-16	3.5938e+04	5.2968e+03	6.4858e-09	8.8607e-01	1.1393e-01	6.3313e-01	3.4776e-01	1.9116e-02	9.7472e-10	1.0681e-02	9.6413e-01	2.5187e-02	7.6434e-07	9.0674e-01	9.3233e-02	2.4466e-05	1.1755e-36	1.1755e-36	1.1755e-36	6.4163e-16	0.00e+00	0.00e+00	8.1366e+01
7.43909e+14	7.5717e+03	5.035e-16	3.5938e+04	5.0984e+03	7.0525e-09	8.9044e-01	1.0956e-01	6.4575e-01	3.3603e-01	1.8221e-02	1.0417e-09	1.0345e-02	9.6575e-01	2.3901e-02	7.2600e-07	9.1043e-01	8.9551e-02	2.1932e-05	1.1755e-36	1.1755e-36	1.1755e-36	6.8522e-16	0.00e+00	0.00e+00	8.4021e+01
7.57232e+14	7.4945e+03	4.740e-16	3.5938e+04	4.9078e+03	7.7050e-09	8.9465e-01	1.0535e-01	6.5824e-01	3.2442e-01	1.7333e-02	1.1141e-09	1.0022e-02	9.6729e-01	2.2686e-02	6.9183e-07	9.1397e-01	8.6006e-02	1.9692e-05	1.1755e-36	1.1755e-36	1.1755e-36	7.3229e-16	0.00e+00	0.00e+00	8.6762e+01
7.70938e+14	7.4177e+03	4.462e-16	3.5938e+04	4.7232e+03	8.4101e-09	8.9865e-01	1.0135e-01	6.7048e-01	3.1304e-01	1.6478e-02	1.1896e-09	9.7052e-03	9.6875e-01	2.1544e-02	6.6125e-07	9.1734e-01	8.2642e-02	1.7706e-05	1.1755e-36	1.1755e-36	1.1755e-36	7.7999e-16	0.00e+00	0.00e+00	8.9598e+01
7.85012e+14	7.3401e+03	4.200e-16	3.5938e+04	4.5465e+03	9.1864e-09	9.0246e-01	9.7540e-02	6.8243e-01	3.0192e-01	1.5648e-02	1.2698e-09	9.3996e-03	9.7013e-01	2.0474e-02	6.3405e-07	9.2054e-01	7.9448e-02	1.5952e-05	1.1755e-36	1.1755e-36	1.1755e-36	8.3033e-16	0.00e+00	0.00e+00	9.2514e+01
7.99457e+14	7.2499e+03	3.954e-16	3.5938e+04	4.3774e+03	1.0125e-08	9.0617e-01	9.3826e-02	6.9427e-01	2.9091e-01	1.4817e-02	1.3579e-09	9.1092e-03	9.7143e-01	1.9461e-02	6.0983e-07	9.2365e-01	7.6336e-02	1.4398e-05	1.1755e-36	1.1755e-36	1.1755e-36	8.8643e-16	0.00e+00	0.00e+00	9.5527e+01
8.14372e+14	7.1715e+03	3.721e-16	3.5938e+04	4.2150e+03	1.1063e-08	9.0959e-01	9.0411e-02	7.0566e-01	2.8030e-01	1.4037e-02	1.4467e-09	8.8231e-03	9.7266e-01	1.8518e-02	5.8815e-07	9.2651e-01	7.3477e-02	1.3024e-05	1.1755e-36	1.1755e-36	1.1755e-36	9.4068e-16	0.00e+00	0.00e+00	9.8659e+01
8.29837e+14	7.0926e+03	3.500e-16	3.5938e+04	4.0578e+03	1.2099e-08	9.1283e-01	8.7174e-02	7.1672e-01	2.6999e-01	1.3283e-02	1.5405e-09	8.5447e-03	9.7382e-01	1.7633e-02	5.6876e-07	9.2922e-01	7.0772e-02	1.1803e-05	1.1755e-36	1.1755e-36	1.1755e-36	9.9755e-16	0.00e+00	0.00e+00	1.0192e+02
8.45849e+14	6.9969e+03	3.293e-16	3.5938e+04	3.9098e+03	1.3407e-08	9.1611e-01	8.3894e-02	7.2785e-01	2.5964e-01	1.2512e-02	1.6477e-09	8.2855e-03	9.7493e-01	1.6786e-02	5.5139e-07	9.3195e-01	6.8034e-02	1.0704e-05	1.1755e-36	1.1755e-36	1.1755e-36	1.0662e-15	0.00e+00	0.00e+00	1.0530e+02
8.62322e+14	6.9076e+03	3.098e-16	3.5938e+04	3.7642e+03	1.4775e-08	9.1902e-01	8.0982e-02	7.3825e-01	2.4994e-01	1.1811e-02	1.7519e-09	8.0247e-03	9.7596e-01	1.6013e-02	5.3613e-07	9.3439e-01	6.5603e-02	9.7521e-06	1.1755e-36	1.1755e-36	1.1755e-36	1.1290e-15	0.00e+00	0.00e+00	1.0878e+02
8.79281e+14	6.8067e+03	2.916e-16	3.5938e+04	3.6309e+03	1.6451e-08	9.2194e-01	7.8058e-02	7.4865e-01	2.4025e-01	1.1095e-02	1.8719e-09	7.7897e-03	9.7693e-01	1.5276e-02	5.2251e-07	9.3683e-01	6.3165e-02	8.8974e-06	1.1755e-36	1.1755e-36	1.1755e-36	1.2071e-15	0.00e+00	0.00e+00	1.1239e+02
8.96366e+14	6.7104e+03	2.751e-16	3.5938e+04	3.5050e+03	1.8243e-08	9.2456e-01	7.5439e-02	7.5822e-01	2.3133e-01	1.0448e-02	1.9908e-09	7.5645e-03	9.7782e-01	1.4618e-02	5.1083e-07	9.3901e-01	6.0983e-02	8.1666e-06	1.1755e-36	1.1755e-36	1.1755e-36	1.2840e-15	0.00e+00	0.00e+00	1.1594e+02
9.13446e+14	6.6134e+03	2.600e-16	3.5938e+04	3.3901e+03	2.0237e-08	9.2693e-01	7.3066e-02	7.6732e-01	2.2285e-01	9.8311e-03	2.1139e-09	7.3592e-03	9.7863e-01	1.4014e-02	5.0067e-07	9.4099e-01	5.9006e-02	7.5374e-06	1.1755e-36	1.1755e-36	1.1755e-36	1.3650e-15	0.00e+00	0.00e+00	1.1956e+02
9.30808e+14	6.5159e+03	2.459e-16	3.5938e+04	3.2812e+03	2.2482e-08	9.2918e-01	7.0816e-02	7.7591e-01	2.1483e-01	9.2526e-03	2.2433e-09	7.1639e-03	9.7938e-01	1.3457e-02	4.9173e-07	9.4286e-01	5.7133e-02	6.9794e-06	1.1755e-36	1.1755e-36	1.1755e-36	1.4538e-15	0.00e+00	0.00e+00	1.2325e+02
9.48311e+14	6.4188e+03	2.330e-16	3.5938e+04	3.1798e+03	2.4991e-08	9.3129e-01	6.8711e-02	7.8400e-01	2.0729e-01	8.7114e-03	2.3786e-09	6.9814e-03	9.8007e-01	1.2949e-02	4.8391e-07	9.4461e-01	5.5381e-02	6.4887e-06	1.1755e-36	1.1755e-36	1.1755e-36	1.5512e-15	0.00e+00	0.00e+00	1.2695e+02
9.65791e+14	6.3222e+03	2.212e-16	3.5938e+04	3.0857e+03	2.7781e-08	9.3322e-01	6.6784e-02	7.9155e-01	2.0024e-01	8.2097e-03	2.5183e-09	6.8117e-03	9.8070e-01	1.2488e-02	4.7713e-07	9.4622e-01	5.3777e-02	6.0615e-06	1.1755e-36	1.1755e-36	1.1755e-36	1.6563e-15	0.00e+00	0.00e+00	1.3065e+02
9.83197e+14	6.2267e+03	2.104e-16	3.5938e+04	2.9987e+03	3.0881e-08	9.3500e-01	6.5004e-02	7.9861e-01	1.9364e-01	7.7438e-03	2.6639e-09	6.6548e-03	9.8128e-01	1.2068e-02	4.7123e-07	9.4770e-01	5.2296e-02	5.6871e-06	1.1755e-36	1.1755e-36	1.1755e-36	1.7720e-15	0.00e+00	0.00e+00	1.3433e+02
1.00053e+15	6.1326e+03	2.005e-16	3.5938e+04	2.9177e+03	3.4327e-08	9.3665e-01	6.3352e-02	8.0521e-01	1.8748e-01	7.3121e-03	2.8162e-09	6.5087e-03	9.8181e-01	1.1685e-02	4.6607e-07	9.4907e-01	5.0921e-02	5.3567e-06	1.1755e-36	1.1755e-36	1.1755e-36	1.9005e-15	0.00e+00	0.00e+00	1.3801e+02
1.01780e+15	6.0397e+03	1.913e-16	3.5938e+04	2.8421e+03	3.8163e-08	9.3819e-01	6.1810e-02	8.1137e-01	1.8171e-01	6.9120e-03	2.9766e-09	6.3721e-03	9.8229e-01	1.1335e-02	4.6154e-07	9.5036e-01	4.9638e-02	5.0633e-06	1.1755e-36	1.1755e-36	1.1755e-36	2.0447e-15	0.00e+00	0.00e+00	1.4168e+02
1.03500e+15	5.9483e+03	1.829e-16	3.5938e+04	2.7713e+03	4.2432e-08	9.3963e-01	6.0370e-02	8.1717e-01	1.7629e-01	6.5404e-03	3.1466e-09	6.2441e-03	9.8274e-01	1.1014e-02	4.5756e-07	9.5156e-01	4.8440e-02	4.8018e-06	1.1755e-36	1.1755e-36	1.1755e-36	2.2076e-15	0.00e+00	0.00e+00	1.4534e+02
1.05210e+15	5.8584e+03	1.751e-16	3.5938e+04	2.7050e+03	4.7185e-08	9.4098e-01	5.9022e-02	8.2263e-01	1.7117e-01	6.1950e-03	3.3279e-09	6.1243e-03	9.8315e-01	1.0721e-02	4.5405e-07	9.5268e-01	4.7318e-02	4.5678e-06	1.1755e-36	1.1755e-36	1.1755e-36	2.3933e-15	0.00e+00	0.00e+00	1.4898e+02
1.06908e+15	5.7701e+03	1.679e-16	3.5938e+04	2.6428e+03	5.2478e-08	9.4224e-01	5.7756e-02	8.2775e-01	1.6637e-01	5.8747e-03	3.5220e-09	6.0118e-03	9.8354e-01	1.0452e-02	4.5095e-07	9.5373e-01	4.6265e-02	4.3577e-06	1.1755e-36	1.1755e-36	1.1755e-36	2.6061e-15	0.00e+00	0.00e+00	1.5259e+02
1.08593e+15	5.6834e+03	1.612e-16	3.5938e+04	2.5843e+03	5.8373e-08	9.4343e-01	5.6567e-02	8.3256e-01	1.6186e-01	5.5777e-03	3.7309e-09	5.9063e-03	9.8389e-01	1.0204e-02	4.4821e-07	9.5472e-01	4.5274e-02	4.1683e-06	1.1755e-36	1.1755e-36	1.1755e-36	2.8514e-15	0.00e+00	0.00e+00	1.5618e+02
1.10262e+15	5.5983e+03	1.550e-16	3.5938e+04	2.5293e+03	6.4939e-08	9.4455e-01	5.5446e-02	8.3707e-01	1.5762e-01	5.3021e-03	3.9570e-09	5.8071e-03	9.8422e-01	9.9772e-03	4.4579e-07	9.5565e-01	4.4341e-02	3.9972e-06	1.1755e-36	1.1755e-36	1.1755e-36	3.1358e-15	0.00e+00	0.00e+00	1.5975e+02
1.11914e+15	5.5149e+03	1.493e-16	3.5938e+04	2.4774e+03	7.2253e-08	9.4561e-01	5.4391e-02	8.4132e-01	1.5363e-01	5.0463e-03	4.2027e-09	5.7137e-03	9.8452e-01	9.7683e-03	4.4365e-07	9.5653e-01	4.3462e-02	3.8421e-06	1.1755e-36	1.1755e-36	1.1755e-36	3.4671e-15	0.00e+00	0.00e+00	1.6327e+02
1.13547e+15	5.4333e+03	1.439e-16	3.5938e+04	2.4284e+03	8.0392e-08	9.4661e-01	5.3393e-02	8.4532e-01	1.4987e-01	4.8088e-03	4.4711e-09	5.6258e-03	9.8480e-01	9.5762e-03	4.4175e-07	9.5737e-01	4.2631e-02	3.7012e-06	1.1755e-36	1.1755e-36	1.1755e-36	3.8547e-15	0.00e+00	0.00e+00	1.6676e+02
1.15160e+15	5.3535e+03	1.389e-16	3.5938e+04	2.3822e+03	8.9451e-08	9.4755e-01	5.2449e-02	8.4909e-01	1.4632e-01	4.5880e-03	4.7657e-09	5.5430e-03	9.8506e-01	9.3991e-03	4.4007e-07	9.5815e-01	4.1844e-02	3.5726e-06	1.1755e-36	1.1755e-36	1.1755e-36	4.3100e-15	0.00e+00	0.00e+00	1.7020e+02
1.16753e+15	5.2755e+03	1.342e-16	3.5938e+04	2.3383e+03	9.9537e-08	9.4845e-01	5.1553e-02	8.5265e-01	1.4296e-01	4.3826e-03	5.0904e-09	5.4647e-03	9.8530e-01	9.2358e-03	4.3857e-07	9.5890e-01	4.1098e-02	3.4550e-06	1.1755e-36	1.1755e-36	1.1755e-36	4.8477e-15	0.00e+00	0.00e+00	1.7361e+02
1.18326e+15	5.1992e+03	1.298e-16	3.5938e+04	2.2967e+03	1.1076e-07	9.4930e-01	5.0700e-02	8.5602e-01	1.3979e-01	4.1911e-03	5.4498e-09	5.3908e-03	9.8552e-01	9.0849e-03	4.3724e-07	9.5961e-01	4.0387e-02	3.3469e-06	1.1755e-36	1.1755e-36	1.1755e-36	5.4851e-15	0.00e+00	0.00e+00	1.7697e+02
1.19878e+15	5.1245e+03	1.257e-16	3.5938e+04	2.2571e+03	1.2327e-07	9.5011e-01	4.9889e-02	8.5921e-01	1.3678e-01	4.0126e-03	5.8487e-09	5.3206e-03	9.8573e-01	8.9456e-03	4.3606e-07	9.6029e-01	3.9710e-02	3.2475e-06	1.1755e-36	1.1755e-36	1.1755e-36	6.2435e-15	0.00e+00	0.00e+00	1.8030e+02
1.21408e+15	5.0516e+03	1.219e-16	3.5938e+04	2.2194e+03	1.3720e-07	9.5088e-01	4.9115e-02	8.6223e-01	1.3393e-01	3.8461e-03	6.2929e-09	5.2541e-03	9.8593e-01	8.8168e-03	4.3502e-07	9.6093e-01	3.9065e-02	3.1558e-06	1.1755e-36	1.1755e-36	1.1755e-36	7.1492e-15	0.00e+00	0.00e+00	1.8357e+02
1.22915e+15	4.9798e+03	1.183e-16	3.5938e+04	2.1835e+03	1.5275e-07	9.5163e-01	4.8374e-02	8.6510e-01	1.3121e-01	3.6900e-03	6.7913e-09	5.1913e-03	9.8613e-01	8.6811e-03	4.3403e-07	9.6155e-01	3.8446e-02	3.0711e-06	1.1755e-36	1.1755e-36	1.1755e-36	8.2141e-15	0.00e+00	0.00e+00	1.8681e+02
1.24399e+15	4.9089e+03	1.149e-16	3.5938e+04	2.1492e+03	1.7011e-07	9.5234e-01	4.7662e-02	8.6783e-01	1.2862e-01	3.5437e-03	7.3423e-09	5.1322e-03	9.8636e-01	8.5119e-03	4.3298e-07	9.6215e-01	3.7851e-02	2.9928e-06	1.1755e-36	1.1755e-36	1.1755e-36	9.4046e-15	0.00e+00	0.00e+00	1.8998e+02
1.25853e+15	4.8396e+03	1.117e-16	3.5938e+04	2.1163e+03	1.8946e-07	9.5301e-01	4.6995e-02	8.7040e-01	1.2619e-01	3.4081e-03	7.9393e-09	5.0753e-03	9.8657e-01	8.3527e-03	4.3206e-07	9.6270e-01	3.7293e-02	2.9210e-06	1.1755e-36	1.1755e-36	1.1755e-36	1.0789e-14	0.00e+00	0.00e+00	1.9310e+02
1.27278e+15	4.7723e+03	1.087e-16	3.5938e+04	2.0853e+03	2.1087e-07	9.5365e-01	4.6354e-02	8.7286e-01	1.2386e-01	3.2806e-03	8.5879e-09	5.0225e-03	9.8678e-01	8.2017e-03	4.3124e-07	9.6324e-01	3.6757e-02	2.8543e-06	1.1755e-36	1.1755e-36	1.1755e-36	1.2403e-14	0.00e+00	0.00e+00	1.9615e+02
1.28678e+15	4.7067e+03	1.059e-16	3.5938e+04	2.0556e+03	2.3466e-07	9.5426e-01	4.5742e-02	8.7520e-01	1.2164e-01	3.1610e-03	9.2938e-09	4.9723e-03	9.8697e-01	8.0581e-03	4.3050e-07	9.6375e-01	3.6246e-02	2.7924e-06	1.1755e-36	1.1755e-36	1.1755e-36	1.4289e-14	0.00e+00	0.00e+00	1.9915e+02
1.30058e+15	4.6427e+03	1.032e-16	3.5938e+04	2.0270e+03	2.6117e-07	9.5485e-01	4.5148e-02	8.7743e-01	1.1953e-01	3.0487e-03	1.0065e-08	4.9242e-03	9.8715e-01	7.9214e-03	4.2983e-07	9.6425e-01	3.5749e-02	2.7341e-06	1.1755e-36	1.1755e-36	1.1755e-36	1.6507e-14	0.00e+00	0.00e+00	2.0212e+02
1.31418e+15	4.5800e+03	1.007e-16	3.5938e+04	1.9994e+03	2.9070e-07	9.5543e-01	4.4574e-02	8.7955e-01	1.1750e-01	2.9430e-03	1.0910e-08	4.8781e-03	9.8733e-01	7.7910e-03	4.2923e-07	9.6473e-01	3.5269e-02	2.6794e-06	1.1755e-36	1.1755e-36	1.1755e-36	1.9117e-14	0.00e+00	0.00e+00	2.0505e+02
1.32757e+15	4.5188e+03	9.825e-17	3.5938e+04	1.9729e+03	3.2357e-07	9.5598e-01	4.4021e-02	8.8159e-01	1.1557e-01	2.8435e-03	1.1833e-08	4.8340e-03	9.8750e-01	7.6666e-03	4.2870e-07	9.6519e-01	3.4806e-02	2.6281e-06	1.1755e-36	1.1755e-36	1.1755e-36	2.2191e-14	0.00e+00	0.00e+00	2.0793e+02
1.34075e+15	4.4549e+03	9.596e-17	3.5938e+04	1.9469e+03	3.6269e-07	9.5653e-01	4.3469e-02	8.8357e-01	1.1368e-01	2.7480e-03	1.2904e-08	4.7922e-03	9.8766e-01	7.5465e-03	4.2827e-07	9.6565e-01	3.4343e-02	2.5801e-06	1.1755e-36	1.1755e-36	1.1755e-36	2.6062e-14	0.00e+00	0.00e+00	2.1077e+02
1.35336e+15	4.4032e+03	9.386e-17	3.5938e+04	1.9234e+03	3.9878e-07	9.5700e-01	4.3003e-02	8.8532e-01	1.1202e-01	2.6651e-03	1.3894e-08	4.7528e-03	9.8781e-01	7.4411e-03	4.2782e-07	9.6604e-01	3.3953e-02	2.5366e-06	1.1755e-36	1.1755e-36	1.1755e-36	2.9861e-14	0.00e+00	0.00e+00	2.1340e+02
1.36612e+15	4.3451e+03	9.179e-17	3.5938e+04	1.9012e+03	4.4436e-07	9.5747e-01	4.2525e-02	8.8724e-01	1.1019e-01	2.5751e-03	1.5122e-08	4.7184e-03	9.8796e-01	7.3240e-03	4.2742e-07	9.6644e-01	3.3552e-02	2.4944e-06	1.1755e-36	1.1755e-36	1.1755e-36	3.4918e-14	0.00e+00	0.00e+00	2.1631e+02
1.37935e+15	4.2861e+03	8.965e-17	3.5938e+04	1.8751e+03	4.9790e-07	9.5806e-01	4.1942e-02	8.8895e-01	1.0855e-01	2.4962e-03	1.6542e-08	4.6753e-03	9.8811e-01	7.2176e-03	4.2706e-07	9.6693e-01	3.3067e-02	2.4488e-06	1.1755e-36	1.1755e-36	1.1755e-36	4.1366e-14	0.00e+00	0.00e+00	2.1915e+02
1.39195e+15	4.2274e+03	8.773e-17	3.5938e+04	1.8514e+03	5.5822e-07	9.5855e-01	4.1447e-02	8.9060e-01	1.0698e-01	2.4214e-03	1.8098e-08	4.6379e-03	9.8824e-01	7.1191e-03	4.2682e-07	9.6735e-01	3.2652e-02	2.4102e-06	1.1755e-36	1.1755e-36	1.1755e-36	4.9026e-14	0.00e+00	0.00e+00	2.2180e+02
1.40365e+15	4.1816e+03	8.604e-17	3.5938e+04	1.8314e+03	6.1133e-07	9.5890e-01	4.1102e-02	8.9206e-01	1.0558e-01	2.3560e-03	1.9464e-08	4.6052e-03	9.8836e-01	7.0321e-03	4.2654e-07	9.6764e-01	3.2360e-02	2.3782e-06	1.1755e-36	1.1755e-36	1.1755e-36	5.6111e-14	0.00e+00	0.00e+00	2.2424e+02
1.41574e+15	4.1270e+03	8.432e-17	3.5938e+04	1.8131e+03	6.8291e-07	9.5935e-01	4.0653e-02	8.9381e-01	1.0391e-01	2.2783e-03	2.1304e-08	4.5804e-03	9.8849e-01	6.9275e-03	4.2630e-07	9.6801e-01	3.1984e-02	2.3433e-06	1.1755e-36	1.1755e-36	1.1755e-36	6.6420e-14	0.00e+00	0.00e+00	2.2706e+02
1.42838e+15	4.0720e+03	8.248e-17	3.5938e+04	1.7885e+03	7.6597e-07	9.5990e-01	4.0104e-02	8.9524e-01	1.0255e-01	2.2166e-03	2.3397e-08	4.5401e-03	9.8862e-01	6.8386e-03	4.2609e-07	9.6847e-01	3.1527e-02	2.3050e-06	1.1755e-36	1.1755e-36	1.1755e-36	7.9446e-14	0.00e+00	0.00e+00	2.2975e+02
1.44025e+15	4.0173e+03	8.086e-17	3.5938e+04	1.7672e+03	8.5961e-07	9.6035e-01	3.9645e-02	8.9666e-01	1.0118e-01	2.1558e-03	2.5702e-08	4.5081e-03	9.8874e-01	6.7550e-03	4.2600e-07	9.6885e-01	3.1143e-02	2.2732e-06	1.1755e-36	1.1755e-36	1.1755e-36	9.5011e-14	0.00e+00	0.00e+00	2.3223e+02
1.45117e+15	3.9709e+03	7.941e-17	3.5938e+04	1.7475e+03	9.4928e-07	9.6071e-01	3.9293e-02	8.9793e-01	9.9965e-02	2.1035e-03	2.7883e-08	4.4771e-03	9.8884e-01	6.6808e-03	4.2589e-07	9.6915e-01	3.0846e-02	2.2461e-06	1.1755e-36	1.1755e-36	1.1755e-36	1.1080e-13	0.00e+00	0.00e+00	2.3451e+02
###########################
4.60361e+10	9.6182e+03	5.640e-15	3.5938e+04	3.6825e+04	1.5810e-12	7.2533e-02	9.2747e-01	6.9264e-02	8.2895e-01	1.0178e-01	4.2160e-13	1.4633e-02	5.8851e-01	3.9609e-01	7.7171e-04	8.1199e-02	8.4704e-01	7.1531e-02	2.2971e-04	7.3562e-07	1.1755e-36	1.4844e-20	0.00e+00	0.00e+00	1.5156e-03
2.76217e+11	9.6086e+03	5.603e-15	3.5938e+04	3.6616e+04	1.5676e-12	7.2042e-02	9.2796e-01	6.8900e-02	8.2881e-01	1.0229e-01	4.1268e-13	1.4482e-02	5.8737e-01	3.9736e-01	7.8004e-04	8.0611e-02	8.4705e-01	7.2107e-02	2.3301e-04	7.4835e-07	1.1755e-36	1.4382e-20	0.00e+00	0.00e+00	7.5371e-03
1.19694e+12	9.5971e+03	5.568e-15	3.5938e+04	3.6571e+04	1.5604e-12	7.1723e-02	9.2828e-01	6.8907e-02	8.2882e-01	1.0227e-01	4.0824e-13	1.4428e-02	5.8743e-01	3.9736e-01	7.8279e-04	8.0227e-02	8.4698e-01	7.2553e-02	2.3473e-04	7.5419e-07	1.1755e-36	1.4138e-20	0.00e+00	0.00e+00	3.1516e-02
4.87983e+12	9.5624e+03	5.497e-15	3.5938e+04	3.6569e+04	1.5747e-12	7.1551e-02	9.2845e-01	6.9305e-02	8.2913e-01	1.0156e-01	4.0686e-13	1.4467e-02	5.8867e-01	3.9608e-01	7.7829e-04	7.9998e-02	8.4651e-01	7.3261e-02	2.3464e-04	7.5442e-07	1.1755e-36	1.4008e-20	0.00e+00	0.00e+00	1.2720e-01
1.16563e+13	9.4388e+03	5.261e-15	3.5938e+04	3.6660e+04	1.4904e-12	6.8094e-02	9.3191e-01	6.9484e-02	8.2942e-01	1.0110e-01	3.6531e-13	1.4136e-02	5.8935e-01	3.9570e-01	8.1318e-04	7.5753e-02	8.4488e-01	7.9108e-02	2.6095e-04	8.3008e-07	1.1755e-36	1.1869e-20	0.00e+00	0.00e+00	2.4559e-01
2.04658e+13	9.3332e+03	5.085e-15	3.5938e+04	3.6743e+04	1.4761e-12	6.6420e-02	9.3358e-01	7.0177e-02	8.2969e-01	1.0013e-01	3.4759e-13	1.4055e-02	5.9178e-01	3.9334e-01	8.2282e-04	7.3723e-02	8.4393e-01	8.2077e-02	2.7090e-04	8.5667e-07	1.1755e-36	1.0919e-20	0.00e+00	0.00e+00	3.9570e-01
3.19181e+13	9.2367e+03	4.947e-15	3.5938e+04	3.6746e+04	1.5237e-12	6.6143e-02	9.3386e-01	7.1164e-02	8.3006e-01	9.8779e-02	3.4608e-13	1.4156e-02	5.9507e-01	3.8996e-01	8.1105e-04	7.3394e-02	8.4333e-01	8.3006e-02	2.6688e-04	8.4440e-07	1.1755e-36	1.0720e-20	0.00e+00	0.00e+00	5.9003e-01
4.68061e+13	9.1776e+03	4.843e-15	3.5938e+04	3.6699e+04	1.6307e-12	6.7493e-02	9.3251e-01	7.2494e-02	8.3054e-01	9.6963e-02	3.6358e-13	1.4495e-02	5.9939e-01	3.8534e-01	7.7434e-04	7.5054e-02	8.4336e-01	8.1341e-02	2.4652e-04	7.8746e-07	1.1755e-36	1.1387e-20	0.00e+00	0.00e+00	8.4783e-01
6.49667e+13	9.1345e+03	4.787e-15	3.5938e+04	3.6587e+04	1.8385e-12	7.0798e-02	9.2920e-01	7.4249e-02	8.3104e-01	9.4707e-02	4.0608e-13	1.5087e-02	6.0490e-01	3.7929e-01	7.1418e-04	7.9082e-02	8.4354e-01	7.7163e-02	2.1303e-04	6.9443e-07	1.1755e-36	1.3222e-20	0.00e+00	0.00e+00	1.1610e+00
8.40029e+13	9.1305e+03	4.780e-15	3.5938e+04	3.6383e+04	2.1387e-12	7.5957e-02	9.2404e-01	7.6163e-02	8.3125e-01	9.2586e-02	4.7582e-13	1.5875e-02	6.1069e-01	3.7279e-01	6.4271e-04	8.5360e-02	8.4349e-01	7.0975e-02	1.7449e-04	5.8721e-07	1.1755e-36	1.6501e-20	0.00e+00	0.00e+00	1.4813e+00
1.04180e+14	9.1582e+03	4.830e-15	3.5938e+04	3.6071e+04	2.6440e-12	8.4316e-02	9.1568e-01	7.8934e-02	8.3132e-01	8.9748e-02	6.0265e-13	1.7042e-02	6.1855e-01	3.6385e-01	5.5189e-04	9.5507e-02	8.4207e-01	6.2295e-02	1.3118e-04	4.6379e-07	1.1755e-36	2.3043e-20	0.00e+00	0.00e+00	1.8979e+00
1.27696e+14	9.2157e+03	4.927e-15	3.5938e+04	3.5567e+04	3.5289e-12	9.7419e-02	9.0258e-01	8.2786e-02	8.3081e-01	8.6406e-02	8.3501e-13	1.8661e-02	6.2881e-01	3.5208e-01	4.4810e-04	1.1133e-01	8.3696e-01	5.1622e-02	8.8685e-05	3.3772e-07	1.1755e-36	3.6659e-20	0.00e+00	0.00e+00	2.4564e+00
1.52515e+14	9.3042e+03	5.068e-15	3.5938e+04	3.4870e+04	5.0143e-12	1.1626e-01	8.8374e-01	8.7467e-02	8.2934e-01	8.3196e-02	1.2436e-12	2.0603e-02	6.4062e-01	3.3842e-01	3.4833e-04	1.3389e-01	8.2542e-01	4.0632e-02	5.5023e-05	2.3085e-07	1.1755e-36	6.5012e-20	0.00e+00	0.00e+00	3.0996e+00
1.75936e+14	9.4006e+03	5.219e-15	3.5938e+04	3.3979e+04	7.3508e-12	1.4037e-01	8.5963e-01	9.2858e-02	8.2689e-01	8.0251e-02	1.9042e-12	2.2611e-02	6.5326e-01	3.2386e-01	2.6560e-04	1.6243e-01	8.0643e-01	3.1108e-02	3.2922e-05	1.5400e-07	1.1755e-36	1.2051e-19	0.00e+00	0.00e+00	3.8152e+00
1.96728e+14	9.4895e+03	5.337e-15	3.5938e+04	3.2933e+04	1.0698e-11	1.6788e-01	8.3212e-01	9.8342e-02	8.2371e-01	7.7947e-02	2.8606e-12	2.4376e-02	6.6558e-01	3.0984e-01	2.0435e-04	1.9458e-01	7.8158e-01	2.3815e-02	2.0016e-05	1.1755e-36	1.1755e-36	2.1827e-19	0.00e+00	0.00e+00	4.5436e+00
2.14836e+14	9.5476e+03	5.408e-15	3.5938e+04	3.1868e+04	1.5264e-11	1.9722e-01	8.0278e-01	1.0435e-01	8.1989e-01	7.5754e-02	4.1512e-12	2.5868e-02	6.7802e-01	2.9595e-01	1.5988e-04	2.2840e-01	7.5313e-01	1.8452e-02	1.2620e-05	1.1755e-36	1.1755e-36	3.7615e-19	0.00e+00	0.00e+00	5.3088e+00
2.31892e+14	9.5865e+03	5.418e-15	3.5938e+04	3.0700e+04	2.1564e-11	2.2891e-01	7.7109e-01	1.1081e-01	8.1543e-01	7.3764e-02	5.8953e-12	2.7091e-02	6.9080e-01	2.8199e-01	1.2604e-04	2.6442e-01	7.2122e-01	1.4355e-02	8.1036e-06	1.1755e-36	1.1755e-36	6.2922e-19	0.00e+00	0.00e+00	6.1928e+00
2.48340e+14	9.6071e+03	5.372e-15	3.5938e+04	2.9453e+04	3.0214e-11	2.6291e-01	7.3709e-01	1.1789e-01	8.1019e-01	7.1920e-02	8.2210e-12	2.8023e-02	7.0393e-01	2.6795e-01	1.0002e-04	3.0246e-01	6.8634e-01	1.1194e-02	5.2861e-06	1.1755e-36	1.1755e-36	1.0268e-18	0.00e+00	0.00e+00	7.1402e+00
2.63779e+14	9.6111e+03	5.272e-15	3.5938e+04	2.8186e+04	4.1421e-11	2.9734e-01	7.0266e-01	1.2538e-01	8.0434e-01	7.0274e-02	1.1132e-11	2.8656e-02	7.1707e-01	2.5419e-01	8.0437e-05	3.4038e-01	6.5079e-01	8.8247e-03	3.5521e-06	1.1755e-36	1.1755e-36	1.6062e-18	0.00e+00	0.00e+00	8.1522e+00
2.77952e+14	9.6032e+03	5.133e-15	3.5938e+04	2.6965e+04	5.4991e-11	3.3036e-01	6.6964e-01	1.3298e-01	7.9815e-01	6.8864e-02	1.4532e-11	2.8999e-02	7.2961e-01	2.4132e-01	6.5991e-05	3.7621e-01	6.1670e-01	7.0871e-03	2.4865e-06	1.1755e-36	1.1755e-36	2.3818e-18	0.00e+00	0.00e+00	9.1529e+00
2.90522e+14	9.5875e+03	4.979e-15	3.5938e+04	2.5861e+04	7.0208e-11	3.6032e-01	6.3968e-01	1.4043e-01	7.9198e-01	6.7594e-02	1.8218e-11	2.9127e-02	7.4107e-01	2.2975e-01	5.5471e-05	4.0823e-01	5.8593e-01	5.8366e-03	1.8273e-06	1.1755e-36	1.1755e-36	3.3277e-18	0.00e+00	0.00e+00	1.0117e+01
3.01941e+14	9.5672e+03	4.816e-15	3.5938e+04	2.4850e+04	8.7042e-11	3.8770e-01	6.1230e-01	1.4779e-01	7.8579e-01	6.6425e-02	2.2174e-11	2.9110e-02	7.5168e-01	2.1916e-01	4.7445e-05	4.3714e-01	5.5796e-01	4.8951e-03	1.3913e-06	1.1755e-36	1.1755e-36	4.4496e-18	0.00e+00	0.00e+00	1.1089e+01
3.12893e+14	9.5399e+03	4.645e-15	3.5938e+04	2.3892e+04	1.0648e-10	4.1406e-01	5.8594e-01	1.5546e-01	7.7927e-01	6.5271e-02	2.6609e-11	2.9002e-02	7.6207e-01	2.0889e-01	4.0861e-05	4.6463e-01	5.3123e-01	4.1345e-03	1.0773e-06	1.1755e-36	1.1755e-36	5.8239e-18	0.00e+00	0.00e+00	1.2109e+01
3.23743e+14	9.5085e+03	4.468e-15	3.5938e+04	2.2975e+04	1.2922e-10	4.4001e-01	5.5999e-01	1.6368e-01	7.7228e-01	6.4050e-02	3.1688e-11	2.8821e-02	7.7241e-01	1.9873e-01	3.5274e-05	4.9139e-01	5.0511e-01	3.5010e-03	8.4194e-07	1.1755e-36	1.1755e-36	7.5376e-18	0.00e+00	0.00e+00	1.3192e+01
3.34593e+14	9.4789e+03	4.277e-15	3.5938e+04	2.2038e+04	1.5509e-10	4.6508e-01	5.3492e-01	1.7222e-01	7.6489e-01	6.2888e-02	3.7305e-11	2.8507e-02	7.8252e-01	1.8894e-01	3.0560e-05	5.1695e-01	4.8008e-01	2.9701e-03	6.6401e-07	1.1755e-36	1.1755e-36	9.5856e-18	0.00e+00	0.00e+00	1.4338e+01
3.45134e+14	9.4484e+03	4.090e-15	3.5938e+04	2.1154e+04	1.8346e-10	4.8857e-01	5.1143e-01	1.8088e-01	7.5734e-01	6.1779e-02	4.3313e-11	2.8121e-02	7.9211e-01	1.7974e-01	2.6671e-05	5.4063e-01	4.5683e-01	2.5394e-03	5.3238e-07	1.1755e-36	1.1755e-36	1.1935e-17	0.00e+00	0.00e+00	1.5471e+01
3.55137e+14	9.4174e+03	3.911e-15	3.5938e+04	2.0341e+04	2.1368e-10	5.1010e-01	4.8990e-01	1.8952e-01	7.4978e-01	6.0698e-02	4.9579e-11	2.7705e-02	8.0105e-01	1.7122e-01	2.3477e-05	5.6213e-01	4.3568e-01	2.1921e-03	4.3481e-07	1.1755e-36	1.1755e-36	1.4541e-17	0.00e+00	0.00e+00	1.6603e+01
3.64921e+14	9.3865e+03	3.736e-15	3.5938e+04	1.9575e+04	2.4648e-10	5.3044e-01	4.6956e-01	1.9840e-01	7.4200e-01	5.9598e-02	5.6280e-11	2.7264e-02	8.0965e-01	1.6307e-01	2.0745e-05	5.8224e-01	4.1586e-01	1.9005e-03	3.5893e-07	1.1755e-36	1.1755e-36	1.7488e-17	0.00e+00	0.00e+00	1.7781e+01
3.72942e+14	9.3620e+03	3.598e-15	3.5938e+04	1.8965e+04	2.7432e-10	5.4570e-01	4.5430e-01	2.0542e-01	7.3579e-01	5.8787e-02	6.1775e-11	2.6841e-02	8.1613e-01	1.5701e-01	1.8878e-05	5.9723e-01	4.0107e-01	1.7022e-03	3.1057e-07	1.1755e-36	1.1755e-36	2.0013e-17	0.00e+00	0.00e+00	1.8556e+01
3.78694e+14	9.3409e+03	3.502e-15	3.5938e+04	1.8564e+04	2.9658e-10	5.5676e-01	4.4324e-01	2.1104e-01	7.3086e-01	5.8099e-02	6.6223e-11	2.6580e-02	8.2097e-01	1.5243e-01	1.7591e-05	6.0802e-01	3.9041e-01	1.5698e-03	2.7970e-07	1.1755e-36	1.1755e-36	2.2127e-17	0.00e+00	0.00e+00	1.9219e+01
3.84319e+14	9.3112e+03	3.406e-15	3.5938e+04	1.8177e+04	3.2173e-10	5.6786e-01	4.3214e-01	2.1702e-01	7.2569e-01	5.7296e-02	7.1093e-11	2.6340e-02	8.2585e-01	1.4779e-01	1.6368e-05	6.1880e-01	3.7975e-01	1.4464e-03	2.5199e-07	1.1755e-36	1.1755e-36	2.4505e-17	0.00e+00	0.00e+00	1.9992e+01
3.90724e+14	9.2998e+03	3.293e-15	3.5938e+04	1.7699e+04	3.4699e-10	5.7912e-01	4.2088e-01	2.2315e-01	7.2023e-01	5.6619e-02	7.6088e-11	2.5955e-02	8.3090e-01	1.4313e-01	1.5162e-05	6.2968e-01	3.6899e-01	1.3228e-03	2.2541e-07	1.1755e-36	1.1755e-36	2.6990e-17	0.00e+00	0.00e+00	2.0887e+01
3.97910e+14	9.2661e+03	3.174e-15	3.5938e+04	1.7208e+04	3.8143e-10	5.9212e-01	4.0788e-01	2.3073e-01	7.1360e-01	5.5677e-02	8.2567e-11	2.5584e-02	8.3667e-01	1.3773e-01	1.3882e-05	6.4219e-01	3.5662e-01	1.1953e-03	1.9900e-07	1.1755e-36	1.1755e-36	3.0318e-17	0.00e+00	0.00e+00	2.1903e+01
4.05318e+14	9.2305e+03	3.057e-15	3.5938e+04	1.6741e+04	4.1974e-10	6.0526e-01	3.9474e-01	2.3887e-01	7.0647e-01	5.4655e-02	8.9815e-11	2.5223e-02	8.4249e-01	1.3227e-01	1.2682e-05	6.5475e-01	3.4417e-01	1.0770e-03	1.7557e-07	1.1755e-36	1.1755e-36	3.4181e-17	0.00e+00	0.00e+00	2.2899e+01
4.12347e+14	9.2106e+03	2.945e-15	3.5938e+04	1.6279e+04	4.5397e-10	6.1650e-01	3.8350e-01	2.4612e-01	7.0002e-01	5.3857e-02	9.6288e-11	2.4807e-02	8.4757e-01	1.2761e-01	1.1692e-05	6.6544e-01	3.3359e-01	9.7954e-04	1.5707e-07	1.1755e-36	1.1755e-36	3.7694e-17	0.00e+00	0.00e+00	2.3852e+01
4.19439e+14	9.1735e+03	2.838e-15	3.5938e+04	1.5851e+04	4.9574e-10	6.2829e-01	3.7171e-01	2.5433e-01	6.9282e-01	5.2852e-02	1.0395e-10	2.4447e-02	8.5288e-01	1.2266e-01	1.0729e-05	6.7660e-01	3.2252e-01	8.8736e-04	1.4017e-07	1.1755e-36	1.1755e-36	4.1975e-17	0.00e+00	0.00e+00	2.4903e+01
4.26892e+14	9.1494e+03	2.726e-15	3.5938e+04	1.5393e+04	5.3728e-10	6.3957e-01	3.6043e-01	2.6247e-01	6.8558e-01	5.1951e-02	1.1165e-10	2.4010e-02	8.5803e-01	1.1795e-01	9.8454e-06	6.8722e-01	3.1198e-01	8.0268e-04	1.2524e-07	1.1755e-36	1.1755e-36	4.6367e-17	0.00e+00	0.00e+00	2.5996e+01
4.34626e+14	9.1125e+03	2.614e-15	3.5938e+04	1.4944e+04	5.8674e-10	6.5130e-01	3.4870e-01	2.7146e-01	6.7763e-01	5.0915e-02	1.2052e-10	2.3586e-02	8.6335e-01	1.1306e-01	8.9938e-06	6.9820e-01	3.0108e-01	7.2265e-04	1.1755e-36	1.1755e-36	1.1755e-36	5.1545e-17	0.00e+00	0.00e+00	2.7169e+01
4.42568e+14	9.0765e+03	2.505e-15	3.5938e+04	1.4509e+04	6.4046e-10	6.6297e-01	3.3703e-01	2.8094e-01	6.6924e-01	4.9824e-02	1.3026e-10	2.3163e-02	8.6863e-01	1.0820e-01	8.2019e-06	7.0908e-01	2.9027e-01	6.4897e-04	1.1755e-36	1.1755e-36	1.1755e-36	5.7402e-17	0.00e+00	0.00e+00	2.8365e+01
4.50475e+14	9.0433e+03	2.399e-15	3.5938e+04	1.4081e+04	6.9555e-10	6.7391e-01	3.2609e-01	2.9029e-01	6.6092e-01	4.8792e-02	1.4010e-10	2.2721e-02	8.7361e-01	1.0366e-01	7.4987e-06	7.1922e-01	2.8019e-01	5.8424e-04	1.1755e-36	1.1755e-36	1.1755e-36	6.3417e-17	0.00e+00	0.00e+00	2.9568e+01
4.58493e+14	9.0077e+03	2.296e-15	3.5938e+04	1.3660e+04	7.5543e-10	6.8465e-01	3.1535e-01	3.0000e-01	6.5227e-01	4.7728e-02	1.5067e-10	2.2276e-02	8.7851e-01	9.9203e-02	6.8494e-06	7.2914e-01	2.7034e-01	5.2532e-04	1.1755e-36	1.1755e-36	1.1755e-36	6.9997e-17	0.00e+00	0.00e+00	3.0837e+01
4.66821e+14	8.9725e+03	2.192e-15	3.5938e+04	1.3240e+04	8.2068e-10	6.9538e-01	3.0462e-01	3.1021e-01	6.4316e-01	4.6629e-02	1.6220e-10	2.1817e-02	8.8340e-01	9.4777e-02	6.2411e-06	7.3899e-01	2.6054e-01	4.7070e-04	1.1755e-36	1.1755e-36	1.1755e-36	7.7328e-17	0.00e+00	0.00e+00	3.2176e+01
4.75403e+14	8.9350e+03	2.090e-15	3.5938e+04	1.2814e+04	8.9198e-10	7.0590e-01	2.9410e-01	3.2069e-01	6.3379e-01	4.5527e-02	1.7449e-10	2.1335e-02	8.8818e-01	9.0476e-02	5.6819e-06	7.4861e-01	2.5097e-01	4.2108e-04	1.1755e-36	1.1755e-36	1.1755e-36	8.5256e-17	0.00e+00	0.00e+00	3.3566e+01
4.84175e+14	8.8887e+03	1.991e-15	3.5938e+04	1.2409e+04	9.7423e-10	7.1660e-01	2.8340e-01	3.3200e-01	6.2368e-01	4.4321e-02	1.8850e-10	2.0876e-02	8.9298e-01	8.6141e-02	5.1582e-06	7.5836e-01	2.4127e-01	3.7532e-04	1.1755e-36	1.1755e-36	1.1755e-36	9.4505e-17	0.00e+00	0.00e+00	3.5008e+01
4.92975e+14	8.8574e+03	1.895e-15	3.5938e+04	1.2001e+04	1.0522e-09	7.2631e-01	2.7369e-01	3.4275e-01	6.1399e-01	4.3260e-02	2.0204e-10	2.0379e-02	8.9741e-01	8.2208e-02	4.7018e-06	7.6715e-01	2.3251e-01	3.3565e-04	1.1755e-36	1.1755e-36	1.1755e-36	1.0349e-16	0.00e+00	0.00e+00	3.6447e+01
5.01969e+14	8.8048e+03	1.803e-15	3.5938e+04	1.1616e+04	1.1504e-09	7.3654e-01	2.6346e-01	3.5474e-01	6.0325e-01	4.2011e-02	2.1828e-10	1.9926e-02	9.0194e-01	7.8134e-02	4.2666e-06	7.7638e-01	2.2332e-01	2.9868e-04	1.1755e-36	1.1755e-36	1.1755e-36	1.1453e-16	0.00e+00	0.00e+00	3.7994e+01
5.11158e+14	8.7730e+03	1.712e-15	3.5938e+04	1.1219e+04	1.2411e-09	7.4582e-01	2.5418e-01	3.6609e-01	5.9296e-01	4.0941e-02	2.3386e-10	1.9416e-02	9.0614e-01	7.4439e-02	3.8850e-06	7.8472e-01	2.1502e-01	2.6629e-04	1.1755e-36	1.1755e-36	1.1755e-36	1.2512e-16	0.00e+00	0.00e+00	3.9538e+01
5.20548e+14	8.7222e+03	1.624e-15	3.5938e+04	1.0836e+04	1.3530e-09	7.5538e-01	2.4462e-01	3.7843e-01	5.8183e-01	3.9736e-02	2.5195e-10	1.8934e-02	9.1037e-01	7.0689e-02	3.5266e-06	7.9328e-01	2.0649e-01	2.3651e-04	1.1755e-36	1.1755e-36	1.1755e-36	1.3761e-16	0.00e+00	0.00e+00	4.1193e+01
5.30224e+14	8.6747e+03	1.538e-15	3.5938e+04	1.0464e+04	1.4730e-09	7.6484e-01	2.3516e-01	3.9118e-01	5.7030e-01	3.8516e-02	2.7178e-10	1.8451e-02	9.1449e-01	6.7052e-02	3.1991e-06	8.0170e-01	1.9809e-01	2.0952e-04	1.1755e-36	1.1755e-36	1.1755e-36	1.5158e-16	0.00e+00	0.00e+00	4.2876e+01
5.39867e+14	8.6301e+03	1.458e-15	3.5938e+04	1.0102e+04	1.5972e-09	7.7368e-01	2.2632e-01	4.0373e-01	5.5891e-01	3.7360e-02	2.9213e-10	1.7968e-02	9.1836e-01	6.3667e-02	2.9111e-06	8.0955e-01	1.9026e-01	1.8606e-04	1.1755e-36	1.1755e-36	1.1755e-36	1.6594e-16	0.00e+00	0.00e+00	4.4560e+01
5.49593e+14	8.5822e+03	1.380e-15	3.5938e+04	9.7501e+03	1.7327e-09	7.8225e-01	2.1775e-01	4.1650e-01	5.4730e-01	3.6197e-02	3.1392e-10	1.7491e-02	9.2209e-01	6.0420e-02	2.6511e-06	8.1712e-01	1.8271e-01	1.6520e-04	1.1755e-36	1.1755e-36	1.1755e-36	1.8140e-16	0.00e+00	0.00e+00	4.6310e+01
5.59622e+14	8.5352e+03	1.305e-15	3.5938e+04	9.4026e+03	1.8794e-09	7.9068e-01	2.0932e-01	4.2965e-01	5.3533e-01	3.5027e-02	3.3764e-10	1.7010e-02	9.2572e-01	5.7268e-02	2.4130e-06	8.2455e-01	1.7530e-01	1.4631e-04	1.1755e-36	1.1755e-36	1.1755e-36	1.9836e-16	0.00e+00	0.00e+00	4.8139e+01
5.69923e+14	8.4834e+03	1.232e-15	3.5938e+04	9.0575e+03	2.0440e-09	7.9896e-01	2.0104e-01	4.4305e-01	5.2310e-01	3.3852e-02	3.6345e-10	1.6525e-02	9.2924e-01	5.4231e-02	2.1971e-06	8.3182e-01	1.6805e-01	1.2937e-04	1.1755e-36	1.1755e-36	1.1755e-36	2.1695e-16	0.00e+00	0.00e+00	5.0026e+01
5.80379e+14	8.4283e+03	1.163e-15	3.5938e+04	8.7262e+03	2.2246e-09	8.0705e-01	1.9295e-01	4.5680e-01	5.1053e-01	3.2671e-02	3.9150e-10	1.6052e-02	9.3263e-01	5.1311e-02	2.0024e-06	8.3890e-01	1.6098e-01	1.1431e-04	1.1755e-36	1.1755e-36	1.1755e-36	2.3719e-16	0.00e+00	0.00e+00	5.1950e+01
5.90899e+14	8.3815e+03	1.097e-15	3.5938e+04	8.4034e+03	2.4068e-09	8.1457e-01	1.8543e-01	4.7019e-01	4.9826e-01	3.1555e-02	4.2023e-10	1.5578e-02	9.3581e-01	4.8608e-02	1.8314e-06	8.4546e-01	1.5444e-01	1.0121e-04	1.1755e-36	1.1755e-36	1.1755e-36	2.5786e-16	0.00e+00	0.00e+00	5.3897e+01
6.01649e+14	8.3205e+03	1.035e-15	3.5938e+04	8.0929e+03	2.6240e-09	8.2216e-01	1.7784e-01	4.8430e-01	4.8533e-01	3.0376e-02	4.5284e-10	1.5124e-02	9.3893e-01	4.5946e-02	1.6747e-06	8.5205e-01	1.4786e-01	8.9409e-05	1.1755e-36	1.1755e-36	1.1755e-36	2.8145e-16	0.00e+00	0.00e+00	5.5943e+01
6.12642e+14	8.2739e+03	9.746e-16	3.5938e+04	7.7843e+03	2.8363e-09	8.2921e-01	1.7079e-01	4.9796e-01	4.7275e-01	2.9287e-02	4.8599e-10	1.4655e-02	9.4186e-01	4.3484e-02	1.5362e-06	8.5815e-01	1.4177e-01	7.9052e-05	1.1755e-36	1.1755e-36	1.1755e-36	3.0524e-16	0.00e+00	0.00e+00	5.8016e+01
6.23711e+14	8.2121e+03	9.183e-16	3.5938e+04	7.4895e+03	3.0878e-09	8.3613e-01	1.6387e-01	5.1192e-01	4.5991e-01	2.8173e-02	5.2247e-10	1.4208e-02	9.4467e-01	4.1123e-02	1.4125e-06	8.6413e-01	1.3580e-01	6.9947e-05	1.1755e-36	1.1755e-36	1.1755e-36	3.3134e-16	0.00e+00	0.00e+00	6.0126e+01
6.34918e+14	8.1525e+03	8.650e-16	3.5938e+04	7.2089e+03	3.3553e-09	8.4277e-01	1.5723e-01	5.2592e-01	4.4701e-01	2.7067e-02	5.6162e-10	1.3777e-02	9.4733e-01	3.8889e-02	1.3021e-06	8.6985e-01	1.3009e-01	6.1920e-05	1.1755e-36	1.1755e-36	1.1755e-36	3.5936e-16	0.00e+00	0.00e+00	6.2286e+01
6.46372e+14	8.0942e+03	8.142e-16	3.5938e+04	6.9337e+03	3.6418e-09	8.4912e-01	1.5088e-01	5.3986e-01	4.3415e-01	2.5991e-02	6.0315e-10	1.3347e-02	9.4988e-01	3.6776e-02	1.2034e-06	8.7530e-01	1.2464e-01	5.4825e-05	1.1755e-36	1.1755e-36	1.1755e-36	3.8879e-16	0.00e+00	0.00e+00	6.4523e+01
6.58028e+14	8.0331e+03	7.662e-16	3.5938e+04	6.6673e+03	3.9567e-09	8.5524e-01	1.4476e-01	5.5373e-01	4.2133e-01	2.4937e-02	6.4758e-10	1.2925e-02	9.5229e-01	3.4783e-02	1.1156e-06	8.8054e-01	1.1941e-01	4.8580e-05	1.1755e-36	1.1755e-36	1.1755e-36	4.2008e-16	0.00e+00	0.00e+00	6.6794e+01
6.69737e+14	7.9724e+03	7.215e-16	3.5938e+04	6.4149e+03	4.2921e-09	8.6100e-01	1.3900e-01	5.6737e-01	4.0872e-01	2.3911e-02	6.9431e-10	1.2521e-02	9.5455e-01	3.2926e-02	1.0385e-06	8.8546e-01	1.1450e-01	4.3159e-05	1.1755e-36	1.1755e-36	1.1755e-36	4.5268e-16	0.00e+00	0.00e+00	6.9083e+01
6.81550e+14	7.9089e+03	6.796e-16	3.5938e+04	6.1738e+03	4.6606e-09	8.6648e-01	1.3352e-01	5.8086e-01	3.9624e-01	2.2903e-02	7.4412e-10	1.2132e-02	9.5668e-01	3.1182e-02	9.7018e-07	8.9013e-01	1.0983e-01	3.8420e-05	1.1755e-36	1.1755e-36	1.1755e-36	4.8721e-16	0.00e+00	0.00e+00	7.1425e+01
6.93603e+14	7.8419e+03	6.399e-16	3.5938e+04	5.9406e+03	5.0663e-09	8.7177e-01	1.2823e-01	5.9432e-01	3.8377e-01	2.1911e-02	7.9724e-10	1.1752e-02	9.5872e-01	2.9530e-02	9.0903e-07	8.9463e-01	1.0533e-01	3.4221e-05	1.1755e-36	1.1755e-36	1.1755e-36	5.2342e-16	0.00e+00	0.00e+00	7.3837e+01
7.05916e+14	7.7770e+03	6.023e-16	3.5938e+04	5.7145e+03	5.4993e-09	8.7679e-01	1.2321e-01	6.0752e-01	3.7152e-01	2.0955e-02	8.5316e-10	1.1379e-02	9.6064e-01	2.7981e-02	8.5465e-07	8.9889e-01	1.0108e-01	3.0521e-05	1.1755e-36	1.1755e-36	1.1755e-36	5.6103e-16	0.00e+00	0.00e+00	7.6310e+01
7.18415e+14	7.7109e+03	5.672e-16	3.5938e+04	5.4995e+03	5.9702e-09	8.8158e-01	1.1842e-01	6.2053e-01	3.5945e-01	2.0018e-02	9.1262e-10	1.1020e-02	9.6245e-01	2.6529e-02	8.0646e-07	9.0295e-01	9.7027e-02	2.7273e-05	1.1755e-36	1.1755e-36	1.1755e-36	6.0071e-16	0.00e+00	0.00e+00	7.8824e+01
7.31127e+14	7.6409e+03	5.341e-16	3.5938e+04	5.2939e+03	6.4953e-09	8.8615e-01	1.1385e-01	6.3337e-01	3.4754e-01	1.9096e-02	9.7627e-10	1.0676e-02	9.6416e-01	2.5163e-02	7.6361e-07	9.0681e-01	9.3166e-02	2.4417e-05	1.1755e-36	1.1755e-36	1.1755e-36	6.4292e-16	0.00e+00	0.00e+00	8.1409e+01
7.44174e+14	7.5660e+03	5.029e-16	3.5938e+04	5.0950e+03	7.0848e-09	8.9058e-01	1.0942e-01	6.4612e-01	3.3569e-01	1.8188e-02	1.0443e-09	1.0341e-02	9.6579e-01	2.3868e-02	7.2518e-07	9.1054e-01	8.9435e-02	2.1878e-05	1.1755e-36	1.1755e-36	1.1755e-36	6.8722e-16	0.00e+00	0.00e+00	8.4085e+01
7.57579e+14	7.4941e+03	4.733e-16	3.5938e+04	4.9019e+03	7.7113e-09	8.9474e-01	1.0526e-01	6.5851e-01	3.2417e-01	1.7320e-02	1.1149e-09	1.0011e-02	9.6733e-01	2.2658e-02	6.9099e-07	9.1405e-01	8.5935e-02	1.9639e-05	1.1755e-36	1.1755e-36	1.1755e-36	7.3227e-16	0.00e+00	0.00e+00	8.6840e+01
7.71252e+14	7.4199e+03	4.456e-16	3.5938e+04	4.7193e+03	8.4045e-09	8.9871e-01	1.0129e-01	6.7067e-01	3.1286e-01	1.6470e-02	1.1905e-09	9.6972e-03	9.6878e-01	2.1525e-02	6.6066e-07	9.1739e-01	8.2596e-02	1.7667e-05	1.1755e-36	1.1755e-36	1.1755e-36	7.8031e-16	0.00e+00	0.00e+00	8.9649e+01
7.85259e+14	7.3351e+03	4.196e-16	3.5938e+04	4.5441e+03	9.2259e-09	9.0256e-01	9.7445e-02	6.8271e-01	3.0167e-01	1.5622e-02	1.2726e-09	9.3973e-03	9.7015e-01	2.0452e-02	6.3361e-07	9.2061e-01	7.9369e-02	1.5923e-05	1.1755e-36	1.1755e-36	1.1755e-36	8.3268e-16	0.00e+00	0.00e+00	9.2566e+01
7.99767e+14	7.2538e+03	3.948e-16	3.5938e+04	4.3744e+03	1.0101e-08	9.0620e-01	9.3800e-02	6.9447e-01	2.9073e-01	1.4808e-02	1.3581e-09	9.1020e-03	9.7145e-01	1.9443e-02	6.0929e-07	9.2367e-01	7.6314e-02	1.4368e-05	1.1755e-36	1.1755e-36	1.1755e-36	8.8578e-16	0.00e+00	0.00e+00	9.5604e+01
8.14771e+14	7.1700e+03	3.715e-16	3.5938e+04	4.2118e+03	1.1088e-08	9.0971e-01	9.0291e-02	7.0600e-01	2.7999e-01	1.4012e-02	1.4501e-09	8.8179e-03	9.7269e-01	1.8492e-02	5.8758e-07	9.2661e-01	7.3379e-02	1.2985e-05	1.1755e-36	1.1755e-36	1.1755e-36	9.4338e-16	0.00e+00	0.00e+00	9.8748e+01
8.30282e+14	7.0884e+03	3.494e-16	3.5938e+04	4.0532e+03	1.2148e-08	9.1294e-01	8.7060e-02	7.1705e-01	2.6969e-01	1.3260e-02	1.5438e-09	8.5371e-03	9.7385e-01	1.7608e-02	5.6825e-07	9.2931e-01	7.0677e-02	1.1768e-05	1.1755e-36	1.1755e-36	1.1755e-36	9.9989e-16	0.00e+00	0.00e+00	1.0202e+02
8.46243e+14	7.0016e+03	3.287e-16	3.5938e+04	3.9035e+03	1.3363e-08	9.1606e-01	8.3937e-02	7.2786e-01	2.5961e-01	1.2522e-02	1.6447e-09	8.2714e-03	9.7495e-01	1.6778e-02	5.5108e-07	9.3192e-01	6.8069e-02	1.0690e-05	1.1755e-36	1.1755e-36	1.1755e-36	1.0617e-15	0.00e+00	0.00e+00	1.0537e+02
8.62727e+14	6.9007e+03	3.094e-16	3.5938e+04	3.7632e+03	1.4869e-08	9.1917e-01	8.0835e-02	7.3868e-01	2.4954e-01	1.1773e-02	1.7590e-09	8.0256e-03	9.7599e-01	1.5986e-02	5.3573e-07	9.3451e-01	6.5481e-02	9.7240e-06	1.1755e-36	1.1755e-36	1.1755e-36	1.1353e-15	0.00e+00	0.00e+00	1.0888e+02
8.79457e+14	6.8114e+03	2.915e-16	3.5938e+04	3.6275e+03	1.6386e-08	9.2187e-01	7.8125e-02	7.4851e-01	2.4038e-01	1.1114e-02	1.8674e-09	7.7812e-03	9.7694e-01	1.5281e-02	5.2249e-07	9.3677e-01	6.3221e-02	8.8987e-06	1.1755e-36	1.1755e-36	1.1755e-36	1.2018e-15	0.00e+00	0.00e+00	1.1236e+02
8.96660e+14	6.7080e+03	2.747e-16	3.5938e+04	3.5043e+03	1.8285e-08	9.2459e-01	7.5407e-02	7.5854e-01	2.3104e-01	1.0422e-02	1.9944e-09	7.5643e-03	9.7784e-01	1.4598e-02	5.1054e-07	9.3904e-01	6.0957e-02	8.1538e-06	1.1755e-36	1.1755e-36	1.1755e-36	1.2860e-15	0.00e+00	0.00e+00	1.1609e+02
9.14110e+14	6.6105e+03	2.594e-16	3.5938e+04	3.3844e+03	2.0313e-08	9.2706e-01	7.2935e-02	7.6756e-01	2.2262e-01	9.8171e-03	2.1186e-09	7.3486e-03	9.7866e-01	1.3995e-02	5.0031e-07	9.4109e-01	5.8898e-02	7.5104e-06	1.1755e-36	1.1755e-36	1.1755e-36	1.3691e-15	0.00e+00	0.00e+00	1.1969e+02
9.31245e+14	6.5138e+03	2.456e-16	3.5938e+04	3.2787e+03	2.2534e-08	9.2924e-01	7.0762e-02	7.7609e-01	2.1467e-01	9.2415e-03	2.2461e-09	7.1594e-03	9.7939e-01	1.3447e-02	4.9155e-07	9.4290e-01	5.7088e-02	6.9673e-06	1.1755e-36	1.1755e-36	1.1755e-36	1.4559e-15	0.00e+00	0.00e+00	1.2331e+02
9.48519e+14	6.4174e+03	2.329e-16	3.5938e+04	3.1793e+03	2.5020e-08	9.3129e-01	6.8710e-02	7.8412e-01	2.0718e-01	8.7028e-03	2.3798e-09	6.9809e-03	9.8008e-01	1.2943e-02	4.8384e-07	9.4461e-01	5.5380e-02	6.4858e-06	1.1755e-36	1.1755e-36	1.1755e-36	1.5516e-15	0.00e+00	0.00e+00	1.2699e+02
9.65971e+14	6.3210e+03	2.211e-16	3.5938e+04	3.0851e+03	2.7813e-08	9.3322e-01	6.6776e-02	7.9165e-01	2.0015e-01	8.2026e-03	2.5197e-09	6.8110e-03	9.8071e-01	1.2482e-02	4.7706e-07	9.4622e-01	5.3771e-02	6.0584e-06	1.1755e-36	1.1755e-36	1.1755e-36	1.6571e-15	0.00e+00	0.00e+00	1.3069e+02
9.83441e+14	6.2254e+03	2.102e-16	3.5938e+04	2.9974e+03	3.0927e-08	9.3502e-01	6.4978e-02	7.9871e-01	1.9355e-01	7.7374e-03	2.6660e-09	6.6528e-03	9.8129e-01	1.2062e-02	4.7114e-07	9.4772e-01	5.2275e-02	5.6819e-06	1.1755e-36	1.1755e-36	1.1755e-36	1.7737e-15	0.00e+00	0.00e+00	1.3439e+02
1.00081e+15	6.1311e+03	2.003e-16	3.5938e+04	2.9163e+03	3.4384e-08	9.3668e-01	6.3321e-02	8.0530e-01	1.8739e-01	7.3060e-03	2.8187e-09	6.5063e-03	9.8181e-01	1.1679e-02	4.6599e-07	9.4910e-01	5.0896e-02	5.3513e-06	1.1755e-36	1.1755e-36	1.1755e-36	1.9028e-15	0.00e+00	0.00e+00	1.3807e+02
1.01808e+15	6.0383e+03	1.912e-16	3.5938e+04	2.8409e+03	3.8226e-08	9.3822e-01	6.1783e-02	8.1147e-01	1.8163e-01	6.9062e-03	2.9792e-09	6.3701e-03	9.8230e-01	1.1329e-02	4.6147e-07	9.5038e-01	4.9616e-02	5.0587e-06	1.1755e-36	1.1755e-36	1.1755e-36	2.0472e-15	0.00e+00	0.00e+00	1.4174e+02
1.03526e+15	5.9469e+03	1.828e-16	3.5938e+04	2.7703e+03	4.2499e-08	9.3965e-01	6.0349e-02	8.1726e-01	1.7621e-01	6.5350e-03	3.1492e-09	6.2424e-03	9.8275e-01	1.1010e-02	4.5750e-07	9.5157e-01	4.8422e-02	4.7981e-06	1.1755e-36	1.1755e-36	1.1755e-36	2.2102e-15	0.00e+00	0.00e+00	1.4539e+02
1.05235e+15	5.8571e+03	1.750e-16	3.5938e+04	2.7041e+03	4.7259e-08	9.4100e-01	5.9002e-02	8.2271e-01	1.7110e-01	6.1900e-03	3.3307e-09	6.1228e-03	9.8316e-01	1.0717e-02	4.5400e-07	9.5269e-01	4.7302e-02	4.5645e-06	1.1755e-36	1.1755e-36	1.1755e-36	2.3962e-15	0.00e+00	0.00e+00	1.4903e+02
1.06933e+15	5.7688e+03	1.678e-16	3.5938e+04	2.6419e+03	5.2561e-08	9.4226e-01	5.7738e-02	8.2782e-01	1.6631e-01	5.8702e-03	3.5250e-09	6.0104e-03	9.8354e-01	1.0448e-02	4.5091e-07	9.5375e-01	4.6249e-02	4.3547e-06	1.1755e-36	1.1755e-36	1.1755e-36	2.6094e-15	0.00e+00	0.00e+00	1.5265e+02
1.08618e+15	5.6821e+03	1.611e-16	3.5938e+04	2.5834e+03	5.8465e-08	9.4345e-01	5.6549e-02	8.3263e-01	1.6180e-01	5.5735e-03	3.7341e-09	5.9049e-03	9.8389e-01	1.0201e-02	4.4817e-07	9.5474e-01	4.5259e-02	4.1656e-06	1.1755e-36	1.1755e-36	1.1755e-36	2.8553e-15	0.00e+00	0.00e+00	1.5624e+02
1.10288e+15	5.5970e+03	1.549e-16	3.5938e+04	2.5284e+03	6.5043e-08	9.4457e-01	5.5429e-02	8.3714e-01	1.5756e-01	5.2982e-03	3.9605e-09	5.8058e-03	9.8422e-01	9.9739e-03	4.4576e-07	9.5567e-01	4.4327e-02	3.9947e-06	1.1755e-36	1.1755e-36	1.1755e-36	3.1404e-15	0.00e+00	0.00e+00	1.5980e+02
1.11939e+15	5.5137e+03	1.492e-16	3.5938e+04	2.4766e+03	7.2368e-08	9.4563e-01	5.4374e-02	8.4138e-01	1.5357e-01	5.0427e-03	4.2065e-09	5.7125e-03	9.8452e-01	9.7653e-03	4.4362e-07	9.5655e-01	4.3448e-02	3.8399e-06	1.1755e-36	1.1755e-36	1.1755e-36	3.4725e-15	0.00e+00	0.00e+00	1.6332e+02
1.13572e+15	5.4321e+03	1.438e-16	3.5938e+04	2.4277e+03	8.0520e-08	9.4662e-01	5.3378e-02	8.4538e-01	1.4981e-01	4.8054e-03	4.4753e-09	5.6247e-03	9.8480e-01	9.5734e-03	4.4172e-07	9.5738e-01	4.2618e-02	3.6991e-06	1.1755e-36	1.1755e-36	1.1755e-36	3.8609e-15	0.00e+00	0.00e+00	1.6681e+02
1.15185e+15	5.3524e+03	1.388e-16	3.5938e+04	2.3815e+03	8.9593e-08	9.4757e-01	5.2435e-02	8.4915e-01	1.4627e-01	4.5849e-03	4.7703e-09	5.5420e-03	9.8506e-01	9.3966e-03	4.4004e-07	9.5816e-01	4.1832e-02	3.5707e-06	1.1755e-36	1.1755e-36	1.1755e-36	4.3174e-15	0.00e+00	0.00e+00	1.7026e+02
1.16778e+15	5.2743e+03	1.341e-16	3.5938e+04	2.3376e+03	9.9696e-08	9.4846e-01	5.1539e-02	8.5270e-01	1.4292e-01	4.3797e-03	5.0955e-09	5.4637e-03	9.8530e-01	9.2334e-03	4.3855e-07	9.5891e-01	4.1086e-02	3.4532e-06	1.1755e-36	1.1755e-36	1.1755e-36	4.8564e-15	0.00e+00	0.00e+00	1.7366e+02
1.18350e+15	5.1981e+03	1.298e-16	3.5938e+04	2.2961e+03	1.1094e-07	9.4931e-01	5.0687e-02	8.5607e-01	1.3974e-01	4.1884e-03	5.4554e-09	5.3898e-03	9.8553e-01	9.0827e-03	4.3722e-07	9.5962e-01	4.0375e-02	3.3453e-06	1.1755e-36	1.1755e-36	1.1755e-36	5.4955e-15	0.00e+00	0.00e+00	1.7703e+02
1.19901e+15	5.1234e+03	1.257e-16	3.5938e+04	2.2565e+03	1.2347e-07	9.5012e-01	4.9876e-02	8.5925e-01	1.3674e-01	4.0102e-03	5.8550e-09	5.3197e-03	9.8574e-01	8.9436e-03	4.3605e-07	9.6030e-01	3.9699e-02	3.2460e-06	1.1755e-36	1.1755e-36	1.1755e-36	6.2559e-15	0.00e+00	0.00e+00	1.8035e+02
1.21431e+15	5.0505e+03	1.218e-16	3.5938e+04	2.2188e+03	1.3742e-07	9.5090e-01	4.9103e-02	8.6227e-01	1.3389e-01	3.8438e-03	6.2999e-09	5.2533e-03	9.8593e-01	8.8150e-03	4.3500e-07	9.6094e-01	3.9054e-02	3.1544e-06	1.1755e-36	1.1755e-36	1.1755e-36	7.1641e-15	0.00e+00	0.00e+00	1.8362e+02
1.22938e+15	4.9788e+03	1.182e-16	3.5938e+04	2.1829e+03	1.5300e-07	9.5164e-01	4.8361e-02	8.6514e-01	1.3117e-01	3.6878e-03	6.7992e-09	5.1906e-03	9.8613e-01	8.6785e-03	4.3401e-07	9.6156e-01	3.8435e-02	3.0698e-06	1.1755e-36	1.1755e-36	1.1755e-36	8.2309e-15	0.00e+00	0.00e+00	1.8685e+02
1.24421e+15	4.9079e+03	1.148e-16	3.5938e+04	2.1487e+03	1.7039e-07	9.5235e-01	4.7650e-02	8.6787e-01	1.2859e-01	3.5417e-03	7.3508e-09	5.1314e-03	9.8636e-01	8.5096e-03	4.3297e-07	9.6215e-01	3.7842e-02	2.9916e-06	1.1755e-36	1.1755e-36	1.1755e-36	9.4239e-15	0.00e+00	0.00e+00	1.9003e+02
1.25875e+15	4.8386e+03	1.116e-16	3.5938e+04	2.1157e+03	1.8976e-07	9.5302e-01	4.6983e-02	8.7044e-01	1.2615e-01	3.4063e-03	7.9485e-09	5.0746e-03	9.8657e-01	8.3504e-03	4.3205e-07	9.6271e-01	3.7284e-02	2.9199e-06	1.1755e-36	1.1755e-36	1.1755e-36	1.0812e-14	0.00e+00	0.00e+00	1.9314e+02
1.27300e+15	4.7713e+03	1.087e-16	3.5938e+04	2.0848e+03	2.1120e-07	9.5366e-01	4.6343e-02	8.7289e-01	1.2383e-01	3.2789e-03	8.5979e-09	5.0218e-03	9.8678e-01	8.1996e-03	4.3122e-07	9.6325e-01	3.6748e-02	2.8533e-06	1.1755e-36	1.1755e-36	1.1755e-36	1.2429e-14	0.00e+00	0.00e+00	1.9619e+02
1.28699e+15	4.7058e+03	1.058e-16	3.5938e+04	2.0551e+03	2.3503e-07	9.5427e-01	4.5731e-02	8.7523e-01	1.2161e-01	3.1594e-03	9.3048e-09	4.9717e-03	9.8697e-01	8.0561e-03	4.3049e-07	9.6376e-01	3.6236e-02	2.7914e-06	1.1755e-36	1.1755e-36	1.1755e-36	1.4320e-14	0.00e+00	0.00e+00	1.9920e+02
1.30079e+15	4.6417e+03	1.032e-16	3.5938e+04	2.0265e+03	2.6158e-07	9.5486e-01	4.5138e-02	8.7746e-01	1.1950e-01	3.0472e-03	1.0078e-08	4.9235e-03	9.8716e-01	7.9194e-03	4.2982e-07	9.6426e-01	3.5740e-02	2.7332e-06	1.1755e-36	1.1755e-36	1.1755e-36	1.6543e-14	0.00e+00	0.00e+00	2.0217e+02
1.31438e+15	4.5791e+03	1.006e-16	3.5938e+04	1.9990e+03	2.9116e-07	9.5544e-01	4.4563e-02	8.7958e-01	1.1748e-01	2.9416e-03	1.0923e-08	4.8774e-03	9.8733e-01	7.7892e-03	4.2922e-07	9.6474e-01	3.5260e-02	2.6785e-06	1.1755e-36	1.1755e-36	1.1755e-36	1.9160e-14	0.00e+00	0.00e+00	2.0509e+02
1.32777e+15	4.5179e+03	9.821e-17	3.5938e+04	1.9724e+03	3.2409e-07	9.5599e-01	4.4010e-02	8.8162e-01	1.1554e-01	2.8422e-03	1.1848e-08	4.8334e-03	9.8750e-01	7.6649e-03	4.2869e-07	9.6520e-01	3.4797e-02	2.6272e-06	1.1755e-36	1.1755e-36	1.1755e-36	2.2242e-14	0.00e+00	0.00e+00	2.0798e+02
1.34096e+15	4.4540e+03	9.592e-17	3.5938e+04	1.9464e+03	3.6328e-07	9.5654e-01	4.3458e-02	8.8359e-01	1.1366e-01	2.7468e-03	1.2920e-08	4.7916e-03	9.8766e-01	7.5449e-03	4.2826e-07	9.6566e-01	3.4335e-02	2.5793e-06	1.1755e-36	1.1755e-36	1.1755e-36	2.6124e-14	0.00e+00	0.00e+00	2.1081e+02
1.35355e+15	4.4024e+03	9.383e-17	3.5938e+04	1.9230e+03	3.9942e-07	9.5701e-01	4.2992e-02	8.8534e-01	1.1199e-01	2.6641e-03	1.3911e-08	4.7522e-03	9.8781e-01	7.4396e-03	4.2781e-07	9.6605e-01	3.3944e-02	2.5358e-06	1.1755e-36	1.1755e-36	1.1755e-36	2.9932e-14	0.00e+00	0.00e+00	2.1345e+02
1.36631e+15	4.3443e+03	9.175e-17	3.5938e+04	1.9007e+03	4.4506e-07	9.5748e-01	4.2515e-02	8.8726e-01	1.1017e-01	2.5741e-03	1.5141e-08	4.7178e-03	9.8796e-01	7.3226e-03	4.2742e-07	9.6645e-01	3.3544e-02	2.4936e-06	1.1755e-36	1.1755e-36	1.1755e-36	3.5003e-14	0.00e+00	0.00e+00	2.1636e+02
1.37954e+15	4.2853e+03	8.962e-17	3.5938e+04	1.8746e+03	4.9870e-07	9.5807e-01	4.1931e-02	8.8897e-01	1.0853e-01	2.4953e-03	1.6563e-08	4.6746e-03	9.8811e-01	7.2162e-03	4.2705e-07	9.6694e-01	3.3058e-02	2.4480e-06	1.1755e-36	1.1755e-36	1.1755e-36	4.1469e-14	0.00e+00	0.00e+00	2.1920e+02
1.39215e+15	4.2266e+03	8.770e-17	3.5938e+04	1.8509e+03	5.5914e-07	9.5857e-01	4.1434e-02	8.9062e-01	1.0696e-01	2.4206e-03	1.8122e-08	4.6372e-03	9.8824e-01	7.1178e-03	4.2681e-07	9.6736e-01	3.2642e-02	2.4094e-06	1.1755e-36	1.1755e-36	1.1755e-36	4.9155e-14	0.00e+00	0.00e+00	2.2184e+02
1.40383e+15	4.1808e+03	8.601e-17	3.5938e+04	1.8308e+03	6.1232e-07	9.5891e-01	4.1089e-02	8.9208e-01	1.0556e-01	2.3553e-03	1.9490e-08	4.6044e-03	9.8836e-01	7.0309e-03	4.2654e-07	9.6765e-01	3.2349e-02	2.3774e-06	1.1755e-36	1.1755e-36	1.1755e-36	5.6260e-14	0.00e+00	0.00e+00	2.2428e+02
1.41592e+15	4.1262e+03	8.428e-17	3.5938e+04	1.8126e+03	6.8404e-07	9.5936e-01	4.0639e-02	8.9382e-01	1.0390e-01	2.2778e-03	2.1334e-08	4.5795e-03	9.8849e-01	6.9264e-03	4.2630e-07	9.6802e-01	3.1972e-02	2.3425e-06	1.1755e-36	1.1755e-36	1.1755e-36	6.6604e-14	0.00e+00	0.00e+00	2.2710e+02
1.42856e+15	4.0713e+03	8.245e-17	3.5938e+04	1.7878e+03	7.6729e-07	9.5991e-01	4.0085e-02	8.9525e-01	1.0254e-01	2.2164e-03	2.3433e-08	4.5389e-03	9.8862e-01	6.8376e-03	4.2609e-07	9.6848e-01	3.1512e-02	2.3039e-06	1.1755e-36	1.1755e-36	1.1755e-36	7.9688e-14	0.00e+00	0.00e+00	2.2979e+02
1.44041e+15	4.0237e+03	8.081e-17	3.5938e+04	1.7657e+03	8.4849e-07	9.6032e-01	3.9677e-02	8.9657e-01	1.0127e-01	2.1611e-03	2.5449e-08	4.5021e-03	9.8874e-01	6.7580e-03	4.2590e-07	9.6883e-01	3.1170e-02	2.2722e-06	1.1755e-36	1.1755e-36	1.1755e-36	9.3133e-14	0.00e+00	0.00e+00	2.3226e+02
1.45204e+15	3.9693e+03	7.918e-17	3.5938e+04	1.7449e+03	9.5441e-07	9.6084e-01	3.9160e-02	8.9811e-01	9.9789e-02	2.0989e-03	2.8086e-08	4.4716e-03	9.8886e-01	6.6681e-03	4.2579e-07	9.6926e-01	3.0740e-02	2.2380e-06	1.1755e-36	1.1755e-36	1.1755e-36	1.1225e-13	0.00e+00	0.00e+00	2.3485e+02
