#depth	Te	Htot	hden	eden	2H_2/H	HI	HII	HeI	HeII	HeIII	CO/C	C1	C2	C3	C4	O1	O2	O3	O4	O5	O6	H2O/O	AV(point)	AV(extend)	Tau912
1.13038e+13	9.7591e+03	2.092e-18	5.9948e+02	6.5952e+02	2.0878e-13	1.7497e-02	9.8250e-01	1.2336e-02	6.4307e-01	3.4459e-01	4.4538e-15	1.5384e-03	2.5199e-01	7.2594e-01	2.0293e-02	8.4183e-03	4.0301e-01	5.5837e-01	2.9883e-02	3.2440e-04	3.5663e-07	7.8279e-23	0.00e+00	0.00e+00	1.4972e-03
6.78226e+13	9.7468e+03	2.086e-18	5.9948e+02	6.5843e+02	2.0867e-13	1.7441e-02	9.8256e-01	1.2317e-02	6.4286e-01	3.4482e-01	4.4025e-15	1.5288e-03	2.5171e-01	7.2613e-01	2.0386e-02	8.3658e-03	4.0179e-01	5.5955e-01	2.9969e-02	3.2545e-04	3.5874e-07	7.7063e-23	0.00e+00	0.00e+00	7.4667e-03
2.93898e+14	9.7301e+03	2.073e-18	5.9948e+02	6.5810e+02	2.0843e-13	1.7362e-02	9.8264e-01	1.2330e-02	6.4346e-01	3.4421e-01	4.3361e-15	1.5206e-03	2.5171e-01	7.2611e-01	2.0423e-02	8.2897e-03	3.9988e-01	5.6158e-01	2.9923e-02	3.2389e-04	3.5890e-07	7.5539e-23	0.00e+00	0.00e+00	3.1237e-02
1.19820e+15	9.6727e+03	2.043e-18	5.9948e+02	6.5791e+02	2.1262e-13	1.7296e-02	9.8270e-01	1.2459e-02	6.4775e-01	3.3979e-01	4.2479e-15	1.5176e-03	2.5235e-01	7.2569e-01	2.0208e-02	8.1843e-03	3.9604e-01	5.6625e-01	2.9211e-02	3.1152e-04	3.4848e-07	7.3763e-23	0.00e+00	0.00e+00	1.2595e-01
2.86211e+15	9.4762e+03	1.949e-18	5.9948e+02	6.5829e+02	2.0834e-13	1.6401e-02	9.8360e-01	1.2501e-02	6.4955e-01	3.3795e-01	3.6070e-15	1.4672e-03	2.5201e-01	7.2548e-01	2.0803e-02	7.3751e-03	3.7627e-01	5.8602e-01	3.0023e-02	3.1142e-04	3.6915e-07	5.9143e-23	0.00e+00	0.00e+00	2.4271e-01
5.02520e+15	9.3218e+03	1.877e-18	5.9948e+02	6.5831e+02	2.0913e-13	1.5881e-02	9.8412e-01	1.2640e-02	6.5612e-01	3.3124e-01	3.2191e-15	1.4396e-03	2.5202e-01	7.2549e-01	2.0812e-02	6.8956e-03	3.6307e-01	6.0024e-01	2.9501e-02	2.9630e-04	3.6619e-07	5.1180e-23	0.00e+00	0.00e+00	3.8969e-01
7.83722e+15	9.1962e+03	1.820e-18	5.9948e+02	6.5782e+02	2.1599e-13	1.5681e-02	9.8432e-01	1.2899e-02	6.6811e-01	3.1899e-01	3.0062e-15	1.4314e-03	2.5254e-01	7.2557e-01	2.0235e-02	6.6708e-03	3.5532e-01	6.1008e-01	2.7661e-02	2.6733e-04	3.3974e-07	4.7505e-23	0.00e+00	0.00e+00	5.7836e-01
1.14928e+16	9.0955e+03	1.776e-18	5.9948e+02	6.5692e+02	2.3254e-13	1.5883e-02	9.8412e-01	1.3365e-02	6.8714e-01	2.9950e-01	2.9954e-15	1.4515e-03	2.5431e-01	7.2509e-01	1.8951e-02	6.7608e-03	3.5489e-01	6.1375e-01	2.4371e-02	2.2482e-04	2.8863e-07	4.8457e-23	0.00e+00	0.00e+00	8.2677e-01
1.60419e+16	9.0349e+03	1.745e-18	5.9948e+02	6.5493e+02	2.6082e-13	1.6556e-02	9.8344e-01	1.4051e-02	7.1291e-01	2.7304e-01	3.2239e-15	1.5051e-03	2.5755e-01	7.2373e-01	1.7051e-02	7.2379e-03	3.6351e-01	6.0907e-01	2.0006e-02	1.7535e-04	2.2239e-07	5.5096e-23	0.00e+00	0.00e+00	1.1379e+00
2.09068e+16	9.0320e+03	1.733e-18	5.9948e+02	6.5283e+02	2.9933e-13	1.7690e-02	9.8231e-01	1.4875e-02	7.4121e-01	2.4392e-01	3.7273e-15	1.5880e-03	2.6193e-01	7.2141e-01	1.4941e-02	8.1214e-03	3.8050e-01	5.9561e-01	1.5640e-02	1.3096e-04	1.6011e-07	6.9063e-23	0.00e+00	0.00e+00	1.4569e+00
2.60419e+16	9.0653e+03	1.742e-18	5.9948e+02	6.4999e+02	3.6855e-13	1.9695e-02	9.8031e-01	1.6066e-02	7.7199e-01	2.1194e-01	4.9176e-15	1.7377e-03	2.7001e-01	7.1562e-01	1.2523e-02	9.8357e-03	4.1195e-01	5.6684e-01	1.1288e-02	9.1015e-05	1.1755e-36	1.0193e-22	0.00e+00	0.00e+00	1.8674e+00
3.09588e+16	9.1367e+03	1.769e-18	5.9948e+02	6.4691e+02	4.6054e-13	2.2264e-02	9.7774e-01	1.7271e-02	7.9905e-01	1.8368e-01	6.7590e-15	1.9098e-03	2.7853e-01	7.0905e-01	1.0423e-02	1.2161e-02	4.4826e-01	5.3152e-01	7.9916e-03	6.3337e-05	1.1755e-36	1.5869e-22	0.00e+00	0.00e+00	2.2320e+00
3.47503e+16	9.2172e+03	1.802e-18	5.9948e+02	6.4417e+02	5.6307e-13	2.4939e-02	9.7506e-01	1.8348e-02	8.1820e-01	1.6345e-01	9.1340e-15	2.0792e-03	2.8673e-01	7.0223e-01	8.8913e-03	1.4736e-02	4.8254e-01	4.9677e-01	5.9073e-03	4.6930e-05	1.1755e-36	2.3925e-22	0.00e+00	0.00e+00	2.5393e+00
3.78505e+16	9.2975e+03	1.834e-18	5.9948e+02	6.4181e+02	6.7637e-13	2.7675e-02	9.7233e-01	1.9351e-02	8.3262e-01	1.4803e-01	1.2081e-14	2.2454e-03	2.9472e-01	6.9527e-01	7.7115e-03	1.7493e-02	5.1375e-01	4.6422e-01	4.5022e-03	3.6277e-05	1.1755e-36	3.4868e-22	0.00e+00	0.00e+00	2.8478e+00
4.12371e+16	9.3634e+03	1.875e-18	5.9948e+02	6.3931e+02	8.5853e-13	3.1407e-02	9.6859e-01	2.0732e-02	8.4735e-01	1.3192e-01	1.7114e-14	2.4712e-03	3.0597e-01	6.8502e-01	6.4874e-03	2.1451e-02	5.5172e-01	4.2357e-01	3.2386e-03	2.6878e-05	1.1755e-36	5.5157e-22	0.00e+00	0.00e+00	3.3029e+00
4.48430e+16	9.4620e+03	1.923e-18	5.9948e+02	6.3474e+02	1.1125e-12	3.6244e-02	9.6376e-01	2.2326e-02	8.6053e-01	1.1715e-01	2.5175e-14	2.7304e-03	3.1867e-01	6.7321e-01	5.3556e-03	2.6850e-02	5.9394e-01	3.7696e-01	2.2308e-03	1.9586e-05	1.1755e-36	9.1685e-22	0.00e+00	0.00e+00	3.7671e+00
4.78793e+16	9.5592e+03	1.976e-18	5.9948e+02	6.3192e+02	1.4123e-12	4.1384e-02	9.5862e-01	2.3764e-02	8.7019e-01	1.0605e-01	3.5789e-14	2.9809e-03	3.3043e-01	6.6207e-01	4.4943e-03	3.2686e-02	6.2860e-01	3.3711e-01	1.5923e-03	1.4931e-05	1.1755e-36	1.4637e-21	0.00e+00	0.00e+00	4.1883e+00
5.04607e+16	9.6276e+03	2.017e-18	5.9948e+02	6.2775e+02	1.7685e-12	4.6659e-02	9.5334e-01	2.5283e-02	8.7735e-01	9.7369e-02	4.9229e-14	3.2216e-03	3.4241e-01	6.5051e-01	3.8264e-03	3.8927e-02	6.5907e-01	3.0083e-01	1.1650e-03	1.1741e-05	1.1755e-36	2.2188e-21	0.00e+00	0.00e+00	4.6252e+00
5.33056e+16	9.6975e+03	2.064e-18	5.9948e+02	6.2316e+02	2.3032e-12	5.3563e-02	9.4644e-01	2.7196e-02	8.8443e-01	8.8374e-02	7.0957e-14	3.5179e-03	3.5717e-01	6.3612e-01	3.1657e-03	4.7213e-02	6.8982e-01	2.6215e-01	8.0914e-04	8.9716e-06	1.1755e-36	3.5751e-21	0.00e+00	0.00e+00	5.2772e+00
5.64245e+16	9.7713e+03	2.125e-18	5.9948e+02	6.1846e+02	3.1555e-12	6.3006e-02	9.3699e-01	2.9564e-02	8.9075e-01	7.9682e-02	1.0845e-13	3.8793e-03	3.7502e-01	6.1855e-01	2.5340e-03	5.8643e-02	7.1953e-01	2.2129e-01	5.2969e-04	6.6371e-06	1.1755e-36	6.2464e-21	0.00e+00	0.00e+00	5.9979e+00
5.91836e+16	9.8358e+03	2.174e-18	5.9948e+02	6.1217e+02	4.2639e-12	7.3457e-02	9.2654e-01	3.2094e-02	8.9495e-01	7.2954e-02	1.6124e-13	4.2301e-03	3.9320e-01	6.0050e-01	2.0468e-03	7.1494e-02	7.4249e-01	1.8566e-01	3.5257e-04	5.0065e-06	1.1755e-36	1.0498e-20	0.00e+00	0.00e+00	6.6920e+00
6.15699e+16	9.8949e+03	2.201e-18	5.9948e+02	6.0286e+02	5.5634e-12	8.4069e-02	9.1593e-01	3.4662e-02	8.9755e-01	6.7792e-02	2.2713e-13	4.5299e-03	4.1028e-01	5.8349e-01	1.6869e-03	8.4691e-02	7.5835e-01	1.5671e-01	2.4325e-04	3.8951e-06	1.1755e-36	1.6387e-20	0.00e+00	0.00e+00	7.4163e+00
6.38389e+16	9.9223e+03	2.233e-18	5.9948e+02	5.9505e+02	7.3877e-12	9.6369e-02	9.0363e-01	3.7556e-02	8.9939e-01	6.3057e-02	3.2215e-13	4.8565e-03	4.2886e-01	5.6489e-01	1.3814e-03	9.9883e-02	7.6846e-01	1.3149e-01	1.6736e-04	3.0211e-06	1.1755e-36	2.5855e-20	0.00e+00	0.00e+00	8.2414e+00
6.60114e+16	9.9463e+03	2.257e-18	5.9948e+02	5.8625e+02	9.8307e-12	1.1042e-01	8.8958e-01	4.0762e-02	9.0026e-01	5.8979e-02	4.5569e-13	5.1822e-03	4.4837e-01	5.4531e-01	1.1271e-03	1.1719e-01	7.7339e-01	1.0931e-01	1.1472e-04	2.3338e-06	1.1755e-36	4.0696e-20	0.00e+00	0.00e+00	9.1121e+00
6.79697e+16	9.9637e+03	2.273e-18	5.9948e+02	5.7690e+02	1.2891e-11	1.2541e-01	8.7459e-01	4.4120e-02	9.0024e-01	5.5636e-02	6.2966e-13	5.4831e-03	4.6760e-01	5.2598e-01	9.2749e-04	1.3554e-01	7.7328e-01	9.1102e-02	8.0183e-05	1.8214e-06	1.1755e-36	6.2183e-20	0.00e+00	0.00e+00	9.9823e+00
6.97133e+16	9.9717e+03	2.281e-18	5.9948e+02	5.6759e+02	1.6613e-11	1.4093e-01	8.5907e-01	4.7585e-02	8.9954e-01	5.2873e-02	8.4779e-13	5.7577e-03	4.8628e-01	5.0719e-01	7.7172e-04	1.5442e-01	7.6909e-01	7.6436e-02	5.7433e-05	1.4400e-06	1.1755e-36	9.1896e-20	0.00e+00	0.00e+00	1.0865e+01
7.13204e+16	9.9746e+03	2.279e-18	5.9948e+02	5.5756e+02	2.1131e-11	1.5713e-01	8.4287e-01	5.1202e-02	8.9829e-01	5.0509e-02	1.1188e-12	6.0040e-03	5.0453e-01	4.8881e-01	6.4672e-04	1.7396e-01	7.6164e-01	6.4361e-02	4.1825e-05	1.1478e-06	1.1755e-36	1.3236e-19	0.00e+00	0.00e+00	1.1793e+01
7.28589e+16	9.9721e+03	2.270e-18	5.9948e+02	5.4682e+02	2.6778e-11	1.7456e-01	8.2544e-01	5.5117e-02	8.9649e-01	4.8396e-02	1.4644e-12	6.2324e-03	5.2304e-01	4.7018e-01	5.4222e-04	1.9480e-01	7.5111e-01	5.4058e-02	3.0606e-05	9.1404e-07	1.1755e-36	1.8871e-19	0.00e+00	0.00e+00	1.2795e+01
7.43481e+16	9.9614e+03	2.256e-18	5.9948e+02	5.3596e+02	3.4003e-11	1.9361e-01	8.0639e-01	5.9452e-02	8.9409e-01	4.6463e-02	1.9147e-12	6.4543e-03	5.4218e-01	4.5090e-01	4.5334e-04	2.1735e-01	7.3745e-01	4.5177e-02	2.2406e-05	7.2386e-07	1.1755e-36	2.6909e-19	0.00e+00	0.00e+00	1.3866e+01
7.57629e+16	9.9499e+03	2.231e-18	5.9948e+02	5.2382e+02	4.2721e-11	2.1345e-01	7.8655e-01	6.4015e-02	8.9117e-01	4.4811e-02	2.4645e-12	6.6385e-03	5.6093e-01	4.3205e-01	3.8069e-04	2.4060e-01	7.2161e-01	3.7773e-02	1.6584e-05	5.7525e-07	1.1755e-36	3.7599e-19	0.00e+00	0.00e+00	1.4971e+01
7.71011e+16	9.9351e+03	2.198e-18	5.9948e+02	5.1122e+02	5.3091e-11	2.3379e-01	7.6621e-01	6.8821e-02	8.8782e-01	4.3360e-02	3.1245e-12	6.7927e-03	5.7927e-01	4.1361e-01	3.2127e-04	2.6417e-01	7.0415e-01	3.1664e-02	1.2442e-05	4.5953e-07	1.1755e-36	5.1511e-19	0.00e+00	0.00e+00	1.6129e+01
7.83989e+16	9.9152e+03	2.157e-18	5.9948e+02	4.9817e+02	6.5648e-11	2.5498e-01	7.4502e-01	7.4009e-02	8.8396e-01	4.2036e-02	3.9275e-12	6.9240e-03	5.9763e-01	3.9517e-01	2.7136e-04	2.8847e-01	6.8501e-01	2.6513e-02	9.4008e-06	3.6711e-07	1.1755e-36	6.9805e-19	0.00e+00	0.00e+00	1.7371e+01
7.96778e+16	9.8897e+03	2.108e-18	5.9948e+02	4.8448e+02	8.1013e-11	2.7725e-01	7.2275e-01	7.9670e-02	8.7951e-01	4.0818e-02	4.9100e-12	7.0319e-03	6.1615e-01	3.7659e-01	2.2889e-04	3.1370e-01	6.6417e-01	2.2120e-02	7.1287e-06	2.9241e-07	1.1755e-36	9.3963e-19	0.00e+00	0.00e+00	1.8705e+01
8.09368e+16	9.8595e+03	2.051e-18	5.9948e+02	4.7023e+02	9.9619e-11	3.0038e-01	6.9962e-01	8.5819e-02	8.7448e-01	3.9705e-02	6.0972e-12	7.1138e-03	6.3469e-01	3.5800e-01	1.9294e-04	3.3961e-01	6.4199e-01	1.8400e-02	5.4349e-06	2.3249e-07	1.1755e-36	1.2540e-18	0.00e+00	0.00e+00	2.0123e+01
8.21734e+16	9.8257e+03	1.987e-18	5.9948e+02	4.5557e+02	1.2184e-10	3.2409e-01	6.7591e-01	9.2459e-02	8.6885e-01	3.8688e-02	7.5088e-12	7.1689e-03	6.5309e-01	3.3958e-01	1.6269e-04	3.6583e-01	6.1888e-01	1.5280e-02	4.1749e-06	1.8480e-07	1.1755e-36	1.6557e-18	0.00e+00	0.00e+00	2.1627e+01
8.33971e+16	9.7872e+03	1.916e-18	5.9948e+02	4.4055e+02	1.4839e-10	3.4834e-01	6.5166e-01	9.9674e-02	8.6258e-01	3.7744e-02	9.1833e-12	7.1986e-03	6.7139e-01	3.2128e-01	1.3708e-04	3.9235e-01	5.9499e-01	1.2656e-02	3.2285e-06	1.4671e-07	1.1755e-36	2.1662e-18	0.00e+00	0.00e+00	2.3237e+01
8.47242e+16	9.7372e+03	1.832e-18	5.9948e+02	4.2399e+02	1.8350e-10	3.7536e-01	6.2464e-01	1.0836e-01	8.5497e-01	3.6668e-02	1.1370e-11	7.2097e-03	6.9136e-01	3.0132e-01	1.1338e-04	4.2149e-01	5.6823e-01	1.0269e-02	2.4559e-06	1.1755e-36	1.1755e-36	2.8813e-18	0.00e+00	0.00e+00	2.5274e+01
8.61037e+16	9.6922e+03	1.735e-18	5.9948e+02	4.0481e+02	2.2671e-10	4.0389e-01	5.9611e-01	1.1774e-01	8.4636e-01	3.5897e-02	1.4002e-11	7.1464e-03	7.1099e-01	2.8176e-01	9.3327e-05	4.5185e-01	5.3993e-01	8.2238e-03	1.8652e-06	1.1755e-36	1.1755e-36	3.8061e-18	0.00e+00	0.00e+00	2.7301e+01
8.73264e+16	9.6356e+03	1.648e-18	5.9948e+02	3.8881e+02	2.7482e-10	4.3009e-01	5.6991e-01	1.2730e-01	8.3755e-01	3.5147e-02	1.6890e-11	7.0950e-03	7.2889e-01	2.6394e-01	7.8125e-05	4.7934e-01	5.1395e-01	6.7100e-03	1.4682e-06	1.1755e-36	1.1755e-36	4.8957e-18	0.00e+00	0.00e+00	2.9123e+01
8.84300e+16	9.5796e+03	1.567e-18	5.9948e+02	3.7486e+02	3.2477e-10	4.5331e-01	5.4669e-01	1.3686e-01	8.2870e-01	3.4446e-02	1.9855e-11	7.0402e-03	7.4500e-01	2.4789e-01	6.6405e-05	5.0341e-01	4.9101e-01	5.5800e-03	1.1945e-06	1.1755e-36	1.1755e-36	6.0727e-18	0.00e+00	0.00e+00	3.0990e+01
8.95584e+16	9.5210e+03	1.481e-18	5.9948e+02	3.6024e+02	3.8377e-10	4.7684e-01	5.2316e-01	1.4725e-01	8.1901e-01	3.3744e-02	2.3279e-11	6.9586e-03	7.6090e-01	2.3208e-01	5.6196e-05	5.2753e-01	4.6786e-01	4.6114e-03	9.7513e-07	1.1755e-36	1.1755e-36	7.5062e-18	0.00e+00	0.00e+00	3.3099e+01
9.07192e+16	9.4573e+03	1.393e-18	5.9948e+02	3.4499e+02	4.5549e-10	5.0143e-01	4.9857e-01	1.5863e-01	8.0827e-01	3.3102e-02	2.7345e-11	6.8481e-03	7.7666e-01	2.1645e-01	4.7291e-05	5.5243e-01	4.4380e-01	3.7717e-03	7.9603e-07	1.1755e-36	1.1755e-36	9.3103e-18	0.00e+00	0.00e+00	3.5287e+01
9.18169e+16	9.3948e+03	1.309e-18	5.9948e+02	3.3045e+02	5.3365e-10	5.2435e-01	4.7565e-01	1.7009e-01	7.9735e-01	3.2558e-02	3.1654e-11	6.7212e-03	7.9098e-01	2.0225e-01	4.0192e-05	5.7538e-01	4.2150e-01	3.1117e-03	6.6273e-07	1.1755e-36	1.1755e-36	1.1317e-17	0.00e+00	0.00e+00	3.7357e+01
9.28122e+16	9.3403e+03	1.232e-18	5.9948e+02	3.1722e+02	6.1123e-10	5.4407e-01	4.5593e-01	1.8099e-01	7.8692e-01	3.2096e-02	3.5811e-11	6.5870e-03	8.0337e-01	1.9000e-01	3.4744e-05	5.9494e-01	4.0244e-01	2.6168e-03	5.6730e-07	1.1755e-36	1.1755e-36	1.3314e-17	0.00e+00	0.00e+00	3.9309e+01
9.35972e+16	9.2907e+03	1.175e-18	5.9948e+02	3.0751e+02	6.8078e-10	5.5971e-01	4.4029e-01	1.9030e-01	7.7796e-01	3.1739e-02	3.9495e-11	6.4865e-03	8.1300e-01	1.8048e-01	3.0991e-05	6.1030e-01	3.8742e-01	2.2787e-03	5.0381e-07	1.1755e-36	1.1755e-36	1.5151e-17	0.00e+00	0.00e+00	4.0627e+01
9.41620e+16	9.2497e+03	1.134e-18	5.9948e+02	3.0109e+02	7.3323e-10	5.6979e-01	4.3021e-01	1.9759e-01	7.7102e-01	3.1390e-02	4.2178e-11	6.4241e-03	8.1995e-01	1.7360e-01	2.8541e-05	6.2017e-01	3.7776e-01	2.0710e-03	4.6602e-07	1.1755e-36	1.1755e-36	1.6480e-17	0.00e+00	0.00e+00	4.1721e+01
9.47316e+16	9.1990e+03	1.094e-18	5.9948e+02	2.9489e+02	7.9389e-10	5.8028e-01	4.1972e-01	2.0550e-01	7.6355e-01	3.0952e-02	4.5190e-11	6.3670e-03	8.2702e-01	1.6659e-01	2.6169e-05	6.3038e-01	3.6774e-01	1.8767e-03	4.3061e-07	1.1755e-36	1.1755e-36	1.8004e-17	0.00e+00	0.00e+00	4.3109e+01
9.54230e+16	9.1584e+03	1.044e-18	5.9948e+02	2.8615e+02	8.6666e-10	5.9291e-01	4.0709e-01	2.1442e-01	7.5501e-01	3.0568e-02	4.8825e-11	6.2566e-03	8.3479e-01	1.5893e-01	2.3632e-05	6.4260e-01	3.5574e-01	1.6608e-03	3.9183e-07	1.1755e-36	1.1755e-36	1.9889e-17	0.00e+00	0.00e+00	4.4795e+01
9.61689e+16	9.1028e+03	9.925e-19	5.9948e+02	2.7689e+02	9.6179e-10	6.0759e-01	3.9241e-01	2.2453e-01	7.4525e-01	3.0218e-02	5.3433e-11	6.1357e-03	8.4292e-01	1.5092e-01	2.1160e-05	6.5669e-01	3.4186e-01	1.4487e-03	3.5319e-07	1.1755e-36	1.1755e-36	2.2406e-17	0.00e+00	0.00e+00	4.6497e+01
9.68509e+16	9.0611e+03	9.468e-19	5.9948e+02	2.6857e+02	1.0508e-09	6.2048e-01	3.7952e-01	2.3394e-01	7.3613e-01	2.9932e-02	5.7818e-11	6.0194e-03	8.4999e-01	1.4397e-01	1.9171e-05	6.6899e-01	3.2973e-01	1.2790e-03	3.2258e-07	1.1755e-36	1.1755e-36	2.4863e-17	0.00e+00	0.00e+00	4.7962e+01
9.74572e+16	9.0090e+03	9.078e-19	5.9948e+02	2.6173e+02	1.1414e-09	6.3161e-01	3.6839e-01	2.4315e-01	7.2727e-01	2.9582e-02	6.2016e-11	5.9276e-03	8.5636e-01	1.3770e-01	1.7537e-05	6.7956e-01	3.1930e-01	1.1457e-03	2.9857e-07	1.1755e-36	1.1755e-36	2.7217e-17	0.00e+00	0.00e+00	4.9370e+01
9.80686e+16	8.9674e+03	8.684e-19	5.9948e+02	2.5461e+02	1.2320e-09	6.4213e-01	3.5787e-01	2.5232e-01	7.1841e-01	2.9270e-02	6.6222e-11	5.8232e-03	8.6240e-01	1.3176e-01	1.6058e-05	6.8949e-01	3.0948e-01	1.0265e-03	2.7734e-07	1.1755e-36	1.1755e-36	2.9597e-17	0.00e+00	0.00e+00	5.0911e+01
9.87423e+16	8.9107e+03	8.267e-19	5.9948e+02	2.4683e+02	1.3492e-09	6.5421e-01	3.4579e-01	2.6286e-01	7.0823e-01	2.8910e-02	7.1407e-11	5.7066e-03	8.6890e-01	1.2538e-01	1.4562e-05	7.0084e-01	2.9825e-01	9.0663e-04	2.5544e-07	1.1755e-36	1.1755e-36	3.2614e-17	0.00e+00	0.00e+00	5.2678e+01
9.94444e+16	8.8552e+03	7.849e-19	5.9948e+02	2.3885e+02	1.4828e-09	6.6716e-01	3.3284e-01	2.7407e-01	6.9736e-01	2.8570e-02	7.7414e-11	5.5814e-03	8.7537e-01	1.1904e-01	1.3169e-05	7.1293e-01	2.8628e-01	7.9403e-04	2.3434e-07	1.1755e-36	1.1755e-36	3.6270e-17	0.00e+00	0.00e+00	5.4422e+01
1.00098e+17	8.8118e+03	7.469e-19	5.9948e+02	2.3131e+02	1.6064e-09	6.7815e-01	3.2185e-01	2.8433e-01	6.8736e-01	2.8318e-02	8.2829e-11	5.4543e-03	8.8095e-01	1.1358e-01	1.2043e-05	7.2313e-01	2.7617e-01	7.0425e-04	2.1762e-07	1.1755e-36	1.1755e-36	3.9553e-17	0.00e+00	0.00e+00	5.6002e+01
1.00721e+17	8.7529e+03	7.126e-19	5.9948e+02	2.2478e+02	1.7459e-09	6.8859e-01	3.1141e-01	2.9522e-01	6.7683e-01	2.7942e-02	8.8608e-11	5.3494e-03	8.8639e-01	1.0825e-01	1.1038e-05	7.3278e-01	2.6659e-01	6.2768e-04	2.0302e-07	1.1755e-36	1.1755e-36	4.3076e-17	0.00e+00	0.00e+00	5.7649e+01
1.01373e+17	8.6992e+03	6.775e-19	5.9948e+02	2.1781e+02	1.8959e-09	6.9911e-01	3.0089e-01	3.0649e-01	6.6591e-01	2.7604e-02	9.4774e-11	5.2300e-03	8.9171e-01	1.0305e-01	1.0102e-05	7.4245e-01	2.5699e-01	5.5659e-04	1.8926e-07	1.1755e-36	1.1755e-36	4.6883e-17	0.00e+00	0.00e+00	5.9425e+01
1.02055e+17	8.6425e+03	6.421e-19	5.9948e+02	2.1051e+02	2.0677e-09	7.1004e-01	2.8996e-01	3.1832e-01	6.5440e-01	2.7277e-02	1.0163e-10	5.0995e-03	8.9698e-01	9.7906e-02	9.2284e-06	7.5245e-01	2.4706e-01	4.9043e-04	1.7603e-07	1.1755e-36	1.1755e-36	5.1208e-17	0.00e+00	0.00e+00	6.1290e+01
1.02742e+17	8.5827e+03	6.082e-19	5.9948e+02	2.0345e+02	2.2579e-09	7.2099e-01	2.7901e-01	3.3068e-01	6.4239e-01	2.6930e-02	1.0912e-10	4.9721e-03	9.0210e-01	9.2924e-02	8.4398e-06	7.6243e-01	2.3714e-01	4.3133e-04	1.6376e-07	1.1755e-36	1.1755e-36	5.6025e-17	0.00e+00	0.00e+00	6.3143e+01
1.03405e+17	8.5254e+03	5.770e-19	5.9948e+02	1.9678e+02	2.4522e-09	7.3094e-01	2.6906e-01	3.4274e-01	6.3066e-01	2.6600e-02	1.1647e-10	4.8480e-03	9.0677e-01	8.8378e-02	7.7661e-06	7.7144e-01	2.2818e-01	3.8186e-04	1.5329e-07	1.1755e-36	1.1755e-36	6.0741e-17	0.00e+00	0.00e+00	6.4934e+01
1.04061e+17	8.4669e+03	5.474e-19	5.9948e+02	1.9048e+02	2.6582e-09	7.4031e-01	2.5969e-01	3.5510e-01	6.1866e-01	2.6233e-02	1.2407e-10	4.7295e-03	9.1123e-01	8.4038e-02	7.1652e-06	7.7990e-01	2.1976e-01	3.3890e-04	1.4395e-07	1.1755e-36	1.1755e-36	6.5599e-17	0.00e+00	0.00e+00	6.6795e+01
1.04745e+17	8.4020e+03	5.179e-19	5.9948e+02	1.8395e+02	2.8977e-09	7.4992e-01	2.5008e-01	3.6809e-01	6.0606e-01	2.5852e-02	1.3245e-10	4.6037e-03	9.1564e-01	7.9751e-02	6.6045e-06	7.8854e-01	2.1116e-01	2.9923e-04	1.3495e-07	1.1755e-36	1.1755e-36	7.1021e-17	0.00e+00	0.00e+00	6.8797e+01
1.05455e+17	8.3299e+03	4.889e-19	5.9948e+02	1.7740e+02	3.1774e-09	7.6000e-01	2.4000e-01	3.8193e-01	5.9263e-01	2.5445e-02	1.4199e-10	4.4760e-03	9.2001e-01	7.5507e-02	6.0841e-06	7.9756e-01	2.0218e-01	2.6258e-04	1.2612e-07	1.1755e-36	1.1755e-36	7.7339e-17	0.00e+00	0.00e+00	7.0853e+01
1.06150e+17	8.2748e+03	4.619e-19	5.9948e+02	1.7104e+02	3.4399e-09	7.6891e-01	2.3109e-01	3.9493e-01	5.7995e-01	2.5122e-02	1.5094e-10	4.3453e-03	9.2390e-01	7.1750e-02	5.6452e-06	8.0549e-01	1.9427e-01	2.3200e-04	1.1755e-36	1.1755e-36	1.1755e-36	8.3182e-17	0.00e+00	0.00e+00	7.2815e+01
1.06836e+17	8.1996e+03	4.369e-19	5.9948e+02	1.6519e+02	3.7566e-09	7.7750e-01	2.2250e-01	4.0873e-01	5.6659e-01	2.4686e-02	1.6064e-10	4.2277e-03	9.2770e-01	6.8070e-02	5.2506e-06	8.1312e-01	1.8667e-01	2.0554e-04	1.1755e-36	1.1755e-36	1.1755e-36	8.9443e-17	0.00e+00	0.00e+00	7.4869e+01
1.07550e+17	8.1235e+03	4.122e-19	5.9948e+02	1.5933e+02	4.1125e-09	7.8633e-01	2.1367e-01	4.2320e-01	5.5257e-01	2.4229e-02	1.7146e-10	4.1079e-03	9.3143e-01	6.4462e-02	4.8846e-06	8.2093e-01	1.7889e-01	1.8115e-04	1.1755e-36	1.1755e-36	1.1755e-36	9.6577e-17	0.00e+00	0.00e+00	7.7041e+01
1.08276e+17	8.0495e+03	3.885e-19	5.9948e+02	1.5340e+02	4.4978e-09	7.9487e-01	2.0513e-01	4.3760e-01	5.3859e-01	2.3809e-02	1.8265e-10	3.9828e-03	9.3492e-01	6.1092e-02	4.5599e-06	8.2845e-01	1.7139e-01	1.5963e-04	1.1755e-36	1.1755e-36	1.1755e-36	1.0394e-16	0.00e+00	0.00e+00	7.9217e+01
1.08997e+17	7.9727e+03	3.664e-19	5.9948e+02	1.4780e+02	4.9170e-09	8.0285e-01	1.9715e-01	4.5206e-01	5.2458e-01	2.3364e-02	1.9412e-10	3.8635e-03	9.3819e-01	5.7940e-02	4.2755e-06	8.3546e-01	1.6440e-01	1.4120e-04	1.1755e-36	1.1755e-36	1.1755e-36	1.1141e-16	0.00e+00	0.00e+00	8.1402e+01
1.09728e+17	7.8948e+03	3.453e-19	5.9948e+02	1.4242e+02	5.3757e-09	8.1052e-01	1.8948e-01	4.6685e-01	5.1026e-01	2.2887e-02	2.0624e-10	3.7476e-03	9.4132e-01	5.4931e-02	4.0200e-06	8.4216e-01	1.5771e-01	1.2499e-04	1.1755e-36	1.1755e-36	1.1755e-36	1.1925e-16	0.00e+00	0.00e+00	8.3677e+01
1.10485e+17	7.8030e+03	3.249e-19	5.9948e+02	1.3699e+02	5.9377e-09	8.1830e-01	1.8170e-01	4.8220e-01	4.9543e-01	2.2373e-02	2.1972e-10	3.6296e-03	9.4436e-01	5.2007e-02	3.7863e-06	8.4895e-01	1.5094e-01	1.1032e-04	1.1755e-36	1.1755e-36	1.1755e-36	1.2808e-16	0.00e+00	0.00e+00	8.6072e+01
1.11257e+17	7.7163e+03	3.055e-19	5.9948e+02	1.3169e+02	6.5351e-09	8.2580e-01	1.7420e-01	4.9752e-01	4.8060e-01	2.1878e-02	2.3365e-10	3.5124e-03	9.4720e-01	4.9281e-02	3.5790e-06	8.5547e-01	1.4444e-01	9.7417e-05	1.1755e-36	1.1755e-36	1.1755e-36	1.3716e-16	0.00e+00	0.00e+00	8.8480e+01
1.12025e+17	7.6288e+03	2.876e-19	5.9948e+02	1.2674e+02	7.1861e-09	8.3272e-01	1.6728e-01	5.1276e-01	4.6589e-01	2.1356e-02	2.4798e-10	3.4018e-03	9.4984e-01	4.6755e-02	3.3986e-06	8.6147e-01	1.3845e-01	8.6439e-05	1.1755e-36	1.1755e-36	1.1755e-36	1.4643e-16	0.00e+00	0.00e+00	9.0893e+01
1.12800e+17	7.5439e+03	2.707e-19	5.9948e+02	1.2193e+02	7.8812e-09	8.3907e-01	1.6093e-01	5.2775e-01	4.5141e-01	2.0842e-02	2.6225e-10	3.2922e-03	9.5229e-01	4.4416e-02	3.2401e-06	8.6695e-01	1.3297e-01	7.6987e-05	1.1755e-36	1.1755e-36	1.1755e-36	1.5537e-16	0.00e+00	0.00e+00	9.3384e+01
1.13590e+17	7.4402e+03	2.549e-19	5.9948e+02	1.1738e+02	8.7617e-09	8.4560e-01	1.5440e-01	5.4329e-01	4.3646e-01	2.0250e-02	2.7873e-10	3.1898e-03	9.5465e-01	4.2159e-02	3.0969e-06	8.7258e-01	1.2735e-01	6.8534e-05	1.1755e-36	1.1755e-36	1.1755e-36	1.6627e-16	0.00e+00	0.00e+00	9.5931e+01
1.14397e+17	7.3365e+03	2.399e-19	5.9948e+02	1.1287e+02	9.7401e-09	8.5170e-01	1.4830e-01	5.5864e-01	4.2168e-01	1.9674e-02	2.9538e-10	3.0865e-03	9.5685e-01	4.0064e-02	2.9703e-06	8.7783e-01	1.2211e-01	6.1168e-05	1.1755e-36	1.1755e-36	1.1755e-36	1.7705e-16	0.00e+00	0.00e+00	9.8573e+01
1.15218e+17	7.2304e+03	2.258e-19	5.9948e+02	1.0856e+02	1.0854e-08	8.5757e-01	1.4243e-01	5.7384e-01	4.0707e-01	1.9088e-02	3.1308e-10	2.9871e-03	9.5889e-01	3.8120e-02	2.8585e-06	8.8287e-01	1.1708e-01	5.4726e-05	1.1755e-36	1.1755e-36	1.1755e-36	1.8880e-16	0.00e+00	0.00e+00	1.0124e+02
1.16028e+17	7.1232e+03	2.130e-19	5.9948e+02	1.0459e+02	1.2094e-08	8.6291e-01	1.3709e-01	5.8849e-01	3.9301e-01	1.8501e-02	3.3099e-10	2.8948e-03	9.6074e-01	3.6365e-02	2.7630e-06	8.8744e-01	1.1251e-01	4.9307e-05	1.1755e-36	1.1755e-36	1.1755e-36	2.0081e-16	0.00e+00	0.00e+00	1.0385e+02
1.16818e+17	7.0160e+03	2.016e-19	5.9948e+02	1.0100e+02	1.3461e-08	8.6767e-01	1.3233e-01	6.0251e-01	3.7958e-01	1.7909e-02	3.4899e-10	2.8114e-03	9.6240e-01	3.4787e-02	2.6818e-06	8.9152e-01	1.0844e-01	4.4791e-05	1.1755e-36	1.1755e-36	1.1755e-36	2.1306e-16	0.00e+00	0.00e+00	1.0641e+02
1.17592e+17	6.9091e+03	1.913e-19	5.9948e+02	9.7700e+01	1.4976e-08	8.7200e-01	1.2800e-01	6.1588e-01	3.6680e-01	1.7326e-02	3.6719e-10	2.7344e-03	9.6390e-01	3.3366e-02	2.6120e-06	8.9521e-01	1.0475e-01	4.0966e-05	1.1755e-36	1.1755e-36	1.1755e-36	2.2578e-16	0.00e+00	0.00e+00	1.0894e+02
1.18355e+17	6.8035e+03	1.820e-19	5.9948e+02	9.4659e+01	1.6653e-08	8.7602e-01	1.2398e-01	6.2865e-01	3.5460e-01	1.6749e-02	3.8602e-10	2.6633e-03	9.6526e-01	3.2078e-02	2.5513e-06	8.9864e-01	1.0132e-01	3.7665e-05	1.1755e-36	1.1755e-36	1.1755e-36	2.3958e-16	0.00e+00	0.00e+00	1.1146e+02
1.19112e+17	6.6978e+03	1.733e-19	5.9948e+02	9.1775e+01	1.8532e-08	8.7972e-01	1.2028e-01	6.4076e-01	3.4304e-01	1.6198e-02	4.0511e-10	2.5953e-03	9.6649e-01	3.0917e-02	2.4986e-06	9.0180e-01	9.8169e-02	3.4814e-05	1.1755e-36	1.1755e-36	1.1755e-36	2.5418e-16	0.00e+00	0.00e+00	1.1397e+02
1.19860e+17	6.5870e+03	1.654e-19	5.9948e+02	8.9019e+01	2.0725e-08	8.8317e-01	1.1683e-01	6.5221e-01	3.3212e-01	1.5668e-02	4.2475e-10	2.5305e-03	9.6760e-01	2.9871e-02	2.4531e-06	9.0473e-01	9.5236e-02	3.2349e-05	1.1755e-36	1.1755e-36	1.1755e-36	2.7014e-16	0.00e+00	0.00e+00	1.1646e+02
1.20583e+17	6.4920e+03	1.584e-19	5.9948e+02	8.6633e+01	2.2895e-08	8.8625e-01	1.1375e-01	6.6280e-01	3.2203e-01	1.5166e-02	4.4452e-10	2.4734e-03	9.6858e-01	2.8948e-02	2.4138e-06	9.0735e-01	9.2615e-02	3.0242e-05	1.1755e-36	1.1755e-36	1.1755e-36	2.8706e-16	0.00e+00	0.00e+00	1.1882e+02
1.21305e+17	6.3833e+03	1.518e-19	5.9948e+02	8.4325e+01	2.5607e-08	8.8910e-01	1.1090e-01	6.7323e-01	3.1212e-01	1.4647e-02	4.6569e-10	2.4193e-03	9.6950e-01	2.8076e-02	2.3792e-06	9.0978e-01	9.0194e-02	2.8403e-05	1.1755e-36	1.1755e-36	1.1755e-36	3.0646e-16	0.00e+00	0.00e+00	1.2131e+02
1.22026e+17	6.2923e+03	1.458e-19	5.9948e+02	8.2202e+01	2.8279e-08	8.9193e-01	1.0807e-01	6.8277e-01	3.0305e-01	1.4183e-02	4.8773e-10	2.3679e-03	9.7032e-01	2.7307e-02	2.3479e-06	9.1218e-01	8.7795e-02	2.6716e-05	1.1755e-36	1.1755e-36	1.1755e-36	3.2811e-16	0.00e+00	0.00e+00	1.2367e+02
1.22747e+17	6.1838e+03	1.401e-19	5.9948e+02	8.0111e+01	3.1742e-08	8.9445e-01	1.0555e-01	6.9218e-01	2.9412e-01	1.3701e-02	5.1154e-10	2.3186e-03	9.7110e-01	2.6581e-02	2.3209e-06	9.1432e-01	8.5650e-02	2.5267e-05	1.1755e-36	1.1755e-36	1.1755e-36	3.5344e-16	0.00e+00	0.00e+00	1.2618e+02
1.23456e+17	6.0911e+03	1.350e-19	5.9948e+02	7.8186e+01	3.5201e-08	8.9691e-01	1.0309e-01	7.0058e-01	2.8614e-01	1.3283e-02	5.3588e-10	2.2720e-03	9.7177e-01	2.5958e-02	2.2969e-06	9.1642e-01	8.3561e-02	2.3957e-05	1.1755e-36	1.1755e-36	1.1755e-36	3.8125e-16	0.00e+00	0.00e+00	1.2849e+02
1.24142e+17	6.0023e+03	1.304e-19	5.9948e+02	7.6535e+01	3.8890e-08	8.9893e-01	1.0107e-01	7.0869e-01	2.7846e-01	1.2851e-02	5.6076e-10	2.2325e-03	9.7239e-01	2.5373e-02	2.2762e-06	9.1813e-01	8.1848e-02	2.2863e-05	1.1755e-36	1.1755e-36	1.1755e-36	4.1083e-16	0.00e+00	0.00e+00	1.3084e+02
1.24851e+17	5.9004e+03	1.258e-19	5.9948e+02	7.4805e+01	4.3663e-08	9.0109e-01	9.8911e-02	7.1671e-01	2.7087e-01	1.2422e-02	5.9051e-10	2.1916e-03	9.7299e-01	2.4819e-02	2.2571e-06	9.1996e-01	8.0016e-02	2.1819e-05	1.1755e-36	1.1755e-36	1.1755e-36	4.5015e-16	0.00e+00	0.00e+00	1.3332e+02
1.25549e+17	5.8185e+03	1.217e-19	5.9948e+02	7.3221e+01	4.8141e-08	9.0309e-01	9.6908e-02	7.2372e-01	2.6422e-01	1.2059e-02	6.1932e-10	2.1526e-03	9.7349e-01	2.4350e-02	2.2400e-06	9.2166e-01	7.8322e-02	2.0880e-05	1.1755e-36	1.1755e-36	1.1755e-36	4.9014e-16	0.00e+00	0.00e+00	1.3560e+02
1.26240e+17	5.7199e+03	1.179e-19	5.9948e+02	7.1764e+01	5.4067e-08	9.0488e-01	9.5117e-02	7.3097e-01	2.5738e-01	1.1650e-02	6.5416e-10	2.1187e-03	9.7400e-01	2.3882e-02	2.2253e-06	9.2318e-01	7.6798e-02	2.0073e-05	1.1755e-36	1.1755e-36	1.1755e-36	5.4286e-16	0.00e+00	0.00e+00	1.3805e+02
1.26925e+17	5.6424e+03	1.144e-19	5.9948e+02	7.0373e+01	5.9525e-08	9.0662e-01	9.3378e-02	7.3714e-01	2.5154e-01	1.1320e-02	6.8746e-10	2.0845e-03	9.7442e-01	2.3495e-02	2.2118e-06	9.2465e-01	7.5329e-02	1.9320e-05	1.1755e-36	1.1755e-36	1.1755e-36	5.9593e-16	0.00e+00	0.00e+00	1.4030e+02
1.27608e+17	5.5469e+03	1.111e-19	5.9948e+02	6.9088e+01	6.6934e-08	9.0821e-01	9.1789e-02	7.4366e-01	2.4540e-01	1.0940e-02	7.2962e-10	2.0548e-03	9.7484e-01	2.3098e-02	2.2001e-06	9.2601e-01	7.3975e-02	1.8664e-05	1.1755e-36	1.1755e-36	1.1755e-36	6.6911e-16	0.00e+00	0.00e+00	1.4275e+02
1.28287e+17	5.4739e+03	1.080e-19	5.9948e+02	6.7836e+01	7.3582e-08	9.0976e-01	9.0236e-02	7.4909e-01	2.4027e-01	1.0645e-02	7.6894e-10	2.0239e-03	9.7520e-01	2.2778e-02	2.1892e-06	9.2732e-01	7.2663e-02	1.8043e-05	1.1755e-36	1.1755e-36	1.1755e-36	7.4105e-16	0.00e+00	0.00e+00	1.4496e+02
1.28965e+17	5.3844e+03	1.051e-19	5.9948e+02	6.6652e+01	8.2543e-08	9.1110e-01	8.8899e-02	7.5483e-01	2.3487e-01	1.0308e-02	8.1846e-10	1.9964e-03	9.7556e-01	2.2446e-02	2.1799e-06	9.2846e-01	7.1519e-02	1.7512e-05	1.1755e-36	1.1755e-36	1.1755e-36	8.3913e-16	0.00e+00	0.00e+00	1.4742e+02
1.29650e+17	5.3114e+03	1.023e-19	5.9948e+02	6.5541e+01	9.1126e-08	9.1262e-01	8.7376e-02	7.5987e-01	2.3011e-01	1.0021e-02	8.6920e-10	1.9694e-03	9.7586e-01	2.2164e-02	2.1707e-06	9.2975e-01	7.0236e-02	1.6970e-05	1.1755e-36	1.1755e-36	1.1755e-36	9.4582e-16	0.00e+00	0.00e+00	1.4969e+02
1.30327e+17	5.2266e+03	9.977e-20	5.9948e+02	6.4457e+01	1.0214e-07	9.1385e-01	8.6151e-02	7.6494e-01	2.2534e-01	9.7197e-03	9.3006e-10	1.9442e-03	9.7616e-01	2.1889e-02	2.1632e-06	9.3080e-01	6.9188e-02	1.6523e-05	1.1755e-36	1.1755e-36	1.1755e-36	1.0844e-15	0.00e+00	0.00e+00	1.5210e+02
1.30998e+17	5.1560e+03	9.738e-20	5.9948e+02	6.3487e+01	1.1283e-07	9.1518e-01	8.4821e-02	7.6949e-01	2.2106e-01	9.4506e-03	9.9255e-10	1.9211e-03	9.7643e-01	2.1649e-02	2.1559e-06	9.3192e-01	6.8065e-02	1.6079e-05	1.1755e-36	1.1755e-36	1.1755e-36	1.2356e-15	0.00e+00	0.00e+00	1.5434e+02
1.31663e+17	5.0760e+03	9.513e-20	5.9948e+02	6.2522e+01	1.2626e-07	9.1626e-01	8.3741e-02	7.7400e-01	2.1682e-01	9.1768e-03	1.0673e-09	1.8990e-03	9.7668e-01	2.1418e-02	2.1500e-06	9.3284e-01	6.7139e-02	1.5709e-05	1.1755e-36	1.1755e-36	1.1755e-36	1.4314e-15	0.00e+00	0.00e+00	1.5671e+02
1.32325e+17	5.0085e+03	9.301e-20	5.9948e+02	6.1652e+01	1.3941e-07	9.1745e-01	8.2548e-02	7.7810e-01	2.1297e-01	8.9298e-03	1.1444e-09	1.8785e-03	9.7691e-01	2.1212e-02	2.1440e-06	9.3385e-01	6.6132e-02	1.5334e-05	1.1755e-36	1.1755e-36	1.1755e-36	1.6465e-15	0.00e+00	0.00e+00	1.5894e+02
1.32985e+17	4.9293e+03	9.099e-20	5.9948e+02	6.0753e+01	1.5641e-07	9.1847e-01	8.1532e-02	7.8218e-01	2.0914e-01	8.6774e-03	1.2258e-09	1.8585e-03	9.7723e-01	2.0907e-02	2.1380e-06	9.3472e-01	6.5260e-02	1.5018e-05	1.1755e-36	1.1755e-36	1.1755e-36	1.8830e-15	0.00e+00	0.00e+00	1.6130e+02
1.33638e+17	4.8636e+03	8.911e-20	5.9948e+02	5.9953e+01	1.7275e-07	9.1958e-01	8.0421e-02	7.8584e-01	2.0571e-01	8.4531e-03	1.3042e-09	1.8401e-03	9.7752e-01	2.0633e-02	2.1320e-06	9.3566e-01	6.4321e-02	1.4696e-05	1.1755e-36	1.1755e-36	1.1755e-36	2.1243e-15	0.00e+00	0.00e+00	1.6348e+02
1.34282e+17	4.7883e+03	8.733e-20	5.9948e+02	5.9154e+01	1.9357e-07	9.2047e-01	7.9526e-02	7.8952e-01	2.0226e-01	8.2211e-03	1.3957e-09	1.8228e-03	9.7783e-01	2.0345e-02	2.1270e-06	9.3643e-01	6.3550e-02	1.4432e-05	1.1755e-36	1.1755e-36	1.1755e-36	2.4281e-15	0.00e+00	0.00e+00	1.6578e+02
1.34920e+17	4.7270e+03	8.566e-20	5.9948e+02	5.8418e+01	2.1313e-07	9.2143e-01	7.8565e-02	7.9275e-01	1.9923e-01	8.0217e-03	1.4828e-09	1.8061e-03	9.7809e-01	2.0102e-02	2.1220e-06	9.3725e-01	6.2737e-02	1.4162e-05	1.1755e-36	1.1755e-36	1.1755e-36	2.7361e-15	0.00e+00	0.00e+00	1.6793e+02
1.35563e+17	4.6531e+03	8.403e-20	5.9948e+02	5.7688e+01	2.3947e-07	9.2232e-01	7.7679e-02	7.9621e-01	1.9599e-01	7.7996e-03	1.5922e-09	1.7908e-03	9.7838e-01	1.9827e-02	2.1177e-06	9.3801e-01	6.1974e-02	1.3923e-05	1.1755e-36	1.1755e-36	1.1755e-36	3.1539e-15	0.00e+00	0.00e+00	1.7027e+02
1.36203e+17	4.5935e+03	8.248e-20	5.9948e+02	5.6991e+01	2.6401e-07	9.2330e-01	7.6703e-02	7.9915e-01	1.9323e-01	7.6163e-03	1.6955e-09	1.7751e-03	9.7862e-01	1.9605e-02	2.1133e-06	9.3884e-01	6.1150e-02	1.3673e-05	1.1755e-36	1.1755e-36	1.1755e-36	3.5762e-15	0.00e+00	0.00e+00	1.7240e+02
1.36835e+17	4.5243e+03	8.102e-20	5.9948e+02	5.6310e+01	2.9555e-07	9.2406e-01	7.5936e-02	8.0225e-01	1.9033e-01	7.4177e-03	1.8181e-09	1.7611e-03	9.7888e-01	1.9358e-02	2.1098e-06	9.3950e-01	6.0488e-02	1.3472e-05	1.1755e-36	1.1755e-36	1.1755e-36	4.1155e-15	0.00e+00	0.00e+00	1.7469e+02
1.37470e+17	4.4675e+03	7.960e-20	5.9948e+02	5.5656e+01	3.2536e-07	9.2493e-01	7.5074e-02	8.0493e-01	1.8782e-01	7.2493e-03	1.9354e-09	1.7466e-03	9.7910e-01	1.9153e-02	2.1061e-06	9.4023e-01	5.9757e-02	1.3255e-05	1.1755e-36	1.1755e-36	1.1755e-36	4.6666e-15	0.00e+00	0.00e+00	1.7684e+02
1.38112e+17	4.3987e+03	7.822e-20	5.9948e+02	5.5008e+01	3.6547e-07	9.2573e-01	7.4270e-02	8.0789e-01	1.8506e-01	7.0584e-03	2.0836e-09	1.7337e-03	9.7935e-01	1.8914e-02	2.1029e-06	9.4092e-01	5.9065e-02	1.3063e-05	1.1755e-36	1.1755e-36	1.1755e-36	5.4185e-15	0.00e+00	0.00e+00	1.7919e+02
1.38753e+17	4.3440e+03	7.688e-20	5.9948e+02	5.4370e+01	4.0204e-07	9.2658e-01	7.3420e-02	8.1032e-01	1.8278e-01	6.9061e-03	2.2195e-09	1.7197e-03	9.7955e-01	1.8728e-02	2.0996e-06	9.4164e-01	5.8347e-02	1.2862e-05	1.1755e-36	1.1755e-36	1.1755e-36	6.1574e-15	0.00e+00	0.00e+00	1.8133e+02
1.39394e+17	4.2754e+03	7.562e-20	5.9948e+02	5.3801e+01	4.5291e-07	9.2739e-01	7.2612e-02	8.1323e-01	1.8006e-01	6.7150e-03	2.3982e-09	1.7095e-03	9.7980e-01	1.8492e-02	2.0969e-06	9.4233e-01	5.7653e-02	1.2686e-05	1.1755e-36	1.1755e-36	1.1755e-36	7.2039e-15	0.00e+00	0.00e+00	1.8369e+02
1.40029e+17	4.2240e+03	7.438e-20	5.9948e+02	5.3168e+01	4.9620e-07	9.2812e-01	7.1878e-02	8.1534e-01	1.7808e-01	6.5841e-03	2.5478e-09	1.6954e-03	9.7997e-01	1.8331e-02	2.0942e-06	9.4296e-01	5.7029e-02	1.2513e-05	1.1755e-36	1.1755e-36	1.1755e-36	8.1455e-15	0.00e+00	0.00e+00	1.8579e+02
1.40671e+17	4.1572e+03	7.321e-20	5.9948e+02	5.2641e+01	5.5854e-07	9.2887e-01	7.1129e-02	8.1814e-01	1.7546e-01	6.4000e-03	2.7538e-09	1.6867e-03	9.8021e-01	1.8100e-02	2.0919e-06	9.4360e-01	5.6384e-02	1.2355e-05	1.1755e-36	1.1755e-36	1.1755e-36	9.5356e-15	0.00e+00	0.00e+00	1.8820e+02
1.41320e+17	4.1059e+03	7.202e-20	5.9948e+02	5.2023e+01	6.1283e-07	9.2966e-01	7.0342e-02	8.2016e-01	1.7357e-01	6.2746e-03	2.9321e-09	1.6732e-03	9.8038e-01	1.7945e-02	2.0894e-06	9.4427e-01	5.5717e-02	1.2184e-05	1.1755e-36	1.1755e-36	1.1755e-36	1.0834e-14	0.00e+00	0.00e+00	1.9036e+02
1.41974e+17	4.0417e+03	7.088e-20	5.9948e+02	5.1454e+01	6.8709e-07	9.3031e-01	6.9688e-02	8.2263e-01	1.7126e-01	6.1147e-03	3.1595e-09	1.6632e-03	9.8060e-01	1.7737e-02	2.0876e-06	9.4484e-01	5.5149e-02	1.2046e-05	1.1755e-36	1.1755e-36	1.1755e-36	1.2608e-14	0.00e+00	0.00e+00	1.9280e+02
1.42641e+17	3.9860e+03	6.974e-20	5.9948e+02	5.0874e+01	7.6011e-07	9.3117e-01	6.8832e-02	8.2475e-01	1.6927e-01	5.9804e-03	3.3852e-09	1.6518e-03	9.8077e-01	1.7571e-02	2.0854e-06	9.4556e-01	5.4426e-02	1.1878e-05	1.1755e-36	1.1755e-36	1.1755e-36	1.4509e-14	0.00e+00	0.00e+00	1.9506e+02
###########################
1.13038e+13	9.7605e+03	2.092e-18	5.9948e+02	6.5952e+02	2.0805e-13	1.7493e-02	9.8251e-01	1.2329e-02	6.4305e-01	3.4462e-01	4.4342e-15	1.5073e-03	2.5190e-01	7.2602e-01	2.0340e-02	8.4105e-03	4.0275e-01	5.5862e-01	2.9902e-02	3.2463e-04	3.5695e-07	7.7783e-23	0.00e+00	0.00e+00	1.4968e-03
6.78226e+13	9.7486e+03	2.086e-18	5.9948e+02	6.5844e+02	2.0788e-13	1.7433e-02	9.8257e-01	1.2305e-02	6.4284e-01	3.4485e-01	4.3787e-15	1.4937e-03	2.5155e-01	7.2628e-01	2.0430e-02	8.3512e-03	4.0129e-01	5.6003e-01	3.0006e-02	3.2588e-04	3.5934e-07	7.6529e-23	0.00e+00	0.00e+00	7.4635e-03
2.93898e+14	9.7333e+03	2.074e-18	5.9948e+02	6.5813e+02	2.0712e-13	1.7338e-02	9.8266e-01	1.2298e-02	6.4344e-01	3.4426e-01	4.2853e-15	1.4859e-03	2.5122e-01	7.2658e-01	2.0469e-02	8.2408e-03	3.9814e-01	5.6325e-01	3.0047e-02	3.2527e-04	3.6083e-07	7.4575e-23	0.00e+00	0.00e+00	3.1201e-02
1.19820e+15	9.6824e+03	2.047e-18	5.9948e+02	6.5798e+02	2.0909e-13	1.7210e-02	9.8279e-01	1.2348e-02	6.4768e-01	3.3997e-01	4.0979e-15	1.4764e-03	2.5065e-01	7.2732e-01	2.0321e-02	8.0112e-03	3.8981e-01	5.7222e-01	2.9640e-02	3.1627e-04	3.5520e-07	7.1183e-23	0.00e+00	0.00e+00	1.2544e-01
2.86211e+15	9.4949e+03	1.957e-18	5.9948e+02	6.5843e+02	2.0142e-13	1.6226e-02	9.8377e-01	1.2278e-02	6.4941e-01	3.3831e-01	3.3556e-15	1.4157e-03	2.4856e-01	7.2875e-01	2.1030e-02	7.0536e-03	3.6415e-01	5.9760e-01	3.0883e-02	3.2069e-04	3.8338e-07	5.5123e-23	0.00e+00	0.00e+00	2.4096e-01
5.02520e+15	9.3461e+03	1.888e-18	5.9948e+02	6.5851e+02	1.9935e-13	1.5641e-02	9.8436e-01	1.2336e-02	6.5593e-01	3.3174e-01	2.9171e-15	1.3805e-03	2.4738e-01	7.2987e-01	2.1127e-02	6.4861e-03	3.4730e-01	6.1529e-01	3.0618e-02	3.0795e-04	3.8523e-07	4.6481e-23	0.00e+00	0.00e+00	3.8572e-01
7.83722e+15	9.2240e+03	1.830e-18	5.9948e+02	6.5805e+02	2.0348e-13	1.5381e-02	9.8462e-01	1.2539e-02	6.6785e-01	3.1961e-01	2.6733e-15	1.3669e-03	2.4715e-01	7.3064e-01	2.0612e-02	6.2029e-03	3.3747e-01	6.2716e-01	2.8887e-02	2.7963e-04	3.6090e-07	4.2291e-23	0.00e+00	0.00e+00	5.7077e-01
1.14928e+16	9.1210e+03	1.786e-18	5.9948e+02	6.5719e+02	2.1753e-13	1.5528e-02	9.8447e-01	1.2980e-02	6.8690e-01	3.0012e-01	2.6395e-15	1.3845e-03	2.4870e-01	7.3036e-01	1.9348e-02	6.2545e-03	3.3648e-01	6.3148e-01	2.5547e-02	2.3600e-04	3.0859e-07	4.2630e-23	0.00e+00	0.00e+00	8.1363e-01
1.60987e+16	9.0630e+03	1.752e-18	5.9948e+02	6.5535e+02	2.4297e-13	1.6168e-02	9.8383e-01	1.3694e-02	7.1311e-01	2.7320e-01	2.8576e-15	1.4415e-03	2.5249e-01	7.2851e-01	1.7389e-02	6.7298e-03	3.4674e-01	6.2544e-01	2.0906e-02	1.8328e-04	2.3713e-07	4.8614e-23	0.00e+00	0.00e+00	1.1244e+00
2.10774e+16	9.0410e+03	1.735e-18	5.9948e+02	6.5307e+02	2.8236e-13	1.7304e-02	9.8270e-01	1.4603e-02	7.4223e-01	2.4317e-01	3.3639e-15	1.5334e-03	2.5806e-01	7.2510e-01	1.5167e-02	7.6473e-03	3.6683e-01	6.0918e-01	1.6201e-02	1.3542e-04	1.6888e-07	6.1806e-23	0.00e+00	0.00e+00	1.4439e+00
2.63060e+16	9.0616e+03	1.740e-18	5.9948e+02	6.4993e+02	3.5199e-13	1.9318e-02	9.8068e-01	1.5888e-02	7.7357e-01	2.1054e-01	4.5391e-15	1.6939e-03	2.6744e-01	7.1810e-01	1.2650e-02	9.4060e-03	4.0208e-01	5.7685e-01	1.1575e-02	9.3061e-05	1.1755e-36	9.2991e-23	0.00e+00	0.00e+00	1.8519e+00
3.10669e+16	9.1246e+03	1.763e-18	5.9948e+02	6.4717e+02	4.3824e-13	2.1755e-02	9.7824e-01	1.7104e-02	7.9962e-01	1.8327e-01	6.2490e-15	1.8654e-03	2.7652e-01	7.1094e-01	1.0593e-02	1.1653e-02	4.4006e-01	5.3996e-01	8.2658e-03	6.5338e-05	1.1755e-36	1.4390e-22	0.00e+00	0.00e+00	2.1765e+00
3.44634e+16	9.1881e+03	1.789e-18	5.9948e+02	6.4457e+02	5.2756e-13	2.4089e-02	9.7591e-01	1.8120e-02	8.1686e-01	1.6502e-01	8.2486e-15	2.0207e-03	2.8444e-01	7.0428e-01	9.1850e-03	1.3920e-02	4.7261e-01	5.0713e-01	6.2962e-03	4.9812e-05	1.1755e-36	2.0897e-22	0.00e+00	0.00e+00	2.4364e+00
3.72295e+16	9.2508e+03	1.815e-18	5.9948e+02	6.4254e+02	6.2347e-13	2.6423e-02	9.7358e-01	1.9064e-02	8.2997e-01	1.5097e-01	1.0649e-14	2.1725e-03	2.9214e-01	6.9753e-01	8.0897e-03	1.6291e-02	5.0216e-01	4.7657e-01	4.9350e-03	3.9422e-05	1.1755e-36	2.9327e-22	0.00e+00	0.00e+00	2.7046e+00
4.03139e+16	9.3150e+03	1.849e-18	5.9948e+02	6.4045e+02	7.6937e-13	2.9574e-02	9.7043e-01	2.0276e-02	8.4370e-01	1.3602e-01	1.4562e-14	2.3718e-03	3.0215e-01	6.8849e-01	6.9343e-03	1.9601e-02	5.3690e-01	4.3980e-01	3.6766e-03	3.0021e-05	1.1755e-36	4.4286e-22	0.00e+00	0.00e+00	3.0949e+00
4.37737e+16	9.3995e+03	1.891e-18	5.9948e+02	6.3687e+02	9.8574e-13	3.3853e-02	9.6615e-01	2.1780e-02	8.5699e-01	1.2123e-01	2.1096e-14	2.6208e-03	3.1452e-01	6.7703e-01	5.7831e-03	2.4337e-02	5.7837e-01	3.9469e-01	2.5836e-03	2.2072e-05	1.1755e-36	7.1934e-22	0.00e+00	0.00e+00	3.5348e+00
4.69108e+16	9.4858e+03	1.938e-18	5.9948e+02	6.3296e+02	1.2585e-12	3.8676e-02	9.6132e-01	2.3294e-02	8.6739e-01	1.0931e-01	3.0176e-14	2.8717e-03	3.2671e-01	6.6554e-01	4.8484e-03	2.9834e-02	6.1613e-01	3.5218e-01	1.8328e-03	1.6644e-05	1.1755e-36	1.1515e-21	0.00e+00	0.00e+00	3.9507e+00
4.95894e+16	9.5653e+03	1.985e-18	5.9948e+02	6.3013e+02	1.5768e-12	4.3702e-02	9.5630e-01	2.4708e-02	8.7527e-01	1.0003e-01	4.1759e-14	3.1134e-03	3.3814e-01	6.5459e-01	4.1232e-03	3.5648e-02	6.4691e-01	3.1609e-01	1.3416e-03	1.3031e-05	1.1755e-36	1.7700e-21	0.00e+00	0.00e+00	4.3669e+00
5.24825e+16	9.6364e+03	2.029e-18	5.9948e+02	6.2539e+02	2.0515e-12	5.0182e-02	9.4982e-01	2.6608e-02	8.8275e-01	9.0641e-02	6.0397e-14	3.4107e-03	3.5297e-01	6.4018e-01	3.4135e-03	4.3432e-02	6.8023e-01	2.7540e-01	9.2989e-04	9.8925e-06	1.1755e-36	2.8572e-21	0.00e+00	0.00e+00	4.9881e+00
5.56156e+16	9.7208e+03	2.084e-18	5.9948e+02	6.1981e+02	2.7789e-12	5.8850e-02	9.4115e-01	2.8878e-02	8.8931e-01	8.1809e-02	9.1592e-14	3.7579e-03	3.7016e-01	6.2331e-01	2.7482e-03	5.3948e-02	7.1228e-01	2.3315e-01	6.1208e-04	7.3240e-06	1.1755e-36	4.9327e-21	0.00e+00	0.00e+00	5.6554e+00
5.83507e+16	9.7836e+03	2.138e-18	5.9948e+02	6.1481e+02	3.7387e-12	6.8436e-02	9.3156e-01	3.1227e-02	8.9392e-01	7.4855e-02	1.3550e-13	4.1029e-03	3.8734e-01	6.0631e-01	2.2339e-03	6.5644e-02	7.3624e-01	1.9769e-01	4.1296e-04	5.5628e-06	1.1755e-36	8.2616e-21	0.00e+00	0.00e+00	6.2964e+00
6.07291e+16	9.8413e+03	2.169e-18	5.9948e+02	6.0649e+02	4.8662e-12	7.8244e-02	9.2176e-01	3.3664e-02	8.9684e-01	6.9494e-02	1.9071e-13	4.4065e-03	4.0389e-01	5.8984e-01	1.8483e-03	7.7827e-02	7.5406e-01	1.6782e-01	2.8679e-04	4.3393e-06	1.1755e-36	1.2885e-20	0.00e+00	0.00e+00	6.9724e+00
6.33540e+16	9.8782e+03	2.205e-18	5.9948e+02	5.9820e+02	6.6890e-12	9.1309e-02	9.0869e-01	3.6851e-02	8.9940e-01	6.3750e-02	2.8380e-13	4.7851e-03	4.2472e-01	5.6901e-01	1.4743e-03	9.3982e-02	7.6772e-01	1.3810e-01	1.8764e-04	3.2557e-06	1.1755e-36	2.1632e-20	0.00e+00	0.00e+00	7.9979e+00
6.60470e+16	9.9149e+03	2.241e-18	5.9948e+02	5.8808e+02	9.5262e-12	1.0824e-01	8.9176e-01	4.0692e-02	9.0056e-01	5.8751e-02	4.3746e-13	5.1951e-03	4.4840e-01	5.4525e-01	1.1477e-03	1.1483e-01	7.7501e-01	1.1004e-01	1.1769e-04	2.3662e-06	1.1755e-36	3.8192e-20	0.00e+00	0.00e+00	8.9890e+00
6.81117e+16	9.9418e+03	2.258e-18	5.9948e+02	5.7755e+02	1.2714e-11	1.2411e-01	8.7589e-01	4.4206e-02	9.0043e-01	5.5364e-02	6.1770e-13	5.5103e-03	4.6840e-01	5.2515e-01	9.3377e-04	1.3425e-01	7.7508e-01	9.0586e-02	8.0417e-05	1.8181e-06	1.1755e-36	6.0164e-20	0.00e+00	0.00e+00	9.7926e+00
6.96977e+16	9.9515e+03	2.266e-18	5.9948e+02	5.6886e+02	1.6049e-11	1.3818e-01	8.6182e-01	4.7359e-02	8.9976e-01	5.2881e-02	8.1171e-13	5.7635e-03	4.8537e-01	5.0807e-01	7.8935e-04	1.5137e-01	7.7142e-01	7.7151e-02	5.9265e-05	1.4669e-06	1.1755e-36	8.6176e-20	0.00e+00	0.00e+00	1.0557e+01
7.13783e+16	9.9530e+03	2.263e-18	5.9948e+02	5.5856e+02	2.0620e-11	1.5469e-01	8.4531e-01	5.1165e-02	8.9856e-01	5.0278e-02	1.0839e-12	6.0299e-03	5.0456e-01	4.8875e-01	6.5588e-04	1.7131e-01	7.6405e-01	6.4596e-02	4.2582e-05	1.1601e-06	1.1755e-36	1.2594e-19	0.00e+00	0.00e+00	1.1669e+01
7.32110e+16	9.9500e+03	2.256e-18	5.9948e+02	5.4616e+02	2.7501e-11	1.7580e-01	8.2420e-01	5.5867e-02	8.9632e-01	4.7815e-02	1.5041e-12	6.3126e-03	5.2674e-01	4.6641e-01	5.3038e-04	1.9652e-01	7.5111e-01	5.2341e-02	2.9229e-05	8.8091e-07	1.1755e-36	1.9431e-19	0.00e+00	0.00e+00	1.2844e+01
7.47895e+16	9.9432e+03	2.241e-18	5.9948e+02	5.3410e+02	3.5644e-11	1.9684e-01	8.0316e-01	6.0561e-02	8.9354e-01	4.5901e-02	2.0126e-12	6.5461e-03	5.4718e-01	4.4583e-01	4.3723e-04	2.2136e-01	7.3559e-01	4.3034e-02	2.0863e-05	6.8330e-07	1.1755e-36	2.8638e-19	0.00e+00	0.00e+00	1.3881e+01
7.60844e+16	9.9348e+03	2.216e-18	5.9948e+02	5.2233e+02	4.4027e-11	2.1542e-01	7.8458e-01	6.4841e-02	8.9069e-01	4.4468e-02	2.5404e-12	6.7094e-03	5.6447e-01	4.2845e-01	3.7199e-04	2.4308e-01	7.2047e-01	3.6429e-02	1.5802e-05	5.5210e-07	1.1755e-36	3.9016e-19	0.00e+00	0.00e+00	1.4858e+01
7.74625e+16	9.9125e+03	2.180e-18	5.9948e+02	5.0953e+02	5.5263e-11	2.3657e-01	7.6343e-01	7.0038e-02	8.8709e-01	4.2876e-02	3.2512e-12	6.8799e-03	5.8392e-01	4.0889e-01	3.1124e-04	2.6755e-01	7.0208e-01	3.0355e-02	1.1739e-05	4.3759e-07	1.1755e-36	5.4083e-19	0.00e+00	0.00e+00	1.6253e+01
7.89698e+16	9.8877e+03	2.133e-18	5.9948e+02	4.9407e+02	7.1297e-11	2.6232e-01	7.3768e-01	7.6298e-02	8.8235e-01	4.1356e-02	4.2736e-12	7.0330e-03	6.0548e-01	3.8723e-01	2.5476e-04	2.9696e-01	6.7847e-01	2.4556e-02	8.4258e-06	3.3462e-07	1.1755e-36	7.7991e-19	0.00e+00	0.00e+00	1.7700e+01
8.02954e+16	9.8671e+03	2.078e-18	5.9948e+02	4.7889e+02	8.8823e-11	2.8640e-01	7.1360e-01	8.2341e-02	8.7739e-01	4.0268e-02	5.3972e-12	7.1241e-03	6.2463e-01	3.6803e-01	2.1310e-04	3.2410e-01	6.5564e-01	2.0246e-02	6.3057e-06	2.6283e-07	1.1755e-36	1.0662e-18	0.00e+00	0.00e+00	1.8995e+01
8.14474e+16	9.8421e+03	2.022e-18	5.9948e+02	4.6519e+02	1.0722e-10	3.0797e-01	6.9203e-01	8.8203e-02	8.7247e-01	3.9326e-02	6.5715e-12	7.1858e-03	6.4169e-01	3.5094e-01	1.8203e-04	3.4814e-01	6.3479e-01	1.7066e-02	4.9222e-06	2.1264e-07	1.1755e-36	1.3865e-18	0.00e+00	0.00e+00	2.0288e+01
8.27231e+16	9.8024e+03	1.949e-18	5.9948e+02	4.4914e+02	1.3181e-10	3.3221e-01	6.6779e-01	9.5320e-02	8.6643e-01	3.8248e-02	8.1019e-12	7.2265e-03	6.6070e-01	3.3192e-01	1.5248e-04	3.7487e-01	6.1103e-01	1.4099e-02	3.7654e-06	1.6822e-07	1.1755e-36	1.8305e-18	0.00e+00	0.00e+00	2.2101e+01
8.41425e+16	9.7606e+03	1.865e-18	5.9948e+02	4.3109e+02	1.6609e-10	3.6138e-01	6.3862e-01	1.0397e-01	8.5882e-01	3.7210e-02	1.0255e-11	7.2392e-03	6.8173e-01	3.1090e-01	1.2470e-04	4.0655e-01	5.8218e-01	1.1274e-02	2.7910e-06	1.2798e-07	1.1755e-36	2.5139e-18	0.00e+00	0.00e+00	2.4012e+01
8.54325e+16	9.7102e+03	1.781e-18	5.9948e+02	4.1440e+02	2.0527e-10	3.8898e-01	6.1102e-01	1.1281e-01	8.5082e-01	3.6368e-02	1.2671e-11	7.2269e-03	7.0109e-01	2.9158e-01	1.0348e-04	4.3609e-01	5.5477e-01	9.1370e-03	2.1359e-06	1.1755e-36	1.1755e-36	3.3431e-18	0.00e+00	0.00e+00	2.5754e+01
8.65788e+16	9.6602e+03	1.702e-18	5.9948e+02	3.9985e+02	2.4611e-10	4.1335e-01	5.8665e-01	1.2154e-01	8.4286e-01	3.5598e-02	1.5168e-11	7.2021e-03	7.1834e-01	2.7437e-01	8.7507e-05	4.6186e-01	5.3057e-01	7.5698e-03	1.6999e-06	1.1755e-36	1.1755e-36	4.2541e-18	0.00e+00	0.00e+00	2.7490e+01
8.77429e+16	9.6068e+03	1.616e-18	5.9948e+02	3.8465e+02	2.9437e-10	4.3787e-01	5.6213e-01	1.3110e-01	8.3408e-01	3.4825e-02	1.8062e-11	7.1500e-03	7.3545e-01	2.5732e-01	7.3721e-05	4.8747e-01	5.0628e-01	6.2423e-03	1.3600e-06	1.1755e-36	1.1755e-36	5.3722e-18	0.00e+00	0.00e+00	2.9510e+01
8.89691e+16	9.5470e+03	1.525e-18	5.9948e+02	3.6837e+02	3.5522e-10	4.6429e-01	5.3571e-01	1.4188e-01	8.2402e-01	3.4100e-02	2.1643e-11	7.0649e-03	7.5292e-01	2.3996e-01	6.1461e-05	5.1472e-01	4.8021e-01	5.0674e-03	1.0814e-06	1.1755e-36	1.1755e-36	6.8511e-18	0.00e+00	0.00e+00	3.1678e+01
9.01445e+16	9.4862e+03	1.435e-18	5.9948e+02	3.5249e+02	4.2389e-10	4.8953e-01	5.1047e-01	1.5295e-01	8.1356e-01	3.3491e-02	2.5576e-11	6.9546e-03	7.6906e-01	2.2393e-01	5.1636e-05	5.4044e-01	4.5542e-01	4.1359e-03	8.7591e-07	1.1755e-36	1.1755e-36	8.5739e-18	0.00e+00	0.00e+00	3.3748e+01
9.11987e+16	9.4279e+03	1.354e-18	5.9948e+02	3.3839e+02	4.9409e-10	5.1150e-01	4.8850e-01	1.6363e-01	8.0341e-01	3.2963e-02	2.9485e-11	6.8405e-03	7.8311e-01	2.1000e-01	4.4185e-05	5.6256e-01	4.3399e-01	3.4460e-03	7.3249e-07	1.1755e-36	1.1755e-36	1.0363e-17	0.00e+00	0.00e+00	3.5667e+01
9.21702e+16	9.3774e+03	1.278e-18	5.9948e+02	3.2553e+02	5.6479e-10	5.3085e-01	4.6915e-01	1.7400e-01	7.9353e-01	3.2470e-02	3.3363e-11	6.7222e-03	7.9557e-01	1.9767e-01	3.8300e-05	5.8187e-01	4.1521e-01	2.9144e-03	6.2708e-07	1.1755e-36	1.1755e-36	1.2203e-17	0.00e+00	0.00e+00	3.7579e+01
9.29648e+16	9.3321e+03	1.220e-18	5.9948e+02	3.1548e+02	6.3026e-10	5.4684e-01	4.5316e-01	1.8299e-01	7.8489e-01	3.2121e-02	3.6917e-11	6.6227e-03	8.0545e-01	1.8789e-01	3.4123e-05	5.9768e-01	3.9978e-01	2.5366e-03	5.5434e-07	1.1755e-36	1.1755e-36	1.3964e-17	0.00e+00	0.00e+00	3.8899e+01
9.35392e+16	9.2877e+03	1.178e-18	5.9948e+02	3.0890e+02	6.8168e-10	5.5747e-01	4.4253e-01	1.9018e-01	7.7805e-01	3.1774e-02	3.9560e-11	6.5636e-03	8.1269e-01	1.8072e-01	3.1370e-05	6.0814e-01	3.8956e-01	2.3024e-03	5.1053e-07	1.1755e-36	1.1755e-36	1.5262e-17	0.00e+00	0.00e+00	3.9978e+01
9.40988e+16	9.2385e+03	1.138e-18	5.9948e+02	3.0266e+02	7.3855e-10	5.6806e-01	4.3194e-01	1.9772e-01	7.7093e-01	3.1345e-02	4.2435e-11	6.5097e-03	8.1985e-01	1.7361e-01	2.8794e-05	6.1850e-01	3.7941e-01	2.0893e-03	4.7099e-07	1.1755e-36	1.1755e-36	1.6712e-17	0.00e+00	0.00e+00	4.1285e+01
9.47634e+16	9.2004e+03	1.089e-18	5.9948e+02	2.9414e+02	8.0449e-10	5.8032e-01	4.1968e-01	2.0607e-01	7.6295e-01	3.0977e-02	4.5785e-11	6.4077e-03	8.2756e-01	1.6600e-01	2.6094e-05	6.3043e-01	3.6771e-01	1.8593e-03	4.2910e-07	1.1755e-36	1.1755e-36	1.8437e-17	0.00e+00	0.00e+00	4.2870e+01
9.54930e+16	9.1471e+03	1.037e-18	5.9948e+02	2.8503e+02	8.9169e-10	5.9482e-01	4.0518e-01	2.1570e-01	7.5369e-01	3.0605e-02	5.0101e-11	6.2953e-03	8.3581e-01	1.5787e-01	2.3399e-05	6.4445e-01	3.5393e-01	1.6283e-03	3.8662e-07	1.1755e-36	1.1755e-36	2.0776e-17	0.00e+00	0.00e+00	4.4530e+01
9.61791e+16	9.1000e+03	9.909e-19	5.9948e+02	2.7669e+02	9.7992e-10	6.0840e-01	3.9160e-01	2.2509e-01	7.4463e-01	3.0280e-02	5.4496e-11	6.1864e-03	8.4328e-01	1.5051e-01	2.1143e-05	6.5746e-01	3.4110e-01	1.4355e-03	3.5138e-07	1.1755e-36	1.1755e-36	2.3240e-17	0.00e+00	0.00e+00	4.5992e+01
9.67846e+16	9.0630e+03	9.500e-19	5.9948e+02	2.6934e+02	1.0576e-09	6.1923e-01	3.8077e-01	2.3348e-01	7.3651e-01	3.0006e-02	5.8271e-11	6.0848e-03	8.4956e-01	1.4433e-01	1.9378e-05	6.6781e-01	3.3090e-01	1.2889e-03	3.2517e-07	1.1755e-36	1.1755e-36	2.5349e-17	0.00e+00	0.00e+00	4.7343e+01
9.73952e+16	9.0088e+03	9.104e-19	5.9948e+02	2.6246e+02	1.1513e-09	6.3052e-01	3.6948e-01	2.4288e-01	7.2750e-01	2.9625e-02	6.2608e-11	5.9933e-03	8.5607e-01	1.3792e-01	1.7687e-05	6.7853e-01	3.2032e-01	1.1533e-03	3.0063e-07	1.1755e-36	1.1755e-36	2.7814e-17	0.00e+00	0.00e+00	4.8882e+01
9.80606e+16	8.9600e+03	8.678e-19	5.9948e+02	2.5459e+02	1.2577e-09	6.4272e-01	3.5728e-01	2.5289e-01	7.1782e-01	2.9293e-02	6.7554e-11	5.8779e-03	8.6267e-01	1.3144e-01	1.6049e-05	6.9005e-01	3.0893e-01	1.0202e-03	2.7642e-07	1.1755e-36	1.1755e-36	3.0720e-17	0.00e+00	0.00e+00	5.0551e+01
9.87373e+16	8.9113e+03	8.259e-19	5.9948e+02	2.4663e+02	1.3747e-09	6.5507e-01	3.4493e-01	2.6321e-01	7.0780e-01	2.8989e-02	7.2921e-11	5.7544e-03	8.6906e-01	1.2517e-01	1.4564e-05	7.0164e-01	2.9746e-01	8.9969e-04	2.5425e-07	1.1755e-36	1.1755e-36	3.3958e-17	0.00e+00	0.00e+00	5.2205e+01
9.93872e+16	8.8607e+03	7.870e-19	5.9948e+02	2.3915e+02	1.4970e-09	6.6651e-01	3.3348e-01	2.7346e-01	6.9785e-01	2.8688e-02	7.8315e-11	5.6354e-03	8.7498e-01	1.1938e-01	1.3286e-05	7.1232e-01	2.8688e-01	7.9801e-04	2.3539e-07	1.1755e-36	1.1755e-36	3.7245e-17	0.00e+00	0.00e+00	5.3801e+01
1.00021e+17	8.8114e+03	7.504e-19	5.9948e+02	2.3212e+02	1.6235e-09	6.7725e-01	3.2275e-01	2.8385e-01	6.8778e-01	2.8368e-02	8.3817e-11	5.5214e-03	8.8058e-01	1.1388e-01	1.2157e-05	7.2229e-01	2.7700e-01	7.1028e-04	2.1900e-07	1.1755e-36	1.1755e-36	4.0627e-17	0.00e+00	0.00e+00	5.5429e+01
1.00673e+17	8.7608e+03	7.138e-19	5.9948e+02	2.2492e+02	1.7634e-09	6.8799e-01	3.1201e-01	2.9468e-01	6.7728e-01	2.8041e-02	8.9739e-11	5.4008e-03	8.8609e-01	1.0850e-01	1.1112e-05	7.3223e-01	2.6714e-01	6.3010e-04	2.0377e-07	1.1755e-36	1.1755e-36	4.4320e-17	0.00e+00	0.00e+00	5.7170e+01
1.01352e+17	8.6971e+03	6.775e-19	5.9948e+02	2.1771e+02	1.9338e-09	6.9958e-01	3.0042e-01	3.0662e-01	6.6571e-01	2.7669e-02	9.6716e-11	5.2784e-03	8.9172e-01	1.0299e-01	1.0118e-05	7.4288e-01	2.5656e-01	5.5457e-04	1.8883e-07	1.1755e-36	1.1755e-36	4.8799e-17	0.00e+00	0.00e+00	5.8998e+01
1.02023e+17	8.6557e+03	6.426e-19	5.9948e+02	2.1041e+02	2.0897e-09	7.1000e-01	2.9000e-01	3.1781e-01	6.5478e-01	2.7417e-02	1.0327e-10	5.1446e-03	8.9674e-01	9.8103e-02	9.2737e-06	7.5242e-01	2.4709e-01	4.9034e-04	1.7610e-07	1.1755e-36	1.1755e-36	5.3022e-17	0.00e+00	0.00e+00	6.0746e+01
1.02681e+17	8.5898e+03	6.102e-19	5.9948e+02	2.0370e+02	2.2814e-09	7.2024e-01	2.7976e-01	3.2981e-01	6.4315e-01	2.7047e-02	1.1049e-10	5.0250e-03	9.0170e-01	9.3264e-02	8.5102e-06	7.6175e-01	2.3782e-01	4.3446e-04	1.6458e-07	1.1755e-36	1.1755e-36	5.7676e-17	0.00e+00	0.00e+00	6.2560e+01
1.03353e+17	8.5279e+03	5.786e-19	5.9948e+02	1.9709e+02	2.4873e-09	7.3054e-01	2.6946e-01	3.4233e-01	6.3100e-01	2.6666e-02	1.1836e-10	4.9033e-03	9.0654e-01	8.8551e-02	7.8101e-06	7.7109e-01	2.2853e-01	3.8361e-04	1.5373e-07	1.1755e-36	1.1755e-36	6.2872e-17	0.00e+00	0.00e+00	6.4437e+01
1.04029e+17	8.4686e+03	5.481e-19	5.9948e+02	1.9047e+02	2.7057e-09	7.4043e-01	2.5957e-01	3.5486e-01	6.1883e-01	2.6317e-02	1.2646e-10	4.7772e-03	9.1109e-01	8.4126e-02	7.1887e-06	7.8001e-01	2.1965e-01	3.3890e-04	1.4391e-07	1.1755e-36	1.1755e-36	6.8236e-17	0.00e+00	0.00e+00	6.6324e+01
1.04705e+17	8.4055e+03	5.190e-19	5.9948e+02	1.8405e+02	2.9450e-09	7.4996e-01	2.5004e-01	3.6767e-01	6.0638e-01	2.5947e-02	1.3494e-10	4.6529e-03	9.1544e-01	7.9899e-02	6.6333e-06	7.8857e-01	2.1113e-01	2.9970e-04	1.3499e-07	1.1755e-36	1.1755e-36	7.3858e-17	0.00e+00	0.00e+00	6.8252e+01
1.05392e+17	8.3433e+03	4.909e-19	5.9948e+02	1.7774e+02	3.2034e-09	7.5930e-01	2.4070e-01	3.8088e-01	5.9356e-01	2.5565e-02	1.4396e-10	4.5283e-03	9.1963e-01	7.5830e-02	6.1301e-06	7.9692e-01	2.0281e-01	2.6469e-04	1.2672e-07	1.1755e-36	1.1755e-36	7.9893e-17	0.00e+00	0.00e+00	7.0247e+01
1.06092e+17	8.2761e+03	4.637e-19	5.9948e+02	1.7143e+02	3.4950e-09	7.6850e-01	2.3150e-01	3.9438e-01	5.8044e-01	2.5177e-02	1.5360e-10	4.4017e-03	9.2366e-01	7.1931e-02	5.6759e-06	8.0512e-01	1.9464e-01	2.3349e-04	1.1755e-36	1.1755e-36	1.1755e-36	8.6365e-17	0.00e+00	0.00e+00	7.2300e+01
1.06799e+17	8.2016e+03	4.378e-19	5.9948e+02	1.6535e+02	3.8267e-09	7.7764e-01	2.2236e-01	4.0845e-01	5.6680e-01	2.4748e-02	1.6407e-10	4.2779e-03	9.2756e-01	6.8160e-02	5.2658e-06	8.1324e-01	1.8655e-01	2.0576e-04	1.1755e-36	1.1755e-36	1.1755e-36	9.3457e-17	0.00e+00	0.00e+00	7.4388e+01
1.07503e+17	8.1315e+03	4.134e-19	5.9948e+02	1.5942e+02	4.1719e-09	7.8613e-01	2.1387e-01	4.2230e-01	5.5336e-01	2.4347e-02	1.7454e-10	4.1544e-03	9.3116e-01	6.4682e-02	4.9086e-06	8.2075e-01	1.7907e-01	1.8193e-04	1.1755e-36	1.1755e-36	1.1755e-36	1.0046e-16	0.00e+00	0.00e+00	7.6465e+01
1.08211e+17	8.0590e+03	3.902e-19	5.9948e+02	1.5377e+02	4.5500e-09	7.9428e-01	2.0572e-01	4.3655e-01	5.3955e-01	2.3902e-02	1.8562e-10	4.0356e-03	9.3461e-01	6.1347e-02	4.5876e-06	8.2793e-01	1.7191e-01	1.6101e-04	1.1755e-36	1.1755e-36	1.1755e-36	1.0784e-16	0.00e+00	0.00e+00	7.8626e+01
1.08945e+17	7.9770e+03	3.676e-19	5.9948e+02	1.4805e+02	4.9982e-09	8.0252e-01	1.9748e-01	4.5133e-01	5.2523e-01	2.3432e-02	1.9782e-10	3.9144e-03	9.3798e-01	5.8104e-02	4.2933e-06	8.3516e-01	1.6469e-01	1.4204e-04	1.1755e-36	1.1755e-36	1.1755e-36	1.1607e-16	0.00e+00	0.00e+00	8.0902e+01
1.09695e+17	7.8955e+03	3.460e-19	5.9948e+02	1.4244e+02	5.4885e-09	8.1063e-01	1.8937e-01	4.6634e-01	5.1070e-01	2.2964e-02	2.1075e-10	3.7921e-03	9.4117e-01	5.5035e-02	4.0296e-06	8.4226e-01	1.5762e-01	1.2518e-04	1.1755e-36	1.1755e-36	1.1755e-36	1.2479e-16	0.00e+00	0.00e+00	8.3204e+01
1.10441e+17	7.8145e+03	3.259e-19	5.9948e+02	1.3711e+02	6.0148e-09	8.1811e-01	1.8189e-01	4.8119e-01	4.9632e-01	2.2490e-02	2.2385e-10	3.6749e-03	9.4412e-01	5.2199e-02	3.8005e-06	8.4878e-01	1.5111e-01	1.1081e-04	1.1755e-36	1.1755e-36	1.1755e-36	1.3351e-16	0.00e+00	0.00e+00	8.5498e+01
1.11192e+17	7.7250e+03	3.070e-19	5.9948e+02	1.3203e+02	6.6233e-09	8.2528e-01	1.7472e-01	4.9636e-01	4.8167e-01	2.1963e-02	2.3785e-10	3.5636e-03	9.4694e-01	4.9494e-02	3.5961e-06	8.5501e-01	1.4489e-01	9.8292e-05	1.1755e-36	1.1755e-36	1.1755e-36	1.4281e-16	0.00e+00	0.00e+00	8.7880e+01
1.11970e+17	7.6368e+03	2.887e-19	5.9948e+02	1.2692e+02	7.2907e-09	8.3225e-01	1.6775e-01	5.1167e-01	4.6688e-01	2.1448e-02	2.5241e-10	3.4486e-03	9.4962e-01	4.6932e-02	3.4114e-06	8.6106e-01	1.3885e-01	8.7090e-05	1.1755e-36	1.1755e-36	1.1755e-36	1.5235e-16	0.00e+00	0.00e+00	9.0378e+01
1.12761e+17	7.5515e+03	2.715e-19	5.9948e+02	1.2202e+02	8.0128e-09	8.3900e-01	1.6100e-01	5.2689e-01	4.5218e-01	2.0932e-02	2.6775e-10	3.3365e-03	9.5211e-01	4.4547e-02	3.2479e-06	8.6689e-01	1.3304e-01	7.7255e-05	1.1755e-36	1.1755e-36	1.1755e-36	1.6255e-16	0.00e+00	0.00e+00	9.2882e+01
1.13548e+17	7.4498e+03	2.557e-19	5.9948e+02	1.1755e+02	8.8958e-09	8.4552e-01	1.5448e-01	5.4243e-01	4.3724e-01	2.0330e-02	2.8474e-10	3.2358e-03	9.5447e-01	4.2289e-02	3.1042e-06	8.7251e-01	1.2742e-01	6.8806e-05	1.1755e-36	1.1755e-36	1.1755e-36	1.7418e-16	0.00e+00	0.00e+00	9.5395e+01
1.14350e+17	7.3503e+03	2.407e-19	5.9948e+02	1.1299e+02	9.8488e-09	8.5132e-01	1.4868e-01	5.5746e-01	4.2275e-01	1.9786e-02	3.0067e-10	3.1298e-03	9.5664e-01	4.0223e-02	2.9785e-06	8.7750e-01	1.2244e-01	6.1554e-05	1.1755e-36	1.1755e-36	1.1755e-36	1.8429e-16	0.00e+00	0.00e+00	9.8035e+01
1.15165e+17	7.2404e+03	2.267e-19	5.9948e+02	1.0877e+02	1.1008e-08	8.5733e-01	1.4267e-01	5.7275e-01	4.0807e-01	1.9174e-02	3.1939e-10	3.0329e-03	9.5870e-01	3.8263e-02	2.8658e-06	8.8266e-01	1.1729e-01	5.5062e-05	1.1755e-36	1.1755e-36	1.1755e-36	1.9737e-16	0.00e+00	0.00e+00	1.0067e+02
1.15956e+17	7.1359e+03	2.143e-19	5.9948e+02	1.0490e+02	1.2229e-08	8.6250e-01	1.3750e-01	5.8702e-01	3.9438e-01	1.8601e-02	3.3711e-10	2.9425e-03	9.6051e-01	3.6547e-02	2.7721e-06	8.8709e-01	1.1286e-01	4.9757e-05	1.1755e-36	1.1755e-36	1.1755e-36	2.0949e-16	0.00e+00	0.00e+00	1.0318e+02
1.16726e+17	7.0302e+03	2.031e-19	5.9948e+02	1.0142e+02	1.3581e-08	8.6711e-01	1.3289e-01	6.0089e-01	3.8111e-01	1.8003e-02	3.5505e-10	2.8617e-03	9.6216e-01	3.4979e-02	2.6915e-06	8.9103e-01	1.0893e-01	4.5315e-05	1.1755e-36	1.1755e-36	1.1755e-36	2.2186e-16	0.00e+00	0.00e+00	1.0571e+02
1.17499e+17	6.9240e+03	1.926e-19	5.9948e+02	9.8084e+01	1.5104e-08	8.7149e-01	1.2851e-01	6.1423e-01	3.6834e-01	1.7424e-02	3.7363e-10	2.7833e-03	9.6367e-01	3.3547e-02	2.6206e-06	8.9478e-01	1.0518e-01	4.1416e-05	1.1755e-36	1.1755e-36	1.1755e-36	2.3518e-16	0.00e+00	0.00e+00	1.0827e+02
1.18270e+17	6.8186e+03	1.831e-19	5.9948e+02	9.4965e+01	1.6803e-08	8.7565e-01	1.2435e-01	6.2708e-01	3.5607e-01	1.6852e-02	3.9311e-10	2.7096e-03	9.6505e-01	3.2240e-02	2.5581e-06	8.9833e-01	1.0164e-01	3.8003e-05	1.1755e-36	1.1755e-36	1.1755e-36	2.4988e-16	0.00e+00	0.00e+00	1.1081e+02
1.19034e+17	6.7127e+03	1.743e-19	5.9948e+02	9.2019e+01	1.8707e-08	8.7945e-01	1.2055e-01	6.3926e-01	3.4444e-01	1.6301e-02	4.1276e-10	2.6396e-03	9.6630e-01	3.1061e-02	2.5041e-06	9.0156e-01	9.8404e-02	3.5076e-05	1.1755e-36	1.1755e-36	1.1755e-36	2.6526e-16	0.00e+00	0.00e+00	1.1334e+02
1.19787e+17	6.6018e+03	1.662e-19	5.9948e+02	8.9234e+01	2.0925e-08	8.8294e-01	1.1706e-01	6.5079e-01	3.3344e-01	1.5768e-02	4.3291e-10	2.5735e-03	9.6742e-01	3.0003e-02	2.4578e-06	9.0453e-01	9.5434e-02	3.2567e-05	1.1755e-36	1.1755e-36	1.1755e-36	2.8198e-16	0.00e+00	0.00e+00	1.1583e+02
1.20512e+17	6.5065e+03	1.592e-19	5.9948e+02	8.6833e+01	2.3114e-08	8.8604e-01	1.1396e-01	6.6144e-01	3.2329e-01	1.5263e-02	4.5302e-10	2.5159e-03	9.6841e-01	2.9069e-02	2.4179e-06	9.0717e-01	9.2798e-02	3.0433e-05	1.1755e-36	1.1755e-36	1.1755e-36	2.9948e-16	0.00e+00	0.00e+00	1.1820e+02
1.21236e+17	6.4038e+03	1.525e-19	5.9948e+02	8.4481e+01	2.5702e-08	8.8878e-01	1.1122e-01	6.7173e-01	3.1351e-01	1.4762e-02	4.7339e-10	2.4595e-03	9.6934e-01	2.8199e-02	2.3829e-06	9.0951e-01	9.0465e-02	2.8588e-05	1.1755e-36	1.1755e-36	1.1755e-36	3.1796e-16	0.00e+00	0.00e+00	1.2070e+02
1.21977e+17	6.2959e+03	1.462e-19	5.9948e+02	8.2249e+01	2.8830e-08	8.9185e-01	1.0815e-01	6.8184e-01	3.0390e-01	1.4255e-02	4.9805e-10	2.4064e-03	9.7021e-01	2.7384e-02	2.3505e-06	9.1211e-01	8.7864e-02	2.6823e-05	1.1755e-36	1.1755e-36	1.1755e-36	3.4338e-16	0.00e+00	0.00e+00	1.2319e+02
1.22687e+17	6.2071e+03	1.407e-19	5.9948e+02	8.0269e+01	3.1786e-08	8.9438e-01	1.0562e-01	6.9076e-01	2.9542e-01	1.3813e-02	5.2073e-10	2.3582e-03	9.7095e-01	2.6692e-02	2.3232e-06	9.1426e-01	8.5718e-02	2.5359e-05	1.1755e-36	1.1755e-36	1.1755e-36	3.6746e-16	0.00e+00	0.00e+00	1.2549e+02
1.23393e+17	6.1006e+03	1.355e-19	5.9948e+02	7.8374e+01	3.5651e-08	8.9667e-01	1.0333e-01	6.9974e-01	2.8692e-01	1.3336e-02	5.4635e-10	2.3134e-03	9.7166e-01	2.6022e-02	2.2993e-06	9.1621e-01	8.3771e-02	2.4093e-05	1.1755e-36	1.1755e-36	1.1755e-36	3.9715e-16	0.00e+00	0.00e+00	1.2798e+02
1.24096e+17	6.0151e+03	1.307e-19	5.9948e+02	7.6584e+01	3.9309e-08	8.9894e-01	1.0106e-01	7.0762e-01	2.7944e-01	1.2939e-02	5.7173e-10	2.2694e-03	9.7228e-01	2.5452e-02	2.2777e-06	9.1813e-01	8.1847e-02	2.2917e-05	1.1755e-36	1.1755e-36	1.1755e-36	4.2831e-16	0.00e+00	0.00e+00	1.3028e+02
1.24797e+17	5.9133e+03	1.263e-19	5.9948e+02	7.4919e+01	4.4085e-08	9.0099e-01	9.9013e-02	7.1572e-01	2.7178e-01	1.2496e-02	6.0150e-10	2.2300e-03	9.7288e-01	2.4890e-02	2.2587e-06	9.1987e-01	8.0107e-02	2.1899e-05	1.1755e-36	1.1755e-36	1.1755e-36	4.6808e-16	0.00e+00	0.00e+00	1.3275e+02
1.25494e+17	5.8312e+03	1.221e-19	5.9948e+02	7.3330e+01	4.8602e-08	9.0300e-01	9.7003e-02	7.2277e-01	2.6510e-01	1.2130e-02	6.3066e-10	2.1908e-03	9.7339e-01	2.4416e-02	2.2415e-06	9.2157e-01	7.8407e-02	2.0953e-05	1.1755e-36	1.1755e-36	1.1755e-36	5.0924e-16	0.00e+00	0.00e+00	1.3504e+02
1.26189e+17	5.7323e+03	1.183e-19	5.9948e+02	7.1853e+01	5.4584e-08	9.0482e-01	9.5183e-02	7.3006e-01	2.5822e-01	1.1719e-02	6.6600e-10	2.1560e-03	9.7390e-01	2.3943e-02	2.2265e-06	9.2312e-01	7.6859e-02	2.0131e-05	1.1755e-36	1.1755e-36	1.1755e-36	5.6364e-16	0.00e+00	0.00e+00	1.3751e+02
1.26878e+17	5.6546e+03	1.147e-19	5.9948e+02	7.0445e+01	6.0097e-08	9.0658e-01	9.3417e-02	7.3627e-01	2.5234e-01	1.1388e-02	6.9976e-10	2.1212e-03	9.7433e-01	2.3552e-02	2.2128e-06	9.2461e-01	7.5367e-02	1.9367e-05	1.1755e-36	1.1755e-36	1.1755e-36	6.1838e-16	0.00e+00	0.00e+00	1.3976e+02
1.27565e+17	5.5588e+03	1.114e-19	5.9948e+02	6.9146e+01	6.7585e-08	9.0819e-01	9.1812e-02	7.4284e-01	2.4616e-01	1.1005e-02	7.4248e-10	2.0909e-03	9.7476e-01	2.3150e-02	2.2009e-06	9.2598e-01	7.3999e-02	1.8702e-05	1.1755e-36	1.1755e-36	1.1755e-36	6.9380e-16	0.00e+00	0.00e+00	1.4222e+02
1.28247e+17	5.4855e+03	1.083e-19	5.9948e+02	6.7884e+01	7.4299e-08	9.0976e-01	9.0243e-02	7.4830e-01	2.4100e-01	1.0708e-02	7.8226e-10	2.0597e-03	9.7511e-01	2.2827e-02	2.1898e-06	9.2731e-01	7.2674e-02	1.8074e-05	1.1755e-36	1.1755e-36	1.1755e-36	7.6785e-16	0.00e+00	0.00e+00	1.4445e+02
1.28928e+17	5.3956e+03	1.053e-19	5.9948e+02	6.6693e+01	8.3353e-08	9.1110e-01	8.8896e-02	7.5407e-01	2.3556e-01	1.0368e-02	8.3237e-10	2.0317e-03	9.7548e-01	2.2491e-02	2.1804e-06	9.2846e-01	7.1522e-02	1.7538e-05	1.1755e-36	1.1755e-36	1.1755e-36	8.6881e-16	0.00e+00	0.00e+00	1.4692e+02
1.29616e+17	5.3225e+03	1.026e-19	5.9948e+02	6.5573e+01	9.2009e-08	9.1264e-01	8.7362e-02	7.5914e-01	2.3078e-01	1.0079e-02	8.8358e-10	2.0044e-03	9.7579e-01	2.2206e-02	2.1710e-06	9.2975e-01	7.0229e-02	1.6990e-05	1.1755e-36	1.1755e-36	1.1755e-36	9.7835e-16	0.00e+00	0.00e+00	1.4920e+02
1.30296e+17	5.2374e+03	9.997e-20	5.9948e+02	6.4482e+01	1.0314e-07	9.1387e-01	8.6129e-02	7.6424e-01	2.2599e-01	9.7752e-03	9.4510e-10	1.9789e-03	9.7609e-01	2.1929e-02	2.1635e-06	9.3081e-01	6.9175e-02	1.6540e-05	1.1755e-36	1.1755e-36	1.1755e-36	1.1208e-15	0.00e+00	0.00e+00	1.5162e+02
1.30970e+17	5.1666e+03	9.756e-20	5.9948e+02	6.3504e+01	1.1391e-07	9.1521e-01	8.4786e-02	7.6881e-01	2.2168e-01	9.5047e-03	1.0081e-09	1.9555e-03	9.7636e-01	2.1686e-02	2.1561e-06	9.3194e-01	6.8042e-02	1.6091e-05	1.1755e-36	1.1755e-36	1.1755e-36	1.2758e-15	0.00e+00	0.00e+00	1.5387e+02
1.31638e+17	5.0863e+03	9.529e-20	5.9948e+02	6.2531e+01	1.2748e-07	9.1630e-01	8.3696e-02	7.7335e-01	2.1742e-01	9.2288e-03	1.0836e-09	1.9330e-03	9.7661e-01	2.1453e-02	2.1501e-06	9.3288e-01	6.7108e-02	1.5718e-05	1.1755e-36	1.1755e-36	1.1755e-36	1.4770e-15	0.00e+00	0.00e+00	1.5625e+02
1.32304e+17	5.0186e+03	9.316e-20	5.9948e+02	6.1652e+01	1.4074e-07	9.1751e-01	8.2488e-02	7.7746e-01	2.1356e-01	8.9807e-03	1.1613e-09	1.9122e-03	9.7684e-01	2.1246e-02	2.1440e-06	9.3390e-01	6.6089e-02	1.5338e-05	1.1755e-36	1.1755e-36	1.1755e-36	1.6975e-15	0.00e+00	0.00e+00	1.5849e+02
1.32969e+17	4.9394e+03	9.112e-20	5.9948e+02	6.0747e+01	1.5787e-07	9.1853e-01	8.1465e-02	7.8156e-01	2.0972e-01	8.7269e-03	1.2455e-09	1.8917e-03	9.7715e-01	2.0955e-02	2.1381e-06	9.3477e-01	6.5211e-02	1.5018e-05	1.1755e-36	1.1755e-36	1.1755e-36	1.9476e-15	0.00e+00	0.00e+00	1.6087e+02
1.33626e+17	4.8734e+03	8.921e-20	5.9948e+02	5.9937e+01	1.7437e-07	9.1966e-01	8.0337e-02	7.8523e-01	2.0627e-01	8.5011e-03	1.3251e-09	1.8731e-03	9.7745e-01	2.0679e-02	2.1320e-06	9.3573e-01	6.4258e-02	1.4692e-05	1.1755e-36	1.1755e-36	1.1755e-36	2.1970e-15	0.00e+00	0.00e+00	1.6307e+02
1.34275e+17	4.7977e+03	8.742e-20	5.9948e+02	5.9128e+01	1.9544e-07	9.2057e-01	7.9429e-02	7.8893e-01	2.0280e-01	8.2679e-03	1.4182e-09	1.8553e-03	9.7775e-01	2.0389e-02	2.1270e-06	9.3651e-01	6.3477e-02	1.4424e-05	1.1755e-36	1.1755e-36	1.1755e-36	2.5114e-15	0.00e+00	0.00e+00	1.6539e+02
1.34918e+17	4.7363e+03	8.573e-20	5.9948e+02	5.8384e+01	2.1515e-07	9.2155e-01	7.8454e-02	7.9216e-01	1.9977e-01	8.0677e-03	1.5064e-09	1.8383e-03	9.7801e-01	2.0145e-02	2.1219e-06	9.3733e-01	6.2652e-02	1.4151e-05	1.1755e-36	1.1755e-36	1.1755e-36	2.8288e-15	0.00e+00	0.00e+00	1.6755e+02
1.35564e+17	4.6621e+03	8.409e-20	5.9948e+02	5.7648e+01	2.4179e-07	9.2244e-01	7.7560e-02	7.9564e-01	1.9651e-01	7.8441e-03	1.6177e-09	1.8228e-03	9.7831e-01	1.9868e-02	2.1175e-06	9.3810e-01	6.1883e-02	1.3910e-05	1.1755e-36	1.1755e-36	1.1755e-36	3.2611e-15	0.00e+00	0.00e+00	1.6990e+02
1.36208e+17	4.6024e+03	8.253e-20	5.9948e+02	5.6942e+01	2.6652e-07	9.2343e-01	7.6569e-02	7.9859e-01	1.9375e-01	7.6607e-03	1.7224e-09	1.8069e-03	9.7854e-01	1.9646e-02	2.1130e-06	9.3894e-01	6.1046e-02	1.3657e-05	1.1755e-36	1.1755e-36	1.1755e-36	3.6968e-15	0.00e+00	0.00e+00	1.7204e+02
1.36845e+17	4.5331e+03	8.105e-20	5.9948e+02	5.6254e+01	2.9838e-07	9.2421e-01	7.5793e-02	8.0169e-01	1.9085e-01	7.4612e-03	1.8470e-09	1.7925e-03	9.7881e-01	1.9399e-02	2.1095e-06	9.3961e-01	6.0376e-02	1.3453e-05	1.1755e-36	1.1755e-36	1.1755e-36	4.2541e-15	0.00e+00	0.00e+00	1.7435e+02
1.37484e+17	4.4761e+03	7.962e-20	5.9948e+02	5.5590e+01	3.2842e-07	9.2509e-01	7.4912e-02	8.0437e-01	1.8834e-01	7.2931e-03	1.9658e-09	1.7777e-03	9.7903e-01	1.9193e-02	2.1057e-06	9.4036e-01	5.9631e-02	1.3233e-05	1.1755e-36	1.1755e-36	1.1755e-36	4.8225e-15	0.00e+00	0.00e+00	1.7652e+02
1.38131e+17	4.4071e+03	7.822e-20	5.9948e+02	5.4932e+01	3.6894e-07	9.2591e-01	7.4092e-02	8.0732e-01	1.8558e-01	7.1018e-03	2.1166e-09	1.7644e-03	9.7928e-01	1.8953e-02	2.1024e-06	9.4106e-01	5.8926e-02	1.3038e-05	1.1755e-36	1.1755e-36	1.1755e-36	5.6009e-15	0.00e+00	0.00e+00	1.7889e+02
1.38777e+17	4.3514e+03	7.687e-20	5.9948e+02	5.4295e+01	4.0652e-07	9.2682e-01	7.3181e-02	8.0981e-01	1.8325e-01	6.9452e-03	2.2579e-09	1.7505e-03	9.7948e-01	1.8763e-02	2.0990e-06	9.4183e-01	5.8158e-02	1.2829e-05	1.1755e-36	1.1755e-36	1.1755e-36	6.3836e-15	0.00e+00	0.00e+00	1.8105e+02
1.39418e+17	4.2860e+03	7.559e-20	5.9948e+02	5.3670e+01	4.5521e-07	9.2754e-01	7.2464e-02	8.1249e-01	1.8074e-01	6.7718e-03	2.4276e-09	1.7381e-03	9.7971e-01	1.8545e-02	2.0964e-06	9.4245e-01	5.7539e-02	1.2662e-05	1.1755e-36	1.1755e-36	1.1755e-36	7.3955e-15	0.00e+00	0.00e+00	1.8338e+02
1.40062e+17	4.2324e+03	7.433e-20	5.9948e+02	5.3057e+01	5.0071e-07	9.2836e-01	7.1639e-02	8.1478e-01	1.7859e-01	6.6275e-03	2.5880e-09	1.7249e-03	9.7991e-01	1.8367e-02	2.0935e-06	9.4315e-01	5.6841e-02	1.2476e-05	1.1755e-36	1.1755e-36	1.1755e-36	8.4192e-15	0.00e+00	0.00e+00	1.8557e+02
1.40716e+17	4.1668e+03	7.310e-20	5.9948e+02	5.2449e+01	5.6232e-07	9.2913e-01	7.0865e-02	8.1738e-01	1.7616e-01	6.4598e-03	2.7924e-09	1.7133e-03	9.8013e-01	1.8152e-02	2.0911e-06	9.4381e-01	5.6176e-02	1.2311e-05	1.1755e-36	1.1755e-36	1.1755e-36	9.8274e-15	0.00e+00	0.00e+00	1.8798e+02
1.41371e+17	4.1140e+03	7.188e-20	5.9948e+02	5.1838e+01	6.1873e-07	9.3003e-01	6.9972e-02	8.1954e-01	1.7413e-01	6.3258e-03	2.9821e-09	1.7003e-03	9.8031e-01	1.7986e-02	2.0884e-06	9.4456e-01	5.5425e-02	1.2126e-05	1.1755e-36	1.1755e-36	1.1755e-36	1.1231e-14	0.00e+00	0.00e+00	1.9018e+02
1.42026e+17	4.0565e+03	7.070e-20	5.9948e+02	5.1248e+01	6.8588e-07	9.3075e-01	6.9249e-02	8.2190e-01	1.7192e-01	6.1781e-03	3.1951e-09	1.6886e-03	9.8052e-01	1.7792e-02	2.0861e-06	9.4518e-01	5.4807e-02	1.1969e-05	1.1755e-36	1.1755e-36	1.1755e-36	1.2911e-14	0.00e+00	0.00e+00	1.9260e+02
1.42719e+17	3.9896e+03	6.928e-20	5.9948e+02	5.0421e+01	7.7488e-07	9.3200e-01	6.7995e-02	8.2432e-01	1.6963e-01	6.0469e-03	3.4792e-09	1.6705e-03	9.8072e-01	1.7603e-02	2.0835e-06	9.4623e-01	5.3757e-02	1.1739e-05	1.1755e-36	1.1755e-36	1.1755e-36	1.5364e-14	0.00e+00	0.00e+00	1.9507e+02
###########################
1.13038e+13	9.7605e+03	2.092e-18	5.9948e+02	6.5952e+02	2.0805e-13	1.7493e-02	9.8251e-01	1.2329e-02	6.4305e-01	3.4462e-01	4.4342e-15	1.5073e-03	2.5189e-01	7.2602e-01	2.0340e-02	8.4104e-03	4.0275e-01	5.5862e-01	2.9902e-02	3.2464e-04	3.5695e-07	7.7782e-23	0.00e+00	0.00e+00	1.4968e-03
6.78226e+13	9.7486e+03	2.086e-18	5.9948e+02	6.5844e+02	2.0788e-13	1.7433e-02	9.8257e-01	1.2305e-02	6.4284e-01	3.4485e-01	4.3787e-15	1.4937e-03	2.5155e-01	7.2628e-01	2.0430e-02	8.3512e-03	4.0129e-01	5.6003e-01	3.0006e-02	3.2588e-04	3.5934e-07	7.6528e-23	0.00e+00	0.00e+00	7.4635e-03
2.93898e+14	9.7333e+03	2.074e-18	5.9948e+02	6.5813e+02	2.0712e-13	1.7338e-02	9.8266e-01	1.2298e-02	6.4344e-01	3.4426e-01	4.2853e-15	1.4859e-03	2.5122e-01	7.2658e-01	2.0469e-02	8.2408e-03	3.9814e-01	5.6325e-01	3.0047e-02	3.2527e-04	3.6083e-07	7.4574e-23	0.00e+00	0.00e+00	3.1201e-02
1.19820e+15	9.6824e+03	2.047e-18	5.9948e+02	6.5798e+02	2.0908e-13	1.7210e-02	9.8279e-01	1.2348e-02	6.4768e-01	3.3997e-01	4.0979e-15	1.4764e-03	2.5065e-01	7.2732e-01	2.0321e-02	8.0111e-03	3.8981e-01	5.7222e-01	2.9640e-02	3.1627e-04	3.5520e-07	7.1182e-23	0.00e+00	0.00e+00	1.2544e-01
2.86211e+15	9.4949e+03	1.957e-18	5.9948e+02	6.5843e+02	2.0142e-13	1.6226e-02	9.8377e-01	1.2278e-02	6.4941e-01	3.3831e-01	3.3556e-15	1.4157e-03	2.4856e-01	7.2875e-01	2.1030e-02	7.0536e-03	3.6414e-01	5.9760e-01	3.0883e-02	3.2069e-04	3.8338e-07	5.5122e-23	0.00e+00	0.00e+00	2.4096e-01
5.02520e+15	9.3461e+03	1.888e-18	5.9948e+02	6.5851e+02	1.9935e-13	1.5641e-02	9.8436e-01	1.2336e-02	6.5593e-01	3.3174e-01	2.9170e-15	1.3805e-03	2.4738e-01	7.2987e-01	2.1127e-02	6.4861e-03	3.4730e-01	6.1529e-01	3.0618e-02	3.0795e-04	3.8523e-07	4.6480e-23	0.00e+00	0.00e+00	3.8572e-01
7.83722e+15	9.2240e+03	1.830e-18	5.9948e+02	6.5805e+02	2.0347e-13	1.5381e-02	9.8462e-01	1.2539e-02	6.6785e-01	3.1961e-01	2.6733e-15	1.3668e-03	2.4715e-01	7.3064e-01	2.0612e-02	6.2028e-03	3.3747e-01	6.2716e-01	2.8887e-02	2.7963e-04	3.6090e-07	4.2290e-23	0.00e+00	0.00e+00	5.7077e-01
1.14928e+16	9.1210e+03	1.786e-18	5.9948e+02	6.5719e+02	2.1753e-13	1.5528e-02	9.8447e-01	1.2980e-02	6.8690e-01	3.0012e-01	2.6395e-15	1.3845e-03	2.4870e-01	7.3036e-01	1.9348e-02	6.2544e-03	3.3648e-01	6.3148e-01	2.5547e-02	2.3600e-04	3.0860e-07	4.2629e-23	0.00e+00	0.00e+00	8.1363e-01
1.60987e+16	9.0630e+03	1.752e-18	5.9948e+02	6.5535e+02	2.4296e-13	1.6168e-02	9.8383e-01	1.3694e-02	7.1311e-01	2.7320e-01	2.8575e-15	1.4414e-03	2.5248e-01	7.2851e-01	1.7389e-02	6.7297e-03	3.4673e-01	6.2545e-01	2.0906e-02	1.8328e-04	2.3714e-07	4.8613e-23	0.00e+00	0.00e+00	1.1244e+00
2.10774e+16	9.0410e+03	1.735e-18	5.9948e+02	6.5307e+02	2.8235e-13	1.7304e-02	9.8270e-01	1.4603e-02	7.4223e-01	2.4317e-01	3.3638e-15	1.5334e-03	2.5806e-01	7.2510e-01	1.5168e-02	7.6472e-03	3.6683e-01	6.0919e-01	1.6201e-02	1.3542e-04	1.6888e-07	6.1803e-23	0.00e+00	0.00e+00	1.4439e+00
2.63061e+16	9.0616e+03	1.740e-18	5.9948e+02	6.4993e+02	3.5198e-13	1.9318e-02	9.8068e-01	1.5888e-02	7.7357e-01	2.1054e-01	4.5389e-15	1.6938e-03	2.6744e-01	7.1811e-01	1.2650e-02	9.4059e-03	4.0208e-01	5.7685e-01	1.1575e-02	9.3062e-05	1.1755e-36	9.2986e-23	0.00e+00	0.00e+00	1.8519e+00
3.10670e+16	9.1246e+03	1.763e-18	5.9948e+02	6.4717e+02	4.3822e-13	2.1755e-02	9.7824e-01	1.7104e-02	7.9962e-01	1.8327e-01	6.2487e-15	1.8653e-03	2.7651e-01	7.1094e-01	1.0593e-02	1.1653e-02	4.4005e-01	5.3996e-01	8.2659e-03	6.5339e-05	1.1755e-36	1.4390e-22	0.00e+00	0.00e+00	2.1765e+00
3.44635e+16	9.1881e+03	1.789e-18	5.9948e+02	6.4457e+02	5.2754e-13	2.4089e-02	9.7591e-01	1.8119e-02	8.1686e-01	1.6502e-01	8.2482e-15	2.0207e-03	2.8444e-01	7.0428e-01	9.1850e-03	1.3920e-02	4.7261e-01	5.0713e-01	6.2962e-03	4.9812e-05	1.1755e-36	2.0895e-22	0.00e+00	0.00e+00	2.4364e+00
3.72297e+16	9.2508e+03	1.815e-18	5.9948e+02	6.4254e+02	6.2344e-13	2.6422e-02	9.7358e-01	1.9064e-02	8.2997e-01	1.5097e-01	1.0649e-14	2.1724e-03	2.9214e-01	6.9753e-01	8.0898e-03	1.6291e-02	5.0216e-01	4.7657e-01	4.9350e-03	3.9421e-05	1.1755e-36	2.9325e-22	0.00e+00	0.00e+00	2.7046e+00
4.03142e+16	9.3150e+03	1.849e-18	5.9948e+02	6.4045e+02	7.6933e-13	2.9574e-02	9.7043e-01	2.0276e-02	8.4370e-01	1.3602e-01	1.4562e-14	2.3718e-03	3.0215e-01	6.8849e-01	6.9342e-03	1.9601e-02	5.3689e-01	4.3980e-01	3.6766e-03	3.0021e-05	1.1755e-36	4.4282e-22	0.00e+00	0.00e+00	3.0949e+00
4.37739e+16	9.3995e+03	1.891e-18	5.9948e+02	6.3687e+02	9.8570e-13	3.3853e-02	9.6615e-01	2.1780e-02	8.5699e-01	1.2123e-01	2.1095e-14	2.6208e-03	3.1452e-01	6.7703e-01	5.7831e-03	2.4337e-02	5.7837e-01	3.9469e-01	2.5836e-03	2.2071e-05	1.1755e-36	7.1928e-22	0.00e+00	0.00e+00	3.5348e+00
4.69110e+16	9.4858e+03	1.938e-18	5.9948e+02	6.3296e+02	1.2584e-12	3.8676e-02	9.6132e-01	2.3294e-02	8.6740e-01	1.0931e-01	3.0175e-14	2.8717e-03	3.2671e-01	6.6554e-01	4.8484e-03	2.9834e-02	6.1613e-01	3.5218e-01	1.8328e-03	1.6644e-05	1.1755e-36	1.1514e-21	0.00e+00	0.00e+00	3.9507e+00
4.95896e+16	9.5653e+03	1.985e-18	5.9948e+02	6.3013e+02	1.5767e-12	4.3702e-02	9.5630e-01	2.4708e-02	8.7527e-01	1.0003e-01	4.1756e-14	3.1134e-03	3.3814e-01	6.5459e-01	4.1232e-03	3.5648e-02	6.4691e-01	3.1609e-01	1.3416e-03	1.3031e-05	1.1755e-36	1.7698e-21	0.00e+00	0.00e+00	4.3669e+00
5.24827e+16	9.6365e+03	2.029e-18	5.9948e+02	6.2539e+02	2.0514e-12	5.0182e-02	9.4982e-01	2.6608e-02	8.8275e-01	9.0641e-02	6.0392e-14	3.4107e-03	3.5297e-01	6.4018e-01	3.4135e-03	4.3431e-02	6.8023e-01	2.7540e-01	9.2989e-04	9.8926e-06	1.1755e-36	2.8568e-21	0.00e+00	0.00e+00	4.9881e+00
5.56158e+16	9.7207e+03	2.084e-18	5.9948e+02	6.1981e+02	2.7787e-12	5.8850e-02	9.4115e-01	2.8878e-02	8.8931e-01	8.1809e-02	9.1585e-14	3.7579e-03	3.7016e-01	6.2331e-01	2.7482e-03	5.3948e-02	7.1228e-01	2.3315e-01	6.1208e-04	7.3240e-06	1.1755e-36	4.9319e-21	0.00e+00	0.00e+00	5.6554e+00
5.83508e+16	9.7836e+03	2.138e-18	5.9948e+02	6.1482e+02	3.7384e-12	6.8436e-02	9.3156e-01	3.1227e-02	8.9392e-01	7.4855e-02	1.3549e-13	4.1029e-03	3.8734e-01	6.0631e-01	2.2340e-03	6.5644e-02	7.3624e-01	1.9769e-01	4.1297e-04	5.5628e-06	1.1755e-36	8.2602e-21	0.00e+00	0.00e+00	6.2964e+00
6.07292e+16	9.8413e+03	2.169e-18	5.9948e+02	6.0649e+02	4.8657e-12	7.8243e-02	9.2176e-01	3.3664e-02	8.9684e-01	6.9494e-02	1.9069e-13	4.4065e-03	4.0389e-01	5.8984e-01	1.8483e-03	7.7827e-02	7.5406e-01	1.6782e-01	2.8679e-04	4.3394e-06	1.1755e-36	1.2882e-20	0.00e+00	0.00e+00	6.9724e+00
6.33542e+16	9.8782e+03	2.205e-18	5.9948e+02	5.9820e+02	6.6883e-12	9.1309e-02	9.0869e-01	3.6851e-02	8.9940e-01	6.3750e-02	2.8377e-13	4.7851e-03	4.2472e-01	5.6901e-01	1.4743e-03	9.3982e-02	7.6772e-01	1.3810e-01	1.8764e-04	3.2557e-06	1.1755e-36	2.1628e-20	0.00e+00	0.00e+00	7.9979e+00
6.60472e+16	9.9149e+03	2.241e-18	5.9948e+02	5.8808e+02	9.5253e-12	1.0824e-01	8.9176e-01	4.0692e-02	9.0056e-01	5.8751e-02	4.3741e-13	5.1951e-03	4.4840e-01	5.4525e-01	1.1477e-03	1.1483e-01	7.7502e-01	1.1004e-01	1.1769e-04	2.3662e-06	1.1755e-36	3.8185e-20	0.00e+00	0.00e+00	8.9890e+00
6.81119e+16	9.9418e+03	2.258e-18	5.9948e+02	5.7755e+02	1.2713e-11	1.2411e-01	8.7589e-01	4.4206e-02	9.0043e-01	5.5364e-02	6.1763e-13	5.5103e-03	4.6840e-01	5.2515e-01	9.3377e-04	1.3425e-01	7.7508e-01	9.0586e-02	8.0417e-05	1.8181e-06	1.1755e-36	6.0152e-20	0.00e+00	0.00e+00	9.7925e+00
6.96978e+16	9.9515e+03	2.266e-18	5.9948e+02	5.6886e+02	1.6048e-11	1.3818e-01	8.6182e-01	4.7359e-02	8.9976e-01	5.2881e-02	8.1163e-13	5.7635e-03	4.8537e-01	5.0807e-01	7.8935e-04	1.5137e-01	7.7142e-01	7.7151e-02	5.9266e-05	1.4669e-06	1.1755e-36	8.6158e-20	0.00e+00	0.00e+00	1.0557e+01
7.13784e+16	9.9530e+03	2.263e-18	5.9948e+02	5.5856e+02	2.0618e-11	1.5469e-01	8.4531e-01	5.1165e-02	8.9856e-01	5.0277e-02	1.0838e-12	6.0299e-03	5.0456e-01	4.8875e-01	6.5589e-04	1.7131e-01	7.6405e-01	6.4596e-02	4.2582e-05	1.1601e-06	1.1755e-36	1.2592e-19	0.00e+00	0.00e+00	1.1669e+01
7.32111e+16	9.9500e+03	2.256e-18	5.9948e+02	5.4616e+02	2.7498e-11	1.7580e-01	8.2420e-01	5.5867e-02	8.9632e-01	4.7814e-02	1.5039e-12	6.3127e-03	5.2674e-01	4.6641e-01	5.3039e-04	1.9652e-01	7.5111e-01	5.2341e-02	2.9229e-05	8.8091e-07	1.1755e-36	1.9427e-19	0.00e+00	0.00e+00	1.2844e+01
7.47896e+16	9.9432e+03	2.241e-18	5.9948e+02	5.3410e+02	3.5640e-11	1.9684e-01	8.0316e-01	6.0561e-02	8.9354e-01	4.5901e-02	2.0124e-12	6.5462e-03	5.4718e-01	4.4583e-01	4.3724e-04	2.2136e-01	7.3559e-01	4.3034e-02	2.0863e-05	6.8330e-07	1.1755e-36	2.8632e-19	0.00e+00	0.00e+00	1.3881e+01
7.60845e+16	9.9348e+03	2.216e-18	5.9948e+02	5.2233e+02	4.4022e-11	2.1542e-01	7.8458e-01	6.4841e-02	8.9069e-01	4.4468e-02	2.5401e-12	6.7095e-03	5.6447e-01	4.2845e-01	3.7199e-04	2.4308e-01	7.2047e-01	3.6428e-02	1.5802e-05	5.5210e-07	1.1755e-36	3.9008e-19	0.00e+00	0.00e+00	1.4858e+01
7.74627e+16	9.9125e+03	2.180e-18	5.9948e+02	5.0953e+02	5.5257e-11	2.3657e-01	7.6343e-01	7.0038e-02	8.8709e-01	4.2876e-02	3.2508e-12	6.8801e-03	5.8392e-01	4.0889e-01	3.1125e-04	2.6755e-01	7.0208e-01	3.0355e-02	1.1739e-05	4.3759e-07	1.1755e-36	5.4071e-19	0.00e+00	0.00e+00	1.6253e+01
7.89700e+16	9.8877e+03	2.133e-18	5.9948e+02	4.9407e+02	7.1290e-11	2.6232e-01	7.3768e-01	7.6298e-02	8.8235e-01	4.1356e-02	4.2731e-12	7.0332e-03	6.0548e-01	3.8723e-01	2.5476e-04	2.9696e-01	6.7847e-01	2.4556e-02	8.4257e-06	3.3462e-07	1.1755e-36	7.7975e-19	0.00e+00	0.00e+00	1.7700e+01
8.02955e+16	9.8671e+03	2.078e-18	5.9948e+02	4.7889e+02	8.8814e-11	2.8640e-01	7.1360e-01	8.2342e-02	8.7739e-01	4.0268e-02	5.3966e-12	7.1242e-03	6.2463e-01	3.6803e-01	2.1310e-04	3.2410e-01	6.5564e-01	2.0246e-02	6.3057e-06	2.6283e-07	1.1755e-36	1.0659e-18	0.00e+00	0.00e+00	1.8995e+01
8.14475e+16	9.8421e+03	2.022e-18	5.9948e+02	4.6519e+02	1.0721e-10	3.0796e-01	6.9204e-01	8.8203e-02	8.7247e-01	3.9326e-02	6.5708e-12	7.1860e-03	6.4169e-01	3.5094e-01	1.8203e-04	3.4814e-01	6.3479e-01	1.7066e-02	4.9222e-06	2.1264e-07	1.1755e-36	1.3862e-18	0.00e+00	0.00e+00	2.0288e+01
8.27232e+16	9.8024e+03	1.949e-18	5.9948e+02	4.4914e+02	1.3180e-10	3.3221e-01	6.6779e-01	9.5320e-02	8.6643e-01	3.8248e-02	8.1010e-12	7.2266e-03	6.6070e-01	3.3192e-01	1.5248e-04	3.7487e-01	6.1103e-01	1.4099e-02	3.7654e-06	1.6822e-07	1.1755e-36	1.8301e-18	0.00e+00	0.00e+00	2.2101e+01
8.41426e+16	9.7606e+03	1.865e-18	5.9948e+02	4.3109e+02	1.6607e-10	3.6138e-01	6.3862e-01	1.0397e-01	8.5882e-01	3.7210e-02	1.0254e-11	7.2394e-03	6.8174e-01	3.1090e-01	1.2470e-04	4.0655e-01	5.8218e-01	1.1274e-02	2.7910e-06	1.2798e-07	1.1755e-36	2.5134e-18	0.00e+00	0.00e+00	2.4012e+01
8.54326e+16	9.7102e+03	1.781e-18	5.9948e+02	4.1440e+02	2.0525e-10	3.8898e-01	6.1102e-01	1.1281e-01	8.5082e-01	3.6368e-02	1.2670e-11	7.2271e-03	7.0109e-01	2.9158e-01	1.0348e-04	4.3609e-01	5.5477e-01	9.1370e-03	2.1359e-06	1.1755e-36	1.1755e-36	3.3424e-18	0.00e+00	0.00e+00	2.5754e+01
8.65790e+16	9.6602e+03	1.702e-18	5.9948e+02	3.9985e+02	2.4608e-10	4.1335e-01	5.8665e-01	1.2154e-01	8.4286e-01	3.5598e-02	1.5167e-11	7.2022e-03	7.1834e-01	2.7437e-01	8.7507e-05	4.6186e-01	5.3057e-01	7.5698e-03	1.6999e-06	1.1755e-36	1.1755e-36	4.2532e-18	0.00e+00	0.00e+00	2.7490e+01
8.77430e+16	9.6068e+03	1.616e-18	5.9948e+02	3.8465e+02	2.9434e-10	4.3786e-01	5.6214e-01	1.3110e-01	8.3408e-01	3.4825e-02	1.8060e-11	7.1502e-03	7.3545e-01	2.5732e-01	7.3722e-05	4.8747e-01	5.0628e-01	6.2422e-03	1.3600e-06	1.1755e-36	1.1755e-36	5.3710e-18	0.00e+00	0.00e+00	2.9510e+01
8.89692e+16	9.5470e+03	1.525e-18	5.9948e+02	3.6837e+02	3.5518e-10	4.6429e-01	5.3571e-01	1.4188e-01	8.2402e-01	3.4100e-02	2.1641e-11	7.0651e-03	7.5292e-01	2.3996e-01	6.1461e-05	5.1472e-01	4.8021e-01	5.0674e-03	1.0814e-06	1.1755e-36	1.1755e-36	6.8496e-18	0.00e+00	0.00e+00	3.1678e+01
9.01446e+16	9.4862e+03	1.435e-18	5.9948e+02	3.5249e+02	4.2384e-10	4.8953e-01	5.1047e-01	1.5295e-01	8.1356e-01	3.3491e-02	2.5574e-11	6.9548e-03	7.6906e-01	2.2393e-01	5.1636e-05	5.4044e-01	4.5542e-01	4.1359e-03	8.7591e-07	1.1755e-36	1.1755e-36	8.5719e-18	0.00e+00	0.00e+00	3.3748e+01
9.11988e+16	9.4279e+03	1.354e-18	5.9948e+02	3.3839e+02	4.9403e-10	5.1149e-01	4.8851e-01	1.6363e-01	8.0341e-01	3.2963e-02	2.9482e-11	6.8406e-03	7.8311e-01	2.1000e-01	4.4185e-05	5.6256e-01	4.3399e-01	3.4460e-03	7.3249e-07	1.1755e-36	1.1755e-36	1.0360e-17	0.00e+00	0.00e+00	3.5667e+01
9.21703e+16	9.3774e+03	1.278e-18	5.9948e+02	3.2553e+02	5.6473e-10	5.3085e-01	4.6915e-01	1.7400e-01	7.9353e-01	3.2470e-02	3.3359e-11	6.7223e-03	7.9557e-01	1.9767e-01	3.8300e-05	5.8187e-01	4.1521e-01	2.9144e-03	6.2708e-07	1.1755e-36	1.1755e-36	1.2200e-17	0.00e+00	0.00e+00	3.7579e+01
9.29649e+16	9.3322e+03	1.220e-18	5.9948e+02	3.1548e+02	6.3018e-10	5.4684e-01	4.5316e-01	1.8299e-01	7.8489e-01	3.2121e-02	3.6913e-11	6.6228e-03	8.0545e-01	1.8789e-01	3.4123e-05	5.9768e-01	3.9979e-01	2.5366e-03	5.5435e-07	1.1755e-36	1.1755e-36	1.3960e-17	0.00e+00	0.00e+00	3.8899e+01
9.35393e+16	9.2877e+03	1.178e-18	5.9948e+02	3.0890e+02	6.8160e-10	5.5747e-01	4.4253e-01	1.9018e-01	7.7805e-01	3.1774e-02	3.9555e-11	6.5637e-03	8.1269e-01	1.8071e-01	3.1370e-05	6.0814e-01	3.8956e-01	2.3024e-03	5.1053e-07	1.1755e-36	1.1755e-36	1.5259e-17	0.00e+00	0.00e+00	3.9978e+01
9.40989e+16	9.2386e+03	1.138e-18	5.9948e+02	3.0266e+02	7.3845e-10	5.6805e-01	4.3195e-01	1.9772e-01	7.7093e-01	3.1345e-02	4.2430e-11	6.5098e-03	8.1985e-01	1.7361e-01	2.8795e-05	6.1850e-01	3.7941e-01	2.0893e-03	4.7099e-07	1.1755e-36	1.1755e-36	1.6708e-17	0.00e+00	0.00e+00	4.1284e+01
9.47635e+16	9.2003e+03	1.089e-18	5.9948e+02	2.9414e+02	8.0444e-10	5.8032e-01	4.1968e-01	2.0607e-01	7.6295e-01	3.0977e-02	4.5780e-11	6.4078e-03	8.2756e-01	1.6600e-01	2.6094e-05	6.3043e-01	3.6771e-01	1.8593e-03	4.2910e-07	1.1755e-36	1.1755e-36	1.8433e-17	0.00e+00	0.00e+00	4.2870e+01
9.54930e+16	9.1471e+03	1.037e-18	5.9948e+02	2.8503e+02	8.9158e-10	5.9482e-01	4.0518e-01	2.1570e-01	7.5369e-01	3.0605e-02	5.0095e-11	6.2954e-03	8.3581e-01	1.5787e-01	2.3399e-05	6.4444e-01	3.5393e-01	1.6283e-03	3.8663e-07	1.1755e-36	1.1755e-36	2.0771e-17	0.00e+00	0.00e+00	4.4530e+01
9.61791e+16	9.1000e+03	9.909e-19	5.9948e+02	2.7669e+02	9.7978e-10	6.0839e-01	3.9161e-01	2.2509e-01	7.4463e-01	3.0280e-02	5.4489e-11	6.1865e-03	8.4328e-01	1.5051e-01	2.1144e-05	6.5746e-01	3.4110e-01	1.4356e-03	3.5139e-07	1.1755e-36	1.1755e-36	2.3234e-17	0.00e+00	0.00e+00	4.5991e+01
9.67846e+16	9.0632e+03	9.500e-19	5.9948e+02	2.6934e+02	1.0575e-09	6.1923e-01	3.8077e-01	2.3348e-01	7.3651e-01	3.0006e-02	5.8263e-11	6.0849e-03	8.4956e-01	1.4433e-01	1.9378e-05	6.6781e-01	3.3091e-01	1.2889e-03	3.2518e-07	1.1755e-36	1.1755e-36	2.5342e-17	0.00e+00	0.00e+00	4.7342e+01
9.73953e+16	9.0087e+03	9.104e-19	5.9948e+02	2.6247e+02	1.1512e-09	6.3052e-01	3.6948e-01	2.4288e-01	7.2750e-01	2.9624e-02	6.2602e-11	5.9934e-03	8.5607e-01	1.3792e-01	1.7687e-05	6.7853e-01	3.2032e-01	1.1533e-03	3.0063e-07	1.1755e-36	1.1755e-36	2.7808e-17	0.00e+00	0.00e+00	4.8882e+01
9.80607e+16	8.9600e+03	8.678e-19	5.9948e+02	2.5459e+02	1.2575e-09	6.4272e-01	3.5728e-01	2.5288e-01	7.1782e-01	2.9293e-02	6.7545e-11	5.8779e-03	8.6267e-01	1.3144e-01	1.6049e-05	6.9005e-01	3.0893e-01	1.0202e-03	2.7642e-07	1.1755e-36	1.1755e-36	3.0712e-17	0.00e+00	0.00e+00	5.0550e+01
9.87372e+16	8.9114e+03	8.259e-19	5.9948e+02	2.4663e+02	1.3745e-09	6.5506e-01	3.4494e-01	2.6321e-01	7.0780e-01	2.8989e-02	7.2910e-11	5.7545e-03	8.6906e-01	1.2517e-01	1.4564e-05	7.0163e-01	2.9747e-01	8.9973e-04	2.5425e-07	1.1755e-36	1.1755e-36	3.3948e-17	0.00e+00	0.00e+00	5.2205e+01
9.93872e+16	8.8608e+03	7.870e-19	5.9948e+02	2.3915e+02	1.4968e-09	6.6651e-01	3.3349e-01	2.7346e-01	6.9785e-01	2.8688e-02	7.8304e-11	5.6356e-03	8.7498e-01	1.1938e-01	1.3286e-05	7.1232e-01	2.8688e-01	7.9803e-04	2.3540e-07	1.1755e-36	1.1755e-36	3.7234e-17	0.00e+00	0.00e+00	5.3801e+01
1.00021e+17	8.8115e+03	7.504e-19	5.9948e+02	2.3212e+02	1.6233e-09	6.7725e-01	3.2275e-01	2.8386e-01	6.8778e-01	2.8368e-02	8.3807e-11	5.5215e-03	8.8058e-01	1.1388e-01	1.2157e-05	7.2229e-01	2.7700e-01	7.1027e-04	2.1900e-07	1.1755e-36	1.1755e-36	4.0617e-17	0.00e+00	0.00e+00	5.5429e+01
1.00673e+17	8.7609e+03	7.138e-19	5.9948e+02	2.2492e+02	1.7630e-09	6.8799e-01	3.1201e-01	2.9467e-01	6.7728e-01	2.8042e-02	8.9726e-11	5.4009e-03	8.8609e-01	1.0850e-01	1.1112e-05	7.3222e-01	2.6715e-01	6.3010e-04	2.0378e-07	1.1755e-36	1.1755e-36	4.4308e-17	0.00e+00	0.00e+00	5.7170e+01
1.01352e+17	8.6971e+03	6.775e-19	5.9948e+02	2.1772e+02	1.9335e-09	6.9958e-01	3.0042e-01	3.0662e-01	6.6571e-01	2.7669e-02	9.6704e-11	5.2785e-03	8.9172e-01	1.0299e-01	1.0118e-05	7.4288e-01	2.5656e-01	5.5457e-04	1.8883e-07	1.1755e-36	1.1755e-36	4.8787e-17	0.00e+00	0.00e+00	5.8998e+01
1.02023e+17	8.6557e+03	6.426e-19	5.9948e+02	2.1041e+02	2.0894e-09	7.1000e-01	2.9000e-01	3.1781e-01	6.5478e-01	2.7417e-02	1.0326e-10	5.1447e-03	8.9674e-01	9.8103e-02	9.2738e-06	7.5242e-01	2.4709e-01	4.9035e-04	1.7610e-07	1.1755e-36	1.1755e-36	5.3008e-17	0.00e+00	0.00e+00	6.0746e+01
1.02681e+17	8.5898e+03	6.102e-19	5.9948e+02	2.0370e+02	2.2811e-09	7.2024e-01	2.7976e-01	3.2981e-01	6.4315e-01	2.7047e-02	1.1047e-10	5.0251e-03	9.0170e-01	9.3265e-02	8.5103e-06	7.6174e-01	2.3782e-01	4.3447e-04	1.6458e-07	1.1755e-36	1.1755e-36	5.7660e-17	0.00e+00	0.00e+00	6.2560e+01
1.03353e+17	8.5279e+03	5.786e-19	5.9948e+02	1.9710e+02	2.4869e-09	7.3054e-01	2.6946e-01	3.4233e-01	6.3100e-01	2.6666e-02	1.1834e-10	4.9034e-03	9.0654e-01	8.8551e-02	7.8102e-06	7.7108e-01	2.2853e-01	3.8362e-04	1.5373e-07	1.1755e-36	1.1755e-36	6.2853e-17	0.00e+00	0.00e+00	6.4437e+01
1.04029e+17	8.4686e+03	5.481e-19	5.9948e+02	1.9047e+02	2.7052e-09	7.4043e-01	2.5957e-01	3.5486e-01	6.1883e-01	2.6317e-02	1.2644e-10	4.7773e-03	9.1109e-01	8.4126e-02	7.1888e-06	7.8001e-01	2.1965e-01	3.3890e-04	1.4391e-07	1.1755e-36	1.1755e-36	6.8216e-17	0.00e+00	0.00e+00	6.6324e+01
1.04705e+17	8.4056e+03	5.190e-19	5.9948e+02	1.8405e+02	2.9445e-09	7.4995e-01	2.5005e-01	3.6767e-01	6.0638e-01	2.5947e-02	1.3492e-10	4.6530e-03	9.1544e-01	7.9899e-02	6.6333e-06	7.8857e-01	2.1113e-01	2.9970e-04	1.3500e-07	1.1755e-36	1.1755e-36	7.3837e-17	0.00e+00	0.00e+00	6.8252e+01
1.05392e+17	8.3433e+03	4.909e-19	5.9948e+02	1.7774e+02	3.2029e-09	7.5929e-01	2.4071e-01	3.8088e-01	5.9356e-01	2.5565e-02	1.4394e-10	4.5284e-03	9.1963e-01	7.5831e-02	6.1301e-06	7.9692e-01	2.0281e-01	2.6469e-04	1.2672e-07	1.1755e-36	1.1755e-36	7.9869e-17	0.00e+00	0.00e+00	7.0247e+01
1.06092e+17	8.2761e+03	4.637e-19	5.9948e+02	1.7143e+02	3.4945e-09	7.6849e-01	2.3151e-01	3.9438e-01	5.8044e-01	2.5177e-02	1.5357e-10	4.4018e-03	9.2366e-01	7.1931e-02	5.6759e-06	8.0512e-01	1.9464e-01	2.3350e-04	1.1755e-36	1.1755e-36	1.1755e-36	8.6339e-17	0.00e+00	0.00e+00	7.2299e+01
1.06799e+17	8.2016e+03	4.378e-19	5.9948e+02	1.6535e+02	3.8260e-09	7.7764e-01	2.2236e-01	4.0845e-01	5.6680e-01	2.4748e-02	1.6404e-10	4.2780e-03	9.2756e-01	6.8160e-02	5.2659e-06	8.1324e-01	1.8655e-01	2.0576e-04	1.1755e-36	1.1755e-36	1.1755e-36	9.3426e-17	0.00e+00	0.00e+00	7.4387e+01
1.07503e+17	8.1315e+03	4.134e-19	5.9948e+02	1.5942e+02	4.1712e-09	7.8613e-01	2.1387e-01	4.2229e-01	5.5336e-01	2.4347e-02	1.7451e-10	4.1544e-03	9.3116e-01	6.4682e-02	4.9086e-06	8.2075e-01	1.7907e-01	1.8194e-04	1.1755e-36	1.1755e-36	1.1755e-36	1.0042e-16	0.00e+00	0.00e+00	7.6464e+01
1.08211e+17	8.0591e+03	3.902e-19	5.9948e+02	1.5377e+02	4.5492e-09	7.9428e-01	2.0572e-01	4.3655e-01	5.3955e-01	2.3902e-02	1.8559e-10	4.0357e-03	9.3461e-01	6.1347e-02	4.5876e-06	8.2793e-01	1.7191e-01	1.6101e-04	1.1755e-36	1.1755e-36	1.1755e-36	1.0781e-16	0.00e+00	0.00e+00	7.8625e+01
1.08945e+17	7.9771e+03	3.676e-19	5.9948e+02	1.4805e+02	4.9973e-09	8.0252e-01	1.9748e-01	4.5133e-01	5.2524e-01	2.3432e-02	1.9779e-10	3.9145e-03	9.3798e-01	5.8104e-02	4.2933e-06	8.3516e-01	1.6469e-01	1.4204e-04	1.1755e-36	1.1755e-36	1.1755e-36	1.1603e-16	0.00e+00	0.00e+00	8.0901e+01
1.09695e+17	7.8956e+03	3.460e-19	5.9948e+02	1.4244e+02	5.4875e-09	8.1063e-01	1.8937e-01	4.6634e-01	5.1070e-01	2.2964e-02	2.1071e-10	3.7922e-03	9.4117e-01	5.5035e-02	4.0296e-06	8.4225e-01	1.5762e-01	1.2518e-04	1.1755e-36	1.1755e-36	1.1755e-36	1.2474e-16	0.00e+00	0.00e+00	8.3203e+01
1.10441e+17	7.8146e+03	3.259e-19	5.9948e+02	1.3711e+02	6.0137e-09	8.1811e-01	1.8189e-01	4.8119e-01	4.9632e-01	2.2490e-02	2.2381e-10	3.6750e-03	9.4412e-01	5.2199e-02	3.8005e-06	8.4878e-01	1.5111e-01	1.1081e-04	1.1755e-36	1.1755e-36	1.1755e-36	1.3346e-16	0.00e+00	0.00e+00	8.5498e+01
1.11192e+17	7.7250e+03	3.070e-19	5.9948e+02	1.3203e+02	6.6220e-09	8.2528e-01	1.7472e-01	4.9636e-01	4.8167e-01	2.1963e-02	2.3781e-10	3.5637e-03	9.4694e-01	4.9494e-02	3.5961e-06	8.5501e-01	1.4489e-01	9.8293e-05	1.1755e-36	1.1755e-36	1.1755e-36	1.4276e-16	0.00e+00	0.00e+00	8.7880e+01
1.11970e+17	7.6368e+03	2.887e-19	5.9948e+02	1.2692e+02	7.2892e-09	8.3225e-01	1.6775e-01	5.1167e-01	4.6688e-01	2.1448e-02	2.5236e-10	3.4487e-03	9.4962e-01	4.6932e-02	3.4114e-06	8.6106e-01	1.3885e-01	8.7091e-05	1.1755e-36	1.1755e-36	1.1755e-36	1.5230e-16	0.00e+00	0.00e+00	9.0378e+01
1.12761e+17	7.5515e+03	2.715e-19	5.9948e+02	1.2202e+02	8.0112e-09	8.3899e-01	1.6101e-01	5.2689e-01	4.5218e-01	2.0932e-02	2.6770e-10	3.3366e-03	9.5211e-01	4.4547e-02	3.2479e-06	8.6688e-01	1.3304e-01	7.7256e-05	1.1755e-36	1.1755e-36	1.1755e-36	1.6249e-16	0.00e+00	0.00e+00	9.2881e+01
1.13548e+17	7.4498e+03	2.557e-19	5.9948e+02	1.1755e+02	8.8940e-09	8.4552e-01	1.5448e-01	5.4243e-01	4.3724e-01	2.0330e-02	2.8468e-10	3.2358e-03	9.5447e-01	4.2289e-02	3.1042e-06	8.7250e-01	1.2743e-01	6.8807e-05	1.1755e-36	1.1755e-36	1.1755e-36	1.7412e-16	0.00e+00	0.00e+00	9.5394e+01
1.14350e+17	7.3504e+03	2.407e-19	5.9948e+02	1.1299e+02	9.8467e-09	8.5131e-01	1.4869e-01	5.5746e-01	4.2275e-01	1.9786e-02	3.0062e-10	3.1298e-03	9.5664e-01	4.0223e-02	2.9785e-06	8.7750e-01	1.2244e-01	6.1555e-05	1.1755e-36	1.1755e-36	1.1755e-36	1.8421e-16	0.00e+00	0.00e+00	9.8035e+01
1.15165e+17	7.2404e+03	2.267e-19	5.9948e+02	1.0877e+02	1.1006e-08	8.5733e-01	1.4267e-01	5.7275e-01	4.0807e-01	1.9174e-02	3.1933e-10	3.0330e-03	9.5870e-01	3.8263e-02	2.8658e-06	8.8266e-01	1.1729e-01	5.5062e-05	1.1755e-36	1.1755e-36	1.1755e-36	1.9729e-16	0.00e+00	0.00e+00	1.0067e+02
1.15956e+17	7.1360e+03	2.143e-19	5.9948e+02	1.0490e+02	1.2226e-08	8.6250e-01	1.3750e-01	5.8702e-01	3.9438e-01	1.8601e-02	3.3704e-10	2.9426e-03	9.6051e-01	3.6547e-02	2.7721e-06	8.8709e-01	1.1286e-01	4.9757e-05	1.1755e-36	1.1755e-36	1.1755e-36	2.0940e-16	0.00e+00	0.00e+00	1.0318e+02
1.16726e+17	7.0302e+03	2.031e-19	5.9948e+02	1.0142e+02	1.3579e-08	8.6710e-01	1.3289e-01	6.0089e-01	3.8111e-01	1.8003e-02	3.5498e-10	2.8618e-03	9.6216e-01	3.4979e-02	2.6915e-06	8.9103e-01	1.0893e-01	4.5315e-05	1.1755e-36	1.1755e-36	1.1755e-36	2.2177e-16	0.00e+00	0.00e+00	1.0571e+02
1.17499e+17	6.9240e+03	1.926e-19	5.9948e+02	9.8084e+01	1.5101e-08	8.7149e-01	1.2851e-01	6.1423e-01	3.6834e-01	1.7424e-02	3.7356e-10	2.7834e-03	9.6367e-01	3.3547e-02	2.6206e-06	8.9477e-01	1.0518e-01	4.1416e-05	1.1755e-36	1.1755e-36	1.1755e-36	2.3509e-16	0.00e+00	0.00e+00	1.0827e+02
1.18270e+17	6.8186e+03	1.831e-19	5.9948e+02	9.4965e+01	1.6799e-08	8.7565e-01	1.2435e-01	6.2708e-01	3.5607e-01	1.6852e-02	3.9303e-10	2.7097e-03	9.6505e-01	3.2240e-02	2.5581e-06	8.9833e-01	1.0164e-01	3.8004e-05	1.1755e-36	1.1755e-36	1.1755e-36	2.4978e-16	0.00e+00	0.00e+00	1.1081e+02
1.19034e+17	6.7127e+03	1.743e-19	5.9948e+02	9.2020e+01	1.8704e-08	8.7945e-01	1.2055e-01	6.3926e-01	3.4444e-01	1.6301e-02	4.1268e-10	2.6397e-03	9.6630e-01	3.1061e-02	2.5041e-06	9.0156e-01	9.8405e-02	3.5076e-05	1.1755e-36	1.1755e-36	1.1755e-36	2.6515e-16	0.00e+00	0.00e+00	1.1334e+02
1.19787e+17	6.6018e+03	1.662e-19	5.9948e+02	8.9235e+01	2.0921e-08	8.8294e-01	1.1706e-01	6.5079e-01	3.3344e-01	1.5768e-02	4.3282e-10	2.5736e-03	9.6742e-01	3.0002e-02	2.4578e-06	9.0453e-01	9.5435e-02	3.2567e-05	1.1755e-36	1.1755e-36	1.1755e-36	2.8186e-16	0.00e+00	0.00e+00	1.1583e+02
1.20513e+17	6.5065e+03	1.592e-19	5.9948e+02	8.6834e+01	2.3110e-08	8.8604e-01	1.1396e-01	6.6144e-01	3.2329e-01	1.5263e-02	4.5293e-10	2.5159e-03	9.6841e-01	2.9069e-02	2.4179e-06	9.0717e-01	9.2799e-02	3.0433e-05	1.1755e-36	1.1755e-36	1.1755e-36	2.9935e-16	0.00e+00	0.00e+00	1.1820e+02
1.21236e+17	6.4039e+03	1.525e-19	5.9948e+02	8.4481e+01	2.5696e-08	8.8878e-01	1.1122e-01	6.7173e-01	3.1351e-01	1.4762e-02	4.7328e-10	2.4595e-03	9.6934e-01	2.8199e-02	2.3829e-06	9.0951e-01	9.0466e-02	2.8588e-05	1.1755e-36	1.1755e-36	1.1755e-36	3.1782e-16	0.00e+00	0.00e+00	1.2070e+02
1.21977e+17	6.2959e+03	1.462e-19	5.9948e+02	8.2250e+01	2.8825e-08	8.9185e-01	1.0815e-01	6.8184e-01	3.0390e-01	1.4254e-02	4.9795e-10	2.4065e-03	9.7021e-01	2.7384e-02	2.3505e-06	9.1211e-01	8.7864e-02	2.6823e-05	1.1755e-36	1.1755e-36	1.1755e-36	3.4323e-16	0.00e+00	0.00e+00	1.2319e+02
1.22687e+17	6.2071e+03	1.407e-19	5.9948e+02	8.0270e+01	3.1780e-08	8.9438e-01	1.0562e-01	6.9077e-01	2.9542e-01	1.3813e-02	5.2061e-10	2.3582e-03	9.7095e-01	2.6692e-02	2.3232e-06	9.1426e-01	8.5719e-02	2.5360e-05	1.1755e-36	1.1755e-36	1.1755e-36	3.6730e-16	0.00e+00	0.00e+00	1.2549e+02
1.23393e+17	6.1006e+03	1.355e-19	5.9948e+02	7.8375e+01	3.5644e-08	8.9667e-01	1.0333e-01	6.9975e-01	2.8692e-01	1.3335e-02	5.4623e-10	2.3135e-03	9.7166e-01	2.6021e-02	2.2993e-06	9.1620e-01	8.3772e-02	2.4093e-05	1.1755e-36	1.1755e-36	1.1755e-36	3.9697e-16	0.00e+00	0.00e+00	1.2798e+02
1.24097e+17	6.0151e+03	1.307e-19	5.9948e+02	7.6585e+01	3.9301e-08	8.9894e-01	1.0106e-01	7.0762e-01	2.7944e-01	1.2939e-02	5.7160e-10	2.2694e-03	9.7228e-01	2.5452e-02	2.2777e-06	9.1813e-01	8.1848e-02	2.2917e-05	1.1755e-36	1.1755e-36	1.1755e-36	4.2811e-16	0.00e+00	0.00e+00	1.3028e+02
1.24797e+17	5.9133e+03	1.263e-19	5.9948e+02	7.4919e+01	4.4076e-08	9.0098e-01	9.9015e-02	7.1573e-01	2.7178e-01	1.2495e-02	6.0137e-10	2.2301e-03	9.7288e-01	2.4890e-02	2.2587e-06	9.1987e-01	8.0108e-02	2.1899e-05	1.1755e-36	1.1755e-36	1.1755e-36	4.6787e-16	0.00e+00	0.00e+00	1.3275e+02
1.25494e+17	5.8311e+03	1.221e-19	5.9948e+02	7.3331e+01	4.8593e-08	9.0300e-01	9.7005e-02	7.2278e-01	2.6509e-01	1.2129e-02	6.3052e-10	2.1909e-03	9.7339e-01	2.4416e-02	2.2415e-06	9.2157e-01	7.8408e-02	2.0953e-05	1.1755e-36	1.1755e-36	1.1755e-36	5.0900e-16	0.00e+00	0.00e+00	1.3504e+02
1.26189e+17	5.7323e+03	1.183e-19	5.9948e+02	7.1854e+01	5.4574e-08	9.0482e-01	9.5185e-02	7.3006e-01	2.5822e-01	1.1718e-02	6.6585e-10	2.1561e-03	9.7390e-01	2.3943e-02	2.2265e-06	9.2312e-01	7.6860e-02	2.0132e-05	1.1755e-36	1.1755e-36	1.1755e-36	5.6338e-16	0.00e+00	0.00e+00	1.3751e+02
1.26878e+17	5.6545e+03	1.147e-19	5.9948e+02	7.0446e+01	6.0085e-08	9.0658e-01	9.3419e-02	7.3627e-01	2.5234e-01	1.1387e-02	6.9960e-10	2.1213e-03	9.7433e-01	2.3551e-02	2.2128e-06	9.2461e-01	7.5369e-02	1.9367e-05	1.1755e-36	1.1755e-36	1.1755e-36	6.1809e-16	0.00e+00	0.00e+00	1.3976e+02
1.27565e+17	5.5587e+03	1.114e-19	5.9948e+02	6.9147e+01	6.7571e-08	9.0819e-01	9.1814e-02	7.4284e-01	2.4615e-01	1.1004e-02	7.4231e-10	2.0910e-03	9.7476e-01	2.3150e-02	2.2009e-06	9.2598e-01	7.4001e-02	1.8702e-05	1.1755e-36	1.1755e-36	1.1755e-36	6.9348e-16	0.00e+00	0.00e+00	1.4222e+02
1.28247e+17	5.4854e+03	1.083e-19	5.9948e+02	6.7885e+01	7.4284e-08	9.0976e-01	9.0245e-02	7.4830e-01	2.4099e-01	1.0708e-02	7.8208e-10	2.0597e-03	9.7511e-01	2.2826e-02	2.1898e-06	9.2731e-01	7.2676e-02	1.8074e-05	1.1755e-36	1.1755e-36	1.1755e-36	7.6749e-16	0.00e+00	0.00e+00	1.4445e+02
1.28928e+17	5.3956e+03	1.053e-19	5.9948e+02	6.6694e+01	8.3336e-08	9.1110e-01	8.8898e-02	7.5408e-01	2.3556e-01	1.0367e-02	8.3217e-10	2.0318e-03	9.7548e-01	2.2491e-02	2.1804e-06	9.2846e-01	7.1524e-02	1.7538e-05	1.1755e-36	1.1755e-36	1.1755e-36	8.6839e-16	0.00e+00	0.00e+00	1.4692e+02
1.29616e+17	5.3224e+03	1.026e-19	5.9948e+02	6.5574e+01	9.1990e-08	9.1264e-01	8.7364e-02	7.5915e-01	2.3078e-01	1.0079e-02	8.8337e-10	2.0045e-03	9.7579e-01	2.2206e-02	2.1711e-06	9.2975e-01	7.0231e-02	1.6991e-05	1.1755e-36	1.1755e-36	1.1755e-36	9.7787e-16	0.00e+00	0.00e+00	1.4920e+02
1.30296e+17	5.2373e+03	9.997e-20	5.9948e+02	6.4483e+01	1.0312e-07	9.1387e-01	8.6131e-02	7.6424e-01	2.2598e-01	9.7748e-03	9.4488e-10	1.9789e-03	9.7609e-01	2.1929e-02	2.1635e-06	9.3081e-01	6.9177e-02	1.6540e-05	1.1755e-36	1.1755e-36	1.1755e-36	1.1203e-15	0.00e+00	0.00e+00	1.5162e+02
1.30970e+17	5.1665e+03	9.756e-20	5.9948e+02	6.3505e+01	1.1389e-07	9.1521e-01	8.4788e-02	7.6882e-01	2.2168e-01	9.5043e-03	1.0079e-09	1.9555e-03	9.7636e-01	2.1686e-02	2.1561e-06	9.3194e-01	6.8044e-02	1.6091e-05	1.1755e-36	1.1755e-36	1.1755e-36	1.2753e-15	0.00e+00	0.00e+00	1.5387e+02
1.31638e+17	5.0862e+03	9.529e-20	5.9948e+02	6.2533e+01	1.2746e-07	9.1630e-01	8.3699e-02	7.7335e-01	2.1742e-01	9.2284e-03	1.0834e-09	1.9330e-03	9.7661e-01	2.1453e-02	2.1501e-06	9.3287e-01	6.7111e-02	1.5718e-05	1.1755e-36	1.1755e-36	1.1755e-36	1.4764e-15	0.00e+00	0.00e+00	1.5625e+02
1.32304e+17	5.0186e+03	9.316e-20	5.9948e+02	6.1655e+01	1.4072e-07	9.1751e-01	8.2492e-02	7.7746e-01	2.1356e-01	8.9803e-03	1.1611e-09	1.9123e-03	9.7684e-01	2.1246e-02	2.1440e-06	9.3389e-01	6.6092e-02	1.5339e-05	1.1755e-36	1.1755e-36	1.1755e-36	1.6969e-15	0.00e+00	0.00e+00	1.5849e+02
1.32968e+17	4.9394e+03	9.112e-20	5.9948e+02	6.0750e+01	1.5784e-07	9.1853e-01	8.1470e-02	7.8156e-01	2.0971e-01	8.7265e-03	1.2453e-09	1.8919e-03	9.7715e-01	2.0955e-02	2.1382e-06	9.3477e-01	6.5215e-02	1.5019e-05	1.1755e-36	1.1755e-36	1.1755e-36	1.9469e-15	0.00e+00	0.00e+00	1.6087e+02
1.33625e+17	4.8734e+03	8.922e-20	5.9948e+02	5.9941e+01	1.7435e-07	9.1966e-01	8.0343e-02	7.8523e-01	2.0626e-01	8.5008e-03	1.3249e-09	1.8732e-03	9.7745e-01	2.0679e-02	2.1320e-06	9.3572e-01	6.4263e-02	1.4693e-05	1.1755e-36	1.1755e-36	1.1755e-36	2.1962e-15	0.00e+00	0.00e+00	1.6306e+02
1.34274e+17	4.7978e+03	8.742e-20	5.9948e+02	5.9132e+01	1.9540e-07	9.2056e-01	7.9435e-02	7.8893e-01	2.0280e-01	8.2676e-03	1.4180e-09	1.8555e-03	9.7775e-01	2.0389e-02	2.1270e-06	9.3650e-01	6.3482e-02	1.4426e-05	1.1755e-36	1.1755e-36	1.1755e-36	2.5105e-15	0.00e+00	0.00e+00	1.6538e+02
1.34916e+17	4.7364e+03	8.573e-20	5.9948e+02	5.8388e+01	2.1511e-07	9.2154e-01	7.8462e-02	7.9217e-01	1.9977e-01	8.0674e-03	1.5062e-09	1.8385e-03	9.7801e-01	2.0145e-02	2.1219e-06	9.3733e-01	6.2658e-02	1.4152e-05	1.1755e-36	1.1755e-36	1.1755e-36	2.8278e-15	0.00e+00	0.00e+00	1.6754e+02
1.35563e+17	4.6621e+03	8.410e-20	5.9948e+02	5.7652e+01	2.4174e-07	9.2243e-01	7.7567e-02	7.9565e-01	1.9651e-01	7.8438e-03	1.6175e-09	1.8230e-03	9.7831e-01	1.9868e-02	2.1175e-06	9.3810e-01	6.1889e-02	1.3912e-05	1.1755e-36	1.1755e-36	1.1755e-36	3.2600e-15	0.00e+00	0.00e+00	1.6990e+02
1.36206e+17	4.6024e+03	8.253e-20	5.9948e+02	5.6947e+01	2.6648e-07	9.2342e-01	7.6577e-02	7.9859e-01	1.9375e-01	7.6604e-03	1.7222e-09	1.8071e-03	9.7854e-01	1.9647e-02	2.1131e-06	9.3893e-01	6.1053e-02	1.3659e-05	1.1755e-36	1.1755e-36	1.1755e-36	3.6956e-15	0.00e+00	0.00e+00	1.7204e+02
1.36843e+17	4.5331e+03	8.106e-20	5.9948e+02	5.6260e+01	2.9833e-07	9.2420e-01	7.5802e-02	8.0169e-01	1.9085e-01	7.4609e-03	1.8467e-09	1.7927e-03	9.7881e-01	1.9399e-02	2.1095e-06	9.3960e-01	6.0384e-02	1.3455e-05	1.1755e-36	1.1755e-36	1.1755e-36	4.2526e-15	0.00e+00	0.00e+00	1.7434e+02
1.37482e+17	4.4762e+03	7.962e-20	5.9948e+02	5.5596e+01	3.2837e-07	9.2508e-01	7.4922e-02	8.0437e-01	1.8834e-01	7.2927e-03	1.9656e-09	1.7779e-03	9.7903e-01	1.9193e-02	2.1057e-06	9.4035e-01	5.9639e-02	1.3235e-05	1.1755e-36	1.1755e-36	1.1755e-36	4.8209e-15	0.00e+00	0.00e+00	1.7651e+02
1.38128e+17	4.4072e+03	7.823e-20	5.9948e+02	5.4939e+01	3.6888e-07	9.2590e-01	7.4103e-02	8.0732e-01	1.8558e-01	7.1013e-03	2.1163e-09	1.7647e-03	9.7928e-01	1.8953e-02	2.1025e-06	9.4105e-01	5.8936e-02	1.3041e-05	1.1755e-36	1.1755e-36	1.1755e-36	5.5989e-15	0.00e+00	0.00e+00	1.7888e+02
1.38774e+17	4.3515e+03	7.688e-20	5.9948e+02	5.4303e+01	4.0646e-07	9.2681e-01	7.3194e-02	8.0981e-01	1.8325e-01	6.9446e-03	2.2576e-09	1.7508e-03	9.7948e-01	1.8763e-02	2.0991e-06	9.4182e-01	5.8169e-02	1.2832e-05	1.1755e-36	1.1755e-36	1.1755e-36	6.3813e-15	0.00e+00	0.00e+00	1.8104e+02
1.39414e+17	4.2861e+03	7.560e-20	5.9948e+02	5.3680e+01	4.5514e-07	9.2752e-01	7.2480e-02	8.1249e-01	1.8074e-01	6.7710e-03	2.4272e-09	1.7385e-03	9.7971e-01	1.8545e-02	2.0965e-06	9.4244e-01	5.7552e-02	1.2665e-05	1.1755e-36	1.1755e-36	1.1755e-36	7.3926e-15	0.00e+00	0.00e+00	1.8337e+02
1.40058e+17	4.2325e+03	7.435e-20	5.9948e+02	5.3069e+01	5.0063e-07	9.2834e-01	7.1659e-02	8.1479e-01	1.7859e-01	6.6265e-03	2.5875e-09	1.7253e-03	9.7991e-01	1.8367e-02	2.0936e-06	9.4313e-01	5.6857e-02	1.2480e-05	1.1755e-36	1.1755e-36	1.1755e-36	8.4154e-15	0.00e+00	0.00e+00	1.8556e+02
1.40712e+17	4.1669e+03	7.312e-20	5.9948e+02	5.2463e+01	5.6224e-07	9.2911e-01	7.0889e-02	8.1739e-01	1.7616e-01	6.4584e-03	2.7918e-09	1.7138e-03	9.8013e-01	1.8152e-02	2.0912e-06	9.4379e-01	5.6196e-02	1.2316e-05	1.1755e-36	1.1755e-36	1.1755e-36	9.8222e-15	0.00e+00	0.00e+00	1.8797e+02
1.41366e+17	4.1141e+03	7.191e-20	5.9948e+02	5.1859e+01	6.1863e-07	9.2999e-01	7.0007e-02	8.1955e-01	1.7413e-01	6.3237e-03	2.9811e-09	1.7010e-03	9.8031e-01	1.7985e-02	2.0885e-06	9.4453e-01	5.5454e-02	1.2132e-05	1.1755e-36	1.1755e-36	1.1755e-36	1.1222e-14	0.00e+00	0.00e+00	1.9017e+02
1.42022e+17	4.0566e+03	7.074e-20	5.9948e+02	5.1282e+01	6.8568e-07	9.3069e-01	6.9304e-02	8.2190e-01	1.7192e-01	6.1745e-03	3.1931e-09	1.6897e-03	9.8052e-01	1.7790e-02	2.0862e-06	9.4514e-01	5.4852e-02	1.1979e-05	1.1755e-36	1.1755e-36	1.1755e-36	1.2894e-14	0.00e+00	0.00e+00	1.9258e+02
1.42715e+17	3.9905e+03	6.943e-20	5.9948e+02	5.0557e+01	7.7298e-07	9.3178e-01	6.8219e-02	8.2425e-01	1.6971e-01	6.0347e-03	3.4663e-09	1.6749e-03	9.8072e-01	1.7601e-02	2.0839e-06	9.4605e-01	5.3937e-02	1.1780e-05	1.1755e-36	1.1755e-36	1.1755e-36	1.5251e-14	0.00e+00	0.00e+00	1.9505e+02
