#depth	Te	Htot	hden	eden	2H_2/H	HI	HII	HeI	HeII	HeIII	CO/C	C1	C2	C3	C4	O1	O2	O3	O4	O5	O6	H2O/O	AV(point)	AV(extend)	Tau912
2.60567e+11	1.0006e+04	8.290e-16	1.2916e+04	1.3807e+04	3.1320e-13	3.5393e-02	9.6461e-01	3.0300e-02	7.6938e-01	2.0032e-01	5.2915e-14	5.0112e-03	4.0883e-01	5.8162e-01	4.5099e-03	3.1732e-02	7.1616e-01	2.4875e-01	3.3371e-03	1.8056e-05	1.1755e-36	1.2784e-21	0.00e+00	0.00e+00	1.5042e-03
1.56340e+12	9.9963e+03	8.260e-16	1.2916e+04	1.3776e+04	3.1237e-13	3.5256e-02	9.6474e-01	3.0236e-02	7.6915e-01	2.0062e-01	5.2292e-14	4.9776e-03	4.0838e-01	5.8208e-01	4.5359e-03	3.1568e-02	7.1530e-01	2.4975e-01	3.3590e-03	1.8198e-05	1.1755e-36	1.2568e-21	0.00e+00	0.00e+00	7.4978e-03
6.77473e+12	9.9813e+03	8.212e-16	1.2916e+04	1.3768e+04	3.1177e-13	3.5114e-02	9.6489e-01	3.0269e-02	7.6936e-01	2.0037e-01	5.1776e-14	4.9563e-03	4.0858e-01	5.8190e-01	4.5481e-03	3.1397e-02	7.1430e-01	2.5092e-01	3.3688e-03	1.8230e-05	1.1755e-36	1.2379e-21	0.00e+00	0.00e+00	3.1375e-02
2.76201e+13	9.9381e+03	8.100e-16	1.2916e+04	1.3766e+04	3.1526e-13	3.5009e-02	9.6499e-01	3.0496e-02	7.7103e-01	1.9848e-01	5.1397e-14	4.9578e-03	4.0982e-01	5.8068e-01	4.5170e-03	3.1229e-02	7.1232e-01	2.5310e-01	3.3341e-03	1.7933e-05	1.1755e-36	1.2220e-21	0.00e+00	0.00e+00	1.2660e-01
6.59755e+13	9.7840e+03	7.732e-16	1.2916e+04	1.3783e+04	3.0102e-13	3.3241e-02	9.6676e-01	3.0616e-02	7.7146e-01	1.9792e-01	4.5420e-14	4.8246e-03	4.1050e-01	5.7995e-01	4.7043e-03	2.9079e-02	6.9921e-01	2.6811e-01	3.5902e-03	1.9032e-05	1.1755e-36	1.0179e-21	0.00e+00	0.00e+00	2.4414e-01
1.15837e+14	9.6605e+03	7.458e-16	1.2916e+04	1.3797e+04	2.9742e-13	3.2275e-02	9.6772e-01	3.0883e-02	7.7352e-01	1.9559e-01	4.2263e-14	4.7689e-03	4.1198e-01	5.7847e-01	4.7616e-03	2.7892e-02	6.9080e-01	2.7763e-01	3.6658e-03	1.9132e-05	1.1755e-36	9.1424e-22	0.00e+00	0.00e+00	3.9251e-01
1.80658e+14	9.5486e+03	7.247e-16	1.2916e+04	1.3797e+04	3.0547e-13	3.1993e-02	9.6801e-01	3.1328e-02	7.7739e-01	1.9128e-01	4.1209e-14	4.7782e-03	4.1430e-01	5.7621e-01	4.6894e-03	2.7491e-02	6.8639e-01	2.8254e-01	3.5630e-03	1.8289e-05	1.1755e-36	8.7861e-22	0.00e+00	0.00e+00	5.8370e-01
2.64925e+14	9.4822e+03	7.084e-16	1.2916e+04	1.3784e+04	3.2330e-13	3.2469e-02	9.6753e-01	3.1955e-02	7.8330e-01	1.8474e-01	4.2389e-14	4.8656e-03	4.1754e-01	5.7310e-01	4.4720e-03	2.7983e-02	6.8736e-01	2.8138e-01	3.2591e-03	1.6470e-05	1.1755e-36	9.1370e-22	0.00e+00	0.00e+00	8.3594e-01
3.68925e+14	9.4330e+03	6.993e-16	1.2916e+04	1.3759e+04	3.6066e-13	3.3929e-02	9.6607e-01	3.2880e-02	7.9136e-01	1.7576e-01	4.6696e-14	5.0516e-03	4.2237e-01	5.6845e-01	4.1047e-03	2.9614e-02	6.9428e-01	2.7331e-01	2.7842e-03	1.3889e-05	1.1755e-36	1.0477e-21	0.00e+00	0.00e+00	1.1479e+00
4.79243e+14	9.4272e+03	6.976e-16	1.2916e+04	1.3714e+04	4.1499e-13	3.6314e-02	9.6369e-01	3.3953e-02	7.9984e-01	1.6621e-01	5.4413e-14	5.3170e-03	4.2802e-01	5.6298e-01	3.6692e-03	3.2372e-02	7.0660e-01	2.5876e-01	2.2581e-03	1.1222e-05	1.1755e-36	1.3022e-21	0.00e+00	0.00e+00	1.4674e+00
5.95991e+14	9.4583e+03	7.051e-16	1.2916e+04	1.3649e+04	5.0943e-13	4.0387e-02	9.5961e-01	3.5613e-02	8.0973e-01	1.5465e-01	6.9874e-14	5.7527e-03	4.3704e-01	5.5407e-01	3.1190e-03	3.7218e-02	7.2652e-01	2.3458e-01	1.6746e-03	8.3991e-06	1.1755e-36	1.8471e-21	0.00e+00	0.00e+00	1.8811e+00
7.30855e+14	9.5243e+03	7.211e-16	1.2916e+04	1.3549e+04	6.7790e-13	4.6991e-02	9.5301e-01	3.8004e-02	8.2068e-01	1.4131e-01	1.0003e-13	6.4015e-03	4.5001e-01	5.4108e-01	2.4941e-03	4.5209e-02	7.5220e-01	2.0148e-01	1.1076e-03	5.7308e-06	1.1755e-36	3.0433e-21	0.00e+00	0.00e+00	2.4335e+00
8.70047e+14	9.6278e+03	7.463e-16	1.2916e+04	1.3400e+04	9.5891e-13	5.6648e-02	9.4335e-01	4.0979e-02	8.3062e-01	1.2840e-01	1.5503e-13	7.2152e-03	4.6549e-01	5.2537e-01	1.9086e-03	5.6995e-02	7.7760e-01	1.6473e-01	6.7178e-04	3.6972e-06	1.1755e-36	5.6117e-21	0.00e+00	0.00e+00	3.0537e+00
9.88671e+14	9.7378e+03	7.759e-16	1.2916e+04	1.3241e+04	1.3676e-12	6.8512e-02	9.3149e-01	4.4092e-02	8.3780e-01	1.1811e-01	2.4177e-13	8.0680e-03	4.8169e-01	5.0878e-01	1.4601e-03	7.1533e-02	7.9581e-01	1.3225e-01	4.0582e-04	2.4227e-06	1.1755e-36	1.0447e-20	0.00e+00	0.00e+00	3.6292e+00
1.08054e+15	9.8158e+03	8.051e-16	1.2916e+04	1.3110e+04	1.8942e-12	8.1045e-02	9.1896e-01	4.7066e-02	8.4272e-01	1.1022e-01	3.5848e-13	8.8534e-03	4.9661e-01	4.9337e-01	1.1517e-03	8.6797e-02	8.0450e-01	1.0844e-01	2.6132e-04	1.6943e-06	1.1755e-36	1.8161e-20	0.00e+00	0.00e+00	4.1629e+00
1.15822e+15	9.9022e+03	8.222e-16	1.2916e+04	1.2882e+04	2.5038e-12	9.3736e-02	9.0626e-01	5.0199e-02	8.4566e-01	1.0414e-01	5.0197e-13	9.5169e-03	5.1081e-01	4.7874e-01	9.3130e-04	1.0238e-01	8.0833e-01	8.9115e-02	1.7414e-04	1.2316e-06	1.1755e-36	2.8973e-20	0.00e+00	0.00e+00	4.7333e+00
1.23126e+15	9.9455e+03	8.416e-16	1.2916e+04	1.2683e+04	3.3857e-12	1.0856e-01	8.9144e-01	5.3649e-02	8.4805e-01	9.8304e-02	7.0868e-13	1.0216e-02	5.2616e-01	4.6287e-01	7.4953e-04	1.2037e-01	8.0642e-01	7.3099e-02	1.1614e-04	8.9879e-07	1.1755e-36	4.6814e-20	0.00e+00	0.00e+00	5.3660e+00
1.30087e+15	9.9843e+03	8.574e-16	1.2916e+04	1.2453e+04	4.5770e-12	1.2539e-01	8.7461e-01	5.7439e-02	8.4953e-01	9.3033e-02	9.9430e-13	1.0887e-02	5.4201e-01	4.4649e-01	6.0302e-04	1.4063e-01	7.9966e-01	5.9637e-02	7.7478e-05	6.5885e-07	1.1755e-36	7.5042e-20	0.00e+00	0.00e+00	6.0589e+00
1.36755e+15	1.0011e+04	8.689e-16	1.2916e+04	1.2197e+04	6.2031e-12	1.4438e-01	8.5562e-01	6.1629e-02	8.5012e-01	8.8254e-02	1.3887e-12	1.1532e-02	5.5866e-01	4.2932e-01	4.8455e-04	1.6331e-01	7.8824e-01	4.8394e-02	5.1704e-05	4.8398e-07	1.1755e-36	1.1954e-19	0.00e+00	0.00e+00	6.8313e+00
1.43282e+15	1.0032e+04	8.749e-16	1.2916e+04	1.1908e+04	8.4239e-12	1.6588e-01	8.3412e-01	6.6320e-02	8.4979e-01	8.3885e-02	1.9345e-12	1.2138e-02	5.7621e-01	4.1127e-01	3.8801e-04	1.8872e-01	7.7227e-01	3.8971e-02	3.4374e-05	3.5468e-07	1.1755e-36	1.8982e-19	0.00e+00	0.00e+00	7.7100e+00
1.49659e+15	1.0028e+04	8.758e-16	1.2916e+04	1.1586e+04	1.1538e-11	1.9006e-01	8.0994e-01	7.1655e-02	8.4856e-01	7.9789e-02	2.6882e-12	1.2695e-02	5.9469e-01	3.9230e-01	3.0981e-04	2.1696e-01	7.5182e-01	3.1192e-02	2.2838e-05	2.5949e-07	1.1755e-36	3.0031e-19	0.00e+00	0.00e+00	8.6799e+00
1.55634e+15	1.0013e+04	8.710e-16	1.2916e+04	1.1256e+04	1.5620e-11	2.1578e-01	7.8422e-01	7.7440e-02	8.4640e-01	7.6158e-02	3.6723e-12	1.3176e-02	6.1329e-01	3.7329e-01	2.4908e-04	2.4664e-01	7.2830e-01	2.5038e-02	1.5433e-05	1.9173e-07	1.1755e-36	4.6425e-19	0.00e+00	0.00e+00	9.6817e+00
1.61049e+15	9.9968e+03	8.602e-16	1.2916e+04	1.0916e+04	2.0528e-11	2.4123e-01	7.5877e-01	8.3286e-02	8.4357e-01	7.3143e-02	4.8457e-12	1.3533e-02	6.3065e-01	3.5561e-01	2.0391e-04	2.7565e-01	7.0395e-01	2.0390e-02	1.0807e-05	1.4530e-07	1.1755e-36	6.8406e-19	0.00e+00	0.00e+00	1.0692e+01
1.66080e+15	9.9692e+03	8.463e-16	1.2916e+04	1.0593e+04	2.6590e-11	2.6706e-01	7.3294e-01	8.9505e-02	8.4011e-01	7.0382e-02	6.2809e-12	1.3835e-02	6.4771e-01	3.3828e-01	1.6844e-04	3.0471e-01	6.7855e-01	1.6735e-02	7.7364e-06	1.1755e-36	1.1755e-36	9.8366e-19	0.00e+00	0.00e+00	1.1765e+01
1.70951e+15	9.9425e+03	8.268e-16	1.2916e+04	1.0244e+04	3.3934e-11	2.9325e-01	7.0675e-01	9.6037e-02	8.3600e-01	6.7959e-02	7.9945e-12	1.4036e-02	6.6430e-01	3.2153e-01	1.4002e-04	3.3381e-01	6.5241e-01	1.3775e-02	5.6168e-06	1.1755e-36	1.1755e-36	1.3788e-18	0.00e+00	0.00e+00	1.2916e+01
1.75753e+15	9.9113e+03	8.035e-16	1.2916e+04	9.8848e+03	4.3003e-11	3.2023e-01	6.7977e-01	1.0313e-01	8.3117e-01	6.5693e-02	1.0080e-11	1.4167e-02	6.8089e-01	3.0482e-01	1.1658e-04	3.6341e-01	6.2526e-01	1.1330e-02	4.1089e-06	1.1755e-36	1.1755e-36	1.9075e-18	0.00e+00	0.00e+00	1.4168e+01
1.80513e+15	9.8742e+03	7.765e-16	1.2916e+04	9.5164e+03	5.4166e-11	3.4785e-01	6.5215e-01	1.1085e-01	8.2559e-01	6.3566e-02	1.2596e-11	1.4231e-02	6.9747e-01	2.8820e-01	9.7163e-05	3.9333e-01	5.9736e-01	9.3070e-03	3.0279e-06	1.1755e-36	1.1755e-36	2.6064e-18	0.00e+00	0.00e+00	1.5509e+01
1.85197e+15	9.8337e+03	7.468e-16	1.2916e+04	9.1451e+03	6.7573e-11	3.7553e-01	6.2447e-01	1.1912e-01	8.1929e-01	6.1586e-02	1.5561e-11	1.4228e-02	7.1375e-01	2.7194e-01	8.1227e-05	4.2292e-01	5.6942e-01	7.6533e-03	2.2559e-06	1.1755e-36	1.1755e-36	3.5038e-18	0.00e+00	0.00e+00	1.6930e+01
1.89803e+15	9.7898e+03	7.148e-16	1.2916e+04	8.7759e+03	8.3506e-11	4.0297e-01	5.9703e-01	1.2799e-01	8.1232e-01	5.9691e-02	1.9016e-11	1.4169e-02	7.2965e-01	2.5611e-01	6.8112e-05	4.5189e-01	5.4181e-01	6.3012e-03	1.7002e-06	1.1755e-36	1.1755e-36	4.6392e-18	0.00e+00	0.00e+00	1.8432e+01
1.94262e+15	9.7446e+03	6.822e-16	1.2916e+04	8.4186e+03	1.0169e-10	4.2936e-01	5.7064e-01	1.3719e-01	8.0484e-01	5.7968e-02	2.2877e-11	1.4055e-02	7.4476e-01	2.4113e-01	5.7511e-05	4.7940e-01	5.1538e-01	5.2188e-03	1.3044e-06	1.1755e-36	1.1755e-36	6.0054e-18	0.00e+00	0.00e+00	1.9954e+01
1.98484e+15	9.6992e+03	6.501e-16	1.2916e+04	8.0837e+03	1.2169e-10	4.5400e-01	5.4600e-01	1.4653e-01	7.9707e-01	5.6392e-02	2.7044e-11	1.3905e-02	7.5876e-01	2.2729e-01	4.9043e-05	5.0478e-01	4.9086e-01	4.3645e-03	1.0233e-06	1.1755e-36	1.1755e-36	7.5813e-18	0.00e+00	0.00e+00	2.1471e+01
2.02510e+15	9.6534e+03	6.189e-16	1.2916e+04	7.7702e+03	1.4359e-10	4.7708e-01	5.2292e-01	1.5605e-01	7.8903e-01	5.4912e-02	3.1524e-11	1.3731e-02	7.7181e-01	2.1441e-01	4.2152e-05	5.2829e-01	4.6803e-01	3.6793e-03	8.1792e-07	1.1755e-36	1.1755e-36	9.3793e-18	0.00e+00	0.00e+00	2.3010e+01
2.06448e+15	9.6069e+03	5.881e-16	1.2916e+04	7.4706e+03	1.6790e-10	4.9919e-01	5.0081e-01	1.6595e-01	7.8057e-01	5.3480e-02	3.6423e-11	1.3537e-02	7.8426e-01	2.0217e-01	3.6362e-05	5.5059e-01	4.4630e-01	3.1121e-03	6.6171e-07	1.1755e-36	1.1755e-36	1.1456e-17	0.00e+00	0.00e+00	2.4606e+01
2.10365e+15	9.5568e+03	5.575e-16	1.2916e+04	7.1721e+03	1.9516e-10	5.2046e-01	4.7954e-01	1.7619e-01	7.7169e-01	5.2118e-02	4.1735e-11	1.3304e-02	7.9611e-01	1.9056e-01	3.1451e-05	5.7183e-01	4.2553e-01	2.6372e-03	5.4071e-07	1.1755e-36	1.1755e-36	1.3815e-17	0.00e+00	0.00e+00	2.6267e+01
2.14201e+15	9.5057e+03	5.283e-16	1.2916e+04	6.9000e+03	2.2561e-10	5.4120e-01	4.5880e-01	1.8706e-01	7.6221e-01	5.0728e-02	4.7690e-11	1.3085e-02	8.0755e-01	1.7934e-01	2.7248e-05	5.9233e-01	4.0543e-01	2.2372e-03	4.4582e-07	1.1755e-36	1.1755e-36	1.6607e-17	0.00e+00	0.00e+00	2.7926e+01
2.17256e+15	9.4749e+03	5.053e-16	1.2916e+04	6.6788e+03	2.5014e-10	5.5633e-01	4.4367e-01	1.9543e-01	7.5473e-01	4.9847e-02	5.2393e-11	1.2861e-02	8.1581e-01	1.7130e-01	2.4486e-05	6.0717e-01	3.9086e-01	1.9722e-03	3.8695e-07	1.1755e-36	1.1755e-36	1.8882e-17	0.00e+00	0.00e+00	2.8993e+01
2.19425e+15	9.4431e+03	4.895e-16	1.2916e+04	6.5370e+03	2.6976e-10	5.6698e-01	4.3302e-01	2.0208e-01	7.4885e-01	4.9068e-02	5.6113e-11	1.2731e-02	8.2188e-01	1.6537e-01	2.2629e-05	6.1756e-01	3.8064e-01	1.8023e-03	3.5053e-07	1.1755e-36	1.1755e-36	2.0718e-17	0.00e+00	0.00e+00	2.9911e+01
2.21589e+15	9.4014e+03	4.739e-16	1.2916e+04	6.3995e+03	2.9260e-10	5.7801e-01	4.2199e-01	2.0929e-01	7.4255e-01	4.8162e-02	6.0338e-11	1.2612e-02	8.2808e-01	1.5928e-01	2.0839e-05	6.2827e-01	3.7009e-01	1.6423e-03	3.1708e-07	1.1755e-36	1.1755e-36	2.2865e-17	0.00e+00	0.00e+00	3.1015e+01
2.24089e+15	9.3736e+03	4.553e-16	1.2916e+04	6.2226e+03	3.1709e-10	5.8965e-01	4.1035e-01	2.1694e-01	7.3570e-01	4.7355e-02	6.4859e-11	1.2411e-02	8.3453e-01	1.5304e-01	1.9045e-05	6.3951e-01	3.5901e-01	1.4790e-03	2.8432e-07	1.1755e-36	1.1755e-36	2.5182e-17	0.00e+00	0.00e+00	3.2293e+01
2.26838e+15	9.3305e+03	4.360e-16	1.2916e+04	6.0422e+03	3.4857e-10	6.0290e-01	3.9710e-01	2.2599e-01	7.2761e-01	4.6402e-02	7.0569e-11	1.2211e-02	8.4161e-01	1.4617e-01	1.7221e-05	6.5223e-01	3.4646e-01	1.3152e-03	2.5237e-07	1.1755e-36	1.1755e-36	2.8220e-17	0.00e+00	0.00e+00	3.3689e+01
2.29584e+15	9.2893e+03	4.173e-16	1.2916e+04	5.8699e+03	3.8238e-10	6.1595e-01	3.8405e-01	2.3532e-01	7.1922e-01	4.5465e-02	7.6752e-11	1.2013e-02	8.4843e-01	1.3954e-01	1.5587e-05	6.6468e-01	3.3415e-01	1.1691e-03	2.2480e-07	1.1755e-36	1.1755e-36	3.1625e-17	0.00e+00	0.00e+00	3.5022e+01
2.32153e+15	9.2567e+03	4.001e-16	1.2916e+04	5.7039e+03	4.1416e-10	6.2728e-01	3.7272e-01	2.4387e-01	7.1145e-01	4.4684e-02	8.2438e-11	1.1801e-02	8.5439e-01	1.3379e-01	1.4241e-05	6.7543e-01	3.2352e-01	1.0498e-03	2.0304e-07	1.1755e-36	1.1755e-36	3.4782e-17	0.00e+00	0.00e+00	3.6293e+01
2.34718e+15	9.2127e+03	3.836e-16	1.2916e+04	5.5503e+03	4.5090e-10	6.3887e-01	3.6113e-01	2.5321e-01	7.0300e-01	4.3785e-02	8.8930e-11	1.1613e-02	8.6044e-01	1.2793e-01	1.2975e-05	6.8638e-01	3.1268e-01	9.4043e-04	1.8346e-07	1.1755e-36	1.1755e-36	3.8487e-17	0.00e+00	0.00e+00	3.7670e+01
2.37396e+15	9.1731e+03	3.666e-16	1.2916e+04	5.3880e+03	4.9035e-10	6.5046e-01	3.4954e-01	2.6287e-01	6.9420e-01	4.2930e-02	9.5862e-11	1.1397e-02	8.6638e-01	1.2221e-01	1.1799e-05	6.9726e-01	3.0190e-01	8.3910e-04	1.6578e-07	1.1755e-36	1.1755e-36	4.2519e-17	0.00e+00	0.00e+00	3.9110e+01
2.40128e+15	9.1340e+03	3.500e-16	1.2916e+04	5.2269e+03	5.3301e-10	6.6199e-01	3.3801e-01	2.7292e-01	6.8501e-01	4.2072e-02	1.0335e-10	1.1174e-02	8.7220e-01	1.1661e-01	1.0720e-05	7.0802e-01	2.9123e-01	7.4700e-04	1.5003e-07	1.1755e-36	1.1755e-36	4.6970e-17	0.00e+00	0.00e+00	4.0595e+01
2.42884e+15	9.0916e+03	3.337e-16	1.2916e+04	5.0652e+03	5.7937e-10	6.7320e-01	3.2680e-01	2.8314e-01	6.7563e-01	4.1237e-02	1.1122e-10	1.0941e-02	8.7780e-01	1.1125e-01	9.7468e-06	7.1845e-01	2.8089e-01	6.6497e-04	1.3624e-07	1.1755e-36	1.1755e-36	5.1707e-17	0.00e+00	0.00e+00	4.2110e+01
2.45665e+15	9.0473e+03	3.180e-16	1.2916e+04	4.9116e+03	6.3030e-10	6.8445e-01	3.1555e-01	2.9401e-01	6.6564e-01	4.0347e-02	1.1996e-10	1.0719e-02	8.8333e-01	1.0594e-01	8.8504e-06	7.2885e-01	2.7056e-01	5.9051e-04	1.2387e-07	1.1755e-36	1.1755e-36	5.7104e-17	0.00e+00	0.00e+00	4.3674e+01
2.48459e+15	9.0024e+03	3.028e-16	1.2916e+04	4.7581e+03	6.8464e-10	6.9528e-01	3.0472e-01	3.0494e-01	6.5556e-01	3.9498e-02	1.2905e-10	1.0487e-02	8.8859e-01	1.0091e-01	8.0499e-06	7.3882e-01	2.6066e-01	5.2473e-04	1.1755e-36	1.1755e-36	1.1755e-36	6.2778e-17	0.00e+00	0.00e+00	4.5253e+01
2.51261e+15	8.9573e+03	2.881e-16	1.2916e+04	4.6083e+03	7.4263e-10	7.0578e-01	2.9422e-01	3.1612e-01	6.4523e-01	3.8653e-02	1.3867e-10	1.0253e-02	8.9365e-01	9.6087e-02	7.3284e-06	7.4844e-01	2.5110e-01	4.6630e-04	1.1755e-36	1.1755e-36	1.1755e-36	6.8853e-17	0.00e+00	0.00e+00	4.6876e+01
2.54115e+15	8.9117e+03	2.738e-16	1.2916e+04	4.4603e+03	8.0551e-10	7.1616e-01	2.8384e-01	3.2770e-01	6.3450e-01	3.7799e-02	1.4903e-10	1.0017e-02	8.9858e-01	9.1394e-02	6.6687e-06	7.5789e-01	2.4169e-01	4.1356e-04	1.1755e-36	1.1755e-36	1.1755e-36	7.5498e-17	0.00e+00	0.00e+00	4.8563e+01
2.57025e+15	8.8656e+03	2.598e-16	1.2916e+04	4.3136e+03	8.7372e-10	7.2640e-01	2.7360e-01	3.3967e-01	6.2338e-01	3.6944e-02	1.6020e-10	9.7754e-03	9.0337e-01	8.6847e-02	6.0679e-06	7.6719e-01	2.3245e-01	3.6610e-04	1.1755e-36	1.1755e-36	1.1755e-36	8.2750e-17	0.00e+00	0.00e+00	5.0300e+01
2.59967e+15	8.8164e+03	2.464e-16	1.2916e+04	4.1679e+03	9.4809e-10	7.3634e-01	2.6366e-01	3.5180e-01	6.1210e-01	3.6105e-02	1.7198e-10	9.5287e-03	9.0795e-01	8.2511e-02	5.5287e-06	7.7616e-01	2.2351e-01	3.2409e-04	1.1755e-36	1.1755e-36	1.1755e-36	9.0448e-17	0.00e+00	0.00e+00	5.2072e+01
2.62939e+15	8.7653e+03	2.335e-16	1.2916e+04	4.0288e+03	1.0293e-09	7.4620e-01	2.5380e-01	3.6454e-01	6.0023e-01	3.5223e-02	1.8494e-10	9.2922e-03	9.1243e-01	7.8275e-02	5.0374e-06	7.8503e-01	2.1469e-01	2.8638e-04	1.1755e-36	1.1755e-36	1.1755e-36	9.9046e-17	0.00e+00	0.00e+00	5.3893e+01
2.65928e+15	8.7154e+03	2.212e-16	1.2916e+04	3.8913e+03	1.1150e-09	7.5560e-01	2.4440e-01	3.7726e-01	5.8836e-01	3.4382e-02	1.9837e-10	9.0501e-03	9.1665e-01	7.4294e-02	4.6015e-06	7.9345e-01	2.0630e-01	2.5333e-04	1.1755e-36	1.1755e-36	1.1755e-36	1.0797e-16	0.00e+00	0.00e+00	5.5733e+01
2.68943e+15	8.6649e+03	2.093e-16	1.2916e+04	3.7577e+03	1.2068e-09	7.6468e-01	2.3532e-01	3.9020e-01	5.7626e-01	3.3535e-02	2.1259e-10	8.8104e-03	9.2069e-01	7.0494e-02	4.2099e-06	8.0155e-01	1.9823e-01	2.2414e-04	1.1755e-36	1.1755e-36	1.1755e-36	1.1745e-16	0.00e+00	0.00e+00	5.7632e+01
2.72032e+15	8.6139e+03	1.979e-16	1.2916e+04	3.6257e+03	1.3067e-09	7.7366e-01	2.2634e-01	4.0359e-01	5.6373e-01	3.2678e-02	2.2802e-10	8.5687e-03	9.2462e-01	6.6809e-02	3.8528e-06	8.0952e-01	1.9028e-01	1.9785e-04	1.1755e-36	1.1755e-36	1.1755e-36	1.2779e-16	0.00e+00	0.00e+00	5.9608e+01
2.75187e+15	8.5584e+03	1.868e-16	1.2916e+04	3.4945e+03	1.4181e-09	7.8248e-01	2.1752e-01	4.1724e-01	5.5094e-01	3.1818e-02	2.4465e-10	8.3240e-03	9.2840e-01	6.3275e-02	3.5308e-06	8.1732e-01	1.8250e-01	1.7445e-04	1.1755e-36	1.1755e-36	1.1755e-36	1.3899e-16	0.00e+00	0.00e+00	6.1635e+01
2.78370e+15	8.4993e+03	1.764e-16	1.2916e+04	3.3693e+03	1.5398e-09	7.9108e-01	2.0892e-01	4.3127e-01	5.3779e-01	3.0938e-02	2.6258e-10	8.0884e-03	9.3202e-01	5.9889e-02	3.2422e-06	8.2491e-01	1.7494e-01	1.5380e-04	1.1755e-36	1.1755e-36	1.1755e-36	1.5107e-16	0.00e+00	0.00e+00	6.3692e+01
2.81559e+15	8.4492e+03	1.664e-16	1.2916e+04	3.2470e+03	1.6617e-09	7.9904e-01	2.0096e-01	4.4497e-01	5.2492e-01	3.0113e-02	2.8068e-10	7.8502e-03	9.3538e-01	5.6766e-02	2.9896e-06	8.3190e-01	1.6796e-01	1.3596e-04	1.1755e-36	1.1755e-36	1.1755e-36	1.6315e-16	0.00e+00	0.00e+00	6.5771e+01
2.84827e+15	8.3829e+03	1.569e-16	1.2916e+04	3.1293e+03	1.8081e-09	8.0714e-01	1.9286e-01	4.5957e-01	5.1123e-01	2.9201e-02	3.0129e-10	7.6238e-03	9.3870e-01	5.3672e-02	2.7570e-06	8.3899e-01	1.6089e-01	1.1988e-04	1.1755e-36	1.1755e-36	1.1755e-36	1.7695e-16	0.00e+00	0.00e+00	6.7972e+01
2.88174e+15	8.3330e+03	1.478e-16	1.2916e+04	3.0108e+03	1.9501e-09	8.1469e-01	1.8531e-01	4.7372e-01	4.9790e-01	2.8383e-02	3.2198e-10	7.3843e-03	9.4179e-01	5.0824e-02	2.5518e-06	8.4558e-01	1.5432e-01	1.0576e-04	1.1755e-36	1.1755e-36	1.1755e-36	1.9063e-16	0.00e+00	0.00e+00	7.0198e+01
2.91551e+15	8.2656e+03	1.392e-16	1.2916e+04	2.8976e+03	2.1201e-09	8.2214e-01	1.7786e-01	4.8833e-01	4.8416e-01	2.7508e-02	3.4473e-10	7.1574e-03	9.4476e-01	4.8078e-02	2.3681e-06	8.5205e-01	1.4785e-01	9.3380e-05	1.1755e-36	1.1755e-36	1.1755e-36	2.0552e-16	0.00e+00	0.00e+00	7.2480e+01
2.94993e+15	8.2000e+03	1.310e-16	1.2916e+04	2.7893e+03	2.3020e-09	8.2935e-01	1.7065e-01	5.0316e-01	4.7022e-01	2.6618e-02	3.6920e-10	6.9383e-03	9.4759e-01	4.5466e-02	2.2033e-06	8.5831e-01	1.4161e-01	8.2438e-05	1.1755e-36	1.1755e-36	1.1755e-36	2.2153e-16	0.00e+00	0.00e+00	7.4834e+01
2.98513e+15	8.1359e+03	1.232e-16	1.2916e+04	2.6828e+03	2.4962e-09	8.3623e-01	1.6377e-01	5.1794e-01	4.5631e-01	2.5750e-02	3.9479e-10	6.7178e-03	9.5027e-01	4.3010e-02	2.0566e-06	8.6425e-01	1.3568e-01	7.2825e-05	1.1755e-36	1.1755e-36	1.1755e-36	2.3798e-16	0.00e+00	0.00e+00	7.7261e+01
3.02085e+15	8.0686e+03	1.159e-16	1.2916e+04	2.5801e+03	2.7091e-09	8.4282e-01	1.5718e-01	5.3266e-01	4.4246e-01	2.4886e-02	4.2181e-10	6.5031e-03	9.5279e-01	4.0705e-02	1.9269e-06	8.6992e-01	1.3001e-01	6.4438e-05	1.1755e-36	1.1755e-36	1.1755e-36	2.5509e-16	0.00e+00	0.00e+00	7.9725e+01
3.05679e+15	8.0015e+03	1.091e-16	1.2916e+04	2.4830e+03	2.9358e-09	8.4901e-01	1.5099e-01	5.4722e-01	4.2875e-01	2.4028e-02	4.4998e-10	6.2978e-03	9.5514e-01	3.8560e-02	1.8129e-06	8.7524e-01	1.2470e-01	5.7192e-05	1.1755e-36	1.1755e-36	1.1755e-36	2.7261e-16	0.00e+00	0.00e+00	8.2220e+01
3.09323e+15	7.9296e+03	1.027e-16	1.2916e+04	2.3899e+03	3.1884e-09	8.5492e-01	1.4508e-01	5.6172e-01	4.1512e-01	2.3162e-02	4.7986e-10	6.0991e-03	9.5736e-01	3.6542e-02	1.7119e-06	8.8031e-01	1.1964e-01	5.0869e-05	1.1755e-36	1.1755e-36	1.1755e-36	2.9093e-16	0.00e+00	0.00e+00	8.4788e+01
3.13057e+15	7.8551e+03	9.664e-17	1.2916e+04	2.2997e+03	3.4652e-09	8.6062e-01	1.3938e-01	5.7621e-01	4.0149e-01	2.2301e-02	5.1135e-10	5.9065e-03	9.5945e-01	3.4637e-02	1.6214e-06	8.8519e-01	1.1477e-01	4.5283e-05	1.1755e-36	1.1755e-36	1.1755e-36	3.0976e-16	0.00e+00	0.00e+00	8.7444e+01
3.16880e+15	7.7820e+03	9.092e-17	1.2916e+04	2.2125e+03	3.7623e-09	8.6603e-01	1.3397e-01	5.9046e-01	3.8808e-01	2.1459e-02	5.4416e-10	5.7164e-03	9.6142e-01	3.2860e-02	1.5413e-06	8.8980e-01	1.1016e-01	4.0388e-05	1.1755e-36	1.1755e-36	1.1755e-36	3.2896e-16	0.00e+00	0.00e+00	9.0171e+01
3.20768e+15	7.7070e+03	8.558e-17	1.2916e+04	2.1297e+03	4.0864e-09	8.7116e-01	1.2884e-01	6.0450e-01	3.7488e-01	2.0621e-02	5.7857e-10	5.5350e-03	9.6326e-01	3.1203e-02	1.4704e-06	8.9417e-01	1.0580e-01	3.6122e-05	1.1755e-36	1.1755e-36	1.1755e-36	3.4873e-16	0.00e+00	0.00e+00	9.2952e+01
3.24740e+15	7.6248e+03	8.058e-17	1.2916e+04	2.0506e+03	4.4568e-09	8.7607e-01	1.2393e-01	6.1842e-01	3.6181e-01	1.9772e-02	6.1517e-10	5.3603e-03	9.6500e-01	2.9642e-02	1.4075e-06	8.9834e-01	1.0163e-01	3.2385e-05	1.1755e-36	1.1755e-36	1.1755e-36	3.6946e-16	0.00e+00	0.00e+00	9.5831e+01
3.28845e+15	7.5417e+03	7.583e-17	1.2916e+04	1.9740e+03	4.8619e-09	8.8077e-01	1.1923e-01	6.3219e-01	3.4888e-01	1.8935e-02	6.5329e-10	5.1912e-03	9.6663e-01	2.8175e-02	1.3510e-06	9.0233e-01	9.7644e-02	2.9075e-05	1.1755e-36	1.1755e-36	1.1755e-36	3.9032e-16	0.00e+00	0.00e+00	9.8833e+01
3.33089e+15	7.4580e+03	7.135e-17	1.2916e+04	1.9004e+03	5.3074e-09	8.8526e-01	1.1474e-01	6.4571e-01	3.3619e-01	1.8108e-02	6.9340e-10	5.0263e-03	9.6817e-01	2.6801e-02	1.3007e-06	9.0613e-01	9.3846e-02	2.6154e-05	1.1755e-36	1.1755e-36	1.1755e-36	4.1200e-16	0.00e+00	0.00e+00	1.0194e+02
3.37468e+15	7.3762e+03	6.713e-17	1.2916e+04	1.8291e+03	5.7855e-09	8.8941e-01	1.1059e-01	6.5875e-01	3.2394e-01	1.7311e-02	7.3390e-10	4.8641e-03	9.6960e-01	2.5530e-02	1.2562e-06	9.0964e-01	9.0341e-02	2.3607e-05	1.1755e-36	1.1755e-36	1.1755e-36	4.3286e-16	0.00e+00	0.00e+00	1.0517e+02
3.41972e+15	7.2790e+03	6.321e-17	1.2916e+04	1.7629e+03	6.3732e-09	8.9356e-01	1.0644e-01	6.7186e-01	3.1167e-01	1.6474e-02	7.7926e-10	4.7158e-03	9.7096e-01	2.4321e-02	1.2164e-06	9.1314e-01	8.6840e-02	2.1348e-05	1.1755e-36	1.1755e-36	1.1755e-36	4.5717e-16	0.00e+00	0.00e+00	1.0849e+02
3.46683e+15	7.1855e+03	5.946e-17	1.2916e+04	1.6966e+03	7.0005e-09	8.9731e-01	1.0269e-01	6.8444e-01	2.9987e-01	1.5688e-02	8.2328e-10	4.5640e-03	9.7224e-01	2.3198e-02	1.1810e-06	9.1630e-01	8.3681e-02	1.9369e-05	1.1755e-36	1.1755e-36	1.1755e-36	4.7845e-16	0.00e+00	0.00e+00	1.1205e+02
3.51601e+15	7.0805e+03	5.595e-17	1.2916e+04	1.6349e+03	7.7670e-09	9.0115e-01	9.8845e-02	6.9699e-01	2.8813e-01	1.4873e-02	8.7360e-10	4.4244e-03	9.7344e-01	2.2133e-02	1.1491e-06	9.1954e-01	8.0445e-02	1.7584e-05	1.1755e-36	1.1755e-36	1.1755e-36	5.0508e-16	0.00e+00	0.00e+00	1.1571e+02
3.56727e+15	6.9745e+03	5.264e-17	1.2916e+04	1.5753e+03	8.6241e-09	9.0466e-01	9.5339e-02	7.0915e-01	2.7677e-01	1.4080e-02	9.2434e-10	4.2882e-03	9.7457e-01	2.1139e-02	1.1208e-06	9.2249e-01	7.7496e-02	1.6028e-05	1.1755e-36	1.1755e-36	1.1755e-36	5.3058e-16	0.00e+00	0.00e+00	1.1960e+02
3.62154e+15	6.8639e+03	4.948e-17	1.2916e+04	1.5177e+03	9.6275e-09	9.0810e-01	9.1903e-02	7.2106e-01	2.6564e-01	1.3294e-02	9.7883e-10	4.1558e-03	9.7564e-01	2.0200e-02	1.0952e-06	9.2538e-01	7.4610e-02	1.4626e-05	1.1755e-36	1.1755e-36	1.1755e-36	5.5875e-16	0.00e+00	0.00e+00	1.2373e+02
3.67886e+15	6.7483e+03	4.650e-17	1.2916e+04	1.4622e+03	1.0807e-08	9.1138e-01	8.8619e-02	7.3264e-01	2.5484e-01	1.2521e-02	1.0364e-09	4.0277e-03	9.7665e-01	1.9320e-02	1.0724e-06	9.2813e-01	7.1854e-02	1.3381e-05	1.1755e-36	1.1755e-36	1.1755e-36	5.8900e-16	0.00e+00	0.00e+00	1.2810e+02
3.73520e+15	6.6372e+03	4.391e-17	1.2916e+04	1.4129e+03	1.2082e-08	9.1425e-01	8.5753e-02	7.4288e-01	2.4529e-01	1.1834e-02	1.0915e-09	3.9133e-03	9.7751e-01	1.8577e-02	1.0538e-06	9.3054e-01	6.9449e-02	1.2366e-05	1.1755e-36	1.1755e-36	1.1755e-36	6.1862e-16	0.00e+00	0.00e+00	1.3212e+02
3.78766e+15	6.5313e+03	4.175e-17	1.2916e+04	1.3727e+03	1.3421e-08	9.1648e-01	8.3517e-02	7.5207e-01	2.3674e-01	1.1197e-02	1.1429e-09	3.8214e-03	9.7824e-01	1.7938e-02	1.0391e-06	9.3242e-01	6.7569e-02	1.1582e-05	1.1755e-36	1.1755e-36	1.1755e-36	6.4571e-16	0.00e+00	0.00e+00	1.3593e+02
3.83877e+15	6.4288e+03	3.982e-17	1.2916e+04	1.3365e+03	1.4880e-08	9.1851e-01	8.1488e-02	7.6047e-01	2.2892e-01	1.0610e-02	1.1942e-09	3.7386e-03	9.7889e-01	1.7367e-02	1.0264e-06	9.3413e-01	6.5864e-02	1.0910e-05	1.1755e-36	1.1755e-36	1.1755e-36	6.7436e-16	0.00e+00	0.00e+00	1.3977e+02
3.89047e+15	6.3277e+03	3.801e-17	1.2916e+04	1.3016e+03	1.6517e-08	9.2050e-01	7.9500e-02	7.6826e-01	2.2167e-01	1.0067e-02	1.2474e-09	3.6584e-03	9.7950e-01	1.6844e-02	1.0151e-06	9.3580e-01	6.4194e-02	1.0301e-05	1.1755e-36	1.1755e-36	1.1755e-36	7.0660e-16	0.00e+00	0.00e+00	1.4369e+02
3.94291e+15	6.2274e+03	3.633e-17	1.2916e+04	1.2683e+03	1.8361e-08	9.2242e-01	7.7579e-02	7.7553e-01	2.1491e-01	9.5606e-03	1.3027e-09	3.5813e-03	9.8005e-01	1.6367e-02	1.0051e-06	9.3741e-01	6.2583e-02	9.7505e-06	1.1755e-36	1.1755e-36	1.1755e-36	7.4280e-16	0.00e+00	0.00e+00	1.4765e+02
3.99546e+15	6.1286e+03	3.478e-17	1.2916e+04	1.2372e+03	2.0420e-08	9.2421e-01	7.5790e-02	7.8231e-01	2.0860e-01	9.0872e-03	1.3597e-09	3.5094e-03	9.8056e-01	1.5932e-02	9.9623e-07	9.3891e-01	6.1082e-02	9.2630e-06	1.1755e-36	1.1755e-36	1.1755e-36	7.8280e-16	0.00e+00	0.00e+00	1.5160e+02
4.04770e+15	6.0316e+03	3.336e-17	1.2916e+04	1.2084e+03	2.2707e-08	9.2586e-01	7.4144e-02	7.8862e-01	2.0273e-01	8.6450e-03	1.4184e-09	3.4431e-03	9.8102e-01	1.5537e-02	9.8850e-07	9.4029e-01	5.9700e-02	8.8333e-06	1.1755e-36	1.1755e-36	1.1755e-36	8.2707e-16	0.00e+00	0.00e+00	1.5553e+02
4.09953e+15	5.9367e+03	3.205e-17	1.2916e+04	1.1817e+03	2.5247e-08	9.2738e-01	7.2621e-02	7.9453e-01	1.9724e-01	8.2318e-03	1.4795e-09	3.3815e-03	9.8144e-01	1.5178e-02	9.8172e-07	9.4157e-01	5.8421e-02	8.4521e-06	1.1755e-36	1.1755e-36	1.1755e-36	8.7651e-16	0.00e+00	0.00e+00	1.5943e+02
4.15101e+15	5.8439e+03	3.085e-17	1.2916e+04	1.1567e+03	2.8073e-08	9.2881e-01	7.1192e-02	8.0007e-01	1.9209e-01	7.8460e-03	1.5438e-09	3.3239e-03	9.8183e-01	1.4848e-02	9.7571e-07	9.4277e-01	5.7221e-02	8.1100e-06	1.1755e-36	1.1755e-36	1.1755e-36	9.3258e-16	0.00e+00	0.00e+00	1.6332e+02
4.20217e+15	5.7530e+03	2.973e-17	1.2916e+04	1.1332e+03	3.1222e-08	9.3016e-01	6.9845e-02	8.0524e-01	1.8727e-01	7.4867e-03	1.6119e-09	3.2698e-03	9.8218e-01	1.4547e-02	9.7039e-07	9.4390e-01	5.6089e-02	7.8013e-06	1.1755e-36	1.1755e-36	1.1755e-36	9.9657e-16	0.00e+00	0.00e+00	1.6719e+02
4.25294e+15	5.6641e+03	2.869e-17	1.2916e+04	1.1110e+03	3.4731e-08	9.3143e-01	6.8572e-02	8.1009e-01	1.8276e-01	7.1516e-03	1.6845e-09	3.2188e-03	9.8251e-01	1.4271e-02	9.6565e-07	9.4497e-01	5.5020e-02	7.5218e-06	1.1755e-36	1.1755e-36	1.1755e-36	1.0701e-15	0.00e+00	0.00e+00	1.7103e+02
4.30324e+15	5.5772e+03	2.772e-17	1.2916e+04	1.0901e+03	3.8638e-08	9.3263e-01	6.7369e-02	8.1465e-01	1.7851e-01	6.8386e-03	1.7624e-09	3.1708e-03	9.8281e-01	1.4017e-02	9.6143e-07	9.4598e-01	5.4009e-02	7.2679e-06	1.1755e-36	1.1755e-36	1.1755e-36	1.1549e-15	0.00e+00	0.00e+00	1.7483e+02
4.35300e+15	5.4922e+03	2.682e-17	1.2916e+04	1.0703e+03	4.2991e-08	9.3377e-01	6.6233e-02	8.1893e-01	1.7452e-01	6.5467e-03	1.8465e-09	3.1255e-03	9.8309e-01	1.3783e-02	9.5768e-07	9.4694e-01	5.3055e-02	7.0370e-06	1.1755e-36	1.1755e-36	1.1755e-36	1.2529e-15	0.00e+00	0.00e+00	1.7860e+02
4.40218e+15	5.4093e+03	2.598e-17	1.2916e+04	1.0516e+03	4.7838e-08	9.3484e-01	6.5156e-02	8.2296e-01	1.7076e-01	6.2739e-03	1.9378e-09	3.0828e-03	9.8335e-01	1.3569e-02	9.5434e-07	9.4784e-01	5.2149e-02	6.8261e-06	1.1755e-36	1.1755e-36	1.1755e-36	1.3670e-15	0.00e+00	0.00e+00	1.8233e+02
4.45073e+15	5.3284e+03	2.520e-17	1.2916e+04	1.0339e+03	5.3234e-08	9.3587e-01	6.4133e-02	8.2677e-01	1.6721e-01	6.0189e-03	2.0374e-09	3.0424e-03	9.8359e-01	1.3371e-02	9.5136e-07	9.4870e-01	5.1289e-02	6.6327e-06	1.1755e-36	1.1755e-36	1.1755e-36	1.5003e-15	0.00e+00	0.00e+00	1.8601e+02
4.49864e+15	5.2494e+03	2.446e-17	1.2916e+04	1.0170e+03	5.9242e-08	9.3684e-01	6.3159e-02	8.3037e-01	1.6385e-01	5.7802e-03	2.1468e-09	3.0042e-03	9.8381e-01	1.3188e-02	9.4869e-07	9.4952e-01	5.0470e-02	6.4550e-06	1.1755e-36	1.1755e-36	1.1755e-36	1.6566e-15	0.00e+00	0.00e+00	1.8964e+02
4.54590e+15	5.1723e+03	2.377e-17	1.2916e+04	1.0009e+03	6.5932e-08	9.3777e-01	6.2230e-02	8.3378e-01	1.6067e-01	5.5566e-03	2.2674e-09	2.9679e-03	9.8401e-01	1.3020e-02	9.4631e-07	9.5031e-01	4.9688e-02	6.2909e-06	1.1755e-36	1.1755e-36	1.1755e-36	1.8405e-15	0.00e+00	0.00e+00	1.9323e+02
4.59248e+15	5.0971e+03	2.312e-17	1.2916e+04	9.8564e+02	7.3382e-08	9.3866e-01	6.1343e-02	8.3701e-01	1.5764e-01	5.3470e-03	2.4008e-09	2.9335e-03	9.8420e-01	1.2864e-02	9.4418e-07	9.5105e-01	4.8941e-02	6.1393e-06	1.1755e-36	1.1755e-36	1.1755e-36	2.0577e-15	0.00e+00	0.00e+00	1.9677e+02
4.63838e+15	5.0237e+03	2.251e-17	1.2916e+04	9.7102e+02	8.1676e-08	9.3951e-01	6.0494e-02	8.4008e-01	1.5477e-01	5.1502e-03	2.5488e-09	2.9007e-03	9.8438e-01	1.2720e-02	9.4228e-07	9.5177e-01	4.8226e-02	5.9987e-06	1.1755e-36	1.1755e-36	1.1755e-36	2.3152e-15	0.00e+00	0.00e+00	2.0026e+02
4.68358e+15	4.9513e+03	2.193e-17	1.2916e+04	9.5730e+02	9.0932e-08	9.4034e-01	5.9658e-02	8.4305e-01	1.5199e-01	4.9620e-03	2.7154e-09	2.8706e-03	9.8460e-01	1.2532e-02	9.4022e-07	9.5247e-01	4.7523e-02	5.8667e-06	1.1755e-36	1.1755e-36	1.1755e-36	2.6050e-15	0.00e+00	0.00e+00	2.0370e+02
4.72804e+15	4.8795e+03	2.138e-17	1.2916e+04	9.4356e+02	1.0136e-07	9.4111e-01	5.8886e-02	8.4581e-01	1.4940e-01	4.7894e-03	2.8947e-09	2.8404e-03	9.8483e-01	1.2331e-02	9.3829e-07	9.5312e-01	4.6872e-02	5.7470e-06	1.1755e-36	1.1755e-36	1.1755e-36	2.9296e-15	0.00e+00	0.00e+00	2.0708e+02
4.77149e+15	4.8045e+03	2.087e-17	1.2916e+04	9.3028e+02	1.1382e-07	9.4188e-01	5.8121e-02	8.4848e-01	1.4690e-01	4.6243e-03	3.0997e-09	2.8121e-03	9.8505e-01	1.2139e-02	9.3668e-07	9.5377e-01	4.6225e-02	5.6367e-06	1.1755e-36	1.1755e-36	1.1755e-36	3.3309e-15	0.00e+00	0.00e+00	2.1037e+02
4.81247e+15	4.7463e+03	2.041e-17	1.2916e+04	9.1893e+02	1.2490e-07	9.4250e-01	5.7496e-02	8.5083e-01	1.4469e-01	4.4816e-03	3.2813e-09	2.7870e-03	9.8524e-01	1.1973e-02	9.3509e-07	9.5430e-01	4.5697e-02	5.5385e-06	1.1755e-36	1.1755e-36	1.1755e-36	3.7032e-15	0.00e+00	0.00e+00	2.1338e+02
4.85409e+15	4.6748e+03	1.996e-17	1.2916e+04	9.0767e+02	1.4016e-07	9.4315e-01	5.6846e-02	8.5345e-01	1.4223e-01	4.3229e-03	3.5198e-09	2.7643e-03	9.8545e-01	1.1780e-02	9.3370e-07	9.5485e-01	4.5145e-02	5.4450e-06	1.1755e-36	1.1755e-36	1.1755e-36	4.2299e-15	0.00e+00	0.00e+00	2.1677e+02
4.89640e+15	4.6137e+03	1.950e-17	1.2916e+04	8.9513e+02	1.5545e-07	9.4394e-01	5.6061e-02	8.5560e-01	1.4021e-01	4.1963e-03	3.7579e-09	2.7362e-03	9.8564e-01	1.1624e-02	9.3222e-07	9.5551e-01	4.4488e-02	5.3417e-06	1.1755e-36	1.1755e-36	1.1755e-36	4.8016e-15	0.00e+00	0.00e+00	2.1989e+02
4.93724e+15	4.5459e+03	1.909e-17	1.2916e+04	8.8423e+02	1.7443e-07	9.4458e-01	5.5425e-02	8.5793e-01	1.3801e-01	4.0591e-03	4.0385e-09	2.7142e-03	9.8583e-01	1.1457e-02	9.3113e-07	9.5605e-01	4.3949e-02	5.2573e-06	1.1755e-36	1.1755e-36	1.1755e-36	5.5209e-15	0.00e+00	0.00e+00	2.2306e+02
4.97676e+15	4.4915e+03	1.870e-17	1.2916e+04	8.7384e+02	1.9194e-07	9.4517e-01	5.4831e-02	8.5992e-01	1.3614e-01	3.9446e-03	4.2963e-09	2.6916e-03	9.8599e-01	1.1317e-02	9.2997e-07	9.5655e-01	4.3449e-02	5.1759e-06	1.1755e-36	1.1755e-36	1.1755e-36	6.2243e-15	0.00e+00	0.00e+00	2.2598e+02
5.01644e+15	4.4259e+03	1.832e-17	1.2916e+04	8.6386e+02	2.1563e-07	9.4575e-01	5.4250e-02	8.6215e-01	1.3403e-01	3.8166e-03	4.6303e-09	2.6723e-03	9.8617e-01	1.1153e-02	9.2904e-07	9.5704e-01	4.2953e-02	5.1011e-06	1.1755e-36	1.1755e-36	1.1755e-36	7.2051e-15	0.00e+00	0.00e+00	2.2918e+02
5.05607e+15	4.3745e+03	1.794e-17	1.2916e+04	8.5268e+02	2.3707e-07	9.4634e-01	5.3657e-02	8.6386e-01	1.3241e-01	3.7214e-03	4.9300e-09	2.6469e-03	9.8632e-01	1.1029e-02	9.2802e-07	9.5754e-01	4.2455e-02	5.0236e-06	1.1755e-36	1.1755e-36	1.1755e-36	8.1527e-15	0.00e+00	0.00e+00	2.3209e+02
5.09584e+15	4.3053e+03	1.759e-17	1.2916e+04	8.4340e+02	2.6956e-07	9.4699e-01	5.3006e-02	8.6612e-01	1.3029e-01	3.5950e-03	5.3716e-09	2.6307e-03	9.8650e-01	1.0867e-02	9.2732e-07	9.5809e-01	4.1905e-02	4.9513e-06	1.1755e-36	1.1755e-36	1.1755e-36	9.6604e-15	0.00e+00	0.00e+00	2.3532e+02
5.13404e+15	4.2573e+03	1.725e-17	1.2916e+04	8.3295e+02	2.9566e-07	9.4755e-01	5.2447e-02	8.6764e-01	1.2885e-01	3.5128e-03	5.7211e-09	2.6070e-03	9.8663e-01	1.0762e-02	9.2649e-07	9.5856e-01	4.1435e-02	4.8821e-06	1.1755e-36	1.1755e-36	1.1755e-36	1.0949e-14	0.00e+00	0.00e+00	2.3800e+02
5.17099e+15	4.1986e+03	1.694e-17	1.2916e+04	8.2529e+02	3.3096e-07	9.4800e-01	5.2001e-02	8.6968e-01	1.2692e-01	3.4014e-03	6.1789e-09	2.5942e-03	9.8679e-01	1.0616e-02	9.2596e-07	9.5894e-01	4.1053e-02	4.8269e-06	1.1755e-36	1.1755e-36	1.1755e-36	1.2734e-14	0.00e+00	0.00e+00	2.4103e+02
5.20902e+15	4.1430e+03	1.662e-17	1.2916e+04	8.1583e+02	3.6978e-07	9.4865e-01	5.1349e-02	8.7137e-01	1.2532e-01	3.3109e-03	6.6824e-09	2.5754e-03	9.8693e-01	1.0497e-02	9.2530e-07	9.5949e-01	4.0507e-02	4.7585e-06	1.1755e-36	1.1755e-36	1.1755e-36	1.4892e-14	0.00e+00	0.00e+00	2.4388e+02
5.24495e+15	4.0919e+03	1.634e-17	1.2916e+04	8.0757e+02	4.0981e-07	9.4912e-01	5.0884e-02	8.7301e-01	1.2377e-01	3.2246e-03	7.1838e-09	2.5597e-03	9.8706e-01	1.0384e-02	9.2483e-07	9.5988e-01	4.0112e-02	4.7048e-06	1.1755e-36	1.1755e-36	1.1755e-36	1.7186e-14	0.00e+00	0.00e+00	2.4659e+02
5.28041e+15	4.0401e+03	1.607e-17	1.2916e+04	7.9982e+02	4.5556e-07	9.4958e-01	5.0422e-02	8.7468e-01	1.2218e-01	3.1374e-03	7.7476e-09	2.5458e-03	9.8719e-01	1.0266e-02	9.2440e-07	9.6028e-01	3.9719e-02	4.6531e-06	1.1755e-36	1.1755e-36	1.1755e-36	1.9958e-14	0.00e+00	0.00e+00	2.4937e+02
5.31622e+15	3.9846e+03	1.579e-17	1.2916e+04	7.9117e+02	5.1117e-07	9.5010e-01	4.9895e-02	8.7626e-01	1.2069e-01	3.0562e-03	8.4158e-09	2.5300e-03	9.8732e-01	1.0154e-02	9.2411e-07	9.6072e-01	3.9273e-02	4.6003e-06	1.1755e-36	1.1755e-36	1.1755e-36	2.3546e-14	0.00e+00	0.00e+00	2.5214e+02
###########################
2.60567e+11	1.0005e+04	8.291e-16	1.2916e+04	1.3807e+04	3.1281e-13	3.5386e-02	9.6461e-01	3.0284e-02	7.6940e-01	2.0031e-01	5.2732e-14	4.9269e-03	4.0880e-01	5.8173e-01	4.5188e-03	3.1718e-02	7.1600e-01	2.4892e-01	3.3401e-03	1.8072e-05	1.1755e-36	1.2719e-21	0.00e+00	0.00e+00	1.5039e-03
1.56340e+12	9.9961e+03	8.261e-16	1.2916e+04	1.3776e+04	3.1181e-13	3.5244e-02	9.6476e-01	3.0213e-02	7.6917e-01	2.0062e-01	5.2082e-14	4.8898e-03	4.0830e-01	5.8224e-01	4.5447e-03	3.1545e-02	7.1504e-01	2.5003e-01	3.3639e-03	1.8225e-05	1.1755e-36	1.2498e-21	0.00e+00	0.00e+00	7.4954e-03
6.77473e+12	9.9822e+03	8.215e-16	1.2916e+04	1.3768e+04	3.1055e-13	3.5081e-02	9.6492e-01	3.0220e-02	7.6940e-01	2.0038e-01	5.1439e-14	4.8728e-03	4.0827e-01	5.8228e-01	4.5571e-03	3.1331e-02	7.1352e-01	2.5175e-01	3.3828e-03	1.8306e-05	1.1755e-36	1.2279e-21	0.00e+00	0.00e+00	3.1351e-02
2.76201e+13	9.9436e+03	8.114e-16	1.2916e+04	1.3768e+04	3.1171e-13	3.4886e-02	9.6511e-01	3.0323e-02	7.7113e-01	1.9855e-01	5.0472e-14	4.8655e-03	4.0847e-01	5.8210e-01	4.5405e-03	3.0972e-02	7.0916e-01	2.5646e-01	3.3890e-03	1.8232e-05	1.1755e-36	1.1982e-21	0.00e+00	0.00e+00	1.2624e-01
6.59755e+13	9.7974e+03	7.760e-16	1.2916e+04	1.3787e+04	2.9371e-13	3.2971e-02	9.6703e-01	3.0253e-02	7.7164e-01	1.9811e-01	4.3733e-14	4.7139e-03	4.0759e-01	5.8292e-01	4.7559e-03	2.8539e-02	6.9229e-01	2.7544e-01	3.7153e-03	1.9705e-05	1.1755e-36	9.7784e-22	0.00e+00	0.00e+00	2.4283e-01
1.15837e+14	9.6777e+03	7.493e-16	1.2916e+04	1.3803e+04	2.8777e-13	3.1916e-02	9.6808e-01	3.0410e-02	7.7375e-01	1.9584e-01	4.0202e-14	4.6461e-03	4.0818e-01	5.8231e-01	4.8312e-03	2.7194e-02	6.8166e-01	2.8729e-01	3.8314e-03	2.0006e-05	1.1755e-36	8.6691e-22	0.00e+00	0.00e+00	3.8954e-01
1.80658e+14	9.5654e+03	7.284e-16	1.2916e+04	1.3803e+04	2.9402e-13	3.1562e-02	9.6844e-01	3.0785e-02	7.7767e-01	1.9155e-01	3.8871e-14	4.6477e-03	4.1000e-01	5.8056e-01	4.7703e-03	2.6683e-02	6.7595e-01	2.9360e-01	3.7477e-03	1.9245e-05	1.1755e-36	8.2509e-22	0.00e+00	0.00e+00	5.7815e-01
2.64925e+14	9.4998e+03	7.116e-16	1.2916e+04	1.3792e+04	3.0948e-13	3.1962e-02	9.6804e-01	3.1379e-02	7.8359e-01	1.8503e-01	3.9761e-14	4.7311e-03	4.1307e-01	5.7762e-01	4.5580e-03	2.7088e-02	6.7665e-01	2.9281e-01	3.4398e-03	1.7384e-05	1.1755e-36	8.5135e-22	0.00e+00	0.00e+00	8.2645e-01
3.69819e+14	9.4475e+03	7.018e-16	1.2916e+04	1.3767e+04	3.4507e-13	3.3378e-02	9.6662e-01	3.2338e-02	7.9179e-01	1.7587e-01	4.3837e-14	4.9219e-03	4.1826e-01	5.7262e-01	4.1808e-03	2.8695e-02	6.8454e-01	2.8382e-01	2.9316e-03	1.4616e-05	1.1755e-36	9.7494e-22	0.00e+00	0.00e+00	1.1382e+00
4.81921e+14	9.4351e+03	6.988e-16	1.2916e+04	1.3723e+04	3.9815e-13	3.5737e-02	9.6426e-01	3.3508e-02	8.0041e-01	1.6608e-01	5.1348e-14	5.2007e-03	4.2474e-01	5.6632e-01	3.7283e-03	3.1478e-02	6.9884e-01	2.6731e-01	2.3614e-03	1.1719e-05	1.1755e-36	1.2150e-21	0.00e+00	0.00e+00	1.4579e+00
6.00002e+14	9.4603e+03	7.049e-16	1.2916e+04	1.3657e+04	4.9067e-13	3.9781e-02	9.6022e-01	3.5270e-02	8.1038e-01	1.5435e-01	6.6399e-14	5.6506e-03	4.3464e-01	5.5653e-01	3.1610e-03	3.6350e-02	7.2101e-01	2.4089e-01	1.7379e-03	8.6997e-06	1.1755e-36	1.7317e-21	0.00e+00	0.00e+00	1.8682e+00
7.36406e+14	9.5194e+03	7.197e-16	1.2916e+04	1.3556e+04	6.5764e-13	4.6395e-02	9.5360e-01	3.7816e-02	8.2144e-01	1.4075e-01	9.6103e-14	6.3247e-03	4.4879e-01	5.4235e-01	2.5156e-03	4.4429e-02	7.4930e-01	2.0513e-01	1.1358e-03	5.8640e-06	1.1755e-36	2.8807e-21	0.00e+00	0.00e+00	2.4219e+00
8.75394e+14	9.6174e+03	7.438e-16	1.2916e+04	1.3411e+04	9.3380e-13	5.5988e-02	9.4401e-01	4.0882e-02	8.3125e-01	1.2787e-01	1.4988e-13	7.1579e-03	4.6512e-01	5.2579e-01	1.9217e-03	5.6209e-02	7.7650e-01	1.6661e-01	6.8427e-04	3.7563e-06	1.1755e-36	5.3361e-21	0.00e+00	0.00e+00	3.0230e+00
9.90880e+14	9.7202e+03	7.713e-16	1.2916e+04	1.3244e+04	1.3236e-12	6.7427e-02	9.3257e-01	4.4032e-02	8.3813e-01	1.1784e-01	2.3178e-13	8.0004e-03	4.8137e-01	5.0915e-01	1.4787e-03	7.0288e-02	7.9548e-01	1.3382e-01	4.1654e-04	2.4759e-06	1.1755e-36	9.7883e-21	0.00e+00	0.00e+00	3.5691e+00
1.08019e+15	9.7994e+03	7.989e-16	1.2916e+04	1.3124e+04	1.8147e-12	7.9401e-02	9.2060e-01	4.6938e-02	8.4289e-01	1.1017e-01	3.4061e-13	8.7741e-03	4.9614e-01	4.9391e-01	1.1736e-03	8.4904e-02	8.0471e-01	1.1011e-01	2.7095e-04	1.7436e-06	1.1755e-36	1.6792e-20	0.00e+00	0.00e+00	4.0827e+00
1.15691e+15	9.8686e+03	8.177e-16	1.2916e+04	1.2932e+04	2.4191e-12	9.1988e-02	9.0801e-01	5.0098e-02	8.4590e-01	1.0400e-01	4.8045e-13	9.4789e-03	5.1103e-01	4.7854e-01	9.4730e-04	1.0036e-01	8.0908e-01	9.0374e-02	1.8025e-04	1.2619e-06	1.1755e-36	2.7011e-20	0.00e+00	0.00e+00	4.6389e+00
1.22907e+15	9.9218e+03	8.351e-16	1.2916e+04	1.2711e+04	3.2392e-12	1.0622e-01	8.9378e-01	5.3517e-02	8.4817e-01	9.8312e-02	6.7223e-13	1.0154e-02	5.2583e-01	4.6325e-01	7.6610e-04	1.1769e-01	8.0796e-01	7.4230e-02	1.2084e-04	9.2523e-07	1.1755e-36	4.3089e-20	0.00e+00	0.00e+00	5.2468e+00
1.29816e+15	9.9753e+03	8.502e-16	1.2916e+04	1.2488e+04	4.3447e-12	1.2257e-01	8.7743e-01	5.7210e-02	8.4960e-01	9.3191e-02	9.4125e-13	1.0831e-02	5.4151e-01	4.4703e-01	6.1736e-04	1.3742e-01	8.0194e-01	6.0565e-02	8.0712e-05	6.7848e-07	1.1755e-36	6.8910e-20	0.00e+00	0.00e+00	5.9267e+00
1.36531e+15	9.9914e+03	8.630e-16	1.2916e+04	1.2233e+04	5.9457e-12	1.4155e-01	8.5845e-01	6.1481e-02	8.5025e-01	8.8269e-02	1.3240e-12	1.1501e-02	5.5843e-01	4.2958e-01	4.9451e-04	1.6010e-01	7.9084e-01	4.9008e-02	5.3553e-05	4.9593e-07	1.1755e-36	1.1079e-19	0.00e+00	0.00e+00	6.6918e+00
1.43057e+15	1.0019e+04	8.695e-16	1.2916e+04	1.1948e+04	8.0732e-12	1.6282e-01	8.3718e-01	6.6121e-02	8.4993e-01	8.3951e-02	1.8488e-12	1.2119e-02	5.7585e-01	4.1163e-01	3.9579e-04	1.8527e-01	7.7526e-01	3.9429e-02	3.5536e-05	3.6285e-07	1.1755e-36	1.7666e-19	0.00e+00	0.00e+00	7.5446e+00
1.49386e+15	1.0013e+04	8.714e-16	1.2916e+04	1.1630e+04	1.1086e-11	1.8673e-01	8.1327e-01	7.1421e-02	8.4872e-01	7.9861e-02	2.5749e-12	1.2692e-02	5.9425e-01	3.9274e-01	3.1601e-04	2.1324e-01	7.5517e-01	3.1562e-02	2.3601e-05	2.6536e-07	1.1755e-36	2.8044e-19	0.00e+00	0.00e+00	8.4943e+00
1.55368e+15	1.0000e+04	8.675e-16	1.2916e+04	1.1300e+04	1.5063e-11	2.1241e-01	7.8759e-01	7.7198e-02	8.4658e-01	7.6222e-02	3.5332e-12	1.3190e-02	6.1286e-01	3.7369e-01	2.5364e-04	2.4291e-01	7.3178e-01	2.5295e-02	1.5893e-05	1.9555e-07	1.1755e-36	4.3642e-19	0.00e+00	0.00e+00	9.4865e+00
1.60817e+15	9.9855e+03	8.574e-16	1.2916e+04	1.0958e+04	1.9896e-11	2.3805e-01	7.6195e-01	8.3071e-02	8.4374e-01	7.3190e-02	4.6891e-12	1.3564e-02	6.3033e-01	3.5589e-01	2.0707e-04	2.7216e-01	7.0729e-01	2.0546e-02	1.1071e-05	1.4761e-07	1.1755e-36	6.4867e-19	0.00e+00	0.00e+00	1.0490e+01
1.65866e+15	9.9595e+03	8.440e-16	1.2916e+04	1.0633e+04	2.5878e-11	2.6406e-01	7.3594e-01	8.9308e-02	8.4026e-01	7.0430e-02	6.1066e-12	1.3878e-02	6.4747e-01	3.3848e-01	1.7069e-04	3.0145e-01	6.8171e-01	1.6828e-02	7.8937e-06	1.1755e-36	1.1755e-36	9.3953e-19	0.00e+00	0.00e+00	1.1551e+01
1.70722e+15	9.9337e+03	8.251e-16	1.2916e+04	1.0282e+04	3.3124e-11	2.9034e-01	7.0966e-01	9.5831e-02	8.3615e-01	6.8021e-02	7.7978e-12	1.4088e-02	6.6405e-01	3.2172e-01	1.4176e-04	3.3069e-01	6.5547e-01	1.3839e-02	5.7195e-06	1.1755e-36	1.1755e-36	1.3237e-18	0.00e+00	0.00e+00	1.2684e+01
1.75495e+15	9.9033e+03	8.022e-16	1.2916e+04	9.9223e+03	4.2075e-11	3.1737e-01	6.8263e-01	1.0290e-01	8.3132e-01	6.5777e-02	9.8565e-12	1.4227e-02	6.8060e-01	3.0505e-01	1.1797e-04	3.6038e-01	6.2824e-01	1.1379e-02	4.1796e-06	1.1755e-36	1.1755e-36	1.8390e-18	0.00e+00	0.00e+00	1.3916e+01
1.80227e+15	9.8672e+03	7.758e-16	1.2916e+04	9.5526e+03	5.3123e-11	3.4510e-01	6.5489e-01	1.1059e-01	8.2574e-01	6.3671e-02	1.2350e-11	1.4297e-02	6.9714e-01	2.8846e-01	9.8275e-05	3.9045e-01	6.0021e-01	9.3440e-03	3.0765e-06	1.1755e-36	1.1755e-36	2.5239e-18	0.00e+00	0.00e+00	1.5240e+01
1.84884e+15	9.8276e+03	7.464e-16	1.2916e+04	9.1793e+03	6.6433e-11	3.7294e-01	6.2706e-01	1.1884e-01	8.1945e-01	6.1713e-02	1.5297e-11	1.4299e-02	7.1340e-01	2.7222e-01	8.2117e-05	4.2023e-01	5.7209e-01	7.6808e-03	2.2895e-06	1.1755e-36	1.1755e-36	3.4081e-18	0.00e+00	0.00e+00	1.6643e+01
1.89459e+15	9.7849e+03	7.148e-16	1.2916e+04	8.8082e+03	8.2276e-11	4.0053e-01	5.9947e-01	1.2767e-01	8.1248e-01	5.9843e-02	1.8738e-11	1.4243e-02	7.2927e-01	2.5641e-01	6.8840e-05	4.4938e-01	5.4430e-01	6.3229e-03	1.7242e-06	1.1755e-36	1.1755e-36	4.5310e-18	0.00e+00	0.00e+00	1.8125e+01
1.93882e+15	9.7406e+03	6.825e-16	1.2916e+04	8.4493e+03	1.0037e-10	4.2705e-01	5.7295e-01	1.3683e-01	8.0502e-01	5.8146e-02	2.2586e-11	1.4130e-02	7.4433e-01	2.4149e-01	5.8130e-05	4.7704e-01	5.1772e-01	5.2380e-03	1.3224e-06	1.1755e-36	1.1755e-36	5.8859e-18	0.00e+00	0.00e+00	1.9625e+01
1.98064e+15	9.6962e+03	6.507e-16	1.2916e+04	8.1131e+03	1.2028e-10	4.5179e-01	5.4821e-01	1.4611e-01	7.9729e-01	5.6597e-02	2.6742e-11	1.3981e-02	7.5827e-01	2.2770e-01	4.9587e-05	5.0254e-01	4.9307e-01	4.3829e-03	1.0374e-06	1.1755e-36	1.1755e-36	7.4523e-18	0.00e+00	0.00e+00	2.1120e+01
2.02050e+15	9.6513e+03	6.198e-16	1.2916e+04	7.7987e+03	1.4210e-10	4.7495e-01	5.2505e-01	1.5557e-01	7.8929e-01	5.5140e-02	3.1214e-11	1.3809e-02	7.7127e-01	2.1488e-01	4.2637e-05	5.2616e-01	4.7014e-01	3.6971e-03	8.2940e-07	1.1755e-36	1.1755e-36	9.2440e-18	0.00e+00	0.00e+00	2.2637e+01
2.05950e+15	9.6056e+03	5.893e-16	1.2916e+04	7.4980e+03	1.6635e-10	4.9716e-01	5.0284e-01	1.6540e-01	7.8087e-01	5.3729e-02	3.6112e-11	1.3615e-02	7.8367e-01	2.0268e-01	3.6796e-05	5.4857e-01	4.4830e-01	3.1290e-03	6.7109e-07	1.1755e-36	1.1755e-36	1.1319e-17	0.00e+00	0.00e+00	2.4211e+01
2.09830e+15	9.5562e+03	5.588e-16	1.2916e+04	7.1984e+03	1.9361e-10	5.1851e-01	4.8149e-01	1.7557e-01	7.7204e-01	5.2387e-02	4.1437e-11	1.3385e-02	7.9548e-01	1.9111e-01	3.1841e-05	5.6991e-01	4.2743e-01	2.6533e-03	5.4844e-07	1.1755e-36	1.1755e-36	1.3688e-17	0.00e+00	0.00e+00	2.5850e+01
2.13629e+15	9.5062e+03	5.298e-16	1.2916e+04	6.9255e+03	2.2396e-10	5.3931e-01	4.6069e-01	1.8635e-01	7.6263e-01	5.1015e-02	4.7388e-11	1.3165e-02	8.0688e-01	1.7993e-01	2.7601e-05	5.9049e-01	4.0726e-01	2.2527e-03	4.5229e-07	1.1755e-36	1.1755e-36	1.6482e-17	0.00e+00	0.00e+00	2.7488e+01
2.16654e+15	9.4760e+03	5.071e-16	1.2916e+04	6.7047e+03	2.4841e-10	5.5442e-01	4.4558e-01	1.9461e-01	7.5525e-01	5.0145e-02	5.2091e-11	1.2944e-02	8.1507e-01	1.7196e-01	2.4826e-05	6.0532e-01	3.9269e-01	1.9887e-03	3.9289e-07	1.1755e-36	1.1755e-36	1.8769e-17	0.00e+00	0.00e+00	2.8539e+01
2.18799e+15	9.4453e+03	4.914e-16	1.2916e+04	6.5628e+03	2.6787e-10	5.6507e-01	4.3493e-01	2.0118e-01	7.4944e-01	4.9378e-02	5.5795e-11	1.2813e-02	8.2109e-01	1.6607e-01	2.2957e-05	6.1571e-01	3.8247e-01	1.8188e-03	3.5604e-07	1.1755e-36	1.1755e-36	2.0604e-17	0.00e+00	0.00e+00	2.9444e+01
2.20943e+15	9.4036e+03	4.759e-16	1.2916e+04	6.4251e+03	2.9079e-10	5.7617e-01	4.2383e-01	2.0835e-01	7.4317e-01	4.8475e-02	6.0047e-11	1.2696e-02	8.2730e-01	1.5998e-01	2.1144e-05	6.2650e-01	3.7184e-01	1.6578e-03	3.2200e-07	1.1755e-36	1.1755e-36	2.2775e-17	0.00e+00	0.00e+00	3.0536e+01
2.23415e+15	9.3786e+03	4.574e-16	1.2916e+04	6.2481e+03	3.1488e-10	5.8778e-01	4.1222e-01	2.1589e-01	7.3642e-01	4.7689e-02	6.4544e-11	1.2494e-02	8.3370e-01	1.5379e-01	1.9338e-05	6.3771e-01	3.6079e-01	1.4942e-03	2.8886e-07	1.1755e-36	1.1755e-36	2.5096e-17	0.00e+00	0.00e+00	3.1792e+01
2.26132e+15	9.3344e+03	4.382e-16	1.2916e+04	6.0678e+03	3.4650e-10	6.0105e-01	3.9895e-01	2.2487e-01	7.2840e-01	4.6739e-02	7.0270e-11	1.2297e-02	8.4076e-01	1.4693e-01	1.7495e-05	6.5047e-01	3.4820e-01	1.3300e-03	2.5645e-07	1.1755e-36	1.1755e-36	2.8158e-17	0.00e+00	0.00e+00	3.3171e+01
2.28852e+15	9.2938e+03	4.197e-16	1.2916e+04	5.8955e+03	3.8014e-10	6.1410e-01	3.8590e-01	2.3410e-01	7.2010e-01	4.5808e-02	7.6440e-11	1.2099e-02	8.4756e-01	1.4033e-01	1.5845e-05	6.6293e-01	3.3589e-01	1.1834e-03	2.2849e-07	1.1755e-36	1.1755e-36	3.1575e-17	0.00e+00	0.00e+00	3.4486e+01
2.31397e+15	9.2640e+03	4.025e-16	1.2916e+04	5.7299e+03	4.1139e-10	6.2539e-01	3.7461e-01	2.4253e-01	7.1243e-01	4.5037e-02	8.2111e-11	1.1888e-02	8.5349e-01	1.3461e-01	1.4486e-05	6.7364e-01	3.2529e-01	1.0637e-03	2.0644e-07	1.1755e-36	1.1755e-36	3.4753e-17	0.00e+00	0.00e+00	3.5743e+01
2.33947e+15	9.2174e+03	3.860e-16	1.2916e+04	5.5759e+03	4.4877e-10	6.3712e-01	3.6288e-01	2.5188e-01	7.0400e-01	4.4126e-02	8.8682e-11	1.1701e-02	8.5957e-01	1.2871e-01	1.3196e-05	6.8472e-01	3.1432e-01	9.5304e-04	1.8641e-07	1.1755e-36	1.1755e-36	3.8530e-17	0.00e+00	0.00e+00	3.7112e+01
2.36605e+15	9.1848e+03	3.690e-16	1.2916e+04	5.4097e+03	4.8639e-10	6.4843e-01	3.5157e-01	2.6117e-01	6.9550e-01	4.3328e-02	9.5370e-11	1.1475e-02	8.6539e-01	1.2312e-01	1.2021e-05	6.9536e-01	3.0379e-01	8.5197e-04	1.6867e-07	1.1755e-36	1.1755e-36	4.2440e-17	0.00e+00	0.00e+00	3.8530e+01
2.39340e+15	9.1391e+03	3.522e-16	1.2916e+04	5.2468e+03	5.3092e-10	6.6019e-01	3.3981e-01	2.7132e-01	6.8624e-01	4.2443e-02	1.0302e-10	1.1254e-02	8.7131e-01	1.1743e-01	1.0911e-05	7.0636e-01	2.9289e-01	7.5809e-04	1.5243e-07	1.1755e-36	1.1755e-36	4.7014e-17	0.00e+00	0.00e+00	4.0031e+01
2.42109e+15	9.0950e+03	3.360e-16	1.2916e+04	5.0890e+03	5.7889e-10	6.7187e-01	3.2813e-01	2.8188e-01	6.7657e-01	4.1545e-02	1.1136e-10	1.1033e-02	8.7708e-01	1.1188e-01	9.8992e-06	7.1721e-01	2.8211e-01	6.7331e-04	1.3802e-07	1.1755e-36	1.1755e-36	5.2129e-17	0.00e+00	0.00e+00	4.1538e+01
2.44829e+15	9.0538e+03	3.205e-16	1.2916e+04	4.9348e+03	6.2802e-10	6.8275e-01	3.1725e-01	2.9226e-01	6.6702e-01	4.0712e-02	1.1975e-10	1.0806e-02	8.8244e-01	1.0674e-01	9.0159e-06	7.2728e-01	2.7212e-01	6.0017e-04	1.2581e-07	1.1755e-36	1.1755e-36	5.7337e-17	0.00e+00	0.00e+00	4.3035e+01
2.47557e+15	9.0149e+03	3.054e-16	1.2916e+04	4.7823e+03	6.7944e-10	6.9318e-01	3.0682e-01	3.0274e-01	6.5736e-01	3.9891e-02	1.2845e-10	1.0574e-02	8.8757e-01	1.0185e-01	8.2203e-06	7.3689e-01	2.6258e-01	5.3525e-04	1.1755e-36	1.1755e-36	1.1755e-36	6.2811e-17	0.00e+00	0.00e+00	4.4600e+01
2.50400e+15	8.9616e+03	2.905e-16	1.2916e+04	4.6331e+03	7.4179e-10	7.0428e-01	2.9572e-01	3.1446e-01	6.4658e-01	3.8961e-02	1.3876e-10	1.0348e-02	8.9287e-01	9.6778e-02	7.4572e-06	7.4707e-01	2.5246e-01	4.7400e-04	1.1755e-36	1.1755e-36	1.1755e-36	6.9443e-17	0.00e+00	0.00e+00	4.6276e+01
2.53280e+15	8.9256e+03	2.759e-16	1.2916e+04	4.4787e+03	8.0162e-10	7.1453e-01	2.8547e-01	3.2565e-01	6.3617e-01	3.8181e-02	1.4883e-10	1.0095e-02	8.9773e-01	9.2164e-02	6.7909e-06	7.5641e-01	2.4317e-01	4.2054e-04	1.1755e-36	1.1755e-36	1.1755e-36	7.5960e-17	0.00e+00	0.00e+00	4.7931e+01
2.56165e+15	8.8682e+03	2.621e-16	1.2916e+04	4.3364e+03	8.7485e-10	7.2509e-01	2.7491e-01	3.3794e-01	6.2481e-01	3.7243e-02	1.6058e-10	9.8689e-03	9.0264e-01	8.7486e-02	6.1719e-06	7.6600e-01	2.3363e-01	3.7219e-04	1.1755e-36	1.1755e-36	1.1755e-36	8.3725e-17	0.00e+00	0.00e+00	4.9663e+01
2.59064e+15	8.8347e+03	2.487e-16	1.2916e+04	4.1902e+03	9.4121e-10	7.3458e-01	2.6542e-01	3.4949e-01	6.1402e-01	3.6488e-02	1.7167e-10	9.6154e-03	9.0708e-01	8.3299e-02	5.6371e-06	7.7457e-01	2.2510e-01	3.3047e-04	1.1755e-36	1.1755e-36	1.1755e-36	9.1038e-17	0.00e+00	0.00e+00	5.1382e+01
2.62026e+15	8.7803e+03	2.357e-16	1.2916e+04	4.0494e+03	1.0236e-09	7.4441e-01	2.5559e-01	3.6212e-01	6.0229e-01	3.5593e-02	1.8459e-10	9.3767e-03	9.1158e-01	7.9039e-02	5.1351e-06	7.8343e-01	2.1628e-01	2.9229e-04	1.1755e-36	1.1755e-36	1.1755e-36	9.9675e-17	0.00e+00	0.00e+00	5.3236e+01
2.65086e+15	8.7228e+03	2.230e-16	1.2916e+04	3.9107e+03	1.1161e-09	7.5445e-01	2.4555e-01	3.7546e-01	5.8987e-01	3.4668e-02	1.9910e-10	9.1372e-03	9.1601e-01	7.4846e-02	4.6726e-06	7.9242e-01	2.0732e-01	2.5737e-04	1.1755e-36	1.1755e-36	1.1755e-36	1.0957e-16	0.00e+00	0.00e+00	5.5123e+01
2.68093e+15	8.6801e+03	2.112e-16	1.2916e+04	3.7748e+03	1.2037e-09	7.6337e-01	2.3663e-01	3.8795e-01	5.7818e-01	3.3871e-02	2.1295e-10	8.8898e-03	9.1999e-01	7.1119e-02	4.2801e-06	8.0037e-01	1.9940e-01	2.2805e-04	1.1755e-36	1.1755e-36	1.1755e-36	1.1895e-16	0.00e+00	0.00e+00	5.6957e+01
2.71115e+15	8.6206e+03	1.999e-16	1.2916e+04	3.6472e+03	1.3076e-09	7.7235e-01	2.2765e-01	4.0139e-01	5.6564e-01	3.2969e-02	2.2861e-10	8.6606e-03	9.2393e-01	6.7407e-02	3.9189e-06	8.0836e-01	1.9144e-01	2.0177e-04	1.1755e-36	1.1755e-36	1.1755e-36	1.2959e-16	0.00e+00	0.00e+00	5.8908e+01
2.74240e+15	8.5761e+03	1.888e-16	1.2916e+04	3.5161e+03	1.4107e-09	7.8093e-01	2.1907e-01	4.1468e-01	5.5318e-01	3.2149e-02	2.4471e-10	8.4136e-03	9.2766e-01	6.3923e-02	3.5944e-06	8.1596e-01	1.8387e-01	1.7821e-04	1.1755e-36	1.1755e-36	1.1755e-36	1.4057e-16	0.00e+00	0.00e+00	6.0916e+01
2.77448e+15	8.5143e+03	1.781e-16	1.2916e+04	3.3873e+03	1.5353e-09	7.8965e-01	2.1035e-01	4.2875e-01	5.3999e-01	3.1261e-02	2.6283e-10	8.1713e-03	9.3134e-01	6.0481e-02	3.2962e-06	8.2365e-01	1.7620e-01	1.5697e-04	1.1755e-36	1.1755e-36	1.1755e-36	1.5293e-16	0.00e+00	0.00e+00	6.3018e+01
2.80700e+15	8.4556e+03	1.680e-16	1.2916e+04	3.2640e+03	1.6671e-09	7.9811e-01	2.0189e-01	4.4299e-01	5.2663e-01	3.0374e-02	2.8222e-10	7.9344e-03	9.3484e-01	5.7220e-02	3.0305e-06	8.3108e-01	1.6878e-01	1.3825e-04	1.1755e-36	1.1755e-36	1.1755e-36	1.6626e-16	0.00e+00	0.00e+00	6.5125e+01
2.83925e+15	8.3995e+03	1.585e-16	1.2916e+04	3.1458e+03	1.8034e-09	8.0593e-01	1.9407e-01	4.5698e-01	5.1350e-01	2.9522e-02	3.0193e-10	7.7029e-03	9.3808e-01	5.4212e-02	2.7995e-06	8.3793e-01	1.6195e-01	1.2225e-04	1.1755e-36	1.1755e-36	1.1755e-36	1.7963e-16	0.00e+00	0.00e+00	6.7236e+01
2.87203e+15	8.3403e+03	1.495e-16	1.2916e+04	3.0311e+03	1.9526e-09	8.1349e-01	1.8651e-01	4.7126e-01	5.0009e-01	2.8649e-02	3.2303e-10	7.4756e-03	9.4120e-01	5.1325e-02	2.5911e-06	8.4453e-01	1.5536e-01	1.0808e-04	1.1755e-36	1.1755e-36	1.1755e-36	1.9380e-16	0.00e+00	0.00e+00	6.9455e+01
2.90620e+15	8.2808e+03	1.407e-16	1.2916e+04	2.9161e+03	2.1173e-09	8.2102e-01	1.7898e-01	4.8591e-01	4.8632e-01	2.7769e-02	3.4613e-10	7.2432e-03	9.4422e-01	4.8535e-02	2.4005e-06	8.5108e-01	1.4883e-01	9.5246e-05	1.1755e-36	1.1755e-36	1.1755e-36	2.0938e-16	0.00e+00	0.00e+00	7.1791e+01
2.94134e+15	8.2127e+03	1.323e-16	1.2916e+04	2.8040e+03	2.3056e-09	8.2852e-01	1.7148e-01	5.0098e-01	4.7216e-01	2.6863e-02	3.7144e-10	7.0156e-03	9.4713e-01	4.5851e-02	2.2287e-06	8.5758e-01	1.4234e-01	8.3816e-05	1.1755e-36	1.1755e-36	1.1755e-36	2.2635e-16	0.00e+00	0.00e+00	7.4182e+01
2.97653e+15	8.1483e+03	1.244e-16	1.2916e+04	2.6962e+03	2.5007e-09	8.3540e-01	1.6460e-01	5.1561e-01	4.5839e-01	2.6005e-02	3.9700e-10	6.7918e-03	9.4981e-01	4.3393e-02	2.0800e-06	8.6353e-01	1.3640e-01	7.4072e-05	1.1755e-36	1.1755e-36	1.1755e-36	2.4304e-16	0.00e+00	0.00e+00	7.6566e+01
3.01153e+15	8.0835e+03	1.172e-16	1.2916e+04	2.5960e+03	2.7073e-09	8.4182e-01	1.5818e-01	5.3009e-01	4.4477e-01	2.5142e-02	4.2357e-10	6.5822e-03	9.5231e-01	4.1109e-02	1.9501e-06	8.6906e-01	1.3087e-01	6.5730e-05	1.1755e-36	1.1755e-36	1.1755e-36	2.6012e-16	0.00e+00	0.00e+00	7.8969e+01
3.04716e+15	8.0169e+03	1.103e-16	1.2916e+04	2.4993e+03	2.9321e-09	8.4798e-01	1.5202e-01	5.4463e-01	4.3110e-01	2.4272e-02	4.5173e-10	6.3782e-03	9.5467e-01	3.8946e-02	1.8339e-06	8.7436e-01	1.2559e-01	5.8384e-05	1.1755e-36	1.1755e-36	1.1755e-36	2.7791e-16	0.00e+00	0.00e+00	8.1476e+01
3.08404e+15	7.9468e+03	1.038e-16	1.2916e+04	2.4041e+03	3.1847e-09	8.5404e-01	1.4596e-01	5.5928e-01	4.1733e-01	2.3397e-02	4.8231e-10	6.1752e-03	9.5694e-01	3.6884e-02	1.7290e-06	8.7956e-01	1.2039e-01	5.1811e-05	1.1755e-36	1.1755e-36	1.1755e-36	2.9720e-16	0.00e+00	0.00e+00	8.4089e+01
3.12173e+15	7.8687e+03	9.760e-17	1.2916e+04	2.3123e+03	3.4715e-09	8.5994e-01	1.4006e-01	5.7394e-01	4.0355e-01	2.2518e-02	5.1485e-10	5.9785e-03	9.5908e-01	3.4939e-02	1.6357e-06	8.8460e-01	1.1535e-01	4.6035e-05	1.1755e-36	1.1755e-36	1.1755e-36	3.1730e-16	0.00e+00	0.00e+00	8.6745e+01
3.15976e+15	7.8021e+03	9.185e-17	1.2916e+04	2.2249e+03	3.7545e-09	8.6525e-01	1.3475e-01	5.8796e-01	3.9035e-01	2.1687e-02	5.4714e-10	5.7875e-03	9.6104e-01	3.3168e-02	1.5546e-06	8.8913e-01	1.1083e-01	4.1096e-05	1.1755e-36	1.1755e-36	1.1755e-36	3.3651e-16	0.00e+00	0.00e+00	8.9438e+01
3.19828e+15	7.7183e+03	8.651e-17	1.2916e+04	2.1431e+03	4.0975e-09	8.7049e-01	1.2951e-01	6.0222e-01	3.7697e-01	2.0814e-02	5.8266e-10	5.6095e-03	9.6291e-01	3.1480e-02	1.4824e-06	8.9359e-01	1.0637e-01	3.6761e-05	1.1755e-36	1.1755e-36	1.1755e-36	3.5751e-16	0.00e+00	0.00e+00	9.2198e+01
3.23807e+15	7.6419e+03	8.141e-17	1.2916e+04	2.0621e+03	4.4512e-09	8.7533e-01	1.2467e-01	6.1606e-01	3.6395e-01	1.9985e-02	6.1830e-10	5.4298e-03	9.6466e-01	2.9909e-02	1.4180e-06	8.9771e-01	1.0226e-01	3.2950e-05	1.1755e-36	1.1755e-36	1.1755e-36	3.7745e-16	0.00e+00	0.00e+00	9.5103e+01
3.27916e+15	7.5628e+03	7.660e-17	1.2916e+04	1.9849e+03	4.8480e-09	8.8009e-01	1.1991e-01	6.2977e-01	3.5109e-01	1.9147e-02	6.5702e-10	5.2584e-03	9.6631e-01	2.8432e-02	1.3603e-06	9.0174e-01	9.8228e-02	2.9561e-05	1.1755e-36	1.1755e-36	1.1755e-36	3.9956e-16	0.00e+00	0.00e+00	9.8080e+01
3.32124e+15	7.4765e+03	7.210e-17	1.2916e+04	1.9106e+03	5.2973e-09	8.8455e-01	1.1545e-01	6.4323e-01	3.3844e-01	1.8322e-02	6.9670e-10	5.0916e-03	9.6786e-01	2.7052e-02	1.3094e-06	9.0552e-01	9.4451e-02	2.6613e-05	1.1755e-36	1.1755e-36	1.1755e-36	4.2100e-16	0.00e+00	0.00e+00	1.0116e+02
3.36452e+15	7.3927e+03	6.789e-17	1.2916e+04	1.8405e+03	5.7798e-09	8.8877e-01	1.1123e-01	6.5639e-01	3.2610e-01	1.7504e-02	7.3825e-10	4.9336e-03	9.6930e-01	2.5764e-02	1.2640e-06	9.0910e-01	9.0879e-02	2.4020e-05	1.1755e-36	1.1755e-36	1.1755e-36	4.4329e-16	0.00e+00	0.00e+00	1.0434e+02
3.40948e+15	7.3058e+03	6.389e-17	1.2916e+04	1.7724e+03	6.3186e-09	8.9278e-01	1.0722e-01	6.6932e-01	3.1399e-01	1.6696e-02	7.8126e-10	4.7786e-03	9.7067e-01	2.4553e-02	1.2234e-06	9.1248e-01	8.7500e-02	2.1727e-05	1.1755e-36	1.1755e-36	1.1755e-36	4.6548e-16	0.00e+00	0.00e+00	1.0769e+02
3.45652e+15	7.2014e+03	6.011e-17	1.2916e+04	1.7074e+03	6.9999e-09	8.9686e-01	1.0314e-01	6.8233e-01	3.0181e-01	1.5853e-02	8.2994e-10	4.6325e-03	9.7197e-01	2.3392e-02	1.1868e-06	9.1592e-01	8.4060e-02	1.9663e-05	1.1755e-36	1.1755e-36	1.1755e-36	4.9182e-16	0.00e+00	0.00e+00	1.1120e+02
3.50574e+15	7.1060e+03	5.652e-17	1.2916e+04	1.6430e+03	7.7051e-09	9.0051e-01	9.9492e-02	6.9468e-01	2.9024e-01	1.5072e-02	8.7662e-10	4.4835e-03	9.7319e-01	2.2326e-02	1.1543e-06	9.1899e-01	8.0990e-02	1.7861e-05	1.1755e-36	1.1755e-36	1.1755e-36	5.1473e-16	0.00e+00	0.00e+00	1.1491e+02
3.55666e+15	6.9965e+03	5.320e-17	1.2916e+04	1.5844e+03	8.5804e-09	9.0420e-01	9.5795e-02	7.0701e-01	2.7874e-01	1.4254e-02	9.3021e-10	4.3508e-03	9.7433e-01	2.1317e-02	1.1254e-06	9.2210e-01	7.7883e-02	1.6258e-05	1.1755e-36	1.1755e-36	1.1755e-36	5.4374e-16	0.00e+00	0.00e+00	1.1870e+02
3.61020e+15	6.8859e+03	5.003e-17	1.2916e+04	1.5268e+03	9.5671e-09	9.0756e-01	9.2436e-02	7.1896e-01	2.6758e-01	1.3461e-02	9.8385e-10	4.2184e-03	9.7541e-01	2.0368e-02	1.0995e-06	9.2493e-01	7.5059e-02	1.4850e-05	1.1755e-36	1.1755e-36	1.1755e-36	5.7101e-16	0.00e+00	0.00e+00	1.2282e+02
3.66751e+15	6.7701e+03	4.699e-17	1.2916e+04	1.4702e+03	1.0739e-08	9.1092e-01	8.9077e-02	7.3064e-01	2.5668e-01	1.2682e-02	1.0420e-09	4.0875e-03	9.7644e-01	1.9473e-02	1.0760e-06	9.2775e-01	7.2240e-02	1.3567e-05	1.1755e-36	1.1755e-36	1.1755e-36	6.0198e-16	0.00e+00	0.00e+00	1.2720e+02
3.72404e+15	6.6589e+03	4.435e-17	1.2916e+04	1.4199e+03	1.2005e-08	9.1385e-01	8.6146e-02	7.4101e-01	2.4700e-01	1.1985e-02	1.0978e-09	3.9708e-03	9.7731e-01	1.8714e-02	1.0569e-06	9.3021e-01	6.9781e-02	1.2520e-05	1.1755e-36	1.1755e-36	1.1755e-36	6.3228e-16	0.00e+00	0.00e+00	1.3123e+02
3.77670e+15	6.5529e+03	4.214e-17	1.2916e+04	1.3792e+03	1.3332e-08	9.1614e-01	8.3859e-02	7.5035e-01	2.3832e-01	1.1336e-02	1.1500e-09	3.8777e-03	9.7806e-01	1.8061e-02	1.0417e-06	9.3213e-01	6.7858e-02	1.1713e-05	1.1755e-36	1.1755e-36	1.1755e-36	6.6002e-16	0.00e+00	0.00e+00	1.3506e+02
3.82807e+15	6.4499e+03	4.017e-17	1.2916e+04	1.3423e+03	1.4782e-08	9.1821e-01	8.1792e-02	7.5888e-01	2.3038e-01	1.0738e-02	1.2018e-09	3.7934e-03	9.7873e-01	1.7477e-02	1.0286e-06	9.3387e-01	6.6122e-02	1.1022e-05	1.1755e-36	1.1755e-36	1.1755e-36	6.8898e-16	0.00e+00	0.00e+00	1.3891e+02
3.88005e+15	6.3481e+03	3.833e-17	1.2916e+04	1.3068e+03	1.6411e-08	9.2023e-01	7.9767e-02	7.6680e-01	2.2302e-01	1.0185e-02	1.2556e-09	3.7117e-03	9.7934e-01	1.6943e-02	1.0170e-06	9.3557e-01	6.4421e-02	1.0396e-05	1.1755e-36	1.1755e-36	1.1755e-36	7.2156e-16	0.00e+00	0.00e+00	1.4285e+02
3.93274e+15	6.2473e+03	3.661e-17	1.2916e+04	1.2730e+03	1.8243e-08	9.2218e-01	7.7819e-02	7.7417e-01	2.1616e-01	9.6693e-03	1.3112e-09	3.6334e-03	9.7991e-01	1.6456e-02	1.0067e-06	9.3720e-01	6.2786e-02	9.8327e-06	1.1755e-36	1.1755e-36	1.1755e-36	7.5798e-16	0.00e+00	0.00e+00	1.4683e+02
3.98550e+15	6.1479e+03	3.504e-17	1.2916e+04	1.2415e+03	2.0288e-08	9.2399e-01	7.6007e-02	7.8105e-01	2.0977e-01	9.1876e-03	1.3684e-09	3.5606e-03	9.8042e-01	1.6013e-02	9.9762e-07	9.3872e-01	6.1267e-02	9.3347e-06	1.1755e-36	1.1755e-36	1.1755e-36	7.9815e-16	0.00e+00	0.00e+00	1.5079e+02
4.03794e+15	6.0507e+03	3.360e-17	1.2916e+04	1.2126e+03	2.2554e-08	9.2567e-01	7.4334e-02	7.8746e-01	2.0380e-01	8.7363e-03	1.4276e-09	3.4939e-03	9.8089e-01	1.5610e-02	9.8968e-07	9.4013e-01	5.9863e-02	8.8953e-06	1.1755e-36	1.1755e-36	1.1755e-36	8.4279e-16	0.00e+00	0.00e+00	1.5474e+02
4.09007e+15	5.9551e+03	3.227e-17	1.2916e+04	1.1855e+03	2.5080e-08	9.2721e-01	7.2789e-02	7.9344e-01	1.9824e-01	8.3161e-03	1.4889e-09	3.4314e-03	9.8132e-01	1.5243e-02	9.8272e-07	9.4143e-01	5.8565e-02	8.5057e-06	1.1755e-36	1.1755e-36	1.1755e-36	8.9237e-16	0.00e+00	0.00e+00	1.5867e+02
4.14188e+15	5.8616e+03	3.104e-17	1.2916e+04	1.1601e+03	2.7892e-08	9.2866e-01	7.1336e-02	7.9905e-01	1.9303e-01	7.9241e-03	1.5534e-09	3.3729e-03	9.8172e-01	1.4908e-02	9.7657e-07	9.4265e-01	5.7345e-02	8.1562e-06	1.1755e-36	1.1755e-36	1.1755e-36	9.4862e-16	0.00e+00	0.00e+00	1.6258e+02
4.19329e+15	5.7701e+03	2.991e-17	1.2916e+04	1.1362e+03	3.1021e-08	9.3003e-01	6.9973e-02	8.0429e-01	1.8815e-01	7.5590e-03	1.6215e-09	3.3181e-03	9.8208e-01	1.4602e-02	9.7112e-07	9.4379e-01	5.6201e-02	7.8420e-06	1.1755e-36	1.1755e-36	1.1755e-36	1.0126e-15	0.00e+00	0.00e+00	1.6646e+02
4.24429e+15	5.6804e+03	2.885e-17	1.2916e+04	1.1136e+03	3.4517e-08	9.3130e-01	6.8695e-02	8.0918e-01	1.8360e-01	7.2199e-03	1.6937e-09	3.2662e-03	9.8241e-01	1.4322e-02	9.6631e-07	9.4487e-01	5.5127e-02	7.5588e-06	1.1755e-36	1.1755e-36	1.1755e-36	1.0858e-15	0.00e+00	0.00e+00	1.7032e+02
4.29473e+15	5.5931e+03	2.787e-17	1.2916e+04	1.0926e+03	3.8394e-08	9.3252e-01	6.7482e-02	8.1378e-01	1.7932e-01	6.9029e-03	1.7713e-09	3.2179e-03	9.8272e-01	1.4064e-02	9.6201e-07	9.4588e-01	5.4108e-02	7.3014e-06	1.1755e-36	1.1755e-36	1.1755e-36	1.1704e-15	0.00e+00	0.00e+00	1.7413e+02
4.34461e+15	5.5078e+03	2.696e-17	1.2916e+04	1.0727e+03	4.2711e-08	9.3366e-01	6.6339e-02	8.1811e-01	1.7529e-01	6.6065e-03	1.8550e-09	3.1725e-03	9.8300e-01	1.3827e-02	9.5819e-07	9.4685e-01	5.3147e-02	7.0675e-06	1.1755e-36	1.1755e-36	1.1755e-36	1.2682e-15	0.00e+00	0.00e+00	1.7791e+02
4.39398e+15	5.4244e+03	2.611e-17	1.2916e+04	1.0538e+03	4.7525e-08	9.3475e-01	6.5250e-02	8.2218e-01	1.7149e-01	6.3301e-03	1.9459e-09	3.1293e-03	9.8326e-01	1.3609e-02	9.5478e-07	9.4776e-01	5.2232e-02	6.8533e-06	1.1755e-36	1.1755e-36	1.1755e-36	1.3820e-15	0.00e+00	0.00e+00	1.8165e+02
4.44278e+15	5.3430e+03	2.532e-17	1.2916e+04	1.0358e+03	5.2888e-08	9.3579e-01	6.4214e-02	8.2602e-01	1.6791e-01	6.0717e-03	2.0451e-09	3.0885e-03	9.8350e-01	1.3409e-02	9.5173e-07	9.4863e-01	5.1360e-02	6.6568e-06	1.1755e-36	1.1755e-36	1.1755e-36	1.5151e-15	0.00e+00	0.00e+00	1.8535e+02
4.49093e+15	5.2636e+03	2.457e-17	1.2916e+04	1.0188e+03	5.8859e-08	9.3677e-01	6.3229e-02	8.2965e-01	1.6452e-01	5.8299e-03	2.1540e-09	3.0499e-03	9.8373e-01	1.3224e-02	9.4900e-07	9.4946e-01	5.0532e-02	6.4763e-06	1.1755e-36	1.1755e-36	1.1755e-36	1.6711e-15	0.00e+00	0.00e+00	1.8900e+02
4.53840e+15	5.1861e+03	2.387e-17	1.2916e+04	1.0026e+03	6.5507e-08	9.3771e-01	6.2292e-02	8.3309e-01	1.6131e-01	5.6035e-03	2.2738e-09	3.0134e-03	9.8393e-01	1.3053e-02	9.4657e-07	9.5025e-01	4.9743e-02	6.3101e-06	1.1755e-36	1.1755e-36	1.1755e-36	1.8544e-15	0.00e+00	0.00e+00	1.9261e+02
4.58518e+15	5.1104e+03	2.322e-17	1.2916e+04	9.8712e+02	7.2908e-08	9.3860e-01	6.1396e-02	8.3635e-01	1.5826e-01	5.3912e-03	2.4064e-09	2.9787e-03	9.8413e-01	1.2895e-02	9.4440e-07	9.5100e-01	4.8989e-02	6.1565e-06	1.1755e-36	1.1755e-36	1.1755e-36	2.0709e-15	0.00e+00	0.00e+00	1.9616e+02
4.63127e+15	5.0366e+03	2.260e-17	1.2916e+04	9.7236e+02	8.1149e-08	9.3946e-01	6.0539e-02	8.3944e-01	1.5536e-01	5.1921e-03	2.5534e-09	2.9457e-03	9.8430e-01	1.2750e-02	9.4246e-07	9.5173e-01	4.8268e-02	6.0141e-06	1.1755e-36	1.1755e-36	1.1755e-36	2.3272e-15	0.00e+00	0.00e+00	1.9967e+02
4.67667e+15	4.9643e+03	2.201e-17	1.2916e+04	9.5853e+02	9.0327e-08	9.4030e-01	5.9696e-02	8.4243e-01	1.5257e-01	5.0020e-03	2.7187e-09	2.9154e-03	9.8451e-01	1.2574e-02	9.4045e-07	9.5244e-01	4.7559e-02	5.8804e-06	1.1755e-36	1.1755e-36	1.1755e-36	2.6205e-15	0.00e+00	0.00e+00	2.0312e+02
4.72137e+15	4.8920e+03	2.146e-17	1.2916e+04	9.4465e+02	1.0070e-07	9.4108e-01	5.8915e-02	8.4521e-01	1.4996e-01	4.8272e-03	2.8981e-09	2.8849e-03	9.8474e-01	1.2371e-02	9.3849e-07	9.5309e-01	4.6900e-02	5.7590e-06	1.1755e-36	1.1755e-36	1.1755e-36	2.9459e-15	0.00e+00	0.00e+00	2.0652e+02
4.76506e+15	4.8165e+03	2.094e-17	1.2916e+04	9.3121e+02	1.1310e-07	9.4186e-01	5.8139e-02	8.4790e-01	1.4744e-01	4.6605e-03	3.1032e-09	2.8562e-03	9.8497e-01	1.2177e-02	9.3684e-07	9.5375e-01	4.6244e-02	5.6471e-06	1.1755e-36	1.1755e-36	1.1755e-36	3.3486e-15	0.00e+00	0.00e+00	2.0983e+02
4.80622e+15	4.7580e+03	2.048e-17	1.2916e+04	9.1975e+02	1.2410e-07	9.4249e-01	5.7507e-02	8.5026e-01	1.4522e-01	4.5164e-03	3.2843e-09	2.8310e-03	9.8516e-01	1.2010e-02	9.3522e-07	9.5428e-01	4.5711e-02	5.5477e-06	1.1755e-36	1.1755e-36	1.1755e-36	3.7208e-15	0.00e+00	0.00e+00	2.1285e+02
4.84801e+15	4.6862e+03	2.002e-17	1.2916e+04	9.0841e+02	1.3926e-07	9.4314e-01	5.6855e-02	8.5290e-01	1.4275e-01	4.3560e-03	3.5222e-09	2.8082e-03	9.8538e-01	1.1816e-02	9.3378e-07	9.5484e-01	4.5156e-02	5.4532e-06	1.1755e-36	1.1755e-36	1.1755e-36	4.2474e-15	0.00e+00	0.00e+00	2.1625e+02
4.89050e+15	4.6248e+03	1.956e-17	1.2916e+04	8.9574e+02	1.5446e-07	9.4394e-01	5.6058e-02	8.5506e-01	1.4072e-01	4.2283e-03	3.7601e-09	2.7798e-03	9.8556e-01	1.1659e-02	9.3230e-07	9.5550e-01	4.4490e-02	5.3486e-06	1.1755e-36	1.1755e-36	1.1755e-36	4.8203e-15	0.00e+00	0.00e+00	2.1939e+02
4.93152e+15	4.5566e+03	1.914e-17	1.2916e+04	8.8471e+02	1.7333e-07	9.4459e-01	5.5413e-02	8.5740e-01	1.3851e-01	4.0900e-03	4.0406e-09	2.7575e-03	9.8575e-01	1.1490e-02	9.3118e-07	9.5605e-01	4.3944e-02	5.2633e-06	1.1755e-36	1.1755e-36	1.1755e-36	5.5407e-15	0.00e+00	0.00e+00	2.2257e+02
4.97118e+15	4.4971e+03	1.875e-17	1.2916e+04	8.7400e+02	1.9230e-07	9.4522e-01	5.4781e-02	8.5944e-01	1.3659e-01	3.9717e-03	4.3181e-09	2.7349e-03	9.8592e-01	1.1346e-02	9.3012e-07	9.5658e-01	4.3412e-02	5.1811e-06	1.1755e-36	1.1755e-36	1.1755e-36	6.3074e-15	0.00e+00	0.00e+00	2.2550e+02
5.00941e+15	4.4420e+03	1.839e-17	1.2916e+04	8.6449e+02	2.1202e-07	9.4571e-01	5.4292e-02	8.6146e-01	1.3469e-01	3.8560e-03	4.5986e-09	2.7153e-03	9.8608e-01	1.1201e-02	9.2913e-07	9.5700e-01	4.2995e-02	5.1107e-06	1.1755e-36	1.1755e-36	1.1755e-36	7.1242e-15	0.00e+00	0.00e+00	2.2847e+02
5.04935e+15	4.3780e+03	1.801e-17	1.2916e+04	8.5421e+02	2.3819e-07	9.4637e-01	5.3626e-02	8.6357e-01	1.3269e-01	3.7360e-03	4.9653e-09	2.6950e-03	9.8626e-01	1.1045e-02	9.2818e-07	9.5756e-01	4.2434e-02	5.0316e-06	1.1755e-36	1.1755e-36	1.1755e-36	8.2877e-15	0.00e+00	0.00e+00	2.3166e+02
5.08888e+15	4.3273e+03	1.764e-17	1.2916e+04	8.4304e+02	2.6198e-07	9.4697e-01	5.3031e-02	8.6522e-01	1.3113e-01	3.6454e-03	5.2923e-09	2.6696e-03	9.8640e-01	1.0925e-02	9.2719e-07	9.5806e-01	4.1934e-02	4.9558e-06	1.1755e-36	1.1755e-36	1.1755e-36	9.4027e-15	0.00e+00	0.00e+00	2.3457e+02
5.12846e+15	4.2590e+03	1.729e-17	1.2916e+04	8.3383e+02	2.9805e-07	9.4762e-01	5.2383e-02	8.6741e-01	1.2907e-01	3.5238e-03	5.7747e-09	2.6537e-03	9.8658e-01	1.0768e-02	9.2656e-07	9.5861e-01	4.1386e-02	4.8857e-06	1.1755e-36	1.1755e-36	1.1755e-36	1.1179e-14	0.00e+00	0.00e+00	2.3778e+02
5.16635e+15	4.2117e+03	1.696e-17	1.2916e+04	8.2346e+02	3.2699e-07	9.4818e-01	5.1822e-02	8.6888e-01	1.2768e-01	3.4455e-03	6.1566e-09	2.6303e-03	9.8670e-01	1.0667e-02	9.2579e-07	9.5908e-01	4.0916e-02	4.8184e-06	1.1755e-36	1.1755e-36	1.1755e-36	1.2699e-14	0.00e+00	0.00e+00	2.4043e+02
5.20285e+15	4.1540e+03	1.667e-17	1.2916e+04	8.1594e+02	3.6593e-07	9.4862e-01	5.1378e-02	8.7085e-01	1.2581e-01	3.3385e-03	6.6542e-09	2.6180e-03	9.8686e-01	1.0526e-02	9.2531e-07	9.5946e-01	4.0535e-02	4.7651e-06	1.1755e-36	1.1755e-36	1.1755e-36	1.4795e-14	0.00e+00	0.00e+00	2.4342e+02
5.24042e+15	4.0995e+03	1.636e-17	1.2916e+04	8.0640e+02	4.0869e-07	9.4928e-01	5.0723e-02	8.7248e-01	1.2426e-01	3.2529e-03	7.2017e-09	2.5990e-03	9.8699e-01	1.0411e-02	9.2469e-07	9.6001e-01	3.9987e-02	4.6981e-06	1.1755e-36	1.1755e-36	1.1755e-36	1.7331e-14	0.00e+00	0.00e+00	2.4624e+02
5.27601e+15	4.0437e+03	1.607e-17	1.2916e+04	7.9767e+02	4.5791e-07	9.4981e-01	5.0194e-02	8.7411e-01	1.2272e-01	3.1686e-03	7.8068e-09	2.5828e-03	9.8712e-01	1.0298e-02	9.2438e-07	9.6046e-01	3.9539e-02	4.6439e-06	1.1755e-36	1.1755e-36	1.1755e-36	2.0361e-14	0.00e+00	0.00e+00	2.4893e+02
5.30959e+15	3.9982e+03	1.581e-17	1.2916e+04	7.8921e+02	5.0324e-07	9.5025e-01	4.9749e-02	8.7553e-01	1.2138e-01	3.0984e-03	8.3586e-09	2.5656e-03	9.8723e-01	1.0202e-02	9.2396e-07	9.6083e-01	3.9162e-02	4.5935e-06	1.1755e-36	1.1755e-36	1.1755e-36	2.3311e-14	0.00e+00	0.00e+00	2.5144e+02
###########################
2.60567e+11	1.0005e+04	8.291e-16	1.2916e+04	1.3807e+04	3.1281e-13	3.5386e-02	9.6461e-01	3.0284e-02	7.6940e-01	2.0031e-01	5.2732e-14	4.9270e-03	4.0880e-01	5.8173e-01	4.5188e-03	3.1718e-02	7.1600e-01	2.4892e-01	3.3401e-03	1.8072e-05	1.1755e-36	1.2719e-21	0.00e+00	0.00e+00	1.5039e-03
1.56340e+12	9.9961e+03	8.261e-16	1.2916e+04	1.3776e+04	3.1181e-13	3.5244e-02	9.6476e-01	3.0213e-02	7.6917e-01	2.0062e-01	5.2083e-14	4.8898e-03	4.0830e-01	5.8224e-01	4.5447e-03	3.1545e-02	7.1504e-01	2.5003e-01	3.3639e-03	1.8225e-05	1.1755e-36	1.2499e-21	0.00e+00	0.00e+00	7.4954e-03
6.77473e+12	9.9822e+03	8.215e-16	1.2916e+04	1.3768e+04	3.1055e-13	3.5081e-02	9.6492e-01	3.0220e-02	7.6940e-01	2.0038e-01	5.1440e-14	4.8728e-03	4.0827e-01	5.8228e-01	4.5571e-03	3.1331e-02	7.1352e-01	2.5175e-01	3.3828e-03	1.8306e-05	1.1755e-36	1.2279e-21	0.00e+00	0.00e+00	3.1351e-02
2.76201e+13	9.9436e+03	8.114e-16	1.2916e+04	1.3768e+04	3.1171e-13	3.4886e-02	9.6511e-01	3.0323e-02	7.7113e-01	1.9855e-01	5.0473e-14	4.8655e-03	4.0847e-01	5.8210e-01	4.5405e-03	3.0972e-02	7.0916e-01	2.5646e-01	3.3890e-03	1.8232e-05	1.1755e-36	1.1982e-21	0.00e+00	0.00e+00	1.2624e-01
6.59755e+13	9.7974e+03	7.760e-16	1.2916e+04	1.3787e+04	2.9372e-13	3.2971e-02	9.6703e-01	3.0253e-02	7.7164e-01	1.9811e-01	4.3733e-14	4.7139e-03	4.0759e-01	5.8292e-01	4.7559e-03	2.8539e-02	6.9229e-01	2.7544e-01	3.7153e-03	1.9705e-05	1.1755e-36	9.7786e-22	0.00e+00	0.00e+00	2.4283e-01
1.15837e+14	9.6777e+03	7.493e-16	1.2916e+04	1.3803e+04	2.8778e-13	3.1916e-02	9.6808e-01	3.0410e-02	7.7375e-01	1.9584e-01	4.0202e-14	4.6461e-03	4.0818e-01	5.8231e-01	4.8312e-03	2.7194e-02	6.8166e-01	2.8729e-01	3.8314e-03	2.0006e-05	1.1755e-36	8.6693e-22	0.00e+00	0.00e+00	3.8954e-01
1.80658e+14	9.5654e+03	7.284e-16	1.2916e+04	1.3803e+04	2.9403e-13	3.1562e-02	9.6844e-01	3.0785e-02	7.7767e-01	1.9155e-01	3.8872e-14	4.6477e-03	4.1000e-01	5.8056e-01	4.7703e-03	2.6683e-02	6.7595e-01	2.9360e-01	3.7477e-03	1.9244e-05	1.1755e-36	8.2510e-22	0.00e+00	0.00e+00	5.7815e-01
2.64925e+14	9.4998e+03	7.116e-16	1.2916e+04	1.3792e+04	3.0948e-13	3.1962e-02	9.6804e-01	3.1379e-02	7.8359e-01	1.8503e-01	3.9762e-14	4.7311e-03	4.1307e-01	5.7761e-01	4.5580e-03	2.7088e-02	6.7665e-01	2.9281e-01	3.4397e-03	1.7384e-05	1.1755e-36	8.5136e-22	0.00e+00	0.00e+00	8.2645e-01
3.69819e+14	9.4475e+03	7.018e-16	1.2916e+04	1.3767e+04	3.4507e-13	3.3378e-02	9.6662e-01	3.2338e-02	7.9179e-01	1.7587e-01	4.3837e-14	4.9219e-03	4.1826e-01	5.7262e-01	4.1808e-03	2.8695e-02	6.8454e-01	2.8382e-01	2.9316e-03	1.4616e-05	1.1755e-36	9.7496e-22	0.00e+00	0.00e+00	1.1382e+00
4.81921e+14	9.4351e+03	6.988e-16	1.2916e+04	1.3723e+04	3.9816e-13	3.5737e-02	9.6426e-01	3.3508e-02	8.0041e-01	1.6608e-01	5.1349e-14	5.2007e-03	4.2474e-01	5.6632e-01	3.7282e-03	3.1478e-02	6.9884e-01	2.6731e-01	2.3614e-03	1.1719e-05	1.1755e-36	1.2150e-21	0.00e+00	0.00e+00	1.4579e+00
6.00001e+14	9.4603e+03	7.049e-16	1.2916e+04	1.3657e+04	4.9068e-13	3.9781e-02	9.6022e-01	3.5270e-02	8.1038e-01	1.5435e-01	6.6399e-14	5.6506e-03	4.3464e-01	5.5653e-01	3.1610e-03	3.6350e-02	7.2101e-01	2.4089e-01	1.7379e-03	8.6996e-06	1.1755e-36	1.7317e-21	0.00e+00	0.00e+00	1.8682e+00
7.36405e+14	9.5194e+03	7.197e-16	1.2916e+04	1.3556e+04	6.5765e-13	4.6395e-02	9.5360e-01	3.7817e-02	8.2144e-01	1.4075e-01	9.6104e-14	6.3247e-03	4.4879e-01	5.4235e-01	2.5156e-03	4.4430e-02	7.4930e-01	2.0513e-01	1.1358e-03	5.8640e-06	1.1755e-36	2.8807e-21	0.00e+00	0.00e+00	2.4219e+00
8.75393e+14	9.6174e+03	7.438e-16	1.2916e+04	1.3411e+04	9.3379e-13	5.5988e-02	9.4401e-01	4.0883e-02	8.3125e-01	1.2787e-01	1.4988e-13	7.1579e-03	4.6512e-01	5.2579e-01	1.9217e-03	5.6209e-02	7.7650e-01	1.6661e-01	6.8426e-04	3.7563e-06	1.1755e-36	5.3360e-21	0.00e+00	0.00e+00	3.0230e+00
9.90879e+14	9.7202e+03	7.713e-16	1.2916e+04	1.3244e+04	1.3236e-12	6.7428e-02	9.3257e-01	4.4032e-02	8.3813e-01	1.1784e-01	2.3177e-13	8.0004e-03	4.8137e-01	5.0915e-01	1.4787e-03	7.0288e-02	7.9548e-01	1.3382e-01	4.1654e-04	2.4758e-06	1.1755e-36	9.7880e-21	0.00e+00	0.00e+00	3.5691e+00
1.08019e+15	9.7995e+03	7.989e-16	1.2916e+04	1.3124e+04	1.8147e-12	7.9402e-02	9.2060e-01	4.6938e-02	8.4289e-01	1.1017e-01	3.4061e-13	8.7741e-03	4.9614e-01	4.9391e-01	1.1736e-03	8.4905e-02	8.0471e-01	1.1011e-01	2.7095e-04	1.7436e-06	1.1755e-36	1.6791e-20	0.00e+00	0.00e+00	4.0827e+00
1.15691e+15	9.8686e+03	8.177e-16	1.2916e+04	1.2932e+04	2.4190e-12	9.1988e-02	9.0801e-01	5.0098e-02	8.4590e-01	1.0400e-01	4.8044e-13	9.4789e-03	5.1103e-01	4.7854e-01	9.4730e-04	1.0037e-01	8.0908e-01	9.0373e-02	1.8025e-04	1.2619e-06	1.1755e-36	2.7010e-20	0.00e+00	0.00e+00	4.6389e+00
1.22907e+15	9.9218e+03	8.351e-16	1.2916e+04	1.2711e+04	3.2391e-12	1.0622e-01	8.9378e-01	5.3517e-02	8.4817e-01	9.8312e-02	6.7221e-13	1.0154e-02	5.2583e-01	4.6325e-01	7.6610e-04	1.1769e-01	8.0796e-01	7.4230e-02	1.2084e-04	9.2523e-07	1.1755e-36	4.3086e-20	0.00e+00	0.00e+00	5.2468e+00
1.29816e+15	9.9753e+03	8.502e-16	1.2916e+04	1.2488e+04	4.3445e-12	1.2257e-01	8.7743e-01	5.7210e-02	8.4960e-01	9.3191e-02	9.4122e-13	1.0831e-02	5.4151e-01	4.4703e-01	6.1736e-04	1.3742e-01	8.0194e-01	6.0565e-02	8.0711e-05	6.7847e-07	1.1755e-36	6.8906e-20	0.00e+00	0.00e+00	5.9267e+00
1.36531e+15	9.9914e+03	8.630e-16	1.2916e+04	1.2233e+04	5.9454e-12	1.4155e-01	8.5845e-01	6.1481e-02	8.5025e-01	8.8269e-02	1.3239e-12	1.1501e-02	5.5843e-01	4.2958e-01	4.9451e-04	1.6010e-01	7.9084e-01	4.9008e-02	5.3553e-05	4.9593e-07	1.1755e-36	1.1078e-19	0.00e+00	0.00e+00	6.6919e+00
1.43057e+15	1.0019e+04	8.695e-16	1.2916e+04	1.1948e+04	8.0728e-12	1.6282e-01	8.3718e-01	6.6121e-02	8.4993e-01	8.3951e-02	1.8488e-12	1.2119e-02	5.7585e-01	4.1163e-01	3.9579e-04	1.8527e-01	7.7526e-01	3.9429e-02	3.5535e-05	3.6285e-07	1.1755e-36	1.7665e-19	0.00e+00	0.00e+00	7.5446e+00
1.49386e+15	1.0013e+04	8.714e-16	1.2916e+04	1.1630e+04	1.1085e-11	1.8673e-01	8.1327e-01	7.1421e-02	8.4872e-01	7.9862e-02	2.5748e-12	1.2692e-02	5.9425e-01	3.9274e-01	3.1601e-04	2.1324e-01	7.5517e-01	3.1562e-02	2.3601e-05	2.6536e-07	1.1755e-36	2.8042e-19	0.00e+00	0.00e+00	8.4943e+00
1.55368e+15	1.0000e+04	8.675e-16	1.2916e+04	1.1300e+04	1.5062e-11	2.1241e-01	7.8759e-01	7.7198e-02	8.4658e-01	7.6222e-02	3.5330e-12	1.3191e-02	6.1286e-01	3.7369e-01	2.5363e-04	2.4291e-01	7.3178e-01	2.5295e-02	1.5893e-05	1.9555e-07	1.1755e-36	4.3637e-19	0.00e+00	0.00e+00	9.4865e+00
1.60817e+15	9.9855e+03	8.574e-16	1.2916e+04	1.0958e+04	1.9895e-11	2.3805e-01	7.6195e-01	8.3071e-02	8.4374e-01	7.3190e-02	4.6888e-12	1.3564e-02	6.3033e-01	3.5589e-01	2.0707e-04	2.7216e-01	7.0729e-01	2.0546e-02	1.1071e-05	1.4761e-07	1.1755e-36	6.4859e-19	0.00e+00	0.00e+00	1.0490e+01
1.65866e+15	9.9595e+03	8.440e-16	1.2916e+04	1.0633e+04	2.5876e-11	2.6406e-01	7.3594e-01	8.9308e-02	8.4026e-01	7.0430e-02	6.1062e-12	1.3878e-02	6.4747e-01	3.3848e-01	1.7069e-04	3.0145e-01	6.8171e-01	1.6828e-02	7.8937e-06	1.1755e-36	1.1755e-36	9.3940e-19	0.00e+00	0.00e+00	1.1551e+01
1.70722e+15	9.9337e+03	8.251e-16	1.2916e+04	1.0282e+04	3.3121e-11	2.9034e-01	7.0966e-01	9.5831e-02	8.3615e-01	6.8021e-02	7.7972e-12	1.4088e-02	6.6405e-01	3.2172e-01	1.4176e-04	3.3069e-01	6.5547e-01	1.3839e-02	5.7195e-06	1.1755e-36	1.1755e-36	1.3235e-18	0.00e+00	0.00e+00	1.2684e+01
1.75495e+15	9.9033e+03	8.022e-16	1.2916e+04	9.9223e+03	4.2071e-11	3.1738e-01	6.8262e-01	1.0290e-01	8.3132e-01	6.5777e-02	9.8557e-12	1.4227e-02	6.8060e-01	3.0505e-01	1.1797e-04	3.6038e-01	6.2824e-01	1.1379e-02	4.1796e-06	1.1755e-36	1.1755e-36	1.8387e-18	0.00e+00	0.00e+00	1.3917e+01
1.80227e+15	9.8672e+03	7.758e-16	1.2916e+04	9.5526e+03	5.3119e-11	3.4511e-01	6.5489e-01	1.1059e-01	8.2574e-01	6.3671e-02	1.2349e-11	1.4297e-02	6.9714e-01	2.8846e-01	9.8275e-05	3.9045e-01	6.0021e-01	9.3440e-03	3.0765e-06	1.1755e-36	1.1755e-36	2.5235e-18	0.00e+00	0.00e+00	1.5240e+01
1.84884e+15	9.8277e+03	7.464e-16	1.2916e+04	9.1793e+03	6.6427e-11	3.7294e-01	6.2706e-01	1.1884e-01	8.1945e-01	6.1713e-02	1.5296e-11	1.4299e-02	7.1340e-01	2.7222e-01	8.2117e-05	4.2023e-01	5.7209e-01	7.6808e-03	2.2895e-06	1.1755e-36	1.1755e-36	3.4075e-18	0.00e+00	0.00e+00	1.6643e+01
1.89459e+15	9.7849e+03	7.148e-16	1.2916e+04	8.8082e+03	8.2269e-11	4.0053e-01	5.9947e-01	1.2767e-01	8.1248e-01	5.9843e-02	1.8736e-11	1.4243e-02	7.2927e-01	2.5641e-01	6.8840e-05	4.4938e-01	5.4429e-01	6.3230e-03	1.7242e-06	1.1755e-36	1.1755e-36	4.5302e-18	0.00e+00	0.00e+00	1.8125e+01
1.93882e+15	9.7406e+03	6.825e-16	1.2916e+04	8.4493e+03	1.0036e-10	4.2705e-01	5.7295e-01	1.3683e-01	8.0502e-01	5.8146e-02	2.2584e-11	1.4131e-02	7.4432e-01	2.4149e-01	5.8130e-05	4.7704e-01	5.1772e-01	5.2381e-03	1.3224e-06	1.1755e-36	1.1755e-36	5.8848e-18	0.00e+00	0.00e+00	1.9625e+01
1.98064e+15	9.6962e+03	6.507e-16	1.2916e+04	8.1131e+03	1.2027e-10	4.5179e-01	5.4821e-01	1.4611e-01	7.9729e-01	5.6597e-02	2.6739e-11	1.3982e-02	7.5827e-01	2.2770e-01	4.9587e-05	5.0254e-01	4.9307e-01	4.3829e-03	1.0374e-06	1.1755e-36	1.1755e-36	7.4509e-18	0.00e+00	0.00e+00	2.1120e+01
2.02050e+15	9.6513e+03	6.198e-16	1.2916e+04	7.7986e+03	1.4208e-10	4.7495e-01	5.2505e-01	1.5557e-01	7.8929e-01	5.5140e-02	3.1211e-11	1.3809e-02	7.7127e-01	2.1488e-01	4.2637e-05	5.2616e-01	4.7014e-01	3.6971e-03	8.2940e-07	1.1755e-36	1.1755e-36	9.2421e-18	0.00e+00	0.00e+00	2.2637e+01
2.05951e+15	9.6057e+03	5.893e-16	1.2916e+04	7.4980e+03	1.6633e-10	4.9716e-01	5.0284e-01	1.6540e-01	7.8087e-01	5.3729e-02	3.6108e-11	1.3616e-02	7.8367e-01	2.0268e-01	3.6796e-05	5.4857e-01	4.4830e-01	3.1290e-03	6.7109e-07	1.1755e-36	1.1755e-36	1.1317e-17	0.00e+00	0.00e+00	2.4211e+01
2.09830e+15	9.5562e+03	5.588e-16	1.2916e+04	7.1984e+03	1.9359e-10	5.1851e-01	4.8149e-01	1.7557e-01	7.7204e-01	5.2387e-02	4.1433e-11	1.3385e-02	7.9548e-01	1.9111e-01	3.1841e-05	5.6991e-01	4.2743e-01	2.6533e-03	5.4844e-07	1.1755e-36	1.1755e-36	1.3685e-17	0.00e+00	0.00e+00	2.5850e+01
2.13630e+15	9.5062e+03	5.298e-16	1.2916e+04	6.9255e+03	2.2393e-10	5.3931e-01	4.6069e-01	1.8635e-01	7.6263e-01	5.1015e-02	4.7383e-11	1.3166e-02	8.0688e-01	1.7993e-01	2.7601e-05	5.9049e-01	4.0726e-01	2.2527e-03	4.5229e-07	1.1755e-36	1.1755e-36	1.6479e-17	0.00e+00	0.00e+00	2.7488e+01
2.16654e+15	9.4761e+03	5.071e-16	1.2916e+04	6.7047e+03	2.4839e-10	5.5442e-01	4.4558e-01	1.9461e-01	7.5525e-01	5.0145e-02	5.2086e-11	1.2944e-02	8.1507e-01	1.7196e-01	2.4826e-05	6.0532e-01	3.9269e-01	1.9887e-03	3.9289e-07	1.1755e-36	1.1755e-36	1.8765e-17	0.00e+00	0.00e+00	2.8539e+01
2.18799e+15	9.4453e+03	4.914e-16	1.2916e+04	6.5628e+03	2.6784e-10	5.6507e-01	4.3493e-01	2.0118e-01	7.4944e-01	4.9378e-02	5.5789e-11	1.2814e-02	8.2109e-01	1.6607e-01	2.2957e-05	6.1571e-01	3.8247e-01	1.8188e-03	3.5604e-07	1.1755e-36	1.1755e-36	2.0599e-17	0.00e+00	0.00e+00	2.9444e+01
2.20943e+15	9.4036e+03	4.759e-16	1.2916e+04	6.4251e+03	2.9076e-10	5.7617e-01	4.2383e-01	2.0835e-01	7.4317e-01	4.8475e-02	6.0040e-11	1.2696e-02	8.2730e-01	1.5998e-01	2.1144e-05	6.2650e-01	3.7184e-01	1.6578e-03	3.2200e-07	1.1755e-36	1.1755e-36	2.2770e-17	0.00e+00	0.00e+00	3.0536e+01
2.23415e+15	9.3786e+03	4.574e-16	1.2916e+04	6.2481e+03	3.1484e-10	5.8778e-01	4.1222e-01	2.1589e-01	7.3642e-01	4.7689e-02	6.4537e-11	1.2494e-02	8.3370e-01	1.5379e-01	1.9338e-05	6.3771e-01	3.6079e-01	1.4942e-03	2.8886e-07	1.1755e-36	1.1755e-36	2.5090e-17	0.00e+00	0.00e+00	3.1792e+01
2.26133e+15	9.3344e+03	4.382e-16	1.2916e+04	6.0678e+03	3.4647e-10	6.0105e-01	3.9895e-01	2.2487e-01	7.2840e-01	4.6739e-02	7.0262e-11	1.2297e-02	8.4076e-01	1.4693e-01	1.7495e-05	6.5047e-01	3.4820e-01	1.3300e-03	2.5645e-07	1.1755e-36	1.1755e-36	2.8151e-17	0.00e+00	0.00e+00	3.3171e+01
2.28852e+15	9.2938e+03	4.197e-16	1.2916e+04	5.8955e+03	3.8009e-10	6.1410e-01	3.8590e-01	2.3410e-01	7.2010e-01	4.5808e-02	7.6432e-11	1.2099e-02	8.4756e-01	1.4033e-01	1.5845e-05	6.6293e-01	3.3589e-01	1.1834e-03	2.2849e-07	1.1755e-36	1.1755e-36	3.1568e-17	0.00e+00	0.00e+00	3.4486e+01
2.31398e+15	9.2640e+03	4.025e-16	1.2916e+04	5.7299e+03	4.1135e-10	6.2539e-01	3.7461e-01	2.4253e-01	7.1243e-01	4.5037e-02	8.2102e-11	1.1888e-02	8.5349e-01	1.3461e-01	1.4486e-05	6.7364e-01	3.2529e-01	1.0637e-03	2.0644e-07	1.1755e-36	1.1755e-36	3.4746e-17	0.00e+00	0.00e+00	3.5743e+01
2.33947e+15	9.2174e+03	3.860e-16	1.2916e+04	5.5759e+03	4.4872e-10	6.3712e-01	3.6288e-01	2.5188e-01	7.0400e-01	4.4126e-02	8.8672e-11	1.1701e-02	8.5957e-01	1.2871e-01	1.3196e-05	6.8473e-01	3.1432e-01	9.5304e-04	1.8641e-07	1.1755e-36	1.1755e-36	3.8521e-17	0.00e+00	0.00e+00	3.7112e+01
2.36605e+15	9.1848e+03	3.690e-16	1.2916e+04	5.4097e+03	4.8633e-10	6.4843e-01	3.5157e-01	2.6117e-01	6.9550e-01	4.3328e-02	9.5359e-11	1.1475e-02	8.6539e-01	1.2312e-01	1.2021e-05	6.9536e-01	3.0379e-01	8.5197e-04	1.6867e-07	1.1755e-36	1.1755e-36	4.2430e-17	0.00e+00	0.00e+00	3.8530e+01
2.39340e+15	9.1391e+03	3.522e-16	1.2916e+04	5.2468e+03	5.3086e-10	6.6019e-01	3.3981e-01	2.7132e-01	6.8624e-01	4.2443e-02	1.0301e-10	1.1254e-02	8.7131e-01	1.1743e-01	1.0911e-05	7.0636e-01	2.9289e-01	7.5808e-04	1.5243e-07	1.1755e-36	1.1755e-36	4.7003e-17	0.00e+00	0.00e+00	4.0031e+01
2.42109e+15	9.0950e+03	3.360e-16	1.2916e+04	5.0890e+03	5.7883e-10	6.7187e-01	3.2813e-01	2.8188e-01	6.7657e-01	4.1544e-02	1.1134e-10	1.1033e-02	8.7708e-01	1.1188e-01	9.8991e-06	7.1722e-01	2.8211e-01	6.7330e-04	1.3802e-07	1.1755e-36	1.1755e-36	5.2117e-17	0.00e+00	0.00e+00	4.1538e+01
2.44829e+15	9.0538e+03	3.205e-16	1.2916e+04	4.9348e+03	6.2795e-10	6.8275e-01	3.1725e-01	2.9226e-01	6.6702e-01	4.0712e-02	1.1973e-10	1.0806e-02	8.8244e-01	1.0674e-01	9.0159e-06	7.2728e-01	2.7211e-01	6.0016e-04	1.2581e-07	1.1755e-36	1.1755e-36	5.7323e-17	0.00e+00	0.00e+00	4.3035e+01
2.47558e+15	9.0151e+03	3.054e-16	1.2916e+04	4.7823e+03	6.7933e-10	6.9318e-01	3.0682e-01	3.0274e-01	6.5737e-01	3.9891e-02	1.2844e-10	1.0574e-02	8.8757e-01	1.0185e-01	8.2203e-06	7.3689e-01	2.6258e-01	5.3525e-04	1.1755e-36	1.1755e-36	1.1755e-36	6.2795e-17	0.00e+00	0.00e+00	4.4600e+01
2.50401e+15	8.9616e+03	2.905e-16	1.2916e+04	4.6331e+03	7.4173e-10	7.0429e-01	2.9571e-01	3.1446e-01	6.4658e-01	3.8960e-02	1.3875e-10	1.0349e-02	8.9287e-01	9.6777e-02	7.4571e-06	7.4707e-01	2.5246e-01	4.7399e-04	1.1755e-36	1.1755e-36	1.1755e-36	6.9431e-17	0.00e+00	0.00e+00	4.6277e+01
2.53280e+15	8.9259e+03	2.759e-16	1.2916e+04	4.4787e+03	8.0141e-10	7.1452e-01	2.8548e-01	3.2565e-01	6.3617e-01	3.8182e-02	1.4881e-10	1.0095e-02	8.9773e-01	9.2165e-02	6.7909e-06	7.5640e-01	2.4318e-01	4.2054e-04	1.1755e-36	1.1755e-36	1.1755e-36	7.5939e-17	0.00e+00	0.00e+00	4.7931e+01
2.56166e+15	8.8738e+03	2.620e-16	1.2916e+04	4.3325e+03	8.7177e-10	7.2481e-01	2.7519e-01	3.3761e-01	6.2509e-01	3.7304e-02	1.6007e-10	9.8580e-03	9.0255e-01	8.7583e-02	6.1793e-06	7.6575e-01	2.3388e-01	3.7267e-04	1.1755e-36	1.1755e-36	1.1755e-36	8.3316e-17	0.00e+00	0.00e+00	4.9664e+01
2.59104e+15	8.8239e+03	2.486e-16	1.2916e+04	4.1904e+03	9.4736e-10	7.3503e-01	2.6497e-01	3.5003e-01	6.1356e-01	3.6411e-02	1.7236e-10	9.6217e-03	9.0724e-01	8.3134e-02	5.6221e-06	7.7498e-01	2.2469e-01	3.2948e-04	1.1755e-36	1.1755e-36	1.1755e-36	9.1524e-17	0.00e+00	0.00e+00	5.1430e+01
2.62037e+15	8.7767e+03	2.357e-16	1.2916e+04	4.0508e+03	1.0259e-09	7.4465e-01	2.5535e-01	3.6234e-01	6.0209e-01	3.5569e-02	1.8495e-10	9.3814e-03	9.1163e-01	7.8985e-02	5.1314e-06	7.8364e-01	2.1607e-01	2.9192e-04	1.1755e-36	1.1755e-36	1.1755e-36	9.9958e-17	0.00e+00	0.00e+00	5.3202e+01
2.64991e+15	8.7267e+03	2.234e-16	1.2916e+04	3.9147e+03	1.1112e-09	7.5400e-01	2.4600e-01	3.7496e-01	5.9033e-01	3.4713e-02	1.9835e-10	9.1432e-03	9.1585e-01	7.4998e-02	4.6886e-06	7.9201e-01	2.0773e-01	2.5860e-04	1.1755e-36	1.1755e-36	1.1755e-36	1.0898e-16	0.00e+00	0.00e+00	5.5040e+01
2.68026e+15	8.6774e+03	2.114e-16	1.2916e+04	3.7795e+03	1.2033e-09	7.6322e-01	2.3678e-01	3.8795e-01	5.7819e-01	3.3855e-02	2.1280e-10	8.9006e-03	9.1995e-01	7.1141e-02	4.2846e-06	8.0024e-01	1.9953e-01	2.2858e-04	1.1755e-36	1.1755e-36	1.1755e-36	1.1879e-16	0.00e+00	0.00e+00	5.6958e+01
2.71134e+15	8.6260e+03	1.998e-16	1.2916e+04	3.6446e+03	1.3047e-09	7.7230e-01	2.2770e-01	4.0126e-01	5.6574e-01	3.2999e-02	2.2842e-10	8.6538e-03	9.2392e-01	6.7426e-02	3.9185e-06	8.0832e-01	1.9148e-01	2.0165e-04	1.1755e-36	1.1755e-36	1.1755e-36	1.2946e-16	0.00e+00	0.00e+00	5.8932e+01
2.74280e+15	8.5662e+03	1.887e-16	1.2916e+04	3.5155e+03	1.4192e-09	7.8131e-01	2.1869e-01	4.1512e-01	5.5278e-01	3.2100e-02	2.4554e-10	8.4157e-03	9.2776e-01	6.3825e-02	3.5876e-06	8.1630e-01	1.8353e-01	1.7773e-04	1.1755e-36	1.1755e-36	1.1755e-36	1.4121e-16	0.00e+00	0.00e+00	6.0943e+01
2.77416e+15	8.5181e+03	1.783e-16	1.2916e+04	3.3890e+03	1.5316e-09	7.8954e-01	2.1046e-01	4.2849e-01	5.4022e-01	3.1285e-02	2.6254e-10	8.1738e-03	9.3128e-01	6.0539e-02	3.3006e-06	8.2355e-01	1.7629e-01	1.5721e-04	1.1755e-36	1.1755e-36	1.1755e-36	1.5278e-16	0.00e+00	0.00e+00	6.2950e+01
2.80609e+15	8.4543e+03	1.683e-16	1.2916e+04	3.2688e+03	1.6653e-09	7.9788e-01	2.0212e-01	4.4278e-01	5.2685e-01	3.0367e-02	2.8184e-10	7.9456e-03	9.3477e-01	5.7277e-02	3.0363e-06	8.3088e-01	1.6898e-01	1.3875e-04	1.1755e-36	1.1755e-36	1.1755e-36	1.6597e-16	0.00e+00	0.00e+00	6.5077e+01
2.83890e+15	8.4059e+03	1.586e-16	1.2916e+04	3.1466e+03	1.7965e-09	8.0572e-01	1.9428e-01	4.5670e-01	5.1376e-01	2.9547e-02	3.0136e-10	7.7032e-03	9.3803e-01	5.4260e-02	2.8022e-06	8.3774e-01	1.6213e-01	1.2245e-04	1.1755e-36	1.1755e-36	1.1755e-36	1.7920e-16	0.00e+00	0.00e+00	6.7240e+01
2.87230e+15	8.3405e+03	1.494e-16	1.2916e+04	3.0287e+03	1.9537e-09	8.1355e-01	1.8645e-01	4.7126e-01	5.0008e-01	2.8657e-02	3.2308e-10	7.4705e-03	9.4121e-01	5.1315e-02	2.5897e-06	8.4458e-01	1.5531e-01	1.0796e-04	1.1755e-36	1.1755e-36	1.1755e-36	1.9384e-16	0.00e+00	0.00e+00	6.9488e+01
2.90635e+15	8.2769e+03	1.407e-16	1.2916e+04	2.9155e+03	2.1221e-09	8.2117e-01	1.7883e-01	4.8602e-01	4.8622e-01	2.7762e-02	3.4644e-10	7.2431e-03	9.4424e-01	4.8518e-02	2.3996e-06	8.5120e-01	1.4870e-01	9.5152e-05	1.1755e-36	1.1755e-36	1.1755e-36	2.0962e-16	0.00e+00	0.00e+00	7.1779e+01
2.94065e+15	8.2154e+03	1.324e-16	1.2916e+04	2.8058e+03	2.2989e-09	8.2829e-01	1.7171e-01	5.0057e-01	4.7253e-01	2.6896e-02	3.7049e-10	7.0188e-03	9.4706e-01	4.5920e-02	2.2329e-06	8.5738e-01	1.4254e-01	8.4086e-05	1.1755e-36	1.1755e-36	1.1755e-36	2.2556e-16	0.00e+00	0.00e+00	7.4101e+01
2.97543e+15	8.1509e+03	1.247e-16	1.2916e+04	2.7002e+03	2.4923e-09	8.3511e-01	1.6489e-01	5.1522e-01	4.5876e-01	2.6022e-02	3.9598e-10	6.8005e-03	9.4974e-01	4.3460e-02	2.0843e-06	8.6328e-01	1.3665e-01	7.4392e-05	1.1755e-36	1.1755e-36	1.1755e-36	2.4222e-16	0.00e+00	0.00e+00	7.6498e+01
3.01102e+15	8.0862e+03	1.173e-16	1.2916e+04	2.5977e+03	2.7013e-09	8.4171e-01	1.5829e-01	5.2993e-01	4.4492e-01	2.5149e-02	4.2313e-10	6.5859e-03	9.5228e-01	4.1133e-02	1.9514e-06	8.6897e-01	1.3097e-01	6.5832e-05	1.1755e-36	1.1755e-36	1.1755e-36	2.5980e-16	0.00e+00	0.00e+00	7.8967e+01
3.04724e+15	8.0153e+03	1.103e-16	1.2916e+04	2.4986e+03	2.9372e-09	8.4808e-01	1.5192e-01	5.4464e-01	4.3109e-01	2.4269e-02	4.5222e-10	6.3773e-03	9.5468e-01	3.8939e-02	1.8335e-06	8.7444e-01	1.2550e-01	5.8334e-05	1.1755e-36	1.1755e-36	1.1755e-36	2.7847e-16	0.00e+00	0.00e+00	8.1490e+01
3.08388e+15	7.9433e+03	1.038e-16	1.2916e+04	2.4041e+03	3.1899e-09	8.5409e-01	1.4591e-01	5.5922e-01	4.1738e-01	2.3402e-02	4.8228e-10	6.1759e-03	9.5693e-01	3.6892e-02	1.7295e-06	8.7960e-01	1.2035e-01	5.1825e-05	1.1755e-36	1.1755e-36	1.1755e-36	2.9716e-16	0.00e+00	0.00e+00	8.4052e+01
3.12099e+15	7.8730e+03	9.772e-17	1.2916e+04	2.3137e+03	3.4582e-09	8.5972e-01	1.4028e-01	5.7354e-01	4.0391e-01	2.2551e-02	5.1341e-10	5.9809e-03	9.5903e-01	3.4989e-02	1.6379e-06	8.8442e-01	1.1554e-01	4.6175e-05	1.1755e-36	1.1755e-36	1.1755e-36	3.1608e-16	0.00e+00	0.00e+00	8.6676e+01
3.15886e+15	7.8009e+03	9.199e-17	1.2916e+04	2.2272e+03	3.7514e-09	8.6513e-01	1.3487e-01	5.8777e-01	3.9053e-01	2.1698e-02	5.4637e-10	5.7928e-03	9.6101e-01	3.3198e-02	1.5563e-06	8.8903e-01	1.1093e-01	4.1209e-05	1.1755e-36	1.1755e-36	1.1755e-36	3.3582e-16	0.00e+00	0.00e+00	8.9380e+01
3.19777e+15	7.7239e+03	8.657e-17	1.2916e+04	2.1437e+03	4.0820e-09	8.7034e-01	1.2966e-01	6.0194e-01	3.7722e-01	2.0840e-02	5.8162e-10	5.6101e-03	9.6288e-01	3.1509e-02	1.4833e-06	8.9347e-01	1.0649e-01	3.6825e-05	1.1755e-36	1.1755e-36	1.1755e-36	3.5673e-16	0.00e+00	0.00e+00	9.2183e+01
3.23778e+15	7.6402e+03	8.145e-17	1.2916e+04	2.0631e+03	4.4566e-09	8.7540e-01	1.2460e-01	6.1604e-01	3.6398e-01	1.9979e-02	6.1887e-10	5.4329e-03	9.6465e-01	2.9914e-02	1.4182e-06	8.9777e-01	1.0220e-01	3.2954e-05	1.1755e-36	1.1755e-36	1.1755e-36	3.7823e-16	0.00e+00	0.00e+00	9.5076e+01
3.27880e+15	7.5609e+03	7.664e-17	1.2916e+04	1.9853e+03	4.8504e-09	8.8007e-01	1.1993e-01	6.2970e-01	3.5115e-01	1.9154e-02	6.5662e-10	5.2592e-03	9.6630e-01	2.8441e-02	1.3608e-06	9.0173e-01	9.8239e-02	2.9585e-05	1.1755e-36	1.1755e-36	1.1755e-36	3.9915e-16	0.00e+00	0.00e+00	9.8055e+01
3.32074e+15	7.4721e+03	7.217e-17	1.2916e+04	1.9120e+03	5.3116e-09	8.8460e-01	1.1540e-01	6.4323e-01	3.3846e-01	1.8311e-02	6.9747e-10	5.0963e-03	9.6785e-01	2.7056e-02	1.3098e-06	9.0556e-01	9.4409e-02	2.6632e-05	1.1755e-36	1.1755e-36	1.1755e-36	4.2195e-16	0.00e+00	0.00e+00	1.0111e+02
3.36405e+15	7.3887e+03	6.793e-17	1.2916e+04	1.8409e+03	5.7918e-09	8.8875e-01	1.1125e-01	6.5634e-01	3.2615e-01	1.7503e-02	7.3809e-10	4.9352e-03	9.6929e-01	2.5770e-02	1.2645e-06	9.0908e-01	9.0894e-02	2.4045e-05	1.1755e-36	1.1755e-36	1.1755e-36	4.4310e-16	0.00e+00	0.00e+00	1.0432e+02
3.40906e+15	7.2991e+03	6.394e-17	1.2916e+04	1.7741e+03	6.3488e-09	8.9291e-01	1.0709e-01	6.6944e-01	3.1389e-01	1.6671e-02	7.8320e-10	4.7844e-03	9.7067e-01	2.4548e-02	1.2236e-06	9.1258e-01	8.7394e-02	2.1725e-05	1.1755e-36	1.1755e-36	1.1755e-36	4.6763e-16	0.00e+00	0.00e+00	1.0765e+02
3.45628e+15	7.2060e+03	6.011e-17	1.2916e+04	1.7067e+03	6.9732e-09	8.9674e-01	1.0326e-01	6.8213e-01	3.0199e-01	1.5878e-02	8.2789e-10	4.6298e-03	9.7196e-01	2.3405e-02	1.1871e-06	9.1582e-01	8.4163e-02	1.9684e-05	1.1755e-36	1.1755e-36	1.1755e-36	4.8978e-16	0.00e+00	0.00e+00	1.1121e+02
3.50524e+15	7.1017e+03	5.657e-17	1.2916e+04	1.6445e+03	7.7305e-09	9.0061e-01	9.9388e-02	6.9471e-01	2.9023e-01	1.5059e-02	8.7836e-10	4.4887e-03	9.7318e-01	2.2329e-02	1.1545e-06	9.1908e-01	8.0904e-02	1.7863e-05	1.1755e-36	1.1755e-36	1.1755e-36	5.1689e-16	0.00e+00	0.00e+00	1.1483e+02
3.55594e+15	6.9968e+03	5.324e-17	1.2916e+04	1.5851e+03	8.5714e-09	9.0411e-01	9.5889e-02	7.0689e-01	2.7885e-01	1.4261e-02	9.2903e-10	4.3527e-03	9.7432e-01	2.1326e-02	1.1258e-06	9.2202e-01	7.7960e-02	1.6285e-05	1.1755e-36	1.1755e-36	1.1755e-36	5.4261e-16	0.00e+00	0.00e+00	1.1867e+02
3.60981e+15	6.8869e+03	5.005e-17	1.2916e+04	1.5272e+03	9.5591e-09	9.0757e-01	9.2435e-02	7.1887e-01	2.6766e-01	1.3467e-02	9.8366e-10	4.2194e-03	9.7540e-01	2.0375e-02	1.0996e-06	9.2493e-01	7.5058e-02	1.4855e-05	1.1755e-36	1.1755e-36	1.1755e-36	5.7109e-16	0.00e+00	0.00e+00	1.2279e+02
3.66692e+15	6.7714e+03	4.702e-17	1.2916e+04	1.4707e+03	1.0724e-08	9.1089e-01	8.9108e-02	7.3051e-01	2.5680e-01	1.2692e-02	1.0413e-09	4.0888e-03	9.7643e-01	1.9483e-02	1.0762e-06	9.2772e-01	7.2266e-02	1.3579e-05	1.1755e-36	1.1755e-36	1.1755e-36	6.0155e-16	0.00e+00	0.00e+00	1.2714e+02
3.72320e+15	6.6605e+03	4.438e-17	1.2916e+04	1.4207e+03	1.1984e-08	9.1380e-01	8.6195e-02	7.4087e-01	2.4713e-01	1.1994e-02	1.0969e-09	3.9728e-03	9.7730e-01	1.8725e-02	1.0572e-06	9.3017e-01	6.9822e-02	1.2536e-05	1.1755e-36	1.1755e-36	1.1755e-36	6.3167e-16	0.00e+00	0.00e+00	1.3116e+02
3.77583e+15	6.5545e+03	4.218e-17	1.2916e+04	1.3799e+03	1.3309e-08	9.1610e-01	8.3902e-02	7.5021e-01	2.3844e-01	1.1345e-02	1.1491e-09	3.8795e-03	9.7805e-01	1.8071e-02	1.0419e-06	9.3209e-01	6.7894e-02	1.1726e-05	1.1755e-36	1.1755e-36	1.1755e-36	6.5942e-16	0.00e+00	0.00e+00	1.3499e+02
3.82726e+15	6.4514e+03	4.020e-17	1.2916e+04	1.3429e+03	1.4758e-08	9.1818e-01	8.1824e-02	7.5876e-01	2.3050e-01	1.0746e-02	1.2010e-09	3.7948e-03	9.7872e-01	1.7485e-02	1.0288e-06	9.3384e-01	6.6148e-02	1.1032e-05	1.1755e-36	1.1755e-36	1.1755e-36	6.8844e-16	0.00e+00	0.00e+00	1.3885e+02
3.87929e+15	6.3496e+03	3.835e-17	1.2916e+04	1.3073e+03	1.6385e-08	9.2021e-01	7.9793e-02	7.6668e-01	2.2312e-01	1.0193e-02	1.2547e-09	3.7129e-03	9.7934e-01	1.6950e-02	1.0171e-06	9.3555e-01	6.4443e-02	1.0404e-05	1.1755e-36	1.1755e-36	1.1755e-36	7.2101e-16	0.00e+00	0.00e+00	1.4279e+02
3.93198e+15	6.2487e+03	3.664e-17	1.2916e+04	1.2734e+03	1.8215e-08	9.2216e-01	7.7844e-02	7.7407e-01	2.1626e-01	9.6767e-03	1.3103e-09	3.6346e-03	9.7990e-01	1.6463e-02	1.0068e-06	9.3718e-01	6.2807e-02	9.8400e-06	1.1755e-36	1.1755e-36	1.1755e-36	7.5737e-16	0.00e+00	0.00e+00	1.4677e+02
3.98473e+15	6.1493e+03	3.506e-17	1.2916e+04	1.2419e+03	2.0256e-08	9.2397e-01	7.6032e-02	7.8095e-01	2.0986e-01	9.1944e-03	1.3675e-09	3.5617e-03	9.8042e-01	1.6020e-02	9.9774e-07	9.3870e-01	6.1287e-02	9.3414e-06	1.1755e-36	1.1755e-36	1.1755e-36	7.9747e-16	0.00e+00	0.00e+00	1.5074e+02
4.03717e+15	6.0521e+03	3.362e-17	1.2916e+04	1.2130e+03	2.2518e-08	9.2564e-01	7.4358e-02	7.8737e-01	2.0389e-01	8.7427e-03	1.4267e-09	3.4950e-03	9.8089e-01	1.5616e-02	9.8979e-07	9.4011e-01	5.9882e-02	8.9013e-06	1.1755e-36	1.1755e-36	1.1755e-36	8.4202e-16	0.00e+00	0.00e+00	1.5468e+02
4.08929e+15	5.9565e+03	3.229e-17	1.2916e+04	1.1858e+03	2.5040e-08	9.2719e-01	7.2810e-02	7.9336e-01	1.9832e-01	8.3221e-03	1.4879e-09	3.4324e-03	9.8132e-01	1.5249e-02	9.8282e-07	9.4141e-01	5.8583e-02	8.5111e-06	1.1755e-36	1.1755e-36	1.1755e-36	8.9152e-16	0.00e+00	0.00e+00	1.5861e+02
4.14111e+15	5.8630e+03	3.106e-17	1.2916e+04	1.1604e+03	2.7847e-08	9.2864e-01	7.1356e-02	7.9897e-01	1.9310e-01	7.9297e-03	1.5524e-09	3.3739e-03	9.8171e-01	1.4913e-02	9.7665e-07	9.4263e-01	5.7362e-02	8.1610e-06	1.1755e-36	1.1755e-36	1.1755e-36	9.4766e-16	0.00e+00	0.00e+00	1.6252e+02
4.19253e+15	5.7715e+03	2.992e-17	1.2916e+04	1.1366e+03	3.0971e-08	9.3001e-01	6.9992e-02	8.0421e-01	1.8822e-01	7.5642e-03	1.6204e-09	3.3190e-03	9.8207e-01	1.4606e-02	9.7119e-07	9.4378e-01	5.6216e-02	7.8463e-06	1.1755e-36	1.1755e-36	1.1755e-36	1.0115e-15	0.00e+00	0.00e+00	1.6641e+02
4.24353e+15	5.6817e+03	2.887e-17	1.2916e+04	1.1140e+03	3.4462e-08	9.3129e-01	6.8713e-02	8.0911e-01	1.8366e-01	7.2249e-03	1.6925e-09	3.2670e-03	9.8241e-01	1.4326e-02	9.6637e-07	9.4485e-01	5.5141e-02	7.5627e-06	1.1755e-36	1.1755e-36	1.1755e-36	1.0846e-15	0.00e+00	0.00e+00	1.7026e+02
4.29399e+15	5.5944e+03	2.789e-17	1.2916e+04	1.0928e+03	3.8332e-08	9.3250e-01	6.7499e-02	8.1371e-01	1.7938e-01	6.9075e-03	1.7700e-09	3.2187e-03	9.8271e-01	1.4068e-02	9.6207e-07	9.4587e-01	5.4122e-02	7.3050e-06	1.1755e-36	1.1755e-36	1.1755e-36	1.1689e-15	0.00e+00	0.00e+00	1.7407e+02
4.34387e+15	5.5090e+03	2.698e-17	1.2916e+04	1.0730e+03	4.2642e-08	9.3365e-01	6.6355e-02	8.1804e-01	1.7534e-01	6.6108e-03	1.8536e-09	3.1732e-03	9.8300e-01	1.3831e-02	9.5824e-07	9.4683e-01	5.3160e-02	7.0707e-06	1.1755e-36	1.1755e-36	1.1755e-36	1.2665e-15	0.00e+00	0.00e+00	1.7785e+02
4.39326e+15	5.4256e+03	2.613e-17	1.2916e+04	1.0540e+03	4.7448e-08	9.3473e-01	6.5265e-02	8.2212e-01	1.7155e-01	6.3341e-03	1.9444e-09	3.1300e-03	9.8326e-01	1.3613e-02	9.5482e-07	9.4775e-01	5.2244e-02	6.8562e-06	1.1755e-36	1.1755e-36	1.1755e-36	1.3801e-15	0.00e+00	0.00e+00	1.8160e+02
4.44206e+15	5.3442e+03	2.533e-17	1.2916e+04	1.0361e+03	5.2803e-08	9.3577e-01	6.4228e-02	8.2597e-01	1.6796e-01	6.0755e-03	2.0435e-09	3.0892e-03	9.8350e-01	1.3412e-02	9.5177e-07	9.4862e-01	5.1372e-02	6.6594e-06	1.1755e-36	1.1755e-36	1.1755e-36	1.5129e-15	0.00e+00	0.00e+00	1.8530e+02
4.49022e+15	5.2647e+03	2.458e-17	1.2916e+04	1.0190e+03	5.8764e-08	9.3676e-01	6.3243e-02	8.2960e-01	1.6457e-01	5.8335e-03	2.1522e-09	3.0506e-03	9.8372e-01	1.3226e-02	9.4904e-07	9.4945e-01	5.0543e-02	6.4788e-06	1.1755e-36	1.1755e-36	1.1755e-36	1.6685e-15	0.00e+00	0.00e+00	1.8895e+02
4.53770e+15	5.1872e+03	2.388e-17	1.2916e+04	1.0028e+03	6.5401e-08	9.3770e-01	6.2304e-02	8.3304e-01	1.6135e-01	5.6068e-03	2.2719e-09	3.0140e-03	9.8393e-01	1.3055e-02	9.4661e-07	9.5024e-01	4.9754e-02	6.3124e-06	1.1755e-36	1.1755e-36	1.1755e-36	1.8514e-15	0.00e+00	0.00e+00	1.9255e+02
4.58449e+15	5.1116e+03	2.322e-17	1.2916e+04	9.8733e+02	7.2790e-08	9.3859e-01	6.1407e-02	8.3630e-01	1.5830e-01	5.3944e-03	2.4042e-09	2.9793e-03	9.8412e-01	1.2898e-02	9.4443e-07	9.5099e-01	4.8999e-02	6.1586e-06	1.1755e-36	1.1755e-36	1.1755e-36	2.0673e-15	0.00e+00	0.00e+00	1.9611e+02
4.63059e+15	5.0377e+03	2.261e-17	1.2916e+04	9.7256e+02	8.1017e-08	9.3945e-01	6.0550e-02	8.3940e-01	1.5541e-01	5.1950e-03	2.5510e-09	2.9463e-03	9.8430e-01	1.2752e-02	9.4249e-07	9.5172e-01	4.8277e-02	6.0160e-06	1.1755e-36	1.1755e-36	1.1755e-36	2.3230e-15	0.00e+00	0.00e+00	1.9962e+02
4.67600e+15	4.9654e+03	2.202e-17	1.2916e+04	9.5872e+02	9.0179e-08	9.4029e-01	5.9706e-02	8.4238e-01	1.5261e-01	5.0048e-03	2.7161e-09	2.9159e-03	9.8451e-01	1.2577e-02	9.4048e-07	9.5243e-01	4.7568e-02	5.8822e-06	1.1755e-36	1.1755e-36	1.1755e-36	2.6159e-15	0.00e+00	0.00e+00	2.0307e+02
4.72071e+15	4.8930e+03	2.147e-17	1.2916e+04	9.4483e+02	1.0053e-07	9.4107e-01	5.8925e-02	8.4517e-01	1.5000e-01	4.8299e-03	2.8952e-09	2.8854e-03	9.8474e-01	1.2374e-02	9.3851e-07	9.5309e-01	4.6908e-02	5.7606e-06	1.1755e-36	1.1755e-36	1.1755e-36	2.9406e-15	0.00e+00	0.00e+00	2.0647e+02
4.76442e+15	4.8175e+03	2.095e-17	1.2916e+04	9.3137e+02	1.1291e-07	9.4185e-01	5.8148e-02	8.4786e-01	1.4748e-01	4.6630e-03	3.1002e-09	2.8567e-03	9.8496e-01	1.2180e-02	9.3686e-07	9.5374e-01	4.6252e-02	5.6485e-06	1.1755e-36	1.1755e-36	1.1755e-36	3.3425e-15	0.00e+00	0.00e+00	2.0978e+02
4.80559e+15	4.7590e+03	2.049e-17	1.2916e+04	9.1991e+02	1.2390e-07	9.4248e-01	5.7515e-02	8.5022e-01	1.4526e-01	4.5188e-03	3.2810e-09	2.8314e-03	9.8515e-01	1.2013e-02	9.3524e-07	9.5428e-01	4.5718e-02	5.5491e-06	1.1755e-36	1.1755e-36	1.1755e-36	3.7139e-15	0.00e+00	0.00e+00	2.1280e+02
4.84739e+15	4.6872e+03	2.003e-17	1.2916e+04	9.0856e+02	1.3903e-07	9.4314e-01	5.6864e-02	8.5286e-01	1.4278e-01	4.3583e-03	3.5187e-09	2.8086e-03	9.8537e-01	1.1818e-02	9.3380e-07	9.5483e-01	4.5163e-02	5.4545e-06	1.1755e-36	1.1755e-36	1.1755e-36	4.2393e-15	0.00e+00	0.00e+00	2.1621e+02
4.88989e+15	4.6257e+03	1.957e-17	1.2916e+04	8.9588e+02	1.5421e-07	9.4393e-01	5.6065e-02	8.5502e-01	1.4075e-01	4.2305e-03	3.7563e-09	2.7802e-03	9.8556e-01	1.1661e-02	9.3232e-07	9.5550e-01	4.4497e-02	5.3498e-06	1.1755e-36	1.1755e-36	1.1755e-36	4.8110e-15	0.00e+00	0.00e+00	2.1934e+02
4.93092e+15	4.5576e+03	1.915e-17	1.2916e+04	8.8484e+02	1.7305e-07	9.4458e-01	5.5420e-02	8.5736e-01	1.3855e-01	4.0921e-03	4.0364e-09	2.7579e-03	9.8575e-01	1.1493e-02	9.3120e-07	9.5604e-01	4.3950e-02	5.2643e-06	1.1755e-36	1.1755e-36	1.1755e-36	5.5299e-15	0.00e+00	0.00e+00	2.2253e+02
4.97059e+15	4.4980e+03	1.875e-17	1.2916e+04	8.7412e+02	1.9200e-07	9.4521e-01	5.4787e-02	8.5941e-01	1.3662e-01	3.9737e-03	4.3137e-09	2.7352e-03	9.8592e-01	1.1349e-02	9.3013e-07	9.5658e-01	4.3417e-02	5.1820e-06	1.1755e-36	1.1755e-36	1.1755e-36	6.2951e-15	0.00e+00	0.00e+00	2.2545e+02
5.00882e+15	4.4429e+03	1.839e-17	1.2916e+04	8.6461e+02	2.1168e-07	9.4570e-01	5.4297e-02	8.6142e-01	1.3472e-01	3.8580e-03	4.5937e-09	2.7156e-03	9.8608e-01	1.1204e-02	9.2914e-07	9.5699e-01	4.3000e-02	5.1116e-06	1.1755e-36	1.1755e-36	1.1755e-36	7.1097e-15	0.00e+00	0.00e+00	2.2842e+02
5.04877e+15	4.3789e+03	1.801e-17	1.2916e+04	8.5432e+02	2.3780e-07	9.4637e-01	5.3631e-02	8.6354e-01	1.3272e-01	3.7379e-03	4.9600e-09	2.6953e-03	9.8626e-01	1.1048e-02	9.2819e-07	9.5756e-01	4.2438e-02	5.0325e-06	1.1755e-36	1.1755e-36	1.1755e-36	8.2705e-15	0.00e+00	0.00e+00	2.3162e+02
5.08832e+15	4.3282e+03	1.764e-17	1.2916e+04	8.4313e+02	2.6156e-07	9.4696e-01	5.3035e-02	8.6519e-01	1.3116e-01	3.6473e-03	5.2867e-09	2.6699e-03	9.8640e-01	1.0928e-02	9.2720e-07	9.5806e-01	4.1938e-02	4.9565e-06	1.1755e-36	1.1755e-36	1.1755e-36	9.3834e-15	0.00e+00	0.00e+00	2.3453e+02
5.12791e+15	4.2599e+03	1.730e-17	1.2916e+04	8.3390e+02	2.9758e-07	9.4761e-01	5.2385e-02	8.6738e-01	1.2910e-01	3.5256e-03	5.7686e-09	2.6539e-03	9.8658e-01	1.0770e-02	9.2657e-07	9.5861e-01	4.1388e-02	4.8862e-06	1.1755e-36	1.1755e-36	1.1755e-36	1.1156e-14	0.00e+00	0.00e+00	2.3773e+02
5.16580e+15	4.2125e+03	1.697e-17	1.2916e+04	8.2351e+02	3.2647e-07	9.4818e-01	5.1823e-02	8.6884e-01	1.2771e-01	3.4474e-03	6.1501e-09	2.6305e-03	9.8670e-01	1.0669e-02	9.2579e-07	9.5908e-01	4.0917e-02	4.8188e-06	1.1755e-36	1.1755e-36	1.1755e-36	1.2674e-14	0.00e+00	0.00e+00	2.4039e+02
5.20230e+15	4.1548e+03	1.667e-17	1.2916e+04	8.1596e+02	3.6536e-07	9.4862e-01	5.1376e-02	8.7082e-01	1.2584e-01	3.3405e-03	6.6473e-09	2.6181e-03	9.8685e-01	1.0528e-02	9.2531e-07	9.5946e-01	4.0535e-02	4.7653e-06	1.1755e-36	1.1755e-36	1.1755e-36	1.4766e-14	0.00e+00	0.00e+00	2.4338e+02
5.23986e+15	4.1003e+03	1.636e-17	1.2916e+04	8.0637e+02	4.0808e-07	9.4928e-01	5.0717e-02	8.7245e-01	1.2429e-01	3.2551e-03	7.1947e-09	2.5988e-03	9.8699e-01	1.0413e-02	9.2469e-07	9.6001e-01	3.9983e-02	4.6979e-06	1.1755e-36	1.1755e-36	1.1755e-36	1.7300e-14	0.00e+00	0.00e+00	2.4620e+02
5.27544e+15	4.0443e+03	1.607e-17	1.2916e+04	7.9753e+02	4.5747e-07	9.4982e-01	5.0177e-02	8.7408e-01	1.2275e-01	3.1710e-03	7.8030e-09	2.5824e-03	9.8712e-01	1.0300e-02	9.2437e-07	9.6047e-01	3.9527e-02	4.6429e-06	1.1755e-36	1.1755e-36	1.1755e-36	2.0345e-14	0.00e+00	0.00e+00	2.4889e+02
5.30892e+15	3.9968e+03	1.580e-17	1.2916e+04	7.8869e+02	5.0522e-07	9.5035e-01	4.9648e-02	8.7557e-01	1.2133e-01	3.0994e-03	8.3920e-09	2.5644e-03	9.8723e-01	1.0201e-02	9.2396e-07	9.6091e-01	3.9083e-02	4.5872e-06	1.1755e-36	1.1755e-36	1.1755e-36	2.3504e-14	0.00e+00	0.00e+00	2.5139e+02
