#depth	Te	Htot	hden	eden	2H_2/H	HI	HII	HeI	HeII	HeIII	CO/C	C1	C2	C3	C4	O1	O2	O3	O4	O5	O6	H2O/O	AV(point)	AV(extend)	Tau912
6.91976e+12	8.2516e+03	2.212e-19	2.1544e+02	2.1897e+02	5.9854e-11	7.9918e-02	9.2008e-01	7.6868e-02	8.3039e-01	9.2740e-02	5.5586e-13	1.6989e-02	6.1357e-01	3.6878e-01	6.6115e-04	8.9804e-02	8.4033e-01	6.9661e-02	2.0786e-04	6.4491e-07	1.1755e-36	1.9441e-20	0.00e+00	0.00e+00	1.5048e-03
4.15186e+13	8.2391e+03	2.198e-19	2.1544e+02	2.1764e+02	5.9615e-11	7.9395e-02	9.2061e-01	7.6472e-02	8.3032e-01	9.3210e-02	5.4380e-13	1.6807e-02	6.1249e-01	3.7003e-01	6.6831e-04	8.9180e-02	8.4040e-01	7.0206e-02	2.1073e-04	6.5583e-07	1.1755e-36	1.8804e-20	0.00e+00	0.00e+00	7.4845e-03
1.79914e+14	8.2263e+03	2.185e-19	2.1544e+02	2.1734e+02	5.9741e-11	7.9114e-02	9.2089e-01	7.6522e-02	8.3030e-01	9.3181e-02	5.3895e-13	1.6733e-02	6.1268e-01	3.6992e-01	6.7029e-04	8.8850e-02	8.4043e-01	7.0509e-02	2.1176e-04	6.5938e-07	1.1755e-36	1.8522e-20	0.00e+00	0.00e+00	3.1319e-02
7.33495e+14	8.1833e+03	2.158e-19	2.1544e+02	2.1726e+02	6.1827e-11	7.9217e-02	9.2078e-01	7.7181e-02	8.3036e-01	9.2457e-02	5.4200e-13	1.6787e-02	6.1455e-01	3.6800e-01	6.6345e-04	8.8987e-02	8.4022e-01	7.0585e-02	2.0937e-04	6.5260e-07	1.1755e-36	1.8544e-20	0.00e+00	0.00e+00	1.2678e-01
1.75208e+15	8.0254e+03	2.075e-19	2.1544e+02	2.1776e+02	6.3794e-11	7.6387e-02	9.2361e-01	7.8127e-02	8.3036e-01	9.1516e-02	5.0221e-13	1.6527e-02	6.1730e-01	3.6549e-01	6.8091e-04	8.5569e-02	8.3969e-01	7.4516e-02	2.2522e-04	6.9409e-07	1.1755e-36	1.6286e-20	0.00e+00	0.00e+00	2.4645e-01
3.07625e+15	7.9020e+03	2.012e-19	2.1544e+02	2.1803e+02	6.7372e-11	7.5214e-02	9.2479e-01	7.9297e-02	8.3031e-01	9.0392e-02	4.8776e-13	1.6517e-02	6.2067e-01	3.6213e-01	6.8104e-04	8.4176e-02	8.3926e-01	7.6330e-02	2.2923e-04	7.0294e-07	1.1755e-36	1.5345e-20	0.00e+00	0.00e+00	3.9962e-01
4.79767e+15	7.8072e+03	1.965e-19	2.1544e+02	2.1793e+02	7.2976e-11	7.5511e-02	9.2449e-01	8.0639e-02	8.3028e-01	8.9080e-02	4.9427e-13	1.6712e-02	6.2445e-01	3.5817e-01	6.6516e-04	8.4560e-02	8.3884e-01	7.6382e-02	2.2222e-04	6.8315e-07	1.1755e-36	1.5411e-20	0.00e+00	0.00e+00	5.9954e-01
7.03551e+15	7.7455e+03	1.932e-19	2.1544e+02	2.1745e+02	8.1640e-11	7.7706e-02	9.2229e-01	8.2315e-02	8.3023e-01	8.7451e-02	5.2915e-13	1.7184e-02	6.2902e-01	3.5317e-01	6.2968e-04	8.7243e-02	8.3836e-01	7.4197e-02	2.0243e-04	6.3038e-07	1.1755e-36	1.6802e-20	0.00e+00	0.00e+00	8.6699e-01
9.71236e+15	7.7214e+03	1.918e-19	2.1544e+02	2.1663e+02	9.3671e-11	8.1879e-02	9.1812e-01	8.4173e-02	8.3007e-01	8.5754e-02	5.9681e-13	1.7915e-02	6.3397e-01	3.4754e-01	5.7978e-04	9.2305e-02	8.3744e-01	7.0080e-02	1.7416e-04	5.5570e-07	1.1755e-36	1.9842e-20	0.00e+00	0.00e+00	1.1816e+00
1.24644e+16	7.7518e+03	1.919e-19	2.1544e+02	2.1510e+02	1.0750e-10	8.7836e-02	9.1216e-01	8.5955e-02	8.2964e-01	8.4407e-02	6.9864e-13	1.8823e-02	6.3842e-01	3.4223e-01	5.2436e-04	9.9516e-02	8.3583e-01	6.4512e-02	1.4345e-04	4.7460e-07	1.1755e-36	2.4880e-20	0.00e+00	0.00e+00	1.5019e+00
1.53890e+16	7.8226e+03	1.940e-19	2.1544e+02	2.1316e+02	1.2810e-10	9.7061e-02	9.0294e-01	8.8475e-02	8.2898e-01	8.2541e-02	8.7685e-13	2.0132e-02	6.4465e-01	3.3476e-01	4.5477e-04	1.1067e-01	8.3235e-01	5.6876e-02	1.0934e-04	3.8117e-07	1.1755e-36	3.4591e-20	0.00e+00	0.00e+00	1.9203e+00
1.88203e+16	7.9395e+03	1.973e-19	2.1544e+02	2.0997e+02	1.5981e-10	1.1088e-01	8.8912e-01	9.1922e-02	8.2764e-01	8.0435e-02	1.1856e-12	2.1866e-02	6.5241e-01	3.2534e-01	3.7643e-04	1.2728e-01	8.2495e-01	4.7693e-02	7.6035e-05	2.8587e-07	1.1755e-36	5.3748e-20	0.00e+00	0.00e+00	2.4775e+00
2.27509e+16	8.1041e+03	2.018e-19	2.1544e+02	2.0538e+02	2.1122e-10	1.3149e-01	8.6851e-01	9.6510e-02	8.2535e-01	7.8135e-02	1.7480e-12	2.4083e-02	6.6251e-01	3.1311e-01	2.9456e-04	1.5185e-01	8.1052e-01	3.7581e-02	4.7459e-05	1.9773e-07	1.1755e-36	9.5115e-20	0.00e+00	0.00e+00	3.2231e+00
2.65164e+16	8.2889e+03	2.064e-19	2.1544e+02	1.9966e+02	2.8368e-10	1.5730e-01	8.4270e-01	1.0135e-01	8.2215e-01	7.6500e-02	2.6295e-12	2.6277e-02	6.7280e-01	3.0070e-01	2.2774e-04	1.8224e-01	7.8886e-01	2.8877e-02	2.8776e-05	1.3403e-07	1.1755e-36	1.7442e-19	0.00e+00	0.00e+00	3.9428e+00
2.97977e+16	8.4398e+03	2.088e-19	2.1544e+02	1.9346e+02	3.7953e-10	1.8521e-01	8.1479e-01	1.0688e-01	8.1832e-01	7.4796e-02	3.8365e-12	2.8211e-02	6.8375e-01	2.8786e-01	1.7792e-04	2.1467e-01	7.6295e-01	2.2355e-02	1.7957e-05	1.1755e-36	1.1755e-36	3.0546e-19	0.00e+00	0.00e+00	4.7490e+00
3.29922e+16	8.5664e+03	2.090e-19	2.1544e+02	1.8652e+02	5.1504e-10	2.1699e-01	7.8301e-01	1.1335e-01	8.1360e-01	7.3042e-02	5.5700e-12	2.9948e-02	6.9595e-01	2.7396e-01	1.3838e-04	2.5108e-01	7.3176e-01	1.7154e-02	1.1174e-05	1.1755e-36	1.1755e-36	5.3151e-19	0.00e+00	0.00e+00	5.6906e+00
3.59810e+16	8.6658e+03	2.069e-19	2.1544e+02	1.7904e+02	6.9583e-10	2.5088e-01	7.4912e-01	1.2033e-01	8.0815e-01	7.1515e-02	7.8853e-12	3.1315e-02	7.0839e-01	2.6018e-01	1.0878e-04	2.8929e-01	6.9747e-01	1.3233e-02	7.1161e-06	1.1755e-36	1.1755e-36	8.9268e-19	0.00e+00	0.00e+00	6.6422e+00
3.87100e+16	8.7413e+03	2.025e-19	2.1544e+02	1.7157e+02	9.1932e-10	2.8465e-01	7.1535e-01	1.2780e-01	8.0216e-01	7.0042e-02	1.0749e-11	3.2297e-02	7.2079e-01	2.4683e-01	8.7013e-05	3.2675e-01	6.6287e-01	1.0374e-02	4.7131e-06	1.1755e-36	1.1755e-36	1.4187e-18	0.00e+00	0.00e+00	7.6761e+00
4.12703e+16	8.7750e+03	1.967e-19	2.1544e+02	1.6407e+02	1.2150e-09	3.1879e-01	6.8121e-01	1.3579e-01	7.9560e-01	6.8608e-02	1.4309e-11	3.2960e-02	7.3323e-01	2.3374e-01	7.0439e-05	3.6405e-01	6.2773e-01	8.2204e-03	3.2102e-06	1.1755e-36	1.1755e-36	2.1774e-18	0.00e+00	0.00e+00	8.7389e+00
4.35687e+16	8.7980e+03	1.901e-19	2.1544e+02	1.5703e+02	1.5543e-09	3.5073e-01	6.4927e-01	1.4366e-01	7.8895e-01	6.7386e-02	1.8329e-11	3.3293e-02	7.4475e-01	2.2190e-01	5.8332e-05	3.9840e-01	5.9494e-01	6.6546e-03	2.2861e-06	1.1755e-36	1.1755e-36	3.1612e-18	0.00e+00	0.00e+00	9.7629e+00
4.55985e+16	8.8090e+03	1.834e-19	2.1544e+02	1.5067e+02	1.9259e-09	3.7948e-01	6.2052e-01	1.5125e-01	7.8246e-01	6.6291e-02	2.2618e-11	3.3388e-02	7.5517e-01	2.1139e-01	4.9445e-05	4.2890e-01	5.6558e-01	5.5190e-03	1.7047e-06	1.1755e-36	1.1755e-36	4.3424e-18	0.00e+00	0.00e+00	1.0751e+01
4.74624e+16	8.8106e+03	1.767e-19	2.1544e+02	1.4480e+02	2.3370e-09	4.0598e-01	5.9402e-01	1.5879e-01	7.7596e-01	6.5249e-02	2.7231e-11	3.3327e-02	7.6491e-01	2.0172e-01	4.2530e-05	4.5664e-01	5.3871e-01	4.6485e-03	1.3100e-06	1.1755e-36	1.1755e-36	5.7497e-18	0.00e+00	0.00e+00	1.1753e+01
4.92644e+16	8.8055e+03	1.698e-19	2.1544e+02	1.3914e+02	2.8070e-09	4.3147e-01	5.6853e-01	1.6657e-01	7.6921e-01	6.4217e-02	3.2362e-11	3.3139e-02	7.7438e-01	1.9244e-01	3.6813e-05	4.8304e-01	5.1302e-01	3.9393e-03	1.0217e-06	1.1755e-36	1.1755e-36	7.4691e-18	0.00e+00	0.00e+00	1.2803e+01
5.10393e+16	8.7912e+03	1.628e-19	2.1544e+02	1.3365e+02	3.3593e-09	4.5651e-01	5.4349e-01	1.7477e-01	7.6207e-01	6.3156e-02	3.8186e-11	3.2856e-02	7.8375e-01	1.8336e-01	3.1959e-05	5.0866e-01	4.8799e-01	3.3464e-03	8.0405e-07	1.1755e-36	1.1755e-36	9.6036e-18	0.00e+00	0.00e+00	1.3896e+01
5.27770e+16	8.7767e+03	1.557e-19	2.1544e+02	1.2833e+02	3.9732e-09	4.8036e-01	5.1964e-01	1.8314e-01	7.5472e-01	6.2140e-02	4.4536e-11	3.2463e-02	7.9276e-01	1.7475e-01	2.7901e-05	5.3280e-01	4.6434e-01	2.8571e-03	6.4083e-07	1.1755e-36	1.1755e-36	1.2137e-17	0.00e+00	0.00e+00	1.5017e+01
5.44620e+16	8.7545e+03	1.489e-19	2.1544e+02	1.2344e+02	4.6725e-09	5.0325e-01	4.9675e-01	1.9191e-01	7.4706e-01	6.1037e-02	5.1607e-11	3.2055e-02	8.0154e-01	1.6638e-01	2.4455e-05	5.5574e-01	4.4181e-01	2.4502e-03	5.1663e-07	1.1755e-36	1.1755e-36	1.5198e-17	0.00e+00	0.00e+00	1.6150e+01
5.61249e+16	8.7321e+03	1.421e-19	2.1544e+02	1.1860e+02	5.4334e-09	5.2466e-01	4.7534e-01	2.0075e-01	7.3925e-01	5.9996e-02	5.9061e-11	3.1542e-02	8.0992e-01	1.5852e-01	2.1543e-05	5.7697e-01	4.2091e-01	2.1122e-03	4.2152e-07	1.1755e-36	1.1755e-36	1.8662e-17	0.00e+00	0.00e+00	1.7343e+01
5.77789e+16	8.7073e+03	1.355e-19	2.1544e+02	1.1396e+02	6.2805e-09	5.4520e-01	4.5480e-01	2.0988e-01	7.3118e-01	5.8933e-02	6.7192e-11	3.0985e-02	8.1804e-01	1.5095e-01	1.9028e-05	5.9716e-01	4.0101e-01	1.8251e-03	3.4667e-07	1.1755e-36	1.1755e-36	2.2716e-17	0.00e+00	0.00e+00	1.8557e+01
5.91135e+16	8.6962e+03	1.303e-19	2.1544e+02	1.1026e+02	6.9660e-09	5.6051e-01	4.3949e-01	2.1674e-01	7.2499e-01	5.8266e-02	7.3757e-11	3.0444e-02	8.2398e-01	1.4556e-01	1.7342e-05	6.1208e-01	3.8629e-01	1.6313e-03	2.9938e-07	1.1755e-36	1.1755e-36	2.6200e-17	0.00e+00	0.00e+00	1.9344e+01
6.00596e+16	8.6680e+03	1.268e-19	2.1544e+02	1.0801e+02	7.5617e-09	5.7107e-01	4.2893e-01	2.2258e-01	7.1991e-01	5.7511e-02	7.9016e-11	3.0164e-02	8.2850e-01	1.4132e-01	1.6188e-05	6.2232e-01	3.7617e-01	1.5086e-03	2.7057e-07	1.1755e-36	1.1755e-36	2.9067e-17	0.00e+00	0.00e+00	2.0012e+01
6.10002e+16	8.6392e+03	1.233e-19	2.1544e+02	1.0579e+02	8.2018e-09	5.8146e-01	4.1854e-01	2.2886e-01	7.1448e-01	5.6658e-02	8.4638e-11	2.9886e-02	8.3314e-01	1.3696e-01	1.5075e-05	6.3236e-01	3.6624e-01	1.3926e-03	2.4441e-07	1.1755e-36	1.1755e-36	3.2218e-17	0.00e+00	0.00e+00	2.0820e+01
6.21240e+16	8.6151e+03	1.189e-19	2.1544e+02	1.0295e+02	8.9573e-09	5.9329e-01	4.0671e-01	2.3603e-01	7.0822e-01	5.5754e-02	9.1276e-11	2.9460e-02	8.3841e-01	1.3212e-01	1.3880e-05	6.4373e-01	3.5500e-01	1.2658e-03	2.1705e-07	1.1755e-36	1.1755e-36	3.6065e-17	0.00e+00	0.00e+00	2.1809e+01
6.33805e+16	8.5859e+03	1.143e-19	2.1544e+02	9.9956e+01	9.8923e-09	6.0654e-01	3.9346e-01	2.4411e-01	7.0112e-01	5.4772e-02	9.9455e-11	2.8992e-02	8.4403e-01	1.2696e-01	1.2672e-05	6.5639e-01	3.4247e-01	1.1382e-03	1.9058e-07	1.1755e-36	1.1755e-36	4.1070e-17	0.00e+00	0.00e+00	2.2871e+01
6.46229e+16	8.5562e+03	1.099e-19	2.1544e+02	9.7050e+01	1.0886e-08	6.1916e-01	3.8084e-01	2.5206e-01	6.9409e-01	5.3853e-02	1.0794e-10	2.8503e-02	8.4934e-01	1.2214e-01	1.1607e-05	6.6838e-01	3.3059e-01	1.0262e-03	1.6834e-07	1.1755e-36	1.1755e-36	4.6505e-17	0.00e+00	0.00e+00	2.3880e+01
6.57999e+16	8.5259e+03	1.059e-19	2.1544e+02	9.4403e+01	1.1895e-08	6.3057e-01	3.6943e-01	2.5985e-01	6.8721e-01	5.2946e-02	1.1637e-10	2.8044e-02	8.5427e-01	1.1768e-01	1.0687e-05	6.7916e-01	3.1991e-01	9.3158e-04	1.5028e-07	1.1755e-36	1.1755e-36	5.2093e-17	0.00e+00	0.00e+00	2.4872e+01
6.69863e+16	8.4921e+03	1.019e-19	2.1544e+02	9.1831e+01	1.3006e-08	6.4173e-01	3.5827e-01	2.6802e-01	6.8000e-01	5.1977e-02	1.2544e-10	2.7587e-02	8.5916e-01	1.1324e-01	9.8295e-06	6.8966e-01	3.0950e-01	8.4511e-04	1.3437e-07	1.1755e-36	1.1755e-36	5.8331e-17	0.00e+00	0.00e+00	2.5934e+01
6.82410e+16	8.4544e+03	9.783e-20	2.1544e+02	8.9177e+01	1.4289e-08	6.5329e-01	3.4671e-01	2.7681e-01	6.7224e-01	5.0948e-02	1.3572e-10	2.7098e-02	8.6418e-01	1.0871e-01	9.0020e-06	7.0048e-01	2.9876e-01	7.6234e-04	1.1755e-36	1.1755e-36	1.1755e-36	6.5715e-17	0.00e+00	0.00e+00	2.7083e+01
6.95413e+16	8.4148e+03	9.375e-20	2.1544e+02	8.6482e+01	1.5728e-08	6.6491e-01	3.3509e-01	2.8594e-01	6.6415e-01	4.9914e-02	1.4703e-10	2.6576e-02	8.6917e-01	1.0425e-01	8.2299e-06	7.1129e-01	2.8802e-01	6.8554e-04	1.1755e-36	1.1755e-36	1.1755e-36	7.4199e-17	0.00e+00	0.00e+00	2.8266e+01
7.08447e+16	8.3753e+03	8.981e-20	2.1544e+02	8.3865e+01	1.7267e-08	6.7605e-01	3.2395e-01	2.9517e-01	6.5594e-01	4.8888e-02	1.5895e-10	2.6049e-02	8.7398e-01	9.9966e-02	7.5323e-06	7.2162e-01	2.7776e-01	6.1701e-04	1.1755e-36	1.1755e-36	1.1755e-36	8.3520e-17	0.00e+00	0.00e+00	2.9460e+01
7.21534e+16	8.3348e+03	8.600e-20	2.1544e+02	8.1342e+01	1.8929e-08	6.8680e-01	3.1320e-01	3.0466e-01	6.4750e-01	4.7838e-02	1.7166e-10	2.5527e-02	8.7865e-01	9.5812e-02	6.8955e-06	7.3153e-01	2.6792e-01	5.5552e-04	1.1755e-36	1.1755e-36	1.1755e-36	9.3858e-17	0.00e+00	0.00e+00	3.0693e+01
7.34957e+16	8.2925e+03	8.223e-20	2.1544e+02	7.8845e+01	2.0769e-08	6.9745e-01	3.0255e-01	3.1456e-01	6.3869e-01	4.6753e-02	1.8560e-10	2.4995e-02	8.8329e-01	9.1710e-02	6.3028e-06	7.4130e-01	2.5820e-01	4.9904e-04	1.1755e-36	1.1755e-36	1.1755e-36	1.0567e-16	0.00e+00	0.00e+00	3.1988e+01
7.48783e+16	8.2397e+03	7.852e-20	2.1544e+02	7.6306e+01	2.2946e-08	7.0809e-01	2.9191e-01	3.2482e-01	6.2954e-01	4.5640e-02	2.0101e-10	2.4441e-02	8.8787e-01	8.7682e-02	5.7534e-06	7.5103e-01	2.4853e-01	4.4736e-04	1.1755e-36	1.1755e-36	1.1755e-36	1.1936e-16	0.00e+00	0.00e+00	3.3336e+01
7.62832e+16	8.1938e+03	7.489e-20	2.1544e+02	7.3863e+01	2.5224e-08	7.1852e-01	2.8148e-01	3.3544e-01	6.2004e-01	4.4522e-02	2.1779e-10	2.3889e-02	8.9235e-01	8.3752e-02	5.2482e-06	7.6051e-01	2.3909e-01	4.0020e-04	1.1755e-36	1.1755e-36	1.1755e-36	1.3492e-16	0.00e+00	0.00e+00	3.4714e+01
7.76967e+16	8.1463e+03	7.140e-20	2.1544e+02	7.1486e+01	2.7702e-08	7.2851e-01	2.7149e-01	3.4617e-01	6.1042e-01	4.3408e-02	2.3566e-10	2.3338e-02	8.9666e-01	7.9995e-02	4.7924e-06	7.6955e-01	2.3009e-01	3.5834e-04	1.1755e-36	1.1755e-36	1.1755e-36	1.5223e-16	0.00e+00	0.00e+00	3.6119e+01
7.91326e+16	8.0948e+03	6.802e-20	2.1544e+02	6.9131e+01	3.0462e-08	7.3818e-01	2.6182e-01	3.5710e-01	6.0061e-01	4.2288e-02	2.5490e-10	2.2779e-02	9.0085e-01	7.6369e-02	4.3767e-06	7.7827e-01	2.2141e-01	3.2080e-04	1.1755e-36	1.1755e-36	1.1755e-36	1.7169e-16	0.00e+00	0.00e+00	3.7579e+01
8.06140e+16	8.0366e+03	6.470e-20	2.1544e+02	6.6841e+01	3.3700e-08	7.4810e-01	2.5190e-01	3.6888e-01	5.9004e-01	4.1078e-02	2.7737e-10	2.2230e-02	9.0506e-01	7.2710e-02	3.9849e-06	7.8718e-01	2.1254e-01	2.8580e-04	1.1755e-36	1.1755e-36	1.1755e-36	1.9566e-16	0.00e+00	0.00e+00	3.9114e+01
8.21125e+16	7.9775e+03	6.150e-20	2.1544e+02	6.4543e+01	3.7249e-08	7.5759e-01	2.4241e-01	3.8050e-01	5.7957e-01	3.9938e-02	3.0119e-10	2.1660e-02	9.0906e-01	6.9279e-02	3.6353e-06	7.9566e-01	2.0409e-01	2.5485e-04	1.1755e-36	1.1755e-36	1.1755e-36	2.2240e-16	0.00e+00	0.00e+00	4.0648e+01
8.36054e+16	7.9188e+03	5.847e-20	2.1544e+02	6.2357e+01	4.1055e-08	7.6652e-01	2.3348e-01	3.9220e-01	5.6900e-01	3.8801e-02	3.2652e-10	2.1105e-02	9.1287e-01	6.6018e-02	3.3227e-06	8.0361e-01	1.9616e-01	2.2770e-04	1.1755e-36	1.1755e-36	1.1755e-36	2.5213e-16	0.00e+00	0.00e+00	4.2210e+01
8.51327e+16	7.8580e+03	5.552e-20	2.1544e+02	6.0212e+01	4.5303e-08	7.7527e-01	2.2473e-01	4.0426e-01	5.5810e-01	3.7641e-02	3.5456e-10	2.0551e-02	9.1660e-01	6.2845e-02	3.0353e-06	8.1137e-01	1.8842e-01	2.0313e-04	1.1755e-36	1.1755e-36	1.1755e-36	2.8669e-16	0.00e+00	0.00e+00	4.3852e+01
8.67168e+16	7.7896e+03	5.262e-20	2.1544e+02	5.8042e+01	5.0333e-08	7.8412e-01	2.1588e-01	4.1680e-01	5.4674e-01	3.6460e-02	3.8678e-10	1.9982e-02	9.2029e-01	5.9722e-02	2.7687e-06	8.1919e-01	1.8062e-01	1.8051e-04	1.1755e-36	1.1755e-36	1.1755e-36	3.2893e-16	0.00e+00	0.00e+00	4.5570e+01
8.83239e+16	7.7218e+03	4.984e-20	2.1544e+02	5.5939e+01	5.5871e-08	7.9277e-01	2.0723e-01	4.2950e-01	5.3521e-01	3.5298e-02	4.2246e-10	1.9417e-02	9.2384e-01	5.6741e-02	2.5281e-06	8.2681e-01	1.7303e-01	1.6027e-04	1.1755e-36	1.1755e-36	1.1755e-36	3.7846e-16	0.00e+00	0.00e+00	4.7299e+01
8.99192e+16	7.6546e+03	4.723e-20	2.1544e+02	5.3937e+01	6.1845e-08	8.0080e-01	1.9920e-01	4.4205e-01	5.2378e-01	3.4169e-02	4.6052e-10	1.8869e-02	9.2717e-01	5.3954e-02	2.3162e-06	8.3386e-01	1.6600e-01	1.4276e-04	1.1755e-36	1.1755e-36	1.1755e-36	4.3419e-16	0.00e+00	0.00e+00	4.9028e+01
9.15319e+16	7.5847e+03	4.474e-20	2.1544e+02	5.2012e+01	6.8531e-08	8.0853e-01	1.9147e-01	4.5490e-01	5.1208e-01	3.3018e-02	5.0289e-10	1.8336e-02	9.3039e-01	5.1267e-02	2.1239e-06	8.4062e-01	1.5926e-01	1.2718e-04	1.1755e-36	1.1755e-36	1.1755e-36	4.9975e-16	0.00e+00	0.00e+00	5.0830e+01
9.31909e+16	7.5044e+03	4.233e-20	2.1544e+02	5.0085e+01	7.6607e-08	8.1630e-01	1.8370e-01	4.6806e-01	5.0008e-01	3.1855e-02	5.5222e-10	1.7797e-02	9.3354e-01	4.8662e-02	1.9480e-06	8.4738e-01	1.5251e-01	1.1303e-04	1.1755e-36	1.1755e-36	1.1755e-36	5.8200e-16	0.00e+00	0.00e+00	5.2695e+01
9.48272e+16	7.4293e+03	4.010e-20	2.1544e+02	4.8260e+01	8.5128e-08	8.2354e-01	1.7646e-01	4.8072e-01	4.8849e-01	3.0780e-02	6.0471e-10	1.7273e-02	9.3644e-01	4.6285e-02	1.7954e-06	8.5367e-01	1.4623e-01	1.0084e-04	1.1755e-36	1.1755e-36	1.1755e-36	6.7516e-16	0.00e+00	0.00e+00	5.4480e+01
9.64196e+16	7.3534e+03	3.806e-20	2.1544e+02	4.6596e+01	9.4336e-08	8.3007e-01	1.6993e-01	4.9328e-01	4.7702e-01	2.9703e-02	6.6092e-10	1.6794e-02	9.3914e-01	4.4068e-02	1.6620e-06	8.5933e-01	1.4058e-01	9.0486e-05	1.1755e-36	1.1755e-36	1.1755e-36	7.8057e-16	0.00e+00	0.00e+00	5.6277e+01
9.80307e+16	7.2703e+03	3.610e-20	2.1544e+02	4.4971e+01	1.0514e-07	8.3648e-01	1.6352e-01	5.0596e-01	4.6542e-01	2.8620e-02	7.2558e-10	1.6322e-02	9.4173e-01	4.1943e-02	1.5410e-06	8.6487e-01	1.3505e-01	8.1185e-05	1.1755e-36	1.1755e-36	1.1755e-36	9.1104e-16	0.00e+00	0.00e+00	5.8132e+01
9.96393e+16	7.1873e+03	3.427e-20	2.1544e+02	4.3407e+01	1.1716e-07	8.4268e-01	1.5732e-01	5.1837e-01	4.5404e-01	2.7592e-02	7.9772e-10	1.5860e-02	9.4417e-01	3.9968e-02	1.4337e-06	8.7022e-01	1.2971e-01	7.2944e-05	1.1755e-36	1.1755e-36	1.1755e-36	1.0676e-15	0.00e+00	0.00e+00	5.9951e+01
1.01206e+17	7.1085e+03	3.259e-20	2.1544e+02	4.1954e+01	1.2981e-07	8.4826e-01	1.5174e-01	5.3027e-01	4.4311e-01	2.6620e-02	8.7397e-10	1.5425e-02	9.4641e-01	3.8163e-02	1.3405e-06	8.7502e-01	1.2492e-01	6.5921e-05	1.1755e-36	1.1755e-36	1.1755e-36	1.2436e-15	0.00e+00	0.00e+00	6.1736e+01
1.02773e+17	7.0266e+03	3.100e-20	2.1544e+02	4.0553e+01	1.4410e-07	8.5354e-01	1.4646e-01	5.4212e-01	4.3222e-01	2.5659e-02	9.5935e-10	1.5003e-02	9.4854e-01	3.6452e-02	1.2566e-06	8.7954e-01	1.2040e-01	5.9694e-05	1.1755e-36	1.1755e-36	1.1755e-36	1.4544e-15	0.00e+00	0.00e+00	6.3579e+01
1.04367e+17	6.9484e+03	2.948e-20	2.1544e+02	3.9179e+01	1.5964e-07	8.5871e-01	1.4129e-01	5.5376e-01	4.2150e-01	2.4742e-02	1.0549e-09	1.4581e-02	9.5058e-01	3.4836e-02	1.1804e-06	8.8397e-01	1.1598e-01	5.4024e-05	1.1755e-36	1.1755e-36	1.1755e-36	1.7067e-15	0.00e+00	0.00e+00	6.5449e+01
1.05989e+17	6.8564e+03	2.802e-20	2.1544e+02	3.7857e+01	1.7914e-07	8.6398e-01	1.3602e-01	5.6582e-01	4.1040e-01	2.3777e-02	1.1728e-09	1.4178e-02	9.5256e-01	3.3259e-02	1.1102e-06	8.8847e-01	1.1148e-01	4.8839e-05	1.1755e-36	1.1755e-36	1.1755e-36	2.0478e-15	0.00e+00	0.00e+00	6.7380e+01
1.07566e+17	6.7720e+03	2.669e-20	2.1544e+02	3.6604e+01	1.9949e-07	8.6876e-01	1.3124e-01	5.7686e-01	4.0021e-01	2.2931e-02	1.2975e-09	1.3788e-02	9.5434e-01	3.1866e-02	1.0505e-06	8.9254e-01	1.0742e-01	4.4416e-05	1.1755e-36	1.1755e-36	1.1755e-36	2.4376e-15	0.00e+00	0.00e+00	6.9165e+01
1.09062e+17	6.6868e+03	2.551e-20	2.1544e+02	3.5508e+01	2.2156e-07	8.7289e-01	1.2711e-01	5.8763e-01	3.9029e-01	2.2084e-02	1.4328e-09	1.3448e-02	9.5596e-01	3.0587e-02	9.9879e-07	8.9606e-01	1.0390e-01	4.0732e-05	1.1755e-36	1.1755e-36	1.1755e-36	2.8897e-15	0.00e+00	0.00e+00	7.0923e+01
1.10545e+17	6.6009e+03	2.440e-20	2.1544e+02	3.4451e+01	2.4628e-07	8.7682e-01	1.2318e-01	5.9807e-01	3.8065e-01	2.1274e-02	1.5854e-09	1.3118e-02	9.5749e-01	2.9394e-02	9.5245e-07	8.9940e-01	1.0056e-01	3.7442e-05	1.1755e-36	1.1755e-36	1.1755e-36	3.4403e-15	0.00e+00	0.00e+00	7.2696e+01
1.12029e+17	6.5154e+03	2.335e-20	2.1544e+02	3.3431e+01	2.7395e-07	8.8065e-01	1.1935e-01	6.0823e-01	3.7127e-01	2.0500e-02	1.7593e-09	1.2795e-02	9.5893e-01	2.8276e-02	9.1058e-07	9.0265e-01	9.7316e-02	3.4459e-05	1.1755e-36	1.1755e-36	1.1755e-36	4.1205e-15	0.00e+00	0.00e+00	7.4471e+01
1.13503e+17	6.4300e+03	2.236e-20	2.1544e+02	3.2455e+01	3.0484e-07	8.8429e-01	1.1571e-01	6.1807e-01	3.6217e-01	1.9758e-02	1.9566e-09	1.2485e-02	9.6028e-01	2.7235e-02	8.7300e-07	9.0574e-01	9.4232e-02	3.1789e-05	1.1755e-36	1.1755e-36	1.1755e-36	4.9564e-15	0.00e+00	0.00e+00	7.6234e+01
1.14959e+17	6.3448e+03	2.144e-20	2.1544e+02	3.1530e+01	3.3926e-07	8.8772e-01	1.1227e-01	6.2758e-01	3.5337e-01	1.9047e-02	2.1801e-09	1.2189e-02	9.6154e-01	2.6267e-02	8.3934e-07	9.0865e-01	9.1325e-02	2.9409e-05	1.1755e-36	1.1755e-36	1.1755e-36	5.9832e-15	0.00e+00	0.00e+00	7.7982e+01
1.16396e+17	6.2601e+03	2.057e-20	2.1544e+02	3.0656e+01	3.7751e-07	8.9096e-01	1.0904e-01	6.3677e-01	3.4487e-01	1.8365e-02	2.4329e-09	1.1908e-02	9.6272e-01	2.5368e-02	8.0922e-07	9.1138e-01	8.8592e-02	2.7289e-05	1.1755e-36	1.1755e-36	1.1755e-36	7.2442e-15	0.00e+00	0.00e+00	7.9710e+01
1.17812e+17	6.1684e+03	1.977e-20	2.1544e+02	2.9807e+01	4.2310e-07	8.9403e-01	1.0597e-01	6.4565e-01	3.3664e-01	1.7709e-02	2.7324e-09	1.1636e-02	9.6383e-01	2.4535e-02	7.8236e-07	9.1398e-01	8.5997e-02	2.5403e-05	1.1755e-36	1.1755e-36	1.1755e-36	8.8882e-15	0.00e+00	0.00e+00	8.1421e+01
1.19169e+17	6.0931e+03	1.904e-20	2.1544e+02	2.9056e+01	4.6659e-07	8.9676e-01	1.0324e-01	6.5378e-01	3.2910e-01	1.7118e-02	3.0356e-09	1.1390e-02	9.6482e-01	2.3790e-02	7.5896e-07	9.1628e-01	8.3699e-02	2.3768e-05	1.1755e-36	1.1755e-36	1.1755e-36	1.0666e-14	0.00e+00	0.00e+00	8.3015e+01
1.20523e+17	6.0074e+03	1.835e-20	2.1544e+02	2.8331e+01	5.2001e-07	8.9934e-01	1.0066e-01	6.6212e-01	3.2138e-01	1.6501e-02	3.4059e-09	1.1157e-02	9.6578e-01	2.3063e-02	7.3718e-07	9.1845e-01	8.1525e-02	2.2284e-05	1.1755e-36	1.1755e-36	1.1755e-36	1.3033e-14	0.00e+00	0.00e+00	8.4729e+01
1.21906e+17	5.9244e+03	1.767e-20	2.1544e+02	2.7595e+01	5.7979e-07	9.0202e-01	9.7981e-02	6.7003e-01	3.1403e-01	1.5938e-02	3.8350e-09	1.0915e-02	9.6670e-01	2.2387e-02	7.1715e-07	9.2071e-01	7.9267e-02	2.0866e-05	1.1755e-36	1.1755e-36	1.1755e-36	1.6045e-14	0.00e+00	0.00e+00	8.6403e+01
1.23250e+17	5.8424e+03	1.705e-20	2.1544e+02	2.6918e+01	6.4582e-07	9.0446e-01	9.5534e-02	6.7764e-01	3.0697e-01	1.5394e-02	4.3192e-09	1.0693e-02	9.6754e-01	2.1765e-02	6.9934e-07	9.2277e-01	7.7209e-02	1.9621e-05	1.1755e-36	1.1755e-36	1.1755e-36	1.9750e-14	0.00e+00	0.00e+00	8.8031e+01
1.24559e+17	5.7613e+03	1.648e-20	2.1544e+02	2.6288e+01	7.1898e-07	9.0672e-01	9.3283e-02	6.8493e-01	3.0019e-01	1.4873e-02	4.8671e-09	1.0487e-02	9.6832e-01	2.1188e-02	6.8339e-07	9.2467e-01	7.5314e-02	1.8515e-05	1.1755e-36	1.1755e-36	1.1755e-36	2.4328e-14	0.00e+00	0.00e+00	8.9627e+01
1.25841e+17	5.6812e+03	1.594e-20	2.1544e+02	2.5694e+01	8.0031e-07	9.0883e-01	9.1167e-02	6.9193e-01	2.9370e-01	1.4375e-02	5.4908e-09	1.0292e-02	9.6905e-01	2.0653e-02	6.6901e-07	9.2645e-01	7.3534e-02	1.7519e-05	1.1755e-36	1.1755e-36	1.1755e-36	3.0024e-14	0.00e+00	0.00e+00	9.1200e+01
1.27103e+17	5.5935e+03	1.544e-20	2.1544e+02	2.5121e+01	8.9992e-07	9.1091e-01	8.9084e-02	6.9878e-01	2.8734e-01	1.3884e-02	6.2597e-09	1.0107e-02	9.6974e-01	2.0156e-02	6.5608e-07	9.2820e-01	7.1782e-02	1.6611e-05	1.1755e-36	1.1755e-36	1.1755e-36	3.7826e-14	0.00e+00	0.00e+00	9.2751e+01
1.28294e+17	5.5298e+03	1.499e-20	2.1544e+02	2.4599e+01	9.8377e-07	9.1257e-01	8.7429e-02	7.0455e-01	2.8196e-01	1.3493e-02	6.9461e-09	9.9304e-03	9.7034e-01	1.9728e-02	6.4490e-07	9.2959e-01	7.0391e-02	1.5843e-05	1.1755e-36	1.1755e-36	1.1755e-36	4.5249e-14	0.00e+00	0.00e+00	9.4154e+01
1.29523e+17	5.4406e+03	1.454e-20	2.1544e+02	2.4106e+01	1.1112e-06	9.1444e-01	8.5557e-02	7.1140e-01	2.7561e-01	1.2992e-02	7.9815e-09	9.7749e-03	9.7096e-01	1.9264e-02	6.3372e-07	9.3117e-01	6.8816e-02	1.5077e-05	1.1755e-36	1.1755e-36	1.1755e-36	5.7711e-14	0.00e+00	0.00e+00	9.5804e+01
1.30765e+17	5.3721e+03	1.410e-20	2.1544e+02	2.3582e+01	1.2281e-06	9.1631e-01	8.3684e-02	7.1698e-01	2.7040e-01	1.2622e-02	8.9903e-09	9.5973e-03	9.7153e-01	1.8872e-02	6.2372e-07	9.3274e-01	6.7249e-02	1.4344e-05	1.1755e-36	1.1755e-36	1.1755e-36	7.1068e-14	0.00e+00	0.00e+00	9.7246e+01
1.31950e+17	5.2903e+03	1.370e-20	2.1544e+02	2.3122e+01	1.3786e-06	9.1794e-01	8.2057e-02	7.2294e-01	2.6486e-01	1.2201e-02	1.0280e-08	9.4495e-03	9.7206e-01	1.8488e-02	6.1473e-07	9.3411e-01	6.5880e-02	1.3718e-05	1.1755e-36	1.1755e-36	1.1755e-36	8.9868e-14	0.00e+00	0.00e+00	9.8763e+01
1.33114e+17	5.2225e+03	1.333e-20	2.1544e+02	2.2679e+01	1.5234e-06	9.1948e-01	8.0517e-02	7.2817e-01	2.5998e-01	1.1847e-02	1.1581e-08	9.3019e-03	9.7255e-01	1.8147e-02	6.0662e-07	9.3540e-01	6.4589e-02	1.3140e-05	1.1755e-36	1.1755e-36	1.1755e-36	1.1059e-13	0.00e+00	0.00e+00	1.0015e+02
1.34256e+17	5.1429e+03	1.298e-20	2.1544e+02	2.2263e+01	1.7104e-06	9.2095e-01	7.9047e-02	7.3366e-01	2.5488e-01	1.1463e-02	1.3265e-08	9.1689e-03	9.7302e-01	1.7815e-02	5.9918e-07	9.3664e-01	6.3351e-02	1.2614e-05	1.1755e-36	1.1755e-36	1.1755e-36	1.4029e-13	0.00e+00	0.00e+00	1.0162e+02
1.35377e+17	5.0775e+03	1.265e-20	2.1544e+02	2.1861e+01	1.8884e-06	9.2234e-01	7.7661e-02	7.3844e-01	2.5042e-01	1.1143e-02	1.4944e-08	9.0353e-03	9.7344e-01	1.7520e-02	5.9242e-07	9.3780e-01	6.2189e-02	1.2126e-05	1.1755e-36	1.1755e-36	1.1755e-36	1.7267e-13	0.00e+00	0.00e+00	1.0297e+02
1.36481e+17	4.9997e+03	1.234e-20	2.1544e+02	2.1482e+01	2.1217e-06	9.2368e-01	7.6318e-02	7.4352e-01	2.4569e-01	1.0791e-02	1.7147e-08	8.9154e-03	9.7385e-01	1.7230e-02	5.8619e-07	9.3893e-01	6.1058e-02	1.1678e-05	1.1755e-36	1.1755e-36	1.1755e-36	2.1980e-13	0.00e+00	0.00e+00	1.0439e+02
1.37566e+17	4.9306e+03	1.204e-20	2.1544e+02	2.1107e+01	2.3589e-06	9.2499e-01	7.5011e-02	7.4799e-01	2.4152e-01	1.0492e-02	1.8977e-08	8.7937e-03	9.7432e-01	1.6888e-02	5.7974e-07	9.4003e-01	5.9962e-02	1.1260e-05	1.1755e-36	1.1755e-36	1.1755e-36	2.6223e-13	0.00e+00	0.00e+00	1.0569e+02
1.38596e+17	4.8602e+03	1.177e-20	2.1544e+02	2.0774e+01	2.6276e-06	9.2613e-01	7.3863e-02	7.5244e-01	2.3737e-01	1.0189e-02	2.1003e-08	8.6895e-03	9.7475e-01	1.6555e-02	5.7388e-07	9.4099e-01	5.8995e-02	1.0895e-05	1.1755e-36	1.1755e-36	1.1755e-36	3.1280e-13	0.00e+00	0.00e+00	1.0699e+02
1.39613e+17	4.7918e+03	1.151e-20	2.1544e+02	2.0449e+01	2.9230e-06	9.2725e-01	7.2744e-02	7.5665e-01	2.3345e-01	9.9047e-03	2.3209e-08	8.5874e-03	9.7517e-01	1.6243e-02	5.6846e-07	9.4194e-01	5.8052e-02	1.0551e-05	1.1755e-36	1.1755e-36	1.1755e-36	3.7242e-13	0.00e+00	0.00e+00	1.0826e+02
1.40613e+17	4.7244e+03	1.127e-20	2.1544e+02	2.0137e+01	3.2514e-06	9.2833e-01	7.1665e-02	7.6071e-01	2.2966e-01	9.6320e-03	2.5630e-08	8.4901e-03	9.7557e-01	1.5943e-02	5.6342e-07	9.4284e-01	5.7144e-02	1.0230e-05	1.1755e-36	1.1755e-36	1.1755e-36	4.4312e-13	0.00e+00	0.00e+00	1.0951e+02
1.41602e+17	4.6578e+03	1.103e-20	2.1544e+02	1.9834e+01	3.6162e-06	9.2938e-01	7.0615e-02	7.6462e-01	2.2601e-01	9.3710e-03	2.8287e-08	8.3959e-03	9.7595e-01	1.5657e-02	5.5872e-07	9.4373e-01	5.6259e-02	9.9272e-06	1.1755e-36	1.1755e-36	1.1755e-36	5.2702e-13	0.00e+00	0.00e+00	1.1076e+02
1.42582e+17	4.5920e+03	1.081e-20	2.1544e+02	1.9539e+01	4.0219e-06	9.3041e-01	6.9591e-02	7.6841e-01	2.2247e-01	9.1205e-03	3.1203e-08	8.3050e-03	9.7631e-01	1.5383e-02	5.5433e-07	9.4459e-01	5.5397e-02	9.6409e-06	1.1755e-36	1.1755e-36	1.1755e-36	6.2653e-13	0.00e+00	0.00e+00	1.1199e+02
1.43554e+17	4.5268e+03	1.059e-20	2.1544e+02	1.9253e+01	4.4726e-06	9.3140e-01	6.8595e-02	7.7207e-01	2.1905e-01	8.8794e-03	3.4395e-08	8.2173e-03	9.7666e-01	1.5119e-02	5.5022e-07	9.4543e-01	5.4558e-02	9.3703e-06	1.1755e-36	1.1755e-36	1.1755e-36	7.4426e-13	0.00e+00	0.00e+00	1.1322e+02
1.44518e+17	4.4622e+03	1.038e-20	2.1544e+02	1.8975e+01	4.9727e-06	9.3237e-01	6.7626e-02	7.7562e-01	2.1573e-01	8.6469e-03	3.7884e-08	8.1329e-03	9.7700e-01	1.4865e-02	5.4636e-07	9.4625e-01	5.3741e-02	9.1140e-06	1.1755e-36	1.1755e-36	1.1755e-36	8.8318e-13	0.00e+00	0.00e+00	1.1444e+02
1.45476e+17	4.3973e+03	1.018e-20	2.1544e+02	1.8697e+01	5.5332e-06	9.3330e-01	6.6698e-02	7.7903e-01	2.1255e-01	8.4257e-03	4.1704e-08	8.0487e-03	9.7733e-01	1.4622e-02	5.4278e-07	9.4703e-01	5.2957e-02	8.8737e-06	1.1755e-36	1.1755e-36	1.1755e-36	1.0477e-12	0.00e+00	0.00e+00	1.1565e+02
1.46424e+17	4.3407e+03	9.982e-21	2.1544e+02	1.8438e+01	6.0784e-06	9.3415e-01	6.5845e-02	7.8223e-01	2.0955e-01	8.2216e-03	4.5443e-08	7.9684e-03	9.7764e-01	1.4394e-02	5.3939e-07	9.4775e-01	5.2241e-02	8.6474e-06	1.1755e-36	1.1755e-36	1.1755e-36	1.2185e-12	0.00e+00	0.00e+00	1.1685e+02
1.47421e+17	4.2567e+03	9.776e-21	2.1544e+02	1.8071e+01	6.9460e-06	9.3493e-01	6.5066e-02	7.8526e-01	2.0671e-01	8.0323e-03	5.0692e-08	7.8551e-03	9.7798e-01	1.4165e-02	5.3653e-07	9.4842e-01	5.1567e-02	8.4487e-06	1.1755e-36	1.1755e-36	1.1755e-36	1.4874e-12	0.00e+00	0.00e+00	1.1818e+02
1.48367e+17	4.2089e+03	9.601e-21	2.1544e+02	1.7895e+01	7.5577e-06	9.3607e-01	6.3924e-02	7.8866e-01	2.0353e-01	7.8104e-03	5.5111e-08	7.8082e-03	9.7825e-01	1.3942e-02	5.3314e-07	9.4937e-01	5.0623e-02	8.1994e-06	1.1755e-36	1.1755e-36	1.1755e-36	1.7218e-12	0.00e+00	0.00e+00	1.1925e+02
1.49307e+17	4.1419e+03	9.426e-21	2.1544e+02	1.7675e+01	8.4297e-06	9.3690e-01	6.3088e-02	7.9222e-01	2.0020e-01	7.5760e-03	6.0625e-08	7.7517e-03	9.7855e-01	1.3701e-02	5.3013e-07	9.5007e-01	4.9915e-02	8.0018e-06	1.1755e-36	1.1755e-36	1.1755e-36	2.0373e-12	0.00e+00	0.00e+00	1.2058e+02
1.50330e+17	4.0676e+03	9.232e-21	2.1544e+02	1.7327e+01	9.4719e-06	9.3772e-01	6.2272e-02	7.9485e-01	1.9773e-01	7.4196e-03	6.6650e-08	7.6427e-03	9.7885e-01	1.3503e-02	5.2769e-07	9.5077e-01	4.9217e-02	7.8126e-06	1.1755e-36	1.1755e-36	1.1755e-36	2.4214e-12	0.00e+00	0.00e+00	1.2186e+02
1.51289e+17	4.0113e+03	9.069e-21	2.1544e+02	1.7147e+01	1.0396e-05	9.3875e-01	6.1240e-02	7.9822e-01	1.9458e-01	7.2016e-03	7.2598e-08	7.5997e-03	9.7912e-01	1.3284e-02	5.2482e-07	9.5163e-01	4.8357e-02	7.6003e-06	1.1755e-36	1.1755e-36	1.1755e-36	2.8137e-12	0.00e+00	0.00e+00	1.2303e+02
1.52259e+17	3.9531e+03	8.902e-21	2.1544e+02	1.6920e+01	1.1375e-05	9.3948e-01	6.0513e-02	8.0124e-01	1.9174e-01	7.0125e-03	7.8384e-08	7.5366e-03	9.7938e-01	1.3078e-02	5.2229e-07	9.5225e-01	4.7742e-02	7.4272e-06	1.1755e-36	1.1755e-36	1.1755e-36	3.2153e-12	0.00e+00	0.00e+00	1.2434e+02
###########################
6.91976e+12	8.2527e+03	2.212e-19	2.1544e+02	2.1898e+02	5.9730e-11	7.9903e-02	9.2010e-01	7.6847e-02	8.3040e-01	9.2749e-02	5.5457e-13	1.6752e-02	6.1365e-01	3.6893e-01	6.6231e-04	8.9784e-02	8.4031e-01	6.9702e-02	2.0801e-04	6.4540e-07	1.1755e-36	1.9392e-20	0.00e+00	0.00e+00	1.5045e-03
4.15186e+13	8.2403e+03	2.198e-19	2.1544e+02	2.1764e+02	5.9495e-11	7.9376e-02	9.2062e-01	7.6445e-02	8.3034e-01	9.3219e-02	5.4255e-13	1.6576e-02	6.1255e-01	3.7021e-01	6.6948e-04	8.9152e-02	8.4037e-01	7.0266e-02	2.1095e-04	6.5653e-07	1.1755e-36	1.8760e-20	0.00e+00	0.00e+00	7.4828e-03
1.79914e+14	8.2279e+03	2.185e-19	2.1544e+02	2.1734e+02	5.9568e-11	7.9076e-02	9.2092e-01	7.6468e-02	8.3034e-01	9.3194e-02	5.3733e-13	1.6519e-02	6.1264e-01	3.7017e-01	6.7137e-04	8.8793e-02	8.4035e-01	7.0647e-02	2.1227e-04	6.6095e-07	1.1755e-36	1.8463e-20	0.00e+00	0.00e+00	3.1305e-02
7.33495e+14	8.1883e+03	2.160e-19	2.1544e+02	2.1729e+02	6.1345e-11	7.9080e-02	9.2092e-01	7.6990e-02	8.3051e-01	9.2498e-02	5.3832e-13	1.6586e-02	6.1406e-01	3.6869e-01	6.6567e-04	8.8780e-02	8.3989e-01	7.1118e-02	2.1128e-04	6.5847e-07	1.1755e-36	1.8407e-20	0.00e+00	0.00e+00	1.2660e-01
1.75208e+15	8.0385e+03	2.079e-19	2.1544e+02	2.1777e+02	6.2492e-11	7.6004e-02	9.2400e-01	7.7605e-02	8.3074e-01	9.1658e-02	4.9375e-13	1.6312e-02	6.1576e-01	3.6723e-01	6.8677e-04	8.5000e-02	8.3878e-01	7.5991e-02	2.3073e-04	7.1097e-07	1.1755e-36	1.5979e-20	0.00e+00	0.00e+00	2.4567e-01
3.07625e+15	7.9170e+03	2.018e-19	2.1544e+02	2.1814e+02	6.5667e-11	7.4749e-02	9.2525e-01	7.8654e-02	8.3082e-01	9.0526e-02	4.7802e-13	1.6300e-02	6.1879e-01	3.6422e-01	6.8808e-04	8.3478e-02	8.3805e-01	7.8232e-02	2.3628e-04	7.2410e-07	1.1755e-36	1.5005e-20	0.00e+00	0.00e+00	3.9790e-01
4.79767e+15	7.8226e+03	1.971e-19	2.1544e+02	2.1806e+02	7.0905e-11	7.4965e-02	9.2504e-01	7.9916e-02	8.3086e-01	8.9222e-02	4.8309e-13	1.6497e-02	6.2238e-01	3.6044e-01	6.7293e-04	8.3753e-02	8.3752e-01	7.8495e-02	2.2989e-04	7.0610e-07	1.1755e-36	1.5018e-20	0.00e+00	0.00e+00	5.9637e-01
7.03551e+15	7.7623e+03	1.938e-19	2.1544e+02	2.1764e+02	7.9043e-11	7.7068e-02	9.2293e-01	8.1552e-02	8.3086e-01	8.7592e-02	5.1619e-13	1.6973e-02	6.2692e-01	3.5547e-01	6.3758e-04	8.6324e-02	8.3714e-01	7.6325e-02	2.0982e-04	6.5253e-07	1.1755e-36	1.6330e-20	0.00e+00	0.00e+00	8.6162e-01
9.72406e+15	7.7337e+03	1.922e-19	2.1544e+02	2.1679e+02	9.0921e-11	8.1185e-02	9.1881e-01	8.3456e-02	8.3069e-01	8.5851e-02	5.8215e-13	1.7717e-02	6.3207e-01	3.4963e-01	5.8677e-04	9.1335e-02	8.3649e-01	7.1998e-02	1.8031e-04	5.7439e-07	1.1755e-36	1.9259e-20	0.00e+00	0.00e+00	1.1761e+00
1.24992e+16	7.7593e+03	1.922e-19	2.1544e+02	2.1527e+02	1.0477e-10	8.7113e-02	9.1289e-01	8.5347e-02	8.3021e-01	8.4445e-02	6.8255e-13	1.8648e-02	6.3690e-01	3.4392e-01	5.2991e-04	9.8538e-02	8.3524e-01	6.6070e-02	1.4798e-04	4.8867e-07	1.1755e-36	2.4164e-20	0.00e+00	0.00e+00	1.4965e+00
1.54484e+16	7.8262e+03	1.941e-19	2.1544e+02	2.1333e+02	1.2541e-10	9.6333e-02	9.0367e-01	8.8009e-02	8.2947e-01	8.2519e-02	8.5912e-13	1.9987e-02	6.4358e-01	3.3597e-01	4.5859e-04	1.0972e-01	8.3218e-01	5.7995e-02	1.1219e-04	3.9034e-07	1.1755e-36	3.3677e-20	0.00e+00	0.00e+00	1.9153e+00
1.89069e+16	7.9388e+03	1.973e-19	2.1544e+02	2.1012e+02	1.5736e-10	1.1018e-01	8.8982e-01	9.1628e-02	8.2803e-01	8.0344e-02	1.1662e-12	2.1764e-02	6.5186e-01	3.2600e-01	3.7846e-04	1.2641e-01	8.2515e-01	4.8364e-02	7.7467e-05	2.9079e-07	1.1755e-36	5.2529e-20	0.00e+00	0.00e+00	2.4731e+00
2.28646e+16	8.0995e+03	2.016e-19	2.1544e+02	2.0551e+02	2.0938e-10	1.3090e-01	8.6910e-01	9.6434e-02	8.2559e-01	7.7978e-02	1.7285e-12	2.4040e-02	6.6252e-01	3.1315e-01	2.9501e-04	1.5115e-01	8.1095e-01	3.7855e-02	4.7931e-05	1.9951e-07	1.1755e-36	9.3494e-20	0.00e+00	0.00e+00	3.2201e+00
2.70584e+16	8.2883e+03	2.060e-19	2.1544e+02	1.9909e+02	2.9392e-10	1.5975e-01	8.4025e-01	1.0245e-01	8.2181e-01	7.5745e-02	2.7298e-12	2.6578e-02	6.7517e-01	2.9804e-01	2.2007e-04	1.8515e-01	7.8678e-01	2.8047e-02	2.7233e-05	1.2848e-07	1.1755e-36	1.8343e-19	0.00e+00	0.00e+00	4.1315e+00
3.08918e+16	8.4654e+03	2.085e-19	2.1544e+02	1.9156e+02	4.1511e-10	1.9365e-01	8.0635e-01	1.0904e-01	8.1700e-01	7.3959e-02	4.2616e-12	2.8825e-02	6.8807e-01	2.8294e-01	1.6456e-04	2.2444e-01	7.5491e-01	2.0638e-02	1.5577e-05	1.1755e-36	1.1755e-36	3.5555e-19	0.00e+00	0.00e+00	5.0466e+00
3.40786e+16	8.5920e+03	2.082e-19	2.1544e+02	1.8422e+02	5.6817e-10	2.2737e-01	7.7263e-01	1.1582e-01	8.1181e-01	7.2376e-02	6.2273e-12	3.0520e-02	7.0056e-01	2.6880e-01	1.2746e-04	2.6288e-01	7.2142e-01	1.5693e-02	9.6003e-06	1.1755e-36	1.1755e-36	6.2559e-19	0.00e+00	0.00e+00	5.9436e+00
3.69537e+16	8.6760e+03	2.051e-19	2.1544e+02	1.7674e+02	7.6584e-10	2.6128e-01	7.3872e-01	1.2308e-01	8.0606e-01	7.0862e-02	8.7189e-12	3.1800e-02	7.1326e-01	2.5484e-01	1.0061e-04	3.0094e-01	6.8690e-01	1.2150e-02	6.1827e-06	1.1755e-36	1.1755e-36	1.0327e-18	0.00e+00	0.00e+00	6.9567e+00
3.97248e+16	8.7493e+03	1.999e-19	2.1544e+02	1.6891e+02	1.0174e-09	2.9657e-01	7.0343e-01	1.3106e-01	7.9958e-01	6.9362e-02	1.1923e-11	3.2720e-02	7.2607e-01	2.4113e-01	8.0104e-05	3.3988e-01	6.5066e-01	9.4567e-03	4.0637e-06	1.1755e-36	1.1755e-36	1.6502e-18	0.00e+00	0.00e+00	8.0428e+00
4.22321e+16	8.7742e+03	1.938e-19	2.1544e+02	1.6136e+02	1.3443e-09	3.3106e-01	6.6894e-01	1.3926e-01	7.9274e-01	6.8000e-02	1.5786e-11	3.3287e-02	7.3846e-01	2.2818e-01	6.5037e-05	3.7734e-01	6.1515e-01	7.5023e-03	2.7855e-06	1.1755e-36	1.1755e-36	2.5144e-18	0.00e+00	0.00e+00	9.0889e+00
4.43867e+16	8.7934e+03	1.872e-19	2.1544e+02	1.5463e+02	1.6937e-09	3.6153e-01	6.3847e-01	1.4695e-01	7.8617e-01	6.6877e-02	1.9881e-11	3.3523e-02	7.4937e-01	2.1705e-01	5.4471e-05	4.0994e-01	5.8391e-01	6.1424e-03	2.0270e-06	1.1755e-36	1.1755e-36	3.5606e-18	0.00e+00	0.00e+00	1.0066e+01
4.62926e+16	8.8005e+03	1.806e-19	2.1544e+02	1.4860e+02	2.0717e-09	3.8877e-01	6.1123e-01	1.5437e-01	7.7979e-01	6.5840e-02	2.4186e-11	3.3564e-02	7.5926e-01	2.0712e-01	4.6615e-05	4.3869e-01	5.5616e-01	5.1469e-03	1.5399e-06	1.1755e-36	1.1755e-36	4.7879e-18	0.00e+00	0.00e+00	1.1031e+01
4.81051e+16	8.7995e+03	1.739e-19	2.1544e+02	1.4286e+02	2.5008e-09	4.1468e-01	5.8532e-01	1.6197e-01	7.7322e-01	6.4817e-02	2.8939e-11	3.3465e-02	7.6880e-01	1.9769e-01	4.0241e-05	4.6572e-01	5.2993e-01	4.3516e-03	1.1928e-06	1.1755e-36	1.1755e-36	6.2815e-18	0.00e+00	0.00e+00	1.2047e+01
4.98999e+16	8.7887e+03	1.669e-19	2.1544e+02	1.3723e+02	3.0117e-09	4.4040e-01	5.5960e-01	1.7003e-01	7.6621e-01	6.3760e-02	3.4404e-11	3.3256e-02	7.7833e-01	1.8838e-01	3.4811e-05	4.9223e-01	5.0408e-01	3.6842e-03	9.3094e-07	1.1755e-36	1.1755e-36	8.1672e-18	0.00e+00	0.00e+00	1.3119e+01
5.16677e+16	8.7774e+03	1.598e-19	2.1544e+02	1.3170e+02	3.5881e-09	4.6522e-01	5.3478e-01	1.7831e-01	7.5893e-01	6.2755e-02	4.0459e-11	3.2917e-02	7.8756e-01	1.7950e-01	3.0262e-05	5.1753e-01	4.7934e-01	3.1313e-03	7.3479e-07	1.1755e-36	1.1755e-36	1.0453e-17	0.00e+00	0.00e+00	1.4224e+01
5.33729e+16	8.7590e+03	1.529e-19	2.1544e+02	1.2664e+02	4.2442e-09	4.8902e-01	5.1098e-01	1.8696e-01	7.5136e-01	6.1679e-02	4.7211e-11	3.2545e-02	7.9652e-01	1.7091e-01	2.6438e-05	5.4152e-01	4.5580e-01	2.6754e-03	5.8751e-07	1.1755e-36	1.1755e-36	1.3231e-17	0.00e+00	0.00e+00	1.5331e+01
5.50372e+16	8.7391e+03	1.461e-19	2.1544e+02	1.2165e+02	4.9573e-09	5.1111e-01	4.8889e-01	1.9560e-01	7.4372e-01	6.0676e-02	5.4298e-11	3.2062e-02	8.0501e-01	1.6291e-01	2.3250e-05	5.6357e-01	4.3413e-01	2.3019e-03	4.7671e-07	1.1755e-36	1.1755e-36	1.6373e-17	0.00e+00	0.00e+00	1.6488e+01
5.66808e+16	8.7170e+03	1.394e-19	2.1544e+02	1.1689e+02	5.7479e-09	5.3219e-01	4.6781e-01	2.0448e-01	7.3586e-01	5.9658e-02	6.1996e-11	3.1532e-02	8.1320e-01	1.5525e-01	2.0520e-05	5.8441e-01	4.1361e-01	1.9875e-03	3.9051e-07	1.1755e-36	1.1755e-36	2.0043e-17	0.00e+00	0.00e+00	1.7663e+01
5.79932e+16	8.7102e+03	1.342e-19	2.1544e+02	1.1314e+02	6.3733e-09	5.4771e-01	4.5229e-01	2.1102e-01	7.2993e-01	5.9050e-02	6.8134e-11	3.1011e-02	8.1909e-01	1.4988e-01	1.8720e-05	5.9962e-01	3.9860e-01	1.7781e-03	3.3687e-07	1.1755e-36	1.1755e-36	2.3168e-17	0.00e+00	0.00e+00	1.8409e+01
5.89073e+16	8.6830e+03	1.308e-19	2.1544e+02	1.1088e+02	6.9185e-09	5.5832e-01	4.4168e-01	2.1654e-01	7.2512e-01	5.8341e-02	7.2988e-11	3.0745e-02	8.2354e-01	1.4569e-01	1.7502e-05	6.0997e-01	3.8838e-01	1.6473e-03	3.0466e-07	1.1755e-36	1.1755e-36	2.5706e-17	0.00e+00	0.00e+00	1.9037e+01
5.98127e+16	8.6568e+03	1.273e-19	2.1544e+02	1.0866e+02	7.4968e-09	5.6873e-01	4.3127e-01	2.2246e-01	7.2000e-01	5.7540e-02	7.8162e-11	3.0485e-02	8.2811e-01	1.4139e-01	1.6328e-05	6.2008e-01	3.7839e-01	1.5236e-03	2.7541e-07	1.1755e-36	1.1755e-36	2.8489e-17	0.00e+00	0.00e+00	1.9799e+01
6.08981e+16	8.6348e+03	1.230e-19	2.1544e+02	1.0582e+02	8.1836e-09	5.8065e-01	4.1935e-01	2.2929e-01	7.1403e-01	5.6678e-02	8.4312e-11	3.0081e-02	8.3334e-01	1.3657e-01	1.5059e-05	6.3160e-01	3.6701e-01	1.3876e-03	2.4466e-07	1.1755e-36	1.1755e-36	3.1911e-17	0.00e+00	0.00e+00	2.0736e+01
6.21149e+16	8.6075e+03	1.184e-19	2.1544e+02	1.0281e+02	9.0363e-09	5.9400e-01	4.0600e-01	2.3699e-01	7.0727e-01	5.5744e-02	9.1875e-11	2.9634e-02	8.3893e-01	1.3142e-01	1.3773e-05	6.4443e-01	3.5432e-01	1.2505e-03	2.1487e-07	1.1755e-36	1.1755e-36	3.6350e-17	0.00e+00	0.00e+00	2.1744e+01
6.33197e+16	8.5804e+03	1.141e-19	2.1544e+02	9.9889e+01	9.9376e-09	6.0673e-01	3.9327e-01	2.4456e-01	7.0057e-01	5.4873e-02	9.9708e-11	2.9163e-02	8.4423e-01	1.2660e-01	1.2637e-05	6.5658e-01	3.4229e-01	1.1299e-03	1.8980e-07	1.1755e-36	1.1755e-36	4.1162e-17	0.00e+00	0.00e+00	2.2703e+01
6.44637e+16	8.5530e+03	1.100e-19	2.1544e+02	9.7215e+01	1.0851e-08	6.1829e-01	3.8171e-01	2.5199e-01	6.9400e-01	5.4011e-02	1.0750e-10	2.8716e-02	8.4915e-01	1.2212e-01	1.1651e-05	6.6756e-01	3.3141e-01	1.0274e-03	1.6936e-07	1.1755e-36	1.1755e-36	4.6123e-17	0.00e+00	0.00e+00	2.3650e+01
6.56181e+16	8.5180e+03	1.060e-19	2.1544e+02	9.4561e+01	1.1883e-08	6.2957e-01	3.7043e-01	2.5972e-01	6.8719e-01	5.3096e-02	1.1582e-10	2.8261e-02	8.5404e-01	1.1769e-01	1.0735e-05	6.7823e-01	3.2083e-01	9.3413e-04	1.5142e-07	1.1755e-36	1.1755e-36	5.1611e-17	0.00e+00	0.00e+00	2.4663e+01
6.68404e+16	8.4847e+03	1.019e-19	2.1544e+02	9.1907e+01	1.3041e-08	6.4140e-01	3.5860e-01	2.6823e-01	6.7967e-01	5.2095e-02	1.2543e-10	2.7790e-02	8.5912e-01	1.1308e-01	9.8389e-06	6.8936e-01	3.0980e-01	8.4346e-04	1.3465e-07	1.1755e-36	1.1755e-36	5.8240e-17	0.00e+00	0.00e+00	2.5763e+01
6.81037e+16	8.4505e+03	9.778e-20	2.1544e+02	8.9193e+01	1.4317e-08	6.5314e-01	3.4686e-01	2.7692e-01	6.7196e-01	5.1112e-02	1.3579e-10	2.7279e-02	8.6412e-01	1.0859e-01	9.0102e-06	7.0035e-01	2.9889e-01	7.6007e-04	1.1755e-36	1.1755e-36	1.1755e-36	6.5703e-17	0.00e+00	0.00e+00	2.6888e+01
6.93679e+16	8.4146e+03	9.381e-20	2.1544e+02	8.6566e+01	1.5695e-08	6.6443e-01	3.3557e-01	2.8577e-01	6.6411e-01	5.0119e-02	1.4675e-10	2.6767e-02	8.6896e-01	1.0427e-01	8.2588e-06	7.1086e-01	2.8846e-01	6.8559e-04	1.1755e-36	1.1755e-36	1.1755e-36	7.3920e-17	0.00e+00	0.00e+00	2.8029e+01
7.06435e+16	8.3774e+03	8.994e-20	2.1544e+02	8.4014e+01	1.7188e-08	6.7539e-01	3.2461e-01	2.9490e-01	6.5600e-01	4.9098e-02	1.5848e-10	2.6255e-02	8.7370e-01	1.0004e-01	7.5687e-06	7.2101e-01	2.7837e-01	6.1826e-04	1.1755e-36	1.1755e-36	1.1755e-36	8.3067e-17	0.00e+00	0.00e+00	2.9213e+01
7.19541e+16	8.3288e+03	8.611e-20	2.1544e+02	8.1426e+01	1.8957e-08	6.8631e-01	3.1369e-01	3.0441e-01	6.4755e-01	4.8033e-02	1.7139e-10	2.5725e-02	8.7840e-01	9.5869e-02	6.9263e-06	7.3108e-01	2.6836e-01	5.5657e-04	1.1755e-36	1.1755e-36	1.1755e-36	9.3587e-17	0.00e+00	0.00e+00	3.0457e+01
7.33003e+16	8.2966e+03	8.230e-20	2.1544e+02	7.8887e+01	2.0673e-08	6.9687e-01	3.0313e-01	3.1408e-01	6.3891e-01	4.7006e-02	1.8495e-10	2.5170e-02	8.8299e-01	9.1834e-02	6.3343e-06	7.4077e-01	2.5873e-01	4.9996e-04	1.1755e-36	1.1755e-36	1.1755e-36	1.0504e-16	0.00e+00	0.00e+00	3.1746e+01
7.46840e+16	8.2442e+03	7.857e-20	2.1544e+02	7.6352e+01	2.2855e-08	7.0768e-01	2.9232e-01	3.2448e-01	6.2963e-01	4.5883e-02	2.0061e-10	2.4618e-02	8.8762e-01	8.7758e-02	5.7772e-06	7.5065e-01	2.4890e-01	4.4770e-04	1.1755e-36	1.1755e-36	1.1755e-36	1.1894e-16	0.00e+00	0.00e+00	3.3101e+01
7.60861e+16	8.1942e+03	7.498e-20	2.1544e+02	7.3934e+01	2.5217e-08	7.1834e-01	2.8166e-01	3.3523e-01	6.2005e-01	4.4729e-02	2.1789e-10	2.4076e-02	8.9212e-01	8.3794e-02	5.2676e-06	7.6034e-01	2.3926e-01	4.0033e-04	1.1755e-36	1.1755e-36	1.1755e-36	1.3506e-16	0.00e+00	0.00e+00	3.4466e+01
7.74722e+16	8.1468e+03	7.156e-20	2.1544e+02	7.1585e+01	2.7663e-08	7.2815e-01	2.7185e-01	3.4571e-01	6.1065e-01	4.3640e-02	2.3541e-10	2.3530e-02	8.9635e-01	8.0117e-02	4.8193e-06	7.6922e-01	2.3042e-01	3.5932e-04	1.1755e-36	1.1755e-36	1.1755e-36	1.5205e-16	0.00e+00	0.00e+00	3.5829e+01
7.88791e+16	8.0953e+03	6.823e-20	2.1544e+02	6.9296e+01	3.0395e-08	7.3770e-01	2.6230e-01	3.5664e-01	6.0086e-01	4.2506e-02	2.5456e-10	2.2990e-02	9.0050e-01	7.6507e-02	4.4055e-06	7.7784e-01	2.2184e-01	3.2220e-04	1.1755e-36	1.1755e-36	1.1755e-36	1.7140e-16	0.00e+00	0.00e+00	3.7272e+01
8.03527e+16	8.0384e+03	6.491e-20	2.1544e+02	6.6944e+01	3.3569e-08	7.4738e-01	2.5262e-01	3.6801e-01	5.9064e-01	4.1350e-02	2.7613e-10	2.2422e-02	9.0464e-01	7.2935e-02	4.0172e-06	7.8653e-01	2.1318e-01	2.8769e-04	1.1755e-36	1.1755e-36	1.1755e-36	1.9435e-16	0.00e+00	0.00e+00	3.8806e+01
8.18717e+16	7.9797e+03	6.165e-20	2.1544e+02	6.4641e+01	3.7168e-08	7.5721e-01	2.4279e-01	3.7999e-01	5.7986e-01	4.0158e-02	3.0083e-10	2.1850e-02	9.0874e-01	6.9403e-02	3.6562e-06	7.9532e-01	2.0443e-01	2.5577e-04	1.1755e-36	1.1755e-36	1.1755e-36	2.2209e-16	0.00e+00	0.00e+00	4.0381e+01
8.33800e+16	7.9224e+03	5.858e-20	2.1544e+02	6.2411e+01	4.0985e-08	7.6633e-01	2.3367e-01	3.9165e-01	5.6931e-01	3.9035e-02	3.2645e-10	2.1280e-02	9.1258e-01	6.6136e-02	3.3398e-06	8.0344e-01	1.9633e-01	2.2820e-04	1.1755e-36	1.1755e-36	1.1755e-36	2.5229e-16	0.00e+00	0.00e+00	4.1932e+01
8.48826e+16	7.8635e+03	5.568e-20	2.1544e+02	6.0304e+01	4.5123e-08	7.7491e-01	2.2509e-01	4.0349e-01	5.5862e-01	3.7890e-02	3.5390e-10	2.0735e-02	9.1625e-01	6.3016e-02	3.0558e-06	8.1105e-01	1.8875e-01	2.0405e-04	1.1755e-36	1.1755e-36	1.1755e-36	2.8611e-16	0.00e+00	0.00e+00	4.3531e+01
8.64420e+16	7.7983e+03	5.281e-20	2.1544e+02	5.8181e+01	4.9965e-08	7.8355e-01	2.1645e-01	4.1589e-01	5.4740e-01	3.6709e-02	3.8532e-10	2.0179e-02	9.1990e-01	5.9923e-02	2.7904e-06	8.1869e-01	1.8113e-01	1.8172e-04	1.1755e-36	1.1755e-36	1.1755e-36	3.2707e-16	0.00e+00	0.00e+00	4.5238e+01
8.80594e+16	7.7259e+03	5.001e-20	2.1544e+02	5.6063e+01	5.5699e-08	7.9240e-01	2.0760e-01	4.2882e-01	5.3568e-01	3.5503e-02	4.2195e-10	1.9611e-02	9.2350e-01	5.6887e-02	2.5446e-06	8.2649e-01	1.7335e-01	1.6112e-04	1.1755e-36	1.1755e-36	1.1755e-36	3.7808e-16	0.00e+00	0.00e+00	4.6999e+01
8.96675e+16	7.6600e+03	4.737e-20	2.1544e+02	5.4009e+01	6.1647e-08	8.0053e-01	1.9947e-01	4.4124e-01	5.2436e-01	3.4398e-02	4.5988e-10	1.9044e-02	9.2685e-01	5.4107e-02	2.3307e-06	8.3362e-01	1.6624e-01	1.4340e-04	1.1755e-36	1.1755e-36	1.1755e-36	4.3378e-16	0.00e+00	0.00e+00	4.8722e+01
9.12674e+16	7.5918e+03	4.490e-20	2.1544e+02	5.2101e+01	6.8196e-08	8.0819e-01	1.9181e-01	4.5396e-01	5.1279e-01	3.3253e-02	5.0158e-10	1.8514e-02	9.3004e-01	5.1441e-02	2.1387e-06	8.4031e-01	1.5956e-01	1.2790e-04	1.1755e-36	1.1755e-36	1.1755e-36	4.9822e-16	0.00e+00	0.00e+00	5.0500e+01
9.29182e+16	7.5143e+03	4.249e-20	2.1544e+02	5.0188e+01	7.6037e-08	8.1585e-01	1.8415e-01	4.6704e-01	5.0088e-01	3.2083e-02	5.4994e-10	1.7980e-02	9.3318e-01	4.8841e-02	1.9620e-06	8.4699e-01	1.5289e-01	1.1378e-04	1.1755e-36	1.1755e-36	1.1755e-36	5.7842e-16	0.00e+00	0.00e+00	5.2370e+01
9.45769e+16	7.4341e+03	4.023e-20	2.1544e+02	4.8344e+01	8.4922e-08	8.2335e-01	1.7665e-01	4.8004e-01	4.8900e-01	3.0960e-02	6.0438e-10	1.7451e-02	9.3615e-01	4.6401e-02	1.8050e-06	8.5351e-01	1.4639e-01	1.0127e-04	1.1755e-36	1.1755e-36	1.1755e-36	6.7545e-16	0.00e+00	0.00e+00	5.4199e+01
9.61740e+16	7.3644e+03	3.817e-20	2.1544e+02	4.6649e+01	9.3696e-08	8.2984e-01	1.7016e-01	4.9222e-01	4.7785e-01	2.9925e-02	6.5878e-10	1.6958e-02	9.3882e-01	4.4221e-02	1.6719e-06	8.5913e-01	1.4078e-01	9.0897e-05	1.1755e-36	1.1755e-36	1.1755e-36	7.7726e-16	0.00e+00	0.00e+00	5.5961e+01
9.77880e+16	7.2789e+03	3.621e-20	2.1544e+02	4.5016e+01	1.0454e-07	8.3619e-01	1.6381e-01	5.0505e-01	4.6612e-01	2.8823e-02	7.2299e-10	1.6484e-02	9.4144e-01	4.2073e-02	1.5491e-06	8.6462e-01	1.3529e-01	8.1577e-05	1.1755e-36	1.1755e-36	1.1755e-36	9.0624e-16	0.00e+00	0.00e+00	5.7857e+01
9.94253e+16	7.1953e+03	3.435e-20	2.1544e+02	4.3434e+01	1.1672e-07	8.4264e-01	1.5736e-01	5.1766e-01	4.5457e-01	2.7768e-02	7.9700e-10	1.6014e-02	9.4393e-01	4.0059e-02	1.4391e-06	8.7018e-01	1.2975e-01	7.3101e-05	1.1755e-36	1.1755e-36	1.1755e-36	1.0673e-15	0.00e+00	0.00e+00	5.9700e+01
1.00999e+17	7.1159e+03	3.266e-20	2.1544e+02	4.1973e+01	1.2939e-07	8.4826e-01	1.5174e-01	5.2955e-01	4.4366e-01	2.6791e-02	8.7333e-10	1.5575e-02	9.4617e-01	3.8251e-02	1.3454e-06	8.7501e-01	1.2492e-01	6.6047e-05	1.1755e-36	1.1755e-36	1.1755e-36	1.2438e-15	0.00e+00	0.00e+00	6.1477e+01
1.02555e+17	7.0332e+03	3.109e-20	2.1544e+02	4.0610e+01	1.4367e-07	8.5355e-01	1.4645e-01	5.4149e-01	4.3271e-01	2.5803e-02	9.5919e-10	1.5166e-02	9.4830e-01	3.6535e-02	1.2612e-06	8.7954e-01	1.2039e-01	5.9842e-05	1.1755e-36	1.1755e-36	1.1755e-36	1.4560e-15	0.00e+00	0.00e+00	6.3302e+01
1.04132e+17	6.9597e+03	2.957e-20	2.1544e+02	3.9235e+01	1.5838e-07	8.5851e-01	1.4149e-01	5.5280e-01	4.2228e-01	2.4916e-02	1.0498e-09	1.4742e-02	9.5031e-01	3.4950e-02	1.1859e-06	8.8379e-01	1.1616e-01	5.4280e-05	1.1755e-36	1.1755e-36	1.1755e-36	1.6936e-15	0.00e+00	0.00e+00	6.5150e+01
1.05775e+17	6.8646e+03	2.809e-20	2.1544e+02	3.7913e+01	1.7826e-07	8.6390e-01	1.3610e-01	5.6523e-01	4.1087e-01	2.3900e-02	1.1705e-09	1.4340e-02	9.5233e-01	3.3328e-02	1.1137e-06	8.8839e-01	1.1156e-01	4.8982e-05	1.1755e-36	1.1755e-36	1.1755e-36	2.0416e-15	0.00e+00	0.00e+00	6.7152e+01
1.07391e+17	6.7841e+03	2.672e-20	2.1544e+02	3.6573e+01	1.9800e-07	8.6872e-01	1.3128e-01	5.7598e-01	4.0091e-01	2.3108e-02	1.2916e-09	1.3915e-02	9.5414e-01	3.1944e-02	1.0531e-06	8.9250e-01	1.0745e-01	4.4463e-05	1.1755e-36	1.1755e-36	1.1755e-36	2.4198e-15	0.00e+00	0.00e+00	6.8958e+01
1.08921e+17	6.6937e+03	2.552e-20	2.1544e+02	3.5493e+01	2.2119e-07	8.7311e-01	1.2689e-01	5.8732e-01	3.9050e-01	2.2186e-02	1.4350e-09	1.3584e-02	9.5581e-01	3.0608e-02	9.9947e-07	8.9624e-01	1.0372e-01	4.0650e-05	1.1755e-36	1.1755e-36	1.1755e-36	2.9003e-15	0.00e+00	0.00e+00	7.0777e+01
1.10418e+17	6.6071e+03	2.440e-20	2.1544e+02	3.4406e+01	2.4601e-07	8.7706e-01	1.2294e-01	5.9758e-01	3.8103e-01	2.1397e-02	1.5870e-09	1.3241e-02	9.5733e-01	2.9428e-02	9.5327e-07	8.9960e-01	1.0037e-01	3.7360e-05	1.1755e-36	1.1755e-36	1.1755e-36	3.4530e-15	0.00e+00	0.00e+00	7.2521e+01
1.11873e+17	6.5224e+03	2.338e-20	2.1544e+02	3.3427e+01	2.7306e-07	8.8073e-01	1.1927e-01	6.0765e-01	3.7174e-01	2.0614e-02	1.7568e-09	1.2933e-02	9.5874e-01	2.8325e-02	9.1213e-07	9.0271e-01	9.7253e-02	3.4472e-05	1.1755e-36	1.1755e-36	1.1755e-36	4.1160e-15	0.00e+00	0.00e+00	7.4256e+01
1.13329e+17	6.4371e+03	2.240e-20	2.1544e+02	3.2471e+01	3.0353e-07	8.8426e-01	1.1574e-01	6.1745e-01	3.6269e-01	1.9865e-02	1.9506e-09	1.2629e-02	9.6008e-01	2.7290e-02	8.7481e-07	9.0571e-01	9.4256e-02	3.1853e-05	1.1755e-36	1.1755e-36	1.1755e-36	4.9354e-15	0.00e+00	0.00e+00	7.6015e+01
1.14788e+17	6.3521e+03	2.148e-20	2.1544e+02	3.1544e+01	3.3772e-07	8.8772e-01	1.1228e-01	6.2695e-01	3.5390e-01	1.9150e-02	2.1727e-09	1.2331e-02	9.6135e-01	2.6319e-02	8.4094e-07	9.0863e-01	9.1336e-02	2.9462e-05	1.1755e-36	1.1755e-36	1.1755e-36	5.9551e-15	0.00e+00	0.00e+00	7.7774e+01
1.16236e+17	6.2675e+03	2.061e-20	2.1544e+02	3.0660e+01	3.7585e-07	8.9100e-01	1.0900e-01	6.3615e-01	3.4539e-01	1.8465e-02	2.4252e-09	1.2046e-02	9.6254e-01	2.5415e-02	8.1050e-07	9.1141e-01	8.8565e-02	2.7318e-05	1.1755e-36	1.1755e-36	1.1755e-36	7.2138e-15	0.00e+00	0.00e+00	7.9518e+01
1.17664e+17	6.1757e+03	1.979e-20	2.1544e+02	2.9804e+01	4.2127e-07	8.9411e-01	1.0589e-01	6.4504e-01	3.3715e-01	1.7805e-02	2.7240e-09	1.1770e-02	9.6365e-01	2.4577e-02	7.8337e-07	9.1404e-01	8.5938e-02	2.5413e-05	1.1755e-36	1.1755e-36	1.1755e-36	8.8539e-15	0.00e+00	0.00e+00	8.1243e+01
1.19031e+17	6.1003e+03	1.906e-20	2.1544e+02	2.9047e+01	4.6464e-07	8.9686e-01	1.0314e-01	6.5320e-01	3.2959e-01	1.7210e-02	3.0266e-09	1.1521e-02	9.6465e-01	2.3829e-02	7.5976e-07	9.1636e-01	8.3620e-02	2.3766e-05	1.1755e-36	1.1755e-36	1.1755e-36	1.0628e-14	0.00e+00	0.00e+00	8.2848e+01
1.20394e+17	6.0145e+03	1.836e-20	2.1544e+02	2.8318e+01	5.1787e-07	8.9945e-01	1.0055e-01	6.6155e-01	3.2186e-01	1.6589e-02	3.3957e-09	1.1285e-02	9.6562e-01	2.3098e-02	7.3782e-07	9.1854e-01	8.1434e-02	2.2275e-05	1.1755e-36	1.1755e-36	1.1755e-36	1.2987e-14	0.00e+00	0.00e+00	8.4573e+01
1.21784e+17	5.9314e+03	1.768e-20	2.1544e+02	2.7580e+01	5.7739e-07	9.0214e-01	9.7857e-02	6.6947e-01	3.1450e-01	1.6021e-02	3.8230e-09	1.1042e-02	9.6654e-01	2.2420e-02	7.1767e-07	9.2081e-01	7.9169e-02	2.0853e-05	1.1755e-36	1.1755e-36	1.1755e-36	1.5986e-14	0.00e+00	0.00e+00	8.6255e+01
1.23134e+17	5.8493e+03	1.706e-20	2.1544e+02	2.6901e+01	6.4313e-07	9.0460e-01	9.5404e-02	6.7709e-01	3.0744e-01	1.5474e-02	4.3051e-09	1.0819e-02	9.6739e-01	2.1795e-02	6.9976e-07	9.2288e-01	7.7105e-02	1.9604e-05	1.1755e-36	1.1755e-36	1.1755e-36	1.9675e-14	0.00e+00	0.00e+00	8.7892e+01
1.24450e+17	5.7682e+03	1.649e-20	2.1544e+02	2.6270e+01	7.1597e-07	9.0686e-01	9.3144e-02	6.8439e-01	3.0066e-01	1.4949e-02	4.8507e-09	1.0611e-02	9.6817e-01	2.1217e-02	6.8372e-07	9.2478e-01	7.5203e-02	1.8496e-05	1.1755e-36	1.1755e-36	1.1755e-36	2.4233e-14	0.00e+00	0.00e+00	8.9497e+01
1.25740e+17	5.6880e+03	1.595e-20	2.1544e+02	2.5673e+01	7.9695e-07	9.0898e-01	9.1019e-02	6.9140e-01	2.9415e-01	1.4448e-02	5.4717e-09	1.0415e-02	9.6890e-01	2.0680e-02	6.6927e-07	9.2657e-01	7.3416e-02	1.7497e-05	1.1755e-36	1.1755e-36	1.1755e-36	2.9903e-14	0.00e+00	0.00e+00	9.1078e+01
1.27009e+17	5.6002e+03	1.544e-20	2.1544e+02	2.5098e+01	8.9606e-07	9.1107e-01	8.8929e-02	6.9825e-01	2.8779e-01	1.3954e-02	6.2369e-09	1.0228e-02	9.6959e-01	2.0181e-02	6.5626e-07	9.2833e-01	7.1657e-02	1.6586e-05	1.1755e-36	1.1755e-36	1.1755e-36	3.7665e-14	0.00e+00	0.00e+00	9.2638e+01
1.28208e+17	5.5364e+03	1.499e-20	2.1544e+02	2.4574e+01	9.7960e-07	9.1274e-01	8.7263e-02	7.0403e-01	2.8241e-01	1.3560e-02	6.9209e-09	1.0050e-02	9.7020e-01	1.9751e-02	6.4502e-07	9.2972e-01	7.0259e-02	1.5815e-05	1.1755e-36	1.1755e-36	1.1755e-36	4.5063e-14	0.00e+00	0.00e+00	9.4051e+01
1.29444e+17	5.4470e+03	1.454e-20	2.1544e+02	2.4079e+01	1.1066e-06	9.1461e-01	8.5384e-02	7.1090e-01	2.7605e-01	1.3056e-02	7.9527e-09	9.8932e-03	9.7082e-01	1.9285e-02	6.3377e-07	9.3131e-01	6.8677e-02	1.5048e-05	1.1755e-36	1.1755e-36	1.1755e-36	5.7480e-14	0.00e+00	0.00e+00	9.5712e+01
1.30693e+17	5.3785e+03	1.410e-20	2.1544e+02	2.3552e+01	1.2229e-06	9.1650e-01	8.3500e-02	7.1647e-01	2.7084e-01	1.2685e-02	8.9566e-09	9.7141e-03	9.7139e-01	1.8893e-02	6.2373e-07	9.3288e-01	6.7102e-02	1.4313e-05	1.1755e-36	1.1755e-36	1.1755e-36	7.0777e-14	0.00e+00	0.00e+00	9.7162e+01
1.31885e+17	5.2966e+03	1.370e-20	2.1544e+02	2.3091e+01	1.3728e-06	9.1813e-01	8.1867e-02	7.2244e-01	2.6530e-01	1.2261e-02	1.0241e-08	9.5650e-03	9.7193e-01	1.8507e-02	6.1470e-07	9.3426e-01	6.5727e-02	1.3685e-05	1.1755e-36	1.1755e-36	1.1755e-36	8.9499e-14	0.00e+00	0.00e+00	9.8688e+01
1.33057e+17	5.2288e+03	1.333e-20	2.1544e+02	2.2646e+01	1.5168e-06	9.1968e-01	8.0316e-02	7.2767e-01	2.6042e-01	1.1906e-02	1.1537e-08	9.4160e-03	9.7242e-01	1.8166e-02	6.0655e-07	9.3556e-01	6.4428e-02	1.3105e-05	1.1755e-36	1.1755e-36	1.1755e-36	1.1014e-13	0.00e+00	0.00e+00	1.0009e+02
1.34206e+17	5.1491e+03	1.298e-20	2.1544e+02	2.2228e+01	1.7031e-06	9.2116e-01	7.8838e-02	7.3316e-01	2.5532e-01	1.1520e-02	1.3214e-08	9.2815e-03	9.7289e-01	1.7832e-02	5.9907e-07	9.3680e-01	6.3184e-02	1.2577e-05	1.1755e-36	1.1755e-36	1.1755e-36	1.3972e-13	0.00e+00	0.00e+00	1.0157e+02
1.35335e+17	5.0837e+03	1.264e-20	2.1544e+02	2.1824e+01	1.8802e-06	9.2256e-01	7.7440e-02	7.3794e-01	2.5086e-01	1.1199e-02	1.4886e-08	9.1465e-03	9.7332e-01	1.7537e-02	5.9228e-07	9.3797e-01	6.2013e-02	1.2087e-05	1.1755e-36	1.1755e-36	1.1755e-36	1.7199e-13	0.00e+00	0.00e+00	1.0292e+02
1.36446e+17	5.0059e+03	1.233e-20	2.1544e+02	2.1443e+01	2.1122e-06	9.2391e-01	7.6091e-02	7.4303e-01	2.4613e-01	1.0844e-02	1.7079e-08	9.0251e-03	9.7373e-01	1.7246e-02	5.8601e-07	9.3911e-01	6.0876e-02	1.1638e-05	1.1755e-36	1.1755e-36	1.1755e-36	2.1891e-13	0.00e+00	0.00e+00	1.0436e+02
1.37539e+17	4.9369e+03	1.203e-20	2.1544e+02	2.1065e+01	2.3481e-06	9.2523e-01	7.4772e-02	7.4749e-01	2.4196e-01	1.0545e-02	1.8945e-08	8.9018e-03	9.7419e-01	1.6911e-02	5.7961e-07	9.4022e-01	5.9770e-02	1.1218e-05	1.1755e-36	1.1755e-36	1.1755e-36	2.6228e-13	0.00e+00	0.00e+00	1.0567e+02
1.38579e+17	4.8664e+03	1.176e-20	2.1544e+02	2.0729e+01	2.6160e-06	9.2639e-01	7.3611e-02	7.5194e-01	2.3782e-01	1.0240e-02	2.0973e-08	8.7959e-03	9.7463e-01	1.6578e-02	5.7372e-07	9.4119e-01	5.8793e-02	1.0851e-05	1.1755e-36	1.1755e-36	1.1755e-36	3.1304e-13	0.00e+00	0.00e+00	1.0698e+02
1.39603e+17	4.7980e+03	1.150e-20	2.1544e+02	2.0402e+01	2.9099e-06	9.2752e-01	7.2479e-02	7.5615e-01	2.3389e-01	9.9557e-03	2.3178e-08	8.6923e-03	9.7504e-01	1.6264e-02	5.6827e-07	9.4215e-01	5.7840e-02	1.0506e-05	1.1755e-36	1.1755e-36	1.1755e-36	3.7282e-13	0.00e+00	0.00e+00	1.0825e+02
1.40611e+17	4.7305e+03	1.125e-20	2.1544e+02	2.0088e+01	3.2369e-06	9.2861e-01	7.1390e-02	7.6021e-01	2.3011e-01	9.6821e-03	2.5601e-08	8.5935e-03	9.7544e-01	1.5964e-02	5.6321e-07	9.4306e-01	5.6923e-02	1.0183e-05	1.1755e-36	1.1755e-36	1.1755e-36	4.4378e-13	0.00e+00	0.00e+00	1.0952e+02
1.41609e+17	4.6639e+03	1.102e-20	2.1544e+02	1.9782e+01	3.5999e-06	9.2967e-01	7.0326e-02	7.6412e-01	2.2646e-01	9.4208e-03	2.8259e-08	8.4978e-03	9.7582e-01	1.5678e-02	5.5849e-07	9.4396e-01	5.6028e-02	9.8784e-06	1.1755e-36	1.1755e-36	1.1755e-36	5.2800e-13	0.00e+00	0.00e+00	1.1078e+02
1.42597e+17	4.5981e+03	1.079e-20	2.1544e+02	1.9484e+01	4.0035e-06	9.3071e-01	6.9289e-02	7.6789e-01	2.2294e-01	9.1701e-03	3.1176e-08	8.4052e-03	9.7619e-01	1.5403e-02	5.5407e-07	9.4483e-01	5.5156e-02	9.5903e-06	1.1755e-36	1.1755e-36	1.1755e-36	6.2793e-13	0.00e+00	0.00e+00	1.1202e+02
1.43578e+17	4.5330e+03	1.057e-20	2.1544e+02	1.9195e+01	4.4518e-06	9.3172e-01	6.8277e-02	7.7155e-01	2.1952e-01	8.9292e-03	3.4372e-08	8.3156e-03	9.7654e-01	1.5139e-02	5.4994e-07	9.4568e-01	5.4305e-02	9.3175e-06	1.1755e-36	1.1755e-36	1.1755e-36	7.4626e-13	0.00e+00	0.00e+00	1.1326e+02
1.44551e+17	4.4685e+03	1.036e-20	2.1544e+02	1.8913e+01	4.9492e-06	9.3270e-01	6.7290e-02	7.7509e-01	2.1622e-01	8.6970e-03	3.7867e-08	8.2291e-03	9.7688e-01	1.4885e-02	5.4606e-07	9.4651e-01	5.3474e-02	9.0588e-06	1.1755e-36	1.1755e-36	1.1755e-36	8.8603e-13	0.00e+00	0.00e+00	1.1449e+02
1.45518e+17	4.4045e+03	1.015e-20	2.1544e+02	1.8638e+01	5.5011e-06	9.3367e-01	6.6324e-02	7.7852e-01	2.1300e-01	8.4730e-03	4.1683e-08	8.1453e-03	9.7721e-01	1.4640e-02	5.4242e-07	9.4733e-01	5.2661e-02	8.8130e-06	1.1755e-36	1.1755e-36	1.1755e-36	1.0509e-12	0.00e+00	0.00e+00	1.1571e+02
1.46481e+17	4.3408e+03	9.958e-21	2.1544e+02	1.8369e+01	6.1128e-06	9.3462e-01	6.5377e-02	7.8187e-01	2.0988e-01	8.2565e-03	4.5843e-08	8.0641e-03	9.7753e-01	1.4403e-02	5.3899e-07	9.4812e-01	5.1864e-02	8.5785e-06	1.1755e-36	1.1755e-36	1.1755e-36	1.2447e-12	0.00e+00	0.00e+00	1.1694e+02
1.47442e+17	4.2772e+03	9.767e-21	2.1544e+02	1.8105e+01	6.7921e-06	9.3555e-01	6.4439e-02	7.8513e-01	2.0682e-01	8.0463e-03	5.0380e-08	7.9852e-03	9.7784e-01	1.4173e-02	5.3576e-07	9.4891e-01	5.1075e-02	8.3537e-06	1.1755e-36	1.1755e-36	1.1755e-36	1.4728e-12	0.00e+00	0.00e+00	1.1816e+02
1.48403e+17	4.2140e+03	9.581e-21	2.1544e+02	1.7844e+01	7.5392e-06	9.3648e-01	6.3514e-02	7.8831e-01	2.0385e-01	7.8437e-03	5.5280e-08	7.9078e-03	9.7814e-01	1.3951e-02	5.3271e-07	9.4969e-01	5.0297e-02	8.1376e-06	1.1755e-36	1.1755e-36	1.1755e-36	1.7382e-12	0.00e+00	0.00e+00	1.1938e+02
1.49368e+17	4.1507e+03	9.398e-21	2.1544e+02	1.7584e+01	8.3658e-06	9.3740e-01	6.2589e-02	7.9142e-01	2.0093e-01	7.6464e-03	6.0593e-08	7.8316e-03	9.7843e-01	1.3733e-02	5.2981e-07	9.5047e-01	4.9519e-02	7.9278e-06	1.1755e-36	1.1755e-36	1.1755e-36	2.0477e-12	0.00e+00	0.00e+00	1.2062e+02
1.50344e+17	4.0872e+03	9.218e-21	2.1544e+02	1.7323e+01	9.2757e-06	9.3834e-01	6.1647e-02	7.9448e-01	1.9806e-01	7.4556e-03	6.6332e-08	7.7550e-03	9.7872e-01	1.3520e-02	5.2703e-07	9.5126e-01	4.8728e-02	7.7210e-06	1.1755e-36	1.1755e-36	1.1755e-36	2.4071e-12	0.00e+00	0.00e+00	1.2187e+02
1.51335e+17	4.0272e+03	9.035e-21	2.1544e+02	1.7043e+01	1.0209e-05	9.3925e-01	6.0739e-02	7.9731e-01	1.9540e-01	7.2869e-03	7.2116e-08	7.6689e-03	9.7901e-01	1.3319e-02	5.2438e-07	9.5202e-01	4.7966e-02	7.5188e-06	1.1755e-36	1.1755e-36	1.1755e-36	2.7934e-12	0.00e+00	0.00e+00	1.2315e+02
1.52382e+17	3.9624e+03	8.833e-21	2.1544e+02	1.6724e+01	1.1317e-05	9.4045e-01	5.9543e-02	8.0034e-01	1.9254e-01	7.1188e-03	7.9043e-08	7.5693e-03	9.7933e-01	1.3104e-02	5.2157e-07	9.5302e-01	4.6972e-02	7.2773e-06	1.1755e-36	1.1755e-36	1.1755e-36	3.2915e-12	0.00e+00	0.00e+00	1.2455e+02
###########################
6.91976e+12	8.2527e+03	2.212e-19	2.1544e+02	2.1898e+02	5.9730e-11	7.9903e-02	9.2010e-01	7.6847e-02	8.3040e-01	9.2749e-02	5.5456e-13	1.6752e-02	6.1365e-01	3.6893e-01	6.6231e-04	8.9784e-02	8.4031e-01	6.9702e-02	2.0801e-04	6.4540e-07	1.1755e-36	1.9392e-20	0.00e+00	0.00e+00	1.5045e-03
4.15186e+13	8.2403e+03	2.198e-19	2.1544e+02	2.1764e+02	5.9494e-11	7.9376e-02	9.2062e-01	7.6445e-02	8.3034e-01	9.3219e-02	5.4255e-13	1.6576e-02	6.1255e-01	3.7021e-01	6.6948e-04	8.9152e-02	8.4037e-01	7.0266e-02	2.1095e-04	6.5653e-07	1.1755e-36	1.8760e-20	0.00e+00	0.00e+00	7.4828e-03
1.79914e+14	8.2279e+03	2.185e-19	2.1544e+02	2.1734e+02	5.9568e-11	7.9076e-02	9.2092e-01	7.6468e-02	8.3034e-01	9.3194e-02	5.3733e-13	1.6519e-02	6.1264e-01	3.7017e-01	6.7137e-04	8.8793e-02	8.4035e-01	7.0647e-02	2.1227e-04	6.6095e-07	1.1755e-36	1.8463e-20	0.00e+00	0.00e+00	3.1305e-02
7.33495e+14	8.1883e+03	2.160e-19	2.1544e+02	2.1729e+02	6.1345e-11	7.9080e-02	9.2092e-01	7.6990e-02	8.3051e-01	9.2498e-02	5.3832e-13	1.6586e-02	6.1406e-01	3.6869e-01	6.6567e-04	8.8780e-02	8.3989e-01	7.1118e-02	2.1128e-04	6.5847e-07	1.1755e-36	1.8407e-20	0.00e+00	0.00e+00	1.2660e-01
1.75208e+15	8.0385e+03	2.079e-19	2.1544e+02	2.1777e+02	6.2492e-11	7.6004e-02	9.2400e-01	7.7605e-02	8.3074e-01	9.1658e-02	4.9375e-13	1.6312e-02	6.1576e-01	3.6723e-01	6.8677e-04	8.5000e-02	8.3878e-01	7.5991e-02	2.3073e-04	7.1097e-07	1.1755e-36	1.5978e-20	0.00e+00	0.00e+00	2.4567e-01
3.07625e+15	7.9170e+03	2.018e-19	2.1544e+02	2.1814e+02	6.5667e-11	7.4749e-02	9.2525e-01	7.8654e-02	8.3082e-01	9.0526e-02	4.7802e-13	1.6300e-02	6.1879e-01	3.6422e-01	6.8808e-04	8.3478e-02	8.3805e-01	7.8232e-02	2.3628e-04	7.2410e-07	1.1755e-36	1.5005e-20	0.00e+00	0.00e+00	3.9790e-01
4.79767e+15	7.8226e+03	1.971e-19	2.1544e+02	2.1806e+02	7.0905e-11	7.4965e-02	9.2504e-01	7.9916e-02	8.3086e-01	8.9222e-02	4.8308e-13	1.6497e-02	6.2238e-01	3.6044e-01	6.7293e-04	8.3753e-02	8.3752e-01	7.8495e-02	2.2989e-04	7.0610e-07	1.1755e-36	1.5018e-20	0.00e+00	0.00e+00	5.9637e-01
7.03551e+15	7.7623e+03	1.938e-19	2.1544e+02	2.1764e+02	7.9042e-11	7.7068e-02	9.2293e-01	8.1552e-02	8.3086e-01	8.7592e-02	5.1619e-13	1.6973e-02	6.2692e-01	3.5547e-01	6.3758e-04	8.6324e-02	8.3714e-01	7.6325e-02	2.0982e-04	6.5253e-07	1.1755e-36	1.6330e-20	0.00e+00	0.00e+00	8.6162e-01
9.72406e+15	7.7337e+03	1.922e-19	2.1544e+02	2.1679e+02	9.0921e-11	8.1185e-02	9.1881e-01	8.3456e-02	8.3069e-01	8.5851e-02	5.8215e-13	1.7717e-02	6.3207e-01	3.4963e-01	5.8677e-04	9.1335e-02	8.3649e-01	7.1998e-02	1.8031e-04	5.7439e-07	1.1755e-36	1.9259e-20	0.00e+00	0.00e+00	1.1761e+00
1.24992e+16	7.7593e+03	1.922e-19	2.1544e+02	2.1527e+02	1.0477e-10	8.7113e-02	9.1289e-01	8.5347e-02	8.3021e-01	8.4445e-02	6.8254e-13	1.8648e-02	6.3690e-01	3.4392e-01	5.2991e-04	9.8538e-02	8.3524e-01	6.6070e-02	1.4798e-04	4.8867e-07	1.1755e-36	2.4164e-20	0.00e+00	0.00e+00	1.4965e+00
1.54484e+16	7.8262e+03	1.941e-19	2.1544e+02	2.1333e+02	1.2541e-10	9.6333e-02	9.0367e-01	8.8009e-02	8.2947e-01	8.2519e-02	8.5911e-13	1.9987e-02	6.4358e-01	3.3597e-01	4.5859e-04	1.0972e-01	8.3218e-01	5.7995e-02	1.1219e-04	3.9034e-07	1.1755e-36	3.3677e-20	0.00e+00	0.00e+00	1.9153e+00
1.89069e+16	7.9388e+03	1.973e-19	2.1544e+02	2.1012e+02	1.5736e-10	1.1018e-01	8.8982e-01	9.1628e-02	8.2803e-01	8.0344e-02	1.1662e-12	2.1764e-02	6.5186e-01	3.2600e-01	3.7846e-04	1.2641e-01	8.2515e-01	4.8364e-02	7.7467e-05	2.9079e-07	1.1755e-36	5.2529e-20	0.00e+00	0.00e+00	2.4731e+00
2.28646e+16	8.0995e+03	2.016e-19	2.1544e+02	2.0551e+02	2.0938e-10	1.3090e-01	8.6910e-01	9.6434e-02	8.2559e-01	7.7978e-02	1.7285e-12	2.4040e-02	6.6252e-01	3.1315e-01	2.9501e-04	1.5115e-01	8.1095e-01	3.7855e-02	4.7931e-05	1.9951e-07	1.1755e-36	9.3493e-20	0.00e+00	0.00e+00	3.2201e+00
2.70584e+16	8.2883e+03	2.060e-19	2.1544e+02	1.9909e+02	2.9392e-10	1.5975e-01	8.4025e-01	1.0245e-01	8.2181e-01	7.5745e-02	2.7298e-12	2.6578e-02	6.7517e-01	2.9804e-01	2.2007e-04	1.8515e-01	7.8678e-01	2.8047e-02	2.7233e-05	1.2848e-07	1.1755e-36	1.8343e-19	0.00e+00	0.00e+00	4.1315e+00
3.08918e+16	8.4655e+03	2.085e-19	2.1544e+02	1.9156e+02	4.1510e-10	1.9365e-01	8.0635e-01	1.0904e-01	8.1700e-01	7.3959e-02	4.2616e-12	2.8825e-02	6.8807e-01	2.8294e-01	1.6456e-04	2.2444e-01	7.5491e-01	2.0638e-02	1.5577e-05	1.1755e-36	1.1755e-36	3.5555e-19	0.00e+00	0.00e+00	5.0466e+00
3.40786e+16	8.5920e+03	2.082e-19	2.1544e+02	1.8422e+02	5.6816e-10	2.2737e-01	7.7263e-01	1.1582e-01	8.1181e-01	7.2376e-02	6.2273e-12	3.0520e-02	7.0056e-01	2.6880e-01	1.2746e-04	2.6288e-01	7.2142e-01	1.5693e-02	9.6003e-06	1.1755e-36	1.1755e-36	6.2559e-19	0.00e+00	0.00e+00	5.9436e+00
3.69537e+16	8.6760e+03	2.051e-19	2.1544e+02	1.7674e+02	7.6583e-10	2.6128e-01	7.3872e-01	1.2308e-01	8.0606e-01	7.0862e-02	8.7188e-12	3.1800e-02	7.1326e-01	2.5484e-01	1.0061e-04	3.0094e-01	6.8690e-01	1.2150e-02	6.1827e-06	1.1755e-36	1.1755e-36	1.0327e-18	0.00e+00	0.00e+00	6.9567e+00
3.97248e+16	8.7493e+03	1.999e-19	2.1544e+02	1.6891e+02	1.0174e-09	2.9657e-01	7.0343e-01	1.3106e-01	7.9958e-01	6.9362e-02	1.1923e-11	3.2720e-02	7.2607e-01	2.4113e-01	8.0104e-05	3.3988e-01	6.5066e-01	9.4567e-03	4.0637e-06	1.1755e-36	1.1755e-36	1.6501e-18	0.00e+00	0.00e+00	8.0428e+00
4.22322e+16	8.7742e+03	1.938e-19	2.1544e+02	1.6136e+02	1.3443e-09	3.3106e-01	6.6894e-01	1.3926e-01	7.9274e-01	6.8000e-02	1.5786e-11	3.3287e-02	7.3846e-01	2.2818e-01	6.5037e-05	3.7734e-01	6.1515e-01	7.5023e-03	2.7855e-06	1.1755e-36	1.1755e-36	2.5144e-18	0.00e+00	0.00e+00	9.0889e+00
4.43867e+16	8.7934e+03	1.872e-19	2.1544e+02	1.5463e+02	1.6937e-09	3.6153e-01	6.3847e-01	1.4695e-01	7.8617e-01	6.6877e-02	1.9881e-11	3.3523e-02	7.4937e-01	2.1705e-01	5.4471e-05	4.0994e-01	5.8391e-01	6.1424e-03	2.0270e-06	1.1755e-36	1.1755e-36	3.5606e-18	0.00e+00	0.00e+00	1.0066e+01
4.62927e+16	8.8005e+03	1.806e-19	2.1544e+02	1.4860e+02	2.0717e-09	3.8877e-01	6.1123e-01	1.5437e-01	7.7979e-01	6.5840e-02	2.4186e-11	3.3564e-02	7.5926e-01	2.0712e-01	4.6615e-05	4.3869e-01	5.5616e-01	5.1469e-03	1.5399e-06	1.1755e-36	1.1755e-36	4.7878e-18	0.00e+00	0.00e+00	1.1031e+01
4.81051e+16	8.7995e+03	1.739e-19	2.1544e+02	1.4286e+02	2.5008e-09	4.1468e-01	5.8532e-01	1.6197e-01	7.7322e-01	6.4817e-02	2.8938e-11	3.3465e-02	7.6880e-01	1.9769e-01	4.0241e-05	4.6572e-01	5.2993e-01	4.3516e-03	1.1928e-06	1.1755e-36	1.1755e-36	6.2813e-18	0.00e+00	0.00e+00	1.2047e+01
4.99000e+16	8.7887e+03	1.669e-19	2.1544e+02	1.3723e+02	3.0117e-09	4.4040e-01	5.5960e-01	1.7003e-01	7.6621e-01	6.3760e-02	3.4404e-11	3.3256e-02	7.7833e-01	1.8838e-01	3.4811e-05	4.9223e-01	5.0408e-01	3.6842e-03	9.3094e-07	1.1755e-36	1.1755e-36	8.1671e-18	0.00e+00	0.00e+00	1.3119e+01
5.16678e+16	8.7774e+03	1.598e-19	2.1544e+02	1.3170e+02	3.5881e-09	4.6522e-01	5.3478e-01	1.7831e-01	7.5893e-01	6.2755e-02	4.0459e-11	3.2917e-02	7.8756e-01	1.7950e-01	3.0262e-05	5.1753e-01	4.7934e-01	3.1313e-03	7.3479e-07	1.1755e-36	1.1755e-36	1.0452e-17	0.00e+00	0.00e+00	1.4224e+01
5.33729e+16	8.7590e+03	1.529e-19	2.1544e+02	1.2664e+02	4.2442e-09	4.8902e-01	5.1098e-01	1.8696e-01	7.5136e-01	6.1679e-02	4.7211e-11	3.2545e-02	7.9652e-01	1.7091e-01	2.6438e-05	5.4153e-01	4.5580e-01	2.6754e-03	5.8751e-07	1.1755e-36	1.1755e-36	1.3231e-17	0.00e+00	0.00e+00	1.5331e+01
5.50372e+16	8.7391e+03	1.461e-19	2.1544e+02	1.2165e+02	4.9572e-09	5.1111e-01	4.8889e-01	1.9560e-01	7.4372e-01	6.0676e-02	5.4298e-11	3.2062e-02	8.0501e-01	1.6291e-01	2.3250e-05	5.6357e-01	4.3413e-01	2.3019e-03	4.7670e-07	1.1755e-36	1.1755e-36	1.6372e-17	0.00e+00	0.00e+00	1.6488e+01
5.66808e+16	8.7170e+03	1.394e-19	2.1544e+02	1.1689e+02	5.7478e-09	5.3219e-01	4.6781e-01	2.0448e-01	7.3586e-01	5.9658e-02	6.1995e-11	3.1532e-02	8.1320e-01	1.5525e-01	2.0520e-05	5.8441e-01	4.1361e-01	1.9875e-03	3.9051e-07	1.1755e-36	1.1755e-36	2.0043e-17	0.00e+00	0.00e+00	1.7663e+01
5.79932e+16	8.7102e+03	1.342e-19	2.1544e+02	1.1314e+02	6.3732e-09	5.4771e-01	4.5229e-01	2.1102e-01	7.2993e-01	5.9050e-02	6.8133e-11	3.1011e-02	8.1909e-01	1.4988e-01	1.8720e-05	5.9962e-01	3.9860e-01	1.7781e-03	3.3687e-07	1.1755e-36	1.1755e-36	2.3167e-17	0.00e+00	0.00e+00	1.8409e+01
5.89074e+16	8.6831e+03	1.308e-19	2.1544e+02	1.1088e+02	6.9184e-09	5.5832e-01	4.4168e-01	2.1654e-01	7.2512e-01	5.8341e-02	7.2987e-11	3.0745e-02	8.2354e-01	1.4569e-01	1.7502e-05	6.0997e-01	3.8838e-01	1.6473e-03	3.0466e-07	1.1755e-36	1.1755e-36	2.5705e-17	0.00e+00	0.00e+00	1.9037e+01
5.98127e+16	8.6568e+03	1.273e-19	2.1544e+02	1.0866e+02	7.4967e-09	5.6873e-01	4.3127e-01	2.2246e-01	7.2000e-01	5.7540e-02	7.8161e-11	3.0485e-02	8.2811e-01	1.4139e-01	1.6328e-05	6.2008e-01	3.7839e-01	1.5236e-03	2.7541e-07	1.1755e-36	1.1755e-36	2.8488e-17	0.00e+00	0.00e+00	1.9799e+01
6.08982e+16	8.6348e+03	1.230e-19	2.1544e+02	1.0582e+02	8.1835e-09	5.8065e-01	4.1935e-01	2.2929e-01	7.1403e-01	5.6678e-02	8.4311e-11	3.0081e-02	8.3334e-01	1.3657e-01	1.5059e-05	6.3160e-01	3.6701e-01	1.3876e-03	2.4466e-07	1.1755e-36	1.1755e-36	3.1910e-17	0.00e+00	0.00e+00	2.0736e+01
6.21150e+16	8.6075e+03	1.184e-19	2.1544e+02	1.0281e+02	9.0361e-09	5.9400e-01	4.0600e-01	2.3699e-01	7.0727e-01	5.5744e-02	9.1873e-11	2.9634e-02	8.3893e-01	1.3142e-01	1.3773e-05	6.4443e-01	3.5432e-01	1.2504e-03	2.1487e-07	1.1755e-36	1.1755e-36	3.6349e-17	0.00e+00	0.00e+00	2.1744e+01
6.33198e+16	8.5804e+03	1.141e-19	2.1544e+02	9.9889e+01	9.9374e-09	6.0673e-01	3.9327e-01	2.4456e-01	7.0057e-01	5.4873e-02	9.9706e-11	2.9163e-02	8.4423e-01	1.2660e-01	1.2637e-05	6.5658e-01	3.4229e-01	1.1299e-03	1.8980e-07	1.1755e-36	1.1755e-36	4.1161e-17	0.00e+00	0.00e+00	2.2703e+01
6.44638e+16	8.5531e+03	1.100e-19	2.1544e+02	9.7215e+01	1.0851e-08	6.1829e-01	3.8171e-01	2.5199e-01	6.9400e-01	5.4011e-02	1.0750e-10	2.8716e-02	8.4915e-01	1.2212e-01	1.1651e-05	6.6756e-01	3.3141e-01	1.0274e-03	1.6936e-07	1.1755e-36	1.1755e-36	4.6122e-17	0.00e+00	0.00e+00	2.3650e+01
6.56182e+16	8.5180e+03	1.060e-19	2.1544e+02	9.4561e+01	1.1883e-08	6.2957e-01	3.7043e-01	2.5972e-01	6.8719e-01	5.3096e-02	1.1582e-10	2.8261e-02	8.5404e-01	1.1769e-01	1.0735e-05	6.7823e-01	3.2083e-01	9.3412e-04	1.5142e-07	1.1755e-36	1.1755e-36	5.1610e-17	0.00e+00	0.00e+00	2.4663e+01
6.68405e+16	8.4847e+03	1.019e-19	2.1544e+02	9.1907e+01	1.3040e-08	6.4140e-01	3.5860e-01	2.6823e-01	6.7967e-01	5.2095e-02	1.2543e-10	2.7790e-02	8.5912e-01	1.1308e-01	9.8389e-06	6.8936e-01	3.0980e-01	8.4345e-04	1.3465e-07	1.1755e-36	1.1755e-36	5.8238e-17	0.00e+00	0.00e+00	2.5764e+01
6.81038e+16	8.4505e+03	9.778e-20	2.1544e+02	8.9193e+01	1.4317e-08	6.5314e-01	3.4686e-01	2.7692e-01	6.7196e-01	5.1112e-02	1.3579e-10	2.7279e-02	8.6412e-01	1.0859e-01	9.0101e-06	7.0035e-01	2.9889e-01	7.6007e-04	1.1755e-36	1.1755e-36	1.1755e-36	6.5701e-17	0.00e+00	0.00e+00	2.6888e+01
6.93680e+16	8.4146e+03	9.381e-20	2.1544e+02	8.6566e+01	1.5694e-08	6.6443e-01	3.3557e-01	2.8577e-01	6.6411e-01	5.0119e-02	1.4675e-10	2.6767e-02	8.6896e-01	1.0427e-01	8.2588e-06	7.1086e-01	2.8846e-01	6.8558e-04	1.1755e-36	1.1755e-36	1.1755e-36	7.3918e-17	0.00e+00	0.00e+00	2.8029e+01
7.06435e+16	8.3774e+03	8.994e-20	2.1544e+02	8.4014e+01	1.7187e-08	6.7539e-01	3.2461e-01	2.9490e-01	6.5600e-01	4.9098e-02	1.5848e-10	2.6255e-02	8.7370e-01	1.0004e-01	7.5687e-06	7.2101e-01	2.7837e-01	6.1826e-04	1.1755e-36	1.1755e-36	1.1755e-36	8.3064e-17	0.00e+00	0.00e+00	2.9213e+01
7.19542e+16	8.3288e+03	8.611e-20	2.1544e+02	8.1426e+01	1.8956e-08	6.8631e-01	3.1369e-01	3.0441e-01	6.4755e-01	4.8033e-02	1.7139e-10	2.5725e-02	8.7840e-01	9.5869e-02	6.9262e-06	7.3108e-01	2.6836e-01	5.5657e-04	1.1755e-36	1.1755e-36	1.1755e-36	9.3583e-17	0.00e+00	0.00e+00	3.0457e+01
7.33004e+16	8.2966e+03	8.230e-20	2.1544e+02	7.8887e+01	2.0673e-08	6.9687e-01	3.0313e-01	3.1408e-01	6.3891e-01	4.7006e-02	1.8495e-10	2.5170e-02	8.8299e-01	9.1834e-02	6.3343e-06	7.4077e-01	2.5873e-01	4.9996e-04	1.1755e-36	1.1755e-36	1.1755e-36	1.0504e-16	0.00e+00	0.00e+00	3.1746e+01
7.46840e+16	8.2442e+03	7.857e-20	2.1544e+02	7.6352e+01	2.2854e-08	7.0768e-01	2.9232e-01	3.2448e-01	6.2963e-01	4.5883e-02	2.0060e-10	2.4618e-02	8.8762e-01	8.7758e-02	5.7772e-06	7.5065e-01	2.4890e-01	4.4770e-04	1.1755e-36	1.1755e-36	1.1755e-36	1.1893e-16	0.00e+00	0.00e+00	3.3101e+01
7.60861e+16	8.1942e+03	7.498e-20	2.1544e+02	7.3935e+01	2.5216e-08	7.1834e-01	2.8166e-01	3.3523e-01	6.2005e-01	4.4729e-02	2.1788e-10	2.4076e-02	8.9212e-01	8.3794e-02	5.2676e-06	7.6034e-01	2.3926e-01	4.0033e-04	1.1755e-36	1.1755e-36	1.1755e-36	1.3505e-16	0.00e+00	0.00e+00	3.4466e+01
7.74723e+16	8.1468e+03	7.156e-20	2.1544e+02	7.1585e+01	2.7662e-08	7.2815e-01	2.7185e-01	3.4571e-01	6.1065e-01	4.3640e-02	2.3541e-10	2.3530e-02	8.9635e-01	8.0117e-02	4.8193e-06	7.6922e-01	2.3042e-01	3.5932e-04	1.1755e-36	1.1755e-36	1.1755e-36	1.5204e-16	0.00e+00	0.00e+00	3.5829e+01
7.88792e+16	8.0953e+03	6.823e-20	2.1544e+02	6.9296e+01	3.0394e-08	7.3770e-01	2.6230e-01	3.5664e-01	6.0086e-01	4.2506e-02	2.5456e-10	2.2990e-02	9.0050e-01	7.6506e-02	4.4055e-06	7.7784e-01	2.2184e-01	3.2220e-04	1.1755e-36	1.1755e-36	1.1755e-36	1.7139e-16	0.00e+00	0.00e+00	3.7272e+01
8.03528e+16	8.0384e+03	6.491e-20	2.1544e+02	6.6943e+01	3.3569e-08	7.4738e-01	2.5262e-01	3.6801e-01	5.9064e-01	4.1350e-02	2.7612e-10	2.2422e-02	9.0464e-01	7.2935e-02	4.0172e-06	7.8653e-01	2.1318e-01	2.8769e-04	1.1755e-36	1.1755e-36	1.1755e-36	1.9434e-16	0.00e+00	0.00e+00	3.8806e+01
8.18717e+16	7.9797e+03	6.165e-20	2.1544e+02	6.4641e+01	3.7167e-08	7.5721e-01	2.4279e-01	3.7999e-01	5.7986e-01	4.0158e-02	3.0082e-10	2.1850e-02	9.0874e-01	6.9403e-02	3.6561e-06	7.9532e-01	2.0443e-01	2.5577e-04	1.1755e-36	1.1755e-36	1.1755e-36	2.2208e-16	0.00e+00	0.00e+00	4.0381e+01
8.33801e+16	7.9224e+03	5.858e-20	2.1544e+02	6.2411e+01	4.0984e-08	7.6633e-01	2.3367e-01	3.9165e-01	5.6931e-01	3.9035e-02	3.2644e-10	2.1280e-02	9.1258e-01	6.6136e-02	3.3398e-06	8.0344e-01	1.9633e-01	2.2820e-04	1.1755e-36	1.1755e-36	1.1755e-36	2.5228e-16	0.00e+00	0.00e+00	4.1932e+01
8.48827e+16	7.8635e+03	5.568e-20	2.1544e+02	6.0304e+01	4.5122e-08	7.7491e-01	2.2509e-01	4.0349e-01	5.5862e-01	3.7890e-02	3.5389e-10	2.0735e-02	9.1625e-01	6.3016e-02	3.0558e-06	8.1105e-01	1.8875e-01	2.0404e-04	1.1755e-36	1.1755e-36	1.1755e-36	2.8610e-16	0.00e+00	0.00e+00	4.3532e+01
8.64421e+16	7.7983e+03	5.281e-20	2.1544e+02	5.8181e+01	4.9964e-08	7.8355e-01	2.1645e-01	4.1589e-01	5.4740e-01	3.6709e-02	3.8531e-10	2.0179e-02	9.1990e-01	5.9923e-02	2.7904e-06	8.1869e-01	1.8113e-01	1.8171e-04	1.1755e-36	1.1755e-36	1.1755e-36	3.2705e-16	0.00e+00	0.00e+00	4.5238e+01
8.80595e+16	7.7259e+03	5.001e-20	2.1544e+02	5.6063e+01	5.5697e-08	7.9240e-01	2.0760e-01	4.2882e-01	5.3568e-01	3.5503e-02	4.2193e-10	1.9611e-02	9.2350e-01	5.6887e-02	2.5446e-06	8.2649e-01	1.7335e-01	1.6112e-04	1.1755e-36	1.1755e-36	1.1755e-36	3.7806e-16	0.00e+00	0.00e+00	4.6999e+01
8.96675e+16	7.6601e+03	4.737e-20	2.1544e+02	5.4009e+01	6.1645e-08	8.0053e-01	1.9947e-01	4.4124e-01	5.2436e-01	3.4398e-02	4.5987e-10	1.9044e-02	9.2685e-01	5.4107e-02	2.3307e-06	8.3362e-01	1.6624e-01	1.4340e-04	1.1755e-36	1.1755e-36	1.1755e-36	4.3375e-16	0.00e+00	0.00e+00	4.8722e+01
9.12675e+16	7.5918e+03	4.490e-20	2.1544e+02	5.2101e+01	6.8193e-08	8.0819e-01	1.9181e-01	4.5396e-01	5.1279e-01	3.3253e-02	5.0157e-10	1.8514e-02	9.3004e-01	5.1440e-02	2.1387e-06	8.4031e-01	1.5956e-01	1.2790e-04	1.1755e-36	1.1755e-36	1.1755e-36	4.9820e-16	0.00e+00	0.00e+00	5.0501e+01
9.29183e+16	7.5143e+03	4.249e-20	2.1544e+02	5.0188e+01	7.6036e-08	8.1585e-01	1.8415e-01	4.6704e-01	5.0088e-01	3.2083e-02	5.4993e-10	1.7980e-02	9.3318e-01	4.8841e-02	1.9620e-06	8.4699e-01	1.5289e-01	1.1378e-04	1.1755e-36	1.1755e-36	1.1755e-36	5.7840e-16	0.00e+00	0.00e+00	5.2370e+01
9.45769e+16	7.4341e+03	4.023e-20	2.1544e+02	4.8344e+01	8.4917e-08	8.2335e-01	1.7665e-01	4.8004e-01	4.8900e-01	3.0960e-02	6.0435e-10	1.7451e-02	9.3615e-01	4.6402e-02	1.8050e-06	8.5351e-01	1.4639e-01	1.0127e-04	1.1755e-36	1.1755e-36	1.1755e-36	6.7540e-16	0.00e+00	0.00e+00	5.4199e+01
9.61740e+16	7.3642e+03	3.817e-20	2.1544e+02	4.6649e+01	9.3708e-08	8.2984e-01	1.7016e-01	4.9223e-01	4.7785e-01	2.9924e-02	6.5881e-10	1.6958e-02	9.3882e-01	4.4221e-02	1.6719e-06	8.5913e-01	1.4078e-01	9.0897e-05	1.1755e-36	1.1755e-36	1.1755e-36	7.7733e-16	0.00e+00	0.00e+00	5.5961e+01
9.77869e+16	7.2791e+03	3.621e-20	2.1544e+02	4.5018e+01	1.0452e-07	8.3619e-01	1.6381e-01	5.0504e-01	4.6613e-01	2.8824e-02	7.2290e-10	1.6484e-02	9.4144e-01	4.2075e-02	1.5492e-06	8.6462e-01	1.3530e-01	8.1584e-05	1.1755e-36	1.1755e-36	1.1755e-36	9.0605e-16	0.00e+00	0.00e+00	5.7854e+01
9.94235e+16	7.1954e+03	3.435e-20	2.1544e+02	4.3437e+01	1.1670e-07	8.4263e-01	1.5737e-01	5.1766e-01	4.5458e-01	2.7768e-02	7.9689e-10	1.6014e-02	9.4392e-01	4.0060e-02	1.4392e-06	8.7017e-01	1.2975e-01	7.3112e-05	1.1755e-36	1.1755e-36	1.1755e-36	1.0670e-15	0.00e+00	0.00e+00	5.9699e+01
1.00999e+17	7.1159e+03	3.266e-20	2.1544e+02	4.1973e+01	1.2939e-07	8.4826e-01	1.5174e-01	5.2955e-01	4.4366e-01	2.6791e-02	8.7331e-10	1.5575e-02	9.4617e-01	3.8251e-02	1.3454e-06	8.7501e-01	1.2493e-01	6.6048e-05	1.1755e-36	1.1755e-36	1.1755e-36	1.2437e-15	0.00e+00	0.00e+00	6.1477e+01
1.02555e+17	7.0332e+03	3.109e-20	2.1544e+02	4.0610e+01	1.4367e-07	8.5355e-01	1.4645e-01	5.4149e-01	4.3271e-01	2.5803e-02	9.5917e-10	1.5165e-02	9.4830e-01	3.6535e-02	1.2612e-06	8.7955e-01	1.2039e-01	5.9841e-05	1.1755e-36	1.1755e-36	1.1755e-36	1.4559e-15	0.00e+00	0.00e+00	6.3302e+01
1.04132e+17	6.9598e+03	2.957e-20	2.1544e+02	3.9236e+01	1.5836e-07	8.5850e-01	1.4150e-01	5.5280e-01	4.2229e-01	2.4916e-02	1.0497e-09	1.4742e-02	9.5031e-01	3.4951e-02	1.1859e-06	8.8379e-01	1.1616e-01	5.4282e-05	1.1755e-36	1.1755e-36	1.1755e-36	1.6933e-15	0.00e+00	0.00e+00	6.5149e+01
1.05775e+17	6.8646e+03	2.809e-20	2.1544e+02	3.7914e+01	1.7825e-07	8.6389e-01	1.3611e-01	5.6523e-01	4.1087e-01	2.3900e-02	1.1704e-09	1.4340e-02	9.5233e-01	3.3328e-02	1.1137e-06	8.8839e-01	1.1156e-01	4.8984e-05	1.1755e-36	1.1755e-36	1.1755e-36	2.0414e-15	0.00e+00	0.00e+00	6.7152e+01
1.07391e+17	6.7841e+03	2.672e-20	2.1544e+02	3.6573e+01	1.9799e-07	8.6872e-01	1.3128e-01	5.7598e-01	4.0091e-01	2.3108e-02	1.2915e-09	1.3915e-02	9.5414e-01	3.1944e-02	1.0531e-06	8.9251e-01	1.0745e-01	4.4463e-05	1.1755e-36	1.1755e-36	1.1755e-36	2.4196e-15	0.00e+00	0.00e+00	6.8957e+01
1.08921e+17	6.6937e+03	2.552e-20	2.1544e+02	3.5494e+01	2.2117e-07	8.7311e-01	1.2689e-01	5.8731e-01	3.9050e-01	2.2186e-02	1.4350e-09	1.3584e-02	9.5581e-01	3.0608e-02	9.9947e-07	8.9624e-01	1.0372e-01	4.0650e-05	1.1755e-36	1.1755e-36	1.1755e-36	2.9001e-15	0.00e+00	0.00e+00	7.0777e+01
1.10418e+17	6.6071e+03	2.440e-20	2.1544e+02	3.4406e+01	2.4600e-07	8.7706e-01	1.2294e-01	5.9757e-01	3.8103e-01	2.1397e-02	1.5869e-09	1.3241e-02	9.5733e-01	2.9428e-02	9.5327e-07	8.9960e-01	1.0037e-01	3.7361e-05	1.1755e-36	1.1755e-36	1.1755e-36	3.4527e-15	0.00e+00	0.00e+00	7.2521e+01
1.11873e+17	6.5224e+03	2.338e-20	2.1544e+02	3.3427e+01	2.7305e-07	8.8073e-01	1.1927e-01	6.0765e-01	3.7174e-01	2.0614e-02	1.7568e-09	1.2933e-02	9.5874e-01	2.8325e-02	9.1213e-07	9.0271e-01	9.7253e-02	3.4473e-05	1.1755e-36	1.1755e-36	1.1755e-36	4.1157e-15	0.00e+00	0.00e+00	7.4256e+01
1.13328e+17	6.4370e+03	2.240e-20	2.1544e+02	3.2471e+01	3.0354e-07	8.8426e-01	1.1574e-01	6.1744e-01	3.6269e-01	1.9865e-02	1.9506e-09	1.2628e-02	9.6008e-01	2.7290e-02	8.7483e-07	9.0571e-01	9.4258e-02	3.1854e-05	1.1755e-36	1.1755e-36	1.1755e-36	4.9353e-15	0.00e+00	0.00e+00	7.6015e+01
1.14787e+17	6.3522e+03	2.148e-20	2.1544e+02	3.1545e+01	3.3767e-07	8.8771e-01	1.1228e-01	6.2695e-01	3.5390e-01	1.9150e-02	2.1725e-09	1.2331e-02	9.6135e-01	2.6320e-02	8.4096e-07	9.0863e-01	9.1337e-02	2.9463e-05	1.1755e-36	1.1755e-36	1.1755e-36	5.9539e-15	0.00e+00	0.00e+00	7.7773e+01
1.16235e+17	6.2675e+03	2.061e-20	2.1544e+02	3.0661e+01	3.7583e-07	8.9099e-01	1.0901e-01	6.3615e-01	3.4539e-01	1.8465e-02	2.4250e-09	1.2046e-02	9.6254e-01	2.5415e-02	8.1051e-07	9.1140e-01	8.8568e-02	2.7320e-05	1.1755e-36	1.1755e-36	1.1755e-36	7.2127e-15	0.00e+00	0.00e+00	7.9518e+01
1.17664e+17	6.1758e+03	1.979e-20	2.1544e+02	2.9804e+01	4.2124e-07	8.9411e-01	1.0589e-01	6.4504e-01	3.3715e-01	1.7805e-02	2.7239e-09	1.1769e-02	9.6365e-01	2.4578e-02	7.8337e-07	9.1404e-01	8.5939e-02	2.5413e-05	1.1755e-36	1.1755e-36	1.1755e-36	8.8530e-15	0.00e+00	0.00e+00	8.1243e+01
1.19031e+17	6.1003e+03	1.906e-20	2.1544e+02	2.9047e+01	4.6462e-07	8.9686e-01	1.0314e-01	6.5319e-01	3.2960e-01	1.7210e-02	3.0264e-09	1.1521e-02	9.6465e-01	2.3829e-02	7.5976e-07	9.1636e-01	8.3620e-02	2.3766e-05	1.1755e-36	1.1755e-36	1.1755e-36	1.0627e-14	0.00e+00	0.00e+00	8.2848e+01
1.20394e+17	6.0145e+03	1.836e-20	2.1544e+02	2.8318e+01	5.1784e-07	8.9945e-01	1.0055e-01	6.6155e-01	3.2186e-01	1.6589e-02	3.3955e-09	1.1285e-02	9.6562e-01	2.3098e-02	7.3783e-07	9.1854e-01	8.1435e-02	2.2275e-05	1.1755e-36	1.1755e-36	1.1755e-36	1.2986e-14	0.00e+00	0.00e+00	8.4572e+01
1.21784e+17	5.9314e+03	1.768e-20	2.1544e+02	2.7580e+01	5.7737e-07	9.0214e-01	9.7858e-02	6.6947e-01	3.1451e-01	1.6021e-02	3.8229e-09	1.1042e-02	9.6654e-01	2.2420e-02	7.1767e-07	9.2081e-01	7.9169e-02	2.0853e-05	1.1755e-36	1.1755e-36	1.1755e-36	1.5985e-14	0.00e+00	0.00e+00	8.6255e+01
1.23134e+17	5.8494e+03	1.706e-20	2.1544e+02	2.6901e+01	6.4310e-07	9.0460e-01	9.5404e-02	6.7709e-01	3.0744e-01	1.5474e-02	4.3048e-09	1.0818e-02	9.6739e-01	2.1795e-02	6.9976e-07	9.2287e-01	7.7105e-02	1.9604e-05	1.1755e-36	1.1755e-36	1.1755e-36	1.9673e-14	0.00e+00	0.00e+00	8.7891e+01
1.24450e+17	5.7682e+03	1.649e-20	2.1544e+02	2.6270e+01	7.1593e-07	9.0685e-01	9.3145e-02	6.8439e-01	3.0066e-01	1.4949e-02	4.8504e-09	1.0611e-02	9.6817e-01	2.1217e-02	6.8373e-07	9.2478e-01	7.5203e-02	1.8496e-05	1.1755e-36	1.1755e-36	1.1755e-36	2.4230e-14	0.00e+00	0.00e+00	8.9496e+01
1.25740e+17	5.6880e+03	1.595e-20	2.1544e+02	2.5673e+01	7.9690e-07	9.0898e-01	9.1020e-02	6.9140e-01	2.9415e-01	1.4448e-02	5.4714e-09	1.0415e-02	9.6890e-01	2.0680e-02	6.6927e-07	9.2657e-01	7.3417e-02	1.7497e-05	1.1755e-36	1.1755e-36	1.1755e-36	2.9900e-14	0.00e+00	0.00e+00	9.1078e+01
1.27009e+17	5.6002e+03	1.544e-20	2.1544e+02	2.5099e+01	8.9601e-07	9.1107e-01	8.8930e-02	6.9825e-01	2.8779e-01	1.3954e-02	6.2365e-09	1.0228e-02	9.6959e-01	2.0181e-02	6.5627e-07	9.2832e-01	7.1658e-02	1.6586e-05	1.1755e-36	1.1755e-36	1.1755e-36	3.7661e-14	0.00e+00	0.00e+00	9.2638e+01
1.28207e+17	5.5364e+03	1.499e-20	2.1544e+02	2.4575e+01	9.7955e-07	9.1273e-01	8.7264e-02	7.0403e-01	2.8241e-01	1.3560e-02	6.9205e-09	1.0050e-02	9.7020e-01	1.9751e-02	6.4502e-07	9.2972e-01	7.0259e-02	1.5815e-05	1.1755e-36	1.1755e-36	1.1755e-36	4.5058e-14	0.00e+00	0.00e+00	9.4051e+01
1.29443e+17	5.4470e+03	1.454e-20	2.1544e+02	2.4079e+01	1.1065e-06	9.1461e-01	8.5385e-02	7.1090e-01	2.7605e-01	1.3056e-02	7.9522e-09	9.8931e-03	9.7082e-01	1.9285e-02	6.3377e-07	9.3131e-01	6.8677e-02	1.5048e-05	1.1755e-36	1.1755e-36	1.1755e-36	5.7474e-14	0.00e+00	0.00e+00	9.5711e+01
1.30692e+17	5.3786e+03	1.410e-20	2.1544e+02	2.3553e+01	1.2228e-06	9.1650e-01	8.3500e-02	7.1647e-01	2.7085e-01	1.2685e-02	8.9561e-09	9.7139e-03	9.7139e-01	1.8893e-02	6.2374e-07	9.3288e-01	6.7102e-02	1.4313e-05	1.1755e-36	1.1755e-36	1.1755e-36	7.0769e-14	0.00e+00	0.00e+00	9.7161e+01
1.31885e+17	5.2966e+03	1.370e-20	2.1544e+02	2.3091e+01	1.3727e-06	9.1813e-01	8.1867e-02	7.2244e-01	2.6530e-01	1.2261e-02	1.0241e-08	9.5648e-03	9.7193e-01	1.8507e-02	6.1470e-07	9.3426e-01	6.5728e-02	1.3685e-05	1.1755e-36	1.1755e-36	1.1755e-36	8.9489e-14	0.00e+00	0.00e+00	9.8688e+01
1.33056e+17	5.2289e+03	1.333e-20	2.1544e+02	2.2646e+01	1.5167e-06	9.1968e-01	8.0317e-02	7.2767e-01	2.6042e-01	1.1906e-02	1.1536e-08	9.4158e-03	9.7242e-01	1.8166e-02	6.0655e-07	9.3556e-01	6.4429e-02	1.3105e-05	1.1755e-36	1.1755e-36	1.1755e-36	1.1012e-13	0.00e+00	0.00e+00	1.0009e+02
1.34206e+17	5.1491e+03	1.298e-20	2.1544e+02	2.2228e+01	1.7030e-06	9.2116e-01	7.8839e-02	7.3316e-01	2.5532e-01	1.1520e-02	1.3213e-08	9.2814e-03	9.7289e-01	1.7832e-02	5.9907e-07	9.3680e-01	6.3185e-02	1.2578e-05	1.1755e-36	1.1755e-36	1.1755e-36	1.3971e-13	0.00e+00	0.00e+00	1.0157e+02
1.35334e+17	5.0837e+03	1.264e-20	2.1544e+02	2.1824e+01	1.8801e-06	9.2256e-01	7.7441e-02	7.3794e-01	2.5086e-01	1.1199e-02	1.4885e-08	9.1463e-03	9.7332e-01	1.7537e-02	5.9228e-07	9.3797e-01	6.2014e-02	1.2088e-05	1.1755e-36	1.1755e-36	1.1755e-36	1.7197e-13	0.00e+00	0.00e+00	1.0292e+02
1.36446e+17	5.0060e+03	1.233e-20	2.1544e+02	2.1443e+01	2.1121e-06	9.2391e-01	7.6091e-02	7.4303e-01	2.4613e-01	1.0845e-02	1.7078e-08	9.0249e-03	9.7373e-01	1.7246e-02	5.8602e-07	9.3911e-01	6.0877e-02	1.1639e-05	1.1755e-36	1.1755e-36	1.1755e-36	2.1889e-13	0.00e+00	0.00e+00	1.0436e+02
1.37539e+17	4.9369e+03	1.203e-20	2.1544e+02	2.1065e+01	2.3480e-06	9.2523e-01	7.4772e-02	7.4749e-01	2.4196e-01	1.0545e-02	1.8944e-08	8.9016e-03	9.7419e-01	1.6911e-02	5.7961e-07	9.4022e-01	5.9771e-02	1.1218e-05	1.1755e-36	1.1755e-36	1.1755e-36	2.6225e-13	0.00e+00	0.00e+00	1.0567e+02
1.38578e+17	4.8664e+03	1.176e-20	2.1544e+02	2.0729e+01	2.6159e-06	9.2639e-01	7.3612e-02	7.5194e-01	2.3782e-01	1.0240e-02	2.0972e-08	8.7957e-03	9.7463e-01	1.6578e-02	5.7372e-07	9.4119e-01	5.8794e-02	1.0851e-05	1.1755e-36	1.1755e-36	1.1755e-36	3.1301e-13	0.00e+00	0.00e+00	1.0698e+02
1.39603e+17	4.7980e+03	1.150e-20	2.1544e+02	2.0402e+01	2.9098e-06	9.2752e-01	7.2479e-02	7.5615e-01	2.3390e-01	9.9557e-03	2.3177e-08	8.6921e-03	9.7504e-01	1.6264e-02	5.6827e-07	9.4215e-01	5.7841e-02	1.0506e-05	1.1755e-36	1.1755e-36	1.1755e-36	3.7278e-13	0.00e+00	0.00e+00	1.0825e+02
1.40611e+17	4.7305e+03	1.125e-20	2.1544e+02	2.0088e+01	3.2367e-06	9.2861e-01	7.1390e-02	7.6021e-01	2.3011e-01	9.6821e-03	2.5600e-08	8.5934e-03	9.7544e-01	1.5965e-02	5.6321e-07	9.4306e-01	5.6924e-02	1.0183e-05	1.1755e-36	1.1755e-36	1.1755e-36	4.4374e-13	0.00e+00	0.00e+00	1.0952e+02
1.41608e+17	4.6640e+03	1.102e-20	2.1544e+02	1.9782e+01	3.5997e-06	9.2967e-01	7.0327e-02	7.6412e-01	2.2646e-01	9.4209e-03	2.8258e-08	8.4976e-03	9.7582e-01	1.5678e-02	5.5849e-07	9.4396e-01	5.6029e-02	9.8786e-06	1.1755e-36	1.1755e-36	1.1755e-36	5.2795e-13	0.00e+00	0.00e+00	1.1078e+02
1.42597e+17	4.5981e+03	1.079e-20	2.1544e+02	1.9485e+01	4.0033e-06	9.3071e-01	6.9290e-02	7.6789e-01	2.2294e-01	9.1701e-03	3.1175e-08	8.4051e-03	9.7619e-01	1.5403e-02	5.5407e-07	9.4483e-01	5.5157e-02	9.5905e-06	1.1755e-36	1.1755e-36	1.1755e-36	6.2786e-13	0.00e+00	0.00e+00	1.1202e+02
1.43577e+17	4.5330e+03	1.057e-20	2.1544e+02	1.9195e+01	4.4516e-06	9.3172e-01	6.8278e-02	7.7155e-01	2.1953e-01	8.9292e-03	3.4371e-08	8.3155e-03	9.7654e-01	1.5139e-02	5.4994e-07	9.4568e-01	5.4305e-02	9.3177e-06	1.1755e-36	1.1755e-36	1.1755e-36	7.4618e-13	0.00e+00	0.00e+00	1.1326e+02
1.44550e+17	4.4685e+03	1.036e-20	2.1544e+02	1.8913e+01	4.9490e-06	9.3270e-01	6.7291e-02	7.7508e-01	2.1622e-01	8.6971e-03	3.7865e-08	8.2290e-03	9.7689e-01	1.4885e-02	5.4606e-07	9.4651e-01	5.3474e-02	9.0590e-06	1.1755e-36	1.1755e-36	1.1755e-36	8.8594e-13	0.00e+00	0.00e+00	1.1449e+02
1.45517e+17	4.4045e+03	1.016e-20	2.1544e+02	1.8638e+01	5.5009e-06	9.3367e-01	6.6325e-02	7.7852e-01	2.1301e-01	8.4730e-03	4.1681e-08	8.1452e-03	9.7721e-01	1.4640e-02	5.4242e-07	9.4733e-01	5.2662e-02	8.8132e-06	1.1755e-36	1.1755e-36	1.1755e-36	1.0507e-12	0.00e+00	0.00e+00	1.1571e+02
1.46480e+17	4.3408e+03	9.958e-21	2.1544e+02	1.8369e+01	6.1125e-06	9.3462e-01	6.5378e-02	7.8187e-01	2.0988e-01	8.2565e-03	4.5841e-08	8.0640e-03	9.7753e-01	1.4403e-02	5.3900e-07	9.4812e-01	5.1865e-02	8.5787e-06	1.1755e-36	1.1755e-36	1.1755e-36	1.2446e-12	0.00e+00	0.00e+00	1.1694e+02
1.47442e+17	4.2772e+03	9.767e-21	2.1544e+02	1.8105e+01	6.7918e-06	9.3555e-01	6.4441e-02	7.8513e-01	2.0682e-01	8.0463e-03	5.0378e-08	7.9851e-03	9.7784e-01	1.4173e-02	5.3577e-07	9.4891e-01	5.1076e-02	8.3539e-06	1.1755e-36	1.1755e-36	1.1755e-36	1.4727e-12	0.00e+00	0.00e+00	1.1816e+02
1.48402e+17	4.2140e+03	9.581e-21	2.1544e+02	1.7844e+01	7.5390e-06	9.3648e-01	6.3516e-02	7.8830e-01	2.0385e-01	7.8436e-03	5.5277e-08	7.9077e-03	9.7814e-01	1.3951e-02	5.3272e-07	9.4969e-01	5.0299e-02	8.1379e-06	1.1755e-36	1.1755e-36	1.1755e-36	1.7380e-12	0.00e+00	0.00e+00	1.1938e+02
1.49367e+17	4.1507e+03	9.398e-21	2.1544e+02	1.7585e+01	8.3656e-06	9.3740e-01	6.2591e-02	7.9142e-01	2.0093e-01	7.6463e-03	6.0591e-08	7.8316e-03	9.7843e-01	1.3733e-02	5.2981e-07	9.5047e-01	4.9521e-02	7.9282e-06	1.1755e-36	1.1755e-36	1.1755e-36	2.0475e-12	0.00e+00	0.00e+00	1.2062e+02
1.50343e+17	4.0872e+03	9.218e-21	2.1544e+02	1.7323e+01	9.2757e-06	9.3834e-01	6.1650e-02	7.9448e-01	1.9806e-01	7.4554e-03	6.6330e-08	7.7550e-03	9.7872e-01	1.3520e-02	5.2704e-07	9.5126e-01	4.8730e-02	7.7216e-06	1.1755e-36	1.1755e-36	1.1755e-36	2.4069e-12	0.00e+00	0.00e+00	1.2187e+02
1.51333e+17	4.0272e+03	9.035e-21	2.1544e+02	1.7044e+01	1.0209e-05	9.3925e-01	6.0744e-02	7.9731e-01	1.9540e-01	7.2866e-03	7.2114e-08	7.6691e-03	9.7901e-01	1.3319e-02	5.2438e-07	9.5202e-01	4.7969e-02	7.5195e-06	1.1755e-36	1.1755e-36	1.1755e-36	2.7932e-12	0.00e+00	0.00e+00	1.2315e+02
1.52380e+17	3.9622e+03	8.834e-21	2.1544e+02	1.6726e+01	1.1320e-05	9.4043e-01	5.9557e-02	8.0036e-01	1.9253e-01	7.1172e-03	7.9044e-08	7.5701e-03	9.7933e-01	1.3104e-02	5.2158e-07	9.5300e-01	4.6983e-02	7.2794e-06	1.1755e-36	1.1755e-36	1.1755e-36	3.2913e-12	0.00e+00	0.00e+00	1.2455e+02
