#depth	Te	Htot	hden	eden	2H_2/H	HI	HII	HeI	HeII	HeIII	CO/C	C1	C2	C3	C4	O1	O2	O3	O4	O5	O6	H2O/O	AV(point)	AV(extend)	Tau912
1.13206e+15	9.7491e+03	6.659e-22	1.0000e+01	1.1253e+01	8.6433e-13	8.3951e-03	9.9160e-01	4.2658e-03	4.6797e-01	5.2776e-01	1.7476e-16	3.8876e-04	1.3344e-01	7.9204e-01	7.1635e-02	1.2935e-03	1.3830e-01	7.1306e-01	1.4401e-01	3.3310e-03	9.9588e-06	2.5120e-24	0.00e+00	0.00e+00	1.1999e-03
6.79238e+15	9.7339e+03	6.643e-22	1.0000e+01	1.1239e+01	8.6606e-13	8.3748e-03	9.9163e-01	4.2613e-03	4.6787e-01	5.2787e-01	1.7289e-16	3.8656e-04	1.3328e-01	7.9197e-01	7.1872e-02	1.2854e-03	1.3776e-01	7.1359e-01	1.4402e-01	3.3297e-03	9.9757e-06	2.4784e-24	0.00e+00	0.00e+00	5.9881e-03
2.94336e+16	9.7133e+03	6.607e-22	1.0000e+01	1.1234e+01	8.6690e-13	8.3398e-03	9.9166e-01	4.2676e-03	4.6874e-01	5.2700e-01	1.6988e-16	3.8409e-04	1.3320e-01	7.9204e-01	7.1897e-02	1.2716e-03	1.3683e-01	7.1534e-01	1.4325e-01	3.2961e-03	9.9147e-06	2.4272e-24	0.00e+00	0.00e+00	2.5060e-02
1.19999e+17	9.6421e+03	6.518e-22	1.0000e+01	1.1229e+01	8.8717e-13	8.3012e-03	9.9170e-01	4.3301e-03	4.7467e-01	5.2100e-01	1.6498e-16	3.8213e-04	1.3343e-01	7.9279e-01	7.0997e-02	1.2515e-03	1.3517e-01	7.2157e-01	1.3886e-01	3.1309e-03	9.4858e-06	2.3547e-24	0.00e+00	0.00e+00	1.0100e-01
2.86638e+17	9.3890e+03	6.252e-22	1.0000e+01	1.1230e+01	8.9845e-13	7.9183e-03	9.9208e-01	4.3587e-03	4.7803e-01	5.1761e-01	1.3834e-16	3.6772e-04	1.3284e-01	7.9274e-01	7.1675e-02	1.1160e-03	1.2632e-01	7.3272e-01	1.3687e-01	2.9689e-03	9.3984e-06	1.8829e-24	0.00e+00	0.00e+00	1.9516e-01
4.85617e+17	9.1795e+03	6.036e-22	1.0000e+01	1.1226e+01	9.0812e-13	7.6187e-03	9.9238e-01	4.4139e-03	4.8621e-01	5.0938e-01	1.1763e-16	3.5576e-04	1.3208e-01	7.9398e-01	7.1300e-02	1.0141e-03	1.1927e-01	7.4439e-01	1.3256e-01	2.7590e-03	9.0705e-06	1.5528e-24	0.00e+00	0.00e+00	2.9596e-01
7.26635e+17	9.0352e+03	5.873e-22	1.0000e+01	1.1214e+01	9.3030e-13	7.4758e-03	9.9252e-01	4.5433e-03	5.0222e-01	4.9323e-01	1.0587e-16	3.4995e-04	1.3183e-01	7.9653e-01	6.9186e-02	9.6625e-04	1.1572e-01	7.5691e-01	1.2392e-01	2.4620e-03	8.2937e-06	1.3941e-24	0.00e+00	0.00e+00	4.2454e-01
1.03996e+18	8.9187e+03	5.723e-22	1.0000e+01	1.1192e+01	9.6469e-13	7.4210e-03	9.9258e-01	4.7579e-03	5.2758e-01	4.6766e-01	9.7716e-17	3.4763e-04	1.3194e-01	8.0028e-01	6.5566e-02	9.4741e-04	1.1415e-01	7.7152e-01	1.1129e-01	2.0861e-03	7.1634e-06	1.3098e-24	0.00e+00	0.00e+00	5.9047e-01
1.44728e+18	8.8229e+03	5.598e-22	1.0000e+01	1.1171e+01	1.0338e-12	7.5199e-03	9.9248e-01	5.1313e-03	5.6668e-01	4.2819e-01	9.5709e-17	3.5293e-04	1.3319e-01	8.0492e-01	5.9995e-02	9.7754e-04	1.1596e-01	7.8744e-01	9.3985e-02	1.6333e-03	5.6640e-06	1.3431e-24	0.00e+00	0.00e+00	8.0906e-01
1.97680e+18	8.7986e+03	5.469e-22	1.0000e+01	1.1108e+01	1.1278e-12	7.8102e-03	9.9219e-01	5.6700e-03	6.2230e-01	3.7203e-01	9.9889e-17	3.6554e-04	1.3522e-01	8.1040e-01	5.2825e-02	1.0705e-03	1.2178e-01	8.0310e-01	7.2889e-02	1.1539e-03	3.9955e-06	1.5197e-24	0.00e+00	0.00e+00	1.1042e+00
2.57879e+18	8.7974e+03	5.381e-22	1.0000e+01	1.1047e+01	1.2928e-12	8.3547e-03	9.9165e-01	6.3933e-03	6.8942e-01	3.0419e-01	1.1449e-16	3.8948e-04	1.3875e-01	8.1486e-01	4.5120e-02	1.2518e-03	1.3246e-01	8.1318e-01	5.2352e-02	7.4719e-04	2.5422e-06	1.9419e-24	0.00e+00	0.00e+00	1.4235e+00
3.10837e+18	8.8328e+03	5.346e-22	1.0000e+01	1.0988e+01	1.4980e-12	9.0556e-03	9.9094e-01	7.0738e-03	7.4721e-01	2.4572e-01	1.3852e-16	4.1784e-04	1.4252e-01	8.1731e-01	3.9080e-02	1.4956e-03	1.4529e-01	8.1493e-01	3.7793e-02	4.9678e-04	1.6341e-06	2.6203e-24	0.00e+00	0.00e+00	1.6829e+00
3.49717e+18	8.8823e+03	5.346e-22	1.0000e+01	1.0945e+01	1.7098e-12	9.7563e-03	9.9024e-01	7.5909e-03	7.8550e-01	2.0691e-01	1.6849e-16	4.4504e-04	1.4596e-01	8.1794e-01	3.5100e-02	1.7525e-03	1.5736e-01	8.1131e-01	2.9217e-02	3.6461e-04	1.1513e-06	3.4795e-24	0.00e+00	0.00e+00	1.8824e+00
3.79938e+18	8.9235e+03	5.360e-22	1.0000e+01	1.0914e+01	1.9392e-12	1.0449e-02	9.8955e-01	8.0278e-03	8.1195e-01	1.8002e-01	2.0522e-16	4.7262e-04	1.4949e-01	8.1738e-01	3.2179e-02	2.0261e-03	1.6922e-01	8.0483e-01	2.3646e-02	2.8512e-04	8.6156e-07	4.5459e-24	0.00e+00	0.00e+00	2.0674e+00
4.12202e+18	8.9537e+03	5.399e-22	1.0000e+01	1.0887e+01	2.2806e-12	1.1348e-02	9.8865e-01	8.5070e-03	8.3736e-01	1.5414e-01	2.6004e-16	5.0545e-04	1.5356e-01	8.1635e-01	2.9190e-02	2.3826e-03	1.8243e-01	7.9631e-01	1.8657e-02	2.1815e-04	6.2127e-07	6.2400e-24	0.00e+00	0.00e+00	2.3287e+00
4.47213e+18	9.0272e+03	5.432e-22	1.0000e+01	1.0851e+01	2.6907e-12	1.2461e-02	9.8754e-01	9.0750e-03	8.6004e-01	1.3088e-01	3.4959e-16	5.5098e-04	1.5927e-01	8.1354e-01	2.6294e-02	2.9136e-03	2.0205e-01	7.8048e-01	1.4389e-02	1.6591e-04	4.3630e-07	9.1000e-24	0.00e+00	0.00e+00	2.5926e+00
4.76473e+18	9.0998e+03	5.491e-22	1.0000e+01	1.0826e+01	3.1020e-12	1.3533e-02	9.8647e-01	9.5047e-03	8.7589e-01	1.1460e-01	4.4732e-16	5.8829e-04	1.6361e-01	8.1140e-01	2.4103e-02	3.4330e-03	2.1827e-01	7.6655e-01	1.1606e-02	1.3416e-04	3.2571e-07	1.2544e-23	0.00e+00	0.00e+00	2.8060e+00
5.00888e+18	9.1490e+03	5.557e-22	1.0000e+01	1.0808e+01	3.5524e-12	1.4570e-02	9.8543e-01	9.8737e-03	8.8761e-01	1.0251e-01	5.5702e-16	6.2167e-04	1.6747e-01	8.0933e-01	2.2319e-02	3.9512e-03	2.3245e-01	7.5383e-01	9.6492e-03	1.1284e-04	2.5334e-07	1.6670e-23	0.00e+00	0.00e+00	3.0254e+00
5.28327e+18	9.2230e+03	5.618e-22	1.0000e+01	1.0786e+01	4.1431e-12	1.5900e-02	9.8410e-01	1.0375e-02	8.9914e-01	9.0482e-02	7.3593e-16	6.6995e-04	1.7313e-01	8.0561e-01	2.0357e-02	4.7078e-03	2.5255e-01	7.3490e-01	7.7555e-03	9.3181e-05	1.8890e-07	2.3622e-23	0.00e+00	0.00e+00	3.3368e+00
5.58306e+18	9.3107e+03	5.707e-22	1.0000e+01	1.0755e+01	4.9107e-12	1.7540e-02	9.8246e-01	1.0911e-02	9.0945e-01	7.9642e-02	9.9741e-16	7.2237e-04	1.7921e-01	8.0147e-01	1.8395e-02	5.6980e-03	2.7559e-01	7.1250e-01	6.1317e-03	7.7233e-05	1.3806e-07	3.4638e-23	0.00e+00	0.00e+00	3.6572e+00
5.83524e+18	9.3925e+03	5.801e-22	1.0000e+01	1.0733e+01	5.7033e-12	1.9139e-02	9.8086e-01	1.1369e-02	9.1662e-01	7.2011e-02	1.3018e-15	7.7017e-04	1.8457e-01	7.9765e-01	1.6823e-02	6.7198e-03	2.9646e-01	6.9173e-01	5.0253e-03	6.6765e-05	1.1755e-36	4.8511e-23	0.00e+00	0.00e+00	3.9170e+00
6.03912e+18	9.4568e+03	5.877e-22	1.0000e+01	1.0711e+01	6.4886e-12	2.0601e-02	9.7940e-01	1.1803e-02	9.2177e-01	6.6423e-02	1.6381e-15	8.1357e-04	1.8961e-01	7.9384e-01	1.5576e-02	7.7311e-03	3.1556e-01	6.7240e-01	4.2496e-03	5.9523e-05	1.1755e-36	6.4579e-23	0.00e+00	0.00e+00	4.1677e+00
6.26081e+18	9.5211e+03	5.964e-22	1.0000e+01	1.0690e+01	7.5328e-12	2.2380e-02	9.7762e-01	1.2307e-02	9.2697e-01	6.0724e-02	2.1210e-15	8.6535e-04	1.9554e-01	7.8920e-01	1.4244e-02	9.0162e-03	3.3715e-01	6.5026e-01	3.5157e-03	5.2687e-05	1.1755e-36	8.8991e-23	0.00e+00	0.00e+00	4.5218e+00
6.54900e+18	9.6059e+03	6.078e-22	1.0000e+01	1.0657e+01	9.2089e-12	2.5014e-02	9.7499e-01	1.3051e-02	9.3269e-01	5.4262e-02	3.0083e-15	9.3931e-04	2.0418e-01	7.8215e-01	1.2602e-02	1.1079e-02	3.6822e-01	6.1793e-01	2.7281e-03	4.5293e-05	1.1755e-36	1.3681e-22	0.00e+00	0.00e+00	5.0363e+00
6.83863e+18	9.7054e+03	6.213e-22	1.0000e+01	1.0621e+01	1.1342e-11	2.8150e-02	9.7185e-01	1.3839e-02	9.3708e-01	4.9085e-02	4.3257e-15	1.0194e-03	2.1347e-01	7.7434e-01	1.1065e-02	1.3711e-02	4.0211e-01	5.8203e-01	2.1063e-03	3.9259e-05	1.1755e-36	2.1441e-22	0.00e+00	0.00e+00	5.4867e+00
7.06589e+18	9.7748e+03	6.328e-22	1.0000e+01	1.0590e+01	1.3584e-11	3.1070e-02	9.6893e-01	1.4553e-02	9.3997e-01	4.5478e-02	5.8538e-15	1.0910e-03	2.2179e-01	7.6713e-01	9.8985e-03	1.6315e-02	4.3090e-01	5.5105e-01	1.7004e-03	3.5058e-05	1.1755e-36	3.1119e-22	0.00e+00	0.00e+00	5.8811e+00
7.29710e+18	9.8437e+03	6.431e-22	1.0000e+01	1.0552e+01	1.6431e-11	3.4438e-02	9.6556e-01	1.5419e-02	9.4264e-01	4.1939e-02	8.0580e-15	1.1721e-03	2.3149e-01	7.5849e-01	8.7622e-03	1.9529e-02	4.6225e-01	5.1684e-01	1.3481e-03	3.1125e-05	1.1755e-36	4.5922e-22	0.00e+00	0.00e+00	6.4494e+00
7.59767e+18	9.9179e+03	6.583e-22	1.0000e+01	1.0510e+01	2.1473e-11	3.9628e-02	9.6037e-01	1.6684e-02	9.4546e-01	3.7853e-02	1.2406e-14	1.2905e-03	2.4554e-01	7.4571e-01	7.3864e-03	2.4733e-02	5.0401e-01	4.7025e-01	9.8312e-04	2.6539e-05	1.1755e-36	7.7788e-22	0.00e+00	0.00e+00	7.2995e+00
7.89508e+18	1.0016e+04	6.726e-22	1.0000e+01	1.0435e+01	2.8296e-11	4.6041e-02	9.5396e-01	1.8163e-02	9.4713e-01	3.4711e-02	1.9448e-14	1.4183e-03	2.6135e-01	7.3103e-01	6.1419e-03	3.1651e-02	5.4921e-01	4.1842e-01	7.0271e-04	2.2360e-05	1.1755e-36	1.3458e-21	0.00e+00	0.00e+00	8.0408e+00
8.11377e+18	1.0061e+04	6.842e-22	1.0000e+01	1.0361e+01	3.5800e-11	5.1906e-02	9.4809e-01	1.9509e-02	9.4789e-01	3.2598e-02	2.7738e-14	1.5259e-03	2.7493e-01	7.1821e-01	5.2789e-03	3.8246e-02	5.8329e-01	3.7791e-01	5.3694e-04	1.9417e-05	1.1755e-36	2.0733e-21	0.00e+00	0.00e+00	8.6384e+00
8.29248e+18	1.0099e+04	6.931e-22	1.0000e+01	1.0302e+01	4.3660e-11	5.7431e-02	9.4257e-01	2.0772e-02	9.4829e-01	3.0936e-02	3.7409e-14	1.6233e-03	2.8738e-01	7.0633e-01	4.6219e-03	4.4665e-02	6.1062e-01	3.4428e-01	4.2495e-04	1.7124e-05	1.1755e-36	2.9830e-21	0.00e+00	0.00e+00	9.2731e+00
8.49377e+18	1.0132e+04	7.022e-22	1.0000e+01	1.0228e+01	5.5174e-11	6.4560e-02	9.3544e-01	2.2396e-02	9.4848e-01	2.9122e-02	5.2784e-14	1.7421e-03	3.0286e-01	6.9142e-01	3.9399e-03	5.3157e-02	6.3991e-01	3.0659e-01	3.2175e-04	1.4696e-05	1.1755e-36	4.5315e-21	0.00e+00	0.00e+00	1.0201e+01
8.71337e+18	1.0160e+04	7.151e-22	1.0000e+01	1.0159e+01	7.3398e-11	7.4290e-02	9.2571e-01	2.4500e-02	9.4812e-01	2.7376e-02	7.9368e-14	1.8920e-03	3.2219e-01	6.7263e-01	3.2482e-03	6.4946e-02	6.7051e-01	2.6431e-01	2.3087e-04	1.2109e-05	1.1755e-36	7.4799e-21	0.00e+00	0.00e+00	1.1193e+01
8.89874e+18	1.0190e+04	7.242e-22	1.0000e+01	1.0063e+01	9.4824e-11	8.4331e-02	9.1567e-01	2.6613e-02	9.4727e-01	2.6117e-02	1.1379e-13	2.0258e-03	3.4054e-01	6.5468e-01	2.7180e-03	7.7359e-02	6.9431e-01	2.2815e-01	1.7004e-04	1.0049e-05	1.1755e-36	1.1653e-20	0.00e+00	0.00e+00	1.2041e+01
9.04377e+18	1.0201e+04	7.286e-22	1.0000e+01	9.9470e+00	1.1682e-10	9.3272e-02	9.0673e-01	2.8508e-02	9.4628e-01	2.5209e-02	1.5066e-13	2.1281e-03	3.5601e-01	6.3949e-01	2.3474e-03	8.8549e-02	7.1025e-01	2.0105e-01	1.3236e-04	8.5917e-06	1.1755e-36	1.6418e-20	0.00e+00	0.00e+00	1.2812e+01
9.19436e+18	1.0210e+04	7.335e-22	1.0000e+01	9.8553e+00	1.4629e-10	1.0381e-01	8.9619e-01	3.0800e-02	9.4501e-01	2.4189e-02	2.0414e-13	2.2530e-03	3.7395e-01	6.2178e-01	1.9936e-03	1.0173e-01	7.2340e-01	1.7476e-01	1.0083e-04	7.2007e-06	1.1755e-36	2.3877e-20	0.00e+00	0.00e+00	1.3927e+01
9.35636e+18	1.0224e+04	7.362e-22	1.0000e+01	9.7073e+00	1.8827e-10	1.1712e-01	8.8288e-01	3.3568e-02	9.4314e-01	2.3295e-02	2.8466e-13	2.3811e-03	3.9442e-01	6.0153e-01	1.6555e-03	1.1844e-01	7.3403e-01	1.4744e-01	7.3845e-05	5.8342e-06	1.1755e-36	3.6040e-20	0.00e+00	0.00e+00	1.5065e+01
9.49414e+18	1.0221e+04	7.393e-22	1.0000e+01	9.5886e+00	2.3862e-10	1.3077e-01	8.6923e-01	3.6406e-02	9.4104e-01	2.2552e-02	3.8607e-13	2.5062e-03	4.1417e-01	5.8191e-01	1.3917e-03	1.3546e-01	7.3911e-01	1.2536e-01	5.5508e-05	4.7621e-06	1.1755e-36	5.2760e-20	0.00e+00	0.00e+00	1.6070e+01
9.60685e+18	1.0215e+04	7.384e-22	1.0000e+01	9.4604e+00	2.9027e-10	1.4305e-01	8.5695e-01	3.9021e-02	9.3898e-01	2.1999e-02	4.9369e-13	2.6041e-03	4.3129e-01	5.6489e-01	1.2010e-03	1.5075e-01	7.4037e-01	1.0883e-01	4.3699e-05	3.9974e-06	1.1755e-36	7.1663e-20	0.00e+00	0.00e+00	1.7006e+01
9.72603e+18	1.0197e+04	7.330e-22	1.0000e+01	9.2894e+00	3.5617e-10	1.5667e-01	8.4333e-01	4.2049e-02	9.3654e-01	2.1410e-02	6.3238e-13	2.6978e-03	4.4989e-01	5.4638e-01	1.0251e-03	1.6764e-01	7.3889e-01	9.3430e-02	3.4005e-05	3.3167e-06	1.1755e-36	9.7256e-20	0.00e+00	0.00e+00	1.8339e+01
9.85806e+18	1.0188e+04	7.281e-22	1.0000e+01	9.1201e+00	4.5283e-10	1.7459e-01	8.2541e-01	4.5936e-02	9.3324e-01	2.0824e-02	8.5065e-13	2.8147e-03	4.7240e-01	5.2392e-01	8.4793e-04	1.8960e-01	7.3299e-01	7.7383e-02	2.5253e-05	2.6252e-06	1.1755e-36	1.4141e-19	0.00e+00	0.00e+00	1.9765e+01
9.97362e+18	1.0168e+04	7.197e-22	1.0000e+01	8.9267e+00	5.6413e-10	1.9216e-01	8.0784e-01	4.9787e-02	9.2982e-01	2.0394e-02	1.1033e-12	2.9051e-03	4.9307e-01	5.0330e-01	7.1291e-04	2.1093e-01	7.2428e-01	6.4769e-02	1.9320e-05	2.1098e-06	1.1755e-36	1.9647e-19	0.00e+00	0.00e+00	2.1000e+01
1.00693e+19	1.0138e+04	7.123e-22	1.0000e+01	8.7888e+00	6.8298e-10	2.0833e-01	7.9167e-01	5.3575e-02	9.2643e-01	1.9994e-02	1.3822e-12	2.9954e-03	5.1201e-01	4.8438e-01	6.1167e-04	2.3032e-01	7.1425e-01	5.5410e-02	1.5392e-05	1.7381e-06	1.1755e-36	2.6182e-19	0.00e+00	0.00e+00	2.2178e+01
1.01724e+19	1.0110e+04	6.983e-22	1.0000e+01	8.5945e+00	8.2792e-10	2.2580e-01	7.7420e-01	5.7898e-02	9.2249e-01	1.9612e-02	1.7260e-12	3.0691e-03	5.3214e-01	4.6427e-01	5.1880e-04	2.5115e-01	7.0203e-01	4.6813e-02	1.2159e-05	1.4152e-06	1.1755e-36	3.4625e-19	0.00e+00	0.00e+00	2.3839e+01
1.02869e+19	1.0069e+04	6.824e-22	1.0000e+01	8.3720e+00	1.0426e-09	2.4820e-01	7.5180e-01	6.3354e-02	9.1741e-01	1.9233e-02	2.2425e-12	3.1500e-03	5.5559e-01	4.4083e-01	4.2730e-04	2.7744e-01	6.8440e-01	3.8156e-02	9.2446e-06	1.1015e-06	1.1755e-36	4.8470e-19	0.00e+00	0.00e+00	2.5604e+01
1.03893e+19	1.0030e+04	6.642e-22	1.0000e+01	8.1461e+00	1.2844e-09	2.6994e-01	7.3006e-01	6.8867e-02	9.1217e-01	1.8960e-02	2.8298e-12	3.2097e-03	5.7729e-01	4.1914e-01	3.5694e-04	3.0261e-01	6.6596e-01	3.1422e-02	7.2258e-06	8.6980e-07	1.1755e-36	6.5441e-19	0.00e+00	0.00e+00	2.7175e+01
1.04773e+19	9.9907e+03	6.454e-22	1.0000e+01	7.9414e+00	1.5312e-09	2.8912e-01	7.1088e-01	7.4158e-02	9.0711e-01	1.8733e-02	3.4315e-12	3.2535e-03	5.9642e-01	4.0001e-01	3.0482e-04	3.2459e-01	6.4890e-01	2.6498e-02	5.8822e-06	7.0807e-07	1.1755e-36	8.3857e-19	0.00e+00	0.00e+00	2.8705e+01
1.05737e+19	9.9389e+03	6.222e-22	1.0000e+01	7.7047e+00	1.8516e-09	3.1052e-01	6.8948e-01	8.0477e-02	9.0106e-01	1.8463e-02	4.2047e-12	3.2914e-03	6.1741e-01	3.7903e-01	2.5543e-04	3.4882e-01	6.2923e-01	2.1946e-02	4.7328e-06	5.6493e-07	1.1755e-36	1.0892e-18	0.00e+00	0.00e+00	3.0841e+01
1.06990e+19	9.8708e+03	5.906e-22	1.0000e+01	7.3884e+00	2.3850e-09	3.4123e-01	6.5877e-01	8.9661e-02	8.9218e-01	1.8156e-02	5.5088e-12	3.3250e-03	6.4489e-01	3.5158e-01	2.0086e-04	3.8300e-01	6.0009e-01	1.6906e-02	3.5600e-06	4.1324e-07	1.1755e-36	1.5530e-18	0.00e+00	0.00e+00	3.3893e+01
1.08225e+19	9.8004e+03	5.558e-22	1.0000e+01	7.0313e+00	3.1094e-09	3.7601e-01	6.2399e-01	1.0006e-01	8.8191e-01	1.8027e-02	7.2746e-12	3.3254e-03	6.7236e-01	3.2415e-01	1.5661e-04	4.2092e-01	5.6638e-01	1.2695e-02	2.6652e-06	2.9374e-07	1.1755e-36	2.2570e-18	0.00e+00	0.00e+00	3.6393e+01
1.09134e+19	9.7231e+03	5.277e-22	1.0000e+01	6.7823e+00	3.7815e-09	4.0193e-01	5.9807e-01	1.0936e-01	8.7275e-01	1.7899e-02	8.8846e-12	3.3295e-03	6.9383e-01	3.0271e-01	1.2945e-04	4.4875e-01	5.4102e-01	1.0224e-02	2.1776e-06	2.2746e-07	1.1755e-36	2.9475e-18	0.00e+00	0.00e+00	3.8337e+01
1.09934e+19	9.6730e+03	5.002e-22	1.0000e+01	6.5486e+00	4.3938e-09	4.2269e-01	5.7731e-01	1.1789e-01	8.6431e-01	1.7799e-02	1.0359e-11	3.3137e-03	7.1169e-01	2.8489e-01	1.0979e-04	4.7081e-01	5.2069e-01	8.5019e-03	1.8570e-06	1.8367e-07	1.1755e-36	3.6103e-18	0.00e+00	0.00e+00	4.0564e+01
1.10819e+19	9.5878e+03	4.708e-22	1.0000e+01	6.2870e+00	5.2848e-09	4.4794e-01	5.5206e-01	1.2829e-01	8.5406e-01	1.7644e-02	1.2397e-11	3.2884e-03	7.3131e-01	2.6531e-01	9.0843e-05	4.9725e-01	4.9589e-01	6.8587e-03	1.5536e-06	1.4316e-07	1.1755e-36	4.6030e-18	0.00e+00	0.00e+00	4.3209e+01
1.11736e+19	9.5071e+03	4.395e-22	1.0000e+01	6.0023e+00	6.3902e-09	4.7561e-01	5.2439e-01	1.4005e-01	8.4236e-01	1.7585e-02	1.4936e-11	3.2413e-03	7.5108e-01	2.4560e-01	7.4346e-05	5.2579e-01	4.6879e-01	5.4226e-03	1.2926e-06	1.1755e-36	1.1755e-36	5.9484e-18	0.00e+00	0.00e+00	4.5909e+01
1.12565e+19	9.4195e+03	4.112e-22	1.0000e+01	5.7484e+00	7.6401e-09	5.0147e-01	4.9853e-01	1.5211e-01	8.3038e-01	1.7513e-02	1.7745e-11	3.1955e-03	7.6897e-01	2.2777e-01	6.1754e-05	5.5211e-01	4.4354e-01	4.3478e-03	1.0983e-06	1.1755e-36	1.1755e-36	7.5721e-18	0.00e+00	0.00e+00	4.8309e+01
1.13287e+19	9.3641e+03	3.852e-22	1.0000e+01	5.5146e+00	8.7452e-09	5.2198e-01	4.7802e-01	1.6298e-01	8.1950e-01	1.7513e-02	2.0227e-11	3.1357e-03	7.8355e-01	2.1326e-01	5.2745e-05	5.7275e-01	4.2365e-01	3.5985e-03	9.6620e-07	1.1755e-36	1.1755e-36	9.0762e-18	0.00e+00	0.00e+00	5.0572e+01
1.13954e+19	9.2744e+03	3.627e-22	1.0000e+01	5.3148e+00	1.0090e-08	5.4221e-01	4.5779e-01	1.7451e-01	8.0806e-01	1.7426e-02	2.3056e-11	3.0890e-03	7.9732e-01	1.9954e-01	4.5340e-05	5.9289e-01	4.0410e-01	3.0028e-03	8.5718e-07	1.1755e-36	1.1755e-36	1.0917e-17	0.00e+00	0.00e+00	5.2790e+01
1.14486e+19	9.2251e+03	3.445e-22	1.0000e+01	5.1470e+00	1.1179e-08	5.5777e-01	4.4223e-01	1.8382e-01	7.9874e-01	1.7435e-02	2.5423e-11	3.0386e-03	8.0755e-01	1.8937e-01	4.0373e-05	6.0824e-01	3.8916e-01	2.5957e-03	7.8257e-07	1.1755e-36	1.1755e-36	1.2545e-17	0.00e+00	0.00e+00	5.4251e+01
1.14863e+19	9.1753e+03	3.318e-22	1.0000e+01	5.0378e+00	1.2010e-08	5.6749e-01	4.3251e-01	1.9115e-01	7.9146e-01	1.7383e-02	2.7080e-11	3.0087e-03	8.1492e-01	1.8203e-01	3.7182e-05	6.1780e-01	3.7985e-01	2.3527e-03	7.3898e-07	1.1755e-36	1.1755e-36	1.3684e-17	0.00e+00	0.00e+00	5.5471e+01
1.15253e+19	9.1235e+03	3.189e-22	1.0000e+01	4.9275e+00	1.2940e-08	5.7769e-01	4.2231e-01	1.9904e-01	7.8367e-01	1.7293e-02	2.8939e-11	2.9776e-03	8.2245e-01	1.7454e-01	3.4059e-05	6.2776e-01	3.7011e-01	2.1219e-03	6.9645e-07	1.1755e-36	1.1755e-36	1.5009e-17	0.00e+00	0.00e+00	5.7074e+01
1.15743e+19	9.0619e+03	3.030e-22	1.0000e+01	4.7779e+00	1.4272e-08	5.9176e-01	4.0824e-01	2.0888e-01	7.7388e-01	1.7236e-02	3.1612e-11	2.9273e-03	8.3133e-01	1.6571e-01	3.0509e-05	6.4142e-01	3.5673e-01	1.8511e-03	6.4339e-07	1.1755e-36	1.1755e-36	1.7053e-17	0.00e+00	0.00e+00	5.9087e+01
1.16251e+19	8.9940e+03	2.872e-22	1.0000e+01	4.6189e+00	1.5919e-08	6.0792e-01	3.9208e-01	2.1956e-01	7.6323e-01	1.7212e-02	3.4930e-11	2.8694e-03	8.4023e-01	1.5687e-01	2.7214e-05	6.5696e-01	3.4145e-01	1.5924e-03	5.8905e-07	1.1755e-36	1.1755e-36	1.9798e-17	0.00e+00	0.00e+00	6.0922e+01
1.16674e+19	8.9501e+03	2.739e-22	1.0000e+01	4.4833e+00	1.7233e-08	6.1982e-01	3.8018e-01	2.2846e-01	7.5430e-01	1.7239e-02	3.7554e-11	2.8144e-03	8.4714e-01	1.5002e-01	2.4867e-05	6.6832e-01	3.3026e-01	1.4112e-03	5.5147e-07	1.1755e-36	1.1755e-36	2.2028e-17	0.00e+00	0.00e+00	6.2360e+01
1.17045e+19	8.9015e+03	2.627e-22	1.0000e+01	4.3760e+00	1.8481e-08	6.2953e-01	3.7047e-01	2.3712e-01	7.4568e-01	1.7194e-02	3.9954e-11	2.7734e-03	8.5335e-01	1.4386e-01	2.2949e-05	6.7758e-01	3.2115e-01	1.2721e-03	5.2243e-07	1.1755e-36	1.1755e-36	2.4101e-17	0.00e+00	0.00e+00	6.3851e+01
1.17463e+19	8.8342e+03	2.504e-22	1.0000e+01	4.2527e+00	2.0159e-08	6.4104e-01	3.5896e-01	2.4723e-01	7.3565e-01	1.7122e-02	4.3017e-11	2.7249e-03	8.6018e-01	1.3707e-01	2.0942e-05	6.8848e-01	3.1040e-01	1.1280e-03	4.9052e-07	1.1755e-36	1.1755e-36	2.6902e-17	0.00e+00	0.00e+00	6.5720e+01
1.17933e+19	8.7708e+03	2.369e-22	1.0000e+01	4.1073e+00	2.2175e-08	6.5468e-01	3.4532e-01	2.5840e-01	7.2449e-01	1.7109e-02	4.6828e-11	2.6611e-03	8.6731e-01	1.3001e-01	1.8948e-05	7.0130e-01	2.9772e-01	9.8032e-04	4.5547e-07	1.1755e-36	1.1755e-36	3.0634e-17	0.00e+00	0.00e+00	6.7691e+01
1.18376e+19	8.7085e+03	2.247e-22	1.0000e+01	3.9733e+00	2.4278e-08	6.6758e-01	3.3242e-01	2.6946e-01	7.1344e-01	1.7097e-02	5.0782e-11	2.6008e-03	8.7381e-01	1.2357e-01	1.7276e-05	7.1335e-01	2.8579e-01	8.5712e-04	4.2465e-07	1.1755e-36	1.1755e-36	3.4729e-17	0.00e+00	0.00e+00	6.9422e+01
1.18765e+19	8.6604e+03	2.142e-22	1.0000e+01	3.8590e+00	2.6072e-08	6.7748e-01	3.2252e-01	2.7939e-01	7.0353e-01	1.7085e-02	5.4100e-11	2.5471e-03	8.7925e-01	1.1819e-01	1.5986e-05	7.2255e-01	2.7668e-01	7.6561e-04	4.0198e-07	1.1755e-36	1.1755e-36	3.8237e-17	0.00e+00	0.00e+00	7.0991e+01
1.19157e+19	8.5896e+03	2.041e-22	1.0000e+01	3.7503e+00	2.8302e-08	6.8755e-01	3.1245e-01	2.9035e-01	6.9265e-01	1.6994e-02	5.7921e-11	2.4984e-03	8.8482e-01	1.1266e-01	1.4767e-05	7.3189e-01	2.6743e-01	6.8262e-04	3.8024e-07	1.1755e-36	1.1755e-36	4.2484e-17	0.00e+00	0.00e+00	7.2804e+01
1.19596e+19	8.5156e+03	1.931e-22	1.0000e+01	3.6275e+00	3.1026e-08	6.9943e-01	3.0057e-01	3.0275e-01	6.8034e-01	1.6918e-02	6.2730e-11	2.4401e-03	8.9073e-01	1.0681e-01	1.3537e-05	7.4282e-01	2.5658e-01	5.9759e-04	3.5609e-07	1.1755e-36	1.1755e-36	4.8191e-17	0.00e+00	0.00e+00	7.4833e+01
1.20037e+19	8.4491e+03	1.824e-22	1.0000e+01	3.4980e+00	3.3893e-08	7.1109e-01	2.8891e-01	3.1488e-01	6.6821e-01	1.6910e-02	6.7745e-11	2.3740e-03	8.9617e-01	1.0145e-01	1.2464e-05	7.5350e-01	2.4598e-01	5.2257e-04	3.3362e-07	1.1755e-36	1.1755e-36	5.4506e-17	0.00e+00	0.00e+00	7.6731e+01
1.20442e+19	8.3911e+03	1.730e-22	1.0000e+01	3.3854e+00	3.6574e-08	7.2084e-01	2.7916e-01	3.2641e-01	6.5671e-01	1.6876e-02	7.2412e-11	2.3155e-03	9.0096e-01	9.6712e-02	1.1592e-05	7.6238e-01	2.3715e-01	4.6356e-04	3.1559e-07	1.1755e-36	1.1755e-36	6.0593e-17	0.00e+00	0.00e+00	7.8494e+01
1.20843e+19	8.3125e+03	1.641e-22	1.0000e+01	3.2801e+00	3.9820e-08	7.3037e-01	2.6963e-01	3.3882e-01	6.4441e-01	1.6772e-02	7.7663e-11	2.2623e-03	9.0572e-01	9.2010e-02	1.0798e-05	7.7104e-01	2.2855e-01	4.1184e-04	2.9884e-07	1.1755e-36	1.1755e-36	6.7835e-17	0.00e+00	0.00e+00	8.0402e+01
1.21271e+19	8.2351e+03	1.550e-22	1.0000e+01	3.1669e+00	4.3498e-08	7.4059e-01	2.5941e-01	3.5204e-01	6.3127e-01	1.6686e-02	8.3719e-11	2.2024e-03	9.1048e-01	8.7305e-02	1.0040e-05	7.8027e-01	2.1937e-01	3.6225e-04	2.8163e-07	1.1755e-36	1.1755e-36	7.6699e-17	0.00e+00	0.00e+00	8.2471e+01
1.21708e+19	8.1530e+03	1.462e-22	1.0000e+01	3.0537e+00	4.7711e-08	7.5118e-01	2.4882e-01	3.6586e-01	6.1754e-01	1.6592e-02	9.0671e-11	2.1413e-03	9.1510e-01	8.2746e-02	9.3499e-06	7.8979e-01	2.0989e-01	3.1717e-04	2.6462e-07	1.1755e-36	1.1755e-36	8.7593e-17	0.00e+00	0.00e+00	8.4523e+01
1.22123e+19	8.0822e+03	1.381e-22	1.0000e+01	2.9467e+00	5.1762e-08	7.6024e-01	2.3976e-01	3.7877e-01	6.0470e-01	1.6526e-02	9.7233e-11	2.0811e-03	9.1915e-01	7.8764e-02	8.7830e-06	7.9790e-01	2.0182e-01	2.8076e-04	2.5055e-07	1.1755e-36	1.1755e-36	9.8380e-17	0.00e+00	0.00e+00	8.6433e+01
1.22530e+19	7.9932e+03	1.307e-22	1.0000e+01	2.8488e+00	5.6583e-08	7.6885e-01	2.3115e-01	3.9246e-01	5.9115e-01	1.6383e-02	1.0461e-10	2.0274e-03	9.2309e-01	7.4874e-02	8.2762e-06	8.0559e-01	1.9416e-01	2.4947e-04	2.3771e-07	1.1755e-36	1.1755e-36	1.1127e-16	0.00e+00	0.00e+00	8.8449e+01
1.22960e+19	7.9034e+03	1.231e-22	1.0000e+01	2.7463e+00	6.2063e-08	7.7789e-01	2.2211e-01	4.0693e-01	5.7683e-01	1.6242e-02	1.1312e-10	1.9693e-03	9.2700e-01	7.1024e-02	7.7979e-06	8.1362e-01	1.8616e-01	2.1998e-04	2.2470e-07	1.1755e-36	1.1755e-36	1.2713e-16	0.00e+00	0.00e+00	9.0632e+01
1.23403e+19	7.8212e+03	1.158e-22	1.0000e+01	2.6416e+00	6.7860e-08	7.8692e-01	2.1308e-01	4.2155e-01	5.6232e-01	1.6128e-02	1.2239e-10	1.9077e-03	9.3070e-01	6.7388e-02	7.3659e-06	8.2161e-01	1.7819e-01	1.9332e-04	2.1210e-07	1.1755e-36	1.1755e-36	1.4550e-16	0.00e+00	0.00e+00	9.2830e+01
1.23838e+19	7.7186e+03	1.090e-22	1.0000e+01	2.5443e+00	7.5007e-08	7.9569e-01	2.0431e-01	4.3664e-01	5.4741e-01	1.5948e-02	1.3324e-10	1.8513e-03	9.3420e-01	6.3936e-02	6.9886e-06	8.2934e-01	1.7049e-01	1.7057e-04	2.0036e-07	1.1755e-36	1.1755e-36	1.6885e-16	0.00e+00	0.00e+00	9.4978e+01
1.24259e+19	7.6249e+03	1.028e-22	1.0000e+01	2.4524e+00	8.2187e-08	8.0331e-01	1.9669e-01	4.5115e-01	5.3307e-01	1.5784e-02	1.4405e-10	1.7965e-03	9.3735e-01	6.0849e-02	6.6706e-06	8.3604e-01	1.6381e-01	1.5176e-04	1.9041e-07	1.1755e-36	1.1755e-36	1.9348e-16	0.00e+00	0.00e+00	9.7077e+01
1.24687e+19	7.5157e+03	9.694e-23	1.0000e+01	2.3653e+00	9.0990e-08	8.1101e-01	1.8899e-01	4.6667e-01	5.1779e-01	1.5541e-02	1.5717e-10	1.7452e-03	9.4046e-01	5.7786e-02	6.3774e-06	8.4279e-01	1.5707e-01	1.3486e-04	1.8066e-07	1.1755e-36	1.1755e-36	2.2578e-16	0.00e+00	0.00e+00	9.9339e+01
1.25136e+19	7.4035e+03	9.106e-23	1.0000e+01	2.2731e+00	1.0119e-07	8.1890e-01	1.8110e-01	4.8251e-01	5.0217e-01	1.5322e-02	1.7242e-10	1.6892e-03	9.4344e-01	5.4864e-02	6.1081e-06	8.4968e-01	1.5020e-01	1.1928e-04	1.7095e-07	1.1755e-36	1.1755e-36	2.6649e-16	0.00e+00	0.00e+00	1.0170e+02
1.25588e+19	7.2871e+03	8.553e-23	1.0000e+01	2.1836e+00	1.1285e-07	8.2652e-01	1.7348e-01	4.9840e-01	4.8651e-01	1.5091e-02	1.8989e-10	1.6341e-03	9.4621e-01	5.2147e-02	5.8714e-06	8.5631e-01	1.4358e-01	1.0571e-04	1.6182e-07	1.1755e-36	1.1755e-36	3.1722e-16	0.00e+00	0.00e+00	1.0404e+02
1.26029e+19	7.1624e+03	8.052e-23	1.0000e+01	2.1000e+00	1.2635e-07	8.3342e-01	1.6658e-01	5.1403e-01	4.7114e-01	1.4832e-02	2.0962e-10	1.5826e-03	9.4873e-01	4.9679e-02	5.6709e-06	8.6230e-01	1.3760e-01	9.4433e-05	1.5378e-07	1.1755e-36	1.1755e-36	3.7980e-16	0.00e+00	0.00e+00	1.0632e+02
1.26448e+19	7.0494e+03	7.610e-23	1.0000e+01	2.0271e+00	1.4017e-07	8.3957e-01	1.6043e-01	5.2903e-01	4.5642e-01	1.4553e-02	2.3055e-10	1.5371e-03	9.5098e-01	4.7481e-02	5.5024e-06	8.6763e-01	1.3229e-01	8.5111e-05	1.4674e-07	1.1755e-36	1.1755e-36	4.5114e-16	0.00e+00	0.00e+00	1.0846e+02
1.26856e+19	6.9202e+03	7.204e-23	1.0000e+01	1.9572e+00	1.5707e-07	8.4514e-01	1.5486e-01	5.4385e-01	4.4191e-01	1.4246e-02	2.5518e-10	1.4941e-03	9.5304e-01	4.5457e-02	5.3581e-06	8.7245e-01	1.2747e-01	7.7278e-05	1.4052e-07	1.1755e-36	1.1755e-36	5.4329e-16	0.00e+00	0.00e+00	1.1066e+02
1.27253e+19	6.8020e+03	6.836e-23	1.0000e+01	1.8921e+00	1.7478e-07	8.5041e-01	1.4959e-01	5.5778e-01	4.2826e-01	1.3961e-02	2.8193e-10	1.4529e-03	9.5486e-01	4.3677e-02	5.2343e-06	8.7700e-01	1.2293e-01	7.0507e-05	1.3472e-07	1.1755e-36	1.1755e-36	6.5193e-16	0.00e+00	0.00e+00	1.1271e+02
1.27633e+19	6.6885e+03	6.504e-23	1.0000e+01	1.8327e+00	1.9356e-07	8.5493e-01	1.4507e-01	5.7107e-01	4.1526e-01	1.3673e-02	3.1049e-10	1.4150e-03	9.5650e-01	4.2079e-02	5.1297e-06	8.8090e-01	1.1903e-01	6.4890e-05	1.2982e-07	1.1755e-36	1.1755e-36	7.7695e-16	0.00e+00	0.00e+00	1.1475e+02
1.28016e+19	6.5590e+03	6.191e-23	1.0000e+01	1.7760e+00	2.1737e-07	8.5968e-01	1.4032e-01	5.8477e-01	4.0189e-01	1.3335e-02	3.4713e-10	1.3796e-03	9.5808e-01	4.0533e-02	5.0335e-06	8.8499e-01	1.1495e-01	5.9727e-05	1.2477e-07	1.1755e-36	1.1755e-36	9.5356e-16	0.00e+00	0.00e+00	1.1686e+02
1.28388e+19	6.4433e+03	5.905e-23	1.0000e+01	1.7215e+00	2.4166e-07	8.6401e-01	1.3599e-01	5.9720e-01	3.8974e-01	1.3052e-02	3.8566e-10	1.3443e-03	9.5943e-01	3.9218e-02	4.9521e-06	8.8872e-01	1.1123e-01	5.5294e-05	1.1755e-36	1.1755e-36	1.1755e-36	1.1560e-15	0.00e+00	0.00e+00	1.1879e+02
1.28742e+19	6.3254e+03	5.650e-23	1.0000e+01	1.6733e+00	2.6886e-07	8.6778e-01	1.3222e-01	6.0933e-01	3.7793e-01	1.2737e-02	4.2912e-10	1.3136e-03	9.6068e-01	3.8006e-02	4.8830e-06	8.9195e-01	1.0799e-01	5.1598e-05	1.1755e-36	1.1755e-36	1.1755e-36	1.4043e-15	0.00e+00	0.00e+00	1.2073e+02
1.29093e+19	6.2115e+03	5.410e-23	1.0000e+01	1.6259e+00	2.9830e-07	8.7132e-01	1.2868e-01	6.2079e-01	3.6676e-01	1.2449e-02	4.7722e-10	1.2827e-03	9.6179e-01	3.6920e-02	4.8223e-06	8.9499e-01	1.0496e-01	4.8315e-05	1.1755e-36	1.1755e-36	1.1755e-36	1.7033e-15	0.00e+00	0.00e+00	1.2265e+02
1.29444e+19	6.0939e+03	5.185e-23	1.0000e+01	1.5807e+00	3.3225e-07	8.7482e-01	1.2518e-01	6.3217e-01	3.5568e-01	1.2145e-02	5.3407e-10	1.2534e-03	9.6284e-01	3.5899e-02	4.7672e-06	8.9799e-01	1.0196e-01	4.5329e-05	1.1755e-36	1.1755e-36	1.1755e-36	2.0897e-15	0.00e+00	0.00e+00	1.2460e+02
1.29794e+19	5.9780e+03	4.973e-23	1.0000e+01	1.5372e+00	3.6975e-07	8.7820e-01	1.2180e-01	6.4310e-01	3.4505e-01	1.1852e-02	5.9865e-10	1.2249e-03	9.6379e-01	3.4976e-02	4.7185e-06	9.0088e-01	9.9074e-02	4.2646e-05	1.1755e-36	1.1755e-36	1.1755e-36	2.5700e-15	0.00e+00	0.00e+00	1.2652e+02
1.30138e+19	5.8679e+03	4.778e-23	1.0000e+01	1.4970e+00	4.0930e-07	8.8128e-01	1.1872e-01	6.5360e-01	3.3484e-01	1.1559e-02	6.6898e-10	1.1985e-03	9.6466e-01	3.4135e-02	4.6757e-06	9.0352e-01	9.6440e-02	4.0293e-05	1.1755e-36	1.1755e-36	1.1755e-36	3.1381e-15	0.00e+00	0.00e+00	1.2842e+02
1.30485e+19	5.7589e+03	4.592e-23	1.0000e+01	1.4579e+00	4.5254e-07	8.8420e-01	1.1580e-01	6.6389e-01	3.2484e-01	1.1268e-02	7.4811e-10	1.1726e-03	9.6548e-01	3.3347e-02	4.6369e-06	9.0601e-01	9.3949e-02	3.8158e-05	1.1755e-36	1.1755e-36	1.1755e-36	3.8323e-15	0.00e+00	0.00e+00	1.3039e+02
1.30846e+19	5.6374e+03	4.409e-23	1.0000e+01	1.4182e+00	5.0569e-07	8.8730e-01	1.1270e-01	6.7435e-01	3.1469e-01	1.0960e-02	8.4758e-10	1.1465e-03	9.6626e-01	3.2593e-02	4.6010e-06	9.0866e-01	9.1303e-02	3.6123e-05	1.1755e-36	1.1755e-36	1.1755e-36	4.7943e-15	0.00e+00	0.00e+00	1.3246e+02
1.31207e+19	5.5209e+03	4.239e-23	1.0000e+01	1.3800e+00	5.6212e-07	8.9026e-01	1.0974e-01	6.8415e-01	3.0518e-01	1.0675e-02	9.5712e-10	1.1211e-03	9.6693e-01	3.1939e-02	4.5699e-06	9.1119e-01	8.8779e-02	3.4301e-05	1.1755e-36	1.1755e-36	1.1755e-36	5.9572e-15	0.00e+00	0.00e+00	1.3444e+02
1.31558e+19	5.4052e+03	4.085e-23	1.0000e+01	1.3457e+00	6.2291e-07	8.9286e-01	1.0714e-01	6.9364e-01	2.9598e-01	1.0376e-02	1.0782e-09	1.0987e-03	9.6756e-01	3.1335e-02	4.5438e-06	9.1341e-01	8.6560e-02	3.2752e-05	1.1755e-36	1.1755e-36	1.1755e-36	7.3576e-15	0.00e+00	0.00e+00	1.3642e+02
1.31913e+19	5.2890e+03	3.939e-23	1.0000e+01	1.3125e+00	6.8904e-07	8.9536e-01	1.0464e-01	7.0289e-01	2.8703e-01	1.0078e-02	1.2143e-09	1.0769e-03	9.6814e-01	3.0777e-02	4.5206e-06	9.1555e-01	8.4422e-02	3.1340e-05	1.1755e-36	1.1755e-36	1.1755e-36	9.0745e-15	0.00e+00	0.00e+00	1.3845e+02
1.32279e+19	5.1710e+03	3.797e-23	1.0000e+01	1.2793e+00	7.6115e-07	8.9787e-01	1.0213e-01	7.1198e-01	2.7823e-01	9.7831e-03	1.3687e-09	1.0552e-03	9.6868e-01	3.0259e-02	4.4996e-06	9.1769e-01	8.2283e-02	3.0014e-05	1.1755e-36	1.1755e-36	1.1755e-36	1.1193e-14	0.00e+00	0.00e+00	1.4057e+02
1.32664e+19	5.0456e+03	3.658e-23	1.0000e+01	1.2466e+00	8.4279e-07	9.0053e-01	9.9470e-02	7.2124e-01	2.6929e-01	9.4696e-03	1.5512e-09	1.0341e-03	9.6920e-01	2.9762e-02	4.4801e-06	9.1995e-01	8.0017e-02	2.8737e-05	1.1755e-36	1.1755e-36	1.1755e-36	1.3928e-14	0.00e+00	0.00e+00	1.4281e+02
1.33065e+19	4.9182e+03	3.522e-23	1.0000e+01	1.2129e+00	9.2749e-07	9.0311e-01	9.6890e-02	7.3016e-01	2.6067e-01	9.1720e-03	1.6865e-09	1.0124e-03	9.6982e-01	2.9167e-02	4.4609e-06	9.2215e-01	7.7819e-02	2.7560e-05	1.1755e-36	1.1755e-36	1.1755e-36	1.6091e-14	0.00e+00	0.00e+00	1.4513e+02
1.33492e+19	4.7833e+03	3.387e-23	1.0000e+01	1.1792e+00	1.0176e-06	9.0569e-01	9.4309e-02	7.3929e-01	2.5185e-01	8.8554e-03	1.7835e-09	9.9108e-04	9.7053e-01	2.8473e-02	4.4419e-06	9.2436e-01	7.5618e-02	2.6452e-05	1.1755e-36	1.1755e-36	1.1755e-36	1.7683e-14	0.00e+00	0.00e+00	1.4769e+02
1.33953e+19	4.6431e+03	3.253e-23	1.0000e+01	1.1444e+00	1.1098e-06	9.0838e-01	9.1618e-02	7.4835e-01	2.4311e-01	8.5411e-03	1.8676e-09	9.6910e-04	9.7123e-01	2.7800e-02	4.4245e-06	9.2665e-01	7.3325e-02	2.5382e-05	1.1755e-36	1.1755e-36	1.1755e-36	1.9068e-14	0.00e+00	0.00e+00	1.5041e+02
1.34426e+19	4.5039e+03	3.127e-23	1.0000e+01	1.1113e+00	1.1960e-06	9.1093e-01	8.9066e-02	7.5701e-01	2.3476e-01	8.2325e-03	1.9271e-09	9.4856e-04	9.7187e-01	2.7179e-02	4.4102e-06	9.2882e-01	7.1150e-02	2.4433e-05	1.1755e-36	1.1755e-36	1.1755e-36	1.9991e-14	0.00e+00	0.00e+00	1.5312e+02
1.34890e+19	4.3614e+03	3.016e-23	1.0000e+01	1.0812e+00	1.2755e-06	9.1319e-01	8.6811e-02	7.6523e-01	2.2685e-01	7.9196e-03	1.9549e-09	9.3089e-04	9.7247e-01	2.6594e-02	4.4004e-06	9.3076e-01	6.9216e-02	2.3656e-05	1.1755e-36	1.1755e-36	1.1755e-36	2.0293e-14	0.00e+00	0.00e+00	1.5576e+02
1.35329e+19	4.2442e+03	2.922e-23	1.0000e+01	1.0566e+00	1.3321e-06	9.1501e-01	8.4984e-02	7.7246e-01	2.1990e-01	7.6379e-03	1.9564e-09	9.1682e-04	9.7298e-01	2.6099e-02	4.3926e-06	9.3233e-01	6.7650e-02	2.3021e-05	1.1755e-36	1.1755e-36	1.1755e-36	2.0076e-14	0.00e+00	0.00e+00	1.5819e+02
1.35768e+19	4.1166e+03	2.835e-23	1.0000e+01	1.0331e+00	1.3834e-06	9.1670e-01	8.3296e-02	7.7968e-01	2.1298e-01	7.3389e-03	1.9297e-09	9.0465e-04	9.7352e-01	2.5571e-02	4.3874e-06	9.3379e-01	6.6188e-02	2.2482e-05	1.1755e-36	1.1755e-36	1.1755e-36	1.9311e-14	0.00e+00	0.00e+00	1.6083e+02
1.36217e+19	3.9964e+03	2.750e-23	1.0000e+01	1.0093e+00	1.4199e-06	9.1851e-01	8.1485e-02	7.8613e-01	2.0679e-01	7.0808e-03	1.8843e-09	8.9192e-04	9.7398e-01	2.5125e-02	4.3829e-06	9.3534e-01	6.4633e-02	2.1951e-05	1.1755e-36	1.1755e-36	1.1755e-36	1.8237e-14	0.00e+00	0.00e+00	1.6340e+02
###########################
1.13206e+15	9.7512e+03	6.659e-22	1.0000e+01	1.1253e+01	8.5700e-13	8.3923e-03	9.9161e-01	4.2624e-03	4.6794e-01	5.2780e-01	1.7297e-16	3.7622e-04	1.3333e-01	7.9196e-01	7.1835e-02	1.2912e-03	1.3810e-01	7.1319e-01	1.4407e-01	3.3328e-03	9.9662e-06	2.4707e-24	0.00e+00	0.00e+00	1.1995e-03
6.79238e+15	9.7366e+03	6.644e-22	1.0000e+01	1.1239e+01	8.5866e-13	8.3700e-03	9.9163e-01	4.2559e-03	4.6783e-01	5.2792e-01	1.7090e-16	3.7096e-04	1.3312e-01	7.9195e-01	7.2052e-02	1.2813e-03	1.3742e-01	7.1383e-01	1.4413e-01	3.3326e-03	9.9881e-06	2.4367e-24	0.00e+00	0.00e+00	5.9849e-03
2.94336e+16	9.7180e+03	6.610e-22	1.0000e+01	1.1234e+01	8.5712e-13	8.3263e-03	9.9167e-01	4.2528e-03	4.6866e-01	5.2708e-01	1.6633e-16	3.6897e-04	1.3279e-01	7.9228e-01	7.2062e-02	1.2590e-03	1.3573e-01	7.1613e-01	1.4357e-01	3.3042e-03	9.9503e-06	2.3663e-24	0.00e+00	0.00e+00	2.5026e-02
1.19999e+17	9.6541e+03	6.529e-22	1.0000e+01	1.1230e+01	8.6785e-13	8.2583e-03	9.9174e-01	4.2835e-03	4.7449e-01	5.2123e-01	1.5635e-16	3.6560e-04	1.3217e-01	7.9376e-01	7.1293e-02	1.2112e-03	1.3164e-01	7.2412e-01	1.3986e-01	3.1553e-03	9.5946e-06	2.2286e-24	0.00e+00	0.00e+00	1.0057e-01
2.86638e+17	9.4123e+03	6.277e-22	1.0000e+01	1.1231e+01	8.6191e-13	7.8277e-03	9.9217e-01	4.2589e-03	4.7766e-01	5.1808e-01	1.2416e-16	3.4818e-04	1.3016e-01	7.9484e-01	7.2249e-02	1.0407e-03	1.1943e-01	7.3763e-01	1.3887e-01	3.0165e-03	9.6250e-06	1.6962e-24	0.00e+00	0.00e+00	1.9366e-01
4.90827e+17	9.2147e+03	6.070e-22	1.0000e+01	1.1228e+01	8.5689e-13	7.5005e-03	9.9250e-01	4.2783e-03	4.8631e-01	5.0941e-01	1.0164e-16	3.3417e-04	1.2837e-01	7.9700e-01	7.1967e-02	9.2216e-04	1.1053e-01	7.5095e-01	1.3478e-01	2.8077e-03	9.3305e-06	1.3541e-24	0.00e+00	0.00e+00	2.9783e-01
7.43830e+17	9.0721e+03	5.904e-22	1.0000e+01	1.1215e+01	8.6414e-13	7.3173e-03	9.9268e-01	4.3796e-03	5.0299e-01	4.9263e-01	8.8240e-17	3.2612e-04	1.2734e-01	8.0025e-01	6.9930e-02	8.5946e-04	1.0558e-01	7.6494e-01	1.2611e-01	2.5031e-03	8.5617e-06	1.1740e-24	0.00e+00	0.00e+00	4.2994e-01
1.07273e+18	8.9557e+03	5.751e-22	1.0000e+01	1.1193e+01	8.8661e-13	7.2351e-03	9.9276e-01	4.5807e-03	5.2973e-01	4.6569e-01	7.9709e-17	3.2278e-04	1.2704e-01	8.0454e-01	6.6203e-02	8.3290e-04	1.0339e-01	7.8072e-01	1.1295e-01	2.1098e-03	7.3814e-06	1.0806e-24	0.00e+00	0.00e+00	5.9976e-01
1.50031e+18	8.8548e+03	5.620e-22	1.0000e+01	1.1170e+01	9.4911e-13	7.3262e-03	9.9267e-01	4.9708e-03	5.7123e-01	4.2380e-01	7.8400e-17	3.2928e-04	1.2856e-01	8.0926e-01	6.0301e-02	8.6467e-04	1.0573e-01	7.9719e-01	9.4584e-02	1.6317e-03	5.7755e-06	1.1120e-24	0.00e+00	0.00e+00	8.2330e-01
2.05616e+18	8.8237e+03	5.479e-22	1.0000e+01	1.1103e+01	1.0461e-12	7.6368e-03	9.9236e-01	5.5586e-03	6.3022e-01	3.6422e-01	8.4329e-17	3.4567e-04	1.3146e-01	8.1437e-01	5.2649e-02	9.6948e-04	1.1319e-01	8.1254e-01	7.2169e-02	1.1284e-03	3.9859e-06	1.2958e-24	0.00e+00	0.00e+00	1.1262e+00
2.67991e+18	8.8090e+03	5.379e-22	1.0000e+01	1.1040e+01	1.2248e-12	8.2231e-03	9.9178e-01	6.3552e-03	7.0008e-01	2.9357e-01	1.0146e-16	3.7503e-04	1.3631e-01	8.1787e-01	4.4594e-02	1.1731e-03	1.2640e-01	8.2084e-01	5.0861e-02	7.1404e-04	2.4719e-06	1.7337e-24	0.00e+00	0.00e+00	1.4476e+00
3.18615e+18	8.8296e+03	5.336e-22	1.0000e+01	1.0979e+01	1.4306e-12	8.9072e-03	9.9109e-01	7.0398e-03	7.5485e-01	2.3811e-01	1.2573e-16	4.0573e-04	1.4082e-01	8.1927e-01	3.8838e-02	1.4223e-03	1.4071e-01	8.2028e-01	3.7099e-02	4.8238e-04	1.6133e-06	2.3716e-24	0.00e+00	0.00e+00	1.6688e+00
3.51642e+18	8.8702e+03	5.328e-22	1.0000e+01	1.0945e+01	1.6118e-12	9.5074e-03	9.9049e-01	7.5041e-03	7.8695e-01	2.0555e-01	1.5157e-16	4.3112e-04	1.4431e-01	8.1926e-01	3.5437e-02	1.6494e-03	1.5227e-01	8.1595e-01	2.9760e-02	3.7036e-04	1.1949e-06	3.0722e-24	0.00e+00	0.00e+00	1.8292e+00
3.77704e+18	8.8951e+03	5.333e-22	1.0000e+01	1.0918e+01	1.8165e-12	1.0107e-02	9.8989e-01	7.9140e-03	8.0997e-01	1.8212e-01	1.8307e-16	4.5734e-04	1.4793e-01	8.1831e-01	3.2816e-02	1.8912e-03	1.6361e-01	8.0947e-01	2.4725e-02	2.9823e-04	9.2598e-07	3.9332e-24	0.00e+00	0.00e+00	1.9913e+00
4.06920e+18	8.9178e+03	5.364e-22	1.0000e+01	1.0895e+01	2.1067e-12	1.0883e-02	9.8912e-01	8.3466e-03	8.3343e-01	1.5822e-01	2.2664e-16	4.8630e-04	1.5159e-01	8.1744e-01	3.0062e-02	2.1903e-03	1.7529e-01	8.0231e-01	1.9979e-02	2.3382e-04	6.8979e-07	5.2323e-24	0.00e+00	0.00e+00	2.2182e+00
4.44900e+18	8.9721e+03	5.383e-22	1.0000e+01	1.0857e+01	2.5684e-12	1.2078e-02	9.8792e-01	9.0374e-03	8.5913e-01	1.3184e-01	3.2126e-16	5.4007e-04	1.5882e-01	8.1357e-01	2.6721e-02	2.7672e-03	1.9826e-01	7.8385e-01	1.4944e-02	1.7114e-04	4.6392e-07	8.0647e-24	0.00e+00	0.00e+00	2.5456e+00
4.79933e+18	9.0515e+03	5.450e-22	1.0000e+01	1.0825e+01	3.0567e-12	1.3335e-02	9.8667e-01	9.5646e-03	8.7793e-01	1.1251e-01	4.3382e-16	5.8566e-04	1.6421e-01	8.1081e-01	2.4101e-02	3.3842e-03	2.1846e-01	7.6645e-01	1.1570e-02	1.3291e-04	3.2759e-07	1.1888e-23	0.00e+00	0.00e+00	2.7740e+00
5.03901e+18	9.1176e+03	5.504e-22	1.0000e+01	1.0805e+01	3.4626e-12	1.4334e-02	9.8567e-01	9.9415e-03	8.8888e-01	1.0117e-01	5.4166e-16	6.2084e-04	1.6830e-01	8.0843e-01	2.2384e-02	3.9101e-03	2.3390e-01	7.5242e-01	9.6629e-03	1.1245e-04	2.5660e-07	1.5794e-23	0.00e+00	0.00e+00	2.9622e+00
5.27825e+18	9.1706e+03	5.562e-22	1.0000e+01	1.0786e+01	3.9848e-12	1.5475e-02	9.8452e-01	1.0365e-02	8.9896e-01	9.0675e-02	6.8844e-16	6.6131e-04	1.7304e-01	8.0540e-01	2.0664e-02	4.5446e-03	2.5074e-01	7.3663e-01	7.9944e-03	9.5143e-05	1.9873e-07	2.1359e-23	0.00e+00	0.00e+00	3.2264e+00
5.58927e+18	9.2502e+03	5.646e-22	1.0000e+01	1.0760e+01	4.7909e-12	1.7150e-02	9.8285e-01	1.0957e-02	9.1005e-01	7.8995e-02	9.5298e-16	7.1883e-04	1.7980e-01	8.0072e-01	1.8562e-02	5.5583e-03	2.7513e-01	7.1301e-01	6.2284e-03	7.7674e-05	1.4242e-07	3.2056e-23	0.00e+00	0.00e+00	3.6071e+00
5.91011e+18	9.3529e+03	5.757e-22	1.0000e+01	1.0730e+01	5.7977e-12	1.9163e-02	9.8084e-01	1.1563e-02	9.1903e-01	6.9407e-02	1.3427e-15	7.8128e-04	1.8689e-01	7.9558e-01	1.6567e-02	6.8709e-03	3.0254e-01	6.8570e-01	4.8246e-03	6.4489e-05	1.1755e-36	4.9330e-23	0.00e+00	0.00e+00	3.9581e+00
6.15334e+18	9.4269e+03	5.865e-22	1.0000e+01	1.0711e+01	6.7995e-12	2.0962e-02	9.7904e-01	1.2039e-02	9.2467e-01	6.3293e-02	1.7644e-15	8.3202e-04	1.9261e-01	7.9129e-01	1.5112e-02	8.1065e-03	3.2474e-01	6.6313e-01	3.9632e-03	5.6551e-05	1.1755e-36	6.9687e-23	0.00e+00	0.00e+00	4.2179e+00
6.34173e+18	9.4889e+03	5.938e-22	1.0000e+01	1.0687e+01	7.7139e-12	2.2532e-02	9.7747e-01	1.2495e-02	9.2857e-01	5.8932e-02	2.2122e-15	8.7962e-04	1.9800e-01	7.8698e-01	1.3998e-02	9.2916e-03	3.4483e-01	6.4245e-01	3.3719e-03	5.1091e-05	1.1755e-36	9.2028e-23	0.00e+00	0.00e+00	4.4746e+00
6.54923e+18	9.5575e+03	6.020e-22	1.0000e+01	1.0664e+01	8.9037e-12	2.4431e-02	9.7557e-01	1.3028e-02	9.3258e-01	5.4391e-02	2.8497e-15	9.3395e-04	2.0423e-01	7.8189e-01	1.2810e-02	1.0785e-02	3.6739e-01	6.1897e-01	2.8064e-03	4.5817e-05	1.1755e-36	1.2581e-22	0.00e+00	0.00e+00	4.8364e+00
6.81899e+18	9.6416e+03	6.132e-22	1.0000e+01	1.0632e+01	1.0838e-11	2.7248e-02	9.7275e-01	1.3803e-02	9.3704e-01	4.9156e-02	4.0100e-15	1.0114e-03	2.1323e-01	7.7431e-01	1.1338e-02	1.3151e-02	3.9905e-01	5.8556e-01	2.1937e-03	3.9917e-05	1.1755e-36	1.9136e-22	0.00e+00	0.00e+00	5.3609e+00
7.09964e+18	9.7328e+03	6.265e-22	1.0000e+01	1.0590e+01	1.3460e-11	3.0732e-02	9.6927e-01	1.4690e-02	9.4060e-01	4.4709e-02	5.8006e-15	1.0990e-03	2.2339e-01	7.6551e-01	9.9030e-03	1.6274e-02	4.3464e-01	5.4736e-01	1.6859e-03	3.4729e-05	1.1755e-36	3.0141e-22	0.00e+00	0.00e+00	5.8583e+00
7.33394e+18	9.8031e+03	6.390e-22	1.0000e+01	1.0560e+01	1.6423e-11	3.4212e-02	9.6579e-01	1.5535e-02	9.4305e-01	4.1413e-02	8.0537e-15	1.1827e-03	2.3306e-01	7.5692e-01	8.7498e-03	1.9570e-02	4.6631e-01	5.1275e-01	1.3357e-03	3.0800e-05	1.1755e-36	4.5165e-22	0.00e+00	0.00e+00	6.3168e+00
7.54490e+18	9.8687e+03	6.488e-22	1.0000e+01	1.0516e+01	1.9716e-11	3.7787e-02	9.6221e-01	1.6423e-02	9.4488e-01	3.8699e-02	1.0900e-14	1.2643e-03	2.4285e-01	7.4804e-01	7.7701e-03	2.3180e-02	4.9677e-01	4.7895e-01	1.0702e-03	2.7531e-05	1.1755e-36	6.5263e-22	0.00e+00	0.00e+00	6.8170e+00
7.78601e+18	9.9295e+03	6.603e-22	1.0000e+01	1.0466e+01	2.4705e-11	4.2527e-02	9.5747e-01	1.7588e-02	9.4666e-01	3.5747e-02	1.5618e-14	1.3684e-03	2.5536e-01	7.3649e-01	6.7115e-03	2.8171e-02	5.3205e-01	4.3893e-01	8.1864e-04	2.4050e-05	1.1755e-36	1.0107e-21	0.00e+00	0.00e+00	7.5488e+00
8.04888e+18	9.9938e+03	6.749e-22	1.0000e+01	1.0415e+01	3.2319e-11	4.8873e-02	9.5113e-01	1.9056e-02	9.4794e-01	3.3004e-02	2.3707e-14	1.4970e-03	2.7080e-01	7.2201e-01	5.6366e-03	3.5146e-02	5.7177e-01	3.9247e-01	5.9917e-04	2.0457e-05	1.1755e-36	1.6857e-21	0.00e+00	0.00e+00	8.3300e+00
8.27773e+18	1.0048e+04	6.863e-22	1.0000e+01	1.0334e+01	4.1498e-11	5.5617e-02	9.4438e-01	2.0594e-02	9.4846e-01	3.0950e-02	3.4642e-14	1.6185e-03	2.8612e-01	7.0744e-01	4.7731e-03	4.2926e-02	6.0742e-01	3.4919e-01	4.4603e-04	1.7480e-05	1.1755e-36	2.6742e-21	0.00e+00	0.00e+00	9.0482e+00
8.47236e+18	1.0092e+04	6.958e-22	1.0000e+01	1.0259e+01	5.2051e-11	6.2433e-02	9.3757e-01	2.2126e-02	9.4856e-01	2.9313e-02	4.8534e-14	1.7333e-03	3.0080e-01	6.9333e-01	4.0931e-03	5.1008e-02	6.3672e-01	3.1191e-01	3.4077e-04	1.5073e-05	1.1755e-36	4.0373e-21	0.00e+00	0.00e+00	9.7765e+00
8.65491e+18	1.0127e+04	7.040e-22	1.0000e+01	1.0173e+01	6.5194e-11	6.9886e-02	9.3011e-01	2.3790e-02	9.4834e-01	2.7867e-02	6.7206e-14	1.8483e-03	3.1599e-01	6.7862e-01	3.5076e-03	6.0042e-02	6.6266e-01	2.7703e-01	2.6060e-04	1.2944e-05	1.1755e-36	6.0105e-21	0.00e+00	0.00e+00	1.0572e+01
8.83265e+18	1.0163e+04	7.115e-22	1.0000e+01	1.0082e+01	8.2066e-11	7.8427e-02	9.2157e-01	2.5657e-02	9.4777e-01	2.6568e-02	9.3426e-14	1.9697e-03	3.3240e-01	6.6261e-01	2.9832e-03	7.0557e-02	6.8600e-01	2.4323e-01	1.9714e-04	1.0976e-05	1.1755e-36	9.0040e-21	0.00e+00	0.00e+00	1.1439e+01
9.00069e+18	1.0189e+04	7.184e-22	1.0000e+01	9.9829e+00	1.0376e-10	8.8016e-02	9.1198e-01	2.7710e-02	9.4685e-01	2.5441e-02	1.2941e-13	2.0937e-03	3.4966e-01	6.4569e-01	2.5278e-03	8.2476e-02	7.0562e-01	2.1174e-01	1.4855e-04	9.2193e-06	1.1755e-36	1.3449e-20	0.00e+00	0.00e+00	1.2334e+01
9.15336e+18	1.0206e+04	7.238e-22	1.0000e+01	9.8776e+00	1.3017e-10	9.8230e-02	9.0177e-01	2.9873e-02	9.4564e-01	2.4490e-02	1.7594e-13	2.2135e-03	3.6696e-01	6.2865e-01	2.1503e-03	9.5243e-02	7.2062e-01	1.8401e-01	1.1298e-04	7.7354e-06	1.1755e-36	1.9657e-20	0.00e+00	0.00e+00	1.3229e+01
9.29208e+18	1.0216e+04	7.276e-22	1.0000e+01	9.7676e+00	1.6161e-10	1.0892e-01	8.9108e-01	3.2133e-02	9.4419e-01	2.3674e-02	2.3439e-13	2.3275e-03	3.8411e-01	6.1170e-01	1.8388e-03	1.0863e-01	7.3129e-01	1.5999e-01	8.6921e-05	6.4983e-06	1.1755e-36	2.8044e-20	0.00e+00	0.00e+00	1.4144e+01
9.42221e+18	1.0219e+04	7.299e-22	1.0000e+01	9.6504e+00	1.9991e-10	1.2034e-01	8.7966e-01	3.4553e-02	9.4250e-01	2.2947e-02	3.0874e-13	2.4386e-03	4.0154e-01	5.9443e-01	1.5740e-03	1.2292e-01	7.3826e-01	1.3875e-01	6.7189e-05	5.4434e-06	1.1755e-36	3.9487e-20	0.00e+00	0.00e+00	1.5111e+01
9.54717e+18	1.0203e+04	7.312e-22	1.0000e+01	9.5231e+00	2.4903e-10	1.3289e-01	8.6711e-01	3.7226e-02	9.4051e-01	2.2267e-02	4.0572e-13	2.5499e-03	4.1970e-01	5.7639e-01	1.3430e-03	1.3856e-01	7.4176e-01	1.1962e-01	5.1859e-05	4.5262e-06	1.1755e-36	5.5482e-20	0.00e+00	0.00e+00	1.6141e+01
9.66670e+18	1.0192e+04	7.312e-22	1.0000e+01	9.3995e+00	3.0894e-10	1.4656e-01	8.5344e-01	4.0151e-02	9.3818e-01	2.1670e-02	5.3116e-13	2.6625e-03	4.3855e-01	5.5763e-01	1.1428e-03	1.5549e-01	7.4193e-01	1.0253e-01	4.0008e-05	3.7345e-06	1.1755e-36	7.7762e-20	0.00e+00	0.00e+00	1.7217e+01
9.77905e+18	1.0182e+04	7.283e-22	1.0000e+01	9.2574e+00	3.7905e-10	1.6073e-01	8.3927e-01	4.3215e-02	9.3562e-01	2.1161e-02	6.8355e-13	2.7634e-03	4.5708e-01	5.3917e-01	9.7645e-04	1.7295e-01	7.3912e-01	8.7894e-02	3.1169e-05	3.0857e-06	1.1755e-36	1.0677e-19	0.00e+00	0.00e+00	1.8317e+01
9.88540e+18	1.0168e+04	7.232e-22	1.0000e+01	9.1061e+00	4.6212e-10	1.7548e-01	8.2452e-01	4.6473e-02	9.3282e-01	2.0704e-02	8.6872e-13	2.8569e-03	4.7559e-01	5.2071e-01	8.3609e-04	1.9098e-01	7.3367e-01	7.5322e-02	2.4483e-05	2.5500e-06	1.1755e-36	1.4440e-19	0.00e+00	0.00e+00	1.9473e+01
9.98901e+18	1.0150e+04	7.159e-22	1.0000e+01	8.9462e+00	5.6267e-10	1.9121e-01	8.0879e-01	5.0033e-02	9.2968e-01	2.0283e-02	1.0991e-12	2.9460e-03	4.9454e-01	5.0179e-01	7.1430e-04	2.1006e-01	7.2566e-01	6.4259e-02	1.9265e-05	2.0961e-06	1.1755e-36	1.9446e-19	0.00e+00	0.00e+00	2.0715e+01
1.00908e+19	1.0124e+04	7.067e-22	1.0000e+01	8.7744e+00	6.8705e-10	2.0817e-01	7.9183e-01	5.3961e-02	9.2615e-01	1.9893e-02	1.3877e-12	3.0305e-03	5.1406e-01	4.8229e-01	6.0797e-04	2.3040e-01	7.1509e-01	5.4493e-02	1.5159e-05	1.7110e-06	1.1755e-36	2.6153e-19	0.00e+00	0.00e+00	2.2038e+01
1.01898e+19	1.0094e+04	6.951e-22	1.0000e+01	8.5915e+00	8.3682e-10	2.2606e-01	7.7394e-01	5.8229e-02	9.2223e-01	1.9545e-02	1.7413e-12	3.1072e-03	5.3380e-01	4.6256e-01	5.1673e-04	2.5164e-01	7.0231e-01	4.6033e-02	1.1976e-05	1.3909e-06	1.1755e-36	3.4938e-19	0.00e+00	0.00e+00	2.3428e+01
1.02858e+19	1.0062e+04	6.812e-22	1.0000e+01	8.4005e+00	1.0143e-09	2.4467e-01	7.5533e-01	6.2835e-02	9.1793e-01	1.9236e-02	2.1671e-12	3.1753e-03	5.5359e-01	4.4279e-01	4.3904e-04	2.7351e-01	6.8769e-01	3.8793e-02	9.5231e-06	1.1282e-06	1.1755e-36	4.6244e-19	0.00e+00	0.00e+00	2.4889e+01
1.03797e+19	1.0026e+04	6.651e-22	1.0000e+01	8.2008e+00	1.2271e-09	2.6417e-01	7.3583e-01	6.7861e-02	9.1318e-01	1.8954e-02	2.6823e-12	3.2353e-03	5.7356e-01	4.2282e-01	3.7229e-04	2.9614e-01	6.7129e-01	3.2568e-02	7.6092e-06	9.1164e-07	1.1755e-36	6.0848e-19	0.00e+00	0.00e+00	2.6446e+01
1.04729e+19	9.9842e+03	6.467e-22	1.0000e+01	7.9904e+00	1.4852e-09	2.8477e-01	7.1523e-01	7.3404e-02	9.0790e-01	1.8697e-02	3.3109e-12	3.2868e-03	5.9387e-01	4.0252e-01	3.1442e-04	3.1977e-01	6.5305e-01	2.7178e-02	6.0959e-06	7.3190e-07	1.1755e-36	7.9898e-19	0.00e+00	0.00e+00	2.8119e+01
1.05658e+19	9.9370e+03	6.260e-22	1.0000e+01	7.7677e+00	1.7994e-09	3.0656e-01	6.9344e-01	7.9537e-02	9.0200e-01	1.8466e-02	4.0780e-12	3.3288e-03	6.1448e-01	3.8192e-01	2.6431e-04	3.4443e-01	6.3304e-01	2.2523e-02	4.8960e-06	5.8334e-07	1.1755e-36	1.0479e-18	0.00e+00	0.00e+00	2.9913e+01
1.06583e+19	9.8854e+03	6.030e-22	1.0000e+01	7.5328e+00	2.1806e-09	3.2944e-01	6.7056e-01	8.6311e-02	8.9543e-01	1.8262e-02	5.0082e-12	3.3594e-03	6.3527e-01	3.6115e-01	2.2121e-04	3.7000e-01	6.1145e-01	1.8539e-02	3.9468e-06	4.6175e-07	1.1755e-36	1.3716e-18	0.00e+00	0.00e+00	3.1834e+01
1.07637e+19	9.8261e+03	5.730e-22	1.0000e+01	7.2373e+00	2.6947e-09	3.5571e-01	6.4429e-01	9.4646e-02	8.8730e-01	1.8050e-02	6.2460e-12	3.3707e-03	6.5846e-01	3.3798e-01	1.8007e-04	3.9897e-01	5.8622e-01	1.4804e-02	3.1231e-06	3.5360e-07	1.1755e-36	1.8328e-18	0.00e+00	0.00e+00	3.4495e+01
1.08768e+19	9.7564e+03	5.401e-22	1.0000e+01	6.9105e+00	3.4266e-09	3.8767e-01	6.1233e-01	1.0482e-01	8.7728e-01	1.7905e-02	8.0194e-12	3.3665e-03	6.8367e-01	3.1282e-01	1.4288e-04	4.3357e-01	5.5505e-01	1.1379e-02	2.4141e-06	2.5870e-07	1.1755e-36	2.5662e-18	0.00e+00	0.00e+00	3.7132e+01
1.09744e+19	9.6801e+03	5.091e-22	1.0000e+01	6.6222e+00	4.2234e-09	4.1614e-01	5.8386e-01	1.1498e-01	8.6722e-01	1.7802e-02	9.9116e-12	3.3525e-03	7.0589e-01	2.9064e-01	1.1629e-04	4.6390e-01	5.2712e-01	8.9852e-03	1.9490e-06	1.9596e-07	1.1755e-36	3.4165e-18	0.00e+00	0.00e+00	3.9429e+01
1.10583e+19	9.6089e+03	4.811e-22	1.0000e+01	6.3800e+00	5.0199e-09	4.4028e-01	5.5972e-01	1.2484e-01	8.5745e-01	1.7708e-02	1.1791e-11	3.3344e-03	7.2501e-01	2.7156e-01	9.7123e-05	4.8927e-01	5.0341e-01	7.3198e-03	1.6392e-06	1.5432e-07	1.1755e-36	4.3172e-18	0.00e+00	0.00e+00	4.1662e+01
1.11408e+19	9.5350e+03	4.528e-22	1.0000e+01	6.1319e+00	5.9423e-09	4.6411e-01	5.3589e-01	1.3528e-01	8.4713e-01	1.7592e-02	1.3915e-11	3.3034e-03	7.4325e-01	2.5337e-01	8.1164e-05	5.1400e-01	4.8004e-01	5.9614e-03	1.3926e-06	1.1755e-36	1.1755e-36	5.4086e-18	0.00e+00	0.00e+00	4.4143e+01
1.12250e+19	9.4589e+03	4.237e-22	1.0000e+01	5.8707e+00	7.0668e-09	4.8946e-01	5.1054e-01	1.4680e-01	8.3567e-01	1.7526e-02	1.6483e-11	3.2565e-03	7.6128e-01	2.3539e-01	6.7383e-05	5.3994e-01	4.5526e-01	4.7938e-03	1.1817e-06	1.1755e-36	1.1755e-36	6.8382e-18	0.00e+00	0.00e+00	4.6729e+01
1.13044e+19	9.3828e+03	3.960e-22	1.0000e+01	5.6170e+00	8.3216e-09	5.1366e-01	4.8634e-01	1.5861e-01	8.2389e-01	1.7498e-02	1.9282e-11	3.1992e-03	7.7780e-01	2.1895e-01	5.6460e-05	5.6441e-01	4.3171e-01	3.8799e-03	1.0169e-06	1.1755e-36	1.1755e-36	8.5170e-18	0.00e+00	0.00e+00	4.9170e+01
1.13754e+19	9.3069e+03	3.713e-22	1.0000e+01	5.3908e+00	9.6175e-09	5.3487e-01	4.6513e-01	1.7007e-01	8.1246e-01	1.7472e-02	2.2076e-11	3.1413e-03	7.9216e-01	2.0465e-01	4.8199e-05	5.8561e-01	4.1119e-01	3.2062e-03	8.9499e-07	1.1755e-36	1.1755e-36	1.0301e-17	0.00e+00	0.00e+00	5.1420e+01
1.14291e+19	9.2563e+03	3.527e-22	1.0000e+01	5.2168e+00	1.0663e-08	5.5029e-01	4.4971e-01	1.7909e-01	8.0342e-01	1.7489e-02	2.4312e-11	3.0902e-03	8.0249e-01	1.9438e-01	4.2927e-05	6.0088e-01	3.9635e-01	2.7751e-03	8.1689e-07	1.1755e-36	1.1755e-36	1.1803e-17	0.00e+00	0.00e+00	5.2840e+01
1.14665e+19	9.2050e+03	3.402e-22	1.0000e+01	5.1154e+00	1.1465e-08	5.6010e-01	4.3990e-01	1.8637e-01	7.9622e-01	1.7407e-02	2.5951e-11	3.0669e-03	8.1007e-01	1.8682e-01	3.9519e-05	6.1055e-01	3.8693e-01	2.5186e-03	7.7085e-07	1.1755e-36	1.1755e-36	1.2913e-17	0.00e+00	0.00e+00	5.4040e+01
1.15053e+19	9.1564e+03	3.273e-22	1.0000e+01	5.0061e+00	1.2334e-08	5.7021e-01	4.2979e-01	1.9402e-01	7.8866e-01	1.7317e-02	2.7722e-11	3.0373e-03	8.1767e-01	1.7926e-01	3.6214e-05	6.2047e-01	3.7725e-01	2.2746e-03	7.2643e-07	1.1755e-36	1.1755e-36	1.4149e-17	0.00e+00	0.00e+00	5.5608e+01
1.15541e+19	9.0935e+03	3.113e-22	1.0000e+01	4.8570e+00	1.3616e-08	5.8431e-01	4.1569e-01	2.0371e-01	7.7903e-01	1.7261e-02	3.0301e-11	2.9893e-03	8.2672e-01	1.7025e-01	3.2422e-05	6.3421e-01	3.6381e-01	1.9866e-03	6.7069e-07	1.1755e-36	1.1755e-36	1.6079e-17	0.00e+00	0.00e+00	5.7601e+01
1.16051e+19	9.0265e+03	2.953e-22	1.0000e+01	4.6973e+00	1.5194e-08	6.0057e-01	3.9943e-01	2.1418e-01	7.6858e-01	1.7236e-02	3.3507e-11	2.9323e-03	8.3581e-01	1.6123e-01	2.8892e-05	6.4990e-01	3.4839e-01	1.7100e-03	6.1347e-07	1.1755e-36	1.1755e-36	1.8675e-17	0.00e+00	0.00e+00	5.9426e+01
1.16476e+19	8.9833e+03	2.818e-22	1.0000e+01	4.5603e+00	1.6454e-08	6.1258e-01	3.8742e-01	2.2290e-01	7.5984e-01	1.7264e-02	3.6043e-11	2.8784e-03	8.4285e-01	1.5424e-01	2.6376e-05	6.6142e-01	3.3707e-01	1.5159e-03	5.7383e-07	1.1755e-36	1.1755e-36	2.0786e-17	0.00e+00	0.00e+00	6.0854e+01
1.16849e+19	8.9373e+03	2.703e-22	1.0000e+01	4.4520e+00	1.7634e-08	6.2239e-01	3.7761e-01	2.3137e-01	7.5141e-01	1.7224e-02	3.8356e-11	2.8377e-03	8.4918e-01	1.4796e-01	2.4321e-05	6.7079e-01	3.2784e-01	1.3666e-03	5.4323e-07	1.1755e-36	1.1755e-36	2.2739e-17	0.00e+00	0.00e+00	6.2333e+01
1.17268e+19	8.8725e+03	2.578e-22	1.0000e+01	4.3276e+00	1.9224e-08	6.3400e-01	3.6600e-01	2.4125e-01	7.4159e-01	1.7155e-02	4.1306e-11	2.7897e-03	8.5616e-01	1.4103e-01	2.2172e-05	6.8182e-01	3.1697e-01	1.2121e-03	5.0971e-07	1.1755e-36	1.1755e-36	2.5376e-17	0.00e+00	0.00e+00	6.4183e+01
1.17738e+19	8.8069e+03	2.441e-22	1.0000e+01	4.1814e+00	2.1182e-08	6.4781e-01	3.5219e-01	2.5226e-01	7.3060e-01	1.7140e-02	4.5004e-11	2.7271e-03	8.6345e-01	1.3380e-01	2.0035e-05	6.9484e-01	3.0410e-01	1.0540e-03	4.7291e-07	1.1755e-36	1.1755e-36	2.8916e-17	0.00e+00	0.00e+00	6.6134e+01
1.18181e+19	8.7459e+03	2.317e-22	1.0000e+01	4.0470e+00	2.3183e-08	6.6077e-01	3.3923e-01	2.6306e-01	7.1981e-01	1.7130e-02	4.8801e-11	2.6670e-03	8.7007e-01	1.2724e-01	1.8251e-05	7.0699e-01	2.9209e-01	9.2249e-04	4.4079e-07	1.1755e-36	1.1755e-36	3.2759e-17	0.00e+00	0.00e+00	6.7842e+01
1.18570e+19	8.6986e+03	2.210e-22	1.0000e+01	3.9320e+00	2.4890e-08	6.7074e-01	3.2926e-01	2.7276e-01	7.1012e-01	1.7120e-02	5.1983e-11	2.6143e-03	8.7562e-01	1.2175e-01	1.6873e-05	7.1629e-01	2.8288e-01	8.2459e-04	4.1714e-07	1.1755e-36	1.1755e-36	3.6042e-17	0.00e+00	0.00e+00	6.9398e+01
1.18963e+19	8.6294e+03	2.106e-22	1.0000e+01	3.8221e+00	2.7014e-08	6.8097e-01	3.1903e-01	2.8356e-01	6.9941e-01	1.7037e-02	5.5672e-11	2.5656e-03	8.8134e-01	1.1608e-01	1.5562e-05	7.2580e-01	2.7346e-01	7.3510e-04	3.9431e-07	1.1755e-36	1.1755e-36	4.0038e-17	0.00e+00	0.00e+00	7.1201e+01
1.19402e+19	8.5570e+03	1.994e-22	1.0000e+01	3.6977e+00	2.9610e-08	6.9302e-01	3.0698e-01	2.9571e-01	6.8732e-01	1.6965e-02	6.0304e-11	2.5068e-03	8.8739e-01	1.1009e-01	1.4241e-05	7.3693e-01	2.6243e-01	6.4353e-04	3.6902e-07	1.1755e-36	1.1755e-36	4.5399e-17	0.00e+00	0.00e+00	7.3211e+01
1.19843e+19	8.4918e+03	1.885e-22	1.0000e+01	3.5674e+00	3.2330e-08	7.0479e-01	2.9521e-01	3.0759e-01	6.7545e-01	1.6959e-02	6.5106e-11	2.4409e-03	8.9295e-01	1.0460e-01	1.3094e-05	7.4773e-01	2.5171e-01	5.6315e-04	3.4566e-07	1.1755e-36	1.1755e-36	5.1286e-17	0.00e+00	0.00e+00	7.5087e+01
1.20247e+19	8.4352e+03	1.789e-22	1.0000e+01	3.4539e+00	3.4866e-08	7.1464e-01	2.8536e-01	3.1890e-01	6.6417e-01	1.6929e-02	6.9561e-11	2.3830e-03	8.9785e-01	9.9752e-02	1.2160e-05	7.5673e-01	2.4277e-01	4.9983e-04	3.2692e-07	1.1755e-36	1.1755e-36	5.6934e-17	0.00e+00	0.00e+00	7.6835e+01
1.20649e+19	8.3581e+03	1.698e-22	1.0000e+01	3.3472e+00	3.7948e-08	7.2433e-01	2.7567e-01	3.3111e-01	6.5206e-01	1.6831e-02	7.4595e-11	2.3295e-03	9.0274e-01	9.4914e-02	1.1305e-05	7.6556e-01	2.3400e-01	4.4396e-04	3.0939e-07	1.1755e-36	1.1755e-36	6.3680e-17	0.00e+00	0.00e+00	7.8733e+01
1.21077e+19	8.2784e+03	1.604e-22	1.0000e+01	3.2349e+00	4.1543e-08	7.3498e-01	2.6502e-01	3.4441e-01	6.3886e-01	1.6729e-02	8.0612e-11	2.2710e-03	9.0772e-01	8.9994e-02	1.0482e-05	7.7521e-01	2.2440e-01	3.8995e-04	2.9104e-07	1.1755e-36	1.1755e-36	7.2268e-17	0.00e+00	0.00e+00	8.0787e+01
1.21509e+19	8.2034e+03	1.514e-22	1.0000e+01	3.1185e+00	4.5354e-08	7.4530e-01	2.5470e-01	3.5747e-01	6.2585e-01	1.6675e-02	8.6889e-11	2.2074e-03	9.1231e-01	8.5468e-02	9.7612e-06	7.8450e-01	2.1515e-01	3.4253e-04	2.7401e-07	1.1755e-36	1.1755e-36	8.1788e-17	0.00e+00	0.00e+00	8.2768e+01
1.21921e+19	8.1340e+03	1.432e-22	1.0000e+01	3.0127e+00	4.9139e-08	7.5439e-01	2.4561e-01	3.7025e-01	6.1315e-01	1.6598e-02	9.3093e-11	2.1491e-03	9.1649e-01	8.1350e-02	9.1521e-06	7.9267e-01	2.0703e-01	3.0352e-04	2.5954e-07	1.1755e-36	1.1755e-36	9.1621e-17	0.00e+00	0.00e+00	8.4687e+01
1.22335e+19	8.0503e+03	1.354e-22	1.0000e+01	2.9108e+00	5.3622e-08	7.6336e-01	2.3664e-01	3.8387e-01	5.9965e-01	1.6474e-02	1.0013e-10	2.0929e-03	9.2061e-01	7.7289e-02	8.5959e-06	8.0069e-01	1.9904e-01	2.6886e-04	2.4584e-07	1.1755e-36	1.1755e-36	1.0347e-16	0.00e+00	0.00e+00	8.6739e+01
1.22771e+19	7.9643e+03	1.275e-22	1.0000e+01	2.8043e+00	5.8748e-08	7.7273e-01	2.2727e-01	3.9818e-01	5.8546e-01	1.6355e-02	1.0822e-10	2.0323e-03	9.2466e-01	7.3299e-02	8.0764e-06	8.0904e-01	1.9073e-01	2.3651e-04	2.3205e-07	1.1755e-36	1.1755e-36	1.1801e-16	0.00e+00	0.00e+00	8.8911e+01
1.23210e+19	7.8741e+03	1.200e-22	1.0000e+01	2.6990e+00	6.4535e-08	7.8202e-01	2.1798e-01	4.1273e-01	5.7104e-01	1.6233e-02	1.1726e-10	1.9712e-03	9.2849e-01	6.9532e-02	7.6147e-06	8.1727e-01	1.8252e-01	2.0794e-04	2.1890e-07	1.1755e-36	1.1755e-36	1.3545e-16	0.00e+00	0.00e+00	9.1054e+01
1.23635e+19	7.7846e+03	1.131e-22	1.0000e+01	2.6022e+00	7.0651e-08	7.9043e-01	2.0957e-01	4.2711e-01	5.5681e-01	1.6087e-02	1.2670e-10	1.9145e-03	9.3199e-01	6.6086e-02	7.2214e-06	8.2470e-01	1.7512e-01	1.8413e-04	2.0737e-07	1.1755e-36	1.1755e-36	1.5480e-16	0.00e+00	0.00e+00	9.3127e+01
1.24056e+19	7.6901e+03	1.067e-22	1.0000e+01	2.5104e+00	7.7448e-08	7.9827e-01	2.0173e-01	4.4177e-01	5.4233e-01	1.5907e-02	1.3699e-10	1.8604e-03	9.3531e-01	6.2823e-02	6.8739e-06	8.3162e-01	1.6822e-01	1.6364e-04	1.9693e-07	1.1755e-36	1.1755e-36	1.7726e-16	0.00e+00	0.00e+00	9.5273e+01
1.24495e+19	7.5791e+03	1.004e-22	1.0000e+01	2.4172e+00	8.5985e-08	8.0658e-01	1.9342e-01	4.5746e-01	5.2685e-01	1.5682e-02	1.4972e-10	1.8053e-03	9.3862e-01	5.9571e-02	6.5482e-06	8.3890e-01	1.6095e-01	1.4460e-04	1.8626e-07	1.1755e-36	1.1755e-36	2.0748e-16	0.00e+00	0.00e+00	9.7583e+01
1.24945e+19	7.4720e+03	9.435e-23	1.0000e+01	2.3226e+00	9.5327e-08	8.1472e-01	1.8528e-01	4.7303e-01	5.1148e-01	1.5489e-02	1.6382e-10	1.7475e-03	9.4168e-01	5.6568e-02	6.2593e-06	8.4602e-01	1.5385e-01	1.2769e-04	1.7607e-07	1.1755e-36	1.1755e-36	2.4360e-16	0.00e+00	0.00e+00	9.9870e+01
1.25382e+19	7.3606e+03	8.883e-23	1.0000e+01	2.2357e+00	1.0578e-07	8.2215e-01	1.7785e-01	4.8852e-01	4.9622e-01	1.5259e-02	1.7941e-10	1.6942e-03	9.4449e-01	5.3810e-02	6.0124e-06	8.5250e-01	1.4738e-01	1.1356e-04	1.6704e-07	1.1755e-36	1.1755e-36	2.8675e-16	0.00e+00	0.00e+00	1.0210e+02
1.25815e+19	7.2439e+03	8.371e-23	1.0000e+01	2.1536e+00	1.1767e-07	8.2903e-01	1.7097e-01	5.0407e-01	4.8093e-01	1.4999e-02	1.9698e-10	1.6436e-03	9.4711e-01	5.1236e-02	5.7969e-06	8.5849e-01	1.4141e-01	1.0148e-04	1.5887e-07	1.1755e-36	1.1755e-36	3.3932e-16	0.00e+00	0.00e+00	1.0438e+02
1.26248e+19	7.1191e+03	7.889e-23	1.0000e+01	2.0727e+00	1.3167e-07	8.3567e-01	1.6433e-01	5.1947e-01	4.6580e-01	1.4734e-02	2.1742e-10	1.5932e-03	9.4954e-01	4.8864e-02	5.6081e-06	8.6425e-01	1.3565e-01	9.0946e-05	1.5119e-07	1.1755e-36	1.1755e-36	4.0629e-16	0.00e+00	0.00e+00	1.0666e+02
1.26666e+19	7.0003e+03	7.457e-23	1.0000e+01	1.9991e+00	1.4665e-07	8.4173e-01	1.5827e-01	5.3425e-01	4.5129e-01	1.4462e-02	2.3974e-10	1.5469e-03	9.5170e-01	4.6749e-02	5.4481e-06	8.6950e-01	1.3041e-01	8.2097e-05	1.4431e-07	1.1755e-36	1.1755e-36	4.8553e-16	0.00e+00	0.00e+00	1.0881e+02
1.27067e+19	6.8794e+03	7.070e-23	1.0000e+01	1.9329e+00	1.6339e-07	8.4715e-01	1.5285e-01	5.4868e-01	4.3716e-01	1.4160e-02	2.6470e-10	1.5052e-03	9.5366e-01	4.4824e-02	5.3121e-06	8.7419e-01	1.2574e-01	7.4721e-05	1.3829e-07	1.1755e-36	1.1755e-36	5.8168e-16	0.00e+00	0.00e+00	1.1093e+02
1.27459e+19	6.7593e+03	6.714e-23	1.0000e+01	1.8701e+00	1.8198e-07	8.5221e-01	1.4779e-01	5.6258e-01	4.2356e-01	1.3860e-02	2.9275e-10	1.4654e-03	9.5544e-01	4.3086e-02	5.1943e-06	8.7856e-01	1.2138e-01	6.8354e-05	1.3276e-07	1.1755e-36	1.1755e-36	6.9928e-16	0.00e+00	0.00e+00	1.1302e+02
1.27842e+19	6.6460e+03	6.386e-23	1.0000e+01	1.8102e+00	2.0164e-07	8.5677e-01	1.4323e-01	5.7573e-01	4.1068e-01	1.3581e-02	3.2294e-10	1.4265e-03	9.5703e-01	4.1535e-02	5.0929e-06	8.8248e-01	1.1745e-01	6.2893e-05	1.2785e-07	1.1755e-36	1.1755e-36	8.3604e-16	0.00e+00	0.00e+00	1.1507e+02
1.28226e+19	6.5155e+03	6.079e-23	1.0000e+01	1.7541e+00	2.2670e-07	8.6148e-01	1.3852e-01	5.8936e-01	3.9740e-01	1.3241e-02	3.6177e-10	1.3910e-03	9.5857e-01	4.0031e-02	5.0006e-06	8.8654e-01	1.1340e-01	5.7935e-05	1.2287e-07	1.1755e-36	1.1755e-36	1.0300e-15	0.00e+00	0.00e+00	1.1718e+02
1.28596e+19	6.4002e+03	5.802e-23	1.0000e+01	1.7007e+00	2.5196e-07	8.6571e-01	1.3429e-01	6.0160e-01	3.8544e-01	1.2959e-02	4.0214e-10	1.3560e-03	9.5987e-01	3.8764e-02	4.9232e-06	8.9017e-01	1.0978e-01	5.3722e-05	1.1755e-36	1.1755e-36	1.1755e-36	1.2498e-15	0.00e+00	0.00e+00	1.1910e+02
1.28948e+19	6.2820e+03	5.555e-23	1.0000e+01	1.6539e+00	2.8037e-07	8.6937e-01	1.3063e-01	6.1358e-01	3.7378e-01	1.2641e-02	4.4784e-10	1.3259e-03	9.6108e-01	3.7592e-02	4.8577e-06	8.9331e-01	1.0664e-01	5.0223e-05	1.1755e-36	1.1755e-36	1.1755e-36	1.5204e-15	0.00e+00	0.00e+00	1.2103e+02
1.29296e+19	6.1693e+03	5.323e-23	1.0000e+01	1.6075e+00	3.1077e-07	8.7279e-01	1.2721e-01	6.2483e-01	3.6281e-01	1.2356e-02	4.9794e-10	1.2953e-03	9.6215e-01	3.6549e-02	4.8000e-06	8.9625e-01	1.0370e-01	4.7107e-05	1.1755e-36	1.1755e-36	1.1755e-36	1.8430e-15	0.00e+00	0.00e+00	1.2294e+02
1.29646e+19	6.0516e+03	5.103e-23	1.0000e+01	1.5633e+00	3.4616e-07	8.7622e-01	1.2378e-01	6.3608e-01	3.5187e-01	1.2052e-02	5.5770e-10	1.2662e-03	9.6317e-01	3.5559e-02	4.7475e-06	8.9918e-01	1.0077e-01	4.4256e-05	1.1755e-36	1.1755e-36	1.1755e-36	2.2638e-15	0.00e+00	0.00e+00	1.2490e+02
1.29997e+19	5.9408e+03	4.896e-23	1.0000e+01	1.5207e+00	3.8356e-07	8.7951e-01	1.2049e-01	6.4681e-01	3.4143e-01	1.1765e-02	6.2330e-10	1.2379e-03	9.6409e-01	3.4668e-02	4.7004e-06	9.0200e-01	9.7959e-02	4.1675e-05	1.1755e-36	1.1755e-36	1.1755e-36	2.7668e-15	0.00e+00	0.00e+00	1.2682e+02
1.30347e+19	5.8307e+03	4.701e-23	1.0000e+01	1.4801e+00	4.2460e-07	8.8256e-01	1.1744e-01	6.5734e-01	3.3118e-01	1.1473e-02	6.9716e-10	1.2107e-03	9.6495e-01	3.3835e-02	4.6583e-06	9.0461e-01	9.5352e-02	3.9373e-05	1.1755e-36	1.1755e-36	1.1755e-36	3.3819e-15	0.00e+00	0.00e+00	1.2880e+02
1.30708e+19	5.7095e+03	4.511e-23	1.0000e+01	1.4394e+00	4.7454e-07	8.8574e-01	1.1426e-01	6.6797e-01	3.2086e-01	1.1166e-02	7.8898e-10	1.1836e-03	9.6577e-01	3.3044e-02	4.6199e-06	9.0732e-01	9.2640e-02	3.7212e-05	1.1755e-36	1.1755e-36	1.1755e-36	4.2248e-15	0.00e+00	0.00e+00	1.3085e+02
1.31067e+19	5.5933e+03	4.336e-23	1.0000e+01	1.4006e+00	5.2762e-07	8.8875e-01	1.1125e-01	6.7792e-01	3.1120e-01	1.0878e-02	8.9005e-10	1.1577e-03	9.6648e-01	3.2355e-02	4.5866e-06	9.0989e-01	9.0075e-02	3.5292e-05	1.1755e-36	1.1755e-36	1.1755e-36	5.2429e-15	0.00e+00	0.00e+00	1.3281e+02
1.31415e+19	5.4782e+03	4.178e-23	1.0000e+01	1.3657e+00	5.8496e-07	8.9139e-01	1.0861e-01	6.8754e-01	3.0188e-01	1.0580e-02	1.0019e-09	1.1345e-03	9.6714e-01	3.1721e-02	4.5586e-06	9.1215e-01	8.7815e-02	3.3658e-05	1.1755e-36	1.1755e-36	1.1755e-36	6.4717e-15	0.00e+00	0.00e+00	1.3476e+02
1.31765e+19	5.3630e+03	4.028e-23	1.0000e+01	1.3320e+00	6.4741e-07	8.9395e-01	1.0605e-01	6.9689e-01	2.9282e-01	1.0282e-02	1.1278e-09	1.1122e-03	9.6775e-01	3.1136e-02	4.5337e-06	9.1433e-01	8.5637e-02	3.2169e-05	1.1755e-36	1.1755e-36	1.1755e-36	7.9799e-15	0.00e+00	0.00e+00	1.3676e+02
1.32125e+19	5.2463e+03	3.882e-23	1.0000e+01	1.2984e+00	7.1579e-07	8.9649e-01	1.0351e-01	7.0606e-01	2.8395e-01	9.9889e-03	1.2709e-09	1.0899e-03	9.6831e-01	3.0593e-02	4.5111e-06	9.1650e-01	8.3468e-02	3.0778e-05	1.1755e-36	1.1755e-36	1.1755e-36	9.8474e-15	0.00e+00	0.00e+00	1.3884e+02
1.32501e+19	5.1270e+03	3.740e-23	1.0000e+01	1.2647e+00	7.9046e-07	8.9905e-01	1.0095e-01	7.1513e-01	2.7517e-01	9.6964e-03	1.4336e-09	1.0674e-03	9.6884e-01	3.0088e-02	4.4905e-06	9.1869e-01	8.1284e-02	2.9464e-05	1.1755e-36	1.1755e-36	1.1755e-36	1.2159e-14	0.00e+00	0.00e+00	1.4102e+02
1.32896e+19	4.9996e+03	3.600e-23	1.0000e+01	1.2315e+00	8.7507e-07	9.0177e-01	9.8232e-02	7.2441e-01	2.6621e-01	9.3820e-03	1.6261e-09	1.0457e-03	9.6935e-01	2.9602e-02	4.4715e-06	9.2100e-01	7.8971e-02	2.8198e-05	1.1755e-36	1.1755e-36	1.1755e-36	1.5143e-14	0.00e+00	0.00e+00	1.4333e+02
1.33310e+19	4.8685e+03	3.463e-23	1.0000e+01	1.1972e+00	9.6212e-07	9.0440e-01	9.5597e-02	7.3337e-01	2.5755e-01	9.0818e-03	1.7282e-09	1.0234e-03	9.7005e-01	2.8924e-02	4.4514e-06	9.2325e-01	7.6727e-02	2.7037e-05	1.1755e-36	1.1755e-36	1.1755e-36	1.6810e-14	0.00e+00	0.00e+00	1.4573e+02
1.33752e+19	4.7303e+03	3.328e-23	1.0000e+01	1.1630e+00	1.0542e-06	9.0703e-01	9.2964e-02	7.4258e-01	2.4866e-01	8.7611e-03	1.8220e-09	1.0015e-03	9.7077e-01	2.8226e-02	4.4329e-06	9.2549e-01	7.4483e-02	2.5941e-05	1.1755e-36	1.1755e-36	1.1755e-36	1.8361e-14	0.00e+00	0.00e+00	1.4840e+02
1.34223e+19	4.5902e+03	3.195e-23	1.0000e+01	1.1280e+00	1.1446e-06	9.0975e-01	9.0249e-02	7.5147e-01	2.4007e-01	8.4537e-03	1.8982e-09	9.7913e-04	9.7144e-01	2.7577e-02	4.4164e-06	9.2780e-01	7.2173e-02	2.4898e-05	1.1755e-36	1.1755e-36	1.1755e-36	1.9608e-14	0.00e+00	0.00e+00	1.5114e+02
1.34697e+19	4.4528e+03	3.075e-23	1.0000e+01	1.0960e+00	1.2267e-06	9.1221e-01	8.7788e-02	7.5993e-01	2.3192e-01	8.1476e-03	1.9466e-09	9.5921e-04	9.7206e-01	2.6976e-02	4.4034e-06	9.2990e-01	7.0075e-02	2.4006e-05	1.1755e-36	1.1755e-36	1.1755e-36	2.0315e-14	0.00e+00	0.00e+00	1.5384e+02
1.35159e+19	4.3132e+03	2.968e-23	1.0000e+01	1.0665e+00	1.3005e-06	9.1441e-01	8.5586e-02	7.6790e-01	2.2426e-01	7.8433e-03	1.9631e-09	9.4185e-04	9.7264e-01	2.6414e-02	4.3945e-06	9.3179e-01	6.8188e-02	2.3269e-05	1.1755e-36	1.1755e-36	1.1755e-36	2.0392e-14	0.00e+00	0.00e+00	1.5647e+02
1.35598e+19	4.1950e+03	2.874e-23	1.0000e+01	1.0414e+00	1.3531e-06	9.1631e-01	8.3692e-02	7.7493e-01	2.1750e-01	7.5726e-03	1.9552e-09	9.2725e-04	9.7313e-01	2.5935e-02	4.3873e-06	9.3341e-01	6.6568e-02	2.2644e-05	1.1755e-36	1.1755e-36	1.1755e-36	1.9993e-14	0.00e+00	0.00e+00	1.5892e+02
1.36035e+19	4.0720e+03	2.783e-23	1.0000e+01	1.0155e+00	1.3965e-06	9.1826e-01	8.1742e-02	7.8187e-01	2.1082e-01	7.3072e-03	1.9232e-09	9.1256e-04	9.7364e-01	2.5448e-02	4.3814e-06	9.3508e-01	6.4898e-02	2.2048e-05	1.1755e-36	1.1755e-36	1.1755e-36	1.9130e-14	0.00e+00	0.00e+00	1.6152e+02
1.36483e+19	3.9629e+03	2.701e-23	1.0000e+01	9.9222e-01	1.4250e-06	9.2011e-01	7.9891e-02	7.8784e-01	2.0509e-01	7.0742e-03	1.8781e-09	8.9953e-04	9.7406e-01	2.5037e-02	4.3761e-06	9.3666e-01	6.3321e-02	2.1512e-05	1.1755e-36	1.1755e-36	1.1755e-36	1.8076e-14	0.00e+00	0.00e+00	1.6412e+02
###########################
1.13206e+15	9.7512e+03	6.659e-22	1.0000e+01	1.1253e+01	8.5696e-13	8.3923e-03	9.9161e-01	4.2624e-03	4.6794e-01	5.2780e-01	1.7297e-16	3.7620e-04	1.3333e-01	7.9196e-01	7.1835e-02	1.2912e-03	1.3810e-01	7.1319e-01	1.4407e-01	3.3328e-03	9.9662e-06	2.4706e-24	0.00e+00	0.00e+00	1.1995e-03
6.79238e+15	9.7366e+03	6.644e-22	1.0000e+01	1.1239e+01	8.5863e-13	8.3700e-03	9.9163e-01	4.2559e-03	4.6783e-01	5.2792e-01	1.7090e-16	3.7095e-04	1.3312e-01	7.9195e-01	7.2053e-02	1.2813e-03	1.3742e-01	7.1383e-01	1.4413e-01	3.3326e-03	9.9881e-06	2.4366e-24	0.00e+00	0.00e+00	5.9849e-03
2.94336e+16	9.7180e+03	6.610e-22	1.0000e+01	1.1234e+01	8.5710e-13	8.3263e-03	9.9167e-01	4.2528e-03	4.6866e-01	5.2708e-01	1.6633e-16	3.6896e-04	1.3279e-01	7.9228e-01	7.2062e-02	1.2590e-03	1.3573e-01	7.1613e-01	1.4357e-01	3.3042e-03	9.9503e-06	2.3661e-24	0.00e+00	0.00e+00	2.5026e-02
1.19999e+17	9.6541e+03	6.529e-22	1.0000e+01	1.1230e+01	8.6781e-13	8.2583e-03	9.9174e-01	4.2835e-03	4.7449e-01	5.2123e-01	1.5634e-16	3.6559e-04	1.3217e-01	7.9376e-01	7.1293e-02	1.2112e-03	1.3164e-01	7.2412e-01	1.3986e-01	3.1553e-03	9.5946e-06	2.2285e-24	0.00e+00	0.00e+00	1.0057e-01
2.86638e+17	9.4124e+03	6.277e-22	1.0000e+01	1.1231e+01	8.6188e-13	7.8277e-03	9.9217e-01	4.2589e-03	4.7766e-01	5.1808e-01	1.2416e-16	3.4817e-04	1.3016e-01	7.9484e-01	7.2250e-02	1.0407e-03	1.1943e-01	7.3763e-01	1.3887e-01	3.0165e-03	9.6251e-06	1.6961e-24	0.00e+00	0.00e+00	1.9366e-01
4.90828e+17	9.2147e+03	6.070e-22	1.0000e+01	1.1228e+01	8.5686e-13	7.5005e-03	9.9250e-01	4.2782e-03	4.8631e-01	5.0941e-01	1.0163e-16	3.3416e-04	1.2837e-01	7.9700e-01	7.1967e-02	9.2215e-04	1.1053e-01	7.5095e-01	1.3478e-01	2.8077e-03	9.3305e-06	1.3540e-24	0.00e+00	0.00e+00	2.9783e-01
7.43833e+17	9.0721e+03	5.904e-22	1.0000e+01	1.1215e+01	8.6410e-13	7.3173e-03	9.9268e-01	4.3796e-03	5.0299e-01	4.9263e-01	8.8235e-17	3.2611e-04	1.2734e-01	8.0025e-01	6.9930e-02	8.5945e-04	1.0558e-01	7.6494e-01	1.2611e-01	2.5032e-03	8.5618e-06	1.1739e-24	0.00e+00	0.00e+00	4.2994e-01
1.07274e+18	8.9557e+03	5.751e-22	1.0000e+01	1.1193e+01	8.8656e-13	7.2351e-03	9.9276e-01	4.5806e-03	5.2973e-01	4.6569e-01	7.9704e-17	3.2277e-04	1.2704e-01	8.0454e-01	6.6203e-02	8.3288e-04	1.0339e-01	7.8072e-01	1.1295e-01	2.1098e-03	7.3814e-06	1.0804e-24	0.00e+00	0.00e+00	5.9976e-01
1.50032e+18	8.8549e+03	5.620e-22	1.0000e+01	1.1170e+01	9.4905e-13	7.3262e-03	9.9267e-01	4.9708e-03	5.7123e-01	4.2380e-01	7.8394e-17	3.2927e-04	1.2856e-01	8.0926e-01	6.0301e-02	8.6465e-04	1.0573e-01	7.9719e-01	9.4585e-02	1.6317e-03	5.7755e-06	1.1118e-24	0.00e+00	0.00e+00	8.2331e-01
2.05617e+18	8.8237e+03	5.479e-22	1.0000e+01	1.1103e+01	1.0461e-12	7.6367e-03	9.9236e-01	5.5585e-03	6.3022e-01	3.6422e-01	8.4322e-17	3.4565e-04	1.3146e-01	8.1437e-01	5.2649e-02	9.6945e-04	1.1318e-01	8.1255e-01	7.2169e-02	1.1284e-03	3.9860e-06	1.2956e-24	0.00e+00	0.00e+00	1.1262e+00
2.67992e+18	8.8090e+03	5.379e-22	1.0000e+01	1.1040e+01	1.2248e-12	8.2230e-03	9.9178e-01	6.3552e-03	7.0008e-01	2.9356e-01	1.0145e-16	3.7501e-04	1.3631e-01	8.1787e-01	4.4594e-02	1.1730e-03	1.2640e-01	8.2085e-01	5.0862e-02	7.1404e-04	2.4719e-06	1.7334e-24	0.00e+00	0.00e+00	1.4476e+00
3.18617e+18	8.8296e+03	5.336e-22	1.0000e+01	1.0979e+01	1.4305e-12	8.9071e-03	9.9109e-01	7.0397e-03	7.5485e-01	2.3811e-01	1.2572e-16	4.0572e-04	1.4082e-01	8.1927e-01	3.8839e-02	1.4222e-03	1.4071e-01	8.2029e-01	3.7099e-02	4.8238e-04	1.6133e-06	2.3713e-24	0.00e+00	0.00e+00	1.6688e+00
3.51645e+18	8.8702e+03	5.328e-22	1.0000e+01	1.0945e+01	1.6117e-12	9.5073e-03	9.9049e-01	7.5040e-03	7.8695e-01	2.0554e-01	1.5155e-16	4.3111e-04	1.4431e-01	8.1926e-01	3.5437e-02	1.6494e-03	1.5226e-01	8.1596e-01	2.9760e-02	3.7036e-04	1.1949e-06	3.0718e-24	0.00e+00	0.00e+00	1.8292e+00
3.77708e+18	8.8951e+03	5.333e-22	1.0000e+01	1.0918e+01	1.8164e-12	1.0107e-02	9.8989e-01	7.9140e-03	8.0997e-01	1.8211e-01	1.8305e-16	4.5732e-04	1.4793e-01	8.1831e-01	3.2816e-02	1.8911e-03	1.6361e-01	8.0948e-01	2.4725e-02	2.9823e-04	9.2598e-07	3.9327e-24	0.00e+00	0.00e+00	1.9913e+00
4.06923e+18	8.9178e+03	5.364e-22	1.0000e+01	1.0895e+01	2.1065e-12	1.0883e-02	9.8912e-01	8.3466e-03	8.3343e-01	1.5822e-01	2.2662e-16	4.8628e-04	1.5159e-01	8.1744e-01	3.0062e-02	2.1902e-03	1.7529e-01	8.0231e-01	1.9979e-02	2.3381e-04	6.8979e-07	5.2316e-24	0.00e+00	0.00e+00	2.2182e+00
4.44904e+18	8.9721e+03	5.383e-22	1.0000e+01	1.0857e+01	2.5682e-12	1.2078e-02	9.8792e-01	9.0373e-03	8.5913e-01	1.3183e-01	3.2123e-16	5.4005e-04	1.5882e-01	8.1357e-01	2.6721e-02	2.7672e-03	1.9826e-01	7.8386e-01	1.4944e-02	1.7113e-04	4.6392e-07	8.0637e-24	0.00e+00	0.00e+00	2.5456e+00
4.79936e+18	9.0515e+03	5.450e-22	1.0000e+01	1.0825e+01	3.0565e-12	1.3334e-02	9.8667e-01	9.5646e-03	8.7793e-01	1.1251e-01	4.3379e-16	5.8565e-04	1.6421e-01	8.1081e-01	2.4101e-02	3.3841e-03	2.1845e-01	7.6646e-01	1.1570e-02	1.3291e-04	3.2759e-07	1.1886e-23	0.00e+00	0.00e+00	2.7739e+00
5.03903e+18	9.1176e+03	5.504e-22	1.0000e+01	1.0805e+01	3.4623e-12	1.4334e-02	9.8567e-01	9.9414e-03	8.8889e-01	1.0117e-01	5.4161e-16	6.2082e-04	1.6830e-01	8.0843e-01	2.2384e-02	3.9100e-03	2.3389e-01	7.5242e-01	9.6629e-03	1.1246e-04	2.5660e-07	1.5791e-23	0.00e+00	0.00e+00	2.9622e+00
5.27827e+18	9.1706e+03	5.562e-22	1.0000e+01	1.0786e+01	3.9845e-12	1.5475e-02	9.8452e-01	1.0365e-02	8.9896e-01	9.0675e-02	6.8837e-16	6.6129e-04	1.7304e-01	8.0540e-01	2.0664e-02	4.5444e-03	2.5073e-01	7.3663e-01	7.9945e-03	9.5144e-05	1.9873e-07	2.1355e-23	0.00e+00	0.00e+00	3.2264e+00
5.58928e+18	9.2502e+03	5.646e-22	1.0000e+01	1.0760e+01	4.7905e-12	1.7150e-02	9.8285e-01	1.0957e-02	9.1005e-01	7.8995e-02	9.5288e-16	7.1882e-04	1.7980e-01	8.0072e-01	1.8562e-02	5.5581e-03	2.7513e-01	7.1301e-01	6.2285e-03	7.7675e-05	1.4242e-07	3.2051e-23	0.00e+00	0.00e+00	3.6071e+00
5.91012e+18	9.3528e+03	5.757e-22	1.0000e+01	1.0730e+01	5.7975e-12	1.9162e-02	9.8084e-01	1.1563e-02	9.1903e-01	6.9407e-02	1.3426e-15	7.8126e-04	1.8689e-01	7.9558e-01	1.6568e-02	6.8706e-03	3.0254e-01	6.8571e-01	4.8248e-03	6.4490e-05	1.1755e-36	4.9326e-23	0.00e+00	0.00e+00	3.9580e+00
6.15334e+18	9.4269e+03	5.865e-22	1.0000e+01	1.0711e+01	6.7990e-12	2.0961e-02	9.7904e-01	1.2039e-02	9.2467e-01	6.3293e-02	1.7642e-15	8.3200e-04	1.9261e-01	7.9129e-01	1.5112e-02	8.1062e-03	3.2474e-01	6.6314e-01	3.9633e-03	5.6552e-05	1.1755e-36	6.9676e-23	0.00e+00	0.00e+00	4.2178e+00
6.34174e+18	9.4889e+03	5.938e-22	1.0000e+01	1.0687e+01	7.7132e-12	2.2532e-02	9.7747e-01	1.2495e-02	9.2857e-01	5.8931e-02	2.2119e-15	8.7961e-04	1.9799e-01	7.8698e-01	1.3998e-02	9.2914e-03	3.4483e-01	6.4246e-01	3.3720e-03	5.1092e-05	1.1755e-36	9.2013e-23	0.00e+00	0.00e+00	4.4745e+00
6.54925e+18	9.5575e+03	6.020e-22	1.0000e+01	1.0664e+01	8.9030e-12	2.4431e-02	9.7557e-01	1.3028e-02	9.3258e-01	5.4391e-02	2.8494e-15	9.3394e-04	2.0423e-01	7.8189e-01	1.2811e-02	1.0785e-02	3.6739e-01	6.1897e-01	2.8064e-03	4.5817e-05	1.1755e-36	1.2579e-22	0.00e+00	0.00e+00	4.8363e+00
6.81901e+18	9.6416e+03	6.132e-22	1.0000e+01	1.0632e+01	1.0837e-11	2.7248e-02	9.7275e-01	1.3803e-02	9.3704e-01	4.9155e-02	4.0097e-15	1.0114e-03	2.1323e-01	7.7431e-01	1.1338e-02	1.3151e-02	3.9905e-01	5.8557e-01	2.1937e-03	3.9917e-05	1.1755e-36	1.9133e-22	0.00e+00	0.00e+00	5.3609e+00
7.09967e+18	9.7328e+03	6.265e-22	1.0000e+01	1.0590e+01	1.3459e-11	3.0731e-02	9.6927e-01	1.4690e-02	9.4060e-01	4.4709e-02	5.8002e-15	1.0990e-03	2.2339e-01	7.6551e-01	9.9030e-03	1.6274e-02	4.3464e-01	5.4736e-01	1.6859e-03	3.4729e-05	1.1755e-36	3.0138e-22	0.00e+00	0.00e+00	5.8583e+00
7.33399e+18	9.8031e+03	6.390e-22	1.0000e+01	1.0560e+01	1.6422e-11	3.4212e-02	9.6579e-01	1.5535e-02	9.4305e-01	4.1413e-02	8.0533e-15	1.1827e-03	2.3306e-01	7.5692e-01	8.7498e-03	1.9569e-02	4.6631e-01	5.1275e-01	1.3357e-03	3.0800e-05	1.1755e-36	4.5160e-22	0.00e+00	0.00e+00	6.3168e+00
7.54495e+18	9.8687e+03	6.488e-22	1.0000e+01	1.0516e+01	1.9715e-11	3.7788e-02	9.6221e-01	1.6424e-02	9.4488e-01	3.8698e-02	1.0900e-14	1.2643e-03	2.4285e-01	7.4804e-01	7.7701e-03	2.3180e-02	4.9678e-01	4.7895e-01	1.0701e-03	2.7531e-05	1.1755e-36	6.5256e-22	0.00e+00	0.00e+00	6.8170e+00
7.78607e+18	9.9295e+03	6.603e-22	1.0000e+01	1.0466e+01	2.4704e-11	4.2528e-02	9.5747e-01	1.7588e-02	9.4667e-01	3.5747e-02	1.5617e-14	1.3684e-03	2.5537e-01	7.3649e-01	6.7115e-03	2.8171e-02	5.3206e-01	4.3893e-01	8.1861e-04	2.4050e-05	1.1755e-36	1.0106e-21	0.00e+00	0.00e+00	7.5488e+00
8.04894e+18	9.9938e+03	6.749e-22	1.0000e+01	1.0415e+01	3.2318e-11	4.8874e-02	9.5113e-01	1.9057e-02	9.4794e-01	3.3003e-02	2.3707e-14	1.4970e-03	2.7080e-01	7.2201e-01	5.6365e-03	3.5146e-02	5.7177e-01	3.9246e-01	5.9915e-04	2.0456e-05	1.1755e-36	1.6856e-21	0.00e+00	0.00e+00	8.3301e+00
8.27778e+18	1.0048e+04	6.863e-22	1.0000e+01	1.0334e+01	4.1497e-11	5.5618e-02	9.4438e-01	2.0595e-02	9.4846e-01	3.0949e-02	3.4641e-14	1.6186e-03	2.8612e-01	7.0744e-01	4.7731e-03	4.2927e-02	6.0743e-01	3.4918e-01	4.4601e-04	1.7479e-05	1.1755e-36	2.6740e-21	0.00e+00	0.00e+00	9.0482e+00
8.47242e+18	1.0092e+04	6.958e-22	1.0000e+01	1.0259e+01	5.2048e-11	6.2433e-02	9.3757e-01	2.2126e-02	9.4856e-01	2.9312e-02	4.8532e-14	1.7333e-03	3.0080e-01	6.9333e-01	4.0930e-03	5.1009e-02	6.3673e-01	3.1191e-01	3.4075e-04	1.5072e-05	1.1755e-36	4.0369e-21	0.00e+00	0.00e+00	9.7765e+00
8.65496e+18	1.0127e+04	7.040e-22	1.0000e+01	1.0173e+01	6.5191e-11	6.9886e-02	9.3011e-01	2.3790e-02	9.4834e-01	2.7867e-02	6.7203e-14	1.8483e-03	3.1599e-01	6.7862e-01	3.5076e-03	6.0042e-02	6.6266e-01	2.7702e-01	2.6059e-04	1.2944e-05	1.1755e-36	6.0098e-21	0.00e+00	0.00e+00	1.0572e+01
8.83269e+18	1.0163e+04	7.115e-22	1.0000e+01	1.0082e+01	8.2062e-11	7.8428e-02	9.2157e-01	2.5658e-02	9.4777e-01	2.6568e-02	9.3422e-14	1.9697e-03	3.3240e-01	6.6261e-01	2.9831e-03	7.0558e-02	6.8600e-01	2.4323e-01	1.9713e-04	1.0975e-05	1.1755e-36	9.0030e-21	0.00e+00	0.00e+00	1.1439e+01
9.00074e+18	1.0189e+04	7.184e-22	1.0000e+01	9.9829e+00	1.0376e-10	8.8017e-02	9.1198e-01	2.7710e-02	9.4685e-01	2.5441e-02	1.2941e-13	2.0937e-03	3.4967e-01	6.4568e-01	2.5277e-03	8.2477e-02	7.0563e-01	2.1174e-01	1.4855e-04	9.2191e-06	1.1755e-36	1.3448e-20	0.00e+00	0.00e+00	1.2334e+01
9.15341e+18	1.0206e+04	7.238e-22	1.0000e+01	9.8776e+00	1.3016e-10	9.8231e-02	9.0177e-01	2.9874e-02	9.4564e-01	2.4490e-02	1.7593e-13	2.2135e-03	3.6696e-01	6.2865e-01	2.1503e-03	9.5244e-02	7.2062e-01	1.8401e-01	1.1297e-04	7.7352e-06	1.1755e-36	1.9655e-20	0.00e+00	0.00e+00	1.3229e+01
9.29212e+18	1.0216e+04	7.276e-22	1.0000e+01	9.7676e+00	1.6161e-10	1.0892e-01	8.9108e-01	3.2133e-02	9.4419e-01	2.3674e-02	2.3438e-13	2.3275e-03	3.8412e-01	6.1170e-01	1.8388e-03	1.0863e-01	7.3129e-01	1.5999e-01	8.6917e-05	6.4981e-06	1.1755e-36	2.8041e-20	0.00e+00	0.00e+00	1.4144e+01
9.42225e+18	1.0219e+04	7.299e-22	1.0000e+01	9.6504e+00	1.9990e-10	1.2034e-01	8.7966e-01	3.4553e-02	9.4250e-01	2.2946e-02	3.0872e-13	2.4386e-03	4.0154e-01	5.9443e-01	1.5740e-03	1.2292e-01	7.3826e-01	1.3875e-01	6.7187e-05	5.4433e-06	1.1755e-36	3.9482e-20	0.00e+00	0.00e+00	1.5111e+01
9.54721e+18	1.0203e+04	7.312e-22	1.0000e+01	9.5231e+00	2.4902e-10	1.3289e-01	8.6711e-01	3.7227e-02	9.4051e-01	2.2267e-02	4.0570e-13	2.5499e-03	4.1970e-01	5.7639e-01	1.3429e-03	1.3856e-01	7.4177e-01	1.1962e-01	5.1857e-05	4.5261e-06	1.1755e-36	5.5475e-20	0.00e+00	0.00e+00	1.6141e+01
9.66674e+18	1.0192e+04	7.312e-22	1.0000e+01	9.3995e+00	3.0893e-10	1.4656e-01	8.5344e-01	4.0152e-02	9.3818e-01	2.1670e-02	5.3113e-13	2.6625e-03	4.3855e-01	5.5763e-01	1.1428e-03	1.5549e-01	7.4193e-01	1.0253e-01	4.0007e-05	3.7344e-06	1.1755e-36	7.7752e-20	0.00e+00	0.00e+00	1.7217e+01
9.77908e+18	1.0182e+04	7.283e-22	1.0000e+01	9.2574e+00	3.7903e-10	1.6073e-01	8.3927e-01	4.3215e-02	9.3562e-01	2.1161e-02	6.8351e-13	2.7634e-03	4.5709e-01	5.3916e-01	9.7644e-04	1.7295e-01	7.3913e-01	8.7892e-02	3.1168e-05	3.0856e-06	1.1755e-36	1.0676e-19	0.00e+00	0.00e+00	1.8317e+01
9.88544e+18	1.0168e+04	7.232e-22	1.0000e+01	9.1061e+00	4.6210e-10	1.7548e-01	8.2452e-01	4.6474e-02	9.3282e-01	2.0704e-02	8.6866e-13	2.8569e-03	4.7559e-01	5.2071e-01	8.3608e-04	1.9098e-01	7.3367e-01	7.5320e-02	2.4483e-05	2.5499e-06	1.1755e-36	1.4438e-19	0.00e+00	0.00e+00	1.9473e+01
9.98905e+18	1.0150e+04	7.159e-22	1.0000e+01	8.9462e+00	5.6263e-10	1.9121e-01	8.0879e-01	5.0034e-02	9.2968e-01	2.0283e-02	1.0990e-12	2.9460e-03	4.9454e-01	5.0179e-01	7.1429e-04	2.1006e-01	7.2566e-01	6.4257e-02	1.9264e-05	2.0961e-06	1.1755e-36	1.9443e-19	0.00e+00	0.00e+00	2.0715e+01
1.00908e+19	1.0124e+04	7.067e-22	1.0000e+01	8.7744e+00	6.8701e-10	2.0817e-01	7.9183e-01	5.3962e-02	9.2614e-01	1.9893e-02	1.3877e-12	3.0305e-03	5.1406e-01	4.8229e-01	6.0796e-04	2.3040e-01	7.1509e-01	5.4492e-02	1.5158e-05	1.7109e-06	1.1755e-36	2.6150e-19	0.00e+00	0.00e+00	2.2038e+01
1.01899e+19	1.0094e+04	6.951e-22	1.0000e+01	8.5915e+00	8.3677e-10	2.2606e-01	7.7394e-01	5.8229e-02	9.2223e-01	1.9545e-02	1.7412e-12	3.1072e-03	5.3381e-01	4.6256e-01	5.1672e-04	2.5164e-01	7.0231e-01	4.6031e-02	1.1976e-05	1.3908e-06	1.1755e-36	3.4934e-19	0.00e+00	0.00e+00	2.3428e+01
1.02858e+19	1.0062e+04	6.812e-22	1.0000e+01	8.4004e+00	1.0143e-09	2.4468e-01	7.5532e-01	6.2836e-02	9.1793e-01	1.9236e-02	2.1670e-12	3.1753e-03	5.5360e-01	4.4278e-01	4.3903e-04	2.7351e-01	6.8769e-01	3.8792e-02	9.5227e-06	1.1282e-06	1.1755e-36	4.6238e-19	0.00e+00	0.00e+00	2.4889e+01
1.03798e+19	1.0026e+04	6.651e-22	1.0000e+01	8.2008e+00	1.2270e-09	2.6417e-01	7.3583e-01	6.7861e-02	9.1318e-01	1.8954e-02	2.6822e-12	3.2353e-03	5.7357e-01	4.2282e-01	3.7228e-04	2.9614e-01	6.7128e-01	3.2567e-02	7.6089e-06	9.1161e-07	1.1755e-36	6.0841e-19	0.00e+00	0.00e+00	2.6446e+01
1.04730e+19	9.9842e+03	6.467e-22	1.0000e+01	7.9904e+00	1.4851e-09	2.8477e-01	7.1523e-01	7.3405e-02	9.0790e-01	1.8697e-02	3.3108e-12	3.2868e-03	5.9387e-01	4.0252e-01	3.1442e-04	3.1977e-01	6.5305e-01	2.7177e-02	6.0957e-06	7.3188e-07	1.1755e-36	7.9889e-19	0.00e+00	0.00e+00	2.8119e+01
1.05658e+19	9.9370e+03	6.260e-22	1.0000e+01	7.7677e+00	1.7993e-09	3.0656e-01	6.9344e-01	7.9538e-02	9.0200e-01	1.8466e-02	4.0778e-12	3.3287e-03	6.1448e-01	3.8192e-01	2.6431e-04	3.4444e-01	6.3303e-01	2.2522e-02	4.8958e-06	5.8332e-07	1.1755e-36	1.0478e-18	0.00e+00	0.00e+00	2.9913e+01
1.06584e+19	9.8854e+03	6.030e-22	1.0000e+01	7.5328e+00	2.1805e-09	3.2944e-01	6.7056e-01	8.6313e-02	8.9543e-01	1.8262e-02	5.0080e-12	3.3594e-03	6.3527e-01	3.6114e-01	2.2121e-04	3.7001e-01	6.1145e-01	1.8539e-02	3.9467e-06	4.6173e-07	1.1755e-36	1.3715e-18	0.00e+00	0.00e+00	3.1834e+01
1.07638e+19	9.8261e+03	5.730e-22	1.0000e+01	7.2373e+00	2.6946e-09	3.5571e-01	6.4429e-01	9.4647e-02	8.8730e-01	1.8050e-02	6.2457e-12	3.3706e-03	6.5847e-01	3.3798e-01	1.8007e-04	3.9898e-01	5.8622e-01	1.4804e-02	3.1230e-06	3.5359e-07	1.1755e-36	1.8326e-18	0.00e+00	0.00e+00	3.4495e+01
1.08769e+19	9.7565e+03	5.401e-22	1.0000e+01	6.9104e+00	3.4265e-09	3.8767e-01	6.1233e-01	1.0482e-01	8.7728e-01	1.7905e-02	8.0190e-12	3.3664e-03	6.8367e-01	3.1281e-01	1.4287e-04	4.3357e-01	5.5505e-01	1.1379e-02	2.4141e-06	2.5870e-07	1.1755e-36	2.5659e-18	0.00e+00	0.00e+00	3.7132e+01
1.09745e+19	9.6801e+03	5.091e-22	1.0000e+01	6.6221e+00	4.2232e-09	4.1614e-01	5.8386e-01	1.1498e-01	8.6722e-01	1.7802e-02	9.9112e-12	3.3524e-03	7.0589e-01	2.9064e-01	1.1629e-04	4.6390e-01	5.2711e-01	8.9850e-03	1.9489e-06	1.9595e-07	1.1755e-36	3.4162e-18	0.00e+00	0.00e+00	3.9429e+01
1.10583e+19	9.6090e+03	4.811e-22	1.0000e+01	6.3800e+00	5.0197e-09	4.4028e-01	5.5972e-01	1.2484e-01	8.5745e-01	1.7708e-02	1.1790e-11	3.3343e-03	7.2501e-01	2.7156e-01	9.7122e-05	4.8927e-01	5.0341e-01	7.3197e-03	1.6392e-06	1.5432e-07	1.1755e-36	4.3167e-18	0.00e+00	0.00e+00	4.1662e+01
1.11408e+19	9.5350e+03	4.528e-22	1.0000e+01	6.1319e+00	5.9420e-09	4.6412e-01	5.3588e-01	1.3528e-01	8.4713e-01	1.7592e-02	1.3914e-11	3.3033e-03	7.4325e-01	2.5336e-01	8.1163e-05	5.1400e-01	4.8004e-01	5.9613e-03	1.3925e-06	1.1755e-36	1.1755e-36	5.4081e-18	0.00e+00	0.00e+00	4.4143e+01
1.12250e+19	9.4589e+03	4.237e-22	1.0000e+01	5.8707e+00	7.0664e-09	4.8946e-01	5.1054e-01	1.4680e-01	8.3567e-01	1.7526e-02	1.6482e-11	3.2563e-03	7.6129e-01	2.3539e-01	6.7382e-05	5.3995e-01	4.5526e-01	4.7937e-03	1.1817e-06	1.1755e-36	1.1755e-36	6.8374e-18	0.00e+00	0.00e+00	4.6729e+01
1.13045e+19	9.3828e+03	3.960e-22	1.0000e+01	5.6170e+00	8.3210e-09	5.1367e-01	4.8633e-01	1.5861e-01	8.2389e-01	1.7498e-02	1.9280e-11	3.1990e-03	7.7780e-01	2.1895e-01	5.6460e-05	5.6441e-01	4.3171e-01	3.8798e-03	1.0169e-06	1.1755e-36	1.1755e-36	8.5159e-18	0.00e+00	0.00e+00	4.9170e+01
1.13754e+19	9.3070e+03	3.713e-22	1.0000e+01	5.3908e+00	9.6168e-09	5.3488e-01	4.6512e-01	1.7007e-01	8.1245e-01	1.7472e-02	2.2074e-11	3.1411e-03	7.9216e-01	2.0465e-01	4.8198e-05	5.8561e-01	4.1119e-01	3.2061e-03	8.9498e-07	1.1755e-36	1.1755e-36	1.0299e-17	0.00e+00	0.00e+00	5.1420e+01
1.14291e+19	9.2563e+03	3.527e-22	1.0000e+01	5.2167e+00	1.0663e-08	5.5029e-01	4.4971e-01	1.7909e-01	8.0342e-01	1.7489e-02	2.4311e-11	3.0900e-03	8.0249e-01	1.9438e-01	4.2926e-05	6.0088e-01	3.9635e-01	2.7751e-03	8.1688e-07	1.1755e-36	1.1755e-36	1.1802e-17	0.00e+00	0.00e+00	5.2840e+01
1.14665e+19	9.2051e+03	3.402e-22	1.0000e+01	5.1154e+00	1.1464e-08	5.6010e-01	4.3990e-01	1.8637e-01	7.9622e-01	1.7407e-02	2.5949e-11	3.0667e-03	8.1007e-01	1.8682e-01	3.9519e-05	6.1056e-01	3.8692e-01	2.5185e-03	7.7084e-07	1.1755e-36	1.1755e-36	1.2911e-17	0.00e+00	0.00e+00	5.4040e+01
1.15053e+19	9.1564e+03	3.272e-22	1.0000e+01	5.0061e+00	1.2333e-08	5.7021e-01	4.2979e-01	1.9402e-01	7.8866e-01	1.7317e-02	2.7720e-11	3.0371e-03	8.1767e-01	1.7926e-01	3.6213e-05	6.2048e-01	3.7725e-01	2.2746e-03	7.2642e-07	1.1755e-36	1.1755e-36	1.4147e-17	0.00e+00	0.00e+00	5.5608e+01
1.15541e+19	9.0936e+03	3.113e-22	1.0000e+01	4.8570e+00	1.3615e-08	5.8431e-01	4.1569e-01	2.0371e-01	7.7903e-01	1.7261e-02	3.0299e-11	2.9891e-03	8.2673e-01	1.7025e-01	3.2422e-05	6.3421e-01	3.6381e-01	1.9866e-03	6.7069e-07	1.1755e-36	1.1755e-36	1.6077e-17	0.00e+00	0.00e+00	5.7601e+01
1.16051e+19	9.0265e+03	2.952e-22	1.0000e+01	4.6973e+00	1.5193e-08	6.0057e-01	3.9943e-01	2.1418e-01	7.6858e-01	1.7236e-02	3.3505e-11	2.9321e-03	8.3581e-01	1.6123e-01	2.8891e-05	6.4990e-01	3.4839e-01	1.7100e-03	6.1346e-07	1.1755e-36	1.1755e-36	1.8673e-17	0.00e+00	0.00e+00	5.9426e+01
1.16477e+19	8.9833e+03	2.818e-22	1.0000e+01	4.5603e+00	1.6453e-08	6.1258e-01	3.8742e-01	2.2290e-01	7.5984e-01	1.7264e-02	3.6041e-11	2.8782e-03	8.4286e-01	1.5424e-01	2.6376e-05	6.6142e-01	3.3707e-01	1.5159e-03	5.7383e-07	1.1755e-36	1.1755e-36	2.0783e-17	0.00e+00	0.00e+00	6.0854e+01
1.16849e+19	8.9373e+03	2.703e-22	1.0000e+01	4.4520e+00	1.7633e-08	6.2240e-01	3.7760e-01	2.3137e-01	7.5140e-01	1.7224e-02	3.8354e-11	2.8375e-03	8.4918e-01	1.4795e-01	2.4320e-05	6.7079e-01	3.2784e-01	1.3666e-03	5.4322e-07	1.1755e-36	1.1755e-36	2.2737e-17	0.00e+00	0.00e+00	6.2333e+01
1.17269e+19	8.8725e+03	2.578e-22	1.0000e+01	4.3276e+00	1.9223e-08	6.3400e-01	3.6600e-01	2.4126e-01	7.4159e-01	1.7155e-02	4.1304e-11	2.7895e-03	8.5616e-01	1.4103e-01	2.2172e-05	6.8182e-01	3.1697e-01	1.2121e-03	5.0970e-07	1.1755e-36	1.1755e-36	2.5374e-17	0.00e+00	0.00e+00	6.4183e+01
1.17738e+19	8.8069e+03	2.441e-22	1.0000e+01	4.1814e+00	2.1180e-08	6.4781e-01	3.5219e-01	2.5226e-01	7.3060e-01	1.7140e-02	4.5001e-11	2.7269e-03	8.6345e-01	1.3380e-01	2.0035e-05	6.9484e-01	3.0410e-01	1.0540e-03	4.7291e-07	1.1755e-36	1.1755e-36	2.8913e-17	0.00e+00	0.00e+00	6.6134e+01
1.18181e+19	8.7459e+03	2.317e-22	1.0000e+01	4.0470e+00	2.3182e-08	6.6077e-01	3.3923e-01	2.6306e-01	7.1981e-01	1.7130e-02	4.8799e-11	2.6668e-03	8.7007e-01	1.2724e-01	1.8251e-05	7.0699e-01	2.9209e-01	9.2247e-04	4.4079e-07	1.1755e-36	1.1755e-36	3.2755e-17	0.00e+00	0.00e+00	6.7842e+01
1.18570e+19	8.6986e+03	2.210e-22	1.0000e+01	3.9320e+00	2.4889e-08	6.7074e-01	3.2926e-01	2.7276e-01	7.1012e-01	1.7120e-02	5.1981e-11	2.6141e-03	8.7562e-01	1.2175e-01	1.6873e-05	7.1629e-01	2.8288e-01	8.2457e-04	4.1714e-07	1.1755e-36	1.1755e-36	3.6038e-17	0.00e+00	0.00e+00	6.9398e+01
1.18963e+19	8.6294e+03	2.106e-22	1.0000e+01	3.8221e+00	2.7013e-08	6.8098e-01	3.1902e-01	2.8356e-01	6.9940e-01	1.7037e-02	5.5670e-11	2.5654e-03	8.8134e-01	1.1608e-01	1.5562e-05	7.2580e-01	2.7346e-01	7.3508e-04	3.9431e-07	1.1755e-36	1.1755e-36	4.0035e-17	0.00e+00	0.00e+00	7.1201e+01
1.19403e+19	8.5570e+03	1.994e-22	1.0000e+01	3.6977e+00	2.9608e-08	6.9302e-01	3.0698e-01	2.9572e-01	6.8732e-01	1.6965e-02	6.0302e-11	2.5066e-03	8.8739e-01	1.1009e-01	1.4241e-05	7.3693e-01	2.6243e-01	6.4352e-04	3.6902e-07	1.1755e-36	1.1755e-36	4.5394e-17	0.00e+00	0.00e+00	7.3211e+01
1.19843e+19	8.4919e+03	1.885e-22	1.0000e+01	3.5674e+00	3.2328e-08	7.0479e-01	2.9521e-01	3.0759e-01	6.7545e-01	1.6959e-02	6.5103e-11	2.4407e-03	8.9295e-01	1.0460e-01	1.3094e-05	7.4773e-01	2.5171e-01	5.6314e-04	3.4566e-07	1.1755e-36	1.1755e-36	5.1281e-17	0.00e+00	0.00e+00	7.5086e+01
1.20248e+19	8.4353e+03	1.789e-22	1.0000e+01	3.4539e+00	3.4864e-08	7.1464e-01	2.8536e-01	3.1890e-01	6.6417e-01	1.6929e-02	6.9558e-11	2.3828e-03	8.9785e-01	9.9751e-02	1.2160e-05	7.5673e-01	2.4277e-01	4.9982e-04	3.2692e-07	1.1755e-36	1.1755e-36	5.6928e-17	0.00e+00	0.00e+00	7.6835e+01
1.20649e+19	8.3581e+03	1.698e-22	1.0000e+01	3.3472e+00	3.7946e-08	7.2433e-01	2.7567e-01	3.3112e-01	6.5205e-01	1.6831e-02	7.4592e-11	2.3294e-03	9.0275e-01	9.4912e-02	1.1305e-05	7.6556e-01	2.3400e-01	4.4394e-04	3.0939e-07	1.1755e-36	1.1755e-36	6.3674e-17	0.00e+00	0.00e+00	7.8734e+01
1.21078e+19	8.2784e+03	1.604e-22	1.0000e+01	3.2349e+00	4.1540e-08	7.3498e-01	2.6502e-01	3.4442e-01	6.3886e-01	1.6729e-02	8.0608e-11	2.2708e-03	9.0773e-01	8.9993e-02	1.0482e-05	7.7521e-01	2.2440e-01	3.8994e-04	2.9104e-07	1.1755e-36	1.1755e-36	7.2262e-17	0.00e+00	0.00e+00	8.0787e+01
1.21509e+19	8.2034e+03	1.514e-22	1.0000e+01	3.1185e+00	4.5351e-08	7.4530e-01	2.5470e-01	3.5748e-01	6.2585e-01	1.6675e-02	8.6886e-11	2.2072e-03	9.1232e-01	8.5467e-02	9.7611e-06	7.8450e-01	2.1515e-01	3.4252e-04	2.7401e-07	1.1755e-36	1.1755e-36	8.1780e-17	0.00e+00	0.00e+00	8.2768e+01
1.21921e+19	8.1340e+03	1.432e-22	1.0000e+01	3.0127e+00	4.9138e-08	7.5439e-01	2.4561e-01	3.7025e-01	6.1315e-01	1.6598e-02	9.3090e-11	2.1489e-03	9.1649e-01	8.1349e-02	9.1520e-06	7.9267e-01	2.0703e-01	3.0351e-04	2.5954e-07	1.1755e-36	1.1755e-36	9.1615e-17	0.00e+00	0.00e+00	8.4687e+01
1.22336e+19	8.0504e+03	1.354e-22	1.0000e+01	2.9108e+00	5.3620e-08	7.6336e-01	2.3664e-01	3.8388e-01	5.9965e-01	1.6474e-02	1.0012e-10	2.0927e-03	9.2061e-01	7.7287e-02	8.5958e-06	8.0069e-01	1.9904e-01	2.6886e-04	2.4584e-07	1.1755e-36	1.1755e-36	1.0346e-16	0.00e+00	0.00e+00	8.6739e+01
1.22771e+19	7.9643e+03	1.275e-22	1.0000e+01	2.8043e+00	5.8745e-08	7.7273e-01	2.2727e-01	3.9819e-01	5.8546e-01	1.6355e-02	1.0822e-10	2.0321e-03	9.2466e-01	7.3297e-02	8.0763e-06	8.0904e-01	1.9073e-01	2.3651e-04	2.3205e-07	1.1755e-36	1.1755e-36	1.1800e-16	0.00e+00	0.00e+00	8.8911e+01
1.23211e+19	7.8742e+03	1.200e-22	1.0000e+01	2.6990e+00	6.4532e-08	7.8202e-01	2.1798e-01	4.1273e-01	5.7104e-01	1.6233e-02	1.1725e-10	1.9711e-03	9.2849e-01	6.9531e-02	7.6146e-06	8.1727e-01	1.8252e-01	2.0793e-04	2.1890e-07	1.1755e-36	1.1755e-36	1.3544e-16	0.00e+00	0.00e+00	9.1054e+01
1.23635e+19	7.7846e+03	1.131e-22	1.0000e+01	2.6022e+00	7.0648e-08	7.9043e-01	2.0957e-01	4.2711e-01	5.5680e-01	1.6087e-02	1.2670e-10	1.9143e-03	9.3199e-01	6.6085e-02	7.2213e-06	8.2470e-01	1.7512e-01	1.8413e-04	2.0737e-07	1.1755e-36	1.1755e-36	1.5479e-16	0.00e+00	0.00e+00	9.3128e+01
1.24056e+19	7.6901e+03	1.067e-22	1.0000e+01	2.5103e+00	7.7447e-08	7.9827e-01	2.0172e-01	4.4177e-01	5.4232e-01	1.5906e-02	1.3699e-10	1.8602e-03	9.3531e-01	6.2821e-02	6.8738e-06	8.3162e-01	1.6822e-01	1.6363e-04	1.9693e-07	1.1755e-36	1.1755e-36	1.7725e-16	0.00e+00	0.00e+00	9.5273e+01
1.24496e+19	7.5791e+03	1.004e-22	1.0000e+01	2.4172e+00	8.5983e-08	8.0658e-01	1.9342e-01	4.5747e-01	5.2685e-01	1.5682e-02	1.4972e-10	1.8052e-03	9.3862e-01	5.9570e-02	6.5480e-06	8.3890e-01	1.6095e-01	1.4460e-04	1.8626e-07	1.1755e-36	1.1755e-36	2.0747e-16	0.00e+00	0.00e+00	9.7583e+01
1.24945e+19	7.4720e+03	9.435e-23	1.0000e+01	2.3226e+00	9.5326e-08	8.1472e-01	1.8528e-01	4.7304e-01	5.1147e-01	1.5489e-02	1.6382e-10	1.7473e-03	9.4168e-01	5.6567e-02	6.2592e-06	8.4602e-01	1.5385e-01	1.2769e-04	1.7607e-07	1.1755e-36	1.1755e-36	2.4359e-16	0.00e+00	0.00e+00	9.9870e+01
1.25382e+19	7.3605e+03	8.883e-23	1.0000e+01	2.2357e+00	1.0578e-07	8.2215e-01	1.7785e-01	4.8853e-01	4.9621e-01	1.5259e-02	1.7941e-10	1.6941e-03	9.4449e-01	5.3808e-02	6.0123e-06	8.5250e-01	1.4738e-01	1.1356e-04	1.6704e-07	1.1755e-36	1.1755e-36	2.8674e-16	0.00e+00	0.00e+00	1.0210e+02
1.25815e+19	7.2438e+03	8.370e-23	1.0000e+01	2.1536e+00	1.1767e-07	8.2903e-01	1.7097e-01	5.0409e-01	4.8092e-01	1.4998e-02	1.9698e-10	1.6435e-03	9.4712e-01	5.1234e-02	5.7968e-06	8.5849e-01	1.4141e-01	1.0148e-04	1.5887e-07	1.1755e-36	1.1755e-36	3.3932e-16	0.00e+00	0.00e+00	1.0438e+02
1.26248e+19	7.1190e+03	7.889e-23	1.0000e+01	2.0727e+00	1.3167e-07	8.3567e-01	1.6433e-01	5.1948e-01	4.6579e-01	1.4734e-02	2.1742e-10	1.5931e-03	9.4954e-01	4.8862e-02	5.6080e-06	8.6425e-01	1.3566e-01	9.0944e-05	1.5119e-07	1.1755e-36	1.1755e-36	4.0628e-16	0.00e+00	0.00e+00	1.0666e+02
1.26666e+19	7.0002e+03	7.457e-23	1.0000e+01	1.9991e+00	1.4665e-07	8.4173e-01	1.5827e-01	5.3426e-01	4.5128e-01	1.4462e-02	2.3974e-10	1.5467e-03	9.5170e-01	4.6747e-02	5.4481e-06	8.6950e-01	1.3042e-01	8.2097e-05	1.4432e-07	1.1755e-36	1.1755e-36	4.8551e-16	0.00e+00	0.00e+00	1.0881e+02
1.27067e+19	6.8793e+03	7.070e-23	1.0000e+01	1.9329e+00	1.6339e-07	8.4714e-01	1.5285e-01	5.4869e-01	4.3715e-01	1.4159e-02	2.6470e-10	1.5051e-03	9.5367e-01	4.4823e-02	5.3121e-06	8.7418e-01	1.2574e-01	7.4722e-05	1.3830e-07	1.1755e-36	1.1755e-36	5.8166e-16	0.00e+00	0.00e+00	1.1093e+02
1.27459e+19	6.7592e+03	6.714e-23	1.0000e+01	1.8702e+00	1.8198e-07	8.5220e-01	1.4780e-01	5.6259e-01	4.2355e-01	1.3859e-02	2.9275e-10	1.4653e-03	9.5544e-01	4.3085e-02	5.1943e-06	8.7855e-01	1.2138e-01	6.8356e-05	1.3277e-07	1.1755e-36	1.1755e-36	6.9925e-16	0.00e+00	0.00e+00	1.1302e+02
1.27842e+19	6.6457e+03	6.386e-23	1.0000e+01	1.8103e+00	2.0167e-07	8.5677e-01	1.4323e-01	5.7575e-01	4.1067e-01	1.3579e-02	3.2297e-10	1.4265e-03	9.5703e-01	4.1533e-02	5.0929e-06	8.8248e-01	1.1746e-01	6.2895e-05	1.2785e-07	1.1755e-36	1.1755e-36	8.3618e-16	0.00e+00	0.00e+00	1.1507e+02
1.28226e+19	6.5156e+03	6.080e-23	1.0000e+01	1.7542e+00	2.2667e-07	8.6147e-01	1.3853e-01	5.8936e-01	3.9740e-01	1.3241e-02	3.6172e-10	1.3909e-03	9.5857e-01	4.0031e-02	5.0007e-06	8.8653e-01	1.1341e-01	5.7942e-05	1.2288e-07	1.1755e-36	1.1755e-36	1.0297e-15	0.00e+00	0.00e+00	1.1718e+02
1.28596e+19	6.4002e+03	5.802e-23	1.0000e+01	1.7009e+00	2.5194e-07	8.6569e-01	1.3431e-01	6.0161e-01	3.8544e-01	1.2958e-02	4.0210e-10	1.3560e-03	9.5987e-01	3.8764e-02	4.9233e-06	8.9015e-01	1.0979e-01	5.3731e-05	1.1755e-36	1.1755e-36	1.1755e-36	1.2495e-15	0.00e+00	0.00e+00	1.1910e+02
1.28948e+19	6.2820e+03	5.555e-23	1.0000e+01	1.6540e+00	2.8036e-07	8.6936e-01	1.3064e-01	6.1358e-01	3.7377e-01	1.2640e-02	4.4781e-10	1.3258e-03	9.6108e-01	3.7592e-02	4.8577e-06	8.9330e-01	1.0665e-01	5.0228e-05	1.1755e-36	1.1755e-36	1.1755e-36	1.5202e-15	0.00e+00	0.00e+00	1.2103e+02
1.29296e+19	6.1692e+03	5.323e-23	1.0000e+01	1.6076e+00	3.1077e-07	8.7278e-01	1.2722e-01	6.2484e-01	3.6281e-01	1.2355e-02	4.9791e-10	1.2952e-03	9.6215e-01	3.6549e-02	4.8001e-06	8.9624e-01	1.0371e-01	4.7112e-05	1.1755e-36	1.1755e-36	1.1755e-36	1.8428e-15	0.00e+00	0.00e+00	1.2294e+02
1.29646e+19	6.0515e+03	5.103e-23	1.0000e+01	1.5634e+00	3.4616e-07	8.7620e-01	1.2379e-01	6.3608e-01	3.5187e-01	1.2051e-02	5.5767e-10	1.2662e-03	9.6317e-01	3.5559e-02	4.7475e-06	8.9917e-01	1.0078e-01	4.4262e-05	1.1755e-36	1.1755e-36	1.1755e-36	2.2636e-15	0.00e+00	0.00e+00	1.2489e+02
1.29996e+19	5.9408e+03	4.896e-23	1.0000e+01	1.5209e+00	3.8356e-07	8.7950e-01	1.2050e-01	6.4681e-01	3.4142e-01	1.1764e-02	6.2326e-10	1.2379e-03	9.6409e-01	3.4667e-02	4.7005e-06	9.0199e-01	9.7970e-02	4.1681e-05	1.1755e-36	1.1755e-36	1.1755e-36	2.7664e-15	0.00e+00	0.00e+00	1.2682e+02
1.30347e+19	5.8306e+03	4.701e-23	1.0000e+01	1.4802e+00	4.2460e-07	8.8255e-01	1.1745e-01	6.5735e-01	3.3118e-01	1.1472e-02	6.9711e-10	1.2107e-03	9.6495e-01	3.3834e-02	4.6585e-06	9.0460e-01	9.5364e-02	3.9380e-05	1.1755e-36	1.1755e-36	1.1755e-36	3.3814e-15	0.00e+00	0.00e+00	1.2879e+02
1.30708e+19	5.7094e+03	4.512e-23	1.0000e+01	1.4395e+00	4.7454e-07	8.8572e-01	1.1428e-01	6.6798e-01	3.2086e-01	1.1165e-02	7.8892e-10	1.1837e-03	9.6577e-01	3.3044e-02	4.6200e-06	9.0731e-01	9.2654e-02	3.7219e-05	1.1755e-36	1.1755e-36	1.1755e-36	4.2241e-15	0.00e+00	0.00e+00	1.3085e+02
1.31066e+19	5.5933e+03	4.337e-23	1.0000e+01	1.4008e+00	5.2762e-07	8.8873e-01	1.1127e-01	6.7793e-01	3.1119e-01	1.0877e-02	8.8998e-10	1.1577e-03	9.6648e-01	3.2354e-02	4.5867e-06	9.0987e-01	9.0090e-02	3.5300e-05	1.1755e-36	1.1755e-36	1.1755e-36	5.2420e-15	0.00e+00	0.00e+00	1.3281e+02
1.31414e+19	5.4781e+03	4.178e-23	1.0000e+01	1.3659e+00	5.8497e-07	8.9137e-01	1.0863e-01	6.8755e-01	3.0187e-01	1.0578e-02	1.0018e-09	1.1346e-03	9.6714e-01	3.1721e-02	4.5587e-06	9.1213e-01	8.7831e-02	3.3666e-05	1.1755e-36	1.1755e-36	1.1755e-36	6.4705e-15	0.00e+00	0.00e+00	1.3476e+02
1.31764e+19	5.3629e+03	4.028e-23	1.0000e+01	1.3322e+00	6.4741e-07	8.9392e-01	1.0608e-01	6.9690e-01	2.9282e-01	1.0281e-02	1.1277e-09	1.1123e-03	9.6775e-01	3.1135e-02	4.5338e-06	9.1431e-01	8.5655e-02	3.2178e-05	1.1755e-36	1.1755e-36	1.1755e-36	7.9780e-15	0.00e+00	0.00e+00	1.3675e+02
1.32124e+19	5.2462e+03	3.883e-23	1.0000e+01	1.2986e+00	7.1582e-07	8.9646e-01	1.0354e-01	7.0607e-01	2.8394e-01	9.9869e-03	1.2708e-09	1.0900e-03	9.6831e-01	3.0593e-02	4.5113e-06	9.1648e-01	8.3488e-02	3.0787e-05	1.1755e-36	1.1755e-36	1.1755e-36	9.8454e-15	0.00e+00	0.00e+00	1.3883e+02
1.32500e+19	5.1269e+03	3.740e-23	1.0000e+01	1.2650e+00	7.9054e-07	8.9902e-01	1.0097e-01	7.1514e-01	2.7516e-01	9.6941e-03	1.4336e-09	1.0676e-03	9.6884e-01	3.0088e-02	4.4907e-06	9.1867e-01	8.1305e-02	2.9473e-05	1.1755e-36	1.1755e-36	1.1755e-36	1.2158e-14	0.00e+00	0.00e+00	1.4101e+02
1.32895e+19	4.9995e+03	3.601e-23	1.0000e+01	1.2318e+00	8.7507e-07	9.0174e-01	9.8264e-02	7.2441e-01	2.6621e-01	9.3796e-03	1.6258e-09	1.0459e-03	9.6935e-01	2.9601e-02	4.4717e-06	9.2097e-01	7.8997e-02	2.8209e-05	1.1755e-36	1.1755e-36	1.1755e-36	1.5137e-14	0.00e+00	0.00e+00	1.4332e+02
1.33308e+19	4.8684e+03	3.464e-23	1.0000e+01	1.1976e+00	9.6216e-07	9.0436e-01	9.5636e-02	7.3338e-01	2.5754e-01	9.0788e-03	1.7278e-09	1.0237e-03	9.7005e-01	2.8922e-02	4.4516e-06	9.2321e-01	7.6759e-02	2.7050e-05	1.1755e-36	1.1755e-36	1.1755e-36	1.6802e-14	0.00e+00	0.00e+00	1.4572e+02
1.33750e+19	4.7302e+03	3.329e-23	1.0000e+01	1.1634e+00	1.0543e-06	9.0699e-01	9.3008e-02	7.4259e-01	2.4865e-01	8.7577e-03	1.8216e-09	1.0018e-03	9.7077e-01	2.8225e-02	4.4331e-06	9.2545e-01	7.4519e-02	2.5955e-05	1.1755e-36	1.1755e-36	1.1755e-36	1.8352e-14	0.00e+00	0.00e+00	1.4838e+02
1.34221e+19	4.5900e+03	3.197e-23	1.0000e+01	1.1286e+00	1.1447e-06	9.0970e-01	9.0304e-02	7.5149e-01	2.4006e-01	8.4495e-03	1.8977e-09	9.7954e-04	9.7144e-01	2.7575e-02	4.4167e-06	9.2776e-01	7.2218e-02	2.4915e-05	1.1755e-36	1.1755e-36	1.1755e-36	1.9596e-14	0.00e+00	0.00e+00	1.5112e+02
1.34694e+19	4.4525e+03	3.077e-23	1.0000e+01	1.0967e+00	1.2270e-06	9.1214e-01	8.7861e-02	7.5995e-01	2.3191e-01	8.1420e-03	1.9459e-09	9.5978e-04	9.7206e-01	2.6973e-02	4.4038e-06	9.2984e-01	7.0134e-02	2.4027e-05	1.1755e-36	1.1755e-36	1.1755e-36	2.0300e-14	0.00e+00	0.00e+00	1.5382e+02
1.35155e+19	4.3130e+03	2.970e-23	1.0000e+01	1.0676e+00	1.3008e-06	9.1431e-01	8.5691e-02	7.6792e-01	2.2424e-01	7.8357e-03	1.9620e-09	9.4270e-04	9.7264e-01	2.6409e-02	4.3950e-06	9.3170e-01	6.8274e-02	2.3299e-05	1.1755e-36	1.1755e-36	1.1755e-36	2.0369e-14	0.00e+00	0.00e+00	1.5644e+02
1.35594e+19	4.1945e+03	2.878e-23	1.0000e+01	1.0430e+00	1.3537e-06	9.1614e-01	8.3862e-02	7.7495e-01	2.1749e-01	7.5608e-03	1.9534e-09	9.2865e-04	9.7314e-01	2.5929e-02	4.3881e-06	9.3327e-01	6.6705e-02	2.2691e-05	1.1755e-36	1.1755e-36	1.1755e-36	1.9958e-14	0.00e+00	0.00e+00	1.5889e+02
1.36029e+19	4.0746e+03	2.793e-23	1.0000e+01	1.0201e+00	1.3974e-06	9.1783e-01	8.2170e-02	7.8180e-01	2.1092e-01	7.2811e-03	1.9213e-09	9.1639e-04	9.7364e-01	2.5436e-02	4.3829e-06	9.3473e-01	6.5247e-02	2.2161e-05	1.1755e-36	1.1755e-36	1.1755e-36	1.9097e-14	0.00e+00	0.00e+00	1.6148e+02
1.36482e+19	3.9613e+03	2.708e-23	1.0000e+01	9.9570e-01	1.4270e-06	9.1971e-01	8.0285e-02	7.8807e-01	2.0489e-01	7.0399e-03	1.8740e-09	9.0273e-04	9.7409e-01	2.5004e-02	4.3776e-06	9.3634e-01	6.3638e-02	2.1608e-05	1.1755e-36	1.1755e-36	1.1755e-36	1.7993e-14	0.00e+00	0.00e+00	1.6414e+02
