#depth	Te	Htot	hden	eden	2H_2/H	HI	HII	HeI	HeII	HeIII	CO/C	C1	C2	C3	C4	O1	O2	O3	O4	O5	O6	H2O/O	AV(point)	AV(extend)	Tau912
9.23552e+11	8.6949e+03	1.275e-17	1.6681e+03	1.6792e+03	7.6900e-12	7.6512e-02	9.2349e-01	7.3375e-02	8.2973e-01	9.6898e-02	4.8865e-13	1.6083e-02	6.0235e-01	3.8085e-01	7.0975e-04	8.5813e-02	8.4291e-01	7.1054e-02	2.1976e-04	6.9381e-07	1.1755e-36	1.6819e-20	0.00e+00	0.00e+00	1.4887e-03
5.54131e+12	8.6859e+03	1.277e-17	1.6681e+03	1.6856e+03	7.7604e-12	7.6687e-02	9.2331e-01	7.3714e-02	8.2981e-01	9.6476e-02	4.9348e-13	1.6121e-02	6.0336e-01	3.7981e-01	7.0673e-04	8.6020e-02	8.4281e-01	7.0946e-02	2.1877e-04	6.8885e-07	1.1755e-36	1.7050e-20	0.00e+00	0.00e+00	7.4573e-03
2.40123e+13	8.6720e+03	1.272e-17	1.6681e+03	1.6873e+03	7.8007e-12	7.6577e-02	9.2342e-01	7.3942e-02	8.2984e-01	9.6219e-02	4.9285e-13	1.6102e-02	6.0407e-01	3.7912e-01	7.0628e-04	8.5892e-02	8.4279e-01	7.1103e-02	2.1891e-04	6.8865e-07	1.1755e-36	1.6985e-20	0.00e+00	0.00e+00	3.1297e-02
9.78965e+13	8.6319e+03	1.256e-17	1.6681e+03	1.6873e+03	8.0138e-12	7.6632e-02	9.2337e-01	7.4568e-02	8.2995e-01	9.5480e-02	4.9520e-13	1.6152e-02	6.0594e-01	3.7720e-01	6.9948e-04	8.5970e-02	8.4260e-01	7.1215e-02	2.1658e-04	6.8192e-07	1.1755e-36	1.6991e-20	0.00e+00	0.00e+00	1.2672e-01
2.33843e+14	8.4880e+03	1.205e-17	1.6681e+03	1.6918e+03	8.0314e-12	7.3663e-02	9.2634e-01	7.5343e-02	8.2998e-01	9.4677e-02	4.5598e-13	1.5876e-02	6.0837e-01	3.7503e-01	7.2080e-04	8.2385e-02	8.4201e-01	7.5373e-02	2.3413e-04	7.2907e-07	1.1755e-36	1.4825e-20	0.00e+00	0.00e+00	2.4597e-01
4.10574e+14	8.3752e+03	1.166e-17	1.6681e+03	1.6939e+03	8.2730e-12	7.2296e-02	9.2770e-01	7.6327e-02	8.3000e-01	9.3674e-02	4.3969e-13	1.5833e-02	6.1141e-01	3.7203e-01	7.2395e-04	8.0758e-02	8.4158e-01	7.7421e-02	2.3954e-04	7.4235e-07	1.1755e-36	1.3849e-20	0.00e+00	0.00e+00	3.9812e-01
6.40324e+14	8.2777e+03	1.138e-17	1.6681e+03	1.6937e+03	8.8473e-12	7.2438e-02	9.2756e-01	7.7596e-02	8.3008e-01	9.2324e-02	4.4383e-13	1.5997e-02	6.1516e-01	3.6813e-01	7.0860e-04	8.0950e-02	8.4115e-01	7.7664e-02	2.3308e-04	7.2364e-07	1.1755e-36	1.3836e-20	0.00e+00	0.00e+00	5.9631e-01
9.38999e+14	8.2262e+03	1.116e-17	1.6681e+03	1.6901e+03	9.6893e-12	7.4291e-02	9.2571e-01	7.9083e-02	8.3019e-01	9.0726e-02	4.7133e-13	1.6418e-02	6.1947e-01	3.6343e-01	6.7341e-04	8.3222e-02	8.4091e-01	7.5652e-02	2.1339e-04	6.7070e-07	1.1755e-36	1.4923e-20	0.00e+00	0.00e+00	8.6053e-01
1.29856e+15	8.1973e+03	1.107e-17	1.6681e+03	1.6843e+03	1.1063e-11	7.8171e-02	9.2183e-01	8.0888e-02	8.3025e-01	8.8861e-02	5.2984e-13	1.7099e-02	6.2454e-01	3.5774e-01	6.2054e-04	8.7929e-02	8.4028e-01	7.1610e-02	1.8400e-04	5.9178e-07	1.1755e-36	1.7522e-20	0.00e+00	0.00e+00	1.1747e+00
1.67059e+15	8.2160e+03	1.108e-17	1.6681e+03	1.6737e+03	1.2800e-11	8.3897e-02	9.1610e-01	8.2695e-02	8.3004e-01	8.7263e-02	6.2101e-13	1.7973e-02	6.2942e-01	3.5205e-01	5.6013e-04	9.4862e-02	8.3904e-01	6.5945e-02	1.5134e-04	5.0388e-07	1.1755e-36	2.1962e-20	0.00e+00	0.00e+00	1.4951e+00
2.06614e+15	8.2682e+03	1.122e-17	1.6681e+03	1.6596e+03	1.5558e-11	9.2930e-02	9.0707e-01	8.5298e-02	8.2968e-01	8.5020e-02	7.8324e-13	1.9246e-02	6.3612e-01	3.4415e-01	4.8389e-04	1.0577e-01	8.3593e-01	5.8188e-02	1.1502e-04	4.0296e-07	1.1755e-36	3.0659e-20	0.00e+00	0.00e+00	1.9146e+00
2.52727e+15	8.3671e+03	1.142e-17	1.6681e+03	1.6339e+03	1.9851e-11	1.0641e-01	8.9359e-01	8.8858e-02	8.2855e-01	8.2594e-02	1.0627e-12	2.0922e-02	6.4440e-01	3.3428e-01	3.9897e-04	1.2200e-01	8.2922e-01	4.8705e-02	7.9550e-05	3.0045e-07	1.1755e-36	4.7663e-20	0.00e+00	0.00e+00	2.4681e+00
3.05458e+15	8.5018e+03	1.171e-17	1.6681e+03	1.5993e+03	2.7324e-11	1.2698e-01	8.7302e-01	9.3639e-02	8.2655e-01	7.9811e-02	1.5879e-12	2.3127e-02	6.5555e-01	3.2102e-01	3.0928e-04	1.4655e-01	8.1521e-01	3.8194e-02	4.9041e-05	2.0527e-07	1.1755e-36	8.5508e-20	0.00e+00	0.00e+00	3.2183e+00
3.60411e+15	8.6682e+03	1.202e-17	1.6681e+03	1.5496e+03	3.9477e-11	1.5535e-01	8.4465e-01	9.9504e-02	8.2320e-01	7.7299e-02	2.5111e-12	2.5512e-02	6.6811e-01	3.0614e-01	2.3066e-04	1.7997e-01	7.9153e-01	2.8473e-02	2.7978e-05	1.3258e-07	1.1755e-36	1.6753e-19	0.00e+00	0.00e+00	4.0990e+00
4.09242e+15	8.8172e+03	1.222e-17	1.6681e+03	1.4938e+03	5.6973e-11	1.8809e-01	8.1191e-01	1.0582e-01	8.1890e-01	7.5288e-02	3.8983e-12	2.7605e-02	6.8098e-01	2.9124e-01	1.7332e-04	2.1796e-01	7.6086e-01	2.1162e-02	1.6211e-05	1.1755e-36	1.1755e-36	3.2071e-19	0.00e+00	0.00e+00	4.9676e+00
4.49519e+15	8.9205e+03	1.226e-17	1.6681e+03	1.4386e+03	7.9076e-11	2.2044e-01	7.7956e-01	1.1221e-01	8.1421e-01	7.3575e-02	5.6534e-12	2.9178e-02	6.9326e-01	2.7742e-01	1.3507e-04	2.5492e-01	7.2881e-01	1.6253e-02	1.0127e-05	1.1755e-36	1.1755e-36	5.5566e-19	0.00e+00	0.00e+00	5.8200e+00
4.83878e+15	8.9910e+03	1.215e-17	1.6681e+03	1.3861e+03	1.0548e-10	2.5130e-01	7.4870e-01	1.1858e-01	8.0933e-01	7.2090e-02	7.7328e-12	3.0316e-02	7.0485e-01	2.6472e-01	1.0868e-04	2.8966e-01	6.9746e-01	1.2868e-02	6.7524e-06	1.1755e-36	1.1755e-36	8.8349e-19	0.00e+00	0.00e+00	6.6673e+00
5.16783e+15	9.0300e+03	1.193e-17	1.6681e+03	1.3316e+03	1.4033e-10	2.8324e-01	7.1675e-01	1.2576e-01	8.0377e-01	7.0468e-02	1.0368e-11	3.1204e-02	7.1703e-01	2.5168e-01	8.7947e-05	3.2510e-01	6.6465e-01	1.0240e-02	4.5845e-06	1.1755e-36	1.1755e-36	1.3626e-18	0.00e+00	0.00e+00	7.6758e+00
5.50179e+15	9.0566e+03	1.161e-17	1.6681e+03	1.2730e+03	1.8726e-10	3.1768e-01	6.8232e-01	1.3383e-01	7.9729e-01	6.8885e-02	1.3829e-11	3.1831e-02	7.2986e-01	2.3823e-01	7.1018e-05	3.6272e-01	6.2918e-01	8.0994e-03	3.1121e-06	1.1755e-36	1.1755e-36	2.0889e-18	0.00e+00	0.00e+00	8.7797e+00
5.81028e+15	9.0706e+03	1.121e-17	1.6681e+03	1.2157e+03	2.4379e-10	3.5091e-01	6.4909e-01	1.4192e-01	7.9049e-01	6.7596e-02	1.7862e-11	3.2129e-02	7.4204e-01	2.2578e-01	5.8389e-05	3.9845e-01	5.9504e-01	6.5050e-03	2.1889e-06	1.1755e-36	1.1755e-36	3.0569e-18	0.00e+00	0.00e+00	9.8408e+00
6.07561e+15	9.0710e+03	1.082e-17	1.6681e+03	1.1658e+03	3.0519e-10	3.8013e-01	6.1987e-01	1.4958e-01	7.8396e-01	6.6461e-02	2.2084e-11	3.2202e-02	7.5281e-01	2.1494e-01	4.9396e-05	4.2943e-01	5.6519e-01	5.3841e-03	1.6280e-06	1.1755e-36	1.1755e-36	4.1928e-18	0.00e+00	0.00e+00	1.0816e+01
6.31108e+15	9.0645e+03	1.044e-17	1.6681e+03	1.1213e+03	3.7058e-10	4.0603e-01	5.9397e-01	1.5696e-01	7.7764e-01	6.5401e-02	2.6442e-11	3.2134e-02	7.6255e-01	2.0527e-01	4.2629e-05	4.5655e-01	5.3890e-01	4.5547e-03	1.2601e-06	1.1755e-36	1.1755e-36	5.4808e-18	0.00e+00	0.00e+00	1.1788e+01
6.53952e+15	9.0516e+03	1.005e-17	1.6681e+03	1.0785e+03	4.4547e-10	4.3098e-01	5.6902e-01	1.6463e-01	7.7103e-01	6.4344e-02	3.1275e-11	3.1961e-02	7.7208e-01	1.9592e-01	3.6990e-05	4.8238e-01	5.1374e-01	3.8744e-03	9.8869e-07	1.1755e-36	1.1755e-36	7.0332e-18	0.00e+00	0.00e+00	1.2830e+01
6.76985e+15	9.0357e+03	9.630e-18	1.6681e+03	1.0357e+03	5.3306e-10	4.5579e-01	5.4421e-01	1.7280e-01	7.6394e-01	6.3258e-02	3.6777e-11	3.1675e-02	7.8162e-01	1.8667e-01	3.2120e-05	5.0777e-01	4.8893e-01	3.2939e-03	7.7938e-07	1.1755e-36	1.1755e-36	8.9471e-18	0.00e+00	0.00e+00	1.3940e+01
6.99732e+15	9.0112e+03	9.215e-18	1.6681e+03	9.9451e+02	6.3524e-10	4.7999e-01	5.2001e-01	1.8136e-01	7.5648e-01	6.2157e-02	4.2946e-11	3.1314e-02	7.9100e-01	1.7766e-01	2.7974e-05	5.3228e-01	4.6491e-01	2.8077e-03	6.2002e-07	1.1755e-36	1.1755e-36	1.1261e-17	0.00e+00	0.00e+00	1.5072e+01
7.21726e+15	8.9847e+03	8.813e-18	1.6681e+03	9.5652e+02	7.4887e-10	5.0293e-01	4.9707e-01	1.9024e-01	7.4875e-01	6.1014e-02	4.9688e-11	3.0925e-02	8.0003e-01	1.6902e-01	2.4490e-05	5.5526e-01	4.4234e-01	2.4066e-03	4.9982e-07	1.1755e-36	1.1755e-36	1.3981e-17	0.00e+00	0.00e+00	1.6216e+01
7.43407e+15	8.9585e+03	8.409e-18	1.6681e+03	9.1897e+02	8.7249e-10	5.2435e-01	4.7565e-01	1.9918e-01	7.4088e-01	5.9937e-02	5.6764e-11	3.0436e-02	8.0862e-01	1.6092e-01	2.1553e-05	5.7652e-01	4.2141e-01	2.0739e-03	4.0791e-07	1.1755e-36	1.1755e-36	1.7010e-17	0.00e+00	0.00e+00	1.7418e+01
7.64935e+15	8.9300e+03	8.015e-18	1.6681e+03	8.8309e+02	1.0099e-09	5.4484e-01	4.5516e-01	2.0842e-01	7.3275e-01	5.8838e-02	6.4424e-11	2.9908e-02	8.1694e-01	1.5313e-01	1.9021e-05	5.9666e-01	4.0155e-01	1.7920e-03	3.3574e-07	1.1755e-36	1.1755e-36	2.0485e-17	0.00e+00	0.00e+00	1.8640e+01
7.82318e+15	8.9149e+03	7.708e-18	1.6681e+03	8.5462e+02	1.1220e-09	5.6008e-01	4.3992e-01	2.1542e-01	7.2646e-01	5.8119e-02	7.0585e-11	2.9399e-02	8.2305e-01	1.4753e-01	1.7322e-05	6.1151e-01	3.8689e-01	1.6019e-03	2.9018e-07	1.1755e-36	1.1755e-36	2.3425e-17	0.00e+00	0.00e+00	1.9434e+01
7.94687e+15	8.8882e+03	7.501e-18	1.6681e+03	8.3706e+02	1.2162e-09	5.7065e-01	4.2935e-01	2.2129e-01	7.2135e-01	5.7367e-02	7.5494e-11	2.9126e-02	8.2766e-01	1.4319e-01	1.6158e-05	6.2177e-01	3.7675e-01	1.4805e-03	2.6222e-07	1.1755e-36	1.1755e-36	2.5809e-17	0.00e+00	0.00e+00	2.0112e+01
8.07012e+15	8.8594e+03	7.289e-18	1.6681e+03	8.1972e+02	1.3192e-09	5.8119e-01	4.1881e-01	2.2763e-01	7.1586e-01	5.6506e-02	8.0808e-11	2.8860e-02	8.3242e-01	1.3871e-01	1.5032e-05	6.3195e-01	3.6668e-01	1.3652e-03	2.3666e-07	1.1755e-36	1.1755e-36	2.8450e-17	0.00e+00	0.00e+00	2.0931e+01
8.21621e+15	8.8346e+03	7.031e-18	1.6681e+03	7.9768e+02	1.4407e-09	5.9306e-01	4.0694e-01	2.3481e-01	7.0959e-01	5.5604e-02	8.6983e-11	2.8450e-02	8.3776e-01	1.3378e-01	1.3835e-05	6.4336e-01	3.5540e-01	1.2404e-03	2.1023e-07	1.1755e-36	1.1755e-36	3.1586e-17	0.00e+00	0.00e+00	2.1920e+01
8.37825e+15	8.8056e+03	6.761e-18	1.6681e+03	7.7473e+02	1.5882e-09	6.0615e-01	3.9385e-01	2.4287e-01	7.0251e-01	5.4621e-02	9.4457e-11	2.8008e-02	8.4343e-01	1.2855e-01	1.2635e-05	6.5587e-01	3.4302e-01	1.1163e-03	1.8494e-07	1.1755e-36	1.1755e-36	3.5553e-17	0.00e+00	0.00e+00	2.2978e+01
8.53916e+15	8.7753e+03	6.502e-18	1.6681e+03	7.5241e+02	1.7459e-09	6.1867e-01	3.8133e-01	2.5088e-01	6.9543e-01	5.3687e-02	1.0220e-10	2.7548e-02	8.4882e-01	1.2362e-01	1.1570e-05	6.6777e-01	3.3123e-01	1.0068e-03	1.6357e-07	1.1755e-36	1.1755e-36	3.9795e-17	0.00e+00	0.00e+00	2.3995e+01
8.69319e+15	8.7443e+03	6.261e-18	1.6681e+03	7.3180e+02	1.9076e-09	6.3015e-01	3.6985e-01	2.5878e-01	6.8846e-01	5.2764e-02	1.0995e-10	2.7108e-02	8.5387e-01	1.1902e-01	1.0640e-05	6.7861e-01	3.2047e-01	9.1308e-04	1.4599e-07	1.1755e-36	1.1755e-36	4.4133e-17	0.00e+00	0.00e+00	2.5004e+01
8.84868e+15	8.7108e+03	6.023e-18	1.6681e+03	7.1170e+02	2.0842e-09	6.4139e-01	3.5861e-01	2.6704e-01	6.8117e-01	5.1791e-02	1.1823e-10	2.6666e-02	8.5886e-01	1.1446e-01	9.7755e-06	6.8919e-01	3.0998e-01	8.2745e-04	1.3050e-07	1.1755e-36	1.1755e-36	4.8883e-17	0.00e+00	0.00e+00	2.6078e+01
9.01211e+15	8.6750e+03	5.781e-18	1.6681e+03	6.9114e+02	2.2844e-09	6.5291e-01	3.4709e-01	2.7586e-01	6.7337e-01	5.0767e-02	1.2747e-10	2.6196e-02	8.6395e-01	1.0984e-01	8.9480e-06	6.9997e-01	2.9928e-01	7.4616e-04	1.1755e-36	1.1755e-36	1.1755e-36	5.4326e-17	0.00e+00	0.00e+00	2.7232e+01
9.18129e+15	8.6373e+03	5.539e-18	1.6681e+03	6.7039e+02	2.5077e-09	6.6446e-01	3.3554e-01	2.8506e-01	6.6521e-01	4.9727e-02	1.3754e-10	2.5701e-02	8.6901e-01	1.0528e-01	8.1755e-06	7.1073e-01	2.8859e-01	6.7084e-04	1.1755e-36	1.1755e-36	1.1755e-36	6.0431e-17	0.00e+00	0.00e+00	2.8426e+01
9.35166e+15	8.5988e+03	5.304e-18	1.6681e+03	6.5014e+02	2.7486e-09	6.7564e-01	3.2436e-01	2.9443e-01	6.5689e-01	4.8688e-02	1.4816e-10	2.5198e-02	8.7391e-01	1.0089e-01	7.4740e-06	7.2109e-01	2.7831e-01	6.0326e-04	1.1755e-36	1.1755e-36	1.1755e-36	6.7025e-17	0.00e+00	0.00e+00	2.9637e+01
9.52306e+15	8.5594e+03	5.076e-18	1.6681e+03	6.3051e+02	3.0083e-09	6.8644e-01	3.1356e-01	3.0403e-01	6.4834e-01	4.7631e-02	1.5940e-10	2.4695e-02	8.7867e-01	9.6623e-02	6.8342e-06	7.3105e-01	2.6841e-01	5.4256e-04	1.1755e-36	1.1755e-36	1.1755e-36	7.4153e-17	0.00e+00	0.00e+00	3.0885e+01
9.69835e+15	8.5182e+03	4.852e-18	1.6681e+03	6.1113e+02	3.2943e-09	6.9710e-01	3.0290e-01	3.1403e-01	6.3943e-01	4.6544e-02	1.7156e-10	2.4185e-02	8.8338e-01	9.2431e-02	6.2412e-06	7.4084e-01	2.5868e-01	4.8704e-04	1.1755e-36	1.1755e-36	1.1755e-36	8.2035e-17	0.00e+00	0.00e+00	3.2191e+01
9.87855e+15	8.4745e+03	4.631e-18	1.6681e+03	5.9183e+02	3.6134e-09	7.0770e-01	2.9230e-01	3.2443e-01	6.3014e-01	4.5432e-02	1.8480e-10	2.3661e-02	8.8802e-01	8.8309e-02	5.6911e-06	7.5052e-01	2.4904e-01	4.3611e-04	1.1755e-36	1.1755e-36	1.1755e-36	9.0826e-17	0.00e+00	0.00e+00	3.3551e+01
1.00620e+16	8.4277e+03	4.416e-18	1.6681e+03	5.7280e+02	3.9674e-09	7.1810e-01	2.8190e-01	3.3512e-01	6.2057e-01	4.4309e-02	1.9906e-10	2.3130e-02	8.9256e-01	8.4307e-02	5.1876e-06	7.5999e-01	2.3962e-01	3.9004e-04	1.1755e-36	1.1755e-36	1.1755e-36	1.0049e-16	0.00e+00	0.00e+00	3.4946e+01
1.02472e+16	8.3794e+03	4.208e-18	1.6681e+03	5.5422e+02	4.3535e-09	7.2817e-01	2.7183e-01	3.4601e-01	6.1080e-01	4.3185e-02	2.1421e-10	2.2597e-02	8.9695e-01	8.0452e-02	4.7307e-06	7.6910e-01	2.3055e-01	3.4881e-04	1.1755e-36	1.1755e-36	1.1755e-36	1.1095e-16	0.00e+00	0.00e+00	3.6373e+01
1.04352e+16	8.3300e+03	4.007e-18	1.6681e+03	5.3606e+02	4.7754e-09	7.3795e-01	2.6205e-01	3.5719e-01	6.0076e-01	4.2050e-02	2.3043e-10	2.2064e-02	9.0121e-01	7.6720e-02	4.3136e-06	7.7792e-01	2.2177e-01	3.1170e-04	1.1755e-36	1.1755e-36	1.1755e-36	1.2235e-16	0.00e+00	0.00e+00	3.7848e+01
1.06273e+16	8.2789e+03	3.810e-18	1.6681e+03	5.1815e+02	5.2422e-09	7.4758e-01	2.5242e-01	3.6872e-01	5.9038e-01	4.0901e-02	2.4801e-10	2.1525e-02	9.0539e-01	7.3085e-02	3.9304e-06	7.8657e-01	2.1316e-01	2.7803e-04	1.1755e-36	1.1755e-36	1.1755e-36	1.3494e-16	0.00e+00	0.00e+00	3.9380e+01
1.08236e+16	8.2257e+03	3.619e-18	1.6681e+03	5.0051e+02	5.7603e-09	7.5704e-01	2.4296e-01	3.8055e-01	5.7970e-01	3.9745e-02	2.6706e-10	2.0981e-02	9.0945e-01	6.9562e-02	3.5802e-06	7.9503e-01	2.0473e-01	2.4760e-04	1.1755e-36	1.1755e-36	1.1755e-36	1.4887e-16	0.00e+00	0.00e+00	4.0958e+01
1.10225e+16	8.1700e+03	3.436e-18	1.6681e+03	4.8327e+02	6.3321e-09	7.6620e-01	2.3380e-01	3.9254e-01	5.6887e-01	3.8594e-02	2.8740e-10	2.0437e-02	9.1337e-01	6.6190e-02	3.2636e-06	8.0319e-01	1.9659e-01	2.2049e-04	1.1755e-36	1.1755e-36	1.1755e-36	1.6399e-16	0.00e+00	0.00e+00	4.2571e+01
1.12239e+16	8.1123e+03	3.260e-18	1.6681e+03	4.6645e+02	6.9641e-09	7.7510e-01	2.2490e-01	4.0480e-01	5.5776e-01	3.7439e-02	3.0930e-10	1.9897e-02	9.1716e-01	6.2937e-02	2.9764e-06	8.1108e-01	1.8872e-01	1.9621e-04	1.1755e-36	1.1755e-36	1.1755e-36	1.8053e-16	0.00e+00	0.00e+00	4.4228e+01
1.14287e+16	8.0522e+03	3.090e-18	1.6681e+03	4.4999e+02	7.6668e-09	7.8378e-01	2.1622e-01	4.1731e-01	5.4641e-01	3.6281e-02	3.3299e-10	1.9357e-02	9.2084e-01	5.9803e-02	2.7155e-06	8.1875e-01	1.8107e-01	1.7444e-04	1.1755e-36	1.1755e-36	1.1755e-36	1.9872e-16	0.00e+00	0.00e+00	4.5935e+01
1.16370e+16	7.9899e+03	2.926e-18	1.6681e+03	4.3389e+02	8.4479e-09	7.9223e-01	2.0777e-01	4.3003e-01	5.3484e-01	3.5127e-02	3.5856e-10	1.8820e-02	9.2438e-01	5.6795e-02	2.4793e-06	8.2619e-01	1.7365e-01	1.5497e-04	1.1755e-36	1.1755e-36	1.1755e-36	2.1870e-16	0.00e+00	0.00e+00	4.7686e+01
1.18483e+16	7.9257e+03	2.770e-18	1.6681e+03	4.1820e+02	9.3139e-09	8.0042e-01	1.9958e-01	4.4292e-01	5.2310e-01	3.3979e-02	3.8609e-10	1.8286e-02	9.2780e-01	5.3916e-02	2.2661e-06	8.3337e-01	1.6649e-01	1.3764e-04	1.1755e-36	1.1755e-36	1.1755e-36	2.4057e-16	0.00e+00	0.00e+00	4.9480e+01
1.20628e+16	7.8594e+03	2.620e-18	1.6681e+03	4.0293e+02	1.0277e-08	8.0834e-01	1.9166e-01	4.5598e-01	5.1119e-01	3.2837e-02	4.1579e-10	1.7758e-02	9.3108e-01	5.1162e-02	2.0738e-06	8.4030e-01	1.5958e-01	1.2221e-04	1.1755e-36	1.1755e-36	1.1755e-36	2.6456e-16	0.00e+00	0.00e+00	5.1320e+01
1.22809e+16	7.7906e+03	2.476e-18	1.6681e+03	3.8804e+02	1.1353e-08	8.1603e-01	1.8397e-01	4.6920e-01	4.9910e-01	3.1700e-02	4.4795e-10	1.7235e-02	9.3424e-01	4.8527e-02	1.9003e-06	8.4701e-01	1.5289e-01	1.0845e-04	1.1755e-36	1.1755e-36	1.1755e-36	2.9099e-16	0.00e+00	0.00e+00	5.3211e+01
1.25027e+16	7.7191e+03	2.339e-18	1.6681e+03	3.7352e+02	1.2562e-08	8.2350e-01	1.7650e-01	4.8256e-01	4.8687e-01	3.0571e-02	4.8281e-10	1.6717e-02	9.3727e-01	4.6010e-02	1.7439e-06	8.5349e-01	1.4641e-01	9.6218e-05	1.1755e-36	1.1755e-36	1.1755e-36	3.2017e-16	0.00e+00	0.00e+00	5.5151e+01
1.27281e+16	7.6449e+03	2.209e-18	1.6681e+03	3.5941e+02	1.3919e-08	8.3071e-01	1.6929e-01	4.9601e-01	4.7453e-01	2.9454e-02	5.2050e-10	1.6206e-02	9.4018e-01	4.3613e-02	1.6035e-06	8.5973e-01	1.4018e-01	8.5366e-05	1.1755e-36	1.1755e-36	1.1755e-36	3.5233e-16	0.00e+00	0.00e+00	5.7137e+01
1.29570e+16	7.5682e+03	2.084e-18	1.6681e+03	3.4570e+02	1.5444e-08	8.3766e-01	1.6234e-01	5.0954e-01	4.6211e-01	2.8348e-02	5.6128e-10	1.5703e-02	9.4296e-01	4.1334e-02	1.4775e-06	8.6573e-01	1.3419e-01	7.5753e-05	1.1755e-36	1.1755e-36	1.1755e-36	3.8781e-16	0.00e+00	0.00e+00	5.9174e+01
1.31889e+16	7.4892e+03	1.967e-18	1.6681e+03	3.3246e+02	1.7156e-08	8.4434e-01	1.5566e-01	5.2306e-01	4.4968e-01	2.7261e-02	6.0530e-10	1.5210e-02	9.4561e-01	3.9179e-02	1.3651e-06	8.7148e-01	1.2845e-01	6.7273e-05	1.1755e-36	1.1755e-36	1.1755e-36	4.2696e-16	0.00e+00	0.00e+00	6.1245e+01
1.34221e+16	7.4077e+03	1.856e-18	1.6681e+03	3.1981e+02	1.9076e-08	8.5070e-01	1.4930e-01	5.3650e-01	4.3731e-01	2.6192e-02	6.5269e-10	1.4735e-02	9.4811e-01	3.7153e-02	1.2653e-06	8.7694e-01	1.2300e-01	5.9850e-05	1.1755e-36	1.1755e-36	1.1755e-36	4.7012e-16	0.00e+00	0.00e+00	6.3337e+01
1.36548e+16	7.3234e+03	1.753e-18	1.6681e+03	3.0784e+02	2.1232e-08	8.5670e-01	1.4330e-01	5.4975e-01	4.2511e-01	2.5147e-02	7.0335e-10	1.4281e-02	9.5045e-01	3.5263e-02	1.1776e-06	8.8209e-01	1.1786e-01	5.3403e-05	1.1755e-36	1.1755e-36	1.1755e-36	5.1747e-16	0.00e+00	0.00e+00	6.5430e+01
1.38849e+16	7.2396e+03	1.658e-18	1.6681e+03	2.9643e+02	2.3580e-08	8.6218e-01	1.3782e-01	5.6246e-01	4.1338e-01	2.4164e-02	7.5530e-10	1.3842e-02	9.5262e-01	3.3534e-02	1.1013e-06	8.8677e-01	1.1318e-01	4.7887e-05	1.1755e-36	1.1755e-36	1.1755e-36	5.6680e-16	0.00e+00	0.00e+00	6.7504e+01
1.41139e+16	7.1637e+03	1.570e-18	1.6681e+03	2.8582e+02	2.6003e-08	8.6725e-01	1.3275e-01	5.7487e-01	4.0191e-01	2.3216e-02	8.0943e-10	1.3428e-02	9.5464e-01	3.1928e-02	1.0340e-06	8.9109e-01	1.0886e-01	4.3080e-05	1.1755e-36	1.1755e-36	1.1755e-36	6.1904e-16	0.00e+00	0.00e+00	6.9599e+01
1.43516e+16	7.0649e+03	1.484e-18	1.6681e+03	2.7537e+02	2.9247e-08	8.7257e-01	1.2743e-01	5.8804e-01	3.8977e-01	2.2187e-02	8.7510e-10	1.3026e-02	9.5665e-01	3.0325e-02	9.7105e-07	8.9562e-01	1.0434e-01	3.8620e-05	1.1755e-36	1.1755e-36	1.1755e-36	6.8666e-16	0.00e+00	0.00e+00	7.1861e+01
1.45857e+16	6.9817e+03	1.406e-18	1.6681e+03	2.6518e+02	3.2476e-08	8.7740e-01	1.2260e-01	5.9969e-01	3.7897e-01	2.1345e-02	9.3885e-10	1.2618e-02	9.5844e-01	2.8944e-02	9.1821e-07	8.9972e-01	1.0025e-01	3.4820e-05	1.1755e-36	1.1755e-36	1.1755e-36	7.5467e-16	0.00e+00	0.00e+00	7.3912e+01
1.48082e+16	6.8894e+03	1.337e-18	1.6681e+03	2.5665e+02	3.6191e-08	8.8165e-01	1.1835e-01	6.1154e-01	3.6803e-01	2.0427e-02	1.0082e-09	1.2285e-02	9.6007e-01	2.7644e-02	8.7232e-07	9.0332e-01	9.6646e-02	3.1673e-05	1.1755e-36	1.1755e-36	1.1755e-36	8.3070e-16	0.00e+00	0.00e+00	7.5985e+01
1.50286e+16	6.8064e+03	1.272e-18	1.6681e+03	2.4817e+02	4.0004e-08	8.8549e-01	1.1451e-01	6.2236e-01	3.5800e-01	1.9636e-02	1.0760e-09	1.1944e-02	9.6157e-01	2.6485e-02	8.3249e-07	9.0657e-01	9.3399e-02	2.8937e-05	1.1755e-36	1.1755e-36	1.1755e-36	9.0690e-16	0.00e+00	0.00e+00	7.8013e+01
1.52514e+16	6.7113e+03	1.211e-18	1.6681e+03	2.4035e+02	4.4746e-08	8.8941e-01	1.1059e-01	6.3365e-01	3.4757e-01	1.8779e-02	1.1575e-09	1.1634e-02	9.6302e-01	2.5348e-02	7.9568e-07	9.0989e-01	9.0083e-02	2.6424e-05	1.1755e-36	1.1755e-36	1.1755e-36	1.0054e-15	0.00e+00	0.00e+00	8.0150e+01
1.54731e+16	6.6234e+03	1.154e-18	1.6681e+03	2.3256e+02	4.9772e-08	8.9309e-01	1.0691e-01	6.4388e-01	3.3807e-01	1.8043e-02	1.2402e-09	1.1317e-02	9.6434e-01	2.4339e-02	7.6380e-07	9.1300e-01	8.6980e-02	2.4212e-05	1.1755e-36	1.1755e-36	1.1755e-36	1.1111e-15	0.00e+00	0.00e+00	8.2175e+01
1.56873e+16	6.5354e+03	1.103e-18	1.6681e+03	2.2565e+02	5.5285e-08	8.9635e-01	1.0365e-01	6.5387e-01	3.2882e-01	1.7311e-02	1.3275e-09	1.1037e-02	9.6556e-01	2.3406e-02	7.3587e-07	9.1575e-01	8.4230e-02	2.2329e-05	1.1755e-36	1.1755e-36	1.1755e-36	1.2270e-15	0.00e+00	0.00e+00	8.4187e+01
1.59008e+16	6.4471e+03	1.054e-18	1.6681e+03	2.1901e+02	6.1464e-08	8.9945e-01	1.0055e-01	6.6347e-01	3.1991e-01	1.6614e-02	1.4216e-09	1.0766e-02	9.6669e-01	2.2540e-02	7.1088e-07	9.1836e-01	8.1620e-02	2.0645e-05	1.1755e-36	1.1755e-36	1.1755e-36	1.3595e-15	0.00e+00	0.00e+00	8.6212e+01
1.61140e+16	6.3592e+03	1.009e-18	1.6681e+03	2.1266e+02	6.8386e-08	9.0243e-01	9.7570e-02	6.7271e-01	3.1133e-01	1.5952e-02	1.5241e-09	1.0505e-02	9.6776e-01	2.1735e-02	6.8844e-07	9.2086e-01	7.9116e-02	1.9127e-05	1.1755e-36	1.1755e-36	1.1755e-36	1.5130e-15	0.00e+00	0.00e+00	8.8233e+01
1.63253e+16	6.2718e+03	9.667e-19	1.6681e+03	2.0665e+02	7.6108e-08	9.0523e-01	9.4767e-02	6.8157e-01	3.0311e-01	1.5321e-02	1.6350e-09	1.0257e-02	9.6875e-01	2.0990e-02	6.6844e-07	9.2322e-01	7.6760e-02	1.7776e-05	1.1755e-36	1.1755e-36	1.1755e-36	1.6898e-15	0.00e+00	0.00e+00	9.0236e+01
1.65339e+16	6.1849e+03	9.275e-19	1.6681e+03	2.0101e+02	8.4700e-08	9.0785e-01	9.2147e-02	6.9005e-01	2.9523e-01	1.4719e-02	1.7551e-09	1.0023e-02	9.6967e-01	2.0303e-02	6.5063e-07	9.2542e-01	7.4561e-02	1.6578e-05	1.1755e-36	1.1755e-36	1.1755e-36	1.8937e-15	0.00e+00	0.00e+00	9.2216e+01
1.67395e+16	6.0989e+03	8.911e-19	1.6681e+03	1.9571e+02	9.4259e-08	9.1030e-01	8.9702e-02	6.9816e-01	2.8769e-01	1.4146e-02	1.8854e-09	9.8036e-03	9.7053e-01	1.9668e-02	6.3475e-07	9.2748e-01	7.2509e-02	1.5512e-05	1.1755e-36	1.1755e-36	1.1755e-36	2.1296e-15	0.00e+00	0.00e+00	9.4173e+01
1.69422e+16	6.0136e+03	8.572e-19	1.6681e+03	1.9072e+02	1.0490e-07	9.1259e-01	8.7411e-02	7.0591e-01	2.8049e-01	1.3602e-02	2.0276e-09	9.5961e-03	9.7132e-01	1.9082e-02	6.2056e-07	9.2940e-01	7.0587e-02	1.4560e-05	1.1755e-36	1.1755e-36	1.1755e-36	2.4046e-15	0.00e+00	0.00e+00	9.6108e+01
1.71420e+16	5.9294e+03	8.256e-19	1.6681e+03	1.8602e+02	1.1675e-07	9.1473e-01	8.5265e-02	7.1333e-01	2.7359e-01	1.3083e-02	2.1832e-09	9.4000e-03	9.7206e-01	1.8541e-02	6.0786e-07	9.3120e-01	6.8788e-02	1.3708e-05	1.1755e-36	1.1755e-36	1.1755e-36	2.7264e-15	0.00e+00	0.00e+00	9.8019e+01
1.73390e+16	5.8397e+03	7.961e-19	1.6681e+03	1.8144e+02	1.3081e-07	9.1676e-01	8.3241e-02	7.2041e-01	2.6700e-01	1.2592e-02	2.3592e-09	9.2099e-03	9.7275e-01	1.8044e-02	5.9660e-07	9.3290e-01	6.7088e-02	1.2946e-05	1.1755e-36	1.1755e-36	1.1755e-36	3.1223e-15	0.00e+00	0.00e+00	9.9907e+01
1.75277e+16	5.7659e+03	7.696e-19	1.6681e+03	1.7747e+02	1.4423e-07	9.1857e-01	8.1428e-02	7.2690e-01	2.6095e-01	1.2145e-02	2.5360e-09	9.0422e-03	9.7336e-01	1.7597e-02	5.8664e-07	9.3442e-01	6.5571e-02	1.2278e-05	1.1755e-36	1.1755e-36	1.1755e-36	3.5374e-15	0.00e+00	0.00e+00	1.0167e+02
1.77164e+16	5.6829e+03	7.441e-19	1.6681e+03	1.7360e+02	1.6075e-07	9.2026e-01	7.9741e-02	7.3348e-01	2.5483e-01	1.1687e-02	2.7441e-09	8.8816e-03	9.7396e-01	1.7162e-02	5.7743e-07	9.3583e-01	6.4155e-02	1.1670e-05	1.1755e-36	1.1755e-36	1.1755e-36	4.0638e-15	0.00e+00	0.00e+00	1.0356e+02
1.79092e+16	5.6025e+03	7.193e-19	1.6681e+03	1.6965e+02	1.7931e-07	9.2207e-01	7.7934e-02	7.3962e-01	2.4910e-01	1.1272e-02	2.9807e-09	8.7148e-03	9.7452e-01	1.6762e-02	5.6891e-07	9.3734e-01	6.2644e-02	1.1079e-05	1.1755e-36	1.1755e-36	1.1755e-36	4.7151e-15	0.00e+00	0.00e+00	1.0541e+02
1.80962e+16	5.5237e+03	6.966e-19	1.6681e+03	1.6604e+02	1.9978e-07	9.2369e-01	7.6311e-02	7.4548e-01	2.4365e-01	1.0875e-02	3.2407e-09	8.5633e-03	9.7504e-01	1.6395e-02	5.6137e-07	9.3870e-01	6.1284e-02	1.0559e-05	1.1755e-36	1.1755e-36	1.1755e-36	5.4831e-15	0.00e+00	0.00e+00	1.0720e+02
1.82777e+16	5.4463e+03	6.757e-19	1.6681e+03	1.6272e+02	2.2243e-07	9.2517e-01	7.4831e-02	7.5106e-01	2.3844e-01	1.0496e-02	3.5282e-09	8.4246e-03	9.7552e-01	1.6056e-02	5.5464e-07	9.3995e-01	6.0045e-02	1.0098e-05	1.1755e-36	1.1755e-36	1.1755e-36	6.3957e-15	0.00e+00	0.00e+00	1.0894e+02
1.84555e+16	5.3704e+03	6.562e-19	1.6681e+03	1.5959e+02	2.4759e-07	9.2656e-01	7.3444e-02	7.5638e-01	2.3349e-01	1.0137e-02	3.8489e-09	8.2942e-03	9.7596e-01	1.5742e-02	5.4857e-07	9.4111e-01	5.8882e-02	9.6793e-06	1.1755e-36	1.1755e-36	1.1755e-36	7.4925e-15	0.00e+00	0.00e+00	1.1066e+02
1.86302e+16	5.2959e+03	6.378e-19	1.6681e+03	1.5662e+02	2.7560e-07	9.2787e-01	7.2126e-02	7.6144e-01	2.2876e-01	9.7961e-03	4.2082e-09	8.1704e-03	9.7638e-01	1.5452e-02	5.4306e-07	9.4221e-01	5.7777e-02	9.2961e-06	1.1755e-36	1.1755e-36	1.1755e-36	8.8191e-15	0.00e+00	0.00e+00	1.1236e+02
1.88021e+16	5.2228e+03	6.205e-19	1.6681e+03	1.5379e+02	3.0680e-07	9.2913e-01	7.0871e-02	7.6627e-01	2.2426e-01	9.4736e-03	4.6119e-09	8.0527e-03	9.7676e-01	1.5182e-02	5.3806e-07	9.4326e-01	5.6726e-02	8.9439e-06	1.1755e-36	1.1755e-36	1.1755e-36	1.0430e-14	0.00e+00	0.00e+00	1.1402e+02
1.89712e+16	5.1510e+03	6.042e-19	1.6681e+03	1.5109e+02	3.4155e-07	9.3032e-01	6.9677e-02	7.7087e-01	2.1996e-01	9.1676e-03	5.0660e-09	7.9409e-03	9.7713e-01	1.4931e-02	5.3351e-07	9.4427e-01	5.5725e-02	8.6199e-06	1.1755e-36	1.1755e-36	1.1755e-36	1.2391e-14	0.00e+00	0.00e+00	1.1567e+02
1.91374e+16	5.0806e+03	5.888e-19	1.6681e+03	1.4853e+02	3.8025e-07	9.3146e-01	6.8542e-02	7.7527e-01	2.1586e-01	8.8771e-03	5.5775e-09	7.8348e-03	9.7747e-01	1.4699e-02	5.2937e-07	9.4522e-01	5.4774e-02	8.3214e-06	1.1755e-36	1.1755e-36	1.1755e-36	1.4786e-14	0.00e+00	0.00e+00	1.1728e+02
1.93008e+16	5.0115e+03	5.743e-19	1.6681e+03	1.4609e+02	4.2334e-07	9.3254e-01	6.7463e-02	7.7946e-01	2.1194e-01	8.6012e-03	6.1540e-09	7.7342e-03	9.7778e-01	1.4483e-02	5.2560e-07	9.4612e-01	5.3869e-02	8.0462e-06	1.1755e-36	1.1755e-36	1.1755e-36	1.7714e-14	0.00e+00	0.00e+00	1.1887e+02
1.94613e+16	4.9378e+03	5.606e-19	1.6681e+03	1.4370e+02	4.7498e-07	9.3359e-01	6.6408e-02	7.8352e-01	2.0814e-01	8.3341e-03	6.7628e-09	7.6382e-03	9.7815e-01	1.4213e-02	5.2170e-07	9.4701e-01	5.2982e-02	7.7925e-06	1.1755e-36	1.1755e-36	1.1755e-36	2.0980e-14	0.00e+00	0.00e+00	1.2044e+02
1.96140e+16	4.8756e+03	5.482e-19	1.6681e+03	1.4157e+02	5.2502e-07	9.3452e-01	6.5481e-02	7.8718e-01	2.0472e-01	8.0968e-03	7.3426e-09	7.5517e-03	9.7849e-01	1.3960e-02	5.1812e-07	9.4779e-01	5.2204e-02	7.5667e-06	1.1755e-36	1.1755e-36	1.1755e-36	2.4271e-14	0.00e+00	0.00e+00	1.2188e+02
1.97640e+16	4.8103e+03	5.363e-19	1.6681e+03	1.3955e+02	5.8365e-07	9.3535e-01	6.4647e-02	7.9086e-01	2.0129e-01	7.8569e-03	8.0005e-09	7.4714e-03	9.7882e-01	1.3709e-02	5.1479e-07	9.4849e-01	5.1500e-02	7.3624e-06	1.1755e-36	1.1755e-36	1.1755e-36	2.8270e-14	0.00e+00	0.00e+00	1.2339e+02
1.99172e+16	4.7390e+03	5.245e-19	1.6681e+03	1.3745e+02	6.5711e-07	9.3634e-01	6.3662e-02	7.9448e-01	1.9789e-01	7.6218e-03	8.8075e-09	7.3893e-03	9.7915e-01	1.3462e-02	5.1161e-07	9.4932e-01	5.0673e-02	7.1517e-06	1.1755e-36	1.1755e-36	1.1755e-36	3.3662e-14	0.00e+00	0.00e+00	1.2490e+02
2.00619e+16	4.6842e+03	5.139e-19	1.6681e+03	1.3549e+02	7.2176e-07	9.3710e-01	6.2899e-02	7.9748e-01	1.9508e-01	7.4346e-03	9.5167e-09	7.3078e-03	9.7944e-01	1.3255e-02	5.0885e-07	9.4996e-01	5.0032e-02	6.9725e-06	1.1755e-36	1.1755e-36	1.1755e-36	3.8687e-14	0.00e+00	0.00e+00	1.2625e+02
2.02066e+16	4.6133e+03	5.035e-19	1.6681e+03	1.3368e+02	8.1496e-07	9.3792e-01	6.2079e-02	8.0098e-01	1.9181e-01	7.2065e-03	1.0497e-08	7.2413e-03	9.7974e-01	1.3022e-02	5.0617e-07	9.5065e-01	4.9339e-02	6.8000e-06	1.1755e-36	1.1755e-36	1.1755e-36	4.6253e-14	0.00e+00	0.00e+00	1.2776e+02
2.03496e+16	4.5603e+03	4.936e-19	1.6681e+03	1.3185e+02	8.9638e-07	9.3871e-01	6.1286e-02	8.0379e-01	1.8918e-01	7.0334e-03	1.1371e-08	7.1663e-03	9.8000e-01	1.2832e-02	5.0371e-07	9.5132e-01	4.8674e-02	6.6317e-06	1.1755e-36	1.1755e-36	1.1755e-36	5.3496e-14	0.00e+00	0.00e+00	1.2908e+02
2.04898e+16	4.4980e+03	4.842e-19	1.6681e+03	1.3027e+02	1.0024e-06	9.3946e-01	6.0542e-02	8.0699e-01	1.8619e-01	6.8281e-03	1.2472e-08	7.1083e-03	9.8027e-01	1.2622e-02	5.0136e-07	9.5195e-01	4.8048e-02	6.4785e-06	1.1755e-36	1.1755e-36	1.1755e-36	6.3290e-14	0.00e+00	0.00e+00	1.3053e+02
2.06328e+16	4.4370e+03	4.749e-19	1.6681e+03	1.2853e+02	1.1219e-06	9.4029e-01	5.9712e-02	8.0987e-01	1.8348e-01	6.6483e-03	1.3697e-08	7.0415e-03	9.8053e-01	1.2430e-02	4.9917e-07	9.5264e-01	4.7351e-02	6.3214e-06	1.1755e-36	1.1755e-36	1.1755e-36	7.5237e-14	0.00e+00	0.00e+00	1.3191e+02
2.07674e+16	4.3809e+03	4.664e-19	1.6681e+03	1.2692e+02	1.2459e-06	9.4095e-01	5.9053e-02	8.1250e-01	1.8101e-01	6.4858e-03	1.4934e-08	6.9802e-03	9.8076e-01	1.2256e-02	4.9728e-07	9.5320e-01	4.6795e-02	6.1901e-06	1.1755e-36	1.1755e-36	1.1755e-36	8.8218e-14	0.00e+00	0.00e+00	1.3320e+02
2.08982e+16	4.3249e+03	4.585e-19	1.6681e+03	1.2548e+02	1.3855e-06	9.4158e-01	5.8422e-02	8.1517e-01	1.7851e-01	6.3196e-03	1.6308e-08	6.9279e-03	9.8099e-01	1.2083e-02	4.9549e-07	9.5373e-01	4.6262e-02	6.0672e-06	1.1755e-36	1.1755e-36	1.1755e-36	1.0372e-13	0.00e+00	0.00e+00	1.3450e+02
2.10288e+16	4.2696e+03	4.507e-19	1.6681e+03	1.2403e+02	1.5418e-06	9.4221e-01	5.7784e-02	8.1771e-01	1.7613e-01	6.1632e-03	1.7823e-08	6.8748e-03	9.8121e-01	1.1917e-02	4.9381e-07	9.5427e-01	4.5723e-02	5.9474e-06	1.1755e-36	1.1755e-36	1.1755e-36	1.2222e-13	0.00e+00	0.00e+00	1.3579e+02
2.11580e+16	4.2153e+03	4.432e-19	1.6681e+03	1.2261e+02	1.7156e-06	9.4284e-01	5.7159e-02	8.2015e-01	1.7384e-01	6.0141e-03	1.9481e-08	6.8232e-03	9.8142e-01	1.1758e-02	4.9224e-07	9.5480e-01	4.5195e-02	5.8329e-06	1.1755e-36	1.1755e-36	1.1755e-36	1.4412e-13	0.00e+00	0.00e+00	1.3706e+02
2.12855e+16	4.1619e+03	4.360e-19	1.6681e+03	1.2124e+02	1.9088e-06	9.4345e-01	5.6550e-02	8.2251e-01	1.7162e-01	5.8704e-03	2.1294e-08	6.7741e-03	9.8162e-01	1.1605e-02	4.9078e-07	9.5531e-01	4.4681e-02	5.7239e-06	1.1755e-36	1.1755e-36	1.1755e-36	1.7002e-13	0.00e+00	0.00e+00	1.3832e+02
2.14114e+16	4.1094e+03	4.291e-19	1.6681e+03	1.1991e+02	2.1233e-06	9.4404e-01	5.5959e-02	8.2480e-01	1.6947e-01	5.7322e-03	2.3276e-08	6.7273e-03	9.8181e-01	1.1458e-02	4.8941e-07	9.5581e-01	4.4181e-02	5.6202e-06	1.1755e-36	1.1755e-36	1.1755e-36	2.0062e-13	0.00e+00	0.00e+00	1.3957e+02
2.15359e+16	4.0576e+03	4.224e-19	1.6681e+03	1.1861e+02	2.3616e-06	9.4461e-01	5.5384e-02	8.2702e-01	1.6738e-01	5.5991e-03	2.5440e-08	6.6824e-03	9.8200e-01	1.1315e-02	4.8814e-07	9.5630e-01	4.3695e-02	5.5213e-06	1.1755e-36	1.1755e-36	1.1755e-36	2.3674e-13	0.00e+00	0.00e+00	1.4080e+02
2.16591e+16	4.0066e+03	4.160e-19	1.6681e+03	1.1735e+02	2.6261e-06	9.4518e-01	5.4822e-02	8.2917e-01	1.6536e-01	5.4707e-03	2.7801e-08	6.6393e-03	9.8218e-01	1.1177e-02	4.8694e-07	9.5677e-01	4.3220e-02	5.4266e-06	1.1755e-36	1.1755e-36	1.1755e-36	2.7937e-13	0.00e+00	0.00e+00	1.4202e+02
2.17814e+16	3.9562e+03	4.097e-19	1.6681e+03	1.1611e+02	2.9199e-06	9.4573e-01	5.4272e-02	8.3126e-01	1.6339e-01	5.3468e-03	3.0380e-08	6.5979e-03	9.8236e-01	1.1043e-02	4.8582e-07	9.5724e-01	4.2755e-02	5.3357e-06	1.1755e-36	1.1755e-36	1.1755e-36	3.2967e-13	0.00e+00	0.00e+00	1.4323e+02
###########################
9.23552e+11	8.6955e+03	1.288e-17	1.6681e+03	1.7001e+03	7.8409e-12	7.7384e-02	9.2262e-01	7.4288e-02	8.2997e-01	9.5738e-02	5.0775e-13	1.6123e-02	6.0514e-01	3.7804e-01	6.9739e-04	8.6847e-02	8.4267e-01	7.0263e-02	2.1486e-04	6.7342e-07	1.1755e-36	1.7806e-20	0.00e+00	0.00e+00	1.5057e-03
5.54131e+12	8.6847e+03	1.280e-17	1.6681e+03	1.6900e+03	7.7925e-12	7.6865e-02	9.2313e-01	7.3893e-02	8.2988e-01	9.6225e-02	4.9676e-13	1.5954e-02	6.0401e-01	3.7933e-01	7.0498e-04	8.6226e-02	8.4272e-01	7.0831e-02	2.1791e-04	6.8507e-07	1.1755e-36	1.7232e-20	0.00e+00	0.00e+00	7.4881e-03
2.40123e+13	8.6728e+03	1.272e-17	1.6681e+03	1.6878e+03	7.7863e-12	7.6558e-02	9.2344e-01	7.3910e-02	8.2989e-01	9.6204e-02	4.9180e-13	1.5898e-02	6.0409e-01	3.7930e-01	7.0713e-04	8.5858e-02	8.4269e-01	7.1231e-02	2.1935e-04	6.8991e-07	1.1755e-36	1.6953e-20	0.00e+00	0.00e+00	3.1322e-02
9.78965e+13	8.6364e+03	1.257e-17	1.6681e+03	1.6875e+03	7.9563e-12	7.6494e-02	9.2351e-01	7.4379e-02	8.3010e-01	9.5517e-02	4.9176e-13	1.5954e-02	6.0543e-01	3.7791e-01	7.0186e-04	8.5763e-02	8.4224e-01	7.1776e-02	2.1864e-04	6.8830e-07	1.1755e-36	1.6864e-20	0.00e+00	0.00e+00	1.2658e-01
2.33843e+14	8.5010e+03	1.207e-17	1.6681e+03	1.6914e+03	7.8702e-12	7.3256e-02	9.2674e-01	7.4800e-02	8.3036e-01	9.4843e-02	4.4754e-13	1.5654e-02	6.0670e-01	3.7691e-01	7.2754e-04	8.1786e-02	8.4102e-01	7.6958e-02	2.4027e-04	7.4815e-07	1.1755e-36	1.4513e-20	0.00e+00	0.00e+00	2.4517e-01
4.10574e+14	8.3899e+03	1.170e-17	1.6681e+03	1.6947e+03	8.0726e-12	7.1828e-02	9.2817e-01	7.5689e-02	8.3051e-01	9.3805e-02	4.3047e-13	1.5614e-02	6.0945e-01	3.7420e-01	7.3170e-04	8.0055e-02	8.4027e-01	7.9431e-02	2.4722e-04	7.6567e-07	1.1755e-36	1.3527e-20	0.00e+00	0.00e+00	3.9633e-01
6.40324e+14	8.2984e+03	1.141e-17	1.6681e+03	1.6945e+03	8.5672e-12	7.1852e-02	9.2815e-01	7.6837e-02	8.3065e-01	9.2512e-02	4.3264e-13	1.5777e-02	6.1289e-01	3.7061e-01	7.1769e-04	8.0097e-02	8.3977e-01	7.9895e-02	2.4156e-04	7.4942e-07	1.1755e-36	1.3442e-20	0.00e+00	0.00e+00	5.9291e-01
9.38999e+14	8.2404e+03	1.120e-17	1.6681e+03	1.6914e+03	9.4070e-12	7.3657e-02	9.2634e-01	7.8330e-02	8.3081e-01	9.0855e-02	4.5916e-13	1.6200e-02	6.1727e-01	3.6584e-01	6.8220e-04	8.2306e-02	8.3955e-01	7.7925e-02	2.2156e-04	6.9538e-07	1.1755e-36	1.4477e-20	0.00e+00	0.00e+00	8.5489e-01
1.30021e+15	8.2094e+03	1.109e-17	1.6681e+03	1.6855e+03	1.0746e-11	7.7481e-02	9.2252e-01	8.0175e-02	8.3087e-01	8.8955e-02	5.1613e-13	1.6896e-02	6.2254e-01	3.5994e-01	6.2831e-04	8.6961e-02	8.3920e-01	7.3646e-02	1.9076e-04	6.1249e-07	1.1755e-36	1.6980e-20	0.00e+00	0.00e+00	1.1689e+00
1.67549e+15	8.2238e+03	1.109e-17	1.6681e+03	1.6750e+03	1.2472e-11	8.3175e-02	9.1683e-01	8.2096e-02	8.3061e-01	8.7299e-02	6.0591e-13	1.7793e-02	6.2783e-01	3.5381e-01	5.6627e-04	9.3886e-02	8.3838e-01	6.7578e-02	1.5626e-04	5.1925e-07	1.1755e-36	2.1294e-20	0.00e+00	0.00e+00	1.4894e+00
2.07451e+15	8.2730e+03	1.122e-17	1.6681e+03	1.6610e+03	1.5210e-11	9.2191e-02	9.0781e-01	8.4814e-02	8.3019e-01	8.5000e-02	7.6615e-13	1.9092e-02	6.3494e-01	3.4548e-01	4.8824e-04	1.0480e-01	8.3568e-01	5.9393e-02	1.1817e-04	4.1321e-07	1.1755e-36	2.9789e-20	0.00e+00	0.00e+00	1.9092e+00
2.53948e+15	8.3666e+03	1.141e-17	1.6681e+03	1.6351e+03	1.9528e-11	1.0571e-01	8.9429e-01	8.8561e-02	8.2894e-01	8.2496e-02	1.0441e-12	2.0811e-02	6.4381e-01	3.3498e-01	4.0124e-04	1.2112e-01	8.2939e-01	4.9409e-02	8.1092e-05	3.0579e-07	1.1755e-36	4.6505e-20	0.00e+00	0.00e+00	2.4634e+00
3.06807e+15	8.4972e+03	1.170e-17	1.6681e+03	1.6005e+03	2.7006e-11	1.2629e-01	8.7371e-01	9.3525e-02	8.2680e-01	7.9674e-02	1.5658e-12	2.3062e-02	6.5547e-01	3.2116e-01	3.1022e-04	1.4572e-01	8.1571e-01	3.8519e-02	4.9651e-05	2.0752e-07	1.1755e-36	8.3699e-20	0.00e+00	0.00e+00	3.2077e+00
3.61073e+15	8.6590e+03	1.199e-17	1.6681e+03	1.5513e+03	3.8991e-11	1.5430e-01	8.4570e-01	9.9461e-02	8.2335e-01	7.7190e-02	2.4706e-12	2.5467e-02	6.6824e-01	3.0606e-01	2.3170e-04	1.7877e-01	7.9253e-01	2.8671e-02	2.8353e-05	1.3399e-07	1.1755e-36	1.6320e-19	0.00e+00	0.00e+00	4.0624e+00
4.08709e+15	8.8030e+03	1.219e-17	1.6681e+03	1.4966e+03	5.5959e-11	1.8619e-01	8.1381e-01	1.0577e-01	8.1904e-01	7.5191e-02	3.8064e-12	2.7562e-02	6.8102e-01	2.9124e-01	1.7494e-04	2.1581e-01	7.6279e-01	2.1382e-02	1.6567e-05	1.1755e-36	1.1755e-36	3.0858e-19	0.00e+00	0.00e+00	4.8996e+00
4.48119e+15	8.9047e+03	1.223e-17	1.6681e+03	1.4431e+03	7.7228e-11	2.1770e-01	7.8230e-01	1.1204e-01	8.1442e-01	7.3537e-02	5.4905e-12	2.9152e-02	6.9318e-01	2.7753e-01	1.3687e-04	2.5186e-01	7.3165e-01	1.6473e-02	1.0416e-05	1.1755e-36	1.1755e-36	5.3006e-19	0.00e+00	0.00e+00	5.7282e+00
4.82198e+15	8.9725e+03	1.213e-17	1.6681e+03	1.3912e+03	1.0318e-10	2.4829e-01	7.5171e-01	1.1847e-01	8.0954e-01	7.1992e-02	7.5169e-12	3.0335e-02	7.0476e-01	2.6480e-01	1.1012e-04	2.8634e-01	7.0061e-01	1.3039e-02	6.9440e-06	1.1755e-36	1.1755e-36	8.4338e-19	0.00e+00	0.00e+00	6.5657e+00
5.15370e+15	9.0164e+03	1.192e-17	1.6681e+03	1.3362e+03	1.3756e-10	2.8045e-01	7.1955e-01	1.2568e-01	8.0392e-01	7.0394e-02	1.0126e-11	3.1273e-02	7.1702e-01	2.5162e-01	8.8849e-05	3.2207e-01	6.6759e-01	1.0339e-02	4.6858e-06	1.1755e-36	1.1755e-36	1.3099e-18	0.00e+00	0.00e+00	7.5796e+00
5.49222e+15	9.0450e+03	1.159e-17	1.6681e+03	1.2767e+03	1.8469e-10	3.1549e-01	6.8451e-01	1.3387e-01	7.9731e-01	6.8812e-02	1.3601e-11	3.1942e-02	7.3002e-01	2.3797e-01	7.1438e-05	3.6038e-01	6.3148e-01	8.1352e-03	3.1539e-06	1.1755e-36	1.1755e-36	2.0291e-18	0.00e+00	0.00e+00	8.6889e+00
5.80218e+15	9.0609e+03	1.120e-17	1.6681e+03	1.2187e+03	2.4126e-10	3.4910e-01	6.5090e-01	1.4202e-01	7.9044e-01	6.7544e-02	1.7640e-11	3.2265e-02	7.4224e-01	2.2544e-01	5.8606e-05	3.9656e-01	5.9692e-01	6.5151e-03	2.2083e-06	1.1755e-36	1.1755e-36	2.9883e-18	0.00e+00	0.00e+00	9.7409e+00
6.06557e+15	9.0619e+03	1.082e-17	1.6681e+03	1.1688e+03	3.0222e-10	3.7833e-01	6.2167e-01	1.4965e-01	7.8392e-01	6.6433e-02	2.1829e-11	3.2353e-02	7.5294e-01	2.1466e-01	4.9585e-05	4.2757e-01	5.6704e-01	5.3920e-03	1.6421e-06	1.1755e-36	1.1755e-36	4.1049e-18	0.00e+00	0.00e+00	1.0700e+01
6.29853e+15	9.0560e+03	1.044e-17	1.6681e+03	1.1245e+03	3.6691e-10	4.0416e-01	5.9584e-01	1.5699e-01	7.7762e-01	6.5396e-02	2.6140e-11	3.2299e-02	7.6259e-01	2.0507e-01	4.2818e-05	4.5463e-01	5.4080e-01	4.5640e-03	1.2720e-06	1.1755e-36	1.1755e-36	5.3678e-18	0.00e+00	0.00e+00	1.1659e+01
6.52547e+15	9.0411e+03	1.005e-17	1.6681e+03	1.0819e+03	4.4239e-10	4.2934e-01	5.7066e-01	1.6474e-01	7.7093e-01	6.4333e-02	3.0999e-11	3.2154e-02	7.7217e-01	1.9564e-01	3.7118e-05	4.8072e-01	5.1540e-01	3.8784e-03	9.9656e-07	1.1755e-36	1.1755e-36	6.9157e-18	0.00e+00	0.00e+00	1.2693e+01
6.75604e+15	9.0284e+03	9.626e-18	1.6681e+03	1.0383e+03	5.2929e-10	4.5426e-01	5.4574e-01	1.7286e-01	7.6386e-01	6.3285e-02	3.6473e-11	3.1855e-02	7.8166e-01	1.8646e-01	3.2222e-05	5.0625e-01	4.9046e-01	3.2954e-03	7.8471e-07	1.1755e-36	1.1755e-36	8.8076e-18	0.00e+00	0.00e+00	1.3805e+01
6.98291e+15	9.0046e+03	9.213e-18	1.6681e+03	9.9676e+02	6.3155e-10	4.7866e-01	5.2134e-01	1.8141e-01	7.5638e-01	6.2208e-02	4.2651e-11	3.1497e-02	7.9100e-01	1.7748e-01	2.8056e-05	5.3096e-01	4.6623e-01	2.8073e-03	6.2366e-07	1.1755e-36	1.1755e-36	1.1113e-17	0.00e+00	0.00e+00	1.4921e+01
7.19984e+15	8.9792e+03	8.815e-18	1.6681e+03	9.5889e+02	7.4390e-10	5.0149e-01	4.9851e-01	1.9019e-01	7.4871e-01	6.1098e-02	4.9322e-11	3.1109e-02	7.9992e-01	1.6894e-01	2.4590e-05	5.5385e-01	4.4374e-01	2.4091e-03	5.0355e-07	1.1755e-36	1.1755e-36	1.3790e-17	0.00e+00	0.00e+00	1.6044e+01
7.41379e+15	8.9537e+03	8.415e-18	1.6681e+03	9.2149e+02	8.6636e-10	5.2287e-01	4.7713e-01	1.9906e-01	7.4090e-01	6.0044e-02	5.6342e-11	3.0628e-02	8.0844e-01	1.6091e-01	2.1660e-05	5.7507e-01	4.2286e-01	2.0782e-03	4.1144e-07	1.1755e-36	1.1755e-36	1.6781e-17	0.00e+00	0.00e+00	1.7230e+01
7.62757e+15	8.9254e+03	8.023e-18	1.6681e+03	8.8548e+02	1.0037e-09	5.4346e-01	4.5654e-01	2.0827e-01	7.3277e-01	5.8961e-02	6.4000e-11	3.0103e-02	8.1673e-01	1.5315e-01	1.9117e-05	5.9532e-01	4.0288e-01	1.7959e-03	3.3860e-07	1.1755e-36	1.1755e-36	2.0241e-17	0.00e+00	0.00e+00	1.8444e+01
7.80050e+15	8.9133e+03	7.716e-18	1.6681e+03	8.5688e+02	1.1141e-09	5.5872e-01	4.4128e-01	2.1520e-01	7.2653e-01	5.8272e-02	7.0137e-11	2.9593e-02	8.2278e-01	1.4761e-01	1.7416e-05	6.1021e-01	3.8819e-01	1.6058e-03	2.9269e-07	1.1755e-36	1.1755e-36	2.3165e-17	0.00e+00	0.00e+00	1.9231e+01
7.92314e+15	8.8838e+03	7.512e-18	1.6681e+03	8.3933e+02	1.2102e-09	5.6942e-01	4.3058e-01	2.2107e-01	7.2141e-01	5.7513e-02	7.5090e-11	2.9325e-02	8.2740e-01	1.4326e-01	1.6246e-05	6.2059e-01	3.7793e-01	1.4843e-03	2.6446e-07	1.1755e-36	1.1755e-36	2.5565e-17	0.00e+00	0.00e+00	1.9900e+01
8.04455e+15	8.8571e+03	7.301e-18	1.6681e+03	8.2192e+02	1.3108e-09	5.7986e-01	4.2014e-01	2.2729e-01	7.1602e-01	5.6691e-02	8.0307e-11	2.9054e-02	8.3207e-01	1.3886e-01	1.5130e-05	6.3068e-01	3.6795e-01	1.3699e-03	2.3894e-07	1.1755e-36	1.1755e-36	2.8150e-17	0.00e+00	0.00e+00	2.0702e+01
8.18853e+15	8.8331e+03	7.045e-18	1.6681e+03	8.0001e+02	1.4309e-09	5.9171e-01	4.0829e-01	2.3440e-01	7.0980e-01	5.5803e-02	8.6445e-11	2.8649e-02	8.3737e-01	1.3397e-01	1.3934e-05	6.4208e-01	3.5668e-01	1.2456e-03	2.1241e-07	1.1755e-36	1.1755e-36	3.1263e-17	0.00e+00	0.00e+00	2.1679e+01
8.34916e+15	8.8042e+03	6.776e-18	1.6681e+03	7.7701e+02	1.5781e-09	6.0485e-01	3.9515e-01	2.4242e-01	7.0275e-01	5.4833e-02	9.3907e-11	2.8208e-02	8.4302e-01	1.2876e-01	1.2730e-05	6.5463e-01	3.4424e-01	1.1214e-03	1.8689e-07	1.1755e-36	1.1755e-36	3.5217e-17	0.00e+00	0.00e+00	2.2726e+01
8.50870e+15	8.7747e+03	6.518e-18	1.6681e+03	7.5466e+02	1.7346e-09	6.1739e-01	3.8261e-01	2.5036e-01	6.9572e-01	5.3914e-02	1.0163e-10	2.7748e-02	8.4839e-01	1.2385e-01	1.1661e-05	6.6656e-01	3.3242e-01	1.0119e-03	1.6534e-07	1.1755e-36	1.1755e-36	3.9443e-17	0.00e+00	0.00e+00	2.3732e+01
8.66116e+15	8.7441e+03	6.278e-18	1.6681e+03	7.3404e+02	1.8953e-09	6.2888e-01	3.7112e-01	2.5819e-01	6.8880e-01	5.3005e-02	1.0934e-10	2.7309e-02	8.5340e-01	1.1928e-01	1.0730e-05	6.7743e-01	3.2166e-01	9.1827e-04	1.4763e-07	1.1755e-36	1.1755e-36	4.3760e-17	0.00e+00	0.00e+00	2.4727e+01
8.81504e+15	8.7111e+03	6.042e-18	1.6681e+03	7.1393e+02	2.0706e-09	6.4012e-01	3.5988e-01	2.6638e-01	6.8158e-01	5.2046e-02	1.1759e-10	2.6868e-02	8.5837e-01	1.1476e-01	9.8640e-06	6.8801e-01	3.1116e-01	8.3268e-04	1.3202e-07	1.1755e-36	1.1755e-36	4.8486e-17	0.00e+00	0.00e+00	2.5789e+01
8.97692e+15	8.6760e+03	5.801e-18	1.6681e+03	6.9337e+02	2.2691e-09	6.5165e-01	3.4835e-01	2.7513e-01	6.7384e-01	5.1036e-02	1.2678e-10	2.6399e-02	8.6343e-01	1.1016e-01	9.0336e-06	6.9881e-01	3.0044e-01	7.5133e-04	1.1755e-36	1.1755e-36	1.1755e-36	5.3906e-17	0.00e+00	0.00e+00	2.6931e+01
9.14465e+15	8.6391e+03	5.560e-18	1.6681e+03	6.7261e+02	2.4906e-09	6.6322e-01	3.3678e-01	2.8425e-01	6.6574e-01	5.0007e-02	1.3681e-10	2.5904e-02	8.6847e-01	1.0562e-01	8.2576e-06	7.0959e-01	2.8974e-01	6.7587e-04	1.1755e-36	1.1755e-36	1.1755e-36	5.9991e-17	0.00e+00	0.00e+00	2.8112e+01
9.31366e+15	8.6012e+03	5.325e-18	1.6681e+03	6.5234e+02	2.7297e-09	6.7442e-01	3.2558e-01	2.9355e-01	6.5747e-01	4.8978e-02	1.4740e-10	2.5401e-02	8.7335e-01	1.0124e-01	7.5523e-06	7.1997e-01	2.7943e-01	6.0812e-04	1.1755e-36	1.1755e-36	1.1755e-36	6.6570e-17	0.00e+00	0.00e+00	2.9312e+01
9.48374e+15	8.5624e+03	5.098e-18	1.6681e+03	6.3269e+02	2.9874e-09	6.8524e-01	3.1476e-01	3.0308e-01	6.4899e-01	4.7930e-02	1.5860e-10	2.4899e-02	8.7811e-01	9.6988e-02	6.9087e-06	7.2995e-01	2.6950e-01	5.4723e-04	1.1755e-36	1.1755e-36	1.1755e-36	7.3686e-17	0.00e+00	0.00e+00	3.0548e+01
9.65769e+15	8.5218e+03	4.875e-18	1.6681e+03	6.1330e+02	3.2712e-09	6.9591e-01	3.0409e-01	3.1301e-01	6.4014e-01	4.6850e-02	1.7072e-10	2.4389e-02	8.8280e-01	9.2808e-02	6.3119e-06	7.3975e-01	2.5975e-01	4.9152e-04	1.1755e-36	1.1755e-36	1.1755e-36	8.1556e-17	0.00e+00	0.00e+00	3.1842e+01
9.83659e+15	8.4786e+03	4.654e-18	1.6681e+03	5.9398e+02	3.5878e-09	7.0653e-01	2.9347e-01	3.2333e-01	6.3092e-01	4.5745e-02	1.8392e-10	2.3865e-02	8.8743e-01	8.8696e-02	5.7579e-06	7.4946e-01	2.5010e-01	4.4037e-04	1.1755e-36	1.1755e-36	1.1755e-36	9.0334e-17	0.00e+00	0.00e+00	3.3191e+01
1.00188e+16	8.4325e+03	4.439e-18	1.6681e+03	5.7493e+02	3.9387e-09	7.1695e-01	2.8305e-01	3.3394e-01	6.2143e-01	4.4628e-02	1.9812e-10	2.3334e-02	8.9196e-01	8.4700e-02	5.2504e-06	7.5894e-01	2.4066e-01	3.9408e-04	1.1755e-36	1.1755e-36	1.1755e-36	9.9990e-17	0.00e+00	0.00e+00	3.4575e+01
1.02030e+16	8.3849e+03	4.231e-18	1.6681e+03	5.5633e+02	4.3215e-09	7.2704e-01	2.7296e-01	3.4477e-01	6.1172e-01	4.3507e-02	2.1322e-10	2.2801e-02	8.9634e-01	8.0849e-02	4.7894e-06	7.6808e-01	2.3157e-01	3.5259e-04	1.1755e-36	1.1755e-36	1.1755e-36	1.1045e-16	0.00e+00	0.00e+00	3.5992e+01
1.03900e+16	8.3362e+03	4.030e-18	1.6681e+03	5.3813e+02	4.7398e-09	7.3685e-01	2.6315e-01	3.5589e-01	6.0174e-01	4.2374e-02	2.2940e-10	2.2268e-02	9.0061e-01	7.7117e-02	4.3681e-06	7.7693e-01	2.2276e-01	3.1521e-04	1.1755e-36	1.1755e-36	1.1755e-36	1.2186e-16	0.00e+00	0.00e+00	3.7457e+01
1.05812e+16	8.2856e+03	3.833e-18	1.6681e+03	5.2020e+02	5.2028e-09	7.4650e-01	2.5350e-01	3.6735e-01	5.9143e-01	4.1226e-02	2.4693e-10	2.1729e-02	9.0479e-01	7.3482e-02	3.9810e-06	7.8560e-01	2.1412e-01	2.8129e-04	1.1755e-36	1.1755e-36	1.1755e-36	1.3447e-16	0.00e+00	0.00e+00	3.8980e+01
1.07765e+16	8.2330e+03	3.642e-18	1.6681e+03	5.0253e+02	5.7165e-09	7.5598e-01	2.4402e-01	3.7911e-01	5.8082e-01	4.0070e-02	2.6592e-10	2.1185e-02	9.0885e-01	6.9958e-02	3.6269e-06	7.9408e-01	2.0567e-01	2.5062e-04	1.1755e-36	1.1755e-36	1.1755e-36	1.4841e-16	0.00e+00	0.00e+00	4.0548e+01
1.09745e+16	8.1779e+03	3.459e-18	1.6681e+03	4.8527e+02	6.2838e-09	7.6517e-01	2.3483e-01	3.9105e-01	5.7003e-01	3.8916e-02	2.8624e-10	2.0641e-02	9.1278e-01	6.6578e-02	3.3066e-06	8.0227e-01	1.9751e-01	2.2326e-04	1.1755e-36	1.1755e-36	1.1755e-36	1.6358e-16	0.00e+00	0.00e+00	4.2152e+01
1.11751e+16	8.1207e+03	3.282e-18	1.6681e+03	4.6841e+02	6.9099e-09	7.7409e-01	2.2591e-01	4.0323e-01	5.5901e-01	3.7761e-02	3.0805e-10	2.0100e-02	9.1657e-01	6.3324e-02	3.0160e-06	8.1018e-01	1.8962e-01	1.9877e-04	1.1755e-36	1.1755e-36	1.1755e-36	1.8014e-16	0.00e+00	0.00e+00	4.3801e+01
1.13792e+16	8.0613e+03	3.111e-18	1.6681e+03	4.5192e+02	7.6058e-09	7.8279e-01	2.1721e-01	4.1569e-01	5.4771e-01	3.6600e-02	3.3167e-10	1.9559e-02	9.2025e-01	6.0184e-02	2.7518e-06	8.1788e-01	1.8195e-01	1.7678e-04	1.1755e-36	1.1755e-36	1.1755e-36	1.9837e-16	0.00e+00	0.00e+00	4.5500e+01
1.15870e+16	7.9997e+03	2.947e-18	1.6681e+03	4.3578e+02	8.3798e-09	7.9127e-01	2.0873e-01	4.2836e-01	5.3620e-01	3.5442e-02	3.5720e-10	1.9020e-02	9.2381e-01	5.7167e-02	2.5123e-06	8.2535e-01	1.7449e-01	1.5709e-04	1.1755e-36	1.1755e-36	1.1755e-36	2.1843e-16	0.00e+00	0.00e+00	4.7245e+01
1.17978e+16	7.9361e+03	2.790e-18	1.6681e+03	4.2004e+02	9.2380e-09	7.9949e-01	2.0051e-01	4.4119e-01	5.2452e-01	3.4291e-02	3.8468e-10	1.8485e-02	9.2723e-01	5.4280e-02	2.2961e-06	8.3256e-01	1.6730e-01	1.3955e-04	1.1755e-36	1.1755e-36	1.1755e-36	2.4040e-16	0.00e+00	0.00e+00	4.9032e+01
1.20116e+16	7.8704e+03	2.640e-18	1.6681e+03	4.0475e+02	1.0191e-08	8.0744e-01	1.9256e-01	4.5419e-01	5.1267e-01	3.3144e-02	4.1429e-10	1.7957e-02	9.3052e-01	5.1518e-02	2.1012e-06	8.3951e-01	1.6036e-01	1.2394e-04	1.1755e-36	1.1755e-36	1.1755e-36	2.6446e-16	0.00e+00	0.00e+00	5.0864e+01
1.22291e+16	7.8022e+03	2.496e-18	1.6681e+03	3.8983e+02	1.1257e-08	8.1515e-01	1.8485e-01	4.6736e-01	5.0064e-01	3.2001e-02	4.4635e-10	1.7432e-02	9.3369e-01	4.8874e-02	1.9252e-06	8.4624e-01	1.5365e-01	1.1003e-04	1.1755e-36	1.1755e-36	1.1755e-36	2.9098e-16	0.00e+00	0.00e+00	5.2748e+01
1.24504e+16	7.7312e+03	2.358e-18	1.6681e+03	3.7527e+02	1.2453e-08	8.2264e-01	1.7736e-01	4.8068e-01	4.8845e-01	3.0866e-02	4.8111e-10	1.6913e-02	9.3674e-01	4.6346e-02	1.7664e-06	8.5274e-01	1.4716e-01	9.7635e-05	1.1755e-36	1.1755e-36	1.1755e-36	3.2027e-16	0.00e+00	0.00e+00	5.4683e+01
1.26754e+16	7.6577e+03	2.227e-18	1.6681e+03	3.6110e+02	1.3796e-08	8.2988e-01	1.7012e-01	4.9409e-01	4.7616e-01	2.9743e-02	5.1872e-10	1.6400e-02	9.3966e-01	4.3938e-02	1.6238e-06	8.5902e-01	1.4090e-01	8.6634e-05	1.1755e-36	1.1755e-36	1.1755e-36	3.5256e-16	0.00e+00	0.00e+00	5.6664e+01
1.29040e+16	7.5816e+03	2.101e-18	1.6681e+03	3.4735e+02	1.5304e-08	8.3686e-01	1.6314e-01	5.0758e-01	4.6379e-01	2.8631e-02	5.5939e-10	1.5895e-02	9.4246e-01	4.1648e-02	1.4958e-06	8.6504e-01	1.3488e-01	7.6888e-05	1.1755e-36	1.1755e-36	1.1755e-36	3.8818e-16	0.00e+00	0.00e+00	5.8695e+01
1.31356e+16	7.5033e+03	1.983e-18	1.6681e+03	3.3406e+02	1.6995e-08	8.4357e-01	1.5643e-01	5.2107e-01	4.5139e-01	2.7536e-02	6.0330e-10	1.5400e-02	9.4512e-01	3.9480e-02	1.3814e-06	8.7082e-01	1.2911e-01	6.8285e-05	1.1755e-36	1.1755e-36	1.1755e-36	4.2748e-16	0.00e+00	0.00e+00	6.0763e+01
1.33690e+16	7.4222e+03	1.871e-18	1.6681e+03	3.2133e+02	1.8897e-08	8.4997e-01	1.5003e-01	5.3451e-01	4.3904e-01	2.6459e-02	6.5061e-10	1.4920e-02	9.4764e-01	3.7439e-02	1.2798e-06	8.7632e-01	1.2362e-01	6.0738e-05	1.1755e-36	1.1755e-36	1.1755e-36	4.7083e-16	0.00e+00	0.00e+00	6.2858e+01
1.36022e+16	7.3387e+03	1.768e-18	1.6681e+03	3.0927e+02	2.1027e-08	8.5602e-01	1.4398e-01	5.4776e-01	4.2684e-01	2.5406e-02	7.0125e-10	1.4462e-02	9.5000e-01	3.5533e-02	1.1903e-06	8.8150e-01	1.1844e-01	5.4174e-05	1.1755e-36	1.1755e-36	1.1755e-36	5.1844e-16	0.00e+00	0.00e+00	6.4954e+01
1.38332e+16	7.2549e+03	1.672e-18	1.6681e+03	2.9777e+02	2.3361e-08	8.6157e-01	1.3843e-01	5.6052e-01	4.1507e-01	2.4410e-02	7.5343e-10	1.4021e-02	9.5219e-01	3.3784e-02	1.1124e-06	8.8625e-01	1.1371e-01	4.8549e-05	1.1755e-36	1.1755e-36	1.1755e-36	5.6835e-16	0.00e+00	0.00e+00	6.7036e+01
1.40628e+16	7.1788e+03	1.582e-18	1.6681e+03	2.8707e+02	2.5772e-08	8.6670e-01	1.3330e-01	5.7296e-01	4.0359e-01	2.3452e-02	8.0767e-10	1.3603e-02	9.5423e-01	3.2162e-02	1.0438e-06	8.9061e-01	1.0934e-01	4.3655e-05	1.1755e-36	1.1755e-36	1.1755e-36	6.2107e-16	0.00e+00	0.00e+00	6.9133e+01
1.43003e+16	7.0809e+03	1.496e-18	1.6681e+03	2.7659e+02	2.8965e-08	8.7202e-01	1.2798e-01	5.8611e-01	3.9147e-01	2.2416e-02	8.7295e-10	1.3198e-02	9.5625e-01	3.0550e-02	9.7984e-07	8.9515e-01	1.0481e-01	3.9137e-05	1.1755e-36	1.1755e-36	1.1755e-36	6.8855e-16	0.00e+00	0.00e+00	7.1388e+01
1.45344e+16	6.9978e+03	1.417e-18	1.6681e+03	2.6637e+02	3.2161e-08	8.7687e-01	1.2313e-01	5.9779e-01	3.8065e-01	2.1563e-02	9.3658e-10	1.2789e-02	9.5805e-01	2.9156e-02	9.2604e-07	8.9927e-01	1.0070e-01	3.5283e-05	1.1755e-36	1.1755e-36	1.1755e-36	7.5665e-16	0.00e+00	0.00e+00	7.3445e+01
1.47579e+16	6.9060e+03	1.347e-18	1.6681e+03	2.5775e+02	3.5834e-08	8.8117e-01	1.1883e-01	6.0968e-01	3.6969e-01	2.0636e-02	1.0059e-09	1.2452e-02	9.5971e-01	2.7842e-02	8.7920e-07	9.0291e-01	9.7057e-02	3.2074e-05	1.1755e-36	1.1755e-36	1.1755e-36	8.3294e-16	0.00e+00	0.00e+00	7.5525e+01
1.49793e+16	6.8230e+03	1.282e-18	1.6681e+03	2.4919e+02	3.9615e-08	8.8505e-01	1.1495e-01	6.2054e-01	3.5962e-01	1.9836e-02	1.0738e-09	1.2106e-02	9.6122e-01	2.6669e-02	8.3853e-07	9.0620e-01	9.3770e-02	2.9284e-05	1.1755e-36	1.1755e-36	1.1755e-36	9.0952e-16	0.00e+00	0.00e+00	7.7563e+01
1.52032e+16	6.7279e+03	1.220e-18	1.6681e+03	2.4127e+02	4.4313e-08	8.8902e-01	1.1098e-01	6.3188e-01	3.4915e-01	1.8971e-02	1.1552e-09	1.1792e-02	9.6269e-01	2.5518e-02	8.0096e-07	9.0956e-01	9.0417e-02	2.6723e-05	1.1755e-36	1.1755e-36	1.1755e-36	1.0083e-15	0.00e+00	0.00e+00	7.9708e+01
1.54258e+16	6.6402e+03	1.162e-18	1.6681e+03	2.3342e+02	4.9289e-08	8.9273e-01	1.0727e-01	6.4216e-01	3.3961e-01	1.8226e-02	1.2378e-09	1.1471e-02	9.6403e-01	2.4498e-02	7.6845e-07	9.1269e-01	8.7285e-02	2.4474e-05	1.1755e-36	1.1755e-36	1.1755e-36	1.1140e-15	0.00e+00	0.00e+00	8.1740e+01
1.56408e+16	6.5521e+03	1.110e-18	1.6681e+03	2.2646e+02	5.4746e-08	8.9602e-01	1.0398e-01	6.5219e-01	3.3032e-01	1.7484e-02	1.3249e-09	1.1189e-02	9.6526e-01	2.3554e-02	7.4000e-07	9.1547e-01	8.4512e-02	2.2560e-05	1.1755e-36	1.1755e-36	1.1755e-36	1.2299e-15	0.00e+00	0.00e+00	8.3760e+01
1.58552e+16	6.4639e+03	1.061e-18	1.6681e+03	2.1977e+02	6.0863e-08	8.9915e-01	1.0085e-01	6.6185e-01	3.2137e-01	1.6780e-02	1.4188e-09	1.0915e-02	9.6641e-01	2.2678e-02	7.1453e-07	9.1810e-01	8.1878e-02	2.0848e-05	1.1755e-36	1.1755e-36	1.1755e-36	1.3621e-15	0.00e+00	0.00e+00	8.5793e+01
1.60694e+16	6.3759e+03	1.016e-18	1.6681e+03	2.1336e+02	6.7716e-08	9.0216e-01	9.7843e-02	6.7114e-01	3.1275e-01	1.6109e-02	1.5210e-09	1.0651e-02	9.6749e-01	2.1863e-02	6.9167e-07	9.2063e-01	7.9349e-02	1.9305e-05	1.1755e-36	1.1755e-36	1.1755e-36	1.5154e-15	0.00e+00	0.00e+00	8.7823e+01
1.62818e+16	6.2884e+03	9.727e-19	1.6681e+03	2.0729e+02	7.5360e-08	9.0499e-01	9.5011e-02	6.8005e-01	3.0448e-01	1.5471e-02	1.6315e-09	1.0400e-02	9.6849e-01	2.1109e-02	6.7128e-07	9.2301e-01	7.6969e-02	1.7932e-05	1.1755e-36	1.1755e-36	1.1755e-36	1.6917e-15	0.00e+00	0.00e+00	8.9835e+01
1.64914e+16	6.2015e+03	9.330e-19	1.6681e+03	2.0160e+02	8.3868e-08	9.0763e-01	9.2367e-02	6.8858e-01	2.9656e-01	1.4862e-02	1.7511e-09	1.0163e-02	9.6942e-01	2.0414e-02	6.5314e-07	9.2523e-01	7.4749e-02	1.6714e-05	1.1755e-36	1.1755e-36	1.1755e-36	1.8947e-15	0.00e+00	0.00e+00	9.1825e+01
1.66980e+16	6.1153e+03	8.962e-19	1.6681e+03	1.9625e+02	9.3330e-08	9.1010e-01	8.9896e-02	6.9673e-01	2.8898e-01	1.4282e-02	1.8808e-09	9.9408e-03	9.7029e-01	1.9771e-02	6.3697e-07	9.2731e-01	7.2676e-02	1.5631e-05	1.1755e-36	1.1755e-36	1.1755e-36	2.1296e-15	0.00e+00	0.00e+00	9.3792e+01
1.69018e+16	6.0300e+03	8.619e-19	1.6681e+03	1.9122e+02	1.0386e-07	9.1242e-01	8.7582e-02	7.0453e-01	2.8174e-01	1.3731e-02	2.0221e-09	9.7309e-03	9.7109e-01	1.9178e-02	6.2253e-07	9.2925e-01	7.0735e-02	1.4664e-05	1.1755e-36	1.1755e-36	1.1755e-36	2.4030e-15	0.00e+00	0.00e+00	9.5736e+01
1.71027e+16	5.9455e+03	8.300e-19	1.6681e+03	1.8647e+02	1.1560e-07	9.1459e-01	8.5414e-02	7.1199e-01	2.7480e-01	1.3207e-02	2.1768e-09	9.5322e-03	9.7184e-01	1.8630e-02	6.0960e-07	9.3107e-01	6.8917e-02	1.3799e-05	1.1755e-36	1.1755e-36	1.1755e-36	2.7229e-15	0.00e+00	0.00e+00	9.7658e+01
1.73008e+16	5.8625e+03	8.002e-19	1.6681e+03	1.8201e+02	1.2862e-07	9.1663e-01	8.3374e-02	7.1913e-01	2.6816e-01	1.2708e-02	2.3468e-09	9.3452e-03	9.7253e-01	1.8123e-02	5.9799e-07	9.3278e-01	6.7207e-02	1.3021e-05	1.1755e-36	1.1755e-36	1.1755e-36	3.0987e-15	0.00e+00	0.00e+00	9.9556e+01
1.74962e+16	5.7786e+03	7.723e-19	1.6681e+03	1.7767e+02	1.4337e-07	9.1851e-01	8.1485e-02	7.2587e-01	2.6189e-01	1.2242e-02	2.5334e-09	9.1628e-03	9.7318e-01	1.7658e-02	5.8765e-07	9.3436e-01	6.5624e-02	1.2326e-05	1.1755e-36	1.1755e-36	1.1755e-36	3.5435e-15	0.00e+00	0.00e+00	1.0143e+02
1.76876e+16	5.6975e+03	7.465e-19	1.6681e+03	1.7369e+02	1.5957e-07	9.2031e-01	7.9687e-02	7.3231e-01	2.5589e-01	1.1797e-02	2.7400e-09	8.9954e-03	9.7378e-01	1.7228e-02	5.7835e-07	9.3587e-01	6.4117e-02	1.1698e-05	1.1755e-36	1.1755e-36	1.1755e-36	4.0704e-15	0.00e+00	0.00e+00	1.0326e+02
1.78749e+16	5.6178e+03	7.226e-19	1.6681e+03	1.6997e+02	1.7753e-07	9.2198e-01	7.8022e-02	7.3847e-01	2.5016e-01	1.1372e-02	2.9679e-09	8.8395e-03	9.7433e-01	1.6830e-02	5.7000e-07	9.3727e-01	6.2722e-02	1.1134e-05	1.1755e-36	1.1755e-36	1.1755e-36	4.6937e-15	0.00e+00	0.00e+00	1.0507e+02
1.80597e+16	5.5393e+03	7.000e-19	1.6681e+03	1.6643e+02	1.9757e-07	9.2356e-01	7.6439e-02	7.4434e-01	2.4469e-01	1.0970e-02	3.2220e-09	8.6910e-03	9.7485e-01	1.6461e-02	5.6243e-07	9.3859e-01	6.1396e-02	1.0620e-05	1.1755e-36	1.1755e-36	1.1755e-36	5.4412e-15	0.00e+00	0.00e+00	1.0686e+02
1.82422e+16	5.4620e+03	6.788e-19	1.6681e+03	1.6306e+02	2.1992e-07	9.2507e-01	7.4930e-02	7.4994e-01	2.3947e-01	1.0589e-02	3.5062e-09	8.5494e-03	9.7533e-01	1.6118e-02	5.5558e-07	9.3986e-01	6.0132e-02	1.0150e-05	1.1755e-36	1.1755e-36	1.1755e-36	6.3415e-15	0.00e+00	0.00e+00	1.0862e+02
1.84219e+16	5.3859e+03	6.589e-19	1.6681e+03	1.5986e+02	2.4483e-07	9.2650e-01	7.3500e-02	7.5528e-01	2.3449e-01	1.0227e-02	3.8242e-09	8.4150e-03	9.7578e-01	1.5800e-02	5.4936e-07	9.4106e-01	5.8935e-02	9.7204e-06	1.1755e-36	1.1755e-36	1.1755e-36	7.4280e-15	0.00e+00	0.00e+00	1.1036e+02
1.85986e+16	5.3112e+03	6.402e-19	1.6681e+03	1.5682e+02	2.7259e-07	9.2785e-01	7.2148e-02	7.6037e-01	2.2974e-01	9.8836e-03	4.1805e-09	8.2880e-03	9.7621e-01	1.5505e-02	5.4373e-07	9.4219e-01	5.7802e-02	9.3281e-06	1.1755e-36	1.1755e-36	1.1755e-36	8.7417e-15	0.00e+00	0.00e+00	1.1207e+02
1.87722e+16	5.2378e+03	6.227e-19	1.6681e+03	1.5395e+02	3.0349e-07	9.2913e-01	7.0871e-02	7.6523e-01	2.2521e-01	9.5576e-03	4.5803e-09	8.1679e-03	9.7660e-01	1.5232e-02	5.3863e-07	9.4326e-01	5.6732e-02	8.9694e-06	1.1755e-36	1.1755e-36	1.1755e-36	1.0334e-14	0.00e+00	0.00e+00	1.1376e+02
1.89428e+16	5.1657e+03	6.062e-19	1.6681e+03	1.5122e+02	3.3788e-07	9.3034e-01	6.9661e-02	7.6987e-01	2.2089e-01	9.2482e-03	5.0295e-09	8.0543e-03	9.7697e-01	1.4978e-02	5.3400e-07	9.4427e-01	5.5719e-02	8.6407e-06	1.1755e-36	1.1755e-36	1.1755e-36	1.2271e-14	0.00e+00	0.00e+00	1.1541e+02
1.91103e+16	5.0950e+03	5.906e-19	1.6681e+03	1.4863e+02	3.7617e-07	9.3149e-01	6.8514e-02	7.7429e-01	2.1676e-01	8.9544e-03	5.5351e-09	7.9467e-03	9.7731e-01	1.4743e-02	5.2979e-07	9.4523e-01	5.4757e-02	8.3385e-06	1.1755e-36	1.1755e-36	1.1755e-36	1.4632e-14	0.00e+00	0.00e+00	1.1704e+02
1.92748e+16	5.0257e+03	5.760e-19	1.6681e+03	1.4617e+02	4.1879e-07	9.3258e-01	6.7423e-02	7.7851e-01	2.1281e-01	8.6753e-03	6.1046e-09	7.8448e-03	9.7763e-01	1.4524e-02	5.2596e-07	9.4615e-01	5.3842e-02	8.0599e-06	1.1755e-36	1.1755e-36	1.1755e-36	1.7518e-14	0.00e+00	0.00e+00	1.1864e+02
1.94365e+16	4.9564e+03	5.621e-19	1.6681e+03	1.4381e+02	4.6688e-07	9.3362e-01	6.6377e-02	7.8256e-01	2.0903e-01	8.4088e-03	6.6986e-09	7.7483e-03	9.7798e-01	1.4270e-02	5.2209e-07	9.4703e-01	5.2965e-02	7.8026e-06	1.1755e-36	1.1755e-36	1.1755e-36	2.0701e-14	0.00e+00	0.00e+00	1.2022e+02
1.95944e+16	4.8842e+03	5.491e-19	1.6681e+03	1.4151e+02	5.2357e-07	9.3463e-01	6.5366e-02	7.8644e-01	2.0541e-01	8.1543e-03	7.3446e-09	7.6564e-03	9.7834e-01	1.4002e-02	5.1839e-07	9.4788e-01	5.2115e-02	7.5667e-06	1.1755e-36	1.1755e-36	1.1755e-36	2.4414e-14	0.00e+00	0.00e+00	1.2175e+02
1.97440e+16	4.8237e+03	5.374e-19	1.6681e+03	1.3946e+02	5.7781e-07	9.3548e-01	6.4515e-02	7.8988e-01	2.0219e-01	7.9319e-03	7.9614e-09	7.5721e-03	9.7866e-01	1.3765e-02	5.1512e-07	9.4859e-01	5.1401e-02	7.3608e-06	1.1755e-36	1.1755e-36	1.1755e-36	2.8181e-14	0.00e+00	0.00e+00	1.2317e+02
1.98924e+16	4.7513e+03	5.260e-19	1.6681e+03	1.3755e+02	6.5087e-07	9.3640e-01	6.3603e-02	7.9366e-01	1.9866e-01	7.6811e-03	8.7646e-09	7.5003e-03	9.7899e-01	1.3511e-02	5.1198e-07	9.4936e-01	5.0632e-02	7.1617e-06	1.1755e-36	1.1755e-36	1.1755e-36	3.3521e-14	0.00e+00	0.00e+00	1.2468e+02
2.00372e+16	4.6982e+03	5.153e-19	1.6681e+03	1.3556e+02	7.1267e-07	9.3716e-01	6.2838e-02	7.9659e-01	1.9591e-01	7.4982e-03	9.4487e-09	7.4168e-03	9.7928e-01	1.3307e-02	5.0919e-07	9.5000e-01	4.9989e-02	6.9807e-06	1.1755e-36	1.1755e-36	1.1755e-36	3.8360e-14	0.00e+00	0.00e+00	1.2602e+02
2.01840e+16	4.6332e+03	5.047e-19	1.6681e+03	1.3379e+02	7.9690e-07	9.3797e-01	6.2029e-02	8.0009e-01	1.9264e-01	7.2704e-03	1.0358e-08	7.3493e-03	9.7958e-01	1.3073e-02	5.0636e-07	9.5068e-01	4.9308e-02	6.8033e-06	1.1755e-36	1.1755e-36	1.1755e-36	4.5269e-14	0.00e+00	0.00e+00	1.2757e+02
2.03370e+16	4.5650e+03	4.939e-19	1.6681e+03	1.3173e+02	8.9951e-07	9.3897e-01	6.1033e-02	8.0326e-01	1.8967e-01	7.0708e-03	1.1444e-08	7.2681e-03	9.7987e-01	1.2857e-02	5.0373e-07	9.5152e-01	4.8474e-02	6.6134e-06	1.1755e-36	1.1755e-36	1.1755e-36	5.4442e-14	0.00e+00	0.00e+00	1.2905e+02
2.04766e+16	4.5106e+03	4.846e-19	1.6681e+03	1.2999e+02	9.9237e-07	9.3969e-01	6.0312e-02	8.0598e-01	1.8712e-01	6.9015e-03	1.2416e-08	7.1979e-03	9.8013e-01	1.2674e-02	5.0151e-07	9.5212e-01	4.7869e-02	6.4623e-06	1.1755e-36	1.1755e-36	1.1755e-36	6.3185e-14	0.00e+00	0.00e+00	1.3034e+02
2.06115e+16	4.4464e+03	4.759e-19	1.6681e+03	1.2849e+02	1.1149e-06	9.4040e-01	5.9595e-02	8.0907e-01	1.8422e-01	6.7021e-03	1.3659e-08	7.1455e-03	9.8038e-01	1.2474e-02	4.9941e-07	9.5273e-01	4.7262e-02	6.3226e-06	1.1755e-36	1.1755e-36	1.1755e-36	7.5274e-14	0.00e+00	0.00e+00	1.3172e+02
2.07446e+16	4.3959e+03	4.675e-19	1.6681e+03	1.2689e+02	1.2255e-06	9.4104e-01	5.8956e-02	8.1154e-01	1.8191e-01	6.5512e-03	1.4780e-08	7.0813e-03	9.8061e-01	1.2309e-02	4.9750e-07	9.5327e-01	4.6725e-02	6.1913e-06	1.1755e-36	1.1755e-36	1.1755e-36	8.6983e-14	0.00e+00	0.00e+00	1.3297e+02
2.08783e+16	4.3393e+03	4.593e-19	1.6681e+03	1.2542e+02	1.3639e-06	9.4169e-01	5.8308e-02	8.1431e-01	1.7931e-01	6.3775e-03	1.6158e-08	7.0276e-03	9.8085e-01	1.2127e-02	4.9560e-07	9.5382e-01	4.6177e-02	6.0633e-06	1.1755e-36	1.1755e-36	1.1755e-36	1.0242e-13	0.00e+00	0.00e+00	1.3437e+02
2.10178e+16	4.2745e+03	4.506e-19	1.6681e+03	1.2340e+02	1.5433e-06	9.4235e-01	5.7651e-02	8.1660e-01	1.7716e-01	6.2413e-03	1.7827e-08	6.9466e-03	9.8109e-01	1.1966e-02	4.9402e-07	9.5438e-01	4.5618e-02	5.9409e-06	1.1755e-36	1.1755e-36	1.1755e-36	1.2335e-13	0.00e+00	0.00e+00	1.3574e+02
2.11466e+16	4.2251e+03	4.433e-19	1.6681e+03	1.2219e+02	1.7044e-06	9.4312e-01	5.6881e-02	8.1913e-01	1.7478e-01	6.0850e-03	1.9439e-08	6.9045e-03	9.8129e-01	1.1807e-02	4.9233e-07	9.5502e-01	4.4977e-02	5.8120e-06	1.1755e-36	1.1755e-36	1.1755e-36	1.4469e-13	0.00e+00	0.00e+00	1.3693e+02
2.12692e+16	4.1766e+03	4.364e-19	1.6681e+03	1.2102e+02	1.8774e-06	9.4367e-01	5.6331e-02	8.2157e-01	1.7250e-01	5.9351e-03	2.1101e-08	6.8643e-03	9.8148e-01	1.1652e-02	4.9082e-07	9.5548e-01	4.4513e-02	5.7082e-06	1.1755e-36	1.1755e-36	1.1755e-36	1.6812e-13	0.00e+00	0.00e+00	1.3818e+02
2.14006e+16	4.1229e+03	4.290e-19	1.6681e+03	1.1958e+02	2.0931e-06	9.4431e-01	5.5688e-02	8.2394e-01	1.7027e-01	5.7921e-03	2.3123e-08	6.8120e-03	9.8169e-01	1.1496e-02	4.8933e-07	9.5602e-01	4.3972e-02	5.5956e-06	1.1755e-36	1.1755e-36	1.1755e-36	1.9929e-13	0.00e+00	0.00e+00	1.3954e+02
2.15354e+16	4.0621e+03	4.214e-19	1.6681e+03	1.1770e+02	2.3686e-06	9.4495e-01	5.5048e-02	8.2591e-01	1.6841e-01	5.6798e-03	2.5553e-08	6.7379e-03	9.8190e-01	1.1358e-02	4.8813e-07	9.5656e-01	4.3429e-02	5.4891e-06	1.1755e-36	1.1755e-36	1.1755e-36	2.4108e-13	0.00e+00	0.00e+00	1.4086e+02
2.16588e+16	4.0166e+03	4.148e-19	1.6681e+03	1.1662e+02	2.6130e-06	9.4576e-01	5.4234e-02	8.2825e-01	1.6621e-01	5.5423e-03	2.7912e-08	6.7028e-03	9.8208e-01	1.1217e-02	4.8671e-07	9.5724e-01	4.2756e-02	5.3686e-06	1.1755e-36	1.1755e-36	1.1755e-36	2.8391e-13	0.00e+00	0.00e+00	1.4200e+02
2.17768e+16	3.9723e+03	4.081e-19	1.6681e+03	1.1517e+02	2.8711e-06	9.4635e-01	5.3643e-02	8.3020e-01	1.6437e-01	5.4388e-03	3.0268e-08	6.6464e-03	9.8226e-01	1.1089e-02	4.8552e-07	9.5773e-01	4.2260e-02	5.2676e-06	1.1755e-36	1.1755e-36	1.1755e-36	3.2998e-13	0.00e+00	0.00e+00	1.4321e+02
###########################
9.23552e+11	8.6955e+03	1.288e-17	1.6681e+03	1.7001e+03	7.8409e-12	7.7384e-02	9.2262e-01	7.4288e-02	8.2997e-01	9.5738e-02	5.0775e-13	1.6123e-02	6.0514e-01	3.7804e-01	6.9739e-04	8.6847e-02	8.4267e-01	7.0263e-02	2.1486e-04	6.7342e-07	1.1755e-36	1.7806e-20	0.00e+00	0.00e+00	1.5057e-03
5.54131e+12	8.6847e+03	1.280e-17	1.6681e+03	1.6900e+03	7.7925e-12	7.6865e-02	9.2313e-01	7.3893e-02	8.2988e-01	9.6225e-02	4.9676e-13	1.5954e-02	6.0401e-01	3.7933e-01	7.0498e-04	8.6226e-02	8.4272e-01	7.0831e-02	2.1791e-04	6.8507e-07	1.1755e-36	1.7232e-20	0.00e+00	0.00e+00	7.4881e-03
2.40123e+13	8.6728e+03	1.272e-17	1.6681e+03	1.6878e+03	7.7863e-12	7.6558e-02	9.2344e-01	7.3910e-02	8.2989e-01	9.6204e-02	4.9180e-13	1.5898e-02	6.0409e-01	3.7930e-01	7.0713e-04	8.5858e-02	8.4269e-01	7.1231e-02	2.1935e-04	6.8991e-07	1.1755e-36	1.6953e-20	0.00e+00	0.00e+00	3.1322e-02
9.78965e+13	8.6364e+03	1.257e-17	1.6681e+03	1.6875e+03	7.9563e-12	7.6494e-02	9.2351e-01	7.4379e-02	8.3010e-01	9.5517e-02	4.9176e-13	1.5954e-02	6.0543e-01	3.7791e-01	7.0186e-04	8.5763e-02	8.4224e-01	7.1776e-02	2.1864e-04	6.8830e-07	1.1755e-36	1.6864e-20	0.00e+00	0.00e+00	1.2658e-01
2.33843e+14	8.5010e+03	1.207e-17	1.6681e+03	1.6914e+03	7.8702e-12	7.3256e-02	9.2674e-01	7.4800e-02	8.3036e-01	9.4843e-02	4.4754e-13	1.5654e-02	6.0670e-01	3.7691e-01	7.2754e-04	8.1786e-02	8.4102e-01	7.6958e-02	2.4026e-04	7.4815e-07	1.1755e-36	1.4513e-20	0.00e+00	0.00e+00	2.4517e-01
4.10574e+14	8.3899e+03	1.170e-17	1.6681e+03	1.6947e+03	8.0725e-12	7.1828e-02	9.2817e-01	7.5689e-02	8.3051e-01	9.3805e-02	4.3047e-13	1.5614e-02	6.0945e-01	3.7420e-01	7.3170e-04	8.0055e-02	8.4027e-01	7.9431e-02	2.4722e-04	7.6567e-07	1.1755e-36	1.3527e-20	0.00e+00	0.00e+00	3.9633e-01
6.40324e+14	8.2985e+03	1.141e-17	1.6681e+03	1.6945e+03	8.5672e-12	7.1852e-02	9.2815e-01	7.6837e-02	8.3065e-01	9.2512e-02	4.3264e-13	1.5777e-02	6.1289e-01	3.7061e-01	7.1769e-04	8.0097e-02	8.3977e-01	7.9894e-02	2.4155e-04	7.4941e-07	1.1755e-36	1.3442e-20	0.00e+00	0.00e+00	5.9291e-01
9.38999e+14	8.2404e+03	1.120e-17	1.6681e+03	1.6914e+03	9.4070e-12	7.3657e-02	9.2634e-01	7.8330e-02	8.3081e-01	9.0855e-02	4.5916e-13	1.6200e-02	6.1727e-01	3.6584e-01	6.8220e-04	8.2306e-02	8.3955e-01	7.7925e-02	2.2156e-04	6.9538e-07	1.1755e-36	1.4477e-20	0.00e+00	0.00e+00	8.5489e-01
1.30021e+15	8.2094e+03	1.109e-17	1.6681e+03	1.6855e+03	1.0746e-11	7.7481e-02	9.2252e-01	8.0175e-02	8.3087e-01	8.8955e-02	5.1613e-13	1.6896e-02	6.2254e-01	3.5994e-01	6.2831e-04	8.6961e-02	8.3920e-01	7.3646e-02	1.9076e-04	6.1249e-07	1.1755e-36	1.6980e-20	0.00e+00	0.00e+00	1.1689e+00
1.67549e+15	8.2238e+03	1.109e-17	1.6681e+03	1.6750e+03	1.2472e-11	8.3175e-02	9.1683e-01	8.2096e-02	8.3061e-01	8.7299e-02	6.0591e-13	1.7793e-02	6.2783e-01	3.5381e-01	5.6627e-04	9.3886e-02	8.3838e-01	6.7578e-02	1.5626e-04	5.1925e-07	1.1755e-36	2.1294e-20	0.00e+00	0.00e+00	1.4894e+00
2.07451e+15	8.2730e+03	1.122e-17	1.6681e+03	1.6610e+03	1.5210e-11	9.2191e-02	9.0781e-01	8.4814e-02	8.3019e-01	8.5000e-02	7.6615e-13	1.9092e-02	6.3494e-01	3.4548e-01	4.8824e-04	1.0480e-01	8.3568e-01	5.9393e-02	1.1817e-04	4.1321e-07	1.1755e-36	2.9789e-20	0.00e+00	0.00e+00	1.9092e+00
2.53948e+15	8.3666e+03	1.141e-17	1.6681e+03	1.6351e+03	1.9527e-11	1.0571e-01	8.9429e-01	8.8561e-02	8.2894e-01	8.2496e-02	1.0441e-12	2.0811e-02	6.4381e-01	3.3498e-01	4.0124e-04	1.2112e-01	8.2939e-01	4.9409e-02	8.1092e-05	3.0578e-07	1.1755e-36	4.6504e-20	0.00e+00	0.00e+00	2.4634e+00
3.06807e+15	8.4972e+03	1.170e-17	1.6681e+03	1.6005e+03	2.7006e-11	1.2629e-01	8.7371e-01	9.3525e-02	8.2680e-01	7.9674e-02	1.5658e-12	2.3062e-02	6.5547e-01	3.2116e-01	3.1022e-04	1.4572e-01	8.1571e-01	3.8519e-02	4.9650e-05	2.0752e-07	1.1755e-36	8.3698e-20	0.00e+00	0.00e+00	3.2077e+00
3.61073e+15	8.6590e+03	1.199e-17	1.6681e+03	1.5513e+03	3.8990e-11	1.5430e-01	8.4570e-01	9.9461e-02	8.2335e-01	7.7190e-02	2.4705e-12	2.5467e-02	6.6824e-01	3.0606e-01	2.3170e-04	1.7877e-01	7.9253e-01	2.8671e-02	2.8352e-05	1.3399e-07	1.1755e-36	1.6320e-19	0.00e+00	0.00e+00	4.0624e+00
4.08709e+15	8.8030e+03	1.219e-17	1.6681e+03	1.4966e+03	5.5958e-11	1.8619e-01	8.1381e-01	1.0577e-01	8.1904e-01	7.5191e-02	3.8064e-12	2.7562e-02	6.8102e-01	2.9124e-01	1.7494e-04	2.1581e-01	7.6279e-01	2.1382e-02	1.6567e-05	1.1755e-36	1.1755e-36	3.0858e-19	0.00e+00	0.00e+00	4.8996e+00
4.48119e+15	8.9047e+03	1.223e-17	1.6681e+03	1.4431e+03	7.7227e-11	2.1770e-01	7.8230e-01	1.1204e-01	8.1442e-01	7.3537e-02	5.4905e-12	2.9152e-02	6.9318e-01	2.7753e-01	1.3687e-04	2.5186e-01	7.3165e-01	1.6472e-02	1.0416e-05	1.1755e-36	1.1755e-36	5.3005e-19	0.00e+00	0.00e+00	5.7282e+00
4.82198e+15	8.9725e+03	1.213e-17	1.6681e+03	1.3912e+03	1.0318e-10	2.4829e-01	7.5171e-01	1.1847e-01	8.0954e-01	7.1992e-02	7.5168e-12	3.0335e-02	7.0476e-01	2.6480e-01	1.1012e-04	2.8634e-01	7.0061e-01	1.3039e-02	6.9439e-06	1.1755e-36	1.1755e-36	8.4337e-19	0.00e+00	0.00e+00	6.5657e+00
5.15370e+15	9.0164e+03	1.192e-17	1.6681e+03	1.3362e+03	1.3756e-10	2.8045e-01	7.1955e-01	1.2568e-01	8.0392e-01	7.0394e-02	1.0126e-11	3.1273e-02	7.1702e-01	2.5162e-01	8.8849e-05	3.2207e-01	6.6759e-01	1.0339e-02	4.6858e-06	1.1755e-36	1.1755e-36	1.3099e-18	0.00e+00	0.00e+00	7.5796e+00
5.49222e+15	9.0451e+03	1.159e-17	1.6681e+03	1.2767e+03	1.8469e-10	3.1549e-01	6.8451e-01	1.3387e-01	7.9731e-01	6.8812e-02	1.3601e-11	3.1942e-02	7.3002e-01	2.3797e-01	7.1438e-05	3.6038e-01	6.3148e-01	8.1352e-03	3.1539e-06	1.1755e-36	1.1755e-36	2.0290e-18	0.00e+00	0.00e+00	8.6889e+00
5.80218e+15	9.0610e+03	1.120e-17	1.6681e+03	1.2187e+03	2.4126e-10	3.4910e-01	6.5090e-01	1.4202e-01	7.9044e-01	6.7544e-02	1.7640e-11	3.2265e-02	7.4224e-01	2.2544e-01	5.8606e-05	3.9656e-01	5.9692e-01	6.5151e-03	2.2083e-06	1.1755e-36	1.1755e-36	2.9882e-18	0.00e+00	0.00e+00	9.7409e+00
6.06557e+15	9.0619e+03	1.082e-17	1.6681e+03	1.1688e+03	3.0222e-10	3.7833e-01	6.2167e-01	1.4965e-01	7.8392e-01	6.6433e-02	2.1829e-11	3.2353e-02	7.5294e-01	2.1466e-01	4.9586e-05	4.2757e-01	5.6704e-01	5.3920e-03	1.6421e-06	1.1755e-36	1.1755e-36	4.1048e-18	0.00e+00	0.00e+00	1.0700e+01
6.29853e+15	9.0560e+03	1.044e-17	1.6681e+03	1.1245e+03	3.6690e-10	4.0416e-01	5.9584e-01	1.5699e-01	7.7762e-01	6.5396e-02	2.6139e-11	3.2299e-02	7.6259e-01	2.0507e-01	4.2818e-05	4.5463e-01	5.4080e-01	4.5640e-03	1.2720e-06	1.1755e-36	1.1755e-36	5.3676e-18	0.00e+00	0.00e+00	1.1659e+01
6.52547e+15	9.0412e+03	1.005e-17	1.6681e+03	1.0819e+03	4.4238e-10	4.2934e-01	5.7066e-01	1.6474e-01	7.7093e-01	6.4333e-02	3.0999e-11	3.2154e-02	7.7217e-01	1.9564e-01	3.7118e-05	4.8072e-01	5.1540e-01	3.8784e-03	9.9656e-07	1.1755e-36	1.1755e-36	6.9154e-18	0.00e+00	0.00e+00	1.2693e+01
6.75604e+15	9.0284e+03	9.626e-18	1.6681e+03	1.0383e+03	5.2928e-10	4.5426e-01	5.4574e-01	1.7286e-01	7.6386e-01	6.3285e-02	3.6472e-11	3.1855e-02	7.8166e-01	1.8646e-01	3.2222e-05	5.0625e-01	4.9046e-01	3.2954e-03	7.8471e-07	1.1755e-36	1.1755e-36	8.8073e-18	0.00e+00	0.00e+00	1.3805e+01
6.98291e+15	9.0047e+03	9.213e-18	1.6681e+03	9.9676e+02	6.3154e-10	4.7866e-01	5.2134e-01	1.8141e-01	7.5638e-01	6.2208e-02	4.2650e-11	3.1497e-02	7.9100e-01	1.7748e-01	2.8056e-05	5.3096e-01	4.6623e-01	2.8073e-03	6.2366e-07	1.1755e-36	1.1755e-36	1.1113e-17	0.00e+00	0.00e+00	1.4921e+01
7.19984e+15	8.9792e+03	8.815e-18	1.6681e+03	9.5889e+02	7.4388e-10	5.0149e-01	4.9851e-01	1.9019e-01	7.4871e-01	6.1098e-02	4.9321e-11	3.1109e-02	7.9992e-01	1.6894e-01	2.4590e-05	5.5385e-01	4.4374e-01	2.4091e-03	5.0355e-07	1.1755e-36	1.1755e-36	1.3789e-17	0.00e+00	0.00e+00	1.6044e+01
7.41379e+15	8.9537e+03	8.415e-18	1.6681e+03	9.2149e+02	8.6634e-10	5.2287e-01	4.7713e-01	1.9906e-01	7.4090e-01	6.0044e-02	5.6341e-11	3.0628e-02	8.0844e-01	1.6091e-01	2.1660e-05	5.7507e-01	4.2286e-01	2.0782e-03	4.1144e-07	1.1755e-36	1.1755e-36	1.6780e-17	0.00e+00	0.00e+00	1.7230e+01
7.62757e+15	8.9254e+03	8.023e-18	1.6681e+03	8.8548e+02	1.0037e-09	5.4346e-01	4.5654e-01	2.0827e-01	7.3277e-01	5.8961e-02	6.3999e-11	3.0103e-02	8.1673e-01	1.5315e-01	1.9117e-05	5.9532e-01	4.0288e-01	1.7959e-03	3.3860e-07	1.1755e-36	1.1755e-36	2.0240e-17	0.00e+00	0.00e+00	1.8444e+01
7.80050e+15	8.9133e+03	7.716e-18	1.6681e+03	8.5688e+02	1.1140e-09	5.5872e-01	4.4128e-01	2.1520e-01	7.2653e-01	5.8273e-02	7.0135e-11	2.9593e-02	8.2278e-01	1.4761e-01	1.7416e-05	6.1021e-01	3.8819e-01	1.6058e-03	2.9269e-07	1.1755e-36	1.1755e-36	2.3164e-17	0.00e+00	0.00e+00	1.9231e+01
7.92314e+15	8.8839e+03	7.512e-18	1.6681e+03	8.3933e+02	1.2102e-09	5.6942e-01	4.3058e-01	2.2107e-01	7.2141e-01	5.7513e-02	7.5088e-11	2.9326e-02	8.2740e-01	1.4326e-01	1.6246e-05	6.2059e-01	3.7793e-01	1.4843e-03	2.6446e-07	1.1755e-36	1.1755e-36	2.5564e-17	0.00e+00	0.00e+00	1.9900e+01
8.04456e+15	8.8571e+03	7.301e-18	1.6681e+03	8.2192e+02	1.3108e-09	5.7986e-01	4.2014e-01	2.2729e-01	7.1602e-01	5.6691e-02	8.0306e-11	2.9054e-02	8.3207e-01	1.3886e-01	1.5130e-05	6.3068e-01	3.6795e-01	1.3699e-03	2.3894e-07	1.1755e-36	1.1755e-36	2.8149e-17	0.00e+00	0.00e+00	2.0702e+01
8.18854e+15	8.8331e+03	7.045e-18	1.6681e+03	8.0001e+02	1.4309e-09	5.9171e-01	4.0829e-01	2.3440e-01	7.0980e-01	5.5803e-02	8.6443e-11	2.8649e-02	8.3737e-01	1.3397e-01	1.3934e-05	6.4208e-01	3.5668e-01	1.2456e-03	2.1241e-07	1.1755e-36	1.1755e-36	3.1261e-17	0.00e+00	0.00e+00	2.1679e+01
8.34917e+15	8.8042e+03	6.776e-18	1.6681e+03	7.7701e+02	1.5781e-09	6.0485e-01	3.9515e-01	2.4242e-01	7.0275e-01	5.4833e-02	9.3905e-11	2.8208e-02	8.4302e-01	1.2876e-01	1.2730e-05	6.5463e-01	3.4424e-01	1.1214e-03	1.8689e-07	1.1755e-36	1.1755e-36	3.5215e-17	0.00e+00	0.00e+00	2.2727e+01
8.50871e+15	8.7747e+03	6.518e-18	1.6681e+03	7.5466e+02	1.7346e-09	6.1739e-01	3.8261e-01	2.5036e-01	6.9572e-01	5.3914e-02	1.0163e-10	2.7749e-02	8.4839e-01	1.2385e-01	1.1661e-05	6.6656e-01	3.3242e-01	1.0119e-03	1.6534e-07	1.1755e-36	1.1755e-36	3.9441e-17	0.00e+00	0.00e+00	2.3732e+01
8.66117e+15	8.7441e+03	6.278e-18	1.6681e+03	7.3404e+02	1.8953e-09	6.2888e-01	3.7112e-01	2.5819e-01	6.8880e-01	5.3005e-02	1.0934e-10	2.7309e-02	8.5340e-01	1.1928e-01	1.0730e-05	6.7743e-01	3.2166e-01	9.1827e-04	1.4763e-07	1.1755e-36	1.1755e-36	4.3758e-17	0.00e+00	0.00e+00	2.4728e+01
8.81505e+15	8.7112e+03	6.042e-18	1.6681e+03	7.1393e+02	2.0705e-09	6.4012e-01	3.5988e-01	2.6638e-01	6.8158e-01	5.2046e-02	1.1758e-10	2.6868e-02	8.5837e-01	1.1476e-01	9.8640e-06	6.8801e-01	3.1116e-01	8.3268e-04	1.3202e-07	1.1755e-36	1.1755e-36	4.8483e-17	0.00e+00	0.00e+00	2.5789e+01
8.97693e+15	8.6761e+03	5.801e-18	1.6681e+03	6.9337e+02	2.2691e-09	6.5165e-01	3.4835e-01	2.7513e-01	6.7384e-01	5.1036e-02	1.2677e-10	2.6399e-02	8.6343e-01	1.1016e-01	9.0336e-06	6.9881e-01	3.0044e-01	7.5133e-04	1.1755e-36	1.1755e-36	1.1755e-36	5.3903e-17	0.00e+00	0.00e+00	2.6931e+01
9.14466e+15	8.6391e+03	5.560e-18	1.6681e+03	6.7261e+02	2.4906e-09	6.6322e-01	3.3678e-01	2.8425e-01	6.6574e-01	5.0008e-02	1.3681e-10	2.5904e-02	8.6847e-01	1.0562e-01	8.2576e-06	7.0959e-01	2.8974e-01	6.7587e-04	1.1755e-36	1.1755e-36	1.1755e-36	5.9988e-17	0.00e+00	0.00e+00	2.8112e+01
9.31367e+15	8.6012e+03	5.325e-18	1.6681e+03	6.5234e+02	2.7296e-09	6.7442e-01	3.2558e-01	2.9355e-01	6.5747e-01	4.8978e-02	1.4739e-10	2.5401e-02	8.7335e-01	1.0124e-01	7.5523e-06	7.1997e-01	2.7943e-01	6.0812e-04	1.1755e-36	1.1755e-36	1.1755e-36	6.6567e-17	0.00e+00	0.00e+00	2.9312e+01
9.48375e+15	8.5624e+03	5.098e-18	1.6681e+03	6.3269e+02	2.9873e-09	6.8524e-01	3.1476e-01	3.0308e-01	6.4899e-01	4.7930e-02	1.5860e-10	2.4899e-02	8.7811e-01	9.6989e-02	6.9087e-06	7.2995e-01	2.6950e-01	5.4723e-04	1.1755e-36	1.1755e-36	1.1755e-36	7.3683e-17	0.00e+00	0.00e+00	3.0548e+01
9.65770e+15	8.5219e+03	4.875e-18	1.6681e+03	6.1330e+02	3.2711e-09	6.9591e-01	3.0409e-01	3.1301e-01	6.4014e-01	4.6850e-02	1.7071e-10	2.4389e-02	8.8280e-01	9.2808e-02	6.3119e-06	7.3975e-01	2.5975e-01	4.9152e-04	1.1755e-36	1.1755e-36	1.1755e-36	8.1552e-17	0.00e+00	0.00e+00	3.1843e+01
9.83660e+15	8.4786e+03	4.654e-18	1.6681e+03	5.9398e+02	3.5877e-09	7.0653e-01	2.9347e-01	3.2333e-01	6.3092e-01	4.5745e-02	1.8391e-10	2.3866e-02	8.8743e-01	8.8696e-02	5.7579e-06	7.4946e-01	2.5010e-01	4.4037e-04	1.1755e-36	1.1755e-36	1.1755e-36	9.0330e-17	0.00e+00	0.00e+00	3.3191e+01
1.00188e+16	8.4326e+03	4.439e-18	1.6681e+03	5.7493e+02	3.9386e-09	7.1695e-01	2.8305e-01	3.3394e-01	6.2143e-01	4.4628e-02	1.9812e-10	2.3334e-02	8.9196e-01	8.4700e-02	5.2504e-06	7.5894e-01	2.4066e-01	3.9408e-04	1.1755e-36	1.1755e-36	1.1755e-36	9.9985e-17	0.00e+00	0.00e+00	3.4575e+01
1.02030e+16	8.3850e+03	4.231e-18	1.6681e+03	5.5633e+02	4.3213e-09	7.2704e-01	2.7296e-01	3.4477e-01	6.1172e-01	4.3507e-02	2.1322e-10	2.2801e-02	8.9634e-01	8.0849e-02	4.7894e-06	7.6808e-01	2.3157e-01	3.5259e-04	1.1755e-36	1.1755e-36	1.1755e-36	1.1044e-16	0.00e+00	0.00e+00	3.5992e+01
1.03900e+16	8.3362e+03	4.030e-18	1.6681e+03	5.3813e+02	4.7397e-09	7.3685e-01	2.6315e-01	3.5588e-01	6.0174e-01	4.2374e-02	2.2939e-10	2.2268e-02	9.0061e-01	7.7117e-02	4.3681e-06	7.7693e-01	2.2276e-01	3.1521e-04	1.1755e-36	1.1755e-36	1.1755e-36	1.2185e-16	0.00e+00	0.00e+00	3.7458e+01
1.05812e+16	8.2857e+03	3.833e-18	1.6681e+03	5.2020e+02	5.2026e-09	7.4650e-01	2.5350e-01	3.6735e-01	5.9143e-01	4.1226e-02	2.4692e-10	2.1729e-02	9.0479e-01	7.3482e-02	3.9810e-06	7.8560e-01	2.1412e-01	2.8129e-04	1.1755e-36	1.1755e-36	1.1755e-36	1.3447e-16	0.00e+00	0.00e+00	3.8980e+01
1.07765e+16	8.2330e+03	3.642e-18	1.6681e+03	5.0253e+02	5.7162e-09	7.5598e-01	2.4402e-01	3.7911e-01	5.8082e-01	4.0070e-02	2.6592e-10	2.1185e-02	9.0885e-01	6.9958e-02	3.6269e-06	7.9408e-01	2.0567e-01	2.5062e-04	1.1755e-36	1.1755e-36	1.1755e-36	1.4840e-16	0.00e+00	0.00e+00	4.0548e+01
1.09745e+16	8.1779e+03	3.459e-18	1.6681e+03	4.8527e+02	6.2835e-09	7.6517e-01	2.3483e-01	3.9105e-01	5.7003e-01	3.8916e-02	2.8623e-10	2.0641e-02	9.1278e-01	6.6578e-02	3.3065e-06	8.0227e-01	1.9751e-01	2.2326e-04	1.1755e-36	1.1755e-36	1.1755e-36	1.6357e-16	0.00e+00	0.00e+00	4.2152e+01
1.11751e+16	8.1207e+03	3.282e-18	1.6681e+03	4.6841e+02	6.9097e-09	7.7409e-01	2.2591e-01	4.0323e-01	5.5901e-01	3.7761e-02	3.0805e-10	2.0100e-02	9.1657e-01	6.3324e-02	3.0160e-06	8.1018e-01	1.8962e-01	1.9877e-04	1.1755e-36	1.1755e-36	1.1755e-36	1.8013e-16	0.00e+00	0.00e+00	4.3801e+01
1.13793e+16	8.0614e+03	3.111e-18	1.6681e+03	4.5192e+02	7.6055e-09	7.8279e-01	2.1721e-01	4.1569e-01	5.4771e-01	3.6600e-02	3.3166e-10	1.9559e-02	9.2025e-01	6.0184e-02	2.7518e-06	8.1788e-01	1.8195e-01	1.7678e-04	1.1755e-36	1.1755e-36	1.1755e-36	1.9836e-16	0.00e+00	0.00e+00	4.5500e+01
1.15870e+16	7.9997e+03	2.947e-18	1.6681e+03	4.3578e+02	8.3795e-09	7.9127e-01	2.0873e-01	4.2836e-01	5.3620e-01	3.5442e-02	3.5719e-10	1.9020e-02	9.2381e-01	5.7167e-02	2.5123e-06	8.2535e-01	1.7449e-01	1.5709e-04	1.1755e-36	1.1755e-36	1.1755e-36	2.1842e-16	0.00e+00	0.00e+00	4.7245e+01
1.17978e+16	7.9362e+03	2.790e-18	1.6681e+03	4.2004e+02	9.2376e-09	7.9949e-01	2.0051e-01	4.4119e-01	5.2452e-01	3.4291e-02	3.8467e-10	1.8485e-02	9.2723e-01	5.4280e-02	2.2961e-06	8.3256e-01	1.6730e-01	1.3955e-04	1.1755e-36	1.1755e-36	1.1755e-36	2.4039e-16	0.00e+00	0.00e+00	4.9032e+01
1.20116e+16	7.8704e+03	2.640e-18	1.6681e+03	4.0475e+02	1.0191e-08	8.0744e-01	1.9256e-01	4.5419e-01	5.1267e-01	3.3144e-02	4.1428e-10	1.7957e-02	9.3052e-01	5.1518e-02	2.1012e-06	8.3951e-01	1.6036e-01	1.2394e-04	1.1755e-36	1.1755e-36	1.1755e-36	2.6445e-16	0.00e+00	0.00e+00	5.0864e+01
1.22291e+16	7.8022e+03	2.496e-18	1.6681e+03	3.8983e+02	1.1257e-08	8.1515e-01	1.8485e-01	4.6736e-01	5.0064e-01	3.2001e-02	4.4634e-10	1.7432e-02	9.3369e-01	4.8874e-02	1.9252e-06	8.4624e-01	1.5365e-01	1.1003e-04	1.1755e-36	1.1755e-36	1.1755e-36	2.9096e-16	0.00e+00	0.00e+00	5.2748e+01
1.24504e+16	7.7313e+03	2.358e-18	1.6681e+03	3.7527e+02	1.2453e-08	8.2264e-01	1.7736e-01	4.8068e-01	4.8846e-01	3.0867e-02	4.8110e-10	1.6913e-02	9.3674e-01	4.6346e-02	1.7664e-06	8.5274e-01	1.4716e-01	9.7635e-05	1.1755e-36	1.1755e-36	1.1755e-36	3.2025e-16	0.00e+00	0.00e+00	5.4683e+01
1.26754e+16	7.6577e+03	2.227e-18	1.6681e+03	3.6110e+02	1.3796e-08	8.2988e-01	1.7012e-01	4.9409e-01	4.7616e-01	2.9743e-02	5.1871e-10	1.6400e-02	9.3966e-01	4.3938e-02	1.6238e-06	8.5902e-01	1.4090e-01	8.6633e-05	1.1755e-36	1.1755e-36	1.1755e-36	3.5254e-16	0.00e+00	0.00e+00	5.6664e+01
1.29040e+16	7.5816e+03	2.101e-18	1.6681e+03	3.4735e+02	1.5303e-08	8.3686e-01	1.6314e-01	5.0758e-01	4.6379e-01	2.8631e-02	5.5938e-10	1.5895e-02	9.4246e-01	4.1648e-02	1.4958e-06	8.6504e-01	1.3488e-01	7.6888e-05	1.1755e-36	1.1755e-36	1.1755e-36	3.8816e-16	0.00e+00	0.00e+00	5.8695e+01
1.31356e+16	7.5033e+03	1.983e-18	1.6681e+03	3.3406e+02	1.6994e-08	8.4357e-01	1.5643e-01	5.2107e-01	4.5139e-01	2.7536e-02	6.0328e-10	1.5400e-02	9.4512e-01	3.9480e-02	1.3814e-06	8.7082e-01	1.2911e-01	6.8285e-05	1.1755e-36	1.1755e-36	1.1755e-36	4.2745e-16	0.00e+00	0.00e+00	6.0764e+01
1.33690e+16	7.4223e+03	1.871e-18	1.6681e+03	3.2133e+02	1.8896e-08	8.4997e-01	1.5003e-01	5.3450e-01	4.3904e-01	2.6459e-02	6.5059e-10	1.4920e-02	9.4764e-01	3.7439e-02	1.2798e-06	8.7632e-01	1.2362e-01	6.0738e-05	1.1755e-36	1.1755e-36	1.1755e-36	4.7080e-16	0.00e+00	0.00e+00	6.2858e+01
1.36022e+16	7.3387e+03	1.768e-18	1.6681e+03	3.0927e+02	2.1026e-08	8.5602e-01	1.4398e-01	5.4776e-01	4.2684e-01	2.5406e-02	7.0122e-10	1.4462e-02	9.5000e-01	3.5533e-02	1.1903e-06	8.8150e-01	1.1844e-01	5.4174e-05	1.1755e-36	1.1755e-36	1.1755e-36	5.1840e-16	0.00e+00	0.00e+00	6.4954e+01
1.38332e+16	7.2549e+03	1.672e-18	1.6681e+03	2.9777e+02	2.3360e-08	8.6157e-01	1.3843e-01	5.6052e-01	4.1507e-01	2.4410e-02	7.5340e-10	1.4021e-02	9.5219e-01	3.3784e-02	1.1124e-06	8.8625e-01	1.1370e-01	4.8548e-05	1.1755e-36	1.1755e-36	1.1755e-36	5.6831e-16	0.00e+00	0.00e+00	6.7037e+01
1.40628e+16	7.1788e+03	1.582e-18	1.6681e+03	2.8707e+02	2.5771e-08	8.6670e-01	1.3330e-01	5.7296e-01	4.0359e-01	2.3452e-02	8.0764e-10	1.3603e-02	9.5423e-01	3.2162e-02	1.0438e-06	8.9061e-01	1.0934e-01	4.3654e-05	1.1755e-36	1.1755e-36	1.1755e-36	6.2103e-16	0.00e+00	0.00e+00	6.9133e+01
1.43004e+16	7.0810e+03	1.496e-18	1.6681e+03	2.7659e+02	2.8964e-08	8.7202e-01	1.2798e-01	5.8611e-01	3.9148e-01	2.2417e-02	8.7292e-10	1.3198e-02	9.5625e-01	3.0550e-02	9.7983e-07	8.9515e-01	1.0481e-01	3.9136e-05	1.1755e-36	1.1755e-36	1.1755e-36	6.8850e-16	0.00e+00	0.00e+00	7.1388e+01
1.45345e+16	6.9978e+03	1.417e-18	1.6681e+03	2.6636e+02	3.2159e-08	8.7687e-01	1.2313e-01	5.9779e-01	3.8065e-01	2.1563e-02	9.3655e-10	1.2789e-02	9.5805e-01	2.9156e-02	9.2604e-07	8.9927e-01	1.0070e-01	3.5282e-05	1.1755e-36	1.1755e-36	1.1755e-36	7.5660e-16	0.00e+00	0.00e+00	7.3445e+01
1.47579e+16	6.9060e+03	1.347e-18	1.6681e+03	2.5775e+02	3.5832e-08	8.8117e-01	1.1883e-01	6.0968e-01	3.6969e-01	2.0636e-02	1.0058e-09	1.2452e-02	9.5971e-01	2.7842e-02	8.7920e-07	9.0291e-01	9.7057e-02	3.2074e-05	1.1755e-36	1.1755e-36	1.1755e-36	8.3288e-16	0.00e+00	0.00e+00	7.5525e+01
1.49793e+16	6.8231e+03	1.282e-18	1.6681e+03	2.4918e+02	3.9613e-08	8.8505e-01	1.1495e-01	6.2054e-01	3.5962e-01	1.9836e-02	1.0737e-09	1.2106e-02	9.6122e-01	2.6669e-02	8.3852e-07	9.0620e-01	9.3769e-02	2.9284e-05	1.1755e-36	1.1755e-36	1.1755e-36	9.0945e-16	0.00e+00	0.00e+00	7.7563e+01
1.52032e+16	6.7279e+03	1.220e-18	1.6681e+03	2.4127e+02	4.4311e-08	8.8902e-01	1.1098e-01	6.3188e-01	3.4915e-01	1.8971e-02	1.1551e-09	1.1792e-02	9.6269e-01	2.5518e-02	8.0096e-07	9.0956e-01	9.0417e-02	2.6723e-05	1.1755e-36	1.1755e-36	1.1755e-36	1.0082e-15	0.00e+00	0.00e+00	7.9709e+01
1.54258e+16	6.6402e+03	1.162e-18	1.6681e+03	2.3342e+02	4.9287e-08	8.9273e-01	1.0727e-01	6.4216e-01	3.3961e-01	1.8226e-02	1.2377e-09	1.1471e-02	9.6403e-01	2.4498e-02	7.6845e-07	9.1269e-01	8.7285e-02	2.4474e-05	1.1755e-36	1.1755e-36	1.1755e-36	1.1139e-15	0.00e+00	0.00e+00	8.1740e+01
1.56409e+16	6.5522e+03	1.110e-18	1.6681e+03	2.2646e+02	5.4744e-08	8.9602e-01	1.0398e-01	6.5219e-01	3.3032e-01	1.7484e-02	1.3248e-09	1.1189e-02	9.6526e-01	2.3554e-02	7.4000e-07	9.1547e-01	8.4511e-02	2.2560e-05	1.1755e-36	1.1755e-36	1.1755e-36	1.2298e-15	0.00e+00	0.00e+00	8.3760e+01
1.58552e+16	6.4639e+03	1.061e-18	1.6681e+03	2.1977e+02	6.0860e-08	8.9915e-01	1.0085e-01	6.6185e-01	3.2137e-01	1.6780e-02	1.4187e-09	1.0915e-02	9.6641e-01	2.2677e-02	7.1452e-07	9.1810e-01	8.1877e-02	2.0847e-05	1.1755e-36	1.1755e-36	1.1755e-36	1.3620e-15	0.00e+00	0.00e+00	8.5794e+01
1.60694e+16	6.3760e+03	1.016e-18	1.6681e+03	2.1336e+02	6.7713e-08	9.0216e-01	9.7842e-02	6.7114e-01	3.1275e-01	1.6109e-02	1.5209e-09	1.0651e-02	9.6749e-01	2.1863e-02	6.9166e-07	9.2063e-01	7.9348e-02	1.9305e-05	1.1755e-36	1.1755e-36	1.1755e-36	1.5153e-15	0.00e+00	0.00e+00	8.7824e+01
1.62818e+16	6.2884e+03	9.727e-19	1.6681e+03	2.0729e+02	7.5357e-08	9.0499e-01	9.5010e-02	6.8005e-01	3.0448e-01	1.5471e-02	1.6315e-09	1.0399e-02	9.6849e-01	2.1109e-02	6.7128e-07	9.2301e-01	7.6968e-02	1.7932e-05	1.1755e-36	1.1755e-36	1.1755e-36	1.6916e-15	0.00e+00	0.00e+00	8.9836e+01
1.64914e+16	6.2015e+03	9.330e-19	1.6681e+03	2.0160e+02	8.3864e-08	9.0763e-01	9.2366e-02	6.8858e-01	2.9656e-01	1.4862e-02	1.7510e-09	1.0163e-02	9.6942e-01	2.0414e-02	6.5314e-07	9.2524e-01	7.4748e-02	1.6714e-05	1.1755e-36	1.1755e-36	1.1755e-36	1.8946e-15	0.00e+00	0.00e+00	9.1825e+01
1.66981e+16	6.1153e+03	8.962e-19	1.6681e+03	1.9625e+02	9.3326e-08	9.1010e-01	8.9895e-02	6.9673e-01	2.8898e-01	1.4282e-02	1.8807e-09	9.9408e-03	9.7029e-01	1.9771e-02	6.3697e-07	9.2731e-01	7.2675e-02	1.5631e-05	1.1755e-36	1.1755e-36	1.1755e-36	2.1295e-15	0.00e+00	0.00e+00	9.3792e+01
1.69018e+16	6.0300e+03	8.619e-19	1.6681e+03	1.9122e+02	1.0386e-07	9.1242e-01	8.7581e-02	7.0453e-01	2.8174e-01	1.3731e-02	2.0220e-09	9.7309e-03	9.7109e-01	1.9178e-02	6.2252e-07	9.2925e-01	7.0734e-02	1.4664e-05	1.1755e-36	1.1755e-36	1.1755e-36	2.4028e-15	0.00e+00	0.00e+00	9.5737e+01
1.71028e+16	5.9455e+03	8.300e-19	1.6681e+03	1.8647e+02	1.1559e-07	9.1459e-01	8.5413e-02	7.1199e-01	2.7481e-01	1.3207e-02	2.1767e-09	9.5322e-03	9.7184e-01	1.8630e-02	6.0960e-07	9.3107e-01	6.8916e-02	1.3799e-05	1.1755e-36	1.1755e-36	1.1755e-36	2.7227e-15	0.00e+00	0.00e+00	9.7659e+01
1.73009e+16	5.8625e+03	8.002e-19	1.6681e+03	1.8201e+02	1.2861e-07	9.1663e-01	8.3373e-02	7.1913e-01	2.6816e-01	1.2708e-02	2.3467e-09	9.3451e-03	9.7253e-01	1.8123e-02	5.9799e-07	9.3278e-01	6.7207e-02	1.3021e-05	1.1755e-36	1.1755e-36	1.1755e-36	3.0985e-15	0.00e+00	0.00e+00	9.9557e+01
1.74962e+16	5.7786e+03	7.723e-19	1.6681e+03	1.7767e+02	1.4336e-07	9.1852e-01	8.1484e-02	7.2587e-01	2.6189e-01	1.2242e-02	2.5333e-09	9.1628e-03	9.7318e-01	1.7658e-02	5.8765e-07	9.3436e-01	6.5623e-02	1.2326e-05	1.1755e-36	1.1755e-36	1.1755e-36	3.5432e-15	0.00e+00	0.00e+00	1.0143e+02
1.76877e+16	5.6975e+03	7.465e-19	1.6681e+03	1.7369e+02	1.5956e-07	9.2031e-01	7.9686e-02	7.3231e-01	2.5589e-01	1.1797e-02	2.7399e-09	8.9954e-03	9.7378e-01	1.7228e-02	5.7835e-07	9.3587e-01	6.4116e-02	1.1697e-05	1.1755e-36	1.1755e-36	1.1755e-36	4.0701e-15	0.00e+00	0.00e+00	1.0326e+02
1.78750e+16	5.6178e+03	7.226e-19	1.6681e+03	1.6997e+02	1.7752e-07	9.2198e-01	7.8021e-02	7.3847e-01	2.5016e-01	1.1373e-02	2.9678e-09	8.8394e-03	9.7433e-01	1.6830e-02	5.7000e-07	9.3727e-01	6.2721e-02	1.1134e-05	1.1755e-36	1.1755e-36	1.1755e-36	4.6934e-15	0.00e+00	0.00e+00	1.0507e+02
1.80598e+16	5.5393e+03	7.000e-19	1.6681e+03	1.6643e+02	1.9756e-07	9.2356e-01	7.6438e-02	7.4434e-01	2.4469e-01	1.0970e-02	3.2219e-09	8.6909e-03	9.7485e-01	1.6461e-02	5.6243e-07	9.3859e-01	6.1395e-02	1.0620e-05	1.1755e-36	1.1755e-36	1.1755e-36	5.4408e-15	0.00e+00	0.00e+00	1.0686e+02
1.82423e+16	5.4620e+03	6.788e-19	1.6681e+03	1.6306e+02	2.1991e-07	9.2507e-01	7.4929e-02	7.4994e-01	2.3947e-01	1.0589e-02	3.5060e-09	8.5493e-03	9.7533e-01	1.6118e-02	5.5557e-07	9.3986e-01	6.0131e-02	1.0150e-05	1.1755e-36	1.1755e-36	1.1755e-36	6.3411e-15	0.00e+00	0.00e+00	1.0862e+02
1.84220e+16	5.3859e+03	6.589e-19	1.6681e+03	1.5986e+02	2.4482e-07	9.2650e-01	7.3499e-02	7.5528e-01	2.3449e-01	1.0227e-02	3.8240e-09	8.4149e-03	9.7578e-01	1.5800e-02	5.4936e-07	9.4106e-01	5.8934e-02	9.7201e-06	1.1755e-36	1.1755e-36	1.1755e-36	7.4274e-15	0.00e+00	0.00e+00	1.1036e+02
1.85987e+16	5.3112e+03	6.402e-19	1.6681e+03	1.5682e+02	2.7257e-07	9.2785e-01	7.2147e-02	7.6037e-01	2.2974e-01	9.8837e-03	4.1803e-09	8.2879e-03	9.7621e-01	1.5505e-02	5.4373e-07	9.4219e-01	5.7801e-02	9.3278e-06	1.1755e-36	1.1755e-36	1.1755e-36	8.7411e-15	0.00e+00	0.00e+00	1.1207e+02
1.87723e+16	5.2378e+03	6.227e-19	1.6681e+03	1.5395e+02	3.0347e-07	9.2913e-01	7.0869e-02	7.6523e-01	2.2521e-01	9.5578e-03	4.5801e-09	8.1678e-03	9.7660e-01	1.5232e-02	5.3863e-07	9.4326e-01	5.6731e-02	8.9692e-06	1.1755e-36	1.1755e-36	1.1755e-36	1.0334e-14	0.00e+00	0.00e+00	1.1376e+02
1.89428e+16	5.1657e+03	6.062e-19	1.6681e+03	1.5122e+02	3.3786e-07	9.3034e-01	6.9659e-02	7.6986e-01	2.2089e-01	9.2483e-03	5.0293e-09	8.0542e-03	9.7697e-01	1.4978e-02	5.3400e-07	9.4427e-01	5.5717e-02	8.6404e-06	1.1755e-36	1.1755e-36	1.1755e-36	1.2270e-14	0.00e+00	0.00e+00	1.1541e+02
1.91103e+16	5.0950e+03	5.906e-19	1.6681e+03	1.4863e+02	3.7615e-07	9.3149e-01	6.8512e-02	7.7429e-01	2.1676e-01	8.9545e-03	5.5348e-09	7.9466e-03	9.7731e-01	1.4743e-02	5.2979e-07	9.4524e-01	5.4755e-02	8.3382e-06	1.1755e-36	1.1755e-36	1.1755e-36	1.4631e-14	0.00e+00	0.00e+00	1.1704e+02
1.92749e+16	5.0257e+03	5.760e-19	1.6681e+03	1.4616e+02	4.1877e-07	9.3258e-01	6.7421e-02	7.7851e-01	2.1281e-01	8.6755e-03	6.1043e-09	7.8447e-03	9.7763e-01	1.4524e-02	5.2595e-07	9.4615e-01	5.3841e-02	8.0596e-06	1.1755e-36	1.1755e-36	1.1755e-36	1.7516e-14	0.00e+00	0.00e+00	1.1864e+02
1.94366e+16	4.9564e+03	5.621e-19	1.6681e+03	1.4380e+02	4.6686e-07	9.3362e-01	6.6375e-02	7.8256e-01	2.0903e-01	8.4090e-03	6.6984e-09	7.7482e-03	9.7798e-01	1.4270e-02	5.2209e-07	9.4703e-01	5.2964e-02	7.8023e-06	1.1755e-36	1.1755e-36	1.1755e-36	2.0700e-14	0.00e+00	0.00e+00	1.2022e+02
1.95945e+16	4.8842e+03	5.491e-19	1.6681e+03	1.4151e+02	5.2354e-07	9.3464e-01	6.5364e-02	7.8644e-01	2.0541e-01	8.1544e-03	7.3444e-09	7.6562e-03	9.7834e-01	1.4002e-02	5.1839e-07	9.4788e-01	5.2113e-02	7.5664e-06	1.1755e-36	1.1755e-36	1.1755e-36	2.4413e-14	0.00e+00	0.00e+00	1.2175e+02
1.97442e+16	4.8237e+03	5.373e-19	1.6681e+03	1.3945e+02	5.7778e-07	9.3549e-01	6.4513e-02	7.8988e-01	2.0219e-01	7.9320e-03	7.9611e-09	7.5719e-03	9.7866e-01	1.3765e-02	5.1512e-07	9.4859e-01	5.1399e-02	7.3604e-06	1.1755e-36	1.1755e-36	1.1755e-36	2.8179e-14	0.00e+00	0.00e+00	1.2317e+02
1.98926e+16	4.7513e+03	5.260e-19	1.6681e+03	1.3754e+02	6.5084e-07	9.3640e-01	6.3600e-02	7.9365e-01	1.9867e-01	7.6813e-03	8.7643e-09	7.5001e-03	9.7899e-01	1.3511e-02	5.1198e-07	9.4936e-01	5.0629e-02	7.1613e-06	1.1755e-36	1.1755e-36	1.1755e-36	3.3519e-14	0.00e+00	0.00e+00	1.2468e+02
2.00373e+16	4.6983e+03	5.153e-19	1.6681e+03	1.3556e+02	7.1263e-07	9.3716e-01	6.2836e-02	7.9659e-01	1.9591e-01	7.4985e-03	9.4484e-09	7.4166e-03	9.7928e-01	1.3307e-02	5.0918e-07	9.5001e-01	4.9987e-02	6.9803e-06	1.1755e-36	1.1755e-36	1.1755e-36	3.8359e-14	0.00e+00	0.00e+00	1.2602e+02
2.01841e+16	4.6332e+03	5.047e-19	1.6681e+03	1.3378e+02	7.9686e-07	9.3797e-01	6.2026e-02	8.0008e-01	1.9264e-01	7.2707e-03	1.0358e-08	7.3491e-03	9.7958e-01	1.3073e-02	5.0636e-07	9.5069e-01	4.9306e-02	6.8029e-06	1.1755e-36	1.1755e-36	1.1755e-36	4.5268e-14	0.00e+00	0.00e+00	1.2758e+02
2.03371e+16	4.5650e+03	4.939e-19	1.6681e+03	1.3173e+02	8.9946e-07	9.3897e-01	6.1030e-02	8.0326e-01	1.8967e-01	7.0711e-03	1.1443e-08	7.2678e-03	9.7987e-01	1.2857e-02	5.0373e-07	9.5152e-01	4.8472e-02	6.6129e-06	1.1755e-36	1.1755e-36	1.1755e-36	5.4440e-14	0.00e+00	0.00e+00	1.2905e+02
2.04767e+16	4.5106e+03	4.846e-19	1.6681e+03	1.2998e+02	9.9231e-07	9.3969e-01	6.0308e-02	8.0598e-01	1.8712e-01	6.9018e-03	1.2416e-08	7.1976e-03	9.8013e-01	1.2674e-02	5.0151e-07	9.5213e-01	4.7865e-02	6.4618e-06	1.1755e-36	1.1755e-36	1.1755e-36	6.3184e-14	0.00e+00	0.00e+00	1.3034e+02
2.06117e+16	4.4465e+03	4.759e-19	1.6681e+03	1.2849e+02	1.1148e-06	9.4041e-01	5.9590e-02	8.0907e-01	1.8423e-01	6.7024e-03	1.3659e-08	7.1451e-03	9.8038e-01	1.2474e-02	4.9941e-07	9.5273e-01	4.7258e-02	6.3220e-06	1.1755e-36	1.1755e-36	1.1755e-36	7.5275e-14	0.00e+00	0.00e+00	1.3172e+02
2.07448e+16	4.3960e+03	4.675e-19	1.6681e+03	1.2688e+02	1.2254e-06	9.4105e-01	5.8951e-02	8.1154e-01	1.8191e-01	6.5516e-03	1.4780e-08	7.0809e-03	9.8061e-01	1.2309e-02	4.9750e-07	9.5327e-01	4.6721e-02	6.1906e-06	1.1755e-36	1.1755e-36	1.1755e-36	8.6982e-14	0.00e+00	0.00e+00	1.3298e+02
2.08785e+16	4.3393e+03	4.593e-19	1.6681e+03	1.2541e+02	1.3638e-06	9.4170e-01	5.8302e-02	8.1431e-01	1.7932e-01	6.3779e-03	1.6158e-08	7.0271e-03	9.8085e-01	1.2127e-02	4.9559e-07	9.5382e-01	4.6172e-02	6.0626e-06	1.1755e-36	1.1755e-36	1.1755e-36	1.0242e-13	0.00e+00	0.00e+00	1.3437e+02
2.10181e+16	4.2745e+03	4.506e-19	1.6681e+03	1.2339e+02	1.5432e-06	9.4235e-01	5.7644e-02	8.1659e-01	1.7717e-01	6.2418e-03	1.7827e-08	6.9461e-03	9.8109e-01	1.1966e-02	4.9402e-07	9.5438e-01	4.5612e-02	5.9401e-06	1.1755e-36	1.1755e-36	1.1755e-36	1.2335e-13	0.00e+00	0.00e+00	1.3575e+02
2.11469e+16	4.2251e+03	4.432e-19	1.6681e+03	1.2217e+02	1.7043e-06	9.4313e-01	5.6873e-02	8.1913e-01	1.7479e-01	6.0857e-03	1.9440e-08	6.9038e-03	9.8129e-01	1.1807e-02	4.9232e-07	9.5502e-01	4.4971e-02	5.8109e-06	1.1755e-36	1.1755e-36	1.1755e-36	1.4471e-13	0.00e+00	0.00e+00	1.3693e+02
2.12695e+16	4.1766e+03	4.364e-19	1.6681e+03	1.2100e+02	1.8773e-06	9.4368e-01	5.6321e-02	8.2156e-01	1.7251e-01	5.9359e-03	2.1102e-08	6.8634e-03	9.8148e-01	1.1653e-02	4.9081e-07	9.5549e-01	4.4505e-02	5.7069e-06	1.1755e-36	1.1755e-36	1.1755e-36	1.6816e-13	0.00e+00	0.00e+00	1.3818e+02
2.14009e+16	4.1230e+03	4.290e-19	1.6681e+03	1.1956e+02	2.0930e-06	9.4432e-01	5.5675e-02	8.2393e-01	1.7028e-01	5.7933e-03	2.3125e-08	6.8109e-03	9.8169e-01	1.1497e-02	4.8932e-07	9.5603e-01	4.3962e-02	5.5940e-06	1.1755e-36	1.1755e-36	1.1755e-36	1.9935e-13	0.00e+00	0.00e+00	1.3954e+02
2.15357e+16	4.0623e+03	4.213e-19	1.6681e+03	1.1767e+02	2.3683e-06	9.4497e-01	5.5029e-02	8.2590e-01	1.6842e-01	5.6813e-03	2.5558e-08	6.7363e-03	9.8190e-01	1.1359e-02	4.8812e-07	9.5658e-01	4.3414e-02	5.4868e-06	1.1755e-36	1.1755e-36	1.1755e-36	2.4118e-13	0.00e+00	0.00e+00	1.4086e+02
2.16591e+16	4.0169e+03	4.147e-19	1.6681e+03	1.1655e+02	2.6130e-06	9.4580e-01	5.4193e-02	8.2824e-01	1.6622e-01	5.5458e-03	2.7929e-08	6.6989e-03	9.8208e-01	1.1217e-02	4.8669e-07	9.5727e-01	4.2723e-02	5.3633e-06	1.1755e-36	1.1755e-36	1.1755e-36	2.8428e-13	0.00e+00	0.00e+00	1.4200e+02
2.17772e+16	3.9728e+03	4.078e-19	1.6681e+03	1.1501e+02	2.8713e-06	9.4645e-01	5.3546e-02	8.3019e-01	1.6437e-01	5.4462e-03	3.0315e-08	6.6377e-03	9.8227e-01	1.1088e-02	4.8546e-07	9.5781e-01	4.2184e-02	5.2555e-06	1.1755e-36	1.1755e-36	1.1755e-36	3.3103e-13	0.00e+00	0.00e+00	1.4322e+02
