#depth	Te	Htot	hden	eden	2H_2/H	HI	HII	HeI	HeII	HeIII	CO/C	C1	C2	C3	C4	O1	O2	O3	O4	O5	O6	H2O/O	AV(point)	AV(extend)	Tau912
1.15554e+16	1.7483e+04	4.203e-20	7.7426e+01	9.0902e+01	1.4492e-20	5.8603e-05	9.9994e-01	3.9505e-07	6.1762e-03	9.9382e-01	5.4440e-34	1.7703e-10	4.9369e-06	3.5257e-03	7.1227e-02	1.5163e-11	8.8139e-07	1.8634e-03	1.5182e-01	4.5537e-01	3.0799e-01	1.1755e-36	0.00e+00	0.00e+00	6.6195e-04
6.93326e+16	1.7433e+04	4.191e-20	7.7426e+01	9.0907e+01	1.4573e-20	5.8591e-05	9.9994e-01	3.9541e-07	6.1802e-03	9.9382e-01	5.3848e-34	1.6418e-10	4.9188e-06	3.5203e-03	7.1549e-02	1.5236e-11	8.8666e-07	1.8792e-03	1.5256e-01	4.5666e-01	3.0726e-01	1.1755e-36	0.00e+00	0.00e+00	3.3092e-03
3.00441e+17	1.7330e+04	4.171e-20	7.7426e+01	9.0907e+01	1.4684e-20	5.8540e-05	9.9994e-01	3.9751e-07	6.2063e-03	9.9379e-01	5.3391e-34	1.3260e-10	4.9432e-06	3.5504e-03	7.2539e-02	1.5555e-11	9.0639e-07	1.9308e-03	1.5471e-01	4.5870e-01	3.0560e-01	1.1755e-36	0.00e+00	0.00e+00	1.3889e-02
1.22488e+18	1.7088e+04	4.132e-20	7.7426e+01	9.0904e+01	1.4866e-20	5.8346e-05	9.9994e-01	4.0586e-07	6.3391e-03	9.9366e-01	5.5630e-34	9.0527e-11	5.1067e-06	3.7080e-03	7.5820e-02	1.6631e-11	9.7243e-07	2.1172e-03	1.6186e-01	4.6402e-01	2.9831e-01	1.1755e-36	0.00e+00	0.00e+00	5.6068e-02
2.92584e+18	1.6527e+04	4.004e-20	7.7426e+01	9.0903e+01	1.3932e-20	5.6058e-05	9.9994e-01	3.9820e-07	6.2682e-03	9.9373e-01	5.0065e-34	4.7067e-11	5.1045e-06	3.8211e-03	8.0815e-02	1.7271e-11	1.0371e-06	2.3871e-03	1.7202e-01	4.7131e-01	2.8786e-01	1.1755e-36	0.00e+00	0.00e+00	1.0875e-01
4.73720e+18	1.6016e+04	3.898e-20	7.7426e+01	9.0901e+01	1.3088e-20	5.3699e-05	9.9995e-01	3.8998e-07	6.2183e-03	9.9378e-01	4.5364e-34	3.3207e-11	5.0969e-06	3.9367e-03	8.5557e-02	1.7607e-11	1.0884e-06	2.6536e-03	1.8189e-01	4.7828e-01	2.7726e-01	1.1755e-36	0.00e+00	0.00e+00	1.5337e-01
6.38611e+18	1.5651e+04	3.838e-20	7.7426e+01	9.0899e+01	1.2376e-20	5.2208e-05	9.9995e-01	3.9062e-07	6.2939e-03	9.9371e-01	4.3769e-34	2.8595e-11	5.2000e-06	4.1068e-03	8.9957e-02	1.8328e-11	1.1547e-06	2.9332e-03	1.9164e-01	4.8428e-01	2.6672e-01	1.1755e-36	0.00e+00	0.00e+00	1.9414e-01
8.21262e+18	1.5315e+04	3.804e-20	7.7426e+01	9.0895e+01	1.2250e-20	5.1466e-05	9.9995e-01	4.0432e-07	6.5405e-03	9.9346e-01	4.7965e-34	2.7724e-11	5.5047e-06	4.4078e-03	9.5585e-02	2.0189e-11	1.2824e-06	3.3396e-03	2.0468e-01	4.9032e-01	2.5325e-01	1.1755e-36	0.00e+00	0.00e+00	2.4583e-01
1.05760e+19	1.4919e+04	3.777e-20	7.7426e+01	9.0889e+01	1.2098e-20	5.0808e-05	9.9995e-01	4.2930e-07	6.9717e-03	9.9303e-01	5.6038e-34	2.8716e-11	6.0290e-06	4.8980e-03	1.0374e-01	2.3304e-11	1.4905e-06	3.9861e-03	2.2347e-01	4.9627e-01	2.3495e-01	1.1755e-36	0.00e+00	0.00e+00	3.1218e-01
1.30418e+19	1.4522e+04	3.751e-20	7.7426e+01	9.0883e+01	1.1611e-20	4.9601e-05	9.9995e-01	4.5445e-07	7.4662e-03	9.9253e-01	6.2418e-34	3.0076e-11	6.5849e-06	5.4652e-03	1.1274e-01	2.6382e-11	1.7148e-06	4.7660e-03	2.4355e-01	4.9988e-01	2.1667e-01	1.1755e-36	0.00e+00	0.00e+00	3.6696e-01
1.51247e+19	1.4222e+04	3.744e-20	7.7426e+01	9.0876e+01	1.1554e-20	4.8848e-05	9.9995e-01	4.8617e-07	8.0423e-03	9.9196e-01	7.3364e-34	3.3077e-11	7.2336e-06	6.0855e-03	1.2151e-01	3.0087e-11	1.9744e-06	5.6163e-03	2.6279e-01	5.0057e-01	2.0059e-01	1.1755e-36	0.00e+00	0.00e+00	4.1246e-01
1.69960e+19	1.3965e+04	3.751e-20	7.7426e+01	9.0869e+01	1.1394e-20	4.8535e-05	9.9995e-01	5.2730e-07	8.7433e-03	9.9126e-01	8.8551e-34	3.7829e-11	8.0372e-06	6.8140e-03	1.3089e-01	3.4896e-11	2.2972e-06	6.6207e-03	2.8276e-01	4.9878e-01	1.8536e-01	1.1755e-36	0.00e+00	0.00e+00	4.5604e-01
1.86954e+19	1.3753e+04	3.761e-20	7.7426e+01	9.0861e+01	1.1355e-20	4.8218e-05	9.9995e-01	5.7367e-07	9.5282e-03	9.9047e-01	1.0828e-33	4.3660e-11	8.9262e-06	7.6112e-03	1.4050e-01	4.0421e-11	2.6679e-06	7.7550e-03	3.0240e-01	4.9500e-01	1.7157e-01	1.1755e-36	0.00e+00	0.00e+00	4.9285e-01
2.01695e+19	1.3571e+04	3.777e-20	7.7426e+01	9.0854e+01	1.1375e-20	4.8095e-05	9.9995e-01	6.2631e-07	1.0392e-02	9.8961e-01	1.3371e-33	5.0834e-11	9.9100e-06	8.4694e-03	1.5022e-01	4.6870e-11	3.0918e-06	9.0094e-03	3.2142e-01	4.8959e-01	1.5930e-01	1.1755e-36	0.00e+00	0.00e+00	5.2543e-01
2.15142e+19	1.3411e+04	3.798e-20	7.7426e+01	9.0845e+01	1.1462e-20	4.8090e-05	9.9995e-01	6.8692e-07	1.1371e-02	9.8863e-01	1.6753e-33	5.9668e-11	1.1023e-05	9.4246e-03	1.6051e-01	5.4555e-11	3.5901e-06	1.0454e-02	3.4068e-01	4.8257e-01	1.4784e-01	1.1755e-36	0.00e+00	0.00e+00	5.5606e-01
2.27827e+19	1.3260e+04	3.823e-20	7.7426e+01	9.0837e+01	1.1421e-20	4.8139e-05	9.9995e-01	7.5817e-07	1.2512e-02	9.8749e-01	2.1038e-33	7.0611e-11	1.2304e-05	1.0513e-02	1.7166e-01	6.3810e-11	4.1855e-06	1.2160e-02	3.6043e-01	4.7398e-01	1.3694e-01	1.1755e-36	0.00e+00	0.00e+00	5.8509e-01
2.39737e+19	1.3135e+04	3.849e-20	7.7426e+01	9.0827e+01	1.1642e-20	4.8211e-05	9.9995e-01	8.4136e-07	1.3830e-02	9.8617e-01	2.7186e-33	8.4267e-11	1.3758e-05	1.1731e-02	1.8361e-01	7.5068e-11	4.9030e-06	1.4166e-02	3.8047e-01	4.6396e-01	1.2664e-01	1.1755e-36	0.00e+00	0.00e+00	6.1215e-01
2.50683e+19	1.3021e+04	3.880e-20	7.7426e+01	9.0813e+01	1.1785e-20	4.8335e-05	9.9995e-01	9.3751e-07	1.5338e-02	9.8466e-01	3.5114e-33	1.0073e-10	1.5374e-05	1.3069e-02	1.9626e-01	8.8542e-11	5.7522e-06	1.6491e-02	4.0035e-01	4.5277e-01	1.1712e-01	1.1755e-36	0.00e+00	0.00e+00	6.3674e-01
2.60646e+19	1.2908e+04	3.915e-20	7.7426e+01	9.0798e+01	1.2061e-20	4.8514e-05	9.9995e-01	1.0484e-06	1.7053e-02	9.8295e-01	4.5796e-33	1.2050e-10	1.7177e-05	1.4538e-02	2.0960e-01	1.0455e-10	6.7498e-06	1.9167e-02	4.1987e-01	4.4062e-01	1.0837e-01	1.1755e-36	0.00e+00	0.00e+00	6.5930e-01
2.69832e+19	1.2841e+04	3.947e-20	7.7426e+01	9.0782e+01	1.2196e-20	4.8609e-05	9.9995e-01	1.1715e-06	1.8978e-02	9.8102e-01	5.9180e-33	1.4355e-10	1.9092e-05	1.6105e-02	2.2339e-01	1.2287e-10	7.8937e-06	2.2225e-02	4.3880e-01	4.2784e-01	1.0027e-01	1.1755e-36	0.00e+00	0.00e+00	6.8034e-01
2.78401e+19	1.2772e+04	3.985e-20	7.7426e+01	9.0765e+01	1.2029e-20	4.8758e-05	9.9995e-01	1.3170e-06	2.1220e-02	9.7878e-01	7.5708e-33	1.7136e-10	2.1248e-05	1.7839e-02	2.3822e-01	1.4518e-10	9.2710e-06	2.5818e-02	4.5761e-01	4.1408e-01	9.2649e-02	1.1755e-36	0.00e+00	0.00e+00	7.0008e-01
2.86384e+19	1.2718e+04	4.025e-20	7.7426e+01	9.0746e+01	1.2163e-20	4.8894e-05	9.9995e-01	1.4856e-06	2.3818e-02	9.7618e-01	9.8796e-33	2.0432e-10	2.3603e-05	1.9727e-02	2.5398e-01	1.7170e-10	1.0901e-05	3.0027e-02	4.7602e-01	3.9951e-01	8.5496e-02	1.1755e-36	0.00e+00	0.00e+00	7.1844e-01
2.93761e+19	1.2683e+04	4.066e-20	7.7426e+01	9.0725e+01	1.2191e-20	4.8983e-05	9.9995e-01	1.6788e-06	2.6807e-02	9.7319e-01	1.2795e-32	2.4223e-10	2.6120e-05	2.1746e-02	2.7051e-01	2.0264e-10	1.2801e-05	3.4911e-02	4.9370e-01	3.8440e-01	7.8846e-02	1.1755e-36	0.00e+00	0.00e+00	7.3537e-01
3.00553e+19	1.2657e+04	4.112e-20	7.7426e+01	9.0701e+01	1.2263e-20	4.9091e-05	9.9995e-01	1.9039e-06	3.0265e-02	9.6973e-01	1.6657e-32	2.8684e-10	2.8855e-05	2.3916e-02	2.8793e-01	2.3965e-10	1.5057e-05	4.0599e-02	5.1060e-01	3.6873e-01	7.2642e-02	1.1755e-36	0.00e+00	0.00e+00	7.5099e-01
3.06807e+19	1.2643e+04	4.160e-20	7.7426e+01	9.0672e+01	1.2196e-20	4.9178e-05	9.9995e-01	2.1641e-06	3.4264e-02	9.6573e-01	2.1503e-32	3.3797e-10	3.1769e-05	2.6219e-02	3.0619e-01	2.8324e-10	1.7705e-05	4.7206e-02	5.2652e-01	3.5263e-01	6.6858e-02	1.1755e-36	0.00e+00	0.00e+00	7.6541e-01
3.12566e+19	1.2645e+04	4.210e-20	7.7426e+01	9.0643e+01	1.2158e-20	4.9205e-05	9.9995e-01	2.4624e-06	3.8887e-02	9.6111e-01	2.7645e-32	3.9517e-10	3.4810e-05	2.8645e-02	3.2525e-01	3.3328e-10	2.0758e-05	5.4866e-02	5.4129e-01	3.3619e-01	6.1458e-02	1.1755e-36	0.00e+00	0.00e+00	7.7869e-01
3.17872e+19	1.2633e+04	4.270e-20	7.7426e+01	9.0614e+01	1.2175e-20	4.9214e-05	9.9995e-01	2.8032e-06	4.4245e-02	9.5575e-01	3.5056e-32	4.5580e-10	3.7954e-05	3.1220e-02	3.4532e-01	3.8833e-10	2.4159e-05	6.3731e-02	5.5485e-01	3.1935e-01	5.6405e-02	1.1755e-36	0.00e+00	0.00e+00	7.9093e-01
3.22782e+19	1.2678e+04	4.321e-20	7.7426e+01	9.0557e+01	1.2080e-20	4.9304e-05	9.9995e-01	3.2210e-06	5.0558e-02	9.4944e-01	4.5951e-32	5.3327e-10	4.1481e-05	3.3875e-02	3.6607e-01	4.6485e-10	2.8694e-05	7.4180e-02	5.6679e-01	3.0222e-01	5.1634e-02	1.1755e-36	0.00e+00	0.00e+00	8.0233e-01
3.27284e+19	1.2712e+04	4.381e-20	7.7426e+01	9.0506e+01	1.1957e-20	4.9285e-05	9.9995e-01	3.6924e-06	5.7877e-02	9.4212e-01	5.8550e-32	6.1199e-10	4.4975e-05	3.6637e-02	3.8762e-01	5.4663e-10	3.3643e-05	8.6203e-02	5.7699e-01	2.8489e-01	4.7182e-02	1.1755e-36	0.00e+00	0.00e+00	8.1262e-01
3.31371e+19	1.2755e+04	4.443e-20	7.7426e+01	9.0450e+01	1.1819e-20	4.9260e-05	9.9995e-01	4.2367e-06	6.6320e-02	9.3368e-01	7.4165e-32	6.9717e-10	4.8558e-05	3.9461e-02	4.0969e-01	6.4125e-10	3.9356e-05	9.9953e-02	5.8516e-01	2.6753e-01	4.3035e-02	1.1755e-36	0.00e+00	0.00e+00	8.2202e-01
3.35127e+19	1.2785e+04	4.514e-20	7.7426e+01	9.0390e+01	1.1623e-20	4.9269e-05	9.9995e-01	4.8772e-06	7.6225e-02	9.2377e-01	9.3210e-32	7.8948e-10	5.2310e-05	4.2413e-02	4.3263e-01	7.5159e-10	4.5997e-05	1.1586e-01	5.9120e-01	2.4990e-01	3.9112e-02	1.1755e-36	0.00e+00	0.00e+00	8.3070e-01
3.38591e+19	1.2858e+04	4.578e-20	7.7426e+01	9.0300e+01	1.1421e-20	4.9189e-05	9.9995e-01	5.6041e-06	8.7647e-02	9.1235e-01	1.1652e-31	8.8487e-10	5.5961e-05	4.5311e-02	4.5576e-01	8.7724e-10	5.3594e-05	1.3397e-01	5.9459e-01	2.3240e-01	3.5449e-02	1.1755e-36	0.00e+00	0.00e+00	8.3869e-01
3.41782e+19	1.2890e+04	4.657e-20	7.7426e+01	9.0224e+01	1.1105e-20	4.9207e-05	9.9995e-01	6.4812e-06	1.0123e-01	8.9877e-01	1.4417e-31	9.8820e-10	5.9889e-05	4.8398e-02	4.7996e-01	1.0253e-09	6.2478e-05	1.5497e-01	5.9537e-01	2.1448e-01	3.1939e-02	1.1755e-36	0.00e+00	0.00e+00	8.4605e-01
3.44712e+19	1.2933e+04	4.736e-20	7.7426e+01	9.0144e+01	1.1001e-20	4.9129e-05	9.9995e-01	7.4655e-06	1.1687e-01	8.8312e-01	1.7627e-31	1.0882e-09	6.3577e-05	5.1474e-02	5.0430e-01	1.1790e-09	7.1917e-05	1.7861e-01	5.9306e-01	1.9674e-01	2.8658e-02	1.1755e-36	0.00e+00	0.00e+00	8.5277e-01
3.47403e+19	1.3031e+04	4.799e-20	7.7426e+01	8.9977e+01	1.0763e-20	4.9078e-05	9.9995e-01	8.6070e-06	1.3486e-01	8.6514e-01	2.1803e-31	1.1959e-09	6.7309e-05	5.4338e-02	5.2823e-01	1.3761e-09	8.3658e-05	2.0504e-01	5.8721e-01	1.7948e-01	2.5625e-02	1.1755e-36	0.00e+00	0.00e+00	8.5897e-01
3.49887e+19	1.3066e+04	4.878e-20	7.7426e+01	8.9841e+01	1.0715e-20	4.9136e-05	9.9995e-01	9.9599e-06	1.5596e-01	8.4403e-01	2.6716e-31	1.3050e-09	7.1167e-05	5.7379e-02	5.5282e-01	1.5911e-09	9.6487e-05	2.3489e-01	5.7794e-01	1.6208e-01	2.2731e-02	1.1755e-36	0.00e+00	0.00e+00	8.6469e-01
3.52186e+19	1.3105e+04	4.953e-20	7.7426e+01	8.9698e+01	1.0668e-20	4.9202e-05	9.9995e-01	1.1519e-05	1.8029e-01	8.1970e-01	3.2460e-31	1.4142e-09	7.4959e-05	6.0370e-02	5.7724e-01	1.8311e-09	1.1078e-04	2.6795e-01	5.6489e-01	1.4503e-01	2.0024e-02	1.1755e-36	0.00e+00	0.00e+00	8.7001e-01
3.54319e+19	1.3138e+04	5.021e-20	7.7426e+01	8.9493e+01	1.0626e-20	4.9279e-05	9.9995e-01	1.3276e-05	2.0804e-01	7.9194e-01	3.8896e-31	1.5192e-09	7.8549e-05	6.3248e-02	6.0123e-01	2.0919e-09	1.2631e-04	3.0397e-01	5.4805e-01	1.2858e-01	1.7526e-02	1.1755e-36	0.00e+00	0.00e+00	8.7496e-01
3.56313e+19	1.3153e+04	5.085e-20	7.7426e+01	8.9307e+01	1.0683e-20	4.9446e-05	9.9995e-01	1.5316e-05	2.3978e-01	7.6020e-01	4.6538e-31	1.6255e-09	8.2187e-05	6.6103e-02	6.2487e-01	2.3838e-09	1.4348e-04	3.4314e-01	5.2736e-01	1.1266e-01	1.5197e-02	1.1755e-36	0.00e+00	0.00e+00	8.7964e-01
3.58192e+19	1.3158e+04	5.134e-20	7.7426e+01	8.9036e+01	1.0769e-20	4.9626e-05	9.9995e-01	1.7576e-05	2.7549e-01	7.2449e-01	5.4902e-31	1.7247e-09	8.5558e-05	6.8803e-02	6.4777e-01	2.6940e-09	1.6172e-04	3.8481e-01	5.0305e-01	9.7606e-02	1.3079e-02	1.1755e-36	0.00e+00	0.00e+00	8.8406e-01
3.59975e+19	1.3142e+04	5.170e-20	7.7426e+01	8.8769e+01	1.0950e-20	4.9904e-05	9.9995e-01	2.0144e-05	3.1554e-01	6.8444e-01	6.4473e-31	1.8228e-09	8.8905e-05	7.1432e-02	6.6993e-01	3.0317e-09	1.8130e-04	4.2887e-01	4.7530e-01	8.3426e-02	1.1141e-02	1.1755e-36	0.00e+00	0.00e+00	8.8831e-01
3.61687e+19	1.3104e+04	5.188e-20	7.7426e+01	8.8473e+01	1.1221e-20	5.0265e-05	9.9995e-01	2.3006e-05	3.5988e-01	6.4010e-01	7.5145e-31	1.9175e-09	9.2146e-05	7.3951e-02	6.9115e-01	3.3921e-09	2.0191e-04	4.7469e-01	4.4451e-01	7.0305e-02	9.3952e-03	1.1755e-36	0.00e+00	0.00e+00	8.9244e-01
3.63343e+19	1.3041e+04	5.183e-20	7.7426e+01	8.8152e+01	1.1602e-20	5.0710e-05	9.9995e-01	2.6139e-05	4.0808e-01	5.9189e-01	8.6868e-31	2.0074e-09	9.5265e-05	7.6346e-02	7.1122e-01	3.7703e-09	2.2322e-04	5.2140e-01	4.1137e-01	5.8414e-02	7.8476e-03	1.1755e-36	0.00e+00	0.00e+00	8.9648e-01
3.64967e+19	1.2951e+04	5.151e-20	7.7426e+01	8.7808e+01	1.2117e-20	5.1270e-05	9.9995e-01	2.9544e-05	4.5965e-01	5.4032e-01	9.9864e-31	2.0964e-09	9.8340e-05	7.8635e-02	7.2999e-01	4.1679e-09	2.4511e-04	5.6828e-01	3.7655e-01	4.7834e-02	6.4931e-03	1.1755e-36	0.00e+00	0.00e+00	9.0053e-01
3.66823e+19	1.2807e+04	5.076e-20	7.7426e+01	8.7401e+01	1.2863e-20	5.2073e-05	9.9995e-01	3.3677e-05	5.2084e-01	4.7913e-01	1.1617e-30	2.1975e-09	1.0190e-04	8.1158e-02	7.4963e-01	4.6432e-09	2.7043e-04	6.2069e-01	3.3597e-01	3.7439e-02	5.1723e-03	1.1755e-36	0.00e+00	0.00e+00	9.0587e-01
3.68805e+19	1.2621e+04	4.961e-20	7.7426e+01	8.6953e+01	1.3949e-20	5.3029e-05	9.9995e-01	3.8310e-05	5.8822e-01	4.1174e-01	1.3516e-30	2.3004e-09	1.0553e-04	8.3675e-02	7.6828e-01	5.1529e-09	2.9682e-04	6.7408e-01	2.9286e-01	2.8390e-02	4.0306e-03	1.1755e-36	0.00e+00	0.00e+00	9.1070e-01
3.70535e+19	1.2428e+04	4.831e-20	7.7426e+01	8.6574e+01	1.5136e-20	5.3978e-05	9.9995e-01	4.2349e-05	6.4512e-01	3.5484e-01	1.5299e-30	2.3904e-09	1.0873e-04	8.5774e-02	7.8233e-01	5.5956e-09	3.1882e-04	7.1666e-01	2.5733e-01	2.2182e-02	3.2398e-03	1.1755e-36	0.00e+00	0.00e+00	9.1492e-01
3.72372e+19	1.2199e+04	4.671e-20	7.7426e+01	8.6213e+01	1.6665e-20	5.5103e-05	9.9994e-01	4.6393e-05	6.9925e-01	3.0070e-01	1.7345e-30	2.4908e-09	1.1230e-04	8.7939e-02	7.9464e-01	6.0582e-09	3.4059e-04	7.5605e-01	2.2360e-01	1.7220e-02	2.5905e-03	1.1755e-36	0.00e+00	0.00e+00	9.2051e-01
3.74760e+19	1.1893e+04	4.456e-20	7.7426e+01	8.5818e+01	1.8988e-20	5.6587e-05	9.9994e-01	5.1119e-05	7.5916e-01	2.4079e-01	2.0088e-30	2.6193e-09	1.1688e-04	9.0588e-02	8.0707e-01	6.6155e-09	3.6546e-04	7.9819e-01	1.8656e-01	1.2753e-02	1.9821e-03	1.1755e-36	0.00e+00	0.00e+00	9.2797e-01
3.77189e+19	1.1603e+04	4.251e-20	7.7426e+01	8.5488e+01	2.1499e-20	5.8016e-05	9.9994e-01	5.5241e-05	8.0862e-01	1.9132e-01	2.2768e-30	2.7453e-09	1.2127e-04	9.3035e-02	8.1643e-01	7.1132e-09	3.8652e-04	8.3168e-01	1.5645e-01	9.8197e-03	1.5583e-03	1.1755e-36	0.00e+00	0.00e+00	9.3409e-01
3.79220e+19	1.1376e+04	4.093e-20	7.7426e+01	8.5272e+01	2.3737e-20	5.9172e-05	9.9994e-01	5.8142e-05	8.4071e-01	1.5923e-01	2.5002e-30	2.8520e-09	1.2489e-04	9.4951e-02	8.2219e-01	7.4900e-09	4.0154e-04	8.5346e-01	1.3654e-01	8.1978e-03	1.3057e-03	1.1755e-36	0.00e+00	0.00e+00	9.3960e-01
3.81410e+19	1.1150e+04	3.940e-20	7.7426e+01	8.5091e+01	2.6313e-20	6.0375e-05	9.9994e-01	6.0809e-05	8.6787e-01	1.3207e-01	2.7450e-30	2.9658e-09	1.2875e-04	9.6924e-02	8.2689e-01	7.8671e-09	4.1583e-04	8.7249e-01	1.1895e-01	6.9780e-03	1.0993e-03	1.1755e-36	0.00e+00	0.00e+00	9.4691e-01
3.84257e+19	1.0895e+04	3.772e-20	7.7426e+01	8.4916e+01	2.9629e-20	6.1786e-05	9.9994e-01	6.3636e-05	8.9446e-01	1.0547e-01	3.0443e-30	3.1041e-09	1.3339e-04	9.9238e-02	8.3130e-01	8.2933e-09	4.3121e-04	8.9141e-01	1.0125e-01	5.9381e-03	9.0611e-04	1.1755e-36	0.00e+00	0.00e+00	9.5663e-01
3.87933e+19	1.0626e+04	3.599e-20	7.7426e+01	8.4756e+01	3.3738e-20	6.3364e-05	9.9994e-01	6.6460e-05	9.1857e-01	8.1368e-02	3.3950e-30	3.2648e-09	1.3869e-04	1.0184e-01	8.3513e-01	8.7524e-09	4.4692e-04	9.0907e-01	8.4584e-02	5.1191e-03	7.3535e-04	1.1755e-36	0.00e+00	0.00e+00	9.6943e-01
3.92448e+19	1.0370e+04	3.438e-20	7.7426e+01	8.4624e+01	3.8350e-20	6.4969e-05	9.9994e-01	6.9011e-05	9.3808e-01	6.1847e-02	3.7655e-30	3.4335e-09	1.4419e-04	1.0449e-01	8.3813e-01	9.2008e-09	4.6141e-04	9.2392e-01	7.0445e-02	4.5359e-03	5.9751e-04	1.1755e-36	0.00e+00	0.00e+00	9.8497e-01
3.97869e+19	1.0138e+04	3.296e-20	7.7426e+01	8.4523e+01	4.3297e-20	6.6568e-05	9.9993e-01	7.1237e-05	9.5303e-01	4.6895e-02	4.1458e-30	3.6060e-09	1.4972e-04	1.0711e-01	8.4038e-01	9.6292e-09	4.7442e-04	9.3599e-01	5.8885e-02	4.1274e-03	4.8866e-04	1.1755e-36	0.00e+00	0.00e+00	1.0043e+00
4.04708e+19	9.9230e+03	3.168e-20	7.7426e+01	8.4443e+01	4.8430e-20	6.8243e-05	9.9993e-01	7.3267e-05	9.6481e-01	3.5112e-02	4.5381e-30	3.7897e-09	1.5549e-04	1.0980e-01	8.4214e-01	1.0059e-08	4.8663e-04	9.4627e-01	4.9001e-02	3.8197e-03	3.9805e-04	1.1755e-36	0.00e+00	0.00e+00	1.0301e+00
4.13598e+19	9.7287e+03	3.053e-20	7.7426e+01	8.4381e+01	5.2827e-20	7.0023e-05	9.9993e-01	7.5120e-05	9.7407e-01	2.5850e-02	4.8941e-30	3.9855e-09	1.6151e-04	1.1259e-01	8.4355e-01	1.0492e-08	4.9795e-04	9.5496e-01	4.0619e-02	3.5770e-03	3.2251e-04	1.1755e-36	0.00e+00	0.00e+00	1.0645e+00
4.25156e+19	9.5599e+03	2.955e-20	7.7426e+01	8.4333e+01	5.8725e-20	7.1945e-05	9.9993e-01	7.6794e-05	9.8114e-01	1.8788e-02	5.3401e-30	4.1947e-09	1.6776e-04	1.1547e-01	8.4468e-01	1.0928e-08	5.0826e-04	9.6215e-01	3.3680e-02	3.3757e-03	2.6060e-04	1.1755e-36	0.00e+00	0.00e+00	1.1104e+00
4.40181e+19	9.4216e+03	2.874e-20	7.7426e+01	8.4296e+01	6.4423e-20	7.4079e-05	9.9993e-01	7.8317e-05	9.8639e-01	1.3531e-02	5.7969e-30	4.4215e-09	1.7428e-04	1.1846e-01	8.4557e-01	1.1376e-08	5.1758e-04	9.6805e-01	2.8010e-02	3.1961e-03	2.1022e-04	1.1755e-36	0.00e+00	0.00e+00	1.1719e+00
4.59713e+19	9.3157e+03	2.810e-20	7.7426e+01	8.4271e+01	7.0455e-20	7.6566e-05	9.9992e-01	7.9705e-05	9.9022e-01	9.6968e-03	6.3091e-30	4.6737e-09	1.8122e-04	1.2161e-01	8.4627e-01	1.1855e-08	5.2597e-04	9.7287e-01	2.3399e-02	3.0220e-03	1.6918e-04	1.1755e-36	0.00e+00	0.00e+00	1.2546e+00
4.85105e+19	9.2461e+03	2.765e-20	7.7426e+01	8.4251e+01	7.5057e-20	7.9612e-05	9.9992e-01	8.1035e-05	9.9297e-01	6.9462e-03	6.8215e-30	4.9655e-09	1.8884e-04	1.2503e-01	8.4670e-01	1.2393e-08	5.3362e-04	9.7681e-01	1.9664e-02	2.8416e-03	1.3568e-04	1.1755e-36	0.00e+00	0.00e+00	1.3663e+00
5.18115e+19	9.2164e+03	2.737e-20	7.7426e+01	8.4237e+01	8.1467e-20	8.3577e-05	9.9992e-01	8.2429e-05	9.9493e-01	4.9920e-03	7.5516e-30	5.3269e-09	1.9765e-04	1.2891e-01	8.4672e-01	1.3048e-08	5.4107e-04	9.8010e-01	1.6594e-02	2.6461e-03	1.0789e-04	1.1755e-36	0.00e+00	0.00e+00	1.5187e+00
5.61027e+19	9.2318e+03	2.730e-20	7.7426e+01	8.4227e+01	8.6974e-20	8.9046e-05	9.9991e-01	8.4002e-05	9.9631e-01	3.6073e-03	8.4634e-30	5.7963e-09	2.0842e-04	1.3347e-01	8.4606e-01	1.3906e-08	5.4875e-04	9.8292e-01	1.4005e-02	2.4296e-03	8.4436e-05	1.1755e-36	0.00e+00	0.00e+00	1.7298e+00
6.14546e+19	9.3145e+03	2.746e-20	7.7426e+01	8.4220e+01	9.4084e-20	9.6528e-05	9.9990e-01	8.5786e-05	9.9725e-01	2.6597e-03	9.7845e-30	6.3911e-09	2.2112e-04	1.3860e-01	8.4456e-01	1.5028e-08	5.5632e-04	9.8530e-01	1.1862e-02	2.2031e-03	6.5280e-05	1.1755e-36	0.00e+00	0.00e+00	2.0060e+00
6.76001e+19	9.4426e+03	2.792e-20	7.7426e+01	8.4214e+01	1.0222e-19	1.0670e-04	9.9989e-01	8.7982e-05	9.9788e-01	2.0345e-03	1.1659e-29	7.1541e-09	2.3655e-04	1.4442e-01	8.4185e-01	1.6549e-08	5.6507e-04	9.8725e-01	1.0142e-02	1.9838e-03	5.0438e-05	1.1755e-36	0.00e+00	0.00e+00	2.3417e+00
7.37359e+19	9.6072e+03	2.862e-20	7.7426e+01	8.4211e+01	1.1263e-19	1.1909e-04	9.9988e-01	9.0312e-05	9.9826e-01	1.6513e-03	1.4186e-29	8.0097e-09	2.5299e-04	1.5017e-01	8.3840e-01	1.8405e-08	5.7413e-04	9.8868e-01	8.8961e-03	1.8022e-03	4.0158e-05	1.1755e-36	0.00e+00	0.00e+00	2.6813e+00
7.92778e+19	9.7742e+03	2.944e-20	7.7426e+01	8.4208e+01	1.2496e-19	1.3281e-04	9.9987e-01	9.2746e-05	9.9849e-01	1.4132e-03	1.7490e-29	8.9281e-09	2.7020e-04	1.5565e-01	8.3454e-01	2.0565e-08	5.8409e-04	9.8973e-01	7.9914e-03	1.6589e-03	3.3109e-05	1.1755e-36	0.00e+00	0.00e+00	3.0221e+00
8.42655e+19	9.9489e+03	3.028e-20	7.7426e+01	8.4205e+01	1.3911e-19	1.4751e-04	9.9985e-01	9.5411e-05	9.9865e-01	1.2532e-03	2.1697e-29	9.8833e-09	2.8778e-04	1.6079e-01	8.3057e-01	2.3011e-08	5.9449e-04	9.9053e-01	7.3020e-03	1.5450e-03	2.8037e-05	1.1755e-36	0.00e+00	0.00e+00	3.3627e+00
8.87545e+19	1.0118e+04	3.112e-20	7.7426e+01	8.4203e+01	1.5641e-19	1.6308e-04	9.9984e-01	9.8269e-05	9.9876e-01	1.1385e-03	2.7124e-29	1.0882e-08	3.0607e-04	1.6576e-01	8.2650e-01	2.5777e-08	6.0565e-04	9.9116e-01	6.7578e-03	1.4524e-03	2.4249e-05	1.1755e-36	0.00e+00	0.00e+00	3.7017e+00
9.27945e+19	1.0277e+04	3.194e-20	7.7426e+01	8.4201e+01	1.7470e-19	1.7938e-04	9.9982e-01	1.0128e-04	9.9885e-01	1.0524e-03	3.3834e-29	1.1920e-08	3.2507e-04	1.7059e-01	8.2235e-01	2.8876e-08	6.1755e-04	9.9166e-01	6.3178e-03	1.3762e-03	2.1341e-05	1.1755e-36	0.00e+00	0.00e+00	4.0373e+00
9.64306e+19	1.0424e+04	3.274e-20	7.7426e+01	8.4199e+01	1.9497e-19	1.9622e-04	9.9980e-01	1.0439e-04	9.9891e-01	9.8559e-04	4.2117e-29	1.2994e-08	3.4474e-04	1.7531e-01	8.1817e-01	3.2312e-08	6.3009e-04	9.9208e-01	5.9554e-03	1.3127e-03	1.9057e-05	1.1755e-36	0.00e+00	0.00e+00	4.3676e+00
9.97030e+19	1.0558e+04	3.349e-20	7.7426e+01	8.4197e+01	2.2216e-19	2.1345e-04	9.9979e-01	1.0751e-04	9.9896e-01	9.3230e-04	5.2657e-29	1.4093e-08	3.6495e-04	1.7992e-01	8.1399e-01	3.6060e-08	6.4290e-04	9.9242e-01	5.6525e-03	1.2592e-03	1.7231e-05	1.4840e-36	0.00e+00	0.00e+00	4.6911e+00
1.02648e+20	1.0681e+04	3.419e-20	7.7426e+01	8.4196e+01	2.4532e-19	2.3088e-04	9.9977e-01	1.1073e-04	9.9900e-01	8.8907e-04	6.4763e-29	1.5219e-08	3.8566e-04	1.8441e-01	8.0985e-01	4.0145e-08	6.5640e-04	9.9271e-01	5.3964e-03	1.2139e-03	1.5748e-05	1.8310e-36	0.00e+00	0.00e+00	5.0059e+00
1.05299e+20	1.0797e+04	3.482e-20	7.7426e+01	8.4194e+01	2.7330e-19	2.4827e-04	9.9975e-01	1.1396e-04	9.9903e-01	8.5372e-04	7.9443e-29	1.6350e-08	4.0648e-04	1.8871e-01	8.0584e-01	4.4504e-08	6.6997e-04	9.9296e-01	5.1788e-03	1.1755e-03	1.4532e-05	2.3035e-36	0.00e+00	0.00e+00	5.3106e+00
1.07684e+20	1.0892e+04	3.544e-20	7.7426e+01	8.4192e+01	3.0068e-19	2.6575e-04	9.9973e-01	1.1726e-04	9.9906e-01	8.2371e-04	9.6386e-29	1.7510e-08	4.2790e-04	1.9297e-01	8.0182e-01	4.9177e-08	6.8405e-04	9.9317e-01	4.9897e-03	1.1419e-03	1.3515e-05	2.8092e-36	0.00e+00	0.00e+00	5.6042e+00
1.09832e+20	1.0983e+04	3.598e-20	7.7426e+01	8.4190e+01	3.3002e-19	2.8290e-04	9.9972e-01	1.2049e-04	9.9908e-01	7.9883e-04	1.1593e-28	1.8655e-08	4.4906e-04	1.9701e-01	7.9798e-01	5.4051e-08	6.9790e-04	9.9335e-01	4.8270e-03	1.1132e-03	1.2663e-05	3.4219e-36	0.00e+00	0.00e+00	5.8854e+00
1.11764e+20	1.1066e+04	3.648e-20	7.7426e+01	8.4189e+01	3.5705e-19	2.9969e-04	9.9970e-01	1.2372e-04	9.9910e-01	7.7790e-04	1.3763e-28	1.9791e-08	4.7009e-04	2.0087e-01	7.9428e-01	5.9127e-08	7.1173e-04	9.9350e-01	4.6855e-03	1.0883e-03	1.1943e-05	4.0579e-36	0.00e+00	0.00e+00	6.1536e+00
1.13503e+20	1.1138e+04	3.694e-20	7.7426e+01	8.4187e+01	3.9137e-19	3.1605e-04	9.9968e-01	1.2678e-04	9.9911e-01	7.6016e-04	1.6282e-28	2.0912e-08	4.9085e-04	2.0458e-01	7.9071e-01	6.4326e-08	7.2515e-04	9.9363e-01	4.5613e-03	1.0665e-03	1.1327e-05	4.9143e-36	0.00e+00	0.00e+00	6.4081e+00
1.15068e+20	1.1204e+04	3.736e-20	7.7426e+01	8.4186e+01	4.2213e-19	3.3187e-04	9.9967e-01	1.2976e-04	9.9912e-01	7.4532e-04	1.8993e-28	2.2009e-08	5.1117e-04	2.0808e-01	7.8732e-01	6.9633e-08	7.3836e-04	9.9375e-01	4.4525e-03	1.0475e-03	1.0799e-05	5.7751e-36	0.00e+00	0.00e+00	6.6486e+00
1.16477e+20	1.1263e+04	3.774e-20	7.7426e+01	8.4184e+01	4.5093e-19	3.4709e-04	9.9965e-01	1.3264e-04	9.9913e-01	7.3296e-04	2.1893e-28	2.3076e-08	5.3095e-04	2.1140e-01	7.8411e-01	7.4992e-08	7.5117e-04	9.9385e-01	4.3567e-03	1.0308e-03	1.0344e-05	6.6556e-36	0.00e+00	0.00e+00	6.8750e+00
1.17790e+20	1.1312e+04	3.811e-20	7.7426e+01	8.4183e+01	4.8790e-19	3.6218e-04	9.9964e-01	1.3548e-04	9.9914e-01	7.2208e-04	2.5253e-28	2.4144e-08	5.5093e-04	2.1470e-01	7.8091e-01	8.0539e-08	7.6399e-04	9.9394e-01	4.2666e-03	1.0152e-03	9.9275e-06	7.8289e-36	0.00e+00	0.00e+00	7.1036e+00
1.19081e+20	1.1368e+04	3.845e-20	7.7426e+01	8.4182e+01	5.2352e-19	3.7783e-04	9.9962e-01	1.3841e-04	9.9915e-01	7.1043e-04	2.9107e-28	2.5277e-08	5.7188e-04	2.1804e-01	7.7764e-01	8.6578e-08	7.7726e-04	9.9403e-01	4.1784e-03	1.0004e-03	9.5305e-06	9.1174e-36	0.00e+00	0.00e+00	7.3421e+00
1.20373e+20	1.1423e+04	3.881e-20	7.7426e+01	8.4180e+01	5.6049e-19	3.9453e-04	9.9961e-01	1.4156e-04	9.9916e-01	6.9811e-04	3.3658e-28	2.6500e-08	5.9451e-04	2.2156e-01	7.7420e-01	9.3321e-08	7.9156e-04	9.9412e-01	4.0908e-03	9.8578e-04	9.1455e-06	1.0570e-35	0.00e+00	0.00e+00	7.5912e+00
1.21665e+20	1.1476e+04	3.917e-20	7.7426e+01	8.4179e+01	6.0426e-19	4.1237e-04	9.9959e-01	1.4492e-04	9.9917e-01	6.8601e-04	3.9198e-28	2.7822e-08	6.1896e-04	2.2527e-01	7.7058e-01	1.0087e-07	8.0694e-04	9.9421e-01	4.0043e-03	9.7149e-04	8.7730e-06	1.2419e-35	0.00e+00	0.00e+00	7.8515e+00
1.22956e+20	1.1530e+04	3.953e-20	7.7426e+01	8.4177e+01	6.5079e-19	4.3138e-04	9.9957e-01	1.4850e-04	9.9918e-01	6.7423e-04	4.5830e-28	2.9245e-08	6.4529e-04	2.2914e-01	7.6678e-01	1.0932e-07	8.2342e-04	9.9429e-01	3.9192e-03	9.5755e-04	8.4133e-06	1.4587e-35	0.00e+00	0.00e+00	8.1238e+00
1.24248e+20	1.1584e+04	3.990e-20	7.7426e+01	8.4175e+01	7.0229e-19	4.5174e-04	9.9955e-01	1.5233e-04	9.9918e-01	6.6268e-04	5.3879e-28	3.0790e-08	6.7382e-04	2.3321e-01	7.6277e-01	1.1884e-07	8.4119e-04	9.9437e-01	3.8350e-03	9.4390e-04	8.0649e-06	1.7205e-35	0.00e+00	0.00e+00	8.4089e+00
1.25539e+20	1.1638e+04	4.028e-20	7.7426e+01	8.4173e+01	7.6156e-19	4.7356e-04	9.9953e-01	1.5643e-04	9.9919e-01	6.5138e-04	6.3787e-28	3.2466e-08	7.0478e-04	2.3749e-01	7.5855e-01	1.2959e-07	8.6037e-04	9.9445e-01	3.7518e-03	9.3054e-04	7.7273e-06	2.0505e-35	0.00e+00	0.00e+00	8.7079e+00
1.26831e+20	1.1691e+04	4.066e-20	7.7426e+01	8.4171e+01	8.2666e-19	4.9699e-04	9.9950e-01	1.6082e-04	9.9920e-01	6.4030e-04	7.5945e-28	3.4290e-08	7.3843e-04	2.4200e-01	7.5410e-01	1.4178e-07	8.8111e-04	9.9452e-01	3.6694e-03	9.1747e-04	7.4000e-06	2.4514e-35	0.00e+00	0.00e+00	9.0216e+00
1.28122e+20	1.1745e+04	4.105e-20	7.7426e+01	8.4169e+01	9.0071e-19	5.2221e-04	9.9948e-01	1.6554e-04	9.9921e-01	6.2943e-04	9.1066e-28	3.6280e-08	7.7512e-04	2.4676e-01	7.4939e-01	1.5566e-07	9.0360e-04	9.9460e-01	3.5876e-03	9.0467e-04	7.0822e-06	2.9547e-35	0.00e+00	0.00e+00	9.3512e+00
1.28961e+20	1.1788e+04	4.133e-20	7.7426e+01	8.4167e+01	9.3540e-19	5.4075e-04	9.9946e-01	1.6914e-04	9.9921e-01	6.2373e-04	1.0235e-27	3.7633e-08	8.0022e-04	2.4962e-01	7.4656e-01	1.6651e-07	9.2099e-04	9.9462e-01	3.5488e-03	8.9847e-04	6.9144e-06	3.2355e-35	0.00e+00	0.00e+00	9.4535e+00
###########################
1.15554e+16	1.7501e+04	4.203e-20	7.7426e+01	9.0909e+01	7.5468e-21	5.8485e-05	9.9994e-01	3.8695e-07	6.1674e-03	9.9383e-01	3.1105e-34	7.6164e-11	4.8798e-06	3.4971e-03	7.1094e-02	1.4973e-11	8.7318e-07	1.8569e-03	1.5152e-01	4.5541e-01	3.0814e-01	1.1755e-36	0.00e+00	0.00e+00	6.6061e-04
6.93326e+16	1.7450e+04	4.192e-20	7.7426e+01	9.0907e+01	6.9294e-21	5.8478e-05	9.9994e-01	3.8610e-07	6.1702e-03	9.9383e-01	2.7628e-34	3.9788e-11	4.8637e-06	3.4926e-03	7.1394e-02	1.5023e-11	8.7683e-07	1.8715e-03	1.5219e-01	4.5671e-01	3.0746e-01	1.1755e-36	0.00e+00	0.00e+00	3.3027e-03
3.00441e+17	1.7350e+04	4.172e-20	7.7426e+01	9.0907e+01	7.0791e-21	5.8394e-05	9.9994e-01	3.8829e-07	6.1966e-03	9.9380e-01	2.8231e-34	3.8488e-11	4.8905e-06	3.5303e-03	7.2386e-02	1.5237e-11	8.9167e-07	1.9232e-03	1.5435e-01	4.5873e-01	3.0578e-01	1.1755e-36	0.00e+00	0.00e+00	1.3856e-02
1.22488e+18	1.7125e+04	4.136e-20	7.7426e+01	9.0905e+01	7.1841e-21	5.7994e-05	9.9994e-01	3.9270e-07	6.3252e-03	9.9367e-01	2.9346e-34	3.5903e-11	5.0118e-06	3.6938e-03	7.5610e-02	1.5723e-11	9.3030e-07	2.1070e-03	1.6144e-01	4.6408e-01	2.9849e-01	1.1755e-36	0.00e+00	0.00e+00	5.5781e-02
2.92584e+18	1.6596e+04	4.014e-20	7.7426e+01	9.0903e+01	6.8635e-21	5.5340e-05	9.9994e-01	3.7780e-07	6.2441e-03	9.9376e-01	2.5667e-34	2.7223e-11	4.9170e-06	3.8048e-03	8.0441e-02	1.5360e-11	9.4715e-07	2.3688e-03	1.7137e-01	4.7143e-01	2.8811e-01	1.1755e-36	0.00e+00	0.00e+00	1.0779e-01
4.79363e+18	1.6111e+04	3.914e-20	7.7426e+01	9.0901e+01	6.5030e-21	5.2742e-05	9.9995e-01	3.6495e-07	6.2051e-03	9.9379e-01	2.2472e-34	2.2561e-11	4.8464e-06	3.9319e-03	8.5246e-02	1.5003e-11	9.6433e-07	2.6439e-03	1.8160e-01	4.7874e-01	2.7698e-01	1.1755e-36	0.00e+00	0.00e+00	1.5452e-01
6.60300e+18	1.5748e+04	3.854e-20	7.7426e+01	9.0899e+01	6.3425e-21	5.0976e-05	9.9995e-01	3.6217e-07	6.2972e-03	9.9370e-01	2.1619e-34	2.0904e-11	4.9081e-06	4.1256e-03	9.0028e-02	1.5220e-11	1.0078e-06	2.9536e-03	1.9242e-01	4.8537e-01	2.6522e-01	1.1755e-36	0.00e+00	0.00e+00	1.9951e-01
8.67861e+18	1.5381e+04	3.820e-20	7.7426e+01	9.0894e+01	6.3957e-21	4.9995e-05	9.9995e-01	3.7407e-07	6.5836e-03	9.9342e-01	2.3791e-34	2.1306e-11	5.1946e-06	4.4730e-03	9.6433e-02	1.6607e-11	1.1183e-06	3.4229e-03	2.0737e-01	4.9206e-01	2.4985e-01	1.1755e-36	0.00e+00	0.00e+00	2.5682e-01
1.13287e+19	1.4961e+04	3.795e-20	7.7426e+01	9.0888e+01	6.4947e-21	4.9023e-05	9.9995e-01	3.9660e-07	7.0762e-03	9.9292e-01	2.8102e-34	2.3183e-11	5.6917e-06	5.0335e-03	1.0562e-01	1.8954e-11	1.2988e-06	4.1691e-03	2.2862e-01	4.9820e-01	2.2939e-01	1.1755e-36	0.00e+00	0.00e+00	3.2762e-01
1.39206e+19	1.4572e+04	3.771e-20	7.7426e+01	9.0881e+01	6.3542e-21	4.7409e-05	9.9995e-01	4.1636e-07	7.6105e-03	9.9239e-01	3.0780e-34	2.5108e-11	6.1578e-06	5.6418e-03	1.1513e-01	2.0852e-11	1.4720e-06	5.0214e-03	2.4984e-01	5.0122e-01	2.1043e-01	1.1755e-36	0.00e+00	0.00e+00	3.7927e-01
1.59433e+19	1.4299e+04	3.768e-20	7.7426e+01	9.0874e+01	6.3805e-21	4.6576e-05	9.9995e-01	4.4419e-07	8.2094e-03	9.9179e-01	3.6029e-34	2.8260e-11	6.7261e-06	6.2763e-03	1.2389e-01	2.3458e-11	1.6803e-06	5.9034e-03	2.6903e-01	5.0113e-01	1.9482e-01	1.1755e-36	0.00e+00	0.00e+00	4.2061e-01
1.76381e+19	1.4082e+04	3.775e-20	7.7426e+01	9.0868e+01	6.4336e-21	4.6123e-05	9.9995e-01	4.7705e-07	8.8657e-03	9.9113e-01	4.3020e-34	3.2294e-11	7.3657e-06	6.9496e-03	1.3245e-01	2.6554e-11	1.9167e-06	6.8507e-03	2.8719e-01	4.9897e-01	1.8127e-01	1.1755e-36	0.00e+00	0.00e+00	4.5608e-01
1.91712e+19	1.3889e+04	3.788e-20	7.7426e+01	9.0860e+01	6.5875e-21	4.5924e-05	9.9995e-01	5.1726e-07	9.6176e-03	9.9038e-01	5.3234e-34	3.7514e-11	8.1268e-06	7.7072e-03	1.4148e-01	3.0487e-11	2.2052e-06	7.9368e-03	3.0562e-01	4.9502e-01	1.6860e-01	1.1755e-36	0.00e+00	0.00e+00	4.8959e-01
2.06335e+19	1.3705e+04	3.806e-20	7.7426e+01	9.0853e+01	6.8070e-21	4.5860e-05	9.9995e-01	5.6716e-07	1.0508e-02	9.8949e-01	6.8051e-34	4.4338e-11	9.0507e-06	8.5889e-03	1.5142e-01	3.5577e-11	2.5691e-06	9.2361e-03	3.2499e-01	4.8921e-01	1.5633e-01	1.1755e-36	0.00e+00	0.00e+00	5.2168e-01
2.20137e+19	1.3540e+04	3.827e-20	7.7426e+01	9.0844e+01	6.9665e-21	4.5830e-05	9.9995e-01	6.2516e-07	1.1544e-02	9.8846e-01	8.7162e-34	5.2790e-11	1.0103e-05	9.5904e-03	1.6214e-01	4.1638e-11	3.0004e-06	1.0770e-02	3.4486e-01	4.8169e-01	1.4468e-01	1.1755e-36	0.00e+00	0.00e+00	5.5144e-01
2.32850e+19	1.3387e+04	3.853e-20	7.7426e+01	9.0836e+01	7.1933e-21	4.5831e-05	9.9995e-01	6.9250e-07	1.2731e-02	9.8727e-01	1.1308e-33	6.3066e-11	1.1297e-05	1.0710e-02	1.7355e-01	4.8873e-11	3.5117e-06	1.2553e-02	3.6490e-01	4.7263e-01	1.3385e-01	1.1755e-36	0.00e+00	0.00e+00	5.7864e-01
2.44489e+19	1.3262e+04	3.879e-20	7.7426e+01	9.0825e+01	7.4314e-21	4.5904e-05	9.9995e-01	7.7027e-07	1.4074e-02	9.8592e-01	1.4826e-33	7.5740e-11	1.2639e-05	1.1939e-02	1.8554e-01	5.7651e-11	4.1212e-06	1.4609e-02	3.8479e-01	4.6235e-01	1.2383e-01	1.1755e-36	0.00e+00	0.00e+00	6.0362e-01
2.55154e+19	1.3151e+04	3.908e-20	7.7426e+01	9.0814e+01	7.4398e-21	4.6022e-05	9.9995e-01	8.5982e-07	1.5600e-02	9.8440e-01	1.9140e-33	9.0980e-11	1.4134e-05	1.3287e-02	1.9816e-01	6.8144e-11	4.8409e-06	1.6975e-02	4.0442e-01	4.5102e-01	1.1460e-01	1.1755e-36	0.00e+00	0.00e+00	6.2655e-01
2.64973e+19	1.3041e+04	3.942e-20	7.7426e+01	9.0797e+01	7.7858e-21	4.6252e-05	9.9995e-01	9.6482e-07	1.7352e-02	9.8265e-01	2.5606e-33	1.0957e-10	1.5825e-05	1.4775e-02	2.1162e-01	8.1009e-11	5.7051e-06	1.9727e-02	4.2392e-01	4.3864e-01	1.0599e-01	1.1755e-36	0.00e+00	0.00e+00	6.4790e-01
2.74086e+19	1.2951e+04	3.977e-20	7.7426e+01	9.0780e+01	8.0083e-21	4.6448e-05	9.9995e-01	1.0860e-06	1.9361e-02	9.8064e-01	3.4003e-33	1.3189e-10	1.7697e-05	1.6404e-02	2.2585e-01	9.6355e-11	6.7301e-06	2.2926e-02	4.4311e-01	4.2539e-01	9.7972e-02	1.1755e-36	0.00e+00	0.00e+00	6.6784e-01
2.82552e+19	1.2875e+04	4.015e-20	7.7426e+01	9.0762e+01	8.1843e-21	4.6648e-05	9.9995e-01	1.2272e-06	2.1680e-02	9.7832e-01	4.5187e-33	1.5860e-10	1.9774e-05	1.8184e-02	2.4096e-01	1.1491e-10	7.9566e-06	2.6658e-02	4.6195e-01	4.1131e-01	9.0467e-02	1.1755e-36	0.00e+00	0.00e+00	6.8642e-01
2.90393e+19	1.2813e+04	4.055e-20	7.7426e+01	9.0742e+01	8.3832e-21	4.6846e-05	9.9995e-01	1.3915e-06	2.4359e-02	9.7564e-01	6.0304e-33	1.9032e-10	2.2057e-05	2.0116e-02	2.5694e-01	1.3725e-10	9.4196e-06	3.1011e-02	4.8028e-01	3.9651e-01	8.3462e-02	1.1755e-36	0.00e+00	0.00e+00	7.0366e-01
2.97631e+19	1.2755e+04	4.099e-20	7.7426e+01	9.0721e+01	8.5778e-21	4.7063e-05	9.9995e-01	1.5849e-06	2.7467e-02	9.7253e-01	8.0739e-33	2.2785e-10	2.4581e-05	2.2211e-02	2.7387e-01	1.6449e-10	1.1182e-05	3.6094e-02	4.9798e-01	3.8106e-01	7.6922e-02	1.1755e-36	0.00e+00	0.00e+00	7.1963e-01
3.04299e+19	1.2728e+04	4.143e-20	7.7426e+01	9.0695e+01	8.7023e-21	4.7222e-05	9.9995e-01	1.8060e-06	3.1031e-02	9.6897e-01	1.0728e-32	2.7115e-10	2.7259e-05	2.4423e-02	2.9148e-01	1.9655e-10	1.3247e-05	4.1972e-02	5.1469e-01	3.6525e-01	7.0849e-02	1.1755e-36	0.00e+00	0.00e+00	7.3439e-01
3.10444e+19	1.2698e+04	4.193e-20	7.7426e+01	9.0666e+01	8.8044e-21	4.7412e-05	9.9995e-01	2.0660e-06	3.5184e-02	9.6481e-01	1.4232e-32	3.2141e-10	3.0174e-05	2.6802e-02	3.1011e-01	2.3519e-10	1.5711e-05	4.8840e-02	5.3049e-01	3.4890e-01	6.5164e-02	1.1755e-36	0.00e+00	0.00e+00	7.4805e-01
3.16104e+19	1.2702e+04	4.241e-20	7.7426e+01	9.0630e+01	8.7977e-21	4.7529e-05	9.9995e-01	2.3634e-06	3.9966e-02	9.6003e-01	1.8668e-32	3.7807e-10	3.3207e-05	2.9276e-02	3.2939e-01	2.8037e-10	1.8587e-05	5.6778e-02	5.4498e-01	3.3233e-01	5.9873e-02	1.1755e-36	0.00e+00	0.00e+00	7.6065e-01
3.21313e+19	1.2690e+04	4.302e-20	7.7426e+01	9.0604e+01	8.8081e-21	4.7457e-05	9.9995e-01	2.6908e-06	4.5499e-02	9.5450e-01	2.3599e-32	4.3473e-10	3.6159e-05	3.1891e-02	3.4963e-01	3.2553e-10	2.1595e-05	6.5940e-02	5.5822e-01	3.1540e-01	5.4926e-02	1.1755e-36	0.00e+00	0.00e+00	7.7223e-01
3.26132e+19	1.2729e+04	4.350e-20	7.7426e+01	9.0549e+01	8.8254e-21	4.7735e-05	9.9995e-01	3.1229e-06	5.2050e-02	9.4795e-01	3.2191e-32	5.1410e-10	3.9884e-05	3.4620e-02	3.7066e-01	3.9960e-10	2.6095e-05	7.6780e-02	5.6982e-01	2.9813e-01	5.0238e-02	1.1755e-36	0.00e+00	0.00e+00	7.8307e-01
3.30548e+19	1.2766e+04	4.408e-20	7.7426e+01	9.0496e+01	8.5667e-21	4.7779e-05	9.9995e-01	3.5972e-06	5.9623e-02	9.4037e-01	4.1248e-32	5.9230e-10	4.3406e-05	3.7428e-02	3.9238e-01	4.7535e-10	3.0848e-05	8.9214e-02	5.7957e-01	2.8073e-01	4.5879e-02	1.1755e-36	0.00e+00	0.00e+00	7.9285e-01
3.34553e+19	1.2795e+04	4.472e-20	7.7426e+01	9.0433e+01	8.5453e-21	4.7860e-05	9.9995e-01	4.1490e-06	6.8390e-02	9.3161e-01	5.3327e-32	6.7735e-10	4.7068e-05	4.0322e-02	4.1473e-01	5.6426e-10	3.6383e-05	1.0346e-01	5.8727e-01	2.6326e-01	4.1813e-02	1.1755e-36	0.00e+00	0.00e+00	8.0179e-01
3.38234e+19	1.2819e+04	4.541e-20	7.7426e+01	9.0373e+01	8.4965e-21	4.7922e-05	9.9995e-01	4.8001e-06	7.8664e-02	9.2133e-01	6.8545e-32	7.6914e-10	5.0904e-05	4.3332e-02	4.3787e-01	6.6910e-10	4.2889e-05	1.1991e-01	5.9276e-01	2.4556e-01	3.7965e-02	1.1755e-36	0.00e+00	0.00e+00	8.1008e-01
3.41633e+19	1.2881e+04	4.607e-20	7.7426e+01	9.0283e+01	8.3552e-21	4.7958e-05	9.9995e-01	5.5480e-06	9.0566e-02	9.0943e-01	8.7144e-32	8.6579e-10	5.4694e-05	4.6297e-02	4.6128e-01	7.9100e-10	5.0420e-05	1.3869e-01	5.9554e-01	2.2794e-01	3.4363e-02	1.1755e-36	0.00e+00	0.00e+00	8.1772e-01
3.44762e+19	1.2913e+04	4.683e-20	7.7426e+01	9.0202e+01	8.2231e-21	4.8016e-05	9.9995e-01	6.4421e-06	1.0465e-01	8.9535e-01	1.1019e-31	9.6874e-10	5.8701e-05	4.9417e-02	4.8557e-01	9.3408e-10	5.9226e-05	1.6036e-01	5.9556e-01	2.1002e-01	3.0927e-02	1.1755e-36	0.00e+00	0.00e+00	8.2476e-01
3.47631e+19	1.2992e+04	4.750e-20	7.7426e+01	9.0074e+01	8.0232e-21	4.7996e-05	9.9995e-01	7.4427e-06	1.2072e-01	8.7927e-01	1.3718e-31	1.0714e-09	6.2461e-05	5.2375e-02	5.0957e-01	1.0943e-09	6.9115e-05	1.8456e-01	5.9230e-01	1.9255e-01	2.7753e-02	1.1755e-36	0.00e+00	0.00e+00	8.3119e-01
3.50268e+19	1.3028e+04	4.828e-20	7.7426e+01	8.9957e+01	7.9192e-21	4.8091e-05	9.9995e-01	8.6456e-06	1.3961e-01	8.6038e-01	1.7102e-31	1.1803e-09	6.6468e-05	5.5460e-02	5.3415e-01	1.2831e-09	8.0611e-05	2.1202e-01	5.8574e-01	1.7497e-01	2.4734e-02	1.1755e-36	0.00e+00	0.00e+00	8.3714e-01
3.52703e+19	1.3079e+04	4.902e-20	7.7426e+01	8.9849e+01	7.8814e-21	4.8135e-05	9.9995e-01	1.0023e-05	1.6140e-01	8.3859e-01	2.1178e-31	1.2896e-09	7.0406e-05	5.8520e-02	5.5859e-01	1.4929e-09	9.3417e-05	2.4260e-01	5.7553e-01	1.5769e-01	2.1904e-02	1.1755e-36	0.00e+00	0.00e+00	8.4264e-01
3.54955e+19	1.3107e+04	4.975e-20	7.7426e+01	8.9665e+01	7.7087e-21	4.8279e-05	9.9995e-01	1.1622e-05	1.8651e-01	8.1348e-01	2.5752e-31	1.3986e-09	7.4262e-05	6.1475e-02	5.8294e-01	1.7340e-09	1.0795e-04	2.7636e-01	5.6153e-01	1.4081e-01	1.9277e-02	1.1755e-36	0.00e+00	0.00e+00	8.4775e-01
3.57049e+19	1.3141e+04	5.041e-20	7.7426e+01	8.9509e+01	7.6938e-21	4.8395e-05	9.9995e-01	1.3442e-05	2.1518e-01	7.8481e-01	3.1256e-31	1.5067e-09	7.8045e-05	6.4399e-02	6.0683e-01	1.9959e-09	1.2374e-04	3.1320e-01	5.4372e-01	1.2447e-01	1.6827e-02	1.1755e-36	0.00e+00	0.00e+00	8.5254e-01
3.59011e+19	1.3158e+04	5.096e-20	7.7426e+01	8.9242e+01	7.5013e-21	4.8563e-05	9.9995e-01	1.5493e-05	2.4769e-01	7.5229e-01	3.6938e-31	1.6077e-09	8.1522e-05	6.7116e-02	6.3020e-01	2.2836e-09	1.4099e-04	3.5280e-01	5.2216e-01	1.0887e-01	1.4589e-02	1.1755e-36	0.00e+00	0.00e+00	8.5704e-01
3.60866e+19	1.3158e+04	5.141e-20	7.7426e+01	8.8983e+01	7.4783e-21	4.8792e-05	9.9995e-01	1.7830e-05	2.8447e-01	7.1552e-01	4.3736e-31	1.7083e-09	8.5016e-05	6.9806e-02	6.5298e-01	2.5992e-09	1.5973e-04	3.9517e-01	4.9692e-01	9.3995e-02	1.2521e-02	1.1755e-36	0.00e+00	0.00e+00	8.6136e-01
3.62637e+19	1.3138e+04	5.172e-20	7.7426e+01	8.8708e+01	7.5143e-21	4.9100e-05	9.9995e-01	2.0475e-05	3.2573e-01	6.7425e-01	5.1412e-31	1.8063e-09	8.8425e-05	7.2405e-02	6.7503e-01	2.9419e-09	1.7982e-04	4.3992e-01	4.6822e-01	8.0013e-02	1.0635e-02	1.1755e-36	0.00e+00	0.00e+00	8.6552e-01
3.64334e+19	1.3097e+04	5.183e-20	7.7426e+01	8.8406e+01	7.6128e-21	4.9487e-05	9.9995e-01	2.3406e-05	3.7112e-01	6.2886e-01	5.9898e-31	1.9002e-09	9.1707e-05	7.4874e-02	6.9603e-01	3.3066e-09	2.0090e-04	4.8611e-01	4.3670e-01	6.7180e-02	8.9470e-03	1.1755e-36	0.00e+00	0.00e+00	8.6954e-01
3.65975e+19	1.3030e+04	5.170e-20	7.7426e+01	8.8080e+01	7.7908e-21	4.9964e-05	9.9995e-01	2.6604e-05	4.2013e-01	5.7984e-01	6.9230e-31	1.9904e-09	9.4886e-05	7.7211e-02	7.1577e-01	3.6902e-09	2.2267e-04	5.3289e-01	4.0309e-01	5.5633e-02	7.4590e-03	1.1755e-36	0.00e+00	0.00e+00	8.7349e-01
3.67592e+19	1.2935e+04	5.130e-20	7.7426e+01	8.7733e+01	8.0619e-21	5.0540e-05	9.9995e-01	3.0059e-05	4.7235e-01	5.2762e-01	7.9462e-31	2.0775e-09	9.7988e-05	7.9435e-02	7.3422e-01	4.0914e-09	2.4495e-04	5.7965e-01	3.6797e-01	4.5405e-02	6.1602e-03	1.1755e-36	0.00e+00	0.00e+00	8.7748e-01
3.69446e+19	1.2785e+04	5.046e-20	7.7426e+01	8.7325e+01	8.5475e-21	5.1370e-05	9.9995e-01	3.4249e-05	5.3397e-01	4.6600e-01	9.2757e-31	2.1782e-09	1.0162e-04	8.1893e-02	7.5346e-01	4.5740e-09	2.7081e-04	6.3169e-01	3.2729e-01	3.5414e-02	4.8987e-03	1.1755e-36	0.00e+00	0.00e+00	8.8274e-01
3.71429e+19	1.2593e+04	4.922e-20	7.7426e+01	8.6879e+01	9.2224e-21	5.2341e-05	9.9995e-01	3.8905e-05	6.0122e-01	3.9874e-01	1.0786e-30	2.2797e-09	1.0530e-04	8.4332e-02	7.7164e-01	5.0875e-09	2.9756e-04	6.8431e-01	2.8446e-01	2.6789e-02	3.8143e-03	1.1755e-36	0.00e+00	0.00e+00	8.8753e-01
3.73174e+19	1.2396e+04	4.784e-20	7.7426e+01	8.6498e+01	1.0014e-20	5.3295e-05	9.9995e-01	4.2944e-05	6.5772e-01	3.4223e-01	1.2223e-30	2.3684e-09	1.0853e-04	8.6369e-02	7.8533e-01	5.5330e-09	3.1982e-04	7.2615e-01	2.4931e-01	2.0899e-02	3.0643e-03	1.1755e-36	0.00e+00	0.00e+00	8.9174e-01
3.75035e+19	1.2163e+04	4.617e-20	7.7426e+01	8.6141e+01	1.1097e-20	5.4428e-05	9.9995e-01	4.6987e-05	7.1120e-01	2.8876e-01	1.3921e-30	2.4687e-09	1.1218e-04	8.8494e-02	7.9727e-01	6.0014e-09	3.4198e-04	7.6474e-01	2.1606e-01	1.6215e-02	2.4495e-03	1.1755e-36	0.00e+00	0.00e+00	8.9734e-01
3.77134e+19	1.1903e+04	4.429e-20	7.7426e+01	8.5796e+01	1.2480e-20	5.5683e-05	9.9994e-01	5.1088e-05	7.6313e-01	2.3682e-01	1.5841e-30	2.5779e-09	1.1611e-04	9.0717e-02	8.0789e-01	6.4819e-09	3.6371e-04	8.0078e-01	1.8427e-01	1.2499e-02	1.9428e-03	1.1755e-36	0.00e+00	0.00e+00	9.0304e-01
3.79162e+19	1.1659e+04	4.254e-20	7.7426e+01	8.5518e+01	1.3895e-20	5.6863e-05	9.9994e-01	5.4531e-05	8.0431e-01	1.9563e-01	1.7664e-30	2.6818e-09	1.1981e-04	9.2733e-02	8.1577e-01	6.9027e-09	3.8181e-04	8.2886e-01	1.5902e-01	1.0036e-02	1.5875e-03	1.1755e-36	0.00e+00	0.00e+00	9.0849e-01
3.81419e+19	1.1403e+04	4.074e-20	7.7426e+01	8.5277e+01	1.5726e-20	5.8158e-05	9.9994e-01	5.7814e-05	8.4048e-01	1.5946e-01	1.9823e-30	2.8002e-09	1.2395e-04	9.4887e-02	8.2236e-01	7.3394e-09	3.9955e-04	8.5388e-01	1.3616e-01	8.1697e-03	1.2971e-03	1.1755e-36	0.00e+00	0.00e+00	9.1574e-01
3.84353e+19	1.1108e+04	3.874e-20	7.7426e+01	8.5044e+01	1.8045e-20	5.9706e-05	9.9994e-01	6.1288e-05	8.7562e-01	1.2432e-01	2.2436e-30	2.9475e-09	1.2903e-04	9.7449e-02	8.2842e-01	7.8346e-09	4.1857e-04	8.7839e-01	1.1345e-01	6.6366e-03	1.0351e-03	1.1755e-36	0.00e+00	0.00e+00	9.2542e-01
3.87591e+19	1.0844e+04	3.697e-20	7.7426e+01	8.4860e+01	2.0673e-20	6.1126e-05	9.9994e-01	6.4206e-05	9.0297e-01	9.6966e-02	2.5064e-30	3.0875e-09	1.3380e-04	9.9842e-02	8.3291e-01	8.2672e-09	4.3439e-04	8.9754e-01	9.5491e-02	5.6342e-03	8.4393e-04	1.1755e-36	0.00e+00	0.00e+00	9.3486e-01
3.91120e+19	1.0605e+04	3.541e-20	7.7426e+01	8.4720e+01	2.3505e-20	6.2517e-05	9.9994e-01	6.6686e-05	9.2359e-01	7.6347e-02	2.7796e-30	3.2311e-09	1.3861e-04	1.0218e-01	8.3617e-01	8.6775e-09	4.4854e-04	9.1282e-01	8.1033e-02	4.9597e-03	6.9851e-04	1.1755e-36	0.00e+00	0.00e+00	9.4678e-01
3.95605e+19	1.0365e+04	3.389e-20	7.7426e+01	8.4602e+01	2.6911e-20	6.4020e-05	9.9994e-01	6.9069e-05	9.4126e-01	5.8666e-02	3.0924e-30	3.3917e-09	1.4391e-04	1.0472e-01	8.3889e-01	9.1056e-09	4.6252e-04	9.2654e-01	6.7946e-02	4.4415e-03	5.7247e-04	1.1755e-36	0.00e+00	0.00e+00	9.6264e-01
4.01433e+19	1.0130e+04	3.246e-20	7.7426e+01	8.4503e+01	3.0718e-20	6.5644e-05	9.9993e-01	7.1327e-05	9.5593e-01	4.3997e-02	3.4339e-30	3.5707e-09	1.4970e-04	1.0745e-01	8.4107e-01	9.5499e-09	4.7615e-04	9.3858e-01	5.6404e-02	4.0469e-03	4.6485e-04	1.1755e-36	0.00e+00	0.00e+00	9.8377e-01
4.08971e+19	9.9132e+03	3.115e-20	7.7426e+01	8.4425e+01	3.5201e-20	6.7340e-05	9.9993e-01	7.3377e-05	9.6747e-01	3.2452e-02	3.8131e-30	3.7599e-09	1.5572e-04	1.1026e-01	8.4279e-01	9.9907e-09	4.8874e-04	9.4878e-01	4.6578e-02	3.7485e-03	3.7545e-04	1.1755e-36	0.00e+00	0.00e+00	1.0117e+00
4.18738e+19	9.7213e+03	3.002e-20	7.7426e+01	8.4365e+01	3.9255e-20	6.9134e-05	9.9993e-01	7.5221e-05	9.7629e-01	2.3634e-02	4.1768e-30	3.9609e-09	1.6197e-04	1.1316e-01	8.4413e-01	1.0431e-08	5.0027e-04	9.5722e-01	3.8440e-02	3.5148e-03	3.0252e-04	1.1755e-36	0.00e+00	0.00e+00	1.0490e+00
4.31435e+19	9.5566e+03	2.907e-20	7.7426e+01	8.4321e+01	4.4517e-20	7.1084e-05	9.9993e-01	7.6879e-05	9.8289e-01	1.7030e-02	4.6141e-30	4.1764e-09	1.6848e-04	1.1616e-01	8.4515e-01	1.0875e-08	5.1070e-04	9.6411e-01	3.1798e-02	3.3186e-03	2.4347e-04	1.1755e-36	0.00e+00	0.00e+00	1.0989e+00
4.47940e+19	9.4236e+03	2.829e-20	7.7426e+01	8.4288e+01	4.9905e-20	7.3284e-05	9.9993e-01	7.8394e-05	9.8773e-01	1.2188e-02	5.0872e-30	4.4156e-09	1.7538e-04	1.1931e-01	8.4593e-01	1.1345e-08	5.2037e-04	9.6971e-01	2.6413e-02	3.1397e-03	1.9573e-04	1.1755e-36	0.00e+00	0.00e+00	1.1657e+00
4.69397e+19	9.3201e+03	2.771e-20	7.7426e+01	8.4264e+01	5.5803e-20	7.5875e-05	9.9992e-01	7.9792e-05	9.9122e-01	8.6968e-03	5.6122e-30	4.6772e-09	1.8256e-04	1.2258e-01	8.4656e-01	1.1844e-08	5.2899e-04	9.7427e-01	2.2069e-02	2.9621e-03	1.5706e-04	1.1755e-36	0.00e+00	0.00e+00	1.2557e+00
4.97291e+19	9.2576e+03	2.729e-20	7.7426e+01	8.4246e+01	6.2242e-20	7.9145e-05	9.9992e-01	8.1224e-05	9.9370e-01	6.2175e-03	6.2777e-30	5.0045e-09	1.9115e-04	1.2640e-01	8.4664e-01	1.2446e-08	5.3765e-04	9.7799e-01	1.8553e-02	2.7758e-03	1.2548e-04	1.1755e-36	0.00e+00	0.00e+00	1.3777e+00
5.33554e+19	9.2311e+03	2.707e-20	7.7426e+01	8.4234e+01	6.8775e-20	8.3483e-05	9.9992e-01	8.2757e-05	9.9545e-01	4.4640e-03	7.0839e-30	5.4092e-09	2.0106e-04	1.3068e-01	8.4630e-01	1.3188e-08	5.4623e-04	9.8112e-01	1.5647e-02	2.5713e-03	9.9191e-05	1.1755e-36	0.00e+00	0.00e+00	1.5449e+00
5.80695e+19	9.2503e+03	2.708e-20	7.7426e+01	8.4224e+01	7.7552e-20	8.9583e-05	9.9991e-01	8.4562e-05	9.9669e-01	3.2250e-03	8.2798e-30	5.9497e-09	2.1347e-04	1.3580e-01	8.4509e-01	1.4190e-08	5.5566e-04	9.8384e-01	1.3176e-02	2.3448e-03	7.6927e-05	1.1755e-36	0.00e+00	0.00e+00	1.7783e+00
6.37707e+19	9.3246e+03	2.735e-20	7.7426e+01	8.4218e+01	8.9662e-20	9.7930e-05	9.9990e-01	8.6587e-05	9.9752e-01	2.3973e-03	1.0025e-29	6.6381e-09	2.2822e-04	1.4160e-01	8.4280e-01	1.5509e-08	5.6559e-04	9.8607e-01	1.1182e-02	2.1163e-03	5.9314e-05	1.1755e-36	0.00e+00	0.00e+00	2.0690e+00
6.99248e+19	9.4628e+03	2.786e-20	7.7426e+01	8.4213e+01	1.0275e-19	1.0854e-04	9.9989e-01	8.8908e-05	9.9804e-01	1.8753e-03	1.2330e-29	7.4468e-09	2.4439e-04	1.4752e-01	8.3966e-01	1.7152e-08	5.7534e-04	9.8781e-01	9.6540e-03	1.9111e-03	4.6350e-05	1.1755e-36	0.00e+00	0.00e+00	2.3997e+00
7.58478e+19	9.6018e+03	2.863e-20	7.7426e+01	8.4210e+01	1.1868e-19	1.2128e-04	9.9988e-01	9.1404e-05	9.9836e-01	1.5508e-03	1.5424e-29	8.3728e-09	2.6225e-04	1.5355e-01	8.3567e-01	1.9174e-08	5.8646e-04	9.8909e-01	8.5401e-03	1.7425e-03	3.7370e-05	1.1755e-36	0.00e+00	0.00e+00	2.7323e+00
8.11785e+19	9.7621e+03	2.945e-20	7.7426e+01	8.4207e+01	1.3915e-19	1.3507e-04	9.9986e-01	9.4002e-05	9.9856e-01	1.3450e-03	1.9535e-29	9.3350e-09	2.8016e-04	1.5908e-01	8.3158e-01	2.1448e-08	5.9738e-04	9.9004e-01	7.7207e-03	1.6105e-03	3.1126e-05	1.1755e-36	0.00e+00	0.00e+00	3.0657e+00
8.59762e+19	9.9204e+03	3.030e-20	7.7426e+01	8.4205e+01	1.6120e-19	1.4988e-04	9.9985e-01	9.6825e-05	9.9870e-01	1.2028e-03	2.4693e-29	1.0347e-08	2.9872e-04	1.6438e-01	8.2736e-01	2.4030e-08	6.0891e-04	9.9077e-01	7.0865e-03	1.5043e-03	2.6564e-05	1.1755e-36	0.00e+00	0.00e+00	3.3987e+00
9.02941e+19	1.0073e+04	3.115e-20	7.7426e+01	8.4202e+01	1.8771e-19	1.6553e-04	9.9983e-01	9.9811e-05	9.9880e-01	1.0991e-03	3.1353e-29	1.1405e-08	3.1793e-04	1.6948e-01	8.2306e-01	2.6934e-08	6.2103e-04	9.9135e-01	6.5814e-03	1.4177e-03	2.3121e-05	1.1755e-36	0.00e+00	0.00e+00	3.7296e+00
9.41801e+19	1.0217e+04	3.199e-20	7.7426e+01	8.4200e+01	2.1601e-19	1.8188e-04	9.9982e-01	1.0292e-04	9.9888e-01	1.0203e-03	3.9590e-29	1.2505e-08	3.3780e-04	1.7443e-01	8.1874e-01	3.0172e-08	6.3373e-04	9.9183e-01	6.1703e-03	1.3461e-03	2.0455e-05	1.3056e-36	0.00e+00	0.00e+00	4.0569e+00
9.76776e+19	1.0349e+04	3.279e-20	7.7426e+01	8.4199e+01	2.5176e-19	1.9874e-04	9.9980e-01	1.0604e-04	9.9894e-01	9.5860e-04	5.0120e-29	1.3636e-08	3.5823e-04	1.7927e-01	8.1440e-01	3.3729e-08	6.4672e-04	9.9222e-01	5.8298e-03	1.2863e-03	1.8348e-05	1.7689e-36	0.00e+00	0.00e+00	4.3787e+00
1.00825e+20	1.0471e+04	3.354e-20	7.7426e+01	8.4197e+01	2.8694e-19	2.1599e-04	9.9978e-01	1.0929e-04	9.9898e-01	9.0911e-04	6.2678e-29	1.4804e-08	3.7927e-04	1.8397e-01	8.1010e-01	3.7639e-08	6.6043e-04	9.9254e-01	5.5440e-03	1.2358e-03	1.6654e-05	2.3052e-36	0.00e+00	0.00e+00	4.6935e+00
1.03658e+20	1.0589e+04	3.423e-20	7.7426e+01	8.4195e+01	3.2532e-19	2.3329e-04	9.9977e-01	1.1255e-04	9.9902e-01	8.6915e-04	7.7782e-29	1.5980e-08	4.0038e-04	1.8844e-01	8.0595e-01	4.1831e-08	6.7415e-04	9.9281e-01	5.3030e-03	1.1933e-03	1.5276e-05	2.9906e-36	0.00e+00	0.00e+00	4.9995e+00
1.06208e+20	1.0680e+04	3.491e-20	7.7426e+01	8.4193e+01	3.6729e-19	2.5092e-04	9.9975e-01	1.1595e-04	9.9905e-01	8.3515e-04	9.5883e-29	1.7207e-08	4.2247e-04	1.9296e-01	8.0171e-01	4.6393e-08	6.8871e-04	9.9304e-01	5.0937e-03	1.1561e-03	1.4128e-05	3.8051e-36	0.00e+00	0.00e+00	5.2958e+00
1.08503e+20	1.0770e+04	3.553e-20	7.7426e+01	8.4192e+01	4.1168e-19	2.6832e-04	9.9973e-01	1.1928e-04	9.9907e-01	8.0715e-04	1.1701e-28	1.8423e-08	4.4432e-04	1.9722e-01	7.9766e-01	5.1185e-08	7.0301e-04	9.9324e-01	4.9145e-03	1.1245e-03	1.3174e-05	4.8029e-36	0.00e+00	0.00e+00	5.5809e+00
1.10568e+20	1.0852e+04	3.609e-20	7.7426e+01	8.4190e+01	4.5372e-19	2.8546e-04	9.9971e-01	1.2271e-04	9.9909e-01	7.8370e-04	1.4074e-28	1.9637e-08	4.6609e-04	2.0130e-01	7.9377e-01	5.6209e-08	7.1731e-04	9.9341e-01	4.7593e-03	1.0971e-03	1.2372e-05	5.8791e-36	0.00e+00	0.00e+00	5.8538e+00
1.12427e+20	1.0926e+04	3.660e-20	7.7426e+01	8.4188e+01	5.0040e-19	3.0224e-04	9.9970e-01	1.2593e-04	9.9911e-01	7.6394e-04	1.6803e-28	2.0839e-08	4.8762e-04	2.0519e-01	7.9003e-01	6.1401e-08	7.3131e-04	9.9356e-01	4.6240e-03	1.0734e-03	1.1690e-05	7.1997e-36	0.00e+00	0.00e+00	6.1140e+00
1.14099e+20	1.0982e+04	3.709e-20	7.7426e+01	8.4186e+01	5.4927e-19	3.1880e-04	9.9968e-01	1.2912e-04	9.9912e-01	7.4683e-04	1.9877e-28	2.2049e-08	5.0928e-04	2.0901e-01	7.8635e-01	6.6801e-08	7.4545e-04	9.9369e-01	4.5038e-03	1.0523e-03	1.1102e-05	8.6770e-36	0.00e+00	0.00e+00	6.3609e+00
1.15605e+20	1.1036e+04	3.754e-20	7.7426e+01	8.4185e+01	5.9950e-19	3.3477e-04	9.9967e-01	1.3215e-04	9.9914e-01	7.3260e-04	2.3277e-28	2.3228e-08	5.3035e-04	2.1259e-01	7.8288e-01	7.2284e-08	7.5912e-04	9.9380e-01	4.3986e-03	1.0339e-03	1.0598e-05	1.0365e-35	0.00e+00	0.00e+00	6.5943e+00
1.16964e+20	1.1082e+04	3.795e-20	7.7426e+01	8.4184e+01	6.5509e-19	3.5024e-04	9.9965e-01	1.3507e-04	9.9914e-01	7.2064e-04	2.7076e-28	2.4385e-08	5.5098e-04	2.1601e-01	7.7955e-01	7.7842e-08	7.7245e-04	9.9389e-01	4.3051e-03	1.0175e-03	1.0159e-05	1.2386e-35	0.00e+00	0.00e+00	6.8154e+00
1.18255e+20	1.1160e+04	3.824e-20	7.7426e+01	8.4182e+01	6.9938e-19	3.6489e-04	9.9964e-01	1.3777e-04	9.9915e-01	7.1150e-04	3.1054e-28	2.5466e-08	5.7025e-04	2.1906e-01	7.7659e-01	8.3405e-08	7.8445e-04	9.9398e-01	4.2206e-03	1.0036e-03	9.7649e-06	1.4486e-35	0.00e+00	0.00e+00	7.0457e+00
1.19547e+20	1.1201e+04	3.865e-20	7.7426e+01	8.4181e+01	7.5880e-19	3.8136e-04	9.9962e-01	1.4087e-04	9.9916e-01	6.9870e-04	3.6030e-28	2.6703e-08	5.9270e-04	2.2263e-01	7.7310e-01	8.9845e-08	7.9861e-04	9.9407e-01	4.1305e-03	9.8836e-04	9.3661e-06	1.7065e-35	0.00e+00	0.00e+00	7.2864e+00
1.20839e+20	1.1274e+04	3.897e-20	7.7426e+01	8.4179e+01	8.0919e-19	3.9831e-04	9.9960e-01	1.4417e-04	9.9917e-01	6.8731e-04	4.1725e-28	2.8031e-08	6.1581e-04	2.2609e-01	7.6972e-01	9.6937e-08	8.1320e-04	9.9416e-01	4.0461e-03	9.7478e-04	8.9923e-06	1.9890e-35	0.00e+00	0.00e+00	7.5379e+00
1.22130e+20	1.1329e+04	3.934e-20	7.7426e+01	8.4178e+01	8.8484e-19	4.1667e-04	9.9958e-01	1.4753e-04	9.9918e-01	6.7562e-04	4.8960e-28	2.9426e-08	6.4103e-04	2.2986e-01	7.6602e-01	1.0484e-07	8.2882e-04	9.9424e-01	3.9604e-03	9.6075e-04	8.6248e-06	2.4017e-35	0.00e+00	0.00e+00	7.8009e+00
1.23422e+20	1.1404e+04	3.967e-20	7.7426e+01	8.4176e+01	9.4960e-19	4.3602e-04	9.9956e-01	1.5114e-04	9.9918e-01	6.6479e-04	5.7372e-28	3.0980e-08	6.6793e-04	2.3367e-01	7.6227e-01	1.1377e-07	8.4570e-04	9.9432e-01	3.8783e-03	9.4781e-04	8.2753e-06	2.8400e-35	0.00e+00	0.00e+00	8.0761e+00
1.24713e+20	1.1456e+04	4.007e-20	7.7426e+01	8.4174e+01	1.0338e-18	4.5741e-04	9.9954e-01	1.5517e-04	9.9919e-01	6.5335e-04	6.7983e-28	3.2695e-08	6.9811e-04	2.3789e-01	7.5811e-01	1.2401e-07	8.6456e-04	9.9440e-01	3.7940e-03	9.3430e-04	7.9286e-06	3.4054e-35	0.00e+00	0.00e+00	8.3649e+00
1.26005e+20	1.1514e+04	4.048e-20	7.7426e+01	8.4173e+01	1.1339e-18	4.8019e-04	9.9952e-01	1.5932e-04	9.9920e-01	6.4250e-04	8.1087e-28	3.4488e-08	7.3011e-04	2.4226e-01	7.5381e-01	1.3543e-07	8.8419e-04	9.9447e-01	3.7115e-03	9.2126e-04	7.5947e-06	4.1531e-35	0.00e+00	0.00e+00	8.6680e+00
1.27296e+20	1.1586e+04	4.086e-20	7.7426e+01	8.4170e+01	1.2269e-18	5.0502e-04	9.9949e-01	1.6409e-04	9.9920e-01	6.3205e-04	9.7162e-28	3.6558e-08	7.6546e-04	2.4683e-01	7.4928e-01	1.4883e-07	9.0643e-04	9.9454e-01	3.6306e-03	9.0902e-04	7.2722e-06	4.9923e-35	0.00e+00	0.00e+00	8.9868e+00
1.28549e+20	1.1634e+04	4.135e-20	7.7426e+01	8.4168e+01	1.3634e-18	5.3214e-04	9.9947e-01	1.6876e-04	9.9921e-01	6.2174e-04	1.1771e-27	3.8712e-08	8.0289e-04	2.5163e-01	7.4454e-01	1.6378e-07	9.2960e-04	9.9461e-01	3.5507e-03	8.9675e-04	6.9627e-06	6.2088e-35	0.00e+00	0.00e+00	9.3022e+00
###########################
1.15554e+16	1.7501e+04	4.203e-20	7.7426e+01	9.0910e+01	7.3616e-21	5.8488e-05	9.9994e-01	3.8646e-07	6.1677e-03	9.9383e-01	3.0619e-34	7.5760e-11	4.8805e-06	3.4975e-03	7.1097e-02	1.4977e-11	8.7334e-07	1.8571e-03	1.5153e-01	4.5541e-01	3.0813e-01	1.1755e-36	0.00e+00	0.00e+00	6.6065e-04
6.93326e+16	1.7450e+04	4.192e-20	7.7426e+01	9.0908e+01	6.9325e-21	5.8478e-05	9.9994e-01	3.8616e-07	6.1702e-03	9.9383e-01	2.7635e-34	3.9831e-11	4.8637e-06	3.4926e-03	7.1394e-02	1.5023e-11	8.7683e-07	1.8715e-03	1.5219e-01	4.5671e-01	3.0746e-01	1.1755e-36	0.00e+00	0.00e+00	3.3028e-03
3.00441e+17	1.7350e+04	4.172e-20	7.7426e+01	9.0907e+01	7.0778e-21	5.8394e-05	9.9994e-01	3.8834e-07	6.1966e-03	9.9380e-01	2.8227e-34	3.8524e-11	4.8905e-06	3.5303e-03	7.2386e-02	1.5237e-11	8.9166e-07	1.9232e-03	1.5435e-01	4.5873e-01	3.0578e-01	1.1755e-36	0.00e+00	0.00e+00	1.3856e-02
1.22488e+18	1.7125e+04	4.136e-20	7.7426e+01	9.0905e+01	7.1823e-21	5.7994e-05	9.9994e-01	3.9275e-07	6.3252e-03	9.9367e-01	2.9340e-34	3.5929e-11	5.0118e-06	3.6938e-03	7.5610e-02	1.5723e-11	9.3030e-07	2.1070e-03	1.6144e-01	4.6408e-01	2.9849e-01	1.1755e-36	0.00e+00	0.00e+00	5.5781e-02
2.92584e+18	1.6596e+04	4.014e-20	7.7426e+01	9.0903e+01	6.8616e-21	5.5340e-05	9.9994e-01	3.7784e-07	6.2441e-03	9.9376e-01	2.5661e-34	2.7240e-11	4.9170e-06	3.8048e-03	8.0440e-02	1.5360e-11	9.4715e-07	2.3688e-03	1.7137e-01	4.7143e-01	2.8811e-01	1.1755e-36	0.00e+00	0.00e+00	1.0779e-01
4.79365e+18	1.6111e+04	3.914e-20	7.7426e+01	9.0901e+01	6.5014e-21	5.2742e-05	9.9995e-01	3.6499e-07	6.2051e-03	9.9379e-01	2.2467e-34	2.2574e-11	4.8464e-06	3.9319e-03	8.5246e-02	1.5003e-11	9.6432e-07	2.6439e-03	1.8160e-01	4.7874e-01	2.7698e-01	1.1755e-36	0.00e+00	0.00e+00	1.5452e-01
6.60304e+18	1.5748e+04	3.854e-20	7.7426e+01	9.0899e+01	6.3410e-21	5.0976e-05	9.9995e-01	3.6221e-07	6.2972e-03	9.9370e-01	2.1614e-34	2.0915e-11	4.9081e-06	4.1256e-03	9.0028e-02	1.5220e-11	1.0078e-06	2.9536e-03	1.9242e-01	4.8537e-01	2.6522e-01	1.1755e-36	0.00e+00	0.00e+00	1.9951e-01
8.67867e+18	1.5381e+04	3.820e-20	7.7426e+01	9.0894e+01	6.3938e-21	4.9995e-05	9.9995e-01	3.7412e-07	6.5836e-03	9.9342e-01	2.3785e-34	2.1317e-11	5.1946e-06	4.4730e-03	9.6433e-02	1.6607e-11	1.1183e-06	3.4229e-03	2.0737e-01	4.9206e-01	2.4985e-01	1.1755e-36	0.00e+00	0.00e+00	2.5682e-01
1.13287e+19	1.4962e+04	3.795e-20	7.7426e+01	9.0888e+01	6.4926e-21	4.9023e-05	9.9995e-01	3.9665e-07	7.0762e-03	9.9292e-01	2.8094e-34	2.3194e-11	5.6917e-06	5.0335e-03	1.0562e-01	1.8953e-11	1.2988e-06	4.1691e-03	2.2862e-01	4.9820e-01	2.2939e-01	1.1755e-36	0.00e+00	0.00e+00	3.2762e-01
1.39207e+19	1.4573e+04	3.771e-20	7.7426e+01	9.0881e+01	6.3520e-21	4.7409e-05	9.9995e-01	4.1640e-07	7.6106e-03	9.9239e-01	3.0771e-34	2.5119e-11	6.1577e-06	5.6418e-03	1.1513e-01	2.0852e-11	1.4720e-06	5.0214e-03	2.4984e-01	5.0122e-01	2.1043e-01	1.1755e-36	0.00e+00	0.00e+00	3.7927e-01
1.59434e+19	1.4299e+04	3.768e-20	7.7426e+01	9.0874e+01	6.3779e-21	4.6576e-05	9.9995e-01	4.4423e-07	8.2094e-03	9.9179e-01	3.6017e-34	2.8271e-11	6.7261e-06	6.2763e-03	1.2389e-01	2.3458e-11	1.6803e-06	5.9035e-03	2.6903e-01	5.0113e-01	1.9482e-01	1.1755e-36	0.00e+00	0.00e+00	4.2062e-01
1.76382e+19	1.4082e+04	3.775e-20	7.7426e+01	9.0868e+01	6.4307e-21	4.6123e-05	9.9995e-01	4.7709e-07	8.8657e-03	9.9113e-01	4.3004e-34	3.2306e-11	7.3657e-06	6.9496e-03	1.3245e-01	2.6554e-11	1.9167e-06	6.8507e-03	2.8719e-01	4.9897e-01	1.8127e-01	1.1755e-36	0.00e+00	0.00e+00	4.5608e-01
1.91713e+19	1.3889e+04	3.788e-20	7.7426e+01	9.0860e+01	6.5844e-21	4.5924e-05	9.9995e-01	5.1730e-07	9.6176e-03	9.9038e-01	5.3214e-34	3.7527e-11	8.1267e-06	7.7072e-03	1.4148e-01	3.0487e-11	2.2052e-06	7.9368e-03	3.0562e-01	4.9502e-01	1.6860e-01	1.1755e-36	0.00e+00	0.00e+00	4.8959e-01
2.06337e+19	1.3705e+04	3.805e-20	7.7426e+01	9.0853e+01	6.8036e-21	4.5860e-05	9.9995e-01	5.6720e-07	1.0508e-02	9.8949e-01	6.8025e-34	4.4352e-11	9.0506e-06	8.5889e-03	1.5142e-01	3.5577e-11	2.5690e-06	9.2362e-03	3.2499e-01	4.8921e-01	1.5633e-01	1.1755e-36	0.00e+00	0.00e+00	5.2168e-01
2.20138e+19	1.3540e+04	3.827e-20	7.7426e+01	9.0844e+01	6.9628e-21	4.5830e-05	9.9995e-01	6.2520e-07	1.1544e-02	9.8846e-01	8.7128e-34	5.2805e-11	1.0103e-05	9.5904e-03	1.6214e-01	4.1638e-11	3.0003e-06	1.0770e-02	3.4486e-01	4.8169e-01	1.4468e-01	1.1755e-36	0.00e+00	0.00e+00	5.5144e-01
2.32852e+19	1.3387e+04	3.853e-20	7.7426e+01	9.0836e+01	7.1891e-21	4.5831e-05	9.9995e-01	6.9254e-07	1.2731e-02	9.8727e-01	1.1303e-33	6.3083e-11	1.1296e-05	1.0710e-02	1.7355e-01	4.8873e-11	3.5117e-06	1.2553e-02	3.6490e-01	4.7263e-01	1.3385e-01	1.1755e-36	0.00e+00	0.00e+00	5.7864e-01
2.44491e+19	1.3262e+04	3.879e-20	7.7426e+01	9.0825e+01	7.4272e-21	4.5904e-05	9.9995e-01	7.7030e-07	1.4074e-02	9.8592e-01	1.4820e-33	7.5758e-11	1.2638e-05	1.1939e-02	1.8554e-01	5.7651e-11	4.1212e-06	1.4609e-02	3.8479e-01	4.6235e-01	1.2383e-01	1.1755e-36	0.00e+00	0.00e+00	6.0362e-01
2.55155e+19	1.3151e+04	3.908e-20	7.7426e+01	9.0814e+01	7.4355e-21	4.6022e-05	9.9995e-01	8.5985e-07	1.5600e-02	9.8440e-01	1.9132e-33	9.1000e-11	1.4134e-05	1.3287e-02	1.9816e-01	6.8144e-11	4.8409e-06	1.6975e-02	4.0442e-01	4.5102e-01	1.1460e-01	1.1755e-36	0.00e+00	0.00e+00	6.2655e-01
2.64975e+19	1.3041e+04	3.942e-20	7.7426e+01	9.0797e+01	7.7821e-21	4.6252e-05	9.9995e-01	9.6486e-07	1.7352e-02	9.8265e-01	2.5598e-33	1.0959e-10	1.5825e-05	1.4775e-02	2.1162e-01	8.1009e-11	5.7051e-06	1.9727e-02	4.2392e-01	4.3864e-01	1.0599e-01	1.1755e-36	0.00e+00	0.00e+00	6.4790e-01
2.74088e+19	1.2951e+04	3.977e-20	7.7426e+01	9.0780e+01	8.0050e-21	4.6448e-05	9.9995e-01	1.0860e-06	1.9361e-02	9.8064e-01	3.3994e-33	1.3191e-10	1.7697e-05	1.6404e-02	2.2585e-01	9.6355e-11	6.7301e-06	2.2926e-02	4.4311e-01	4.2539e-01	9.7971e-02	1.1755e-36	0.00e+00	0.00e+00	6.6784e-01
2.82553e+19	1.2875e+04	4.015e-20	7.7426e+01	9.0762e+01	8.1815e-21	4.6648e-05	9.9995e-01	1.2272e-06	2.1680e-02	9.7832e-01	4.5177e-33	1.5862e-10	1.9773e-05	1.8184e-02	2.4096e-01	1.1491e-10	7.9566e-06	2.6658e-02	4.6195e-01	4.1131e-01	9.0467e-02	1.1755e-36	0.00e+00	0.00e+00	6.8642e-01
2.90395e+19	1.2813e+04	4.055e-20	7.7426e+01	9.0742e+01	8.3810e-21	4.6847e-05	9.9995e-01	1.3915e-06	2.4359e-02	9.7564e-01	6.0294e-33	1.9035e-10	2.2056e-05	2.0115e-02	2.5694e-01	1.3725e-10	9.4195e-06	3.1011e-02	4.8028e-01	3.9651e-01	8.3461e-02	1.1755e-36	0.00e+00	0.00e+00	7.0367e-01
2.97632e+19	1.2755e+04	4.099e-20	7.7426e+01	9.0721e+01	8.5765e-21	4.7063e-05	9.9995e-01	1.5849e-06	2.7467e-02	9.7253e-01	8.0732e-33	2.2788e-10	2.4581e-05	2.2210e-02	2.7387e-01	1.6450e-10	1.1182e-05	3.6094e-02	4.9798e-01	3.8106e-01	7.6921e-02	1.1755e-36	0.00e+00	0.00e+00	7.1964e-01
3.04301e+19	1.2728e+04	4.143e-20	7.7426e+01	9.0695e+01	8.7021e-21	4.7222e-05	9.9995e-01	1.8060e-06	3.1031e-02	9.6897e-01	1.0728e-32	2.7117e-10	2.7259e-05	2.4423e-02	2.9148e-01	1.9655e-10	1.3247e-05	4.1972e-02	5.1469e-01	3.6525e-01	7.0849e-02	1.1755e-36	0.00e+00	0.00e+00	7.3440e-01
3.10445e+19	1.2699e+04	4.193e-20	7.7426e+01	9.0666e+01	8.8057e-21	4.7412e-05	9.9995e-01	2.0660e-06	3.5185e-02	9.6481e-01	1.4234e-32	3.2144e-10	3.0173e-05	2.6802e-02	3.1011e-01	2.3519e-10	1.5711e-05	4.8840e-02	5.3049e-01	3.4890e-01	6.5164e-02	1.1755e-36	0.00e+00	0.00e+00	7.4805e-01
3.16106e+19	1.2702e+04	4.241e-20	7.7426e+01	9.0630e+01	8.8006e-21	4.7530e-05	9.9995e-01	2.3634e-06	3.9966e-02	9.6003e-01	1.8672e-32	3.7810e-10	3.3206e-05	2.9276e-02	3.2939e-01	2.8037e-10	1.8587e-05	5.6778e-02	5.4498e-01	3.3233e-01	5.9873e-02	1.1755e-36	0.00e+00	0.00e+00	7.6066e-01
3.21315e+19	1.2690e+04	4.302e-20	7.7426e+01	9.0604e+01	8.8103e-21	4.7457e-05	9.9995e-01	2.6908e-06	4.5499e-02	9.5450e-01	2.3603e-32	4.3476e-10	3.6158e-05	3.1890e-02	3.4963e-01	3.2554e-10	2.1595e-05	6.5941e-02	5.5822e-01	3.1540e-01	5.4926e-02	1.1755e-36	0.00e+00	0.00e+00	7.7224e-01
3.26134e+19	1.2729e+04	4.350e-20	7.7426e+01	9.0549e+01	8.8333e-21	4.7736e-05	9.9995e-01	3.1229e-06	5.2050e-02	9.4795e-01	3.2209e-32	5.1413e-10	3.9884e-05	3.4620e-02	3.7066e-01	3.9961e-10	2.6095e-05	7.6780e-02	5.6982e-01	2.9813e-01	5.0238e-02	1.1755e-36	0.00e+00	0.00e+00	7.8308e-01
3.30549e+19	1.2766e+04	4.408e-20	7.7426e+01	9.0496e+01	8.5768e-21	4.7779e-05	9.9995e-01	3.5971e-06	5.9622e-02	9.4037e-01	4.1276e-32	5.9232e-10	4.3404e-05	3.7427e-02	3.9237e-01	4.7535e-10	3.0848e-05	8.9213e-02	5.7957e-01	2.8074e-01	4.5879e-02	1.1755e-36	0.00e+00	0.00e+00	7.9285e-01
3.34554e+19	1.2793e+04	4.472e-20	7.7426e+01	9.0433e+01	8.5642e-21	4.7866e-05	9.9995e-01	4.1497e-06	6.8397e-02	9.3160e-01	5.3407e-32	6.7750e-10	4.7075e-05	4.0325e-02	4.1475e-01	5.6442e-10	3.6389e-05	1.0346e-01	5.8728e-01	2.6325e-01	4.1811e-02	1.1755e-36	0.00e+00	0.00e+00	8.0180e-01
3.38235e+19	1.2819e+04	4.541e-20	7.7426e+01	9.0373e+01	8.5151e-21	4.7925e-05	9.9995e-01	4.8003e-06	7.8666e-02	9.2133e-01	6.8628e-32	7.6916e-10	5.0905e-05	4.3332e-02	4.3787e-01	6.6913e-10	4.2888e-05	1.1991e-01	5.9276e-01	2.4555e-01	3.7965e-02	1.1755e-36	0.00e+00	0.00e+00	8.1008e-01
3.41634e+19	1.2883e+04	4.606e-20	7.7426e+01	9.0283e+01	8.3726e-21	4.7954e-05	9.9995e-01	5.5467e-06	9.0556e-02	9.0944e-01	8.7228e-32	8.6564e-10	5.4683e-05	4.6291e-02	4.6126e-01	7.9081e-10	5.0409e-05	1.3868e-01	5.9553e-01	2.2796e-01	3.4365e-02	1.1755e-36	0.00e+00	0.00e+00	8.1773e-01
3.44763e+19	1.2914e+04	4.683e-20	7.7426e+01	9.0202e+01	8.2462e-21	4.8016e-05	9.9995e-01	6.4416e-06	1.0464e-01	8.9535e-01	1.1037e-31	9.6875e-10	5.8698e-05	4.9414e-02	4.8556e-01	9.3409e-10	5.9224e-05	1.6036e-01	5.9556e-01	2.1003e-01	3.0928e-02	1.1755e-36	0.00e+00	0.00e+00	8.2476e-01
3.47633e+19	1.2984e+04	4.752e-20	7.7426e+01	9.0073e+01	8.0776e-21	4.8024e-05	9.9995e-01	7.4485e-06	1.2077e-01	8.7922e-01	1.3781e-31	1.0723e-09	6.2509e-05	5.2398e-02	5.0967e-01	1.0957e-09	6.9170e-05	1.8462e-01	5.9231e-01	1.9249e-01	2.7746e-02	1.1755e-36	0.00e+00	0.00e+00	8.3120e-01
3.50269e+19	1.3017e+04	4.831e-20	7.7426e+01	8.9969e+01	7.9992e-21	4.8106e-05	9.9995e-01	8.6577e-06	1.3972e-01	8.6028e-01	1.7213e-31	1.1819e-09	6.6556e-05	5.5516e-02	5.3430e-01	1.2846e-09	8.0685e-05	2.1214e-01	5.8573e-01	1.7486e-01	2.4719e-02	1.1755e-36	0.00e+00	0.00e+00	8.3715e-01
3.52701e+19	1.3078e+04	4.902e-20	7.7426e+01	8.9852e+01	7.9253e-21	4.8146e-05	9.9995e-01	1.0027e-05	1.6141e-01	8.3858e-01	2.1254e-31	1.2903e-09	7.0423e-05	5.8525e-02	5.5861e-01	1.4936e-09	9.3442e-05	2.4263e-01	5.7552e-01	1.5768e-01	2.1902e-02	1.1755e-36	0.00e+00	0.00e+00	8.4264e-01
3.54949e+19	1.3115e+04	4.973e-20	7.7426e+01	8.9665e+01	7.7431e-21	4.8260e-05	9.9995e-01	1.1611e-05	1.8640e-01	8.1359e-01	2.5799e-31	1.3981e-09	7.4218e-05	6.1448e-02	5.8281e-01	1.7325e-09	1.0787e-04	2.7623e-01	5.6157e-01	1.4089e-01	1.9286e-02	1.1755e-36	0.00e+00	0.00e+00	8.4774e-01
3.57045e+19	1.3142e+04	5.039e-20	7.7426e+01	8.9474e+01	7.6664e-21	4.8398e-05	9.9995e-01	1.3429e-05	2.1506e-01	7.8493e-01	3.1174e-31	1.5051e-09	7.7962e-05	6.4339e-02	6.0674e-01	1.9963e-09	1.2375e-04	3.1303e-01	5.4378e-01	1.2455e-01	1.6843e-02	1.1755e-36	0.00e+00	0.00e+00	8.5254e-01
3.59016e+19	1.3160e+04	5.095e-20	7.7426e+01	8.9229e+01	7.5666e-21	4.8555e-05	9.9995e-01	1.5485e-05	2.4770e-01	7.5229e-01	3.7087e-31	1.6072e-09	8.1501e-05	6.7107e-02	6.3021e-01	2.2833e-09	1.4099e-04	3.5282e-01	5.2215e-01	1.0887e-01	1.4589e-02	1.1755e-36	0.00e+00	0.00e+00	8.5707e-01
3.60876e+19	1.3159e+04	5.141e-20	7.7426e+01	8.8982e+01	7.5624e-21	4.8796e-05	9.9995e-01	1.7840e-05	2.8465e-01	7.1533e-01	4.4015e-31	1.7089e-09	8.5033e-05	6.9817e-02	6.5309e-01	2.6010e-09	1.5982e-04	3.9538e-01	4.9679e-01	9.3926e-02	1.2512e-02	1.1755e-36	0.00e+00	0.00e+00	8.6139e-01
3.62642e+19	1.3138e+04	5.173e-20	7.7426e+01	8.8717e+01	7.6145e-21	4.9113e-05	9.9995e-01	2.0493e-05	3.2590e-01	6.7408e-01	5.1801e-31	1.8074e-09	8.8460e-05	7.2422e-02	6.7511e-01	2.9441e-09	1.7991e-04	4.4009e-01	4.6811e-01	7.9962e-02	1.0627e-02	1.1755e-36	0.00e+00	0.00e+00	8.6552e-01
3.64331e+19	1.3097e+04	5.183e-20	7.7426e+01	8.8407e+01	7.7174e-21	4.9488e-05	9.9995e-01	2.3401e-05	3.7104e-01	6.2894e-01	6.0280e-31	1.9001e-09	9.1699e-05	7.4869e-02	6.9599e-01	3.3061e-09	2.0086e-04	4.8603e-01	4.3676e-01	6.7201e-02	8.9498e-03	1.1755e-36	0.00e+00	0.00e+00	8.6953e-01
3.65970e+19	1.3030e+04	5.170e-20	7.7426e+01	8.8081e+01	7.9061e-21	4.9964e-05	9.9995e-01	2.6593e-05	4.1996e-01	5.8001e-01	6.9690e-31	1.9901e-09	9.4874e-05	7.7203e-02	7.1571e-01	3.6892e-09	2.2260e-04	5.3274e-01	4.0320e-01	5.5669e-02	7.4635e-03	1.1755e-36	0.00e+00	0.00e+00	8.7349e-01
3.67591e+19	1.2935e+04	5.130e-20	7.7426e+01	8.7733e+01	8.1928e-21	5.0542e-05	9.9995e-01	3.0055e-05	4.7229e-01	5.2768e-01	8.0065e-31	2.0774e-09	9.7983e-05	7.9433e-02	7.3421e-01	4.0913e-09	2.4493e-04	5.7961e-01	3.6800e-01	4.5413e-02	6.1611e-03	1.1755e-36	0.00e+00	0.00e+00	8.7749e-01
3.69451e+19	1.2785e+04	5.045e-20	7.7426e+01	8.7324e+01	8.6954e-21	5.1373e-05	9.9995e-01	3.4259e-05	5.3412e-01	4.6585e-01	9.3536e-31	2.1784e-09	1.0162e-04	8.1898e-02	7.5351e-01	4.5754e-09	2.7087e-04	6.3182e-01	3.2719e-01	3.5391e-02	4.8957e-03	1.1755e-36	0.00e+00	0.00e+00	8.8277e-01
3.71438e+19	1.2593e+04	4.921e-20	7.7426e+01	8.6877e+01	9.3930e-21	5.2346e-05	9.9995e-01	3.8923e-05	6.0150e-01	3.9846e-01	1.0883e-30	2.2800e-09	1.0531e-04	8.4341e-02	7.7171e-01	5.0898e-09	2.9766e-04	6.8452e-01	2.8429e-01	2.6757e-02	3.8102e-03	1.1755e-36	0.00e+00	0.00e+00	8.8756e-01
3.73181e+19	1.2396e+04	4.783e-20	7.7426e+01	8.6497e+01	1.0200e-20	5.3299e-05	9.9995e-01	4.2958e-05	6.5794e-01	3.4202e-01	1.2332e-30	2.3686e-09	1.0854e-04	8.6374e-02	7.8538e-01	5.5346e-09	3.1989e-04	7.2631e-01	2.4918e-01	2.0879e-02	3.0617e-03	1.1755e-36	0.00e+00	0.00e+00	8.9177e-01
3.75039e+19	1.2164e+04	4.617e-20	7.7426e+01	8.6140e+01	1.1299e-20	5.4430e-05	9.9995e-01	4.6992e-05	7.1129e-01	2.8867e-01	1.4040e-30	2.4687e-09	1.1217e-04	8.8495e-02	7.9729e-01	6.0020e-09	3.4200e-04	7.6480e-01	2.1601e-01	1.6208e-02	2.4486e-03	1.1755e-36	0.00e+00	0.00e+00	8.9735e-01
3.77136e+19	1.1903e+04	4.429e-20	7.7426e+01	8.5795e+01	1.2702e-20	5.5683e-05	9.9994e-01	5.1088e-05	7.6315e-01	2.3680e-01	1.5974e-30	2.5778e-09	1.1610e-04	9.0715e-02	8.0790e-01	6.4819e-09	3.6370e-04	8.0080e-01	1.8425e-01	1.2497e-02	1.9425e-03	1.1755e-36	0.00e+00	0.00e+00	9.0305e-01
3.79165e+19	1.1659e+04	4.254e-20	7.7426e+01	8.5518e+01	1.4135e-20	5.6863e-05	9.9994e-01	5.4533e-05	8.0436e-01	1.9559e-01	1.7809e-30	2.6817e-09	1.1980e-04	9.2732e-02	8.1578e-01	6.9030e-09	3.8182e-04	8.2890e-01	1.5899e-01	1.0033e-02	1.5870e-03	1.1755e-36	0.00e+00	0.00e+00	9.0851e-01
3.81425e+19	1.1403e+04	4.073e-20	7.7426e+01	8.5276e+01	1.5986e-20	5.8159e-05	9.9994e-01	5.7818e-05	8.4055e-01	1.5939e-01	1.9980e-30	2.8002e-09	1.2395e-04	9.4887e-02	8.2237e-01	7.3399e-09	3.9957e-04	8.5394e-01	1.3611e-01	8.1662e-03	1.2965e-03	1.1755e-36	0.00e+00	0.00e+00	9.1577e-01
3.84363e+19	1.1108e+04	3.873e-20	7.7426e+01	8.5043e+01	1.8330e-20	5.9708e-05	9.9994e-01	6.1294e-05	8.7571e-01	1.2423e-01	2.2608e-30	2.9475e-09	1.2903e-04	9.7451e-02	8.2843e-01	7.8354e-09	4.1860e-04	8.7846e-01	1.1339e-01	6.6332e-03	1.0344e-03	1.1755e-36	0.00e+00	0.00e+00	9.2547e-01
3.87604e+19	1.0844e+04	3.696e-20	7.7426e+01	8.4859e+01	2.0979e-20	6.1127e-05	9.9994e-01	6.4211e-05	9.0305e-01	9.6886e-02	2.5245e-30	3.0875e-09	1.3380e-04	9.9843e-02	8.3292e-01	8.2678e-09	4.3441e-04	8.9760e-01	9.5436e-02	5.6316e-03	8.4336e-04	1.1755e-36	0.00e+00	0.00e+00	9.3491e-01
3.91135e+19	1.0605e+04	3.540e-20	7.7426e+01	8.4720e+01	2.3828e-20	6.2518e-05	9.9994e-01	6.6689e-05	9.2365e-01	7.6283e-02	2.7984e-30	3.2310e-09	1.3860e-04	1.0218e-01	8.3619e-01	8.6778e-09	4.4855e-04	9.1287e-01	8.0985e-02	4.9578e-03	6.9804e-04	1.1755e-36	0.00e+00	0.00e+00	9.4683e-01
3.95624e+19	1.0366e+04	3.389e-20	7.7426e+01	8.4602e+01	2.7252e-20	6.4020e-05	9.9994e-01	6.9070e-05	9.4132e-01	5.8615e-02	3.1118e-30	3.3915e-09	1.4390e-04	1.0472e-01	8.3890e-01	9.1057e-09	4.6252e-04	9.2658e-01	6.7906e-02	4.4402e-03	5.7209e-04	1.1755e-36	0.00e+00	0.00e+00	9.6271e-01
4.01458e+19	1.0130e+04	3.245e-20	7.7426e+01	8.4502e+01	3.1081e-20	6.5644e-05	9.9993e-01	7.1327e-05	9.5598e-01	4.3952e-02	3.4542e-30	3.5704e-09	1.4969e-04	1.0745e-01	8.4109e-01	9.5500e-09	4.7615e-04	9.3862e-01	5.6365e-02	4.0459e-03	4.6449e-04	1.1755e-36	0.00e+00	0.00e+00	9.8387e-01
4.09011e+19	9.9139e+03	3.115e-20	7.7426e+01	8.4425e+01	3.5585e-20	6.7340e-05	9.9993e-01	7.3377e-05	9.6752e-01	3.2410e-02	3.8342e-30	3.7597e-09	1.5571e-04	1.1026e-01	8.4281e-01	9.9908e-09	4.8875e-04	9.4882e-01	4.6538e-02	3.7476e-03	3.7509e-04	1.1755e-36	0.00e+00	0.00e+00	1.0119e+00
4.18797e+19	9.7222e+03	3.001e-20	7.7426e+01	8.4365e+01	3.9647e-20	6.9134e-05	9.9993e-01	7.5220e-05	9.7633e-01	2.3597e-02	4.1979e-30	3.9607e-09	1.6196e-04	1.1316e-01	8.4415e-01	1.0431e-08	5.0027e-04	9.5726e-01	3.8403e-02	3.5140e-03	3.0219e-04	1.1755e-36	0.00e+00	0.00e+00	1.0493e+00
4.31518e+19	9.5579e+03	2.906e-20	7.7426e+01	8.4321e+01	4.4921e-20	7.1083e-05	9.9993e-01	7.6876e-05	9.8292e-01	1.7001e-02	4.6355e-30	4.1760e-09	1.6846e-04	1.1616e-01	8.4517e-01	1.0875e-08	5.1068e-04	9.6414e-01	3.1766e-02	3.3178e-03	2.4318e-04	1.1755e-36	0.00e+00	0.00e+00	1.0992e+00
4.48056e+19	9.4254e+03	2.828e-20	7.7426e+01	8.4288e+01	5.0321e-20	7.3284e-05	9.9993e-01	7.8388e-05	9.8776e-01	1.2165e-02	5.1090e-30	4.4150e-09	1.7536e-04	1.1930e-01	8.4595e-01	1.1344e-08	5.2034e-04	9.6974e-01	2.6384e-02	3.1390e-03	1.9548e-04	1.1755e-36	0.00e+00	0.00e+00	1.1662e+00
4.69556e+19	9.3226e+03	2.770e-20	7.7426e+01	8.4264e+01	5.6215e-20	7.5873e-05	9.9992e-01	7.9782e-05	9.9124e-01	8.6799e-03	5.6337e-30	4.6763e-09	1.8253e-04	1.2257e-01	8.4659e-01	1.1843e-08	5.2893e-04	9.7429e-01	2.2045e-02	2.9614e-03	1.5685e-04	1.1755e-36	0.00e+00	0.00e+00	1.2563e+00
4.97505e+19	9.2607e+03	2.728e-20	7.7426e+01	8.4246e+01	6.2634e-20	7.9145e-05	9.9992e-01	8.1212e-05	9.9371e-01	6.2052e-03	6.2988e-30	5.0036e-09	1.9111e-04	1.2639e-01	8.4667e-01	1.2444e-08	5.3757e-04	9.7801e-01	1.8533e-02	2.7749e-03	1.2530e-04	1.1755e-36	0.00e+00	0.00e+00	1.3785e+00
5.33839e+19	9.2350e+03	2.707e-20	7.7426e+01	8.4234e+01	6.9176e-20	8.3486e-05	9.9992e-01	8.2743e-05	9.9546e-01	4.4553e-03	7.1064e-30	5.4081e-09	2.0102e-04	1.3067e-01	8.4633e-01	1.3186e-08	5.4613e-04	9.8114e-01	1.5630e-02	2.5703e-03	9.9037e-05	1.1755e-36	0.00e+00	0.00e+00	1.5461e+00
5.81073e+19	9.2553e+03	2.707e-20	7.7426e+01	8.4224e+01	7.7573e-20	8.9591e-05	9.9991e-01	8.4544e-05	9.9670e-01	3.2189e-03	8.2846e-30	5.9484e-09	2.1341e-04	1.3578e-01	8.4513e-01	1.4188e-08	5.5553e-04	9.8385e-01	1.3162e-02	2.3436e-03	7.6795e-05	1.1755e-36	0.00e+00	0.00e+00	1.7799e+00
6.38159e+19	9.3310e+03	2.734e-20	7.7426e+01	8.4218e+01	8.9987e-20	9.7941e-05	9.9990e-01	8.6562e-05	9.9752e-01	2.3935e-03	1.0047e-29	6.6359e-09	2.2813e-04	1.4157e-01	8.4285e-01	1.5506e-08	5.6542e-04	9.8608e-01	1.1170e-02	2.1152e-03	5.9212e-05	1.1755e-36	0.00e+00	0.00e+00	2.0709e+00
6.99698e+19	9.4708e+03	2.785e-20	7.7426e+01	8.4213e+01	1.0254e-19	1.0854e-04	9.9989e-01	8.8873e-05	9.9804e-01	1.8734e-03	1.2322e-29	7.4420e-09	2.4424e-04	1.4747e-01	8.3972e-01	1.7146e-08	5.7510e-04	9.8781e-01	9.6467e-03	1.9104e-03	4.6284e-05	1.1755e-36	0.00e+00	0.00e+00	2.4014e+00
7.58883e+19	9.6110e+03	2.862e-20	7.7426e+01	8.4210e+01	1.1878e-19	1.2125e-04	9.9988e-01	9.1358e-05	9.9836e-01	1.5500e-03	1.5431e-29	8.3645e-09	2.6203e-04	1.5348e-01	8.3575e-01	1.9162e-08	5.8616e-04	9.8909e-01	8.5356e-03	1.7421e-03	3.7328e-05	1.1755e-36	0.00e+00	0.00e+00	2.7337e+00
8.12150e+19	9.7727e+03	2.943e-20	7.7426e+01	8.4207e+01	1.3903e-19	1.3501e-04	9.9987e-01	9.3943e-05	9.9856e-01	1.3448e-03	1.9523e-29	9.3222e-09	2.7986e-04	1.5899e-01	8.3168e-01	2.1429e-08	5.9701e-04	9.9004e-01	7.7180e-03	1.6103e-03	3.1100e-05	1.1755e-36	0.00e+00	0.00e+00	3.0666e+00
8.60090e+19	9.9325e+03	3.028e-20	7.7426e+01	8.4205e+01	1.6080e-19	1.4976e-04	9.9985e-01	9.6750e-05	9.9870e-01	1.2029e-03	2.4650e-29	1.0329e-08	2.9831e-04	1.6425e-01	8.2748e-01	2.4000e-08	6.0846e-04	9.9077e-01	7.0852e-03	1.5044e-03	2.6548e-05	1.1755e-36	0.00e+00	0.00e+00	3.3991e+00
9.03236e+19	1.0087e+04	3.112e-20	7.7426e+01	8.4203e+01	1.8694e-19	1.6535e-04	9.9983e-01	9.9715e-05	9.9880e-01	1.0995e-03	3.1261e-29	1.1380e-08	3.1740e-04	1.6933e-01	8.2321e-01	2.6889e-08	6.2048e-04	9.9135e-01	6.5812e-03	1.4180e-03	2.3112e-05	1.1755e-36	0.00e+00	0.00e+00	3.7294e+00
9.42067e+19	1.0233e+04	3.195e-20	7.7426e+01	8.4201e+01	2.1474e-19	1.8161e-04	9.9982e-01	1.0280e-04	9.9888e-01	1.0210e-03	3.9422e-29	1.2471e-08	3.3712e-04	1.7425e-01	8.1892e-01	3.0107e-08	6.3307e-04	9.9183e-01	6.1710e-03	1.3466e-03	2.0452e-05	1.3060e-36	0.00e+00	0.00e+00	4.0560e+00
9.77015e+19	1.0367e+04	3.274e-20	7.7426e+01	8.4199e+01	2.4991e-19	1.9838e-04	9.9980e-01	1.0589e-04	9.9893e-01	9.5944e-04	4.9846e-29	1.3592e-08	3.5739e-04	1.7904e-01	8.1462e-01	3.3640e-08	6.4592e-04	9.9221e-01	5.8314e-03	1.2869e-03	1.8349e-05	1.7671e-36	0.00e+00	0.00e+00	4.3770e+00
1.00847e+20	1.0492e+04	3.349e-20	7.7426e+01	8.4197e+01	2.8426e-19	2.1549e-04	9.9978e-01	1.0911e-04	9.9898e-01	9.1013e-04	6.2234e-29	1.4748e-08	3.7822e-04	1.8370e-01	8.1037e-01	3.7516e-08	6.5947e-04	9.9254e-01	5.5465e-03	1.2366e-03	1.6659e-05	2.2977e-36	0.00e+00	0.00e+00	4.6908e+00
1.03678e+20	1.0607e+04	3.418e-20	7.7426e+01	8.4195e+01	3.2382e-19	2.3266e-04	9.9977e-01	1.1224e-04	9.9902e-01	8.7013e-04	7.7191e-29	1.5878e-08	3.9902e-04	1.8815e-01	8.0624e-01	4.1646e-08	6.7289e-04	9.9281e-01	5.3052e-03	1.1939e-03	1.5281e-05	2.9978e-36	0.00e+00	0.00e+00	4.9958e+00
1.06225e+20	1.0697e+04	3.485e-20	7.7426e+01	8.4194e+01	3.6688e-19	2.5017e-04	9.9975e-01	1.1556e-04	9.9905e-01	8.3614e-04	9.5239e-29	1.7093e-08	4.2095e-04	1.9265e-01	8.0201e-01	4.6165e-08	6.8734e-04	9.9304e-01	5.0963e-03	1.1567e-03	1.4135e-05	3.8384e-36	0.00e+00	0.00e+00	5.2909e+00
1.08518e+20	1.0797e+04	3.544e-20	7.7426e+01	8.4192e+01	4.0782e-19	2.6725e-04	9.9973e-01	1.1877e-04	9.9907e-01	8.0872e-04	1.1565e-28	1.8276e-08	4.4219e-04	1.9679e-01	7.9809e-01	5.0857e-08	7.0114e-04	9.9324e-01	4.9191e-03	1.1256e-03	1.3188e-05	4.8013e-36	0.00e+00	0.00e+00	5.5746e+00
1.10582e+20	1.0882e+04	3.598e-20	7.7426e+01	8.4190e+01	4.5197e-19	2.8416e-04	9.9972e-01	1.2198e-04	9.9909e-01	7.8543e-04	1.3927e-28	1.9467e-08	4.6358e-04	2.0082e-01	7.9424e-01	5.5787e-08	7.1508e-04	9.9341e-01	4.7646e-03	1.0984e-03	1.2387e-05	5.9474e-36	0.00e+00	0.00e+00	5.8462e+00
1.12439e+20	1.0960e+04	3.648e-20	7.7426e+01	8.4188e+01	4.9258e-19	3.0081e-04	9.9970e-01	1.2528e-04	9.9911e-01	7.6570e-04	1.6556e-28	2.0691e-08	4.8507e-04	2.0469e-01	7.9053e-01	6.0958e-08	7.2920e-04	9.9355e-01	4.6297e-03	1.0748e-03	1.1707e-05	7.1399e-36	0.00e+00	0.00e+00	6.1049e+00
1.14111e+20	1.1029e+04	3.694e-20	7.7426e+01	8.4187e+01	5.3496e-19	3.1693e-04	9.9968e-01	1.2852e-04	9.9912e-01	7.4917e-04	1.9469e-28	2.1856e-08	5.0596e-04	2.0835e-01	7.8700e-01	6.6218e-08	7.4282e-04	9.9368e-01	4.5117e-03	1.0542e-03	1.1126e-05	8.5020e-36	0.00e+00	0.00e+00	6.3502e+00
1.15615e+20	1.1088e+04	3.736e-20	7.7426e+01	8.4185e+01	5.8545e-19	3.3254e-04	9.9967e-01	1.3146e-04	9.9913e-01	7.3525e-04	2.2793e-28	2.2998e-08	5.2641e-04	2.1184e-01	7.8362e-01	7.1554e-08	7.5601e-04	9.9379e-01	4.4077e-03	1.0360e-03	1.0625e-05	1.0243e-35	0.00e+00	0.00e+00	6.5818e+00
1.16974e+20	1.1143e+04	3.775e-20	7.7426e+01	8.4184e+01	6.3288e-19	3.4758e-04	9.9965e-01	1.3432e-04	9.9914e-01	7.2368e-04	2.6352e-28	2.4112e-08	5.4634e-04	2.1514e-01	7.8041e-01	7.6954e-08	7.6887e-04	9.9388e-01	4.3156e-03	1.0200e-03	1.0190e-05	1.2058e-35	0.00e+00	0.00e+00	6.8012e+00
1.18265e+20	1.1190e+04	3.813e-20	7.7426e+01	8.4183e+01	6.8472e-19	3.6277e-04	9.9964e-01	1.3718e-04	9.9915e-01	7.1307e-04	3.0399e-28	2.5233e-08	5.6679e-04	2.1849e-01	7.7715e-01	8.2619e-08	7.8179e-04	9.9398e-01	4.2264e-03	1.0047e-03	9.7824e-06	1.4168e-35	0.00e+00	0.00e+00	7.0302e+00
1.19557e+20	1.1251e+04	3.847e-20	7.7426e+01	8.4181e+01	7.3136e-19	3.7881e-04	9.9962e-01	1.4029e-04	9.9916e-01	7.0094e-04	3.5084e-28	2.6481e-08	5.8860e-04	2.2188e-01	7.7384e-01	8.8966e-08	7.9567e-04	9.9406e-01	4.1389e-03	9.9031e-04	9.3907e-06	1.6429e-35	0.00e+00	0.00e+00	7.2693e+00
1.20848e+20	1.1296e+04	3.887e-20	7.7426e+01	8.4180e+01	8.0131e-19	3.9610e-04	9.9960e-01	1.4353e-04	9.9917e-01	6.8847e-04	4.1029e-28	2.7789e-08	6.1234e-04	2.2557e-01	7.7023e-01	9.6019e-08	8.1053e-04	9.9415e-01	4.0506e-03	9.7553e-04	9.0065e-06	1.9767e-35	0.00e+00	0.00e+00	7.5194e+00
1.22140e+20	1.1361e+04	3.921e-20	7.7426e+01	8.4178e+01	8.6084e-19	4.1422e-04	9.9959e-01	1.4697e-04	9.9918e-01	6.7697e-04	4.7861e-28	2.9229e-08	6.3743e-04	2.2927e-01	7.6660e-01	1.0391e-07	8.2638e-04	9.9423e-01	3.9662e-03	9.6191e-04	8.6422e-06	2.3266e-35	0.00e+00	0.00e+00	7.7809e+00
1.23431e+20	1.1401e+04	3.964e-20	7.7426e+01	8.4177e+01	9.4287e-19	4.3417e-04	9.9957e-01	1.5072e-04	9.9918e-01	6.6487e-04	5.6483e-28	3.0778e-08	6.6537e-04	2.3337e-01	7.6258e-01	1.1286e-07	8.4378e-04	9.9432e-01	3.8795e-03	9.4759e-04	8.2808e-06	2.7957e-35	0.00e+00	0.00e+00	8.0549e+00
1.24723e+20	1.1476e+04	3.997e-20	7.7426e+01	8.4174e+01	1.0140e-18	4.5483e-04	9.9955e-01	1.5460e-04	9.9919e-01	6.5426e-04	6.6562e-28	3.2455e-08	6.9440e-04	2.3737e-01	7.5863e-01	1.2285e-07	8.6196e-04	9.9439e-01	3.7984e-03	9.3495e-04	7.9423e-06	3.3211e-35	0.00e+00	0.00e+00	8.3420e+00
1.26015e+20	1.1517e+04	4.041e-20	7.7426e+01	8.4172e+01	1.1161e-18	4.7812e-04	9.9952e-01	1.5901e-04	9.9920e-01	6.4256e-04	7.9734e-28	3.4355e-08	7.2771e-04	2.4193e-01	7.5414e-01	1.3452e-07	8.8280e-04	9.9447e-01	3.7133e-03	9.2129e-04	7.6017e-06	4.0435e-35	0.00e+00	0.00e+00	8.6438e+00
1.27306e+20	1.1569e+04	4.085e-20	7.7426e+01	8.4171e+01	1.2283e-18	5.0288e-04	9.9950e-01	1.6351e-04	9.9920e-01	6.3169e-04	9.5799e-28	3.6328e-08	7.6274e-04	2.4658e-01	7.4954e-01	1.4753e-07	9.0427e-04	9.9455e-01	3.6306e-03	9.0831e-04	7.2751e-06	4.9501e-35	0.00e+00	0.00e+00	8.9613e+00
1.28553e+20	1.1625e+04	4.129e-20	7.7426e+01	8.4169e+01	1.3487e-18	5.2939e-04	9.9947e-01	1.6825e-04	9.9921e-01	6.2154e-04	1.1551e-27	3.8501e-08	8.0000e-04	2.5131e-01	7.4486e-01	1.6231e-07	9.2761e-04	9.9461e-01	3.5524e-03	8.9641e-04	6.9704e-06	6.0564e-35	0.00e+00	0.00e+00	9.2726e+00
