#depth	Te	Htot	hden	eden	2H_2/H	HI	HII	HeI	HeII	HeIII	CO/C	C1	C2	C3	C4	O1	O2	O3	O4	O5	O6	H2O/O	AV(point)	AV(extend)	Tau912
1.98692e+14	1.8270e+04	1.468e-16	4.6416e+03	5.4496e+03	1.4400e-20	5.6699e-05	9.9994e-01	3.4823e-07	5.9927e-03	9.9401e-01	4.1610e-34	1.5832e-10	4.2540e-06	3.2116e-03	6.9641e-02	1.3863e-11	8.0836e-07	1.7472e-03	1.4595e-01	4.5691e-01	3.1012e-01	1.1755e-36	0.00e+00	0.00e+00	6.6016e-04
1.19215e+15	1.8225e+04	1.463e-16	4.6416e+03	5.4499e+03	1.4891e-20	5.6644e-05	9.9994e-01	3.4830e-07	5.9945e-03	9.9401e-01	4.1421e-34	1.5573e-10	4.2359e-06	3.2059e-03	6.9933e-02	1.3908e-11	8.1262e-07	1.7615e-03	1.4664e-01	4.5824e-01	3.0942e-01	1.1755e-36	0.00e+00	0.00e+00	3.2983e-03
5.16600e+15	1.8137e+04	1.455e-16	4.6416e+03	5.4498e+03	1.5330e-20	5.6544e-05	9.9994e-01	3.4964e-07	6.0149e-03	9.9398e-01	4.1979e-34	1.5188e-10	4.2536e-06	3.2322e-03	7.0851e-02	1.4160e-11	8.2929e-07	1.8082e-03	1.4867e-01	4.6039e-01	3.0778e-01	1.1755e-36	0.00e+00	0.00e+00	1.3832e-02
2.10614e+16	1.7941e+04	1.438e-16	4.6416e+03	5.4497e+03	1.5590e-20	5.6210e-05	9.9994e-01	3.5543e-07	6.1285e-03	9.9387e-01	4.4764e-34	1.4624e-10	4.3854e-06	3.3723e-03	7.3904e-02	1.5023e-11	8.8503e-07	1.9774e-03	1.5544e-01	4.6612e-01	3.0051e-01	1.1755e-36	0.00e+00	0.00e+00	5.5718e-02
5.03089e+16	1.7488e+04	1.387e-16	4.6416e+03	5.4496e+03	1.4712e-20	5.3633e-05	9.9995e-01	3.4438e-07	6.0217e-03	9.9398e-01	4.0283e-34	1.2186e-10	4.3499e-06	3.4606e-03	7.8345e-02	1.5267e-11	9.3037e-07	2.2119e-03	1.6473e-01	4.7408e-01	2.9017e-01	1.1755e-36	0.00e+00	0.00e+00	1.0767e-01
8.59962e+16	1.7072e+04	1.345e-16	4.6416e+03	5.4495e+03	1.3859e-20	5.1321e-05	9.9995e-01	3.3881e-07	6.0227e-03	9.9398e-01	3.8023e-34	1.0804e-10	4.3982e-06	3.6144e-03	8.3401e-02	1.5848e-11	9.9627e-07	2.5095e-03	1.7614e-01	4.8324e-01	2.7699e-01	1.1755e-36	0.00e+00	0.00e+00	1.6528e-01
1.28741e+17	1.6697e+04	1.313e-16	4.6416e+03	5.4493e+03	1.2964e-20	4.9485e-05	9.9995e-01	3.4286e-07	6.1982e-03	9.9380e-01	3.8392e-34	1.0264e-10	4.6004e-06	3.8930e-03	8.9838e-02	1.7200e-11	1.1092e-06	2.9420e-03	1.9141e-01	4.9320e-01	2.5974e-01	1.1755e-36	0.00e+00	0.00e+00	2.3368e-01
1.82994e+17	1.6319e+04	1.286e-16	4.6416e+03	5.4489e+03	1.2276e-20	4.7939e-05	9.9995e-01	3.5986e-07	6.6166e-03	9.9338e-01	4.3512e-34	1.0472e-10	5.0421e-06	4.3863e-03	9.9099e-02	1.9935e-11	1.3135e-06	3.6534e-03	2.1375e-01	5.0327e-01	2.3615e-01	1.1755e-36	0.00e+00	0.00e+00	3.1983e-01
2.34373e+17	1.5984e+04	1.261e-16	4.6416e+03	5.4485e+03	1.1005e-20	4.5572e-05	9.9995e-01	3.7035e-07	7.0280e-03	9.9297e-01	4.2968e-34	1.0401e-10	5.3770e-06	4.8692e-03	1.0805e-01	2.1664e-11	1.4836e-06	4.4150e-03	2.3466e-01	5.0932e-01	2.1549e-01	1.1755e-36	0.00e+00	0.00e+00	3.7515e-01
2.71452e+17	1.5792e+04	1.251e-16	4.6416e+03	5.4482e+03	1.0454e-20	4.4446e-05	9.9996e-01	3.8929e-07	7.5095e-03	9.9249e-01	4.7271e-34	1.0903e-10	5.7970e-06	5.3587e-03	1.1574e-01	2.4056e-11	1.6785e-06	5.1599e-03	2.5262e-01	5.1132e-01	1.9947e-01	1.1755e-36	0.00e+00	0.00e+00	4.1777e-01
3.09092e+17	1.5615e+04	1.246e-16	4.6416e+03	5.4478e+03	1.0238e-20	4.4156e-05	9.9996e-01	4.2633e-07	8.2443e-03	9.9176e-01	6.0071e-34	1.2215e-10	6.5317e-06	6.0753e-03	1.2577e-01	2.8789e-11	2.0135e-06	6.2332e-03	2.7544e-01	5.1034e-01	1.8126e-01	1.1755e-36	0.00e+00	0.00e+00	4.7282e-01
3.48662e+17	1.5443e+04	1.244e-16	4.6416e+03	5.4473e+03	9.8525e-21	4.3457e-05	9.9996e-01	4.7084e-07	9.1862e-03	9.9081e-01	7.5030e-34	1.3705e-10	7.3933e-06	6.9641e-03	1.3751e-01	3.4334e-11	2.4265e-06	7.6441e-03	3.0067e-01	5.0592e-01	1.6316e-01	1.1755e-36	0.00e+00	0.00e+00	5.1941e-01
3.78853e+17	1.5350e+04	1.243e-16	4.6416e+03	5.4466e+03	9.4157e-21	4.2772e-05	9.9996e-01	5.1259e-07	1.0109e-02	9.8989e-01	8.9305e-34	1.5076e-10	8.1773e-06	7.7894e-03	1.4778e-01	3.9608e-11	2.8284e-06	9.0388e-03	3.2166e-01	4.9975e-01	1.4968e-01	1.1755e-36	0.00e+00	0.00e+00	5.4923e-01
4.00430e+17	1.5279e+04	1.244e-16	4.6416e+03	5.4462e+03	9.2779e-21	4.2496e-05	9.9996e-01	5.5377e-07	1.0957e-02	9.8904e-01	1.0692e-33	1.6476e-10	8.9199e-06	8.5330e-03	1.5657e-01	4.4944e-11	3.2197e-06	1.0330e-02	3.3870e-01	4.9333e-01	1.3964e-01	1.1755e-36	0.00e+00	0.00e+00	5.7333e-01
4.22696e+17	1.5192e+04	1.247e-16	4.6416e+03	5.4456e+03	9.3146e-21	4.2558e-05	9.9996e-01	6.1139e-07	1.2051e-02	9.8795e-01	1.3797e-33	1.8525e-10	9.9498e-06	9.4961e-03	1.6758e-01	5.3019e-11	3.7819e-06	1.2044e-02	3.5896e-01	4.8439e-01	1.2857e-01	1.1755e-36	0.00e+00	0.00e+00	6.0472e-01
4.46454e+17	1.5125e+04	1.252e-16	4.6416e+03	5.4451e+03	9.2040e-21	4.2368e-05	9.9996e-01	6.8304e-07	1.3469e-02	9.8653e-01	1.7799e-33	2.0945e-10	1.1172e-05	1.0678e-02	1.8045e-01	6.2961e-11	4.4931e-06	1.4286e-02	3.8120e-01	4.7289e-01	1.1741e-01	1.1755e-36	0.00e+00	0.00e+00	6.3246e-01
4.66508e+17	1.5074e+04	1.259e-16	4.6416e+03	5.4444e+03	9.1233e-21	4.2219e-05	9.9996e-01	7.6062e-07	1.5001e-02	9.8500e-01	2.2684e-33	2.3464e-10	1.2433e-05	1.1887e-02	1.9315e-01	7.4057e-11	5.2826e-06	1.6735e-02	4.0162e-01	4.6086e-01	1.0802e-01	1.1755e-36	0.00e+00	0.00e+00	6.5443e-01
4.82972e+17	1.5024e+04	1.266e-16	4.6416e+03	5.4435e+03	8.9984e-21	4.2198e-05	9.9996e-01	8.4214e-07	1.6578e-02	9.8342e-01	2.8267e-33	2.6029e-10	1.3704e-05	1.3077e-02	2.0537e-01	8.6289e-11	6.1371e-06	1.9294e-02	4.1987e-01	4.4901e-01	1.0019e-01	1.1755e-36	0.00e+00	0.00e+00	6.7318e-01
4.97870e+17	1.4992e+04	1.273e-16	4.6416e+03	5.4428e+03	8.9749e-21	4.2173e-05	9.9996e-01	9.3196e-07	1.8304e-02	9.8169e-01	3.5439e-33	2.8841e-10	1.5061e-05	1.4343e-02	2.1795e-01	9.9968e-11	7.0918e-06	2.2144e-02	4.3747e-01	4.3673e-01	9.3017e-02	1.1755e-36	0.00e+00	0.00e+00	6.9126e-01
5.12444e+17	1.4946e+04	1.283e-16	4.6416e+03	5.4420e+03	8.9720e-21	4.2149e-05	9.9996e-01	1.0382e-06	2.0353e-02	9.7965e-01	4.4510e-33	3.1970e-10	1.6560e-05	1.5763e-02	2.3200e-01	1.1587e-10	8.2129e-06	2.5571e-02	4.5567e-01	4.2307e-01	8.5995e-02	1.1755e-36	0.00e+00	0.00e+00	7.0919e-01
5.26623e+17	1.4917e+04	1.293e-16	4.6416e+03	5.4407e+03	8.9849e-21	4.2270e-05	9.9996e-01	1.1746e-06	2.2901e-02	9.7710e-01	5.8613e-33	3.5903e-10	1.8439e-05	1.7432e-02	2.4780e-01	1.3886e-10	9.7630e-06	2.9862e-02	4.7452e-01	4.0773e-01	7.9083e-02	1.1755e-36	0.00e+00	0.00e+00	7.2633e-01
5.39622e+17	1.4891e+04	1.305e-16	4.6416e+03	5.4393e+03	9.0061e-21	4.2339e-05	9.9996e-01	1.3303e-06	2.5826e-02	9.7417e-01	7.6251e-33	4.0075e-10	2.0417e-05	1.9207e-02	2.6438e-01	1.6499e-10	1.1536e-05	3.4818e-02	4.9248e-01	3.9191e-01	7.2767e-02	1.1755e-36	0.00e+00	0.00e+00	7.4142e-01
5.51145e+17	1.4868e+04	1.319e-16	4.6416e+03	5.4380e+03	9.0050e-21	4.2369e-05	9.9996e-01	1.5023e-06	2.9080e-02	9.7092e-01	9.7255e-33	4.4394e-10	2.2437e-05	2.1045e-02	2.8129e-01	1.9365e-10	1.3491e-05	4.0365e-02	5.0907e-01	3.7612e-01	6.7100e-02	1.1755e-36	0.00e+00	0.00e+00	7.5493e-01
5.61684e+17	1.4839e+04	1.334e-16	4.6416e+03	5.4368e+03	9.0281e-21	4.2382e-05	9.9996e-01	1.6957e-06	3.2755e-02	9.6724e-01	1.2237e-32	4.8892e-10	2.4513e-05	2.2974e-02	2.9895e-01	2.2486e-10	1.5644e-05	4.6671e-02	5.2466e-01	3.6008e-01	6.1866e-02	1.1755e-36	0.00e+00	0.00e+00	7.6759e-01
5.71654e+17	1.4828e+04	1.350e-16	4.6416e+03	5.4343e+03	9.0809e-21	4.2582e-05	9.9996e-01	1.9407e-06	3.7233e-02	9.6277e-01	1.6184e-32	5.4370e-10	2.7068e-05	2.5126e-02	3.1818e-01	2.7092e-10	1.8654e-05	5.4357e-02	5.3973e-01	3.4298e-01	5.6786e-02	1.1755e-36	0.00e+00	0.00e+00	7.7975e-01
5.80936e+17	1.4802e+04	1.370e-16	4.6416e+03	5.4329e+03	9.0967e-21	4.2581e-05	9.9996e-01	2.2144e-06	4.2415e-02	9.5758e-01	2.0376e-32	5.9743e-10	2.9504e-05	2.7398e-02	3.3851e-01	3.1548e-10	2.1714e-05	6.3243e-02	5.5362e-01	3.2548e-01	5.2042e-02	1.1755e-36	0.00e+00	0.00e+00	7.9075e-01
5.89382e+17	1.4812e+04	1.388e-16	4.6416e+03	5.4296e+03	9.1212e-21	4.2748e-05	9.9996e-01	2.5474e-06	4.8527e-02	9.5147e-01	2.6774e-32	6.5970e-10	3.2376e-05	2.9791e-02	3.5959e-01	3.7977e-10	2.5888e-05	7.3675e-02	5.6585e-01	3.0774e-01	4.7607e-02	1.1755e-36	0.00e+00	0.00e+00	8.0087e-01
5.97052e+17	1.4788e+04	1.410e-16	4.6416e+03	5.4266e+03	9.0851e-21	4.2883e-05	9.9996e-01	2.9312e-06	5.5608e-02	9.4439e-01	3.4012e-32	7.2248e-10	3.5256e-05	3.2288e-02	3.8164e-01	4.4954e-10	3.0473e-05	8.5663e-02	5.7639e-01	2.8979e-01	4.3484e-02	1.1755e-36	0.00e+00	0.00e+00	8.0999e-01
6.04020e+17	1.4770e+04	1.434e-16	4.6416e+03	5.4238e+03	9.1295e-21	4.2995e-05	9.9996e-01	3.3752e-06	6.3788e-02	9.3621e-01	4.3229e-32	7.8791e-10	3.8221e-05	3.4868e-02	4.0430e-01	5.2951e-10	3.5725e-05	9.9376e-02	5.8489e-01	2.7182e-01	3.9644e-02	1.1755e-36	0.00e+00	0.00e+00	8.1840e-01
6.10451e+17	1.4747e+04	1.460e-16	4.6416e+03	5.4208e+03	9.1830e-21	4.3068e-05	9.9996e-01	3.8886e-06	7.3305e-02	9.2669e-01	5.3993e-32	8.5469e-10	4.1176e-05	3.7543e-02	4.2780e-01	6.1596e-10	4.1486e-05	1.1513e-01	5.9126e-01	2.5370e-01	3.6030e-02	1.1755e-36	0.00e+00	0.00e+00	8.2621e-01
6.16420e+17	1.4745e+04	1.485e-16	4.6416e+03	5.4147e+03	9.2407e-21	4.3292e-05	9.9996e-01	4.5156e-06	8.4759e-02	9.1524e-01	6.9818e-32	9.2872e-10	4.4587e-05	4.0311e-02	4.5226e-01	7.3796e-10	4.9240e-05	1.3372e-01	5.9499e-01	2.3520e-01	3.2574e-02	1.1755e-36	0.00e+00	0.00e+00	8.3350e-01
6.21887e+17	1.4716e+04	1.515e-16	4.6416e+03	5.4101e+03	9.3278e-21	4.3464e-05	9.9996e-01	5.2536e-06	9.8212e-02	9.0178e-01	8.8229e-32	1.0034e-09	4.7950e-05	4.3183e-02	4.7753e-01	8.6918e-10	5.7697e-05	1.5505e-01	5.9592e-01	2.1656e-01	2.9310e-02	1.1755e-36	0.00e+00	0.00e+00	8.4010e-01
6.26822e+17	1.4684e+04	1.545e-16	4.6416e+03	5.4053e+03	9.4143e-21	4.3593e-05	9.9996e-01	6.0965e-06	1.1360e-01	8.8640e-01	1.0902e-31	1.0775e-09	5.1177e-05	4.6053e-02	5.0278e-01	1.0077e-09	6.6736e-05	1.7880e-01	5.9373e-01	1.9833e-01	2.6298e-02	1.1755e-36	0.00e+00	0.00e+00	8.4609e-01
6.31338e+17	1.4657e+04	1.575e-16	4.6416e+03	5.3988e+03	9.5168e-21	4.3802e-05	9.9996e-01	7.0861e-06	1.3154e-01	8.6846e-01	1.3584e-31	1.1533e-09	5.4578e-05	4.8915e-02	5.2817e-01	1.1783e-09	7.7599e-05	2.0562e-01	5.8806e-01	1.8030e-01	2.3472e-02	1.1755e-36	0.00e+00	0.00e+00	8.5166e-01
6.35519e+17	1.4623e+04	1.605e-16	4.6416e+03	5.3911e+03	9.6428e-21	4.4042e-05	9.9996e-01	8.2459e-06	1.5250e-01	8.4749e-01	1.6831e-31	1.2298e-09	5.8003e-05	5.1784e-02	5.5378e-01	1.3737e-09	8.9953e-05	2.3580e-01	5.7867e-01	1.6245e-01	2.0810e-02	1.1755e-36	0.00e+00	0.00e+00	8.5685e-01
6.39381e+17	1.4585e+04	1.634e-16	4.6416e+03	5.3820e+03	9.7816e-21	4.4300e-05	9.9996e-01	9.5899e-06	1.7679e-01	8.2320e-01	2.0674e-31	1.3054e-09	6.1391e-05	5.4615e-02	5.7926e-01	1.5937e-09	1.0378e-04	2.6926e-01	5.6539e-01	1.4501e-01	1.8325e-02	1.1755e-36	0.00e+00	0.00e+00	8.6166e-01
6.42948e+17	1.4532e+04	1.662e-16	4.6416e+03	5.3683e+03	9.9799e-21	4.4685e-05	9.9996e-01	1.1112e-05	2.0479e-01	7.9520e-01	2.5456e-31	1.3769e-09	6.4821e-05	5.7329e-02	6.0442e-01	1.8559e-09	1.1983e-04	3.0596e-01	5.4808e-01	1.2814e-01	1.6028e-02	1.1755e-36	0.00e+00	0.00e+00	8.6615e-01
6.46260e+17	1.4467e+04	1.688e-16	4.6416e+03	5.3542e+03	1.0173e-20	4.5025e-05	9.9995e-01	1.2857e-05	2.3648e-01	7.6350e-01	3.0615e-31	1.4484e-09	6.8017e-05	5.9985e-02	6.2892e-01	2.1260e-09	1.3648e-04	3.4536e-01	5.2708e-01	1.1207e-01	1.3917e-02	1.1755e-36	0.00e+00	0.00e+00	8.7037e-01
6.49370e+17	1.4401e+04	1.708e-16	4.6416e+03	5.3388e+03	1.0394e-20	4.5381e-05	9.9995e-01	1.4818e-05	2.7221e-01	7.2778e-01	3.6469e-31	1.5165e-09	7.1084e-05	6.2529e-02	6.5261e-01	2.4181e-09	1.5436e-04	3.8729e-01	5.0245e-01	9.6897e-02	1.1985e-02	1.1755e-36	0.00e+00	0.00e+00	8.7439e-01
6.52319e+17	1.4315e+04	1.724e-16	4.6416e+03	5.3227e+03	1.0679e-20	4.5813e-05	9.9995e-01	1.7045e-05	3.1236e-01	6.8762e-01	4.3156e-31	1.5828e-09	7.4084e-05	6.4981e-02	6.7551e-01	2.7358e-09	1.7353e-04	4.3158e-01	4.7434e-01	8.2655e-02	1.0220e-02	1.1755e-36	0.00e+00	0.00e+00	8.7825e-01
6.55134e+17	1.4180e+04	1.736e-16	4.6416e+03	5.3049e+03	1.1100e-20	4.6389e-05	9.9995e-01	1.9566e-05	3.5711e-01	6.4287e-01	5.0911e-31	1.6468e-09	7.7086e-05	6.7355e-02	6.9760e-01	3.0838e-09	1.9404e-04	4.7774e-01	4.4313e-01	6.9458e-02	8.6264e-03	1.1755e-36	0.00e+00	0.00e+00	8.8199e-01
6.57840e+17	1.4050e+04	1.738e-16	4.6416e+03	5.2856e+03	1.1543e-20	4.6982e-05	9.9995e-01	2.2302e-05	4.0540e-01	5.9458e-01	5.9320e-31	1.7087e-09	7.9902e-05	6.9564e-02	7.1818e-01	3.4447e-09	2.1502e-04	5.2436e-01	4.0984e-01	5.7654e-02	7.2242e-03	1.1755e-36	0.00e+00	0.00e+00	8.8565e-01
6.60477e+17	1.3916e+04	1.729e-16	4.6416e+03	5.2650e+03	1.2006e-20	4.7594e-05	9.9995e-01	2.5204e-05	4.5659e-01	5.4339e-01	6.8162e-31	1.7663e-09	8.2522e-05	7.1606e-02	7.3721e-01	3.8118e-09	2.3607e-04	5.7065e-01	3.7527e-01	4.7276e-02	6.0058e-03	1.1755e-36	0.00e+00	0.00e+00	8.8930e-01
6.63485e+17	1.3696e+04	1.708e-16	4.6416e+03	5.2409e+03	1.2778e-20	4.8510e-05	9.9995e-01	2.8777e-05	5.1760e-01	4.8238e-01	7.9924e-31	1.8339e-09	8.5669e-05	7.3888e-02	7.5727e-01	4.2615e-09	2.6081e-04	6.2247e-01	3.3497e-01	3.7050e-02	4.8100e-03	1.1755e-36	0.00e+00	0.00e+00	8.9414e-01
6.66695e+17	1.3456e+04	1.672e-16	4.6416e+03	5.2138e+03	1.3692e-20	4.9524e-05	9.9995e-01	3.2763e-05	5.8499e-01	4.1497e-01	9.3191e-31	1.9048e-09	8.8823e-05	7.6127e-02	7.7631e-01	4.7417e-09	2.8656e-04	6.7536e-01	2.9212e-01	2.8133e-02	3.7691e-03	1.1755e-36	0.00e+00	0.00e+00	8.9852e-01
6.69495e+17	1.3226e+04	1.630e-16	4.6416e+03	5.1912e+03	1.4629e-20	5.0475e-05	9.9995e-01	3.6244e-05	6.4208e-01	3.5788e-01	1.0546e-30	1.9658e-09	9.1548e-05	7.7970e-02	7.9071e-01	5.1553e-09	3.0792e-04	7.1755e-01	2.5683e-01	2.2011e-02	3.0437e-03	1.1755e-36	0.00e+00	0.00e+00	9.0234e-01
6.72461e+17	1.2969e+04	1.577e-16	4.6416e+03	5.1696e+03	1.5780e-20	5.1560e-05	9.9995e-01	3.9695e-05	6.9628e-01	3.0368e-01	1.1936e-30	2.0346e-09	9.4507e-05	7.9830e-02	8.0330e-01	5.5825e-09	3.2889e-04	7.5643e-01	2.2347e-01	1.7134e-02	2.4473e-03	1.1755e-36	0.00e+00	0.00e+00	9.0740e-01
6.76316e+17	1.2641e+04	1.505e-16	4.6416e+03	5.1456e+03	1.7406e-20	5.2979e-05	9.9995e-01	4.3743e-05	7.5647e-01	2.4348e-01	1.3780e-30	2.1274e-09	9.8324e-05	8.2093e-02	8.1608e-01	6.1003e-09	3.5298e-04	7.9814e-01	1.8676e-01	1.2727e-02	1.8837e-03	1.1755e-36	0.00e+00	0.00e+00	9.1417e-01
6.80287e+17	1.2332e+04	1.434e-16	4.6416e+03	5.1254e+03	1.9146e-20	5.4314e-05	9.9995e-01	4.7283e-05	8.0712e-01	1.9283e-01	1.5580e-30	2.2168e-09	1.0194e-04	8.4185e-02	8.2595e-01	6.5609e-09	3.7341e-04	8.3184e-01	1.5641e-01	9.7807e-03	1.4821e-03	1.1755e-36	0.00e+00	0.00e+00	9.1988e-01
6.83675e+17	1.2094e+04	1.379e-16	4.6416e+03	5.1121e+03	2.0664e-20	5.5371e-05	9.9994e-01	4.9763e-05	8.4054e-01	1.5941e-01	1.7063e-30	2.2912e-09	1.0488e-04	8.5820e-02	8.3218e-01	6.9054e-09	3.8790e-04	8.5409e-01	1.3607e-01	8.1337e-03	1.2387e-03	1.1755e-36	0.00e+00	0.00e+00	9.2506e-01
6.87345e+17	1.1861e+04	1.324e-16	4.6416e+03	5.1008e+03	2.2317e-20	5.6460e-05	9.9994e-01	5.2025e-05	8.6857e-01	1.3138e-01	1.8655e-30	2.3729e-09	1.0800e-04	8.7492e-02	8.3726e-01	7.2475e-09	4.0159e-04	8.7332e-01	1.1826e-01	6.9113e-03	1.0414e-03	1.1755e-36	0.00e+00	0.00e+00	9.3192e-01
6.92116e+17	1.1605e+04	1.265e-16	4.6416e+03	5.0900e+03	2.4362e-20	5.7712e-05	9.9994e-01	5.4359e-05	8.9574e-01	1.0420e-01	2.0562e-30	2.4716e-09	1.1169e-04	8.9435e-02	8.4204e-01	7.6271e-09	4.1607e-04	8.9226e-01	1.0053e-01	5.8830e-03	8.5803e-04	1.1755e-36	0.00e+00	0.00e+00	9.4105e-01
6.98319e+17	1.1338e+04	1.204e-16	4.6416e+03	5.0802e+03	2.6792e-20	5.9092e-05	9.9994e-01	5.6645e-05	9.2019e-01	7.9751e-02	2.2752e-30	2.5862e-09	1.1588e-04	9.1601e-02	8.4626e-01	8.0302e-09	4.3065e-04	9.0983e-01	8.3922e-02	5.0796e-03	6.9634e-04	1.1755e-36	0.00e+00	0.00e+00	9.5319e-01
7.06292e+17	1.1078e+04	1.145e-16	4.6416e+03	5.0721e+03	2.9503e-20	6.0538e-05	9.9994e-01	5.8735e-05	9.4042e-01	5.9524e-02	2.5115e-30	2.7118e-09	1.2037e-04	9.3891e-02	8.4975e-01	8.4349e-09	4.4444e-04	9.2504e-01	6.9426e-02	4.4941e-03	5.6165e-04	1.1755e-36	0.00e+00	0.00e+00	9.6905e-01
7.16468e+17	1.0838e+04	1.092e-16	4.6416e+03	5.0658e+03	3.1998e-20	6.2016e-05	9.9994e-01	6.0560e-05	9.5613e-01	4.3813e-02	2.7333e-30	2.8445e-09	1.2501e-04	9.6232e-02	8.5252e-01	8.8285e-09	4.5698e-04	9.3763e-01	5.7347e-02	4.0783e-03	4.5302e-04	1.1755e-36	0.00e+00	0.00e+00	9.8981e-01
7.29598e+17	1.0620e+04	1.044e-16	4.6416e+03	5.0610e+03	3.4685e-20	6.3542e-05	9.9994e-01	6.2139e-05	9.6803e-01	3.1908e-02	2.9652e-30	2.9843e-09	1.2976e-04	9.8618e-02	8.5476e-01	9.2126e-09	4.6830e-04	9.4800e-01	4.7368e-02	3.7735e-03	3.6529e-04	1.1755e-36	0.00e+00	0.00e+00	1.0175e+00
7.46667e+17	1.0430e+04	1.003e-16	4.6416e+03	5.0574e+03	3.7637e-20	6.5142e-05	9.9993e-01	6.3493e-05	9.7690e-01	2.3032e-02	3.2148e-30	3.1312e-09	1.3461e-04	1.0105e-01	8.5660e-01	9.5884e-09	4.7838e-04	9.5640e-01	3.9264e-02	3.5374e-03	2.9494e-04	1.1755e-36	0.00e+00	0.00e+00	1.0543e+00
7.68857e+17	1.0269e+04	9.693e-17	4.6416e+03	5.0547e+03	4.0593e-20	6.6875e-05	9.9993e-01	6.4645e-05	9.8342e-01	1.6516e-02	3.4700e-30	3.2878e-09	1.3962e-04	1.0356e-01	8.5814e-01	9.9640e-09	4.8733e-04	9.6317e-01	3.2745e-02	3.3392e-03	2.3866e-04	1.1755e-36	0.00e+00	0.00e+00	1.1035e+00
7.97703e+17	1.0152e+04	9.412e-17	4.6416e+03	5.0528e+03	4.3160e-20	6.8755e-05	9.9993e-01	6.5602e-05	9.8813e-01	1.1807e-02	3.7132e-30	3.4505e-09	1.4457e-04	1.0607e-01	8.5954e-01	1.0335e-08	4.9486e-04	9.6864e-01	2.7499e-02	3.1591e-03	1.9337e-04	1.1755e-36	0.00e+00	0.00e+00	1.1692e+00
8.35204e+17	1.0036e+04	9.213e-17	4.6416e+03	5.0514e+03	4.6080e-20	7.1177e-05	9.9993e-01	6.6524e-05	9.9152e-01	8.4152e-03	4.0057e-30	3.6527e-09	1.5052e-04	1.0903e-01	8.6055e-01	1.0780e-08	5.0259e-04	9.7309e-01	2.3258e-02	2.9744e-03	1.5647e-04	1.1755e-36	0.00e+00	0.00e+00	1.2577e+00
8.83955e+17	9.9674e+03	9.071e-17	4.6416e+03	5.0504e+03	4.8371e-20	7.4143e-05	9.9993e-01	6.7351e-05	9.9391e-01	6.0198e-03	4.3040e-30	3.8832e-09	1.5688e-04	1.1220e-01	8.6135e-01	1.1277e-08	5.0938e-04	9.7673e-01	1.9835e-02	2.7806e-03	1.2625e-04	1.1755e-36	0.00e+00	0.00e+00	1.3774e+00
9.47331e+17	9.9482e+03	8.991e-17	4.6416e+03	5.0497e+03	5.1707e-20	7.8044e-05	9.9992e-01	6.8364e-05	9.9560e-01	4.3311e-03	4.7360e-30	4.1683e-09	1.6415e-04	1.1574e-01	8.6178e-01	1.1888e-08	5.1585e-04	9.7982e-01	1.6983e-02	2.5695e-03	1.0081e-04	1.1755e-36	0.00e+00	0.00e+00	1.5413e+00
1.02972e+18	9.9543e+03	8.998e-17	4.6416e+03	5.0491e+03	5.5157e-20	8.3698e-05	9.9992e-01	6.9551e-05	9.9680e-01	3.1302e-03	5.3219e-30	4.5603e-09	1.7366e-04	1.2015e-01	8.6133e-01	1.2748e-08	5.2348e-04	9.8252e-01	1.4537e-02	2.3332e-03	7.8979e-05	1.1755e-36	0.00e+00	0.00e+00	1.7698e+00
1.13010e+18	9.9976e+03	9.110e-17	4.6416e+03	5.0488e+03	5.9697e-20	9.1668e-05	9.9991e-01	7.0874e-05	9.9761e-01	2.3183e-03	6.1717e-30	5.0734e-09	1.8542e-04	1.2536e-01	8.5969e-01	1.3923e-08	5.3203e-04	9.8477e-01	1.2534e-02	2.0921e-03	6.1389e-05	1.1755e-36	0.00e+00	0.00e+00	2.0590e+00
1.23244e+18	1.0117e+04	9.298e-17	4.6416e+03	5.0485e+03	6.5164e-20	1.0119e-04	9.9990e-01	7.2511e-05	9.9809e-01	1.8358e-03	7.2308e-30	5.6178e-09	1.9676e-04	1.3012e-01	8.5754e-01	1.5266e-08	5.3920e-04	9.8640e-01	1.1116e-02	1.8941e-03	4.9273e-05	1.1755e-36	0.00e+00	0.00e+00	2.3469e+00
1.32464e+18	1.0227e+04	9.547e-17	4.6416e+03	5.0483e+03	7.2795e-20	1.1183e-04	9.9989e-01	7.4248e-05	9.9838e-01	1.5444e-03	8.6681e-30	6.2089e-09	2.0877e-04	1.3474e-01	8.5477e-01	1.6819e-08	5.4738e-04	9.8756e-01	1.0110e-02	1.7374e-03	4.1034e-05	1.1755e-36	0.00e+00	0.00e+00	2.6331e+00
1.40762e+18	1.0354e+04	9.812e-17	4.6416e+03	5.0482e+03	8.0703e-20	1.2317e-04	9.9988e-01	7.5957e-05	9.9857e-01	1.3533e-03	1.0386e-29	6.8082e-09	2.2057e-04	1.3894e-01	8.5189e-01	1.8515e-08	5.5523e-04	9.8843e-01	9.3603e-03	1.6135e-03	3.5140e-05	1.1755e-36	0.00e+00	0.00e+00	2.9169e+00
1.48230e+18	1.0485e+04	1.008e-16	4.6416e+03	5.0481e+03	8.9206e-20	1.3517e-04	9.9986e-01	7.7841e-05	9.9870e-01	1.2189e-03	1.2475e-29	7.4248e-09	2.3251e-04	1.4288e-01	8.4895e-01	2.0399e-08	5.6366e-04	9.8912e-01	8.7704e-03	1.5135e-03	3.0723e-05	1.1755e-36	0.00e+00	0.00e+00	3.1972e+00
1.54952e+18	1.0613e+04	1.036e-16	4.6416e+03	5.0480e+03	9.7944e-20	1.4769e-04	9.9985e-01	7.9819e-05	9.9880e-01	1.1196e-03	1.4954e-29	8.0543e-09	2.4460e-04	1.4663e-01	8.4597e-01	2.2463e-08	5.7240e-04	9.8967e-01	8.2967e-03	1.4315e-03	2.7326e-05	1.1755e-36	0.00e+00	0.00e+00	3.4728e+00
1.61001e+18	1.0736e+04	1.063e-16	4.6416e+03	5.0479e+03	1.0855e-19	1.6060e-04	9.9984e-01	8.1848e-05	9.9887e-01	1.0436e-03	1.7994e-29	8.6927e-09	2.5683e-04	1.5020e-01	8.4300e-01	2.4701e-08	5.8143e-04	9.9012e-01	7.9072e-03	1.3636e-03	2.4649e-05	1.1755e-36	0.00e+00	0.00e+00	3.7425e+00
1.66445e+18	1.0854e+04	1.088e-16	4.6416e+03	5.0478e+03	1.2031e-19	1.7367e-04	9.9983e-01	8.3774e-05	9.9893e-01	9.8408e-04	2.1566e-29	9.3102e-09	2.6890e-04	1.5355e-01	8.4012e-01	2.7083e-08	5.9057e-04	9.9050e-01	7.5789e-03	1.3068e-03	2.2494e-05	1.1755e-36	0.00e+00	0.00e+00	4.0050e+00
1.71345e+18	1.0952e+04	1.114e-16	4.6416e+03	5.0477e+03	1.3216e-19	1.8707e-04	9.9981e-01	8.5820e-05	9.9898e-01	9.3532e-04	2.5724e-29	9.9685e-09	2.8159e-04	1.5693e-01	8.3713e-01	2.9664e-08	6.0028e-04	9.9081e-01	7.3059e-03	1.2582e-03	2.0745e-05	1.1755e-36	0.00e+00	0.00e+00	4.2595e+00
1.75755e+18	1.1059e+04	1.137e-16	4.6416e+03	5.0476e+03	1.4250e-19	2.0023e-04	9.9980e-01	8.7793e-05	9.9902e-01	8.9648e-04	3.0252e-29	1.0602e-08	2.9373e-04	1.6000e-01	8.3438e-01	3.2327e-08	6.0949e-04	9.9108e-01	7.0721e-03	1.2176e-03	1.9303e-05	1.1755e-36	0.00e+00	0.00e+00	4.5046e+00
1.79724e+18	1.1147e+04	1.159e-16	4.6416e+03	5.0475e+03	1.5278e-19	2.1349e-04	9.9979e-01	8.9885e-05	9.9905e-01	8.6367e-04	3.5404e-29	1.1265e-08	3.0631e-04	1.6307e-01	8.3157e-01	3.5162e-08	6.1919e-04	9.9131e-01	6.8691e-03	1.1824e-03	1.8093e-05	1.1755e-36	0.00e+00	0.00e+00	4.7399e+00
1.83296e+18	1.1233e+04	1.179e-16	4.6416e+03	5.0474e+03	1.6680e-19	2.2624e-04	9.9977e-01	9.1778e-05	9.9907e-01	8.3689e-04	4.1352e-29	1.1866e-08	3.1815e-04	1.6587e-01	8.2899e-01	3.8011e-08	6.2835e-04	9.9151e-01	6.6941e-03	1.1523e-03	1.7077e-05	1.1755e-36	0.00e+00	0.00e+00	4.9642e+00
1.86510e+18	1.1313e+04	1.197e-16	4.6416e+03	5.0474e+03	1.8052e-19	2.3870e-04	9.9976e-01	9.3606e-05	9.9909e-01	8.1441e-04	4.7879e-29	1.2471e-08	3.2988e-04	1.6855e-01	8.2650e-01	4.0933e-08	6.3740e-04	9.9168e-01	6.5419e-03	1.1263e-03	1.6216e-05	1.1755e-36	0.00e+00	0.00e+00	5.1772e+00
1.89404e+18	1.1382e+04	1.214e-16	4.6416e+03	5.0473e+03	1.9372e-19	2.5082e-04	9.9975e-01	9.5402e-05	9.9911e-01	7.9537e-04	5.4907e-29	1.3065e-08	3.4144e-04	1.7112e-01	8.2409e-01	4.3905e-08	6.4637e-04	9.9183e-01	6.4056e-03	1.1036e-03	1.5472e-05	1.2114e-36	0.00e+00	0.00e+00	5.3787e+00
1.92008e+18	1.1445e+04	1.230e-16	4.6416e+03	5.0472e+03	2.0702e-19	2.6246e-04	9.9974e-01	9.7126e-05	9.9912e-01	7.7948e-04	6.2434e-29	1.3638e-08	3.5262e-04	1.7354e-01	8.2180e-01	4.6881e-08	6.5505e-04	9.9196e-01	6.2849e-03	1.0837e-03	1.4830e-05	1.3944e-36	0.00e+00	0.00e+00	5.5684e+00
1.94351e+18	1.1502e+04	1.244e-16	4.6416e+03	5.0472e+03	2.2009e-19	2.7356e-04	9.9973e-01	9.8768e-05	9.9913e-01	7.6632e-04	7.0368e-29	1.4188e-08	3.6337e-04	1.7580e-01	8.1965e-01	4.9836e-08	6.6338e-04	9.9208e-01	6.1777e-03	1.0663e-03	1.4275e-05	1.5897e-36	0.00e+00	0.00e+00	5.7464e+00
1.96539e+18	1.1556e+04	1.257e-16	4.6416e+03	5.0471e+03	2.3344e-19	2.8449e-04	9.9972e-01	1.0039e-04	9.9914e-01	7.5488e-04	7.9002e-29	1.4737e-08	3.7412e-04	1.7802e-01	8.1753e-01	5.2858e-08	6.7163e-04	9.9219e-01	6.0759e-03	1.0503e-03	1.3764e-05	1.8052e-36	0.00e+00	0.00e+00	5.9260e+00
1.98693e+18	1.1609e+04	1.270e-16	4.6416e+03	5.0470e+03	2.4840e-19	2.9584e-04	9.9970e-01	1.0206e-04	9.9916e-01	7.4239e-04	8.8958e-29	1.5311e-08	3.8540e-04	1.8031e-01	8.1534e-01	5.6114e-08	6.8025e-04	9.9230e-01	5.9745e-03	1.0347e-03	1.3272e-05	2.0667e-36	0.00e+00	0.00e+00	6.1128e+00
2.00847e+18	1.1662e+04	1.283e-16	4.6416e+03	5.0470e+03	2.6411e-19	3.0782e-04	9.9969e-01	1.0381e-04	9.9917e-01	7.2942e-04	1.0044e-28	1.5923e-08	3.9742e-04	1.8270e-01	8.1305e-01	5.9684e-08	6.8941e-04	9.9240e-01	5.8736e-03	1.0195e-03	1.2795e-05	2.3623e-36	0.00e+00	0.00e+00	6.3071e+00
2.03002e+18	1.1714e+04	1.297e-16	4.6416e+03	5.0469e+03	2.8137e-19	3.2049e-04	9.9968e-01	1.0566e-04	9.9918e-01	7.1677e-04	1.1387e-28	1.6574e-08	4.1026e-04	1.8519e-01	8.1065e-01	6.3608e-08	6.9917e-04	9.9251e-01	5.7739e-03	1.0046e-03	1.2332e-05	2.7130e-36	0.00e+00	0.00e+00	6.5094e+00
2.05156e+18	1.1767e+04	1.310e-16	4.6416e+03	5.0468e+03	3.0045e-19	3.3389e-04	9.9967e-01	1.0762e-04	9.9919e-01	7.0444e-04	1.2962e-28	1.7270e-08	4.2397e-04	1.8779e-01	8.0814e-01	6.7929e-08	7.0956e-04	9.9261e-01	5.6752e-03	9.9007e-04	1.1884e-05	3.1325e-36	0.00e+00	0.00e+00	6.7202e+00
2.07311e+18	1.1819e+04	1.324e-16	4.6416e+03	5.0468e+03	3.2063e-19	3.4808e-04	9.9965e-01	1.0968e-04	9.9920e-01	6.9243e-04	1.4804e-28	1.8013e-08	4.3866e-04	1.9051e-01	8.0551e-01	7.2698e-08	7.2064e-04	9.9271e-01	5.5770e-03	9.7584e-04	1.1450e-05	3.6146e-36	0.00e+00	0.00e+00	6.9400e+00
2.09465e+18	1.1872e+04	1.338e-16	4.6416e+03	5.0467e+03	3.4325e-19	3.6312e-04	9.9964e-01	1.1186e-04	9.9921e-01	6.8071e-04	1.6990e-28	1.8808e-08	4.5439e-04	1.9335e-01	8.0274e-01	7.7973e-08	7.3247e-04	9.9281e-01	5.4793e-03	9.6193e-04	1.1027e-05	4.2029e-36	0.00e+00	0.00e+00	7.1692e+00
2.11620e+18	1.1924e+04	1.352e-16	4.6416e+03	5.0466e+03	3.6793e-19	3.7907e-04	9.9962e-01	1.1417e-04	9.9922e-01	6.6928e-04	1.9582e-28	1.9661e-08	4.7129e-04	1.9632e-01	7.9984e-01	8.3825e-08	7.4511e-04	9.9291e-01	5.3820e-03	9.4832e-04	1.0616e-05	4.9035e-36	0.00e+00	0.00e+00	7.4085e+00
2.13774e+18	1.1977e+04	1.366e-16	4.6416e+03	5.0465e+03	3.9503e-19	3.9601e-04	9.9960e-01	1.1662e-04	9.9923e-01	6.5811e-04	2.2673e-28	2.0577e-08	4.8946e-04	1.9944e-01	7.9680e-01	9.0331e-08	7.5865e-04	9.9301e-01	5.2848e-03	9.3500e-04	1.0217e-05	5.7449e-36	0.00e+00	0.00e+00	7.6585e+00
2.15147e+18	1.2013e+04	1.376e-16	4.6416e+03	5.0464e+03	4.0689e-19	4.0764e-04	9.9959e-01	1.1841e-04	9.9923e-01	6.5243e-04	2.4771e-28	2.1167e-08	5.0135e-04	2.0125e-01	7.9502e-01	9.5060e-08	7.6870e-04	9.9305e-01	5.2432e-03	9.2861e-04	1.0021e-05	6.1255e-36	0.00e+00	0.00e+00	7.7292e+00
###########################
1.98692e+14	1.8327e+04	1.466e-16	4.6416e+03	5.4500e+03	1.1476e-20	5.6472e-05	9.9994e-01	3.3908e-07	5.9753e-03	9.9402e-01	2.9697e-34	1.4396e-10	4.2024e-06	3.1847e-03	6.9403e-02	1.3635e-11	7.9800e-07	1.7373e-03	1.4552e-01	4.5700e-01	3.1022e-01	1.1755e-36	0.00e+00	0.00e+00	6.5753e-04
1.19215e+15	1.8283e+04	1.462e-16	4.6416e+03	5.4499e+03	1.1611e-20	5.6400e-05	9.9994e-01	3.3818e-07	5.9758e-03	9.9402e-01	2.8037e-34	1.2797e-10	4.1852e-06	3.1798e-03	6.9671e-02	1.3645e-11	8.0063e-07	1.7501e-03	1.4614e-01	4.5835e-01	3.0957e-01	1.1755e-36	0.00e+00	0.00e+00	3.2843e-03
5.16600e+15	1.8197e+04	1.453e-16	4.6416e+03	5.4499e+03	1.1511e-20	5.6280e-05	9.9994e-01	3.3965e-07	5.9965e-03	9.9400e-01	2.8286e-34	1.2610e-10	4.2069e-06	3.2131e-03	7.0590e-02	1.3810e-11	8.1288e-07	1.7968e-03	1.4818e-01	4.6049e-01	3.0792e-01	1.1755e-36	0.00e+00	0.00e+00	1.3769e-02
2.10614e+16	1.8016e+04	1.438e-16	4.6416e+03	5.4497e+03	1.1221e-20	5.5755e-05	9.9994e-01	3.4202e-07	6.1061e-03	9.9389e-01	2.8871e-34	1.2278e-10	4.3030e-06	3.3584e-03	7.3584e-02	1.4137e-11	8.4342e-07	1.9632e-03	1.5488e-01	4.6625e-01	3.0065e-01	1.1755e-36	0.00e+00	0.00e+00	5.5316e-02
5.03089e+16	1.7592e+04	1.389e-16	4.6416e+03	5.4497e+03	1.0466e-20	5.2830e-05	9.9995e-01	3.2474e-07	5.9907e-03	9.9401e-01	2.4260e-34	1.0346e-10	4.1875e-06	3.4451e-03	7.7868e-02	1.3502e-11	8.4584e-07	2.1898e-03	1.6394e-01	4.7425e-01	2.9040e-01	1.1755e-36	0.00e+00	0.00e+00	1.0649e-01
8.74320e+16	1.7195e+04	1.350e-16	4.6416e+03	5.4495e+03	9.7728e-21	5.0350e-05	9.9995e-01	3.1584e-07	6.0124e-03	9.9399e-01	2.1961e-34	9.3233e-11	4.1931e-06	3.6175e-03	8.3092e-02	1.3514e-11	8.8329e-07	2.5023e-03	1.7596e-01	4.8390e-01	2.7646e-01	1.1755e-36	0.00e+00	0.00e+00	1.6725e-01
1.34773e+17	1.6810e+04	1.317e-16	4.6416e+03	5.4493e+03	9.3111e-21	4.8227e-05	9.9995e-01	3.1681e-07	6.2250e-03	9.9377e-01	2.2128e-34	8.9718e-11	4.3648e-06	3.9403e-03	9.0250e-02	1.4316e-11	9.7212e-07	2.9907e-03	1.9315e-01	4.9487e-01	2.5710e-01	1.1755e-36	0.00e+00	0.00e+00	2.4285e-01
1.86035e+17	1.6443e+04	1.288e-16	4.6416e+03	5.4490e+03	8.5779e-21	4.5716e-05	9.9995e-01	3.1749e-07	6.5069e-03	9.9349e-01	2.1218e-34	8.7000e-11	4.5432e-06	4.3259e-03	9.8264e-02	1.4940e-11	1.0644e-06	3.5934e-03	2.1229e-01	5.0412e-01	2.3649e-01	1.1755e-36	0.00e+00	0.00e+00	3.0851e-01
2.30007e+17	1.6176e+04	1.271e-16	4.6416e+03	5.4486e+03	8.0605e-21	4.3866e-05	9.9996e-01	3.2480e-07	6.8778e-03	9.9312e-01	2.1595e-34	8.7776e-11	4.7850e-06	4.7460e-03	1.0585e-01	1.5869e-11	1.1737e-06	4.2384e-03	2.3045e-01	5.0966e-01	2.1839e-01	1.1755e-36	0.00e+00	0.00e+00	3.5854e-01
2.67356e+17	1.5981e+04	1.262e-16	4.6416e+03	5.4483e+03	7.7359e-21	4.2836e-05	9.9996e-01	3.4113e-07	7.3570e-03	9.9264e-01	2.4005e-34	9.2739e-11	5.1534e-06	5.2345e-03	1.1353e-01	1.7557e-11	1.3259e-06	4.9682e-03	2.4865e-01	5.1211e-01	2.0196e-01	1.1755e-36	0.00e+00	0.00e+00	4.0344e-01
3.08505e+17	1.5801e+04	1.256e-16	4.6416e+03	5.4478e+03	7.6556e-21	4.2388e-05	9.9996e-01	3.7415e-07	8.1139e-03	9.9189e-01	3.1117e-34	1.0471e-10	5.8267e-06	5.9812e-03	1.2407e-01	2.1043e-11	1.6001e-06	6.0792e-03	2.7291e-01	5.1157e-01	1.8230e-01	1.1755e-36	0.00e+00	0.00e+00	4.6121e-01
3.50262e+17	1.5620e+04	1.253e-16	4.6416e+03	5.4472e+03	7.4442e-21	4.1489e-05	9.9996e-01	4.1209e-07	9.0620e-03	9.9094e-01	3.8988e-34	1.1736e-10	6.5749e-06	6.8771e-03	1.3605e-01	2.4898e-11	1.9252e-06	7.5071e-03	2.9894e-01	5.0723e-01	1.6350e-01	1.1755e-36	0.00e+00	0.00e+00	5.0619e-01
3.80327e+17	1.5505e+04	1.253e-16	4.6416e+03	5.4468e+03	7.1635e-21	4.0789e-05	9.9996e-01	4.4834e-07	9.9606e-03	9.9004e-01	4.6350e-34	1.2907e-10	7.2503e-06	7.6830e-03	1.4611e-01	2.8533e-11	2.2341e-06	8.8589e-03	3.1960e-01	5.0124e-01	1.5021e-01	1.1755e-36	0.00e+00	0.00e+00	5.3384e-01
4.01456e+17	1.5407e+04	1.256e-16	4.6416e+03	5.4463e+03	7.1378e-21	4.0565e-05	9.9996e-01	4.8422e-07	1.0778e-02	9.8922e-01	5.5801e-34	1.4077e-10	7.8931e-06	8.4006e-03	1.5471e-01	3.2300e-11	2.5369e-06	1.0098e-02	3.3631e-01	4.9501e-01	1.4038e-01	1.1755e-36	0.00e+00	0.00e+00	5.5657e-01
4.23452e+17	1.5315e+04	1.258e-16	4.6416e+03	5.4458e+03	7.2013e-21	4.0637e-05	9.9996e-01	5.3478e-07	1.1824e-02	9.8818e-01	7.2596e-34	1.5853e-10	8.8049e-06	9.3279e-03	1.6536e-01	3.8179e-11	2.9817e-06	1.1734e-02	3.5610e-01	4.8642e-01	1.2949e-01	1.1755e-36	0.00e+00	0.00e+00	5.8618e-01
4.47205e+17	1.5235e+04	1.262e-16	4.6416e+03	5.4452e+03	7.1663e-21	4.0472e-05	9.9996e-01	5.9887e-07	1.3193e-02	9.8681e-01	9.5026e-34	1.7986e-10	9.9087e-06	1.0481e-02	1.7799e-01	4.5604e-11	3.5575e-06	1.3897e-02	3.7820e-01	4.7517e-01	1.1834e-01	1.1755e-36	0.00e+00	0.00e+00	6.1302e-01
4.67612e+17	1.5167e+04	1.269e-16	4.6416e+03	5.4446e+03	7.1434e-21	4.0366e-05	9.9996e-01	6.6907e-07	1.4697e-02	9.8530e-01	1.2279e-33	2.0254e-10	1.1064e-05	1.1682e-02	1.9068e-01	5.3985e-11	4.2025e-06	1.6298e-02	3.9882e-01	4.6315e-01	1.0880e-01	1.1755e-36	0.00e+00	0.00e+00	6.3452e-01
4.84423e+17	1.5105e+04	1.276e-16	4.6416e+03	5.4437e+03	7.1748e-21	4.0405e-05	9.9996e-01	7.4342e-07	1.6252e-02	9.8375e-01	1.5734e-33	2.2627e-10	1.2245e-05	1.2874e-02	2.0292e-01	6.3376e-11	4.9073e-06	1.8818e-02	4.1733e-01	4.5126e-01	1.0084e-01	1.1755e-36	0.00e+00	0.00e+00	6.5281e-01
4.99535e+17	1.5055e+04	1.283e-16	4.6416e+03	5.4428e+03	7.1232e-21	4.0464e-05	9.9996e-01	8.2660e-07	1.7956e-02	9.8204e-01	1.9900e-33	2.5218e-10	1.3523e-05	1.4136e-02	2.1553e-01	7.4249e-11	5.7155e-06	2.1625e-02	4.3514e-01	4.3892e-01	9.3588e-02	1.1755e-36	0.00e+00	0.00e+00	6.7032e-01
5.14223e+17	1.5012e+04	1.291e-16	4.6416e+03	5.4421e+03	7.1631e-21	4.0498e-05	9.9996e-01	9.2590e-07	1.9974e-02	9.8003e-01	2.5750e-33	2.8192e-10	1.4979e-05	1.5565e-02	2.2943e-01	8.7525e-11	6.7004e-06	2.4995e-02	4.5342e-01	4.2529e-01	8.6518e-02	1.1755e-36	0.00e+00	0.00e+00	6.8765e-01
5.28424e+17	1.4961e+04	1.302e-16	4.6416e+03	5.4409e+03	7.1865e-21	4.0613e-05	9.9996e-01	1.0476e-06	2.2419e-02	9.7758e-01	3.3761e-33	3.1704e-10	1.6668e-05	1.7191e-02	2.4495e-01	1.0450e-10	7.9381e-06	2.9110e-02	4.7215e-01	4.1020e-01	7.9658e-02	1.1755e-36	0.00e+00	0.00e+00	7.0407e-01
5.41541e+17	1.4923e+04	1.314e-16	4.6416e+03	5.4394e+03	7.2362e-21	4.0779e-05	9.9996e-01	1.1905e-06	2.5261e-02	9.7474e-01	4.4659e-33	3.5645e-10	1.8542e-05	1.8956e-02	2.6140e-01	1.2538e-10	9.4356e-06	3.3930e-02	4.9024e-01	3.9444e-01	7.3302e-02	1.1755e-36	0.00e+00	0.00e+00	7.1893e-01
5.53348e+17	1.4905e+04	1.326e-16	4.6416e+03	5.4383e+03	7.2309e-21	4.0817e-05	9.9996e-01	1.3504e-06	2.8452e-02	9.7155e-01	5.7895e-33	3.9757e-10	2.0487e-05	2.0801e-02	2.7825e-01	1.4878e-10	1.1128e-05	3.9376e-02	5.0709e-01	3.7859e-01	6.7547e-02	1.1755e-36	0.00e+00	0.00e+00	7.3230e-01
5.64112e+17	1.4855e+04	1.342e-16	4.6416e+03	5.4370e+03	7.2797e-21	4.0854e-05	9.9996e-01	1.5297e-06	3.2094e-02	9.6790e-01	7.3414e-33	4.3840e-10	2.2445e-05	2.2748e-02	2.9607e-01	1.7350e-10	1.2953e-05	4.5619e-02	5.2305e-01	3.6234e-01	6.2228e-02	1.1755e-36	0.00e+00	0.00e+00	7.4469e-01
5.74193e+17	1.4833e+04	1.357e-16	4.6416e+03	5.4350e+03	7.3052e-21	4.1164e-05	9.9996e-01	1.7635e-06	3.6477e-02	9.6352e-01	9.9370e-33	4.9362e-10	2.4992e-05	2.4915e-02	3.1522e-01	2.1303e-10	1.5644e-05	5.3144e-02	5.3834e-01	3.4522e-01	5.7120e-02	1.1755e-36	0.00e+00	0.00e+00	7.5652e-01
5.83536e+17	1.4801e+04	1.376e-16	4.6416e+03	5.4333e+03	7.3401e-21	4.1191e-05	9.9996e-01	2.0149e-06	4.1523e-02	9.5848e-01	1.2604e-32	5.4293e-10	2.7296e-05	2.7173e-02	3.3535e-01	2.4912e-10	1.8267e-05	6.1803e-02	5.5236e-01	3.2782e-01	5.2379e-02	1.1755e-36	0.00e+00	0.00e+00	7.6723e-01
5.92062e+17	1.4793e+04	1.394e-16	4.6416e+03	5.4299e+03	7.2817e-21	4.1542e-05	9.9996e-01	2.3364e-06	4.7501e-02	9.5250e-01	1.6890e-32	6.0794e-10	3.0244e-05	2.9587e-02	3.5642e-01	3.0716e-10	2.2130e-05	7.2020e-02	5.6487e-01	3.1004e-01	4.7923e-02	1.1755e-36	0.00e+00	0.00e+00	7.7719e-01
5.99835e+17	1.4752e+04	1.417e-16	4.6416e+03	5.4280e+03	7.3349e-21	4.1567e-05	9.9996e-01	2.6838e-06	5.4349e-02	9.4565e-01	2.1262e-32	6.6333e-10	3.2823e-05	3.2086e-02	3.7836e-01	3.5799e-10	2.5770e-05	8.3645e-02	5.7573e-01	2.9214e-01	4.3797e-02	1.1755e-36	0.00e+00	0.00e+00	7.8616e-01
6.06945e+17	1.4750e+04	1.437e-16	4.6416e+03	5.4244e+03	7.2786e-21	4.1877e-05	9.9996e-01	3.1238e-06	6.2440e-02	9.3756e-01	2.8180e-32	7.3559e-10	3.6078e-05	3.4701e-02	4.0100e-01	4.3893e-10	3.1096e-05	9.7243e-02	5.8451e-01	2.7406e-01	3.9908e-02	1.1755e-36	0.00e+00	0.00e+00	7.9457e-01
6.13483e+17	1.4716e+04	1.464e-16	4.6416e+03	5.4214e+03	7.3149e-21	4.1964e-05	9.9996e-01	3.6088e-06	7.1830e-02	9.2817e-01	3.5322e-32	7.9877e-10	3.8956e-05	3.7407e-02	4.2462e-01	5.1271e-10	3.6241e-05	1.1282e-01	5.9123e-01	2.5581e-01	3.6264e-02	1.1755e-36	0.00e+00	0.00e+00	8.0222e-01
6.19475e+17	1.4709e+04	1.488e-16	4.6416e+03	5.4158e+03	7.1965e-21	4.2323e-05	9.9996e-01	4.2193e-06	8.2976e-02	9.1702e-01	4.6120e-32	8.7855e-10	4.2536e-05	4.0184e-02	4.4888e-01	6.2853e-10	4.3707e-05	1.3097e-01	5.9528e-01	2.3741e-01	3.2820e-02	1.1755e-36	0.00e+00	0.00e+00	8.0936e-01
6.24964e+17	1.4680e+04	1.516e-16	4.6416e+03	5.4109e+03	7.1959e-21	4.2524e-05	9.9996e-01	4.9198e-06	9.6002e-02	9.0399e-01	5.8540e-32	9.5351e-10	4.5910e-05	4.3048e-02	4.7385e-01	7.4736e-10	5.1565e-05	1.5171e-01	5.9659e-01	2.1894e-01	2.9579e-02	1.1755e-36	0.00e+00	0.00e+00	8.1587e-01
6.29957e+17	1.4647e+04	1.546e-16	4.6416e+03	5.4063e+03	7.2052e-21	4.2648e-05	9.9996e-01	5.7150e-06	1.1101e-01	8.8898e-01	7.2054e-32	1.0240e-09	4.9062e-05	4.5933e-02	4.9904e-01	8.6827e-10	5.9755e-05	1.7500e-01	5.9486e-01	2.0072e-01	2.6561e-02	1.1755e-36	0.00e+00	0.00e+00	8.2183e-01
6.34551e+17	1.4619e+04	1.575e-16	4.6416e+03	5.3999e+03	7.1574e-21	4.2904e-05	9.9996e-01	6.6751e-06	1.2863e-01	8.7136e-01	8.9982e-32	1.1024e-09	5.2572e-05	4.8831e-02	5.2453e-01	1.0285e-09	7.0171e-05	2.0149e-01	5.8964e-01	1.8259e-01	2.3715e-02	1.1755e-36	0.00e+00	0.00e+00	8.2738e-01
6.38795e+17	1.4585e+04	1.605e-16	4.6416e+03	5.3924e+03	7.0845e-21	4.3181e-05	9.9996e-01	7.8032e-06	1.4924e-01	8.5075e-01	1.1105e-31	1.1816e-09	5.6110e-05	5.1732e-02	5.5024e-01	1.2135e-09	8.2093e-05	2.3133e-01	5.8070e-01	1.6464e-01	2.1036e-02	1.1755e-36	0.00e+00	0.00e+00	8.3253e-01
6.42694e+17	1.4548e+04	1.634e-16	4.6416e+03	5.3834e+03	6.9980e-21	4.3472e-05	9.9996e-01	9.1102e-06	1.7303e-01	8.2697e-01	1.3535e-31	1.2600e-09	5.9608e-05	5.4583e-02	5.7573e-01	1.4232e-09	9.5498e-05	2.6435e-01	5.6792e-01	1.4716e-01	1.8546e-02	1.1755e-36	0.00e+00	0.00e+00	8.3728e-01
6.46284e+17	1.4488e+04	1.661e-16	4.6416e+03	5.3688e+03	6.7343e-21	4.3936e-05	9.9996e-01	1.0621e-05	2.0044e-01	7.9955e-01	1.6221e-31	1.3391e-09	6.3253e-05	5.7294e-02	6.0093e-01	1.6858e-09	1.1167e-04	3.0054e-01	5.5115e-01	1.3027e-01	1.6249e-02	1.1755e-36	0.00e+00	0.00e+00	8.4172e-01
6.49624e+17	1.4428e+04	1.687e-16	4.6416e+03	5.3591e+03	6.8529e-21	4.4299e-05	9.9996e-01	1.2363e-05	2.3164e-01	7.6835e-01	1.9803e-31	1.4156e-09	6.6698e-05	6.0054e-02	6.2556e-01	1.9508e-09	1.2821e-04	3.3969e-01	5.3059e-01	1.1403e-01	1.4108e-02	1.1755e-36	0.00e+00	0.00e+00	8.4592e-01
6.52752e+17	1.4357e+04	1.709e-16	4.6416e+03	5.3435e+03	6.8587e-21	4.4707e-05	9.9996e-01	1.4320e-05	2.6687e-01	7.3312e-01	2.3514e-31	1.4860e-09	6.9902e-05	6.2594e-02	6.4943e-01	2.2420e-09	1.4616e-04	3.8138e-01	5.0634e-01	9.8730e-02	1.2164e-02	1.1755e-36	0.00e+00	0.00e+00	8.4988e-01
6.55705e+17	1.4268e+04	1.725e-16	4.6416e+03	5.3257e+03	7.0265e-21	4.5130e-05	9.9995e-01	1.6515e-05	3.0625e-01	6.9373e-01	2.8019e-31	1.5516e-09	7.2931e-05	6.5015e-02	6.7239e-01	2.5521e-09	1.6516e-04	4.2519e-01	4.7876e-01	8.4440e-02	1.0401e-02	1.1755e-36	0.00e+00	0.00e+00	8.5369e-01
6.58530e+17	1.4161e+04	1.735e-16	4.6416e+03	5.3082e+03	7.2437e-21	4.5643e-05	9.9995e-01	1.9000e-05	3.5010e-01	6.4988e-01	3.3233e-31	1.6166e-09	7.5950e-05	6.7361e-02	6.9443e-01	2.8908e-09	1.8551e-04	4.7093e-01	4.4803e-01	7.1182e-02	8.8000e-03	1.1755e-36	0.00e+00	0.00e+00	8.5740e-01
6.61255e+17	1.4036e+04	1.738e-16	4.6416e+03	5.2891e+03	7.5053e-21	4.6218e-05	9.9995e-01	2.1747e-05	3.9800e-01	6.0197e-01	3.9058e-31	1.6785e-09	7.8847e-05	6.9575e-02	7.1528e-01	3.2498e-09	2.0672e-04	5.1765e-01	4.1488e-01	5.9168e-02	7.3765e-03	1.1755e-36	0.00e+00	0.00e+00	8.6102e-01
6.63902e+17	1.3891e+04	1.732e-16	4.6416e+03	5.2687e+03	7.7550e-21	4.6861e-05	9.9995e-01	2.4722e-05	4.4916e-01	5.5082e-01	4.5193e-31	1.7373e-09	8.1627e-05	7.1650e-02	7.3469e-01	3.6242e-09	2.2840e-04	5.6432e-01	3.8020e-01	4.8537e-02	6.1333e-03	1.1755e-36	0.00e+00	0.00e+00	8.6462e-01
6.66516e+17	1.3725e+04	1.715e-16	4.6416e+03	5.2473e+03	8.1141e-21	4.7578e-05	9.9995e-01	2.7899e-05	5.0280e-01	4.9717e-01	5.2147e-31	1.7948e-09	8.4330e-05	7.3608e-02	7.5260e-01	4.0115e-09	2.5028e-04	6.1021e-01	3.4471e-01	3.9299e-02	5.0599e-03	1.1755e-36	0.00e+00	0.00e+00	8.6826e-01
6.69519e+17	1.3505e+04	1.683e-16	4.6416e+03	5.2227e+03	8.6472e-21	4.8517e-05	9.9995e-01	3.1683e-05	5.6476e-01	4.3521e-01	6.1174e-31	1.8622e-09	8.7436e-05	7.5735e-02	7.7097e-01	4.4687e-09	2.7522e-04	6.6024e-01	3.0461e-01	3.0488e-02	4.0319e-03	1.1755e-36	0.00e+00	0.00e+00	8.7308e-01
6.72757e+17	1.3248e+04	1.637e-16	4.6416e+03	5.1963e+03	9.3474e-21	4.9579e-05	9.9995e-01	3.5835e-05	6.3124e-01	3.6873e-01	7.1667e-31	1.9317e-09	9.0616e-05	7.7851e-02	7.8820e-01	4.9523e-09	3.0078e-04	7.1012e-01	2.6317e-01	2.2996e-02	3.1514e-03	1.1755e-36	0.00e+00	0.00e+00	8.7756e-01
6.75653e+17	1.3005e+04	1.587e-16	4.6416e+03	5.1739e+03	1.0061e-20	5.0578e-05	9.9995e-01	3.9412e-05	6.8649e-01	3.1347e-01	8.1551e-31	1.9942e-09	9.3420e-05	7.9625e-02	8.0113e-01	5.3698e-09	3.2194e-04	7.4953e-01	2.2948e-01	1.7930e-02	2.5409e-03	1.1755e-36	0.00e+00	0.00e+00	8.8158e-01
6.78768e+17	1.2738e+04	1.528e-16	4.6416e+03	5.1534e+03	1.0943e-20	5.1704e-05	9.9995e-01	4.2935e-05	7.3786e-01	2.6210e-01	9.3008e-31	2.0663e-09	9.6528e-05	8.1460e-02	8.1232e-01	5.8019e-09	3.4271e-04	7.8540e-01	1.9809e-01	1.3968e-02	2.0424e-03	1.1755e-36	0.00e+00	0.00e+00	8.8692e-01
6.82818e+17	1.2410e+04	1.453e-16	4.6416e+03	5.1317e+03	1.2193e-20	5.3116e-05	9.9995e-01	4.6916e-05	7.9264e-01	2.0731e-01	1.0820e-30	2.1608e-09	1.0045e-04	8.3679e-02	8.2335e-01	6.3095e-09	3.6586e-04	8.2273e-01	1.6470e-01	1.0513e-02	1.5811e-03	1.1755e-36	0.00e+00	0.00e+00	8.9405e-01
6.87013e+17	1.2111e+04	1.383e-16	4.6416e+03	5.1138e+03	1.3482e-20	5.4407e-05	9.9995e-01	5.0295e-05	8.3698e-01	1.6297e-01	1.2273e-30	2.2507e-09	1.0409e-04	8.5709e-02	8.3167e-01	6.7482e-09	3.8494e-04	8.5207e-01	1.3794e-01	8.2686e-03	1.2568e-03	1.1755e-36	0.00e+00	0.00e+00	9.0012e-01
6.90688e+17	1.1881e+04	1.328e-16	4.6416e+03	5.1019e+03	1.4615e-20	5.5436e-05	9.9994e-01	5.2686e-05	8.6607e-01	1.3388e-01	1.3495e-30	2.3267e-09	1.0709e-04	8.7326e-02	8.3693e-01	7.0808e-09	3.9867e-04	8.7156e-01	1.1991e-01	7.0054e-03	1.0565e-03	1.1755e-36	0.00e+00	0.00e+00	9.0588e-01
6.94761e+17	1.1657e+04	1.276e-16	4.6416e+03	5.0921e+03	1.5865e-20	5.6504e-05	9.9994e-01	5.4870e-05	8.9047e-01	1.0948e-01	1.4835e-30	2.4111e-09	1.1031e-04	8.9013e-02	8.4125e-01	7.4155e-09	4.1182e-04	8.8855e-01	1.0403e-01	6.0611e-03	8.9108e-04	1.1755e-36	0.00e+00	0.00e+00	9.1350e-01
7.00055e+17	1.1416e+04	1.220e-16	4.6416e+03	5.0830e+03	1.7417e-20	5.7708e-05	9.9994e-01	5.7098e-05	9.1353e-01	8.6410e-02	1.6438e-30	2.5111e-09	1.1404e-04	9.0941e-02	8.4524e-01	7.7803e-09	4.2549e-04	9.0500e-01	8.8513e-02	5.2777e-03	7.3845e-04	1.1755e-36	0.00e+00	0.00e+00	9.2363e-01
7.06938e+17	1.1170e+04	1.164e-16	4.6416e+03	5.0749e+03	1.9250e-20	5.9016e-05	9.9994e-01	5.9249e-05	9.3384e-01	6.6097e-02	1.8268e-30	2.6248e-09	1.1820e-04	9.3064e-02	8.4872e-01	8.1617e-09	4.3906e-04	9.2005e-01	7.4200e-02	4.6680e-03	6.0412e-04	1.1755e-36	0.00e+00	0.00e+00	9.3709e-01
7.15885e+17	1.0931e+04	1.110e-16	4.6416e+03	5.0681e+03	2.1329e-20	6.0395e-05	9.9994e-01	6.1227e-05	9.5057e-01	4.9364e-02	2.0278e-30	2.7497e-09	1.2267e-04	9.5324e-02	8.5162e-01	8.5460e-09	4.5193e-04	9.3314e-01	6.1670e-02	4.2137e-03	4.9059e-04	1.1755e-36	0.00e+00	0.00e+00	9.5500e-01
7.27517e+17	1.0709e+04	1.061e-16	4.6416e+03	5.0628e+03	2.3605e-20	6.1830e-05	9.9994e-01	6.2989e-05	9.6366e-01	3.6273e-02	2.2423e-30	2.8834e-09	1.2735e-04	9.7676e-02	8.5398e-01	8.9259e-09	4.6379e-04	9.4417e-01	5.1068e-02	3.8777e-03	3.9694e-04	1.1755e-36	0.00e+00	0.00e+00	9.7883e-01
7.42638e+17	1.0510e+04	1.018e-16	4.6416e+03	5.0588e+03	2.6038e-20	6.3331e-05	9.9994e-01	6.4532e-05	9.7357e-01	2.6366e-02	2.4678e-30	3.0252e-09	1.3218e-04	1.0010e-01	8.5589e-01	9.2993e-09	4.7452e-04	9.5322e-01	4.2341e-02	3.6216e-03	3.2106e-04	1.1755e-36	0.00e+00	0.00e+00	1.0106e+00
7.62296e+17	1.0337e+04	9.810e-17	4.6416e+03	5.0557e+03	2.8375e-20	6.4934e-05	9.9994e-01	6.5889e-05	9.8092e-01	1.9013e-02	2.6932e-30	3.1769e-09	1.3718e-04	1.0261e-01	8.5746e-01	9.6718e-09	4.8417e-04	9.6056e-01	3.5266e-02	3.4133e-03	2.6004e-04	1.1755e-36	0.00e+00	0.00e+00	1.0529e+00
7.87850e+17	1.0192e+04	9.510e-17	4.6416e+03	5.0535e+03	3.1133e-20	6.6716e-05	9.9993e-01	6.7086e-05	9.8630e-01	1.3631e-02	2.9508e-30	3.3413e-09	1.4242e-04	1.0523e-01	8.5878e-01	1.0054e-08	4.9285e-04	9.6650e-01	2.9549e-02	3.2283e-03	2.1086e-04	1.1755e-36	0.00e+00	0.00e+00	1.1094e+00
8.21071e+17	1.0076e+04	9.274e-17	4.6416e+03	5.0520e+03	3.4016e-20	6.8803e-05	9.9993e-01	6.8164e-05	9.9019e-01	9.7437e-03	3.2341e-30	3.5263e-09	1.4805e-04	1.0805e-01	8.5987e-01	1.0467e-08	5.0089e-04	9.7133e-01	2.4929e-02	3.0488e-03	1.7094e-04	1.1755e-36	0.00e+00	0.00e+00	1.1851e+00
8.64259e+17	9.9896e+03	9.101e-17	4.6416e+03	5.0508e+03	3.6731e-20	7.1381e-05	9.9993e-01	6.9194e-05	9.9296e-01	6.9695e-03	3.5412e-30	3.7428e-09	1.5431e-04	1.1115e-01	8.6070e-01	1.0939e-08	5.0848e-04	9.7528e-01	2.1199e-02	2.8621e-03	1.3831e-04	1.1755e-36	0.00e+00	0.00e+00	1.2873e+00
9.20403e+17	9.9349e+03	8.992e-17	4.6416e+03	5.0500e+03	4.0593e-20	7.4768e-05	9.9993e-01	7.0293e-05	9.9493e-01	5.0023e-03	3.9740e-30	4.0138e-09	1.6166e-04	1.1470e-01	8.6111e-01	1.1525e-08	5.1628e-04	9.7858e-01	1.8118e-02	2.6590e-03	1.1103e-04	1.1755e-36	0.00e+00	0.00e+00	1.4264e+00
9.93390e+17	9.9153e+03	8.955e-17	4.6416e+03	5.0494e+03	4.5316e-20	7.9458e-05	9.9992e-01	7.1537e-05	9.9632e-01	3.6077e-03	4.5633e-30	4.3671e-09	1.7067e-04	1.1891e-01	8.6088e-01	1.2296e-08	5.2470e-04	9.8143e-01	1.5511e-02	2.4341e-03	8.7821e-05	1.1755e-36	0.00e+00	0.00e+00	1.6186e+00
1.08638e+18	9.9396e+03	9.004e-17	4.6416e+03	5.0489e+03	5.1280e-20	8.6150e-05	9.9991e-01	7.3049e-05	9.9729e-01	2.6324e-03	5.4114e-30	4.8415e-09	1.8199e-04	1.2395e-01	8.5963e-01	1.3359e-08	5.3421e-04	9.8391e-01	1.3288e-02	2.1916e-03	6.8223e-05	1.1755e-36	0.00e+00	0.00e+00	1.8799e+00
1.18892e+18	1.0014e+04	9.151e-17	4.6416e+03	5.0486e+03	5.8495e-20	9.4792e-05	9.9991e-01	7.4608e-05	9.9791e-01	2.0200e-03	6.5071e-30	5.3949e-09	1.9428e-04	1.2919e-01	8.5742e-01	1.4668e-08	5.4346e-04	9.8580e-01	1.1623e-02	1.9732e-03	5.3881e-05	1.1755e-36	0.00e+00	0.00e+00	2.1622e+00
1.28547e+18	1.0119e+04	9.364e-17	4.6416e+03	5.0484e+03	6.7690e-20	1.0467e-04	9.9990e-01	7.6254e-05	9.9827e-01	1.6574e-03	7.9383e-30	5.9841e-09	2.0659e-04	1.3406e-01	8.5470e-01	1.6158e-08	5.5243e-04	9.8715e-01	1.0453e-02	1.7992e-03	4.4161e-05	1.1755e-36	0.00e+00	0.00e+00	2.4429e+00
1.37237e+18	1.0237e+04	9.607e-17	4.6416e+03	5.0482e+03	7.8287e-20	1.1538e-04	9.9988e-01	7.7954e-05	9.9849e-01	1.4281e-03	9.7238e-30	6.5972e-09	2.1888e-04	1.3854e-01	8.5175e-01	1.7808e-08	5.6131e-04	9.8814e-01	9.5946e-03	1.6621e-03	3.7344e-05	1.1755e-36	0.00e+00	0.00e+00	2.7212e+00
1.45058e+18	1.0359e+04	9.868e-17	4.6416e+03	5.0481e+03	9.1836e-20	1.2678e-04	9.9987e-01	7.9686e-05	9.9865e-01	1.2710e-03	1.2015e-29	7.2272e-09	2.3121e-04	1.4274e-01	8.4868e-01	1.9617e-08	5.7009e-04	9.8890e-01	8.9374e-03	1.5520e-03	3.2345e-05	1.1755e-36	0.00e+00	0.00e+00	2.9965e+00
1.52096e+18	1.0482e+04	1.013e-16	4.6416e+03	5.0480e+03	1.0365e-19	1.3877e-04	9.9986e-01	8.1537e-05	9.9876e-01	1.1574e-03	1.4593e-29	7.8757e-09	2.4367e-04	1.4669e-01	8.4559e-01	2.1611e-08	5.7932e-04	9.8951e-01	8.4139e-03	1.4624e-03	2.8543e-05	1.1755e-36	0.00e+00	0.00e+00	3.2677e+00
1.58431e+18	1.0603e+04	1.040e-16	4.6416e+03	5.0479e+03	1.1691e-19	1.5121e-04	9.9985e-01	8.3448e-05	9.9884e-01	1.0718e-03	1.7708e-29	8.5356e-09	2.5621e-04	1.5044e-01	8.4251e-01	2.3778e-08	5.8870e-04	9.9001e-01	7.9877e-03	1.3885e-03	2.5579e-05	1.1755e-36	0.00e+00	0.00e+00	3.5337e+00
1.64132e+18	1.0721e+04	1.065e-16	4.6416e+03	5.0478e+03	1.3285e-19	1.6386e-04	9.9984e-01	8.5214e-05	9.9891e-01	1.0057e-03	2.1462e-29	9.1679e-09	2.6846e-04	1.5393e-01	8.3955e-01	2.6065e-08	5.9773e-04	9.9042e-01	7.6318e-03	1.3272e-03	2.3215e-05	1.1755e-36	0.00e+00	0.00e+00	3.7931e+00
1.69263e+18	1.0820e+04	1.091e-16	4.6416e+03	5.0477e+03	1.5205e-19	1.7692e-04	9.9982e-01	8.7163e-05	9.9896e-01	9.5210e-04	2.6131e-29	9.8513e-09	2.8140e-04	1.5744e-01	8.3647e-01	2.8575e-08	6.0767e-04	9.9076e-01	7.3373e-03	1.2748e-03	2.1310e-05	1.1755e-36	0.00e+00	0.00e+00	4.0451e+00
1.73881e+18	1.0926e+04	1.114e-16	4.6416e+03	5.0477e+03	1.7069e-19	1.8987e-04	9.9981e-01	8.9067e-05	9.9900e-01	9.0956e-04	3.1361e-29	1.0516e-08	2.9385e-04	1.6064e-01	8.3361e-01	3.1183e-08	6.1715e-04	9.9104e-01	7.0864e-03	1.2313e-03	1.9748e-05	1.1755e-36	0.00e+00	0.00e+00	4.2885e+00
1.78038e+18	1.1022e+04	1.136e-16	4.6416e+03	5.0476e+03	1.9088e-19	2.0289e-04	9.9980e-01	9.1154e-05	9.9903e-01	8.7428e-04	3.7497e-29	1.1213e-08	3.0660e-04	1.6378e-01	8.3076e-01	3.3966e-08	6.2714e-04	9.9129e-01	6.8721e-03	1.1939e-03	1.8452e-05	1.2651e-36	0.00e+00	0.00e+00	4.5226e+00
1.81778e+18	1.1110e+04	1.157e-16	4.6416e+03	5.0475e+03	2.1097e-19	2.1565e-04	9.9978e-01	9.3091e-05	9.9906e-01	8.4514e-04	4.4225e-29	1.1871e-08	3.1892e-04	1.6671e-01	8.2806e-01	3.6805e-08	6.3664e-04	9.9150e-01	6.6807e-03	1.1619e-03	1.7351e-05	1.5581e-36	0.00e+00	0.00e+00	4.7466e+00
1.85145e+18	1.1191e+04	1.176e-16	4.6416e+03	5.0474e+03	2.3224e-19	2.2814e-04	9.9977e-01	9.4954e-05	9.9908e-01	8.2078e-04	5.1762e-29	1.2516e-08	3.3102e-04	1.6951e-01	8.2546e-01	3.9715e-08	6.4599e-04	9.9168e-01	6.5184e-03	1.1341e-03	1.6428e-05	1.9069e-36	0.00e+00	0.00e+00	4.9598e+00
1.88175e+18	1.1263e+04	1.193e-16	4.6416e+03	5.0473e+03	2.5489e-19	2.4028e-04	9.9976e-01	9.6759e-05	9.9910e-01	8.0033e-04	6.0142e-29	1.3147e-08	3.4285e-04	1.7216e-01	8.2298e-01	4.2675e-08	6.5515e-04	9.9184e-01	6.3750e-03	1.1100e-03	1.5638e-05	2.3224e-36	0.00e+00	0.00e+00	5.1619e+00
1.90901e+18	1.1329e+04	1.210e-16	4.6416e+03	5.0473e+03	2.7655e-19	2.5202e-04	9.9975e-01	9.8497e-05	9.9912e-01	7.8321e-04	6.9060e-29	1.3759e-08	3.5434e-04	1.7466e-01	8.2062e-01	4.5656e-08	6.6405e-04	9.9198e-01	6.2489e-03	1.0890e-03	1.4959e-05	2.7609e-36	0.00e+00	0.00e+00	5.3527e+00
1.93356e+18	1.1384e+04	1.225e-16	4.6416e+03	5.0472e+03	2.9909e-19	2.6326e-04	9.9974e-01	1.0008e-04	9.9913e-01	7.6880e-04	7.8564e-29	1.4332e-08	3.6538e-04	1.7704e-01	8.1837e-01	4.8604e-08	6.7249e-04	9.9210e-01	6.1425e-03	1.0704e-03	1.4383e-05	3.2506e-36	0.00e+00	0.00e+00	5.5321e+00
1.95595e+18	1.1440e+04	1.239e-16	4.6416e+03	5.0471e+03	3.2148e-19	2.7414e-04	9.9973e-01	1.0166e-04	9.9914e-01	7.5685e-04	8.8825e-29	1.4909e-08	3.7617e-04	1.7927e-01	8.1624e-01	5.1591e-08	6.8081e-04	9.9221e-01	6.0385e-03	1.0541e-03	1.3858e-05	3.7960e-36	0.00e+00	0.00e+00	5.7051e+00
1.97750e+18	1.1494e+04	1.252e-16	4.6416e+03	5.0471e+03	3.4432e-19	2.8520e-04	9.9971e-01	1.0329e-04	9.9915e-01	7.4536e-04	1.0025e-28	1.5503e-08	3.8727e-04	1.8154e-01	8.1408e-01	5.4740e-08	6.8930e-04	9.9232e-01	5.9387e-03	1.0385e-03	1.3365e-05	4.4023e-36	0.00e+00	0.00e+00	5.8852e+00
1.99904e+18	1.1547e+04	1.266e-16	4.6416e+03	5.0470e+03	3.7029e-19	2.9693e-04	9.9970e-01	1.0503e-04	9.9916e-01	7.3235e-04	1.1372e-28	1.6136e-08	3.9913e-04	1.8390e-01	8.1180e-01	5.8202e-08	6.9836e-04	9.9243e-01	5.8382e-03	1.0232e-03	1.2884e-05	5.1486e-36	0.00e+00	0.00e+00	6.0726e+00
2.02059e+18	1.1601e+04	1.280e-16	4.6416e+03	5.0470e+03	3.9664e-19	3.0940e-04	9.9969e-01	1.0692e-04	9.9917e-01	7.1965e-04	1.2914e-28	1.6809e-08	4.1177e-04	1.8637e-01	8.0943e-01	6.2019e-08	7.0800e-04	9.9253e-01	5.7393e-03	1.0082e-03	1.2419e-05	5.9651e-36	0.00e+00	0.00e+00	6.2680e+00
2.04213e+18	1.1655e+04	1.294e-16	4.6416e+03	5.0469e+03	4.2552e-19	3.2268e-04	9.9968e-01	1.0898e-04	9.9918e-01	7.0726e-04	1.4726e-28	1.7530e-08	4.2531e-04	1.8895e-01	8.0694e-01	6.6246e-08	7.1833e-04	9.9263e-01	5.6409e-03	9.9362e-04	1.1967e-05	6.9294e-36	0.00e+00	0.00e+00	6.4717e+00
2.06368e+18	1.1720e+04	1.308e-16	4.6416e+03	5.0468e+03	4.5137e-19	3.3679e-04	9.9966e-01	1.1143e-04	9.9919e-01	6.9552e-04	1.6794e-28	1.8322e-08	4.3973e-04	1.9158e-01	8.0439e-01	7.0979e-08	7.2952e-04	9.9273e-01	5.5470e-03	9.7982e-04	1.1536e-05	7.9121e-36	0.00e+00	0.00e+00	6.6843e+00
2.08522e+18	1.1761e+04	1.324e-16	4.6416e+03	5.0467e+03	4.8937e-19	3.5216e-04	9.9965e-01	1.1364e-04	9.9920e-01	6.8335e-04	1.9371e-28	1.9145e-08	4.5549e-04	1.9450e-01	8.0156e-01	7.6207e-08	7.4135e-04	9.9283e-01	5.4493e-03	9.6533e-04	1.1106e-05	9.3292e-36	0.00e+00	0.00e+00	6.9066e+00
2.10676e+18	1.1835e+04	1.339e-16	4.6416e+03	5.0466e+03	5.2358e-19	3.6850e-04	9.9963e-01	1.1619e-04	9.9921e-01	6.7247e-04	2.2398e-28	2.0068e-08	4.7201e-04	1.9736e-01	7.9877e-01	8.2154e-08	7.5421e-04	9.9293e-01	5.3521e-03	9.5248e-04	1.0691e-05	1.0907e-35	0.00e+00	0.00e+00	7.1393e+00
2.12831e+18	1.1888e+04	1.357e-16	4.6416e+03	5.0465e+03	5.6757e-19	3.8702e-04	9.9961e-01	1.1900e-04	9.9922e-01	6.6110e-04	2.6212e-28	2.1098e-08	4.9047e-04	2.0054e-01	7.9566e-01	8.9036e-08	7.6852e-04	9.9303e-01	5.2528e-03	9.3909e-04	1.0279e-05	1.2944e-35	0.00e+00	0.00e+00	7.3836e+00
2.14676e+18	1.1939e+04	1.368e-16	4.6416e+03	5.0464e+03	5.9964e-19	4.0146e-04	9.9960e-01	1.2144e-04	9.9923e-01	6.5245e-04	2.9662e-28	2.1961e-08	5.0703e-04	2.0327e-01	7.9299e-01	9.5020e-08	7.8145e-04	9.9310e-01	5.1830e-03	9.2877e-04	9.9744e-06	1.4657e-35	0.00e+00	0.00e+00	7.5642e+00
###########################
1.98692e+14	1.8327e+04	1.466e-16	4.6416e+03	5.4501e+03	1.1383e-20	5.6476e-05	9.9994e-01	3.3728e-07	5.9756e-03	9.9402e-01	2.9474e-34	1.4359e-10	4.2034e-06	3.1853e-03	6.9407e-02	1.3642e-11	7.9823e-07	1.7376e-03	1.4553e-01	4.5700e-01	3.1021e-01	1.1755e-36	0.00e+00	0.00e+00	6.5757e-04
1.19215e+15	1.8283e+04	1.462e-16	4.6416e+03	5.4499e+03	1.1612e-20	5.6400e-05	9.9994e-01	3.3823e-07	5.9758e-03	9.9402e-01	2.8039e-34	1.2801e-10	4.1853e-06	3.1798e-03	6.9671e-02	1.3645e-11	8.0062e-07	1.7500e-03	1.4614e-01	4.5835e-01	3.0957e-01	1.1755e-36	0.00e+00	0.00e+00	3.2843e-03
5.16600e+15	1.8197e+04	1.453e-16	4.6416e+03	5.4499e+03	1.1509e-20	5.6280e-05	9.9994e-01	3.3969e-07	5.9964e-03	9.9400e-01	2.8283e-34	1.2613e-10	4.2069e-06	3.2131e-03	7.0589e-02	1.3809e-11	8.1287e-07	1.7968e-03	1.4818e-01	4.6049e-01	3.0792e-01	1.1755e-36	0.00e+00	0.00e+00	1.3769e-02
2.10614e+16	1.8016e+04	1.438e-16	4.6416e+03	5.4497e+03	1.1220e-20	5.5755e-05	9.9994e-01	3.4206e-07	6.1061e-03	9.9389e-01	2.8868e-34	1.2281e-10	4.3030e-06	3.3584e-03	7.3584e-02	1.4137e-11	8.4341e-07	1.9632e-03	1.5488e-01	4.6625e-01	3.0065e-01	1.1755e-36	0.00e+00	0.00e+00	5.5316e-02
5.03089e+16	1.7593e+04	1.389e-16	4.6416e+03	5.4497e+03	1.0465e-20	5.2830e-05	9.9995e-01	3.2477e-07	5.9907e-03	9.9401e-01	2.4257e-34	1.0348e-10	4.1875e-06	3.4450e-03	7.7867e-02	1.3502e-11	8.4582e-07	2.1897e-03	1.6394e-01	4.7426e-01	2.9040e-01	1.1755e-36	0.00e+00	0.00e+00	1.0649e-01
8.74333e+16	1.7195e+04	1.350e-16	4.6416e+03	5.4495e+03	9.7716e-21	5.0349e-05	9.9995e-01	3.1587e-07	6.0124e-03	9.9399e-01	2.1959e-34	9.3252e-11	4.1931e-06	3.6175e-03	8.3091e-02	1.3514e-11	8.8328e-07	2.5023e-03	1.7596e-01	4.8390e-01	2.7646e-01	1.1755e-36	0.00e+00	0.00e+00	1.6725e-01
1.34779e+17	1.6810e+04	1.317e-16	4.6416e+03	5.4493e+03	9.3100e-21	4.8226e-05	9.9995e-01	3.1685e-07	6.2250e-03	9.9377e-01	2.2126e-34	8.9736e-11	4.3648e-06	3.9404e-03	9.0250e-02	1.4316e-11	9.7212e-07	2.9908e-03	1.9316e-01	4.9487e-01	2.5709e-01	1.1755e-36	0.00e+00	0.00e+00	2.4286e-01
1.86045e+17	1.6444e+04	1.288e-16	4.6416e+03	5.4490e+03	8.5768e-21	4.5716e-05	9.9995e-01	3.1752e-07	6.5069e-03	9.9349e-01	2.1215e-34	8.7014e-11	4.5432e-06	4.3260e-03	9.8264e-02	1.4940e-11	1.0644e-06	3.5935e-03	2.1229e-01	5.0412e-01	2.3648e-01	1.1755e-36	0.00e+00	0.00e+00	3.0853e-01
2.30016e+17	1.6176e+04	1.271e-16	4.6416e+03	5.4486e+03	8.0594e-21	4.3865e-05	9.9996e-01	3.2483e-07	6.8778e-03	9.9312e-01	2.1593e-34	8.7788e-11	4.7850e-06	4.7460e-03	1.0585e-01	1.5869e-11	1.1737e-06	4.2385e-03	2.3046e-01	5.0966e-01	2.1839e-01	1.1755e-36	0.00e+00	0.00e+00	3.5854e-01
2.67366e+17	1.5982e+04	1.262e-16	4.6416e+03	5.4483e+03	7.7348e-21	4.2835e-05	9.9996e-01	3.4115e-07	7.3570e-03	9.9264e-01	2.4002e-34	9.2750e-11	5.1534e-06	5.2345e-03	1.1353e-01	1.7557e-11	1.3259e-06	4.9682e-03	2.4865e-01	5.1211e-01	2.0196e-01	1.1755e-36	0.00e+00	0.00e+00	4.0345e-01
3.08515e+17	1.5801e+04	1.256e-16	4.6416e+03	5.4478e+03	7.6545e-21	4.2387e-05	9.9996e-01	3.7417e-07	8.1139e-03	9.9189e-01	3.1113e-34	1.0472e-10	5.8266e-06	5.9813e-03	1.2407e-01	2.1043e-11	1.6001e-06	6.0792e-03	2.7291e-01	5.1157e-01	1.8229e-01	1.1755e-36	0.00e+00	0.00e+00	4.6122e-01
3.50272e+17	1.5620e+04	1.253e-16	4.6416e+03	5.4472e+03	7.4432e-21	4.1489e-05	9.9996e-01	4.1212e-07	9.0620e-03	9.9094e-01	3.8983e-34	1.1737e-10	6.5749e-06	6.8771e-03	1.3605e-01	2.4898e-11	1.9252e-06	7.5072e-03	2.9894e-01	5.0723e-01	1.6350e-01	1.1755e-36	0.00e+00	0.00e+00	5.0620e-01
3.80337e+17	1.5505e+04	1.253e-16	4.6416e+03	5.4468e+03	7.1623e-21	4.0788e-05	9.9996e-01	4.4835e-07	9.9606e-03	9.9004e-01	4.6342e-34	1.2908e-10	7.2502e-06	7.6831e-03	1.4611e-01	2.8532e-11	2.2340e-06	8.8589e-03	3.1960e-01	5.0125e-01	1.5021e-01	1.1755e-36	0.00e+00	0.00e+00	5.3384e-01
4.01467e+17	1.5407e+04	1.256e-16	4.6416e+03	5.4463e+03	7.1367e-21	4.0564e-05	9.9996e-01	4.8424e-07	1.0778e-02	9.8922e-01	5.5793e-34	1.4077e-10	7.8930e-06	8.4006e-03	1.5471e-01	3.2299e-11	2.5369e-06	1.0098e-02	3.3631e-01	4.9501e-01	1.4038e-01	1.1755e-36	0.00e+00	0.00e+00	5.5658e-01
4.23463e+17	1.5315e+04	1.258e-16	4.6416e+03	5.4458e+03	7.2003e-21	4.0636e-05	9.9996e-01	5.3480e-07	1.1824e-02	9.8818e-01	7.2587e-34	1.5853e-10	8.8048e-06	9.3280e-03	1.6536e-01	3.8178e-11	2.9816e-06	1.1734e-02	3.5610e-01	4.8642e-01	1.2949e-01	1.1755e-36	0.00e+00	0.00e+00	5.8618e-01
4.47216e+17	1.5236e+04	1.262e-16	4.6416e+03	5.4452e+03	7.1653e-21	4.0471e-05	9.9996e-01	5.9889e-07	1.3194e-02	9.8681e-01	9.5013e-34	1.7986e-10	9.9086e-06	1.0481e-02	1.7799e-01	4.5602e-11	3.5575e-06	1.3897e-02	3.7820e-01	4.7517e-01	1.1833e-01	1.1755e-36	0.00e+00	0.00e+00	6.1303e-01
4.67624e+17	1.5167e+04	1.269e-16	4.6416e+03	5.4446e+03	7.1423e-21	4.0365e-05	9.9996e-01	6.6908e-07	1.4697e-02	9.8530e-01	1.2278e-33	2.0254e-10	1.1064e-05	1.1682e-02	1.9068e-01	5.3983e-11	4.2024e-06	1.6298e-02	3.9882e-01	4.6315e-01	1.0880e-01	1.1755e-36	0.00e+00	0.00e+00	6.3452e-01
4.84434e+17	1.5106e+04	1.276e-16	4.6416e+03	5.4437e+03	7.1739e-21	4.0404e-05	9.9996e-01	7.4343e-07	1.6252e-02	9.8375e-01	1.5731e-33	2.2626e-10	1.2245e-05	1.2874e-02	2.0292e-01	6.3374e-11	4.9072e-06	1.8818e-02	4.1733e-01	4.5126e-01	1.0084e-01	1.1755e-36	0.00e+00	0.00e+00	6.5281e-01
4.99546e+17	1.5055e+04	1.283e-16	4.6416e+03	5.4428e+03	7.1223e-21	4.0462e-05	9.9996e-01	8.2661e-07	1.7956e-02	9.8204e-01	1.9897e-33	2.5215e-10	1.3522e-05	1.4136e-02	2.1553e-01	7.4246e-11	5.7154e-06	2.1625e-02	4.3514e-01	4.3892e-01	9.3586e-02	1.1755e-36	0.00e+00	0.00e+00	6.7033e-01
5.14234e+17	1.5013e+04	1.291e-16	4.6416e+03	5.4421e+03	7.1622e-21	4.0496e-05	9.9996e-01	9.2591e-07	1.9974e-02	9.8003e-01	2.5746e-33	2.8189e-10	1.4979e-05	1.5565e-02	2.2943e-01	8.7522e-11	6.7003e-06	2.4995e-02	4.5342e-01	4.2529e-01	8.6516e-02	1.1755e-36	0.00e+00	0.00e+00	6.8766e-01
5.28435e+17	1.4962e+04	1.302e-16	4.6416e+03	5.4409e+03	7.1857e-21	4.0612e-05	9.9996e-01	1.0476e-06	2.2419e-02	9.7758e-01	3.3756e-33	3.1700e-10	1.6667e-05	1.7191e-02	2.4495e-01	1.0450e-10	7.9380e-06	2.9110e-02	4.7215e-01	4.1020e-01	7.9656e-02	1.1755e-36	0.00e+00	0.00e+00	7.0407e-01
5.41552e+17	1.4924e+04	1.314e-16	4.6416e+03	5.4394e+03	7.2354e-21	4.0778e-05	9.9996e-01	1.1905e-06	2.5261e-02	9.7474e-01	4.4652e-33	3.5640e-10	1.8541e-05	1.8956e-02	2.6140e-01	1.2537e-10	9.4354e-06	3.3930e-02	4.9024e-01	3.9444e-01	7.3301e-02	1.1755e-36	0.00e+00	0.00e+00	7.1893e-01
5.53359e+17	1.4905e+04	1.326e-16	4.6416e+03	5.4383e+03	7.2306e-21	4.0816e-05	9.9996e-01	1.3504e-06	2.8453e-02	9.7155e-01	5.7892e-33	3.9751e-10	2.0487e-05	2.0802e-02	2.7826e-01	1.4878e-10	1.1128e-05	3.9378e-02	5.0709e-01	3.7859e-01	6.7545e-02	1.1755e-36	0.00e+00	0.00e+00	7.3230e-01
5.64123e+17	1.4856e+04	1.342e-16	4.6416e+03	5.4370e+03	7.2792e-21	4.0853e-05	9.9996e-01	1.5297e-06	3.2094e-02	9.6790e-01	7.3408e-33	4.3835e-10	2.2445e-05	2.2748e-02	2.9607e-01	1.7349e-10	1.2953e-05	4.5619e-02	5.2305e-01	3.6234e-01	6.2227e-02	1.1755e-36	0.00e+00	0.00e+00	7.4469e-01
5.74204e+17	1.4833e+04	1.357e-16	4.6416e+03	5.4350e+03	7.3053e-21	4.1163e-05	9.9996e-01	1.7635e-06	3.6478e-02	9.6352e-01	9.9369e-33	4.9354e-10	2.4992e-05	2.4915e-02	3.1523e-01	2.1303e-10	1.5645e-05	5.3146e-02	5.3834e-01	3.4522e-01	5.7119e-02	1.1755e-36	0.00e+00	0.00e+00	7.5652e-01
5.83548e+17	1.4802e+04	1.376e-16	4.6416e+03	5.4333e+03	7.3400e-21	4.1189e-05	9.9996e-01	2.0149e-06	4.1524e-02	9.5847e-01	1.2604e-32	5.4286e-10	2.7296e-05	2.7173e-02	3.3535e-01	2.4912e-10	1.8267e-05	6.1805e-02	5.5237e-01	3.2781e-01	5.2377e-02	1.1755e-36	0.00e+00	0.00e+00	7.6724e-01
5.92074e+17	1.4789e+04	1.394e-16	4.6416e+03	5.4299e+03	7.2875e-21	4.1549e-05	9.9996e-01	2.3374e-06	4.7511e-02	9.5249e-01	1.6906e-32	6.0793e-10	3.0251e-05	2.9591e-02	3.5647e-01	3.0733e-10	2.2139e-05	7.2036e-02	5.6490e-01	3.1000e-01	4.7917e-02	1.1755e-36	0.00e+00	0.00e+00	7.7719e-01
5.99846e+17	1.4755e+04	1.417e-16	4.6416e+03	5.4280e+03	7.3326e-21	4.1562e-05	9.9996e-01	2.6835e-06	5.4346e-02	9.4565e-01	2.1258e-32	6.6329e-10	3.2820e-05	3.2084e-02	3.7834e-01	3.5793e-10	2.5768e-05	8.3642e-02	5.7572e-01	2.9215e-01	4.3797e-02	1.1755e-36	0.00e+00	0.00e+00	7.8616e-01
6.06957e+17	1.4755e+04	1.437e-16	4.6416e+03	5.4240e+03	7.2534e-21	4.1902e-05	9.9996e-01	3.1234e-06	6.2431e-02	9.3757e-01	2.8200e-32	7.3619e-10	3.6100e-05	3.4690e-02	4.0096e-01	4.4024e-10	3.1157e-05	9.7233e-02	5.8448e-01	2.7410e-01	3.9912e-02	1.1755e-36	0.00e+00	0.00e+00	7.9458e-01
6.13499e+17	1.4730e+04	1.462e-16	4.6416e+03	5.4198e+03	7.2462e-21	4.2112e-05	9.9996e-01	3.6249e-06	7.1905e-02	9.2809e-01	3.6197e-32	8.0567e-10	3.9246e-05	3.7399e-02	4.2460e-01	5.2619e-10	3.6917e-05	1.1294e-01	5.9114e-01	2.5578e-01	3.6258e-02	1.1755e-36	0.00e+00	0.00e+00	8.0227e-01
6.19468e+17	1.4707e+04	1.488e-16	4.6416e+03	5.4161e+03	7.2435e-21	4.2293e-05	9.9996e-01	4.2174e-06	8.2964e-02	9.1703e-01	4.6237e-32	8.7797e-10	4.2515e-05	4.0192e-02	4.4886e-01	6.2695e-10	4.3635e-05	1.3095e-01	5.9528e-01	2.3742e-01	3.2824e-02	1.1755e-36	0.00e+00	0.00e+00	8.0934e-01
6.24940e+17	1.4684e+04	1.515e-16	4.6416e+03	5.4110e+03	7.1872e-21	4.2513e-05	9.9996e-01	4.9132e-06	9.5909e-02	9.0409e-01	5.8388e-32	9.5283e-10	4.5882e-05	4.3029e-02	4.7368e-01	7.4630e-10	5.1503e-05	1.5157e-01	5.9659e-01	2.1906e-01	2.9598e-02	1.1755e-36	0.00e+00	0.00e+00	8.1586e-01
6.29958e+17	1.4647e+04	1.546e-16	4.6416e+03	5.4064e+03	7.2086e-21	4.2647e-05	9.9996e-01	5.7132e-06	1.1098e-01	8.8901e-01	7.2053e-32	1.0238e-09	4.9056e-05	4.5930e-02	4.9901e-01	8.6798e-10	5.9737e-05	1.7496e-01	5.9487e-01	2.0074e-01	2.6564e-02	1.1755e-36	0.00e+00	0.00e+00	8.2186e-01
6.34575e+17	1.4617e+04	1.575e-16	4.6416e+03	5.4001e+03	7.1661e-21	4.2912e-05	9.9996e-01	6.6810e-06	1.2872e-01	8.7128e-01	9.0178e-32	1.1028e-09	5.2596e-05	4.8847e-02	5.2466e-01	1.0296e-09	7.0232e-05	2.0162e-01	5.8962e-01	1.8250e-01	2.3701e-02	1.1755e-36	0.00e+00	0.00e+00	8.2743e-01
6.38816e+17	1.4585e+04	1.605e-16	4.6416e+03	5.3923e+03	7.0903e-21	4.3183e-05	9.9996e-01	7.8091e-06	1.4934e-01	8.5065e-01	1.1123e-31	1.1819e-09	5.6125e-05	5.1745e-02	5.5035e-01	1.2144e-09	8.2151e-05	2.3148e-01	5.8065e-01	1.6457e-01	2.1025e-02	1.1755e-36	0.00e+00	0.00e+00	8.3256e-01
6.42702e+17	1.4549e+04	1.634e-16	4.6416e+03	5.3834e+03	7.0021e-21	4.3471e-05	9.9996e-01	9.1116e-06	1.7306e-01	8.2694e-01	1.3545e-31	1.2599e-09	5.9609e-05	5.4584e-02	5.7575e-01	1.4234e-09	9.5516e-05	2.6438e-01	5.6790e-01	1.4715e-01	1.8544e-02	1.1755e-36	0.00e+00	0.00e+00	8.3730e-01
6.46285e+17	1.4490e+04	1.661e-16	4.6416e+03	5.3682e+03	6.7072e-21	4.3924e-05	9.9996e-01	1.0612e-05	2.0037e-01	7.9962e-01	1.6151e-31	1.3383e-09	6.3224e-05	5.7280e-02	6.0087e-01	1.6844e-09	1.1161e-04	3.0045e-01	5.5118e-01	1.3031e-01	1.6255e-02	1.1755e-36	0.00e+00	0.00e+00	8.4174e-01
6.49631e+17	1.4427e+04	1.687e-16	4.6416e+03	5.3589e+03	6.8639e-21	4.4300e-05	9.9996e-01	1.2362e-05	2.3165e-01	7.6834e-01	1.9826e-31	1.4153e-09	6.6697e-05	6.0054e-02	6.2558e-01	1.9509e-09	1.2822e-04	3.3971e-01	5.3058e-01	1.1402e-01	1.4107e-02	1.1755e-36	0.00e+00	0.00e+00	8.4594e-01
6.52767e+17	1.4357e+04	1.709e-16	4.6416e+03	5.3435e+03	6.8647e-21	4.4707e-05	9.9996e-01	1.4324e-05	2.6697e-01	7.3302e-01	2.3538e-31	1.4859e-09	6.9908e-05	6.2600e-02	6.4950e-01	2.2426e-09	1.4621e-04	3.8149e-01	5.0627e-01	9.8690e-02	1.2159e-02	1.1755e-36	0.00e+00	0.00e+00	8.4991e-01
6.55718e+17	1.4268e+04	1.725e-16	4.6416e+03	5.3257e+03	7.0323e-21	4.5131e-05	9.9995e-01	1.6522e-05	3.0637e-01	6.9361e-01	2.8048e-31	1.5516e-09	7.2937e-05	6.5021e-02	6.7245e-01	2.5529e-09	1.6521e-04	4.2532e-01	4.7867e-01	8.4401e-02	1.0396e-02	1.1755e-36	0.00e+00	0.00e+00	8.5371e-01
6.58539e+17	1.4162e+04	1.735e-16	4.6416e+03	5.3082e+03	7.2494e-21	4.5642e-05	9.9995e-01	1.9003e-05	3.5016e-01	6.4982e-01	3.3257e-31	1.6165e-09	7.5951e-05	6.7363e-02	6.9446e-01	2.8910e-09	1.8553e-04	4.7098e-01	4.4800e-01	7.1168e-02	8.7983e-03	1.1755e-36	0.00e+00	0.00e+00	8.5742e-01
6.61261e+17	1.4037e+04	1.738e-16	4.6416e+03	5.2891e+03	7.5110e-21	4.6217e-05	9.9995e-01	2.1747e-05	3.9801e-01	6.0197e-01	3.9080e-31	1.6784e-09	7.8845e-05	6.9574e-02	7.1528e-01	3.2497e-09	2.0672e-04	5.1766e-01	4.1488e-01	5.9167e-02	7.3764e-03	1.1755e-36	0.00e+00	0.00e+00	8.6104e-01
6.63909e+17	1.3891e+04	1.732e-16	4.6416e+03	5.2687e+03	7.7605e-21	4.6860e-05	9.9995e-01	2.4724e-05	4.4918e-01	5.5080e-01	4.5220e-31	1.7373e-09	8.1627e-05	7.1650e-02	7.3470e-01	3.6243e-09	2.2841e-04	5.6435e-01	3.8018e-01	4.8533e-02	6.1326e-03	1.1755e-36	0.00e+00	0.00e+00	8.6464e-01
6.66525e+17	1.3725e+04	1.715e-16	4.6416e+03	5.2473e+03	8.1205e-21	4.7578e-05	9.9995e-01	2.7903e-05	5.0288e-01	4.9710e-01	5.2184e-31	1.7948e-09	8.4332e-05	7.3610e-02	7.5262e-01	4.0119e-09	2.5031e-04	6.1027e-01	3.4467e-01	3.9288e-02	5.0586e-03	1.1755e-36	0.00e+00	0.00e+00	8.6828e-01
6.69530e+17	1.3504e+04	1.683e-16	4.6416e+03	5.2227e+03	8.6528e-21	4.8518e-05	9.9995e-01	3.1690e-05	5.6487e-01	4.3510e-01	6.1213e-31	1.8623e-09	8.7440e-05	7.5738e-02	7.7100e-01	4.4694e-09	2.7526e-04	6.6032e-01	3.0454e-01	3.0474e-02	4.0302e-03	1.1755e-36	0.00e+00	0.00e+00	8.7311e-01
6.72769e+17	1.3248e+04	1.637e-16	4.6416e+03	5.1962e+03	9.3544e-21	4.9580e-05	9.9995e-01	3.5843e-05	6.3136e-01	3.6860e-01	7.1718e-31	1.9318e-09	9.0621e-05	7.7855e-02	7.8823e-01	4.9531e-09	3.0082e-04	7.1021e-01	2.6309e-01	2.2983e-02	3.1499e-03	1.1755e-36	0.00e+00	0.00e+00	8.7759e-01
6.75665e+17	1.3004e+04	1.587e-16	4.6416e+03	5.1739e+03	1.0068e-20	5.0579e-05	9.9995e-01	3.9419e-05	6.8660e-01	3.1336e-01	8.1603e-31	1.9942e-09	9.3424e-05	7.9628e-02	8.0116e-01	5.3705e-09	3.2198e-04	7.4960e-01	2.2941e-01	1.7921e-02	2.5398e-03	1.1755e-36	0.00e+00	0.00e+00	8.8161e-01
6.78779e+17	1.2738e+04	1.528e-16	4.6416e+03	5.1533e+03	1.0951e-20	5.1705e-05	9.9995e-01	4.2941e-05	7.3794e-01	2.6201e-01	9.3063e-31	2.0664e-09	9.6531e-05	8.1462e-02	8.1233e-01	5.8025e-09	3.4274e-04	7.8546e-01	1.9804e-01	1.3962e-02	2.0417e-03	1.1755e-36	0.00e+00	0.00e+00	8.8694e-01
6.82828e+17	1.2410e+04	1.453e-16	4.6416e+03	5.1316e+03	1.2202e-20	5.3117e-05	9.9995e-01	4.6920e-05	7.9269e-01	2.0726e-01	1.0826e-30	2.1609e-09	1.0045e-04	8.3680e-02	8.2336e-01	6.3099e-09	3.6587e-04	8.2277e-01	1.6466e-01	1.0510e-02	1.5806e-03	1.1755e-36	0.00e+00	0.00e+00	8.9407e-01
6.87022e+17	1.2111e+04	1.383e-16	4.6416e+03	5.1138e+03	1.3491e-20	5.4407e-05	9.9995e-01	5.0299e-05	8.3701e-01	1.6294e-01	1.2279e-30	2.2507e-09	1.0409e-04	8.5710e-02	8.3167e-01	6.7485e-09	3.8495e-04	8.5209e-01	1.3791e-01	8.2669e-03	1.2565e-03	1.1755e-36	0.00e+00	0.00e+00	9.0015e-01
6.90699e+17	1.1881e+04	1.328e-16	4.6416e+03	5.1019e+03	1.4624e-20	5.5437e-05	9.9994e-01	5.2690e-05	8.6611e-01	1.3384e-01	1.3501e-30	2.3268e-09	1.0709e-04	8.7327e-02	8.3694e-01	7.0811e-09	3.9868e-04	8.7159e-01	1.1989e-01	7.0040e-03	1.0562e-03	1.1755e-36	0.00e+00	0.00e+00	9.0591e-01
6.94773e+17	1.1657e+04	1.276e-16	4.6416e+03	5.0921e+03	1.5875e-20	5.6505e-05	9.9994e-01	5.4874e-05	8.9050e-01	1.0944e-01	1.4841e-30	2.4112e-09	1.1031e-04	8.9014e-02	8.4125e-01	7.4158e-09	4.1183e-04	8.8858e-01	1.0400e-01	6.0598e-03	8.9085e-04	1.1755e-36	0.00e+00	0.00e+00	9.1354e-01
7.00070e+17	1.1416e+04	1.220e-16	4.6416e+03	5.0830e+03	1.7429e-20	5.7709e-05	9.9994e-01	5.7102e-05	9.1356e-01	8.6379e-02	1.6445e-30	2.5111e-09	1.1405e-04	9.0942e-02	8.4524e-01	7.7806e-09	4.2551e-04	9.0502e-01	8.8492e-02	5.2767e-03	7.3824e-04	1.1755e-36	0.00e+00	0.00e+00	9.2367e-01
7.06955e+17	1.1170e+04	1.164e-16	4.6416e+03	5.0749e+03	1.9263e-20	5.9017e-05	9.9994e-01	5.9253e-05	9.3387e-01	6.6070e-02	1.8276e-30	2.6249e-09	1.1821e-04	9.3066e-02	8.4873e-01	8.1620e-09	4.3907e-04	9.2007e-01	7.4180e-02	4.6673e-03	6.0393e-04	1.1755e-36	0.00e+00	0.00e+00	9.3713e-01
7.15906e+17	1.0931e+04	1.110e-16	4.6416e+03	5.0681e+03	2.1342e-20	6.0396e-05	9.9994e-01	6.1231e-05	9.5060e-01	4.9343e-02	2.0286e-30	2.7497e-09	1.2267e-04	9.5325e-02	8.5163e-01	8.5463e-09	4.5194e-04	9.3316e-01	6.1653e-02	4.2132e-03	4.9044e-04	1.1755e-36	0.00e+00	0.00e+00	9.5505e-01
7.27542e+17	1.0709e+04	1.061e-16	4.6416e+03	5.0628e+03	2.3619e-20	6.1831e-05	9.9994e-01	6.2993e-05	9.6368e-01	3.6257e-02	2.2432e-30	2.8835e-09	1.2735e-04	9.7677e-02	8.5398e-01	8.9261e-09	4.6380e-04	9.4418e-01	5.1054e-02	3.8773e-03	3.9681e-04	1.1755e-36	0.00e+00	0.00e+00	9.7889e-01
7.42669e+17	1.0510e+04	1.017e-16	4.6416e+03	5.0588e+03	2.6052e-20	6.3331e-05	9.9994e-01	6.4536e-05	9.7358e-01	2.6354e-02	2.4687e-30	3.0253e-09	1.3218e-04	1.0010e-01	8.5590e-01	9.2995e-09	4.7452e-04	9.5323e-01	4.2329e-02	3.6213e-03	3.2096e-04	1.1755e-36	0.00e+00	0.00e+00	1.0106e+00
7.62335e+17	1.0337e+04	9.809e-17	4.6416e+03	5.0557e+03	2.8391e-20	6.4935e-05	9.9994e-01	6.5893e-05	9.8093e-01	1.9004e-02	2.6941e-30	3.1769e-09	1.3718e-04	1.0261e-01	8.5747e-01	9.6719e-09	4.8417e-04	9.6056e-01	3.5257e-02	3.4131e-03	2.5996e-04	1.1755e-36	0.00e+00	0.00e+00	1.0530e+00
7.87899e+17	1.0193e+04	9.509e-17	4.6416e+03	5.0535e+03	3.1146e-20	6.6717e-05	9.9993e-01	6.7090e-05	9.8631e-01	1.3624e-02	2.9515e-30	3.3413e-09	1.4242e-04	1.0524e-01	8.5879e-01	1.0054e-08	4.9285e-04	9.6651e-01	2.9542e-02	3.2280e-03	2.1079e-04	1.1755e-36	0.00e+00	0.00e+00	1.1095e+00
8.21134e+17	1.0076e+04	9.273e-17	4.6416e+03	5.0520e+03	3.4026e-20	6.8804e-05	9.9993e-01	6.8168e-05	9.9019e-01	9.7389e-03	3.2347e-30	3.5263e-09	1.4805e-04	1.0805e-01	8.5988e-01	1.0467e-08	5.0089e-04	9.7134e-01	2.4923e-02	3.0485e-03	1.7088e-04	1.1755e-36	0.00e+00	0.00e+00	1.1853e+00
8.64338e+17	9.9899e+03	9.101e-17	4.6416e+03	5.0508e+03	3.6738e-20	7.1383e-05	9.9993e-01	6.9200e-05	9.9296e-01	6.9662e-03	3.5417e-30	3.7429e-09	1.5431e-04	1.1115e-01	8.6070e-01	1.0939e-08	5.0848e-04	9.7528e-01	2.1194e-02	2.8618e-03	1.3826e-04	1.1755e-36	0.00e+00	0.00e+00	1.2875e+00
9.20504e+17	9.9353e+03	8.992e-17	4.6416e+03	5.0500e+03	4.0596e-20	7.4771e-05	9.9993e-01	7.0301e-05	9.9493e-01	4.9999e-03	3.9743e-30	4.0139e-09	1.6166e-04	1.1470e-01	8.6112e-01	1.1525e-08	5.1628e-04	9.7859e-01	1.8114e-02	2.6588e-03	1.1100e-04	1.1755e-36	0.00e+00	0.00e+00	1.4266e+00
9.93520e+17	9.9159e+03	8.955e-17	4.6416e+03	5.0494e+03	4.5308e-20	7.9463e-05	9.9992e-01	7.1549e-05	9.9632e-01	3.6061e-03	4.5631e-30	4.3673e-09	1.7067e-04	1.1891e-01	8.6088e-01	1.2297e-08	5.2470e-04	9.8143e-01	1.5508e-02	2.4338e-03	8.7791e-05	1.1755e-36	0.00e+00	0.00e+00	1.6189e+00
1.08653e+18	9.9403e+03	9.004e-17	4.6416e+03	5.0489e+03	5.1245e-20	8.6157e-05	9.9991e-01	7.3065e-05	9.9730e-01	2.6313e-03	5.4095e-30	4.8416e-09	1.8200e-04	1.2395e-01	8.5963e-01	1.3360e-08	5.3421e-04	9.8391e-01	1.3285e-02	2.1913e-03	6.8200e-05	1.1755e-36	0.00e+00	0.00e+00	1.8802e+00
1.18908e+18	1.0014e+04	9.152e-17	4.6416e+03	5.0486e+03	5.8403e-20	9.4800e-05	9.9991e-01	7.4633e-05	9.9791e-01	2.0194e-03	6.5017e-30	5.3948e-09	1.9428e-04	1.2919e-01	8.5743e-01	1.4669e-08	5.4345e-04	9.8580e-01	1.1621e-02	1.9729e-03	5.3866e-05	1.1755e-36	0.00e+00	0.00e+00	2.1626e+00
1.28561e+18	1.0120e+04	9.364e-17	4.6416e+03	5.0484e+03	6.7511e-20	1.0468e-04	9.9990e-01	7.6290e-05	9.9827e-01	1.6571e-03	7.9270e-30	5.9837e-09	2.0659e-04	1.3405e-01	8.5471e-01	1.6159e-08	5.5242e-04	9.8715e-01	1.0452e-02	1.7991e-03	4.4152e-05	1.1755e-36	0.00e+00	0.00e+00	2.4432e+00
1.37249e+18	1.0238e+04	9.608e-17	4.6416e+03	5.0482e+03	7.7974e-20	1.1538e-04	9.9988e-01	7.8002e-05	9.9849e-01	1.4279e-03	9.7029e-30	6.5966e-09	2.1888e-04	1.3854e-01	8.5176e-01	1.7809e-08	5.6130e-04	9.8814e-01	9.5942e-03	1.6620e-03	3.7338e-05	1.1755e-36	0.00e+00	0.00e+00	2.7216e+00
1.45069e+18	1.0361e+04	9.869e-17	4.6416e+03	5.0481e+03	9.1367e-20	1.2679e-04	9.9987e-01	7.9748e-05	9.9865e-01	1.2709e-03	1.1982e-29	7.2260e-09	2.3120e-04	1.4274e-01	8.4869e-01	1.9617e-08	5.7009e-04	9.8890e-01	8.9374e-03	1.5519e-03	3.2341e-05	1.1755e-36	0.00e+00	0.00e+00	2.9968e+00
1.52106e+18	1.0484e+04	1.013e-16	4.6416e+03	5.0480e+03	1.0298e-19	1.3877e-04	9.9986e-01	8.1614e-05	9.9876e-01	1.1573e-03	1.4542e-29	7.8738e-09	2.4366e-04	1.4669e-01	8.4560e-01	2.1611e-08	5.7931e-04	9.8951e-01	8.4141e-03	1.4623e-03	2.8541e-05	1.1755e-36	0.00e+00	0.00e+00	3.2680e+00
1.58440e+18	1.0605e+04	1.040e-16	4.6416e+03	5.0479e+03	1.1678e-19	1.5121e-04	9.9985e-01	8.3542e-05	9.9884e-01	1.0718e-03	1.7690e-29	8.5329e-09	2.5620e-04	1.5043e-01	8.4252e-01	2.3777e-08	5.8869e-04	9.9001e-01	7.9881e-03	1.3885e-03	2.5579e-05	1.1755e-36	0.00e+00	0.00e+00	3.5339e+00
1.64140e+18	1.0722e+04	1.065e-16	4.6416e+03	5.0478e+03	1.3172e-19	1.6385e-04	9.9984e-01	8.5324e-05	9.9891e-01	1.0057e-03	2.1362e-29	9.1640e-09	2.6845e-04	1.5392e-01	8.3956e-01	2.6063e-08	5.9772e-04	9.9042e-01	7.6323e-03	1.3272e-03	2.3215e-05	1.1755e-36	0.00e+00	0.00e+00	3.7932e+00
1.69271e+18	1.0822e+04	1.091e-16	4.6416e+03	5.0477e+03	1.4989e-19	1.7690e-04	9.9982e-01	8.7293e-05	9.9896e-01	9.5215e-04	2.5933e-29	9.8462e-09	2.8138e-04	1.5742e-01	8.3648e-01	2.8572e-08	6.0766e-04	9.9076e-01	7.3379e-03	1.2749e-03	2.1311e-05	1.1755e-36	0.00e+00	0.00e+00	4.0452e+00
1.73888e+18	1.0928e+04	1.114e-16	4.6416e+03	5.0477e+03	1.6804e-19	1.8984e-04	9.9981e-01	8.9218e-05	9.9900e-01	9.0962e-04	3.1098e-29	1.0510e-08	2.9384e-04	1.6063e-01	8.3362e-01	3.1178e-08	6.1714e-04	9.9104e-01	7.0872e-03	1.2313e-03	1.9749e-05	1.1755e-36	0.00e+00	0.00e+00	4.2885e+00
1.78043e+18	1.1024e+04	1.136e-16	4.6416e+03	5.0476e+03	1.8737e-19	2.0285e-04	9.9980e-01	9.1328e-05	9.9903e-01	8.7434e-04	3.7123e-29	1.1205e-08	3.0660e-04	1.6377e-01	8.3077e-01	3.3960e-08	6.2714e-04	9.9128e-01	6.8729e-03	1.1940e-03	1.8453e-05	1.2088e-36	0.00e+00	0.00e+00	4.5225e+00
1.81783e+18	1.1112e+04	1.157e-16	4.6416e+03	5.0475e+03	2.0666e-19	2.1559e-04	9.9978e-01	9.3285e-05	9.9906e-01	8.4522e-04	4.3732e-29	1.1861e-08	3.1891e-04	1.6670e-01	8.2807e-01	3.6796e-08	6.3663e-04	9.9150e-01	6.6816e-03	1.1619e-03	1.7353e-05	1.4817e-36	0.00e+00	0.00e+00	4.7464e+00
1.85149e+18	1.1193e+04	1.176e-16	4.6416e+03	5.0474e+03	2.2703e-19	2.2806e-04	9.9977e-01	9.5170e-05	9.9908e-01	8.2086e-04	5.1124e-29	1.2504e-08	3.3101e-04	1.6949e-01	8.2548e-01	3.9702e-08	6.4598e-04	9.9168e-01	6.5194e-03	1.1342e-03	1.6430e-05	1.8048e-36	0.00e+00	0.00e+00	4.9595e+00
1.88179e+18	1.1265e+04	1.193e-16	4.6416e+03	5.0473e+03	2.4875e-19	2.4019e-04	9.9976e-01	9.6996e-05	9.9910e-01	8.0041e-04	5.9337e-29	1.3133e-08	3.4285e-04	1.7214e-01	8.2299e-01	4.2658e-08	6.5514e-04	9.9184e-01	6.3761e-03	1.1101e-03	1.5640e-05	2.1894e-36	0.00e+00	0.00e+00	5.1615e+00
1.90905e+18	1.1331e+04	1.210e-16	4.6416e+03	5.0473e+03	2.6935e-19	2.5190e-04	9.9975e-01	9.8753e-05	9.9912e-01	7.8329e-04	6.8057e-29	1.3744e-08	3.5433e-04	1.7465e-01	8.2063e-01	4.5634e-08	6.6404e-04	9.9198e-01	6.2500e-03	1.0891e-03	1.4962e-05	2.5911e-36	0.00e+00	0.00e+00	5.3522e+00
1.93359e+18	1.1385e+04	1.225e-16	4.6416e+03	5.0472e+03	2.9169e-19	2.6312e-04	9.9974e-01	1.0035e-04	9.9913e-01	7.6888e-04	7.7460e-29	1.4314e-08	3.6538e-04	1.7702e-01	8.1838e-01	4.8576e-08	6.7248e-04	9.9210e-01	6.1436e-03	1.0705e-03	1.4385e-05	3.0600e-36	0.00e+00	0.00e+00	5.5314e+00
1.95599e+18	1.1442e+04	1.239e-16	4.6416e+03	5.0471e+03	3.1263e-19	2.7396e-04	9.9973e-01	1.0195e-04	9.9914e-01	7.5693e-04	8.7436e-29	1.4889e-08	3.7617e-04	1.7926e-01	8.1625e-01	5.1555e-08	6.8079e-04	9.9221e-01	6.0396e-03	1.0541e-03	1.3861e-05	3.5510e-36	0.00e+00	0.00e+00	5.7044e+00
1.97753e+18	1.1496e+04	1.252e-16	4.6416e+03	5.0471e+03	3.3473e-19	2.8498e-04	9.9972e-01	1.0360e-04	9.9915e-01	7.4544e-04	9.8649e-29	1.5481e-08	3.8728e-04	1.8152e-01	8.1409e-01	5.4696e-08	6.8928e-04	9.9232e-01	5.9398e-03	1.0385e-03	1.3368e-05	4.1152e-36	0.00e+00	0.00e+00	5.8843e+00
1.99908e+18	1.1549e+04	1.265e-16	4.6416e+03	5.0470e+03	3.5926e-19	2.9666e-04	9.9970e-01	1.0534e-04	9.9916e-01	7.3241e-04	1.1177e-28	1.6112e-08	3.9914e-04	1.8389e-01	8.1182e-01	5.8146e-08	6.9834e-04	9.9242e-01	5.8393e-03	1.0232e-03	1.2887e-05	4.7926e-36	0.00e+00	0.00e+00	6.0716e+00
2.02062e+18	1.1602e+04	1.279e-16	4.6416e+03	5.0470e+03	3.8566e-19	3.0903e-04	9.9969e-01	1.0718e-04	9.9917e-01	7.1970e-04	1.2705e-28	1.6785e-08	4.1178e-04	1.8636e-01	8.0944e-01	6.1941e-08	7.0796e-04	9.9253e-01	5.7404e-03	1.0083e-03	1.2422e-05	5.5870e-36	0.00e+00	0.00e+00	6.2667e+00
2.04216e+18	1.1655e+04	1.293e-16	4.6416e+03	5.0469e+03	4.1670e-19	3.2218e-04	9.9968e-01	1.0915e-04	9.9918e-01	7.0729e-04	1.4537e-28	1.7508e-08	4.2532e-04	1.8894e-01	8.0695e-01	6.6136e-08	7.1826e-04	9.9263e-01	5.6420e-03	9.9363e-04	1.1970e-05	6.6053e-36	0.00e+00	0.00e+00	6.4701e+00
2.06371e+18	1.1709e+04	1.308e-16	4.6416e+03	5.0468e+03	4.4991e-19	3.3618e-04	9.9966e-01	1.1124e-04	9.9919e-01	6.9520e-04	1.6690e-28	1.8284e-08	4.3983e-04	1.9164e-01	8.0433e-01	7.0787e-08	7.2929e-04	9.9273e-01	5.5442e-03	9.7933e-04	1.1532e-05	7.8003e-36	0.00e+00	0.00e+00	6.6823e+00
2.08525e+18	1.1770e+04	1.322e-16	4.6416e+03	5.0467e+03	4.8138e-19	3.5115e-04	9.9965e-01	1.1377e-04	9.9920e-01	6.8360e-04	1.9195e-28	1.9147e-08	4.5548e-04	1.9444e-01	8.0161e-01	7.6038e-08	7.4144e-04	9.9283e-01	5.4492e-03	9.6569e-04	1.1110e-05	9.0797e-36	0.00e+00	0.00e+00	6.9040e+00
2.10680e+18	1.1814e+04	1.338e-16	4.6416e+03	5.0466e+03	5.2683e-19	3.6726e-04	9.9963e-01	1.1601e-04	9.9921e-01	6.7187e-04	2.2325e-28	2.0030e-08	4.7223e-04	1.9745e-01	7.9868e-01	8.1777e-08	7.5391e-04	9.9293e-01	5.3521e-03	9.5164e-04	1.0694e-05	1.0980e-35	0.00e+00	0.00e+00	7.1358e+00
2.12834e+18	1.1893e+04	1.352e-16	4.6416e+03	5.0465e+03	5.6601e-19	3.8435e-04	9.9962e-01	1.1864e-04	9.9922e-01	6.6143e-04	2.5983e-28	2.1027e-08	4.8994e-04	2.0044e-01	7.9576e-01	8.8345e-08	7.6770e-04	9.9302e-01	5.2584e-03	9.3926e-04	1.0297e-05	1.3034e-35	0.00e+00	0.00e+00	7.3785e+00
2.14677e+18	1.1938e+04	1.368e-16	4.6416e+03	5.0464e+03	6.1263e-19	4.0126e-04	9.9960e-01	1.2121e-04	9.9923e-01	6.5236e-04	3.0003e-28	2.1987e-08	5.0696e-04	2.0326e-01	7.9300e-01	9.4972e-08	7.8141e-04	9.9310e-01	5.1807e-03	9.2872e-04	9.9712e-06	1.5452e-35	0.00e+00	0.00e+00	7.5586e+00
