#depth	Te	Htot	hden	eden	2H_2/H	HI	HII	HeI	HeII	HeIII	CO/C	C1	C2	C3	C4	O1	O2	O3	O4	O5	O6	H2O/O	AV(point)	AV(extend)	Tau912
5.37909e+14	6.6322e+03	3.086e-22	1.0000e+01	1.0783e+01	1.1302e-12	5.7624e-03	9.9424e-01	3.5317e-02	9.6408e-01	6.0683e-04	6.6081e-16	6.5221e-04	4.0448e-01	5.9473e-01	1.3472e-04	5.3390e-03	8.1194e-01	1.8269e-01	2.5318e-05	1.1755e-36	1.1755e-36	3.6480e-24	0.00e+00	0.00e+00	3.9144e-04
3.22746e+15	6.6284e+03	3.083e-22	1.0000e+01	1.0779e+01	1.1322e-12	5.7590e-03	9.9424e-01	3.5318e-02	9.6408e-01	6.0626e-04	6.5966e-16	6.5090e-04	4.0449e-01	5.9472e-01	1.3500e-04	5.3357e-03	8.1189e-01	1.8275e-01	2.5244e-05	1.1755e-36	1.1755e-36	3.6369e-24	0.00e+00	0.00e+00	1.9563e-03
1.39856e+16	6.6186e+03	3.078e-22	1.0000e+01	1.0778e+01	1.1407e-12	5.7587e-03	9.9424e-01	3.5374e-02	9.6402e-01	6.0162e-04	6.6030e-16	6.5004e-04	4.0491e-01	5.9431e-01	1.3452e-04	5.3384e-03	8.1216e-01	1.8247e-01	2.4838e-05	1.1755e-36	1.1755e-36	3.6322e-24	0.00e+00	0.00e+00	8.2153e-03
5.70184e+16	6.5996e+03	3.061e-22	1.0000e+01	1.0778e+01	1.1615e-12	5.7673e-03	9.9423e-01	3.5610e-02	9.6381e-01	5.7959e-04	6.6566e-16	6.5163e-04	4.0663e-01	5.9259e-01	1.3254e-04	5.3598e-03	8.1346e-01	1.8116e-01	2.3234e-05	1.1755e-36	1.1755e-36	3.6415e-24	0.00e+00	0.00e+00	3.3289e-02
1.36199e+17	6.5166e+03	3.004e-22	1.0000e+01	1.0778e+01	1.2101e-12	5.7031e-03	9.9430e-01	3.5777e-02	9.6366e-01	5.6119e-04	6.5174e-16	6.4774e-04	4.0816e-01	5.9106e-01	1.3029e-04	5.3157e-03	8.1456e-01	1.8010e-01	2.1318e-05	1.1755e-36	1.1755e-36	3.4739e-24	0.00e+00	0.00e+00	6.5522e-02
2.39133e+17	6.4331e+03	2.951e-22	1.0000e+01	1.0778e+01	1.2748e-12	5.6676e-03	9.9433e-01	3.6124e-02	9.6335e-01	5.2317e-04	6.4679e-16	6.4887e-04	4.1091e-01	5.8831e-01	1.2664e-04	5.3065e-03	8.1665e-01	1.7803e-01	1.8846e-05	1.1755e-36	1.1755e-36	3.3633e-24	0.00e+00	0.00e+00	1.0716e-01
3.72948e+17	6.3447e+03	2.897e-22	1.0000e+01	1.0778e+01	1.3635e-12	5.6589e-03	9.9434e-01	3.6693e-02	9.6284e-01	4.6698e-04	6.5056e-16	6.5435e-04	4.1514e-01	5.8408e-01	1.2151e-04	5.3324e-03	8.1987e-01	1.7478e-01	1.5900e-05	1.1755e-36	1.1755e-36	3.3003e-24	0.00e+00	0.00e+00	1.6121e-01
5.46907e+17	6.2499e+03	2.842e-22	1.0000e+01	1.0777e+01	1.4865e-12	5.6850e-03	9.9432e-01	3.7566e-02	9.6204e-01	3.9420e-04	6.6555e-16	6.6518e-04	4.2137e-01	5.7785e-01	1.1480e-04	5.4038e-03	8.2453e-01	1.7006e-01	1.2617e-05	1.1755e-36	1.1755e-36	3.2922e-24	0.00e+00	0.00e+00	2.3181e-01
7.73053e+17	6.1499e+03	2.788e-22	1.0000e+01	1.0775e+01	1.6618e-12	5.7614e-03	9.9424e-01	3.8893e-02	9.6080e-01	3.0961e-04	6.9830e-16	6.8385e-04	4.3041e-01	5.6880e-01	1.0641e-04	5.5404e-03	8.3103e-01	1.6342e-01	9.2342e-06	1.1755e-36	1.1755e-36	3.3733e-24	0.00e+00	0.00e+00	3.2481e-01
1.06704e+18	6.0473e+03	2.736e-22	1.0000e+01	1.0771e+01	1.9148e-12	5.9135e-03	9.9409e-01	4.0919e-02	9.5886e-01	2.2175e-04	7.5859e-16	7.1408e-04	4.4349e-01	5.5570e-01	9.6349e-05	5.7738e-03	8.3989e-01	1.5433e-01	6.0737e-06	1.1755e-36	1.1755e-36	3.5869e-24	0.00e+00	0.00e+00	4.4890e-01
1.44923e+18	5.9464e+03	2.691e-22	1.0000e+01	1.0766e+01	2.2980e-12	6.1872e-03	9.9381e-01	4.4088e-02	9.5577e-01	1.4138e-04	8.6846e-16	7.6247e-04	4.6258e-01	5.3657e-01	8.4608e-05	6.1610e-03	8.5174e-01	1.4209e-01	3.4668e-06	1.1755e-36	1.1755e-36	4.0452e-24	0.00e+00	0.00e+00	6.1769e-01
1.94608e+18	5.8482e+03	2.660e-22	1.0000e+01	1.0756e+01	2.9373e-12	6.6728e-03	9.9333e-01	4.9297e-02	9.5063e-01	7.7937e-05	1.0783e-15	8.4116e-04	4.9107e-01	5.0802e-01	7.1000e-05	6.8143e-03	8.6743e-01	1.2575e-01	1.6346e-06	1.1755e-36	1.1755e-36	5.0078e-24	0.00e+00	0.00e+00	8.5435e-01
2.49055e+18	5.7787e+03	2.640e-22	1.0000e+01	1.0745e+01	3.7910e-12	7.3214e-03	9.9268e-01	5.6486e-02	9.4347e-01	4.0346e-05	1.3944e-15	9.4237e-04	5.2552e-01	4.7348e-01	5.8168e-05	7.6736e-03	8.8389e-01	1.0843e-01	7.0766e-07	1.1755e-36	1.1755e-36	6.5429e-24	0.00e+00	0.00e+00	1.0981e+00
2.97546e+18	5.7485e+03	2.646e-22	1.0000e+01	1.0728e+01	4.8142e-12	8.1086e-03	9.9189e-01	6.5203e-02	9.3477e-01	2.2496e-05	1.8377e-15	1.0561e-03	5.6148e-01	4.3741e-01	4.7541e-05	8.6948e-03	8.9862e-01	9.2689e-02	3.2552e-07	1.1755e-36	1.1755e-36	8.8651e-24	0.00e+00	0.00e+00	1.3247e+00
3.38741e+18	5.7483e+03	2.669e-22	1.0000e+01	1.0711e+01	5.9866e-12	9.0043e-03	9.9100e-01	7.5440e-02	9.2455e-01	1.3792e-05	2.4336e-15	1.1766e-03	5.9704e-01	4.0175e-01	3.8859e-05	9.8444e-03	9.1119e-01	7.8966e-02	1.6243e-07	1.1755e-36	1.1755e-36	1.2230e-23	0.00e+00	0.00e+00	1.5416e+00
3.74698e+18	5.7621e+03	2.701e-22	1.0000e+01	1.0691e+01	7.3741e-12	1.0012e-02	9.8999e-01	8.7488e-02	9.1250e-01	9.0257e-06	3.2259e-15	1.3022e-03	6.3211e-01	3.6655e-01	3.1585e-05	1.1131e-02	9.2196e-01	6.6909e-02	1.1755e-36	1.1755e-36	1.1755e-36	1.7016e-23	0.00e+00	0.00e+00	1.7551e+00
4.07004e+18	5.7825e+03	2.740e-22	1.0000e+01	1.0669e+01	9.0865e-12	1.1162e-02	9.8884e-01	1.0209e-01	8.9790e-01	6.1703e-06	4.2991e-15	1.4339e-03	6.6716e-01	3.3138e-01	2.5342e-05	1.2597e-02	9.3127e-01	5.6133e-02	1.1755e-36	1.1755e-36	1.1755e-36	2.3959e-23	0.00e+00	0.00e+00	1.9724e+00
4.36718e+18	5.8022e+03	2.785e-22	1.0000e+01	1.0636e+01	1.1305e-11	1.2496e-02	9.8750e-01	1.2002e-01	8.7998e-01	4.3247e-06	5.7720e-15	1.5716e-03	7.0233e-01	2.9608e-01	1.9945e-05	1.4293e-02	9.3927e-01	4.6436e-02	1.1755e-36	1.1755e-36	1.1755e-36	3.4138e-23	0.00e+00	0.00e+00	2.1980e+00
4.64362e+18	5.8288e+03	2.834e-22	1.0000e+01	1.0601e+01	1.4123e-11	1.4054e-02	9.8595e-01	1.4283e-01	8.5717e-01	3.0987e-06	7.8382e-15	1.7158e-03	7.3757e-01	2.6070e-01	1.5314e-05	1.6271e-02	9.4601e-01	3.7717e-02	1.1755e-36	1.1755e-36	1.1755e-36	4.9517e-23	0.00e+00	0.00e+00	2.4349e+00
4.90190e+18	5.8599e+03	2.884e-22	1.0000e+01	1.0558e+01	1.7765e-11	1.5885e-02	9.8411e-01	1.7216e-01	8.2784e-01	2.2502e-06	1.0769e-14	1.8637e-03	7.7243e-01	2.2569e-01	1.1414e-05	1.8592e-02	9.5144e-01	2.9970e-02	1.1755e-36	1.1755e-36	1.1755e-36	7.3016e-23	0.00e+00	0.00e+00	2.6853e+00
5.13871e+18	5.9015e+03	2.933e-22	1.0000e+01	1.0512e+01	2.2249e-11	1.7996e-02	9.8200e-01	2.0972e-01	7.9028e-01	1.6633e-06	1.4900e-14	2.0106e-03	8.0572e-01	1.9227e-01	8.2737e-06	2.1262e-02	9.5542e-01	2.3321e-02	1.1755e-36	1.1755e-36	1.1755e-36	1.0880e-22	0.00e+00	0.00e+00	2.9399e+00
5.34752e+18	5.9340e+03	2.984e-22	1.0000e+01	1.0464e+01	2.8089e-11	2.0371e-02	9.7963e-01	2.5605e-01	7.4395e-01	1.2488e-06	2.0613e-14	2.1501e-03	8.3587e-01	1.6198e-01	5.8799e-06	2.4256e-02	9.5784e-01	1.7902e-02	1.1755e-36	1.1755e-36	1.1755e-36	1.6187e-22	0.00e+00	0.00e+00	3.1889e+00
5.52743e+18	5.9640e+03	3.025e-22	1.0000e+01	1.0399e+01	3.5079e-11	2.2906e-02	9.7709e-01	3.1009e-01	6.8991e-01	9.5065e-07	2.8094e-14	2.2700e-03	8.6159e-01	1.3614e-01	4.1592e-06	2.7445e-02	9.5888e-01	1.3677e-02	1.1755e-36	1.1755e-36	1.1755e-36	2.3549e-22	0.00e+00	0.00e+00	3.4293e+00
5.68510e+18	5.9907e+03	3.052e-22	1.0000e+01	1.0306e+01	4.3391e-11	2.5585e-02	9.7441e-01	3.7146e-01	6.2854e-01	7.2402e-07	3.7739e-14	2.3679e-03	8.8313e-01	1.1450e-01	2.9358e-06	3.0809e-02	9.5879e-01	1.0397e-02	1.1755e-36	1.1755e-36	1.1755e-36	3.3440e-22	0.00e+00	0.00e+00	3.6703e+00
5.83022e+18	6.0111e+03	3.082e-22	1.0000e+01	1.0230e+01	5.4385e-11	2.8663e-02	9.7134e-01	4.4355e-01	5.5645e-01	5.4373e-07	5.1497e-14	2.4616e-03	9.0194e-01	9.5594e-02	2.0263e-06	3.4656e-02	9.5760e-01	7.7486e-03	1.1755e-36	1.1755e-36	1.1755e-36	4.8250e-22	0.00e+00	0.00e+00	3.9257e+00
5.96604e+18	6.0333e+03	3.102e-22	1.0000e+01	1.0133e+01	6.8267e-11	3.2144e-02	9.6786e-01	5.2449e-01	4.7551e-01	3.9742e-07	7.0787e-14	2.5395e-03	9.1780e-01	7.9655e-02	1.3753e-06	3.8997e-02	9.5535e-01	5.6540e-03	1.1755e-36	1.1755e-36	1.1755e-36	6.9787e-22	0.00e+00	0.00e+00	4.1906e+00
6.09264e+18	6.0536e+03	3.115e-22	1.0000e+01	1.0024e+01	8.6182e-11	3.6107e-02	9.6389e-01	6.0969e-01	3.9031e-01	2.8132e-07	9.7967e-14	2.6031e-03	9.3071e-01	6.6682e-02	9.2380e-07	4.3920e-02	9.5203e-01	4.0507e-03	1.1755e-36	1.1755e-36	1.1755e-36	1.0140e-21	0.00e+00	0.00e+00	4.4703e+00
6.21409e+18	6.0728e+03	3.124e-22	1.0000e+01	9.9078e+00	1.1024e-10	4.0790e-02	9.5921e-01	6.9472e-01	3.0528e-01	1.9063e-07	1.3743e-13	2.6555e-03	9.4116e-01	5.6187e-02	6.1147e-07	4.9716e-02	9.4745e-01	2.8317e-03	1.1755e-36	1.1755e-36	1.1755e-36	1.5007e-21	0.00e+00	0.00e+00	4.7799e+00
6.35231e+18	6.0977e+03	3.116e-22	1.0000e+01	9.7269e+00	1.4823e-10	4.7273e-02	9.5273e-01	7.8408e-01	2.1592e-01	1.1337e-07	2.0422e-13	2.6923e-03	9.5051e-01	4.6797e-02	3.7320e-07	5.7713e-02	9.4048e-01	1.8076e-03	1.1755e-36	1.1755e-36	1.1755e-36	2.3929e-21	0.00e+00	0.00e+00	5.2463e+00
6.50250e+18	6.1322e+03	3.127e-22	1.0000e+01	9.5675e+00	2.1420e-10	5.6959e-02	9.4304e-01	8.6356e-01	1.3644e-01	6.0609e-08	3.2824e-13	2.7329e-03	9.5840e-01	3.8870e-02	2.1143e-07	6.9591e-02	9.2935e-01	1.0552e-03	1.1755e-36	1.1755e-36	1.1755e-36	4.3613e-21	0.00e+00	0.00e+00	5.7646e+00
6.63483e+18	6.1722e+03	3.131e-22	1.0000e+01	9.4038e+00	3.1162e-10	6.8956e-02	9.3104e-01	9.1352e-01	8.6482e-02	3.3426e-08	5.1878e-13	2.7553e-03	9.6387e-01	3.3379e-02	1.1755e-36	8.4216e-02	9.1516e-01	6.2559e-04	1.1755e-36	1.1755e-36	1.1755e-36	8.1330e-21	0.00e+00	0.00e+00	6.2896e+00
6.75078e+18	6.2087e+03	3.122e-22	1.0000e+01	9.2325e+00	4.5432e-10	8.3512e-02	9.1649e-01	9.4312e-01	5.6883e-02	1.9564e-08	8.0226e-13	2.7618e-03	9.6799e-01	2.9252e-02	1.1755e-36	1.0184e-01	8.9778e-01	3.8093e-04	1.1755e-36	1.1755e-36	1.1755e-36	1.5180e-20	0.00e+00	0.00e+00	6.8767e+00
6.84600e+18	6.2347e+03	3.095e-22	1.0000e+01	9.0444e+00	6.5305e-10	1.0003e-01	8.9997e-01	9.5972e-01	4.0284e-02	1.2700e-08	1.1936e-12	2.7501e-03	9.7109e-01	2.6160e-02	1.1755e-36	1.2169e-01	8.7806e-01	2.4679e-04	1.1755e-36	1.1755e-36	1.1755e-36	2.7349e-20	0.00e+00	0.00e+00	7.3764e+00
6.91557e+18	6.2467e+03	3.059e-22	1.0000e+01	8.8762e+00	8.8896e-10	1.1606e-01	8.8394e-01	9.6868e-01	3.1320e-02	9.3074e-09	1.6512e-12	2.7308e-03	9.7337e-01	2.3902e-02	1.1755e-36	1.4082e-01	8.5901e-01	1.7528e-04	1.1755e-36	1.1755e-36	1.1755e-36	4.4678e-20	0.00e+00	0.00e+00	7.8161e+00
6.97365e+18	6.2477e+03	3.011e-22	1.0000e+01	8.7042e+00	1.1865e-09	1.3273e-01	8.6727e-01	9.7469e-01	2.5307e-02	7.1683e-09	2.2128e-12	2.7039e-03	9.7530e-01	2.1995e-02	1.1755e-36	1.6055e-01	8.3932e-01	1.2910e-04	1.1755e-36	1.1755e-36	1.1755e-36	6.9944e-20	0.00e+00	0.00e+00	8.2868e+00
7.03824e+18	6.2337e+03	2.931e-22	1.0000e+01	8.4719e+00	1.6972e-09	1.5558e-01	8.4442e-01	9.8017e-01	1.9831e-02	5.3272e-09	3.1359e-12	2.6602e-03	9.7751e-01	1.9828e-02	1.1755e-36	1.8736e-01	8.1255e-01	8.9579e-05	1.1755e-36	1.1755e-36	1.1755e-36	1.1997e-19	0.00e+00	0.00e+00	9.0040e+00
7.10654e+18	6.1984e+03	2.806e-22	1.0000e+01	8.1489e+00	2.6359e-09	1.8736e-01	8.1264e-01	9.8447e-01	1.5526e-02	3.9895e-09	4.7274e-12	2.5882e-03	9.7984e-01	1.7572e-02	1.1755e-36	2.2415e-01	7.7579e-01	5.9415e-05	1.1755e-36	1.1755e-36	1.1755e-36	2.2898e-19	0.00e+00	0.00e+00	9.7564e+00
7.16638e+18	6.1350e+03	2.647e-22	1.0000e+01	7.7741e+00	4.1855e-09	2.2457e-01	7.7543e-01	9.8744e-01	1.2561e-02	3.1300e-09	7.1111e-12	2.4956e-03	9.8199e-01	1.5514e-02	1.1755e-36	2.6655e-01	7.3341e-01	3.9950e-05	1.1755e-36	1.1755e-36	1.1755e-36	4.4102e-19	0.00e+00	0.00e+00	1.0552e+01
7.21768e+18	6.0432e+03	2.463e-22	1.0000e+01	7.3627e+00	6.6984e-09	2.6594e-01	7.3406e-01	9.8947e-01	1.0526e-02	2.5781e-09	1.0539e-11	2.3872e-03	9.8390e-01	1.3712e-02	1.1755e-36	3.1284e-01	6.8714e-01	2.7533e-05	1.1755e-36	1.1755e-36	1.1755e-36	8.4270e-19	0.00e+00	0.00e+00	1.1333e+01
7.25760e+18	5.9363e+03	2.280e-22	1.0000e+01	6.9568e+00	1.0278e-08	3.0597e-01	6.9403e-01	9.9075e-01	9.2517e-03	2.2591e-09	1.4792e-11	2.2753e-03	9.8541e-01	1.2310e-02	1.1755e-36	3.5679e-01	6.4319e-01	2.0138e-05	1.1755e-36	1.1755e-36	1.1755e-36	1.4978e-18	0.00e+00	0.00e+00	1.1976e+01
7.27903e+18	5.8649e+03	2.167e-22	1.0000e+01	6.7044e+00	1.3288e-08	3.3114e-01	6.6886e-01	9.9127e-01	8.7275e-03	2.1431e-09	1.8049e-11	2.2036e-03	9.8620e-01	1.1597e-02	1.1755e-36	3.8401e-01	6.1598e-01	1.6943e-05	1.1755e-36	1.1755e-36	1.1755e-36	2.1194e-18	0.00e+00	0.00e+00	1.2176e+01
7.28592e+18	5.8389e+03	2.129e-22	1.0000e+01	6.6194e+00	1.4474e-08	3.3953e-01	6.6047e-01	9.9144e-01	8.5604e-03	2.1061e-09	1.9255e-11	2.1793e-03	9.8645e-01	1.1366e-02	1.1755e-36	3.9302e-01	6.0696e-01	1.6007e-05	1.1755e-36	1.1755e-36	1.1755e-36	2.3766e-18	0.00e+00	0.00e+00	1.2267e+01
7.29061e+18	5.8187e+03	2.103e-22	1.0000e+01	6.5608e+00	1.5395e-08	3.4546e-01	6.5454e-01	9.9158e-01	8.4210e-03	2.0725e-09	2.0157e-11	2.1627e-03	9.8665e-01	1.1191e-02	1.1755e-36	3.9937e-01	6.0062e-01	1.5358e-05	1.1755e-36	1.1755e-36	1.1755e-36	2.5786e-18	0.00e+00	0.00e+00	1.2379e+01
7.29654e+18	5.7921e+03	2.068e-22	1.0000e+01	6.4852e+00	1.6662e-08	3.5310e-01	6.4690e-01	9.9174e-01	8.2582e-03	2.0337e-09	2.1370e-11	2.1412e-03	9.8689e-01	1.0971e-02	1.1755e-36	4.0751e-01	5.9247e-01	1.4568e-05	1.1755e-36	1.1755e-36	1.1755e-36	2.8638e-18	0.00e+00	0.00e+00	1.2528e+01
7.30424e+18	5.7562e+03	2.022e-22	1.0000e+01	6.3827e+00	1.8498e-08	3.6322e-01	6.3678e-01	9.9195e-01	8.0461e-03	1.9843e-09	2.3069e-11	2.1119e-03	9.8720e-01	1.0689e-02	1.1755e-36	4.1827e-01	5.8172e-01	1.3595e-05	1.1755e-36	1.1755e-36	1.1755e-36	3.2892e-18	0.00e+00	0.00e+00	1.2728e+01
7.31298e+18	5.7132e+03	1.969e-22	1.0000e+01	6.2642e+00	2.0893e-08	3.7505e-01	6.2495e-01	9.9217e-01	7.8288e-03	1.9352e-09	2.5213e-11	2.0778e-03	9.8754e-01	1.0378e-02	1.1755e-36	4.3078e-01	5.6920e-01	1.2570e-05	1.1755e-36	1.1755e-36	1.1755e-36	3.8704e-18	0.00e+00	0.00e+00	1.2936e+01
7.32119e+18	5.6703e+03	1.917e-22	1.0000e+01	6.1491e+00	2.3505e-08	3.8652e-01	6.1348e-01	9.9236e-01	7.6372e-03	1.8935e-09	2.7465e-11	2.0446e-03	9.8786e-01	1.0092e-02	1.1755e-36	4.4285e-01	5.5714e-01	1.1673e-05	1.1755e-36	1.1755e-36	1.1755e-36	4.5353e-18	0.00e+00	0.00e+00	1.3123e+01
7.32846e+18	5.6257e+03	1.872e-22	1.0000e+01	6.0485e+00	2.6342e-08	3.9733e-01	6.0267e-01	9.9253e-01	7.4667e-03	1.8546e-09	2.9806e-11	2.0158e-03	9.8816e-01	9.8262e-03	1.1755e-36	4.5416e-01	5.4583e-01	1.0909e-05	1.1755e-36	1.1755e-36	1.1755e-36	5.2882e-18	0.00e+00	0.00e+00	1.3295e+01
7.33510e+18	5.5926e+03	1.827e-22	1.0000e+01	5.9453e+00	2.8918e-08	4.0679e-01	5.9321e-01	9.9267e-01	7.3297e-03	1.8289e-09	3.1925e-11	1.9852e-03	9.8841e-01	9.6076e-03	1.1755e-36	4.6401e-01	5.3598e-01	1.0266e-05	1.1755e-36	1.1755e-36	1.1755e-36	6.0197e-18	0.00e+00	0.00e+00	1.3460e+01
7.34189e+18	5.5437e+03	1.782e-22	1.0000e+01	5.8413e+00	3.2452e-08	4.1736e-01	5.8264e-01	9.9283e-01	7.1736e-03	1.7946e-09	3.4597e-11	1.9553e-03	9.8868e-01	9.3599e-03	1.1755e-36	4.7499e-01	5.2500e-01	9.6194e-06	1.1755e-36	1.1755e-36	1.1755e-36	7.0257e-18	0.00e+00	0.00e+00	1.3649e+01
7.34878e+18	5.4953e+03	1.737e-22	1.0000e+01	5.7384e+00	3.6466e-08	4.2838e-01	5.7162e-01	9.9297e-01	7.0258e-03	1.7626e-09	3.7634e-11	1.9255e-03	9.8896e-01	9.1121e-03	1.1755e-36	4.8636e-01	5.1363e-01	9.0002e-06	1.1755e-36	1.1755e-36	1.1755e-36	8.2674e-18	0.00e+00	0.00e+00	1.3827e+01
7.35507e+18	5.4577e+03	1.692e-22	1.0000e+01	5.6329e+00	4.0167e-08	4.3798e-01	5.6202e-01	9.9309e-01	6.9073e-03	1.7427e-09	4.0393e-11	1.8940e-03	9.8920e-01	8.9094e-03	1.1755e-36	4.9623e-01	5.0376e-01	8.4819e-06	1.1755e-36	1.1755e-36	1.1755e-36	9.4876e-18	0.00e+00	0.00e+00	1.3993e+01
7.36132e+18	5.4064e+03	1.648e-22	1.0000e+01	5.5305e+00	4.5056e-08	4.4838e-01	5.5162e-01	9.9322e-01	6.7801e-03	1.7166e-09	4.3812e-11	1.8643e-03	9.8945e-01	8.6863e-03	1.1755e-36	5.0688e-01	4.9311e-01	7.9732e-06	1.1755e-36	1.1755e-36	1.1755e-36	1.1142e-17	0.00e+00	0.00e+00	1.4177e+01
7.36756e+18	5.3557e+03	1.605e-22	1.0000e+01	5.4302e+00	5.0549e-08	4.5902e-01	5.4098e-01	9.9334e-01	6.6588e-03	1.6921e-09	4.7652e-11	1.8351e-03	9.8970e-01	8.4658e-03	1.1755e-36	5.1771e-01	4.8228e-01	7.4914e-06	1.1755e-36	1.1755e-36	1.1755e-36	1.3166e-17	0.00e+00	0.00e+00	1.4351e+01
7.37331e+18	5.3135e+03	1.563e-22	1.0000e+01	5.3283e+00	5.5784e-08	4.6841e-01	5.3159e-01	9.9344e-01	6.5580e-03	1.6764e-09	5.1245e-11	1.8046e-03	9.8991e-01	8.2814e-03	1.1755e-36	5.2723e-01	4.7276e-01	7.0825e-06	1.1755e-36	1.1755e-36	1.1755e-36	1.5226e-17	0.00e+00	0.00e+00	1.4514e+01
7.37901e+18	5.2569e+03	1.523e-22	1.0000e+01	5.2333e+00	6.2811e-08	4.7875e-01	5.2125e-01	9.9355e-01	6.4471e-03	1.6530e-09	5.5870e-11	1.7772e-03	9.9015e-01	8.0736e-03	1.1755e-36	5.3768e-01	4.6232e-01	6.6764e-06	1.1755e-36	1.1755e-36	1.1755e-36	1.8134e-17	0.00e+00	0.00e+00	1.4691e+01
7.38457e+18	5.2173e+03	1.481e-22	1.0000e+01	5.1316e+00	6.8977e-08	4.8793e-01	5.1207e-01	9.9364e-01	6.3644e-03	1.6433e-09	6.0053e-11	1.7464e-03	9.9035e-01	7.9031e-03	1.1755e-36	5.4689e-01	4.5310e-01	6.3204e-06	1.1755e-36	1.1755e-36	1.1755e-36	2.0973e-17	0.00e+00	0.00e+00	1.4853e+01
7.39013e+18	5.1606e+03	1.440e-22	1.0000e+01	5.0308e+00	7.7507e-08	4.9802e-01	5.0198e-01	9.9373e-01	6.2651e-03	1.6254e-09	6.5499e-11	1.7169e-03	9.9057e-01	7.7113e-03	1.1755e-36	5.5700e-01	4.4299e-01	5.9652e-06	1.1755e-36	1.1755e-36	1.1755e-36	2.5043e-17	0.00e+00	0.00e+00	1.5038e+01
7.39574e+18	5.1017e+03	1.400e-22	1.0000e+01	4.9299e+00	8.7366e-08	5.0832e-01	4.9168e-01	9.9383e-01	6.1715e-03	1.6091e-09	7.1752e-11	1.6874e-03	9.9079e-01	7.5224e-03	1.1755e-36	5.6728e-01	4.3272e-01	5.6283e-06	1.1755e-36	1.1755e-36	1.1755e-36	3.0187e-17	0.00e+00	0.00e+00	1.5209e+01
7.40077e+18	5.0492e+03	1.363e-22	1.0000e+01	4.8397e+00	9.7252e-08	5.1768e-01	4.8232e-01	9.9391e-01	6.0905e-03	1.5954e-09	7.8068e-11	1.6608e-03	9.9098e-01	7.3543e-03	1.1755e-36	5.7657e-01	4.2343e-01	5.3389e-06	1.1755e-36	1.1755e-36	1.1755e-36	3.5877e-17	0.00e+00	0.00e+00	1.5364e+01
7.40546e+18	5.0037e+03	1.328e-22	1.0000e+01	4.7503e+00	1.0686e-07	5.2612e-01	4.7388e-01	9.9398e-01	6.0195e-03	1.5864e-09	8.4217e-11	1.6341e-03	9.9116e-01	7.2071e-03	1.1755e-36	5.8492e-01	4.1508e-01	5.0848e-06	1.1755e-36	1.1755e-36	1.1755e-36	4.1901e-17	0.00e+00	0.00e+00	1.5518e+01
7.41038e+18	4.9469e+03	1.291e-22	1.0000e+01	4.6560e+00	1.1924e-07	5.3541e-01	4.6459e-01	9.9406e-01	5.9440e-03	1.5751e-09	9.0697e-11	1.6063e-03	9.9135e-01	7.0390e-03	1.1755e-36	5.9407e-01	4.0593e-01	4.8245e-06	1.1755e-36	1.1755e-36	1.1755e-36	4.8836e-17	0.00e+00	0.00e+00	1.5693e+01
7.41546e+18	4.8884e+03	1.254e-22	1.0000e+01	4.5589e+00	1.3341e-07	5.4502e-01	4.5498e-01	9.9413e-01	5.8699e-03	1.5649e-09	9.7842e-11	1.5776e-03	9.9155e-01	6.8696e-03	1.1755e-36	6.0349e-01	3.9650e-01	4.5702e-06	1.1755e-36	1.1755e-36	1.1755e-36	5.7148e-17	0.00e+00	0.00e+00	1.5865e+01
7.42030e+18	4.8255e+03	1.219e-22	1.0000e+01	4.4672e+00	1.4979e-07	5.5454e-01	4.4546e-01	9.9421e-01	5.7945e-03	1.5524e-09	1.0567e-10	1.5510e-03	9.9175e-01	6.7026e-03	1.1755e-36	6.1280e-01	3.8719e-01	4.3358e-06	1.1755e-36	1.1755e-36	1.1755e-36	6.7100e-17	0.00e+00	0.00e+00	1.6029e+01
7.42479e+18	4.7706e+03	1.186e-22	1.0000e+01	4.3785e+00	1.6572e-07	5.6307e-01	4.3693e-01	9.9426e-01	5.7353e-03	1.5461e-09	1.1308e-10	1.5247e-03	9.9192e-01	6.5578e-03	1.1755e-36	6.2111e-01	3.7889e-01	4.1324e-06	1.1755e-36	1.1755e-36	1.1755e-36	7.7327e-17	0.00e+00	0.00e+00	1.6182e+01
7.42917e+18	4.7094e+03	1.154e-22	1.0000e+01	4.2938e+00	1.8464e-07	5.7188e-01	4.2812e-01	9.9433e-01	5.6681e-03	1.5351e-09	1.2150e-10	1.5002e-03	9.9209e-01	6.4064e-03	1.1755e-36	6.2966e-01	3.7033e-01	3.9357e-06	1.1755e-36	1.1755e-36	1.1755e-36	8.9909e-17	0.00e+00	0.00e+00	1.6343e+01
7.43358e+18	4.6488e+03	1.122e-22	1.0000e+01	4.2065e+00	2.0518e-07	5.8059e-01	4.1941e-01	9.9439e-01	5.6073e-03	1.5273e-09	1.3034e-10	1.4747e-03	9.9226e-01	6.2605e-03	1.1755e-36	6.3808e-01	3.6191e-01	3.7490e-06	1.1755e-36	1.1755e-36	1.1755e-36	1.0422e-16	0.00e+00	0.00e+00	1.6502e+01
7.43793e+18	4.5869e+03	1.090e-22	1.0000e+01	4.1200e+00	2.2789e-07	5.8928e-01	4.1072e-01	9.9445e-01	5.5478e-03	1.5196e-09	1.3977e-10	1.4495e-03	9.9243e-01	6.1165e-03	1.1755e-36	6.4645e-01	3.5355e-01	3.5715e-06	1.1755e-36	1.1755e-36	1.1755e-36	1.2075e-16	0.00e+00	0.00e+00	1.6664e+01
7.44229e+18	4.5229e+03	1.059e-22	1.0000e+01	4.0328e+00	2.5318e-07	5.9802e-01	4.0197e-01	9.9451e-01	5.4894e-03	1.5123e-09	1.4987e-10	1.4242e-03	9.9260e-01	5.9732e-03	1.1755e-36	6.5485e-01	3.4515e-01	3.4011e-06	1.1755e-36	1.1755e-36	1.1755e-36	1.3992e-16	0.00e+00	0.00e+00	1.6829e+01
7.44666e+18	4.4533e+03	1.028e-22	1.0000e+01	3.9439e+00	2.8230e-07	6.0692e-01	3.9308e-01	9.9457e-01	5.4301e-03	1.5045e-09	1.6082e-10	1.3988e-03	9.9277e-01	5.8291e-03	1.1755e-36	6.6336e-01	3.3664e-01	3.2373e-06	1.1755e-36	1.1755e-36	1.1755e-36	1.6249e-16	0.00e+00	0.00e+00	1.6997e+01
7.45096e+18	4.3857e+03	9.974e-23	1.0000e+01	3.8569e+00	3.1285e-07	6.1563e-01	3.8437e-01	9.9463e-01	5.3749e-03	1.4981e-09	1.7200e-10	1.3737e-03	9.9294e-01	5.6900e-03	1.1755e-36	6.7167e-01	3.2833e-01	3.0832e-06	1.1755e-36	1.1755e-36	1.1755e-36	1.8732e-16	0.00e+00	0.00e+00	1.7162e+01
7.45525e+18	4.3155e+03	9.672e-23	1.0000e+01	3.7697e+00	3.4633e-07	6.2441e-01	3.7559e-01	9.9468e-01	5.3193e-03	1.4914e-09	1.8370e-10	1.3488e-03	9.9310e-01	5.5509e-03	1.1755e-36	6.8000e-01	3.1999e-01	2.9350e-06	1.1755e-36	1.1755e-36	1.1755e-36	2.1532e-16	0.00e+00	0.00e+00	1.7333e+01
7.45967e+18	4.2418e+03	9.362e-23	1.0000e+01	3.6778e+00	3.8291e-07	6.3333e-01	3.6667e-01	9.9473e-01	5.2659e-03	1.4865e-09	1.9579e-10	1.3225e-03	9.9327e-01	5.4119e-03	1.1755e-36	6.8845e-01	3.1155e-01	2.7904e-06	1.1755e-36	1.1755e-36	1.1755e-36	2.4643e-16	0.00e+00	0.00e+00	1.7512e+01
7.46426e+18	4.1663e+03	9.042e-23	1.0000e+01	3.5830e+00	4.2219e-07	6.4256e-01	3.5744e-01	9.9479e-01	5.2125e-03	1.4824e-09	2.0836e-10	1.2953e-03	9.9343e-01	5.2697e-03	1.1755e-36	6.9715e-01	3.0285e-01	2.6464e-06	1.1755e-36	1.1755e-36	1.1755e-36	2.8093e-16	0.00e+00	0.00e+00	1.7703e+01
7.46914e+18	4.0765e+03	8.711e-23	1.0000e+01	3.4842e+00	4.6947e-07	6.5281e-01	3.4718e-01	9.9485e-01	5.1481e-03	1.4734e-09	2.2235e-10	1.2680e-03	9.9362e-01	5.1118e-03	1.1755e-36	7.0678e-01	2.9322e-01	2.4973e-06	1.1755e-36	1.1755e-36	1.1755e-36	3.2213e-16	0.00e+00	0.00e+00	1.7911e+01
7.47417e+18	3.9818e+03	8.374e-23	1.0000e+01	3.3787e+00	5.1852e-07	6.6311e-01	3.3689e-01	9.9491e-01	5.0895e-03	1.4680e-09	2.3539e-10	1.2389e-03	9.9380e-01	4.9572e-03	1.1755e-36	7.1642e-01	2.8358e-01	2.3545e-06	1.1755e-36	1.1755e-36	1.1755e-36	3.6316e-16	0.00e+00	0.00e+00	1.8121e+01
###########################
5.37909e+14	6.6341e+03	3.086e-22	1.0000e+01	1.0783e+01	1.1205e-12	5.7594e-03	9.9424e-01	3.5307e-02	9.6409e-01	6.0695e-04	6.5570e-16	6.3836e-04	4.0438e-01	5.9484e-01	1.3504e-04	5.3355e-03	8.1189e-01	1.8275e-01	2.5333e-05	1.1755e-36	1.1755e-36	3.5968e-24	0.00e+00	0.00e+00	3.9124e-04
3.22746e+15	6.6305e+03	3.083e-22	1.0000e+01	1.0779e+01	1.1232e-12	5.7557e-03	9.9424e-01	3.5306e-02	9.6409e-01	6.0639e-04	6.5505e-16	6.3512e-04	4.0439e-01	5.9484e-01	1.3521e-04	5.3318e-03	8.1181e-01	1.8283e-01	2.5264e-05	1.1755e-36	1.1755e-36	3.5919e-24	0.00e+00	0.00e+00	1.9552e-03
1.39856e+16	6.6209e+03	3.078e-22	1.0000e+01	1.0778e+01	1.1314e-12	5.7552e-03	9.9424e-01	3.5361e-02	9.6404e-01	6.0176e-04	6.5561e-16	6.3505e-04	4.0481e-01	5.9442e-01	1.3461e-04	5.3338e-03	8.1203e-01	1.8261e-01	2.4865e-05	1.1755e-36	1.1755e-36	3.5869e-24	0.00e+00	0.00e+00	8.2104e-03
5.70184e+16	6.6023e+03	3.061e-22	1.0000e+01	1.0778e+01	1.1515e-12	5.7629e-03	9.9424e-01	3.5595e-02	9.6382e-01	5.7976e-04	6.6080e-16	6.3961e-04	4.0653e-01	5.9269e-01	1.3258e-04	5.3535e-03	8.1323e-01	1.8140e-01	2.3274e-05	1.1755e-36	1.1755e-36	3.5954e-24	0.00e+00	0.00e+00	3.3265e-02
1.36199e+17	6.5202e+03	3.005e-22	1.0000e+01	1.0778e+01	1.1981e-12	5.6970e-03	9.9430e-01	3.5758e-02	9.6368e-01	5.6141e-04	6.4661e-16	6.3863e-04	4.0809e-01	5.9114e-01	1.3030e-04	5.3065e-03	8.1419e-01	1.8048e-01	2.1376e-05	1.1755e-36	1.1755e-36	3.4275e-24	0.00e+00	0.00e+00	6.5463e-02
2.39133e+17	6.4360e+03	2.952e-22	1.0000e+01	1.0778e+01	1.2634e-12	5.6622e-03	9.9434e-01	3.6107e-02	9.6337e-01	5.2335e-04	6.4216e-16	6.4152e-04	4.1090e-01	5.8833e-01	1.2660e-04	5.2981e-03	8.1626e-01	1.7842e-01	1.8899e-05	1.1755e-36	1.1755e-36	3.3214e-24	0.00e+00	0.00e+00	1.0707e-01
3.72948e+17	6.3468e+03	2.897e-22	1.0000e+01	1.0778e+01	1.3528e-12	5.6544e-03	9.9435e-01	3.6678e-02	9.6285e-01	4.6710e-04	6.4647e-16	6.4828e-04	4.1520e-01	5.8403e-01	1.2144e-04	5.3252e-03	8.1953e-01	1.7513e-01	1.5939e-05	1.1755e-36	1.1755e-36	3.2624e-24	0.00e+00	0.00e+00	1.6107e-01
5.46907e+17	6.2514e+03	2.842e-22	1.0000e+01	1.0777e+01	1.4770e-12	5.6812e-03	9.9432e-01	3.7554e-02	9.6205e-01	3.9427e-04	6.6213e-16	6.6015e-04	4.2150e-01	5.7773e-01	1.1470e-04	5.3980e-03	8.2426e-01	1.7033e-01	1.2642e-05	1.1755e-36	1.1755e-36	3.2596e-24	0.00e+00	0.00e+00	2.3162e-01
7.73053e+17	6.1509e+03	2.788e-22	1.0000e+01	1.0775e+01	1.6520e-12	5.7579e-03	9.9424e-01	3.8883e-02	9.6081e-01	3.0966e-04	6.9508e-16	6.7975e-04	4.3061e-01	5.6860e-01	1.0629e-04	5.5356e-03	8.3086e-01	1.6360e-01	9.2476e-06	1.1755e-36	1.1755e-36	3.3414e-24	0.00e+00	0.00e+00	3.2456e-01
1.06704e+18	6.0479e+03	2.736e-22	1.0000e+01	1.0771e+01	1.9060e-12	5.9102e-03	9.9409e-01	4.0911e-02	9.5887e-01	2.2177e-04	7.5602e-16	7.1086e-04	4.4377e-01	5.5542e-01	9.6213e-05	5.7698e-03	8.3980e-01	1.5442e-01	6.0794e-06	1.1755e-36	1.1755e-36	3.5596e-24	0.00e+00	0.00e+00	4.4859e-01
1.44923e+18	5.9465e+03	2.691e-22	1.0000e+01	1.0766e+01	2.2890e-12	6.1841e-03	9.9382e-01	4.4081e-02	9.5578e-01	1.4139e-04	8.6594e-16	7.6011e-04	4.6296e-01	5.3620e-01	8.4464e-05	6.1577e-03	8.5172e-01	1.4212e-01	3.4686e-06	1.1755e-36	1.1755e-36	4.0160e-24	0.00e+00	0.00e+00	6.1730e-01
1.94608e+18	5.8476e+03	2.659e-22	1.0000e+01	1.0756e+01	2.9302e-12	6.6700e-03	9.9333e-01	4.9293e-02	9.5063e-01	7.7934e-05	1.0763e-15	8.3975e-04	4.9156e-01	5.0753e-01	7.0850e-05	6.8116e-03	8.6745e-01	1.2574e-01	1.6349e-06	1.1755e-36	1.1755e-36	4.9794e-24	0.00e+00	0.00e+00	8.5385e-01
2.49019e+18	5.7774e+03	2.639e-22	1.0000e+01	1.0745e+01	3.7872e-12	7.3181e-03	9.9268e-01	5.6479e-02	9.4348e-01	4.0358e-05	1.3932e-15	9.4201e-04	5.2610e-01	4.7290e-01	5.8030e-05	7.6705e-03	8.8392e-01	1.0841e-01	7.0806e-07	1.1755e-36	1.1755e-36	6.5160e-24	0.00e+00	0.00e+00	1.0972e+00
2.97435e+18	5.7465e+03	2.645e-22	1.0000e+01	1.0728e+01	4.8177e-12	8.1042e-03	9.9190e-01	6.5183e-02	9.3479e-01	2.2521e-05	1.8381e-15	1.0567e-03	5.6213e-01	4.3677e-01	4.7422e-05	8.6904e-03	8.9862e-01	9.2689e-02	3.2607e-07	1.1755e-36	1.1755e-36	8.8475e-24	0.00e+00	0.00e+00	1.3232e+00
3.38493e+18	5.7458e+03	2.667e-22	1.0000e+01	1.0711e+01	5.9935e-12	8.9962e-03	9.9100e-01	7.5377e-02	9.2461e-01	1.3830e-05	2.4336e-15	1.1780e-03	5.9765e-01	4.0114e-01	3.8776e-05	9.8354e-03	9.1116e-01	7.9005e-02	1.6309e-07	1.1755e-36	1.1755e-36	1.2208e-23	0.00e+00	0.00e+00	1.5388e+00
3.74293e+18	5.7590e+03	2.700e-22	1.0000e+01	1.0691e+01	7.3835e-12	9.9981e-03	9.9000e-01	8.7352e-02	9.1264e-01	9.0662e-06	3.2238e-15	1.3042e-03	6.3264e-01	3.6602e-01	3.1537e-05	1.1116e-02	9.2189e-01	6.6991e-02	1.1755e-36	1.1755e-36	1.1755e-36	1.6978e-23	0.00e+00	0.00e+00	1.7513e+00
4.06542e+18	5.7789e+03	2.739e-22	1.0000e+01	1.0669e+01	9.1017e-12	1.1144e-02	9.8886e-01	1.0188e-01	8.9811e-01	6.2015e-06	4.2956e-15	1.4370e-03	6.6769e-01	3.3085e-01	2.5308e-05	1.2576e-02	9.3119e-01	5.6234e-02	1.1755e-36	1.1755e-36	1.1755e-36	2.3905e-23	0.00e+00	0.00e+00	1.9683e+00
4.36284e+18	5.7981e+03	2.783e-22	1.0000e+01	1.0636e+01	1.1337e-11	1.2476e-02	9.8752e-01	1.1977e-01	8.8023e-01	4.3450e-06	5.7721e-15	1.5765e-03	7.0293e-01	2.9547e-01	1.9910e-05	1.4269e-02	9.3920e-01	4.6527e-02	1.1755e-36	1.1755e-36	1.1755e-36	3.4112e-23	0.00e+00	0.00e+00	2.1940e+00
4.63986e+18	5.8243e+03	2.832e-22	1.0000e+01	1.0602e+01	1.4179e-11	1.4035e-02	9.8596e-01	1.4255e-01	8.5745e-01	3.1110e-06	7.8447e-15	1.7228e-03	7.3830e-01	2.5997e-01	1.5274e-05	1.6249e-02	9.4596e-01	3.7788e-02	1.1755e-36	1.1755e-36	1.1755e-36	4.9536e-23	0.00e+00	0.00e+00	2.4311e+00
4.89870e+18	5.8550e+03	2.882e-22	1.0000e+01	1.0558e+01	1.7859e-11	1.5868e-02	9.8413e-01	1.7185e-01	8.2815e-01	2.2577e-06	1.0790e-14	1.8733e-03	7.7330e-01	2.2482e-01	1.1370e-05	1.8572e-02	9.5141e-01	3.0022e-02	1.1755e-36	1.1755e-36	1.1755e-36	7.3169e-23	0.00e+00	0.00e+00	2.6817e+00
5.13575e+18	5.8965e+03	2.932e-22	1.0000e+01	1.0513e+01	2.2387e-11	1.7979e-02	9.8202e-01	2.0934e-01	7.9066e-01	1.6686e-06	1.4943e-14	2.0228e-03	8.0666e-01	1.9131e-01	8.2329e-06	2.1242e-02	9.5540e-01	2.3363e-02	1.1755e-36	1.1755e-36	1.1755e-36	1.0922e-22	0.00e+00	0.00e+00	2.9360e+00
5.34451e+18	5.9288e+03	2.982e-22	1.0000e+01	1.0464e+01	2.8268e-11	2.0350e-02	9.7965e-01	2.5553e-01	7.4447e-01	1.2531e-06	2.0672e-14	2.1638e-03	8.3685e-01	1.6098e-01	5.8454e-06	2.4232e-02	9.5783e-01	1.7942e-02	1.1755e-36	1.1755e-36	1.1755e-36	1.6252e-22	0.00e+00	0.00e+00	3.1847e+00
5.52438e+18	5.9591e+03	3.023e-22	1.0000e+01	1.0399e+01	3.5303e-11	2.2882e-02	9.7712e-01	3.0939e-01	6.9061e-01	9.5431e-07	2.8179e-14	2.2862e-03	8.6260e-01	1.3511e-01	4.1301e-06	2.7417e-02	9.5887e-01	1.3713e-02	1.1755e-36	1.1755e-36	1.1755e-36	2.3659e-22	0.00e+00	0.00e+00	3.4249e+00
5.68216e+18	5.9852e+03	3.051e-22	1.0000e+01	1.0307e+01	4.3710e-11	2.5563e-02	9.7444e-01	3.7062e-01	6.2938e-01	7.2691e-07	3.7868e-14	2.3876e-03	8.8420e-01	1.1341e-01	2.9098e-06	3.0782e-02	9.5879e-01	1.0427e-02	1.1755e-36	1.1755e-36	1.1755e-36	3.3620e-22	0.00e+00	0.00e+00	3.6659e+00
5.82741e+18	6.0055e+03	3.080e-22	1.0000e+01	1.0231e+01	5.4803e-11	2.8642e-02	9.7136e-01	4.4260e-01	5.5740e-01	5.4603e-07	5.1686e-14	2.4829e-03	9.0305e-01	9.4465e-02	2.0037e-06	3.4632e-02	9.5760e-01	7.7719e-03	1.1755e-36	1.1755e-36	1.1755e-36	4.8534e-22	0.00e+00	0.00e+00	3.9213e+00
5.96325e+18	6.0278e+03	3.100e-22	1.0000e+01	1.0134e+01	6.8801e-11	3.2123e-02	9.6788e-01	5.2341e-01	4.7659e-01	3.9934e-07	7.1053e-14	2.5630e-03	9.1893e-01	7.8503e-02	1.3567e-06	3.8971e-02	9.5536e-01	5.6729e-03	1.1755e-36	1.1755e-36	1.1755e-36	7.0228e-22	0.00e+00	0.00e+00	4.1859e+00
6.08979e+18	6.0481e+03	3.113e-22	1.0000e+01	1.0026e+01	8.6866e-11	3.6083e-02	9.6392e-01	6.0849e-01	3.9151e-01	2.8292e-07	9.8336e-14	2.6287e-03	9.3185e-01	6.5524e-02	9.0888e-07	4.3891e-02	9.5204e-01	4.0663e-03	1.1755e-36	1.1755e-36	1.1755e-36	1.0207e-21	0.00e+00	0.00e+00	4.4653e+00
6.21114e+18	6.0673e+03	3.122e-22	1.0000e+01	9.9091e+00	1.1111e-10	4.0761e-02	9.5924e-01	6.9348e-01	3.0652e-01	1.9193e-07	1.3793e-13	2.6830e-03	9.4228e-01	5.5034e-02	5.9990e-07	4.9682e-02	9.4747e-01	2.8443e-03	1.1755e-36	1.1755e-36	1.1755e-36	1.5107e-21	0.00e+00	0.00e+00	4.7744e+00
6.34924e+18	6.0917e+03	3.115e-22	1.0000e+01	9.7283e+00	1.4950e-10	4.7239e-02	9.5276e-01	7.8295e-01	2.1705e-01	1.1428e-07	2.0503e-13	2.7224e-03	9.5163e-01	4.5644e-02	3.6477e-07	5.7674e-02	9.4051e-01	1.8168e-03	1.1755e-36	1.1755e-36	1.1755e-36	2.4101e-21	0.00e+00	0.00e+00	5.2401e+00
6.49921e+18	6.1264e+03	3.125e-22	1.0000e+01	9.5689e+00	2.1587e-10	5.6905e-02	9.4309e-01	8.6265e-01	1.3735e-01	6.1201e-08	3.2942e-13	2.7651e-03	9.5947e-01	3.7769e-02	2.0604e-07	6.9528e-02	9.2941e-01	1.0616e-03	1.1755e-36	1.1755e-36	1.1755e-36	4.3897e-21	0.00e+00	0.00e+00	5.7568e+00
6.63126e+18	6.1664e+03	3.129e-22	1.0000e+01	9.4053e+00	3.1318e-10	6.8865e-02	9.3113e-01	9.1282e-01	8.7183e-02	3.3807e-08	5.1922e-13	2.7895e-03	9.6486e-01	3.2352e-02	1.1755e-36	8.4109e-02	9.1526e-01	6.3018e-04	1.1755e-36	1.1755e-36	1.1755e-36	8.1419e-21	0.00e+00	0.00e+00	6.2799e+00
6.74700e+18	6.2031e+03	3.120e-22	1.0000e+01	9.2343e+00	4.5570e-10	8.3370e-02	9.1663e-01	9.4261e-01	5.7394e-02	1.9807e-08	8.0159e-13	2.7975e-03	9.6890e-01	2.8301e-02	1.1755e-36	1.0168e-01	8.9794e-01	3.8411e-04	1.1755e-36	1.1755e-36	1.1755e-36	1.5148e-20	0.00e+00	0.00e+00	6.8651e+00
6.84218e+18	6.2291e+03	3.094e-22	1.0000e+01	9.0465e+00	6.5461e-10	9.9844e-02	9.0016e-01	9.5935e-01	4.0647e-02	1.2857e-08	1.1919e-12	2.7870e-03	9.7192e-01	2.5292e-02	1.1755e-36	1.2148e-01	8.7827e-01	2.4894e-04	1.1755e-36	1.1755e-36	1.1755e-36	2.7258e-20	0.00e+00	0.00e+00	7.3643e+00
6.91182e+18	6.2412e+03	3.058e-22	1.0000e+01	8.8784e+00	8.9109e-10	1.1586e-01	8.8414e-01	9.6841e-01	3.1588e-02	9.4170e-09	1.6491e-12	2.7687e-03	9.7413e-01	2.3097e-02	1.1755e-36	1.4059e-01	8.5923e-01	1.7676e-04	1.1755e-36	1.1755e-36	1.1755e-36	4.4537e-20	0.00e+00	0.00e+00	7.8041e+00
6.96997e+18	6.2424e+03	3.009e-22	1.0000e+01	8.7064e+00	1.1894e-09	1.3253e-01	8.6747e-01	9.7449e-01	2.5514e-02	7.2496e-09	2.2107e-12	2.7424e-03	9.7602e-01	2.1241e-02	1.1755e-36	1.6031e-01	8.3956e-01	1.3015e-04	1.1755e-36	1.1755e-36	1.1755e-36	6.9750e-20	0.00e+00	0.00e+00	8.2743e+00
7.03460e+18	6.2284e+03	2.930e-22	1.0000e+01	8.4742e+00	1.7018e-09	1.5537e-01	8.4463e-01	9.8001e-01	1.9986e-02	5.3853e-09	3.1338e-12	2.6991e-03	9.7818e-01	1.9123e-02	1.1755e-36	1.8712e-01	8.1279e-01	9.0279e-05	1.1755e-36	1.1755e-36	1.1755e-36	1.1970e-19	0.00e+00	0.00e+00	8.9910e+00
7.10290e+18	6.1934e+03	2.806e-22	1.0000e+01	8.1514e+00	2.6431e-09	1.8713e-01	8.1287e-01	9.8435e-01	1.5645e-02	4.0322e-09	4.7250e-12	2.6274e-03	9.8043e-01	1.6942e-02	1.1755e-36	2.2389e-01	7.7605e-01	5.9877e-05	1.1755e-36	1.1755e-36	1.1755e-36	2.2853e-19	0.00e+00	0.00e+00	9.7420e+00
7.16270e+18	6.1301e+03	2.647e-22	1.0000e+01	7.7769e+00	4.1959e-09	2.2429e-01	7.7571e-01	9.8734e-01	1.2656e-02	3.1632e-09	7.1066e-12	2.5348e-03	9.8251e-01	1.4954e-02	1.1755e-36	2.6624e-01	7.3372e-01	4.0268e-05	1.1755e-36	1.1755e-36	1.1755e-36	4.4011e-19	0.00e+00	0.00e+00	1.0536e+01
7.21400e+18	6.0386e+03	2.463e-22	1.0000e+01	7.3658e+00	6.7149e-09	2.6564e-01	7.3436e-01	9.8940e-01	1.0603e-02	2.6047e-09	1.0533e-11	2.4261e-03	9.8436e-01	1.3217e-02	1.1755e-36	3.1251e-01	6.8746e-01	2.7750e-05	1.1755e-36	1.1755e-36	1.1755e-36	8.4117e-19	0.00e+00	0.00e+00	1.1317e+01
7.25396e+18	5.9318e+03	2.280e-22	1.0000e+01	6.9595e+00	1.0308e-08	3.0570e-01	6.9430e-01	9.9068e-01	9.3168e-03	2.2816e-09	1.4791e-11	2.3134e-03	9.8582e-01	1.1870e-02	1.1755e-36	3.5651e-01	6.4347e-01	2.0289e-05	1.1755e-36	1.1755e-36	1.1755e-36	1.4964e-18	0.00e+00	0.00e+00	1.1961e+01
7.27543e+18	5.8606e+03	2.168e-22	1.0000e+01	6.7069e+00	1.3329e-08	3.3089e-01	6.6911e-01	9.9121e-01	8.7877e-03	2.1641e-09	1.8052e-11	2.2413e-03	9.8656e-01	1.1200e-02	1.1755e-36	3.8375e-01	6.1623e-01	1.7066e-05	1.1755e-36	1.1755e-36	1.1755e-36	2.1186e-18	0.00e+00	0.00e+00	1.2161e+01
7.28233e+18	5.8347e+03	2.130e-22	1.0000e+01	6.6219e+00	1.4518e-08	3.3929e-01	6.6071e-01	9.9138e-01	8.6193e-03	2.1267e-09	1.9259e-11	2.2169e-03	9.8680e-01	1.0982e-02	1.1755e-36	3.9277e-01	6.0722e-01	1.6123e-05	1.1755e-36	1.1755e-36	1.1755e-36	2.3759e-18	0.00e+00	0.00e+00	1.2251e+01
7.28702e+18	5.8132e+03	2.103e-22	1.0000e+01	6.5632e+00	1.5465e-08	3.4527e-01	6.5473e-01	9.9152e-01	8.4774e-03	2.0921e-09	2.0172e-11	2.2002e-03	9.8699e-01	1.0811e-02	1.1755e-36	3.9916e-01	6.0082e-01	1.5468e-05	1.1755e-36	1.1755e-36	1.1755e-36	2.5807e-18	0.00e+00	0.00e+00	1.2363e+01
7.29295e+18	5.7879e+03	2.068e-22	1.0000e+01	6.4875e+00	1.6716e-08	3.5287e-01	6.4713e-01	9.9169e-01	8.3145e-03	2.0535e-09	2.1378e-11	2.1784e-03	9.8722e-01	1.0598e-02	1.1755e-36	4.0728e-01	5.9271e-01	1.4672e-05	1.1755e-36	1.1755e-36	1.1755e-36	2.8639e-18	0.00e+00	0.00e+00	1.2513e+01
7.30065e+18	5.7519e+03	2.022e-22	1.0000e+01	6.3848e+00	1.8561e-08	3.6301e-01	6.3699e-01	9.9190e-01	8.1005e-03	2.0035e-09	2.3081e-11	2.1487e-03	9.8753e-01	1.0323e-02	1.1755e-36	4.1805e-01	5.8193e-01	1.3690e-05	1.1755e-36	1.1755e-36	1.1755e-36	3.2904e-18	0.00e+00	0.00e+00	1.2712e+01
7.30939e+18	5.7089e+03	1.969e-22	1.0000e+01	6.2664e+00	2.0965e-08	3.7484e-01	6.2516e-01	9.9212e-01	7.8816e-03	1.9539e-09	2.5227e-11	2.1143e-03	9.8786e-01	1.0022e-02	1.1755e-36	4.3057e-01	5.6942e-01	1.2658e-05	1.1755e-36	1.1755e-36	1.1755e-36	3.8722e-18	0.00e+00	0.00e+00	1.2920e+01
7.31759e+18	5.6662e+03	1.917e-22	1.0000e+01	6.1514e+00	2.3583e-08	3.8630e-01	6.1370e-01	9.9231e-01	7.6888e-03	1.9118e-09	2.7479e-11	2.0807e-03	9.8817e-01	9.7471e-03	1.1755e-36	4.4263e-01	5.5736e-01	1.1755e-05	1.1755e-36	1.1755e-36	1.1755e-36	4.5372e-18	0.00e+00	0.00e+00	1.3106e+01
7.32485e+18	5.6216e+03	1.872e-22	1.0000e+01	6.0508e+00	2.6429e-08	3.9710e-01	6.0290e-01	9.9248e-01	7.5171e-03	1.8724e-09	2.9822e-11	2.0516e-03	9.8846e-01	9.4915e-03	1.1755e-36	4.5393e-01	5.4606e-01	1.0987e-05	1.1755e-36	1.1755e-36	1.1755e-36	5.2911e-18	0.00e+00	0.00e+00	1.3279e+01
7.33149e+18	5.5885e+03	1.827e-22	1.0000e+01	5.9476e+00	2.9014e-08	4.0657e-01	5.9343e-01	9.9262e-01	7.3789e-03	1.8464e-09	3.1943e-11	2.0207e-03	9.8870e-01	9.2808e-03	1.1755e-36	4.6379e-01	5.3620e-01	1.0339e-05	1.1755e-36	1.1755e-36	1.1755e-36	6.0234e-18	0.00e+00	0.00e+00	1.3443e+01
7.33828e+18	5.5396e+03	1.782e-22	1.0000e+01	5.8436e+00	3.2559e-08	4.1714e-01	5.8286e-01	9.9278e-01	7.2217e-03	1.8118e-09	3.4618e-11	1.9905e-03	9.8897e-01	9.0408e-03	1.1755e-36	4.7477e-01	5.2522e-01	9.6877e-06	1.1755e-36	1.1755e-36	1.1755e-36	7.0309e-18	0.00e+00	0.00e+00	1.3632e+01
7.34516e+18	5.4913e+03	1.737e-22	1.0000e+01	5.7407e+00	3.6587e-08	4.2816e-01	5.7184e-01	9.9293e-01	7.0728e-03	1.7795e-09	3.7660e-11	1.9603e-03	9.8924e-01	8.8022e-03	1.1755e-36	4.8614e-01	5.1385e-01	9.0641e-06	1.1755e-36	1.1755e-36	1.1755e-36	8.2751e-18	0.00e+00	0.00e+00	1.3810e+01
7.35145e+18	5.4537e+03	1.692e-22	1.0000e+01	5.6351e+00	4.0296e-08	4.3775e-01	5.6225e-01	9.9305e-01	6.9534e-03	1.7594e-09	4.0419e-11	1.9285e-03	9.8946e-01	8.6072e-03	1.1755e-36	4.9601e-01	5.0399e-01	8.5422e-06	1.1755e-36	1.1755e-36	1.1755e-36	9.4961e-18	0.00e+00	0.00e+00	1.3975e+01
7.35769e+18	5.4024e+03	1.648e-22	1.0000e+01	5.5327e+00	4.5208e-08	4.4817e-01	5.5183e-01	9.9317e-01	6.8251e-03	1.7330e-09	4.3848e-11	1.8984e-03	9.8971e-01	8.3910e-03	1.1755e-36	5.0667e-01	4.9332e-01	8.0295e-06	1.1755e-36	1.1755e-36	1.1755e-36	1.1156e-17	0.00e+00	0.00e+00	1.4159e+01
7.36394e+18	5.3517e+03	1.605e-22	1.0000e+01	5.4323e+00	5.0724e-08	4.5881e-01	5.4119e-01	9.9330e-01	6.7029e-03	1.7082e-09	4.7696e-11	1.8687e-03	9.8995e-01	8.1786e-03	1.1755e-36	5.1751e-01	4.8248e-01	7.5442e-06	1.1755e-36	1.1755e-36	1.1755e-36	1.3186e-17	0.00e+00	0.00e+00	1.4333e+01
7.36968e+18	5.3091e+03	1.563e-22	1.0000e+01	5.3304e+00	5.6003e-08	4.6821e-01	5.3179e-01	9.9340e-01	6.6016e-03	1.6923e-09	5.1304e-11	1.8379e-03	9.9016e-01	8.0009e-03	1.1755e-36	5.2704e-01	4.7295e-01	7.1326e-06	1.1755e-36	1.1755e-36	1.1755e-36	1.5257e-17	0.00e+00	0.00e+00	1.4496e+01
7.37535e+18	5.2536e+03	1.523e-22	1.0000e+01	5.2355e+00	6.2964e-08	4.7848e-01	5.2152e-01	9.9351e-01	6.4909e-03	1.6692e-09	5.5892e-11	1.8101e-03	9.9039e-01	7.8016e-03	1.1755e-36	5.3742e-01	4.6258e-01	6.7255e-06	1.1755e-36	1.1755e-36	1.1755e-36	1.8141e-17	0.00e+00	0.00e+00	1.4672e+01
7.38091e+18	5.2110e+03	1.482e-22	1.0000e+01	5.1338e+00	6.9417e-08	4.8778e-01	5.1222e-01	9.9360e-01	6.4046e-03	1.6580e-09	6.0199e-11	1.7791e-03	9.9059e-01	7.6346e-03	1.1755e-36	5.4676e-01	4.5324e-01	6.3652e-06	1.1755e-36	1.1755e-36	1.1755e-36	2.1077e-17	0.00e+00	0.00e+00	1.4835e+01
7.38639e+18	5.1577e+03	1.441e-22	1.0000e+01	5.0349e+00	7.7623e-08	4.9764e-01	5.0236e-01	9.9369e-01	6.3084e-03	1.6412e-09	6.5481e-11	1.7496e-03	9.9080e-01	7.4541e-03	1.1755e-36	5.5664e-01	4.4336e-01	6.0139e-06	1.1755e-36	1.1755e-36	1.1755e-36	2.5020e-17	0.00e+00	0.00e+00	1.5013e+01
7.39192e+18	5.0997e+03	1.401e-22	1.0000e+01	4.9351e+00	8.7348e-08	5.0781e-01	4.9219e-01	9.9379e-01	6.2146e-03	1.6247e-09	7.1647e-11	1.7200e-03	9.9101e-01	7.2738e-03	1.1755e-36	5.6678e-01	4.3321e-01	5.6778e-06	1.1755e-36	1.1755e-36	1.1755e-36	3.0084e-17	0.00e+00	0.00e+00	1.5185e+01
7.39702e+18	5.0462e+03	1.364e-22	1.0000e+01	4.8438e+00	9.7424e-08	5.1733e-01	4.8267e-01	9.9387e-01	6.1311e-03	1.6104e-09	7.8077e-11	1.6927e-03	9.9120e-01	7.1090e-03	1.1755e-36	5.7623e-01	4.2376e-01	5.3813e-06	1.1755e-36	1.1755e-36	1.1755e-36	3.5871e-17	0.00e+00	0.00e+00	1.5343e+01
7.40177e+18	4.9955e+03	1.329e-22	1.0000e+01	4.7545e+00	1.0786e-07	5.2613e-01	4.7387e-01	9.9394e-01	6.0577e-03	1.5995e-09	8.4569e-11	1.6659e-03	9.9137e-01	6.9595e-03	1.1755e-36	5.8493e-01	4.1506e-01	5.1193e-06	1.1755e-36	1.1755e-36	1.1755e-36	4.2260e-17	0.00e+00	0.00e+00	1.5498e+01
7.40651e+18	4.9429e+03	1.294e-22	1.0000e+01	4.6631e+00	1.1952e-07	5.3498e-01	4.6502e-01	9.9402e-01	5.9843e-03	1.5891e-09	9.0628e-11	1.6386e-03	9.9156e-01	6.8061e-03	1.1755e-36	5.9365e-01	4.0634e-01	4.8683e-06	1.1755e-36	1.1755e-36	1.1755e-36	4.8750e-17	0.00e+00	0.00e+00	1.5661e+01
7.41140e+18	4.8876e+03	1.257e-22	1.0000e+01	4.5684e+00	1.3298e-07	5.4415e-01	4.5585e-01	9.9409e-01	5.9128e-03	1.5798e-09	9.7401e-11	1.6100e-03	9.9174e-01	6.6496e-03	1.1755e-36	6.0266e-01	3.9734e-01	4.6213e-06	1.1755e-36	1.1755e-36	1.1755e-36	5.6605e-17	0.00e+00	0.00e+00	1.5831e+01
7.41632e+18	4.8254e+03	1.221e-22	1.0000e+01	4.4749e+00	1.4927e-07	5.5378e-01	4.4622e-01	9.9416e-01	5.8361e-03	1.5674e-09	1.0524e-10	1.5823e-03	9.9193e-01	6.4864e-03	1.1755e-36	6.1207e-01	3.8792e-01	4.3802e-06	1.1755e-36	1.1755e-36	1.1755e-36	6.6508e-17	0.00e+00	0.00e+00	1.6002e+01
7.42100e+18	4.7689e+03	1.187e-22	1.0000e+01	4.3823e+00	1.6570e-07	5.6264e-01	4.3736e-01	9.9423e-01	5.7745e-03	1.5611e-09	1.1290e-10	1.5544e-03	9.9210e-01	6.3417e-03	1.1755e-36	6.2070e-01	3.7929e-01	4.1665e-06	1.1755e-36	1.1755e-36	1.1755e-36	7.7033e-17	0.00e+00	0.00e+00	1.6161e+01
7.42549e+18	4.7057e+03	1.154e-22	1.0000e+01	4.2956e+00	1.8528e-07	5.7172e-01	4.2828e-01	9.9430e-01	5.7047e-03	1.5494e-09	1.2158e-10	1.5290e-03	9.9228e-01	6.1912e-03	1.1755e-36	6.2952e-01	3.7048e-01	3.9629e-06	1.1755e-36	1.1755e-36	1.1755e-36	8.9998e-17	0.00e+00	0.00e+00	1.6324e+01
7.42989e+18	4.6454e+03	1.122e-22	1.0000e+01	4.2085e+00	2.0577e-07	5.8039e-01	4.1961e-01	9.9436e-01	5.6442e-03	1.5418e-09	1.3037e-10	1.5032e-03	9.9245e-01	6.0517e-03	1.1755e-36	6.3790e-01	3.6210e-01	3.7760e-06	1.1755e-36	1.1755e-36	1.1755e-36	1.0424e-16	0.00e+00	0.00e+00	1.6480e+01
7.43417e+18	4.5844e+03	1.091e-22	1.0000e+01	4.1232e+00	2.2817e-07	5.8894e-01	4.1106e-01	9.9441e-01	5.5851e-03	1.5341e-09	1.3964e-10	1.4779e-03	9.9261e-01	5.9148e-03	1.1755e-36	6.4614e-01	3.5386e-01	3.6000e-06	1.1755e-36	1.1755e-36	1.1755e-36	1.2049e-16	0.00e+00	0.00e+00	1.6640e+01
7.43850e+18	4.5208e+03	1.060e-22	1.0000e+01	4.0365e+00	2.5334e-07	5.9765e-01	4.0235e-01	9.9447e-01	5.5263e-03	1.5267e-09	1.4969e-10	1.4524e-03	9.9277e-01	5.7769e-03	1.1755e-36	6.5450e-01	3.4550e-01	3.4289e-06	1.1755e-36	1.1755e-36	1.1755e-36	1.3951e-16	0.00e+00	0.00e+00	1.6805e+01
7.44288e+18	4.4509e+03	1.029e-22	1.0000e+01	3.9473e+00	2.8259e-07	6.0659e-01	3.9341e-01	9.9453e-01	5.4662e-03	1.5187e-09	1.6067e-10	1.4263e-03	9.9294e-01	5.6370e-03	1.1755e-36	6.6306e-01	3.3694e-01	3.2630e-06	1.1755e-36	1.1755e-36	1.1755e-36	1.6212e-16	0.00e+00	0.00e+00	1.6973e+01
7.44721e+18	4.3831e+03	9.982e-23	1.0000e+01	3.8597e+00	3.1329e-07	6.1535e-01	3.8465e-01	9.9459e-01	5.4103e-03	1.5122e-09	1.7189e-10	1.4008e-03	9.9310e-01	5.5023e-03	1.1755e-36	6.7141e-01	3.2859e-01	3.1069e-06	1.1755e-36	1.1755e-36	1.1755e-36	1.8700e-16	0.00e+00	0.00e+00	1.7138e+01
7.45150e+18	4.3129e+03	9.679e-23	1.0000e+01	3.7724e+00	3.4682e-07	6.2415e-01	3.7585e-01	9.9465e-01	5.3544e-03	1.5054e-09	1.8359e-10	1.3754e-03	9.9326e-01	5.3678e-03	1.1755e-36	6.7976e-01	3.2023e-01	2.9574e-06	1.1755e-36	1.1755e-36	1.1755e-36	2.1495e-16	0.00e+00	0.00e+00	1.7309e+01
7.45591e+18	4.2393e+03	9.369e-23	1.0000e+01	3.6804e+00	3.8340e-07	6.3307e-01	3.6693e-01	9.9470e-01	5.3005e-03	1.5005e-09	1.9565e-10	1.3486e-03	9.9342e-01	5.2335e-03	1.1755e-36	6.8821e-01	3.1179e-01	2.8117e-06	1.1755e-36	1.1755e-36	1.1755e-36	2.4596e-16	0.00e+00	0.00e+00	1.7489e+01
7.46050e+18	4.1637e+03	9.048e-23	1.0000e+01	3.5855e+00	4.2271e-07	6.4231e-01	3.5769e-01	9.9475e-01	5.2467e-03	1.4963e-09	2.0820e-10	1.3210e-03	9.9358e-01	5.0960e-03	1.1755e-36	6.9692e-01	3.0307e-01	2.6665e-06	1.1755e-36	1.1755e-36	1.1755e-36	2.8038e-16	0.00e+00	0.00e+00	1.7679e+01
7.46538e+18	4.0739e+03	8.717e-23	1.0000e+01	3.4865e+00	4.7005e-07	6.5259e-01	3.4741e-01	9.9482e-01	5.1817e-03	1.4872e-09	2.2218e-10	1.2931e-03	9.9376e-01	4.9430e-03	1.1755e-36	7.0658e-01	2.9342e-01	2.5160e-06	1.1755e-36	1.1755e-36	1.1755e-36	3.2149e-16	0.00e+00	0.00e+00	1.7888e+01
7.47042e+18	3.9790e+03	8.379e-23	1.0000e+01	3.3807e+00	5.1914e-07	6.6291e-01	3.3709e-01	9.9488e-01	5.1226e-03	1.4817e-09	2.3522e-10	1.2634e-03	9.9394e-01	4.7936e-03	1.1755e-36	7.1624e-01	2.8376e-01	2.3719e-06	1.1755e-36	1.1755e-36	1.1755e-36	3.6240e-16	0.00e+00	0.00e+00	1.8098e+01
###########################
5.37909e+14	6.6341e+03	3.086e-22	1.0000e+01	1.0783e+01	1.1204e-12	5.7594e-03	9.9424e-01	3.5307e-02	9.6409e-01	6.0695e-04	6.5569e-16	6.3836e-04	4.0438e-01	5.9484e-01	1.3504e-04	5.3355e-03	8.1189e-01	1.8275e-01	2.5333e-05	1.1755e-36	1.1755e-36	3.5967e-24	0.00e+00	0.00e+00	3.9124e-04
3.22746e+15	6.6305e+03	3.083e-22	1.0000e+01	1.0779e+01	1.1231e-12	5.7557e-03	9.9424e-01	3.5306e-02	9.6409e-01	6.0639e-04	6.5504e-16	6.3512e-04	4.0439e-01	5.9484e-01	1.3521e-04	5.3318e-03	8.1181e-01	1.8283e-01	2.5264e-05	1.1755e-36	1.1755e-36	3.5918e-24	0.00e+00	0.00e+00	1.9552e-03
1.39856e+16	6.6209e+03	3.078e-22	1.0000e+01	1.0778e+01	1.1314e-12	5.7552e-03	9.9424e-01	3.5361e-02	9.6404e-01	6.0176e-04	6.5560e-16	6.3505e-04	4.0481e-01	5.9442e-01	1.3461e-04	5.3338e-03	8.1203e-01	1.8261e-01	2.4865e-05	1.1755e-36	1.1755e-36	3.5868e-24	0.00e+00	0.00e+00	8.2104e-03
5.70184e+16	6.6023e+03	3.061e-22	1.0000e+01	1.0778e+01	1.1514e-12	5.7629e-03	9.9424e-01	3.5595e-02	9.6382e-01	5.7976e-04	6.6079e-16	6.3961e-04	4.0653e-01	5.9269e-01	1.3258e-04	5.3535e-03	8.1323e-01	1.8140e-01	2.3274e-05	1.1755e-36	1.1755e-36	3.5953e-24	0.00e+00	0.00e+00	3.3265e-02
1.36199e+17	6.5202e+03	3.005e-22	1.0000e+01	1.0778e+01	1.1980e-12	5.6970e-03	9.9430e-01	3.5758e-02	9.6368e-01	5.6141e-04	6.4660e-16	6.3863e-04	4.0809e-01	5.9114e-01	1.3030e-04	5.3065e-03	8.1419e-01	1.8048e-01	2.1376e-05	1.1755e-36	1.1755e-36	3.4274e-24	0.00e+00	0.00e+00	6.5463e-02
2.39133e+17	6.4360e+03	2.952e-22	1.0000e+01	1.0778e+01	1.2634e-12	5.6622e-03	9.9434e-01	3.6107e-02	9.6337e-01	5.2335e-04	6.4216e-16	6.4152e-04	4.1090e-01	5.8833e-01	1.2660e-04	5.2981e-03	8.1626e-01	1.7842e-01	1.8899e-05	1.1755e-36	1.1755e-36	3.3213e-24	0.00e+00	0.00e+00	1.0707e-01
3.72948e+17	6.3468e+03	2.897e-22	1.0000e+01	1.0778e+01	1.3528e-12	5.6544e-03	9.9435e-01	3.6678e-02	9.6285e-01	4.6710e-04	6.4646e-16	6.4828e-04	4.1520e-01	5.8403e-01	1.2144e-04	5.3252e-03	8.1953e-01	1.7513e-01	1.5939e-05	1.1755e-36	1.1755e-36	3.2623e-24	0.00e+00	0.00e+00	1.6107e-01
5.46907e+17	6.2514e+03	2.842e-22	1.0000e+01	1.0777e+01	1.4769e-12	5.6812e-03	9.9432e-01	3.7554e-02	9.6205e-01	3.9427e-04	6.6212e-16	6.6015e-04	4.2150e-01	5.7773e-01	1.1470e-04	5.3980e-03	8.2426e-01	1.7033e-01	1.2642e-05	1.1755e-36	1.1755e-36	3.2595e-24	0.00e+00	0.00e+00	2.3162e-01
7.73053e+17	6.1509e+03	2.788e-22	1.0000e+01	1.0775e+01	1.6520e-12	5.7579e-03	9.9424e-01	3.8883e-02	9.6081e-01	3.0966e-04	6.9507e-16	6.7975e-04	4.3061e-01	5.6860e-01	1.0629e-04	5.5356e-03	8.3086e-01	1.6360e-01	9.2476e-06	1.1755e-36	1.1755e-36	3.3413e-24	0.00e+00	0.00e+00	3.2456e-01
1.06704e+18	6.0479e+03	2.736e-22	1.0000e+01	1.0771e+01	1.9060e-12	5.9102e-03	9.9409e-01	4.0911e-02	9.5887e-01	2.2177e-04	7.5601e-16	7.1086e-04	4.4377e-01	5.5542e-01	9.6213e-05	5.7698e-03	8.3980e-01	1.5442e-01	6.0794e-06	1.1755e-36	1.1755e-36	3.5595e-24	0.00e+00	0.00e+00	4.4859e-01
1.44923e+18	5.9465e+03	2.691e-22	1.0000e+01	1.0766e+01	2.2889e-12	6.1841e-03	9.9382e-01	4.4081e-02	9.5578e-01	1.4139e-04	8.6593e-16	7.6011e-04	4.6296e-01	5.3620e-01	8.4464e-05	6.1577e-03	8.5172e-01	1.4212e-01	3.4686e-06	1.1755e-36	1.1755e-36	4.0159e-24	0.00e+00	0.00e+00	6.1730e-01
1.94608e+18	5.8476e+03	2.659e-22	1.0000e+01	1.0756e+01	2.9302e-12	6.6700e-03	9.9333e-01	4.9293e-02	9.5063e-01	7.7934e-05	1.0763e-15	8.3975e-04	4.9156e-01	5.0753e-01	7.0850e-05	6.8116e-03	8.6745e-01	1.2574e-01	1.6349e-06	1.1755e-36	1.1755e-36	4.9792e-24	0.00e+00	0.00e+00	8.5385e-01
2.49019e+18	5.7774e+03	2.639e-22	1.0000e+01	1.0745e+01	3.7872e-12	7.3180e-03	9.9268e-01	5.6479e-02	9.4348e-01	4.0358e-05	1.3932e-15	9.4202e-04	5.2610e-01	4.7290e-01	5.8030e-05	7.6705e-03	8.8392e-01	1.0841e-01	7.0806e-07	1.1755e-36	1.1755e-36	6.5158e-24	0.00e+00	0.00e+00	1.0972e+00
2.97435e+18	5.7465e+03	2.645e-22	1.0000e+01	1.0728e+01	4.8177e-12	8.1042e-03	9.9190e-01	6.5183e-02	9.3479e-01	2.2521e-05	1.8381e-15	1.0567e-03	5.6213e-01	4.3677e-01	4.7422e-05	8.6904e-03	8.9862e-01	9.2689e-02	3.2607e-07	1.1755e-36	1.1755e-36	8.8472e-24	0.00e+00	0.00e+00	1.3232e+00
3.38493e+18	5.7459e+03	2.667e-22	1.0000e+01	1.0711e+01	5.9934e-12	8.9962e-03	9.9100e-01	7.5377e-02	9.2461e-01	1.3830e-05	2.4336e-15	1.1780e-03	5.9765e-01	4.0114e-01	3.8776e-05	9.8354e-03	9.1116e-01	7.9005e-02	1.6309e-07	1.1755e-36	1.1755e-36	1.2207e-23	0.00e+00	0.00e+00	1.5388e+00
3.74293e+18	5.7590e+03	2.700e-22	1.0000e+01	1.0691e+01	7.3834e-12	9.9981e-03	9.9000e-01	8.7352e-02	9.1264e-01	9.0662e-06	3.2238e-15	1.3042e-03	6.3264e-01	3.6602e-01	3.1537e-05	1.1116e-02	9.2189e-01	6.6991e-02	1.1755e-36	1.1755e-36	1.1755e-36	1.6977e-23	0.00e+00	0.00e+00	1.7513e+00
4.06542e+18	5.7789e+03	2.739e-22	1.0000e+01	1.0669e+01	9.1015e-12	1.1144e-02	9.8886e-01	1.0188e-01	8.9811e-01	6.2015e-06	4.2955e-15	1.4370e-03	6.6769e-01	3.3085e-01	2.5308e-05	1.2576e-02	9.3119e-01	5.6234e-02	1.1755e-36	1.1755e-36	1.1755e-36	2.3904e-23	0.00e+00	0.00e+00	1.9683e+00
4.36285e+18	5.7981e+03	2.783e-22	1.0000e+01	1.0636e+01	1.1336e-11	1.2476e-02	9.8752e-01	1.1977e-01	8.8023e-01	4.3450e-06	5.7720e-15	1.5765e-03	7.0293e-01	2.9547e-01	1.9910e-05	1.4269e-02	9.3920e-01	4.6527e-02	1.1755e-36	1.1755e-36	1.1755e-36	3.4111e-23	0.00e+00	0.00e+00	2.1940e+00
4.63986e+18	5.8330e+03	2.829e-22	1.0000e+01	1.0602e+01	1.4030e-11	1.4019e-02	9.8598e-01	1.4244e-01	8.5756e-01	3.1163e-06	7.8254e-15	1.7219e-03	7.3812e-01	2.6015e-01	1.5300e-05	1.6230e-02	9.4596e-01	3.7808e-02	1.1755e-36	1.1755e-36	1.1755e-36	4.9430e-23	0.00e+00	0.00e+00	2.4309e+00
4.89911e+18	5.8650e+03	2.880e-22	1.0000e+01	1.0561e+01	1.7654e-11	1.5852e-02	9.8415e-01	1.7193e-01	8.2807e-01	2.2669e-06	1.0773e-14	1.8731e-03	7.7322e-01	2.2490e-01	1.1383e-05	1.8553e-02	9.5142e-01	3.0023e-02	1.1755e-36	1.1755e-36	1.1755e-36	7.3102e-23	0.00e+00	0.00e+00	2.6820e+00
5.13649e+18	5.9002e+03	2.930e-22	1.0000e+01	1.0513e+01	2.2290e-11	1.7972e-02	9.8203e-01	2.0945e-01	7.9055e-01	1.6696e-06	1.4933e-14	2.0229e-03	8.0670e-01	1.9127e-01	8.2320e-06	2.1234e-02	9.5541e-01	2.3355e-02	1.1755e-36	1.1755e-36	1.1755e-36	1.0913e-22	0.00e+00	0.00e+00	2.9361e+00
5.34487e+18	5.9258e+03	2.983e-22	1.0000e+01	1.0464e+01	2.8358e-11	2.0355e-02	9.7965e-01	2.5568e-01	7.4432e-01	1.2526e-06	2.0683e-14	2.1641e-03	8.3692e-01	1.6091e-01	5.8408e-06	2.4238e-02	9.5782e-01	1.7938e-02	1.1755e-36	1.1755e-36	1.1755e-36	1.6254e-22	0.00e+00	0.00e+00	3.1840e+00
5.52402e+18	5.9625e+03	3.017e-22	1.0000e+01	1.0385e+01	3.5016e-11	2.2827e-02	9.7717e-01	3.0866e-01	6.9134e-01	9.5405e-07	2.7972e-14	2.2819e-03	8.6231e-01	1.3540e-01	4.1492e-06	2.7349e-02	9.5890e-01	1.3747e-02	1.1755e-36	1.1755e-36	1.1755e-36	2.3415e-22	0.00e+00	0.00e+00	3.4224e+00
5.68270e+18	5.9858e+03	3.047e-22	1.0000e+01	1.0298e+01	4.3578e-11	2.5530e-02	9.7447e-01	3.7018e-01	6.2982e-01	7.2458e-07	3.7722e-14	2.3850e-03	8.8408e-01	1.1353e-01	2.9157e-06	3.0742e-02	9.5882e-01	1.0438e-02	1.1755e-36	1.1755e-36	1.1755e-36	3.3433e-22	0.00e+00	0.00e+00	3.6674e+00
5.82977e+18	6.0052e+03	3.080e-22	1.0000e+01	1.0228e+01	5.4916e-11	2.8665e-02	9.7134e-01	4.4332e-01	5.5668e-01	5.4312e-07	5.1798e-14	2.4832e-03	9.0322e-01	9.4295e-02	1.9963e-06	3.4661e-02	9.5759e-01	7.7485e-03	1.1755e-36	1.1755e-36	1.1755e-36	4.8633e-22	0.00e+00	0.00e+00	3.9247e+00
5.96532e+18	6.0280e+03	3.100e-22	1.0000e+01	1.0133e+01	6.8910e-11	3.2149e-02	9.6785e-01	5.2423e-01	4.7577e-01	3.9759e-07	7.1223e-14	2.5634e-03	9.1907e-01	7.8366e-02	1.3518e-06	3.9004e-02	9.5534e-01	5.6558e-03	1.1755e-36	1.1755e-36	1.1755e-36	7.0399e-22	0.00e+00	0.00e+00	4.1864e+00
6.09037e+18	6.0479e+03	3.113e-22	1.0000e+01	1.0026e+01	8.6811e-11	3.6070e-02	9.6393e-01	6.0846e-01	3.9154e-01	2.8271e-07	9.8257e-14	2.6286e-03	9.3184e-01	6.5532e-02	9.0933e-07	4.3875e-02	9.5206e-01	4.0679e-03	1.1755e-36	1.1755e-36	1.1755e-36	1.0195e-21	0.00e+00	0.00e+00	4.4624e+00
6.21097e+18	6.0671e+03	3.122e-22	1.0000e+01	9.9105e+00	1.1083e-10	4.0712e-02	9.5929e-01	6.9293e-01	3.0707e-01	1.9228e-07	1.3752e-13	2.6827e-03	9.4222e-01	5.5099e-02	6.0176e-07	4.9622e-02	9.4753e-01	2.8520e-03	1.1755e-36	1.1755e-36	1.1755e-36	1.5050e-21	0.00e+00	0.00e+00	4.7710e+00
6.34900e+18	6.0922e+03	3.114e-22	1.0000e+01	9.7267e+00	1.4885e-10	4.7151e-02	9.5285e-01	7.8232e-01	2.1767e-01	1.1442e-07	2.0404e-13	2.7212e-03	9.5156e-01	4.5722e-02	3.6643e-07	5.7566e-02	9.4061e-01	1.8235e-03	1.1755e-36	1.1755e-36	1.1755e-36	2.3946e-21	0.00e+00	0.00e+00	5.2356e+00
6.49914e+18	6.1260e+03	3.125e-22	1.0000e+01	9.5699e+00	2.1520e-10	5.6813e-02	9.4319e-01	8.6229e-01	1.3771e-01	6.1332e-08	3.2816e-13	2.7648e-03	9.5942e-01	3.7812e-02	2.0679e-07	6.9415e-02	9.2952e-01	1.0652e-03	1.1755e-36	1.1755e-36	1.1755e-36	4.3664e-21	0.00e+00	0.00e+00	5.7530e+00
6.63144e+18	6.1661e+03	3.129e-22	1.0000e+01	9.4065e+00	3.1232e-10	6.8766e-02	9.3123e-01	9.1265e-01	8.7345e-02	3.3859e-08	5.1755e-13	2.7894e-03	9.6483e-01	3.2380e-02	1.1755e-36	8.3988e-02	9.1538e-01	6.3187e-04	1.1755e-36	1.1755e-36	1.1755e-36	8.1035e-21	0.00e+00	0.00e+00	6.2756e+00
6.74716e+18	6.2032e+03	3.120e-22	1.0000e+01	9.2358e+00	4.5405e-10	8.3230e-02	9.1677e-01	9.4249e-01	5.7510e-02	1.9844e-08	7.9867e-13	2.7975e-03	9.6887e-01	2.8329e-02	1.1755e-36	1.0151e-01	8.9811e-01	3.8527e-04	1.1755e-36	1.1755e-36	1.1755e-36	1.5066e-20	0.00e+00	0.00e+00	6.8594e+00
6.84231e+18	6.2288e+03	3.094e-22	1.0000e+01	9.0485e+00	6.5207e-10	9.9653e-02	9.0035e-01	9.5927e-01	4.0732e-02	1.2881e-08	1.1870e-12	2.7872e-03	9.7189e-01	2.5319e-02	1.1755e-36	1.2125e-01	8.7850e-01	2.4980e-04	1.1755e-36	1.1755e-36	1.1755e-36	2.7087e-20	0.00e+00	0.00e+00	7.3579e+00
6.91203e+18	6.2411e+03	3.058e-22	1.0000e+01	8.8807e+00	8.8745e-10	1.1564e-01	8.8436e-01	9.6835e-01	3.1645e-02	9.4310e-09	1.6422e-12	2.7690e-03	9.7411e-01	2.3122e-02	1.1755e-36	1.4032e-01	8.5950e-01	1.7736e-04	1.1755e-36	1.1755e-36	1.1755e-36	4.4249e-20	0.00e+00	0.00e+00	7.7976e+00
6.97030e+18	6.2424e+03	3.010e-22	1.0000e+01	8.7089e+00	1.1847e-09	1.3228e-01	8.6772e-01	9.7445e-01	2.5550e-02	7.2562e-09	2.2019e-12	2.7429e-03	9.7599e-01	2.1263e-02	1.1755e-36	1.6003e-01	8.3984e-01	1.3054e-04	1.1755e-36	1.1755e-36	1.1755e-36	6.9316e-20	0.00e+00	0.00e+00	8.2680e+00
7.03507e+18	6.2286e+03	2.931e-22	1.0000e+01	8.4768e+00	1.6954e-09	1.5512e-01	8.4488e-01	9.8000e-01	2.0004e-02	5.3865e-09	3.1225e-12	2.6997e-03	9.7816e-01	1.9141e-02	1.1755e-36	1.8682e-01	8.1309e-01	9.0507e-05	1.1755e-36	1.1755e-36	1.1755e-36	1.1901e-19	0.00e+00	0.00e+00	8.9850e+00
7.10348e+18	6.1938e+03	2.807e-22	1.0000e+01	8.1542e+00	2.6333e-09	1.8684e-01	8.1316e-01	9.8435e-01	1.5653e-02	4.0311e-09	4.7091e-12	2.6281e-03	9.8041e-01	1.6958e-02	1.1755e-36	2.2356e-01	7.7638e-01	6.0009e-05	1.1755e-36	1.1755e-36	1.1755e-36	2.2729e-19	0.00e+00	0.00e+00	9.7356e+00
7.16333e+18	6.1308e+03	2.649e-22	1.0000e+01	7.7803e+00	4.1792e-09	2.2396e-01	7.7604e-01	9.8734e-01	1.2660e-02	3.1615e-09	7.0825e-12	2.5357e-03	9.8249e-01	1.4970e-02	1.1755e-36	2.6586e-01	7.3410e-01	4.0356e-05	1.1755e-36	1.1755e-36	1.1755e-36	4.3767e-19	0.00e+00	0.00e+00	1.0529e+01
7.21470e+18	6.0395e+03	2.465e-22	1.0000e+01	7.3694e+00	6.6880e-09	2.6527e-01	7.3473e-01	9.8940e-01	1.0603e-02	2.6023e-09	1.0499e-11	2.4271e-03	9.8434e-01	1.3230e-02	1.1755e-36	3.1210e-01	6.8787e-01	2.7804e-05	1.1755e-36	1.1755e-36	1.1755e-36	8.3657e-19	0.00e+00	0.00e+00	1.1310e+01
7.25478e+18	5.9327e+03	2.282e-22	1.0000e+01	6.9627e+00	1.0273e-08	3.0538e-01	6.9462e-01	9.9069e-01	9.3131e-03	2.2783e-09	1.4753e-11	2.3143e-03	9.8581e-01	1.1879e-02	1.1755e-36	3.5616e-01	6.4382e-01	2.0314e-05	1.1755e-36	1.1755e-36	1.1755e-36	1.4897e-18	0.00e+00	0.00e+00	1.1956e+01
7.27631e+18	5.8614e+03	2.169e-22	1.0000e+01	6.7096e+00	1.3292e-08	3.3063e-01	6.6937e-01	9.9122e-01	8.7825e-03	2.1606e-09	1.8015e-11	2.2421e-03	9.8655e-01	1.1207e-02	1.1755e-36	3.8347e-01	6.1651e-01	1.7079e-05	1.1755e-36	1.1755e-36	1.1755e-36	2.1109e-18	0.00e+00	0.00e+00	1.2156e+01
7.28322e+18	5.8355e+03	2.131e-22	1.0000e+01	6.6244e+00	1.4480e-08	3.3903e-01	6.6097e-01	9.9139e-01	8.6139e-03	2.1231e-09	1.9221e-11	2.2176e-03	9.8679e-01	1.0988e-02	1.1755e-36	3.9249e-01	6.0749e-01	1.6134e-05	1.1755e-36	1.1755e-36	1.1755e-36	2.3676e-18	0.00e+00	0.00e+00	1.2247e+01
7.28791e+18	5.8148e+03	2.104e-22	1.0000e+01	6.5659e+00	1.5409e-08	3.4498e-01	6.5502e-01	9.9153e-01	8.4730e-03	2.0890e-09	2.0126e-11	2.2009e-03	9.8698e-01	1.0818e-02	1.1755e-36	3.9886e-01	6.0113e-01	1.5480e-05	1.1755e-36	1.1755e-36	1.1755e-36	2.5699e-18	0.00e+00	0.00e+00	1.2359e+01
7.29383e+18	5.7888e+03	2.070e-22	1.0000e+01	6.4903e+00	1.6668e-08	3.5260e-01	6.4740e-01	9.9169e-01	8.3094e-03	2.0500e-09	2.1333e-11	2.1792e-03	9.8722e-01	1.0604e-02	1.1755e-36	4.0698e-01	5.9300e-01	1.4683e-05	1.1755e-36	1.1755e-36	1.1755e-36	2.8530e-18	0.00e+00	0.00e+00	1.2508e+01
7.30153e+18	5.7530e+03	2.023e-22	1.0000e+01	6.3878e+00	1.8505e-08	3.6272e-01	6.3728e-01	9.9190e-01	8.0957e-03	2.0001e-09	2.3031e-11	2.1496e-03	9.8752e-01	1.0330e-02	1.1755e-36	4.1774e-01	5.8224e-01	1.3702e-05	1.1755e-36	1.1755e-36	1.1755e-36	3.2772e-18	0.00e+00	0.00e+00	1.2707e+01
7.31027e+18	5.7101e+03	1.970e-22	1.0000e+01	6.2694e+00	2.0900e-08	3.7454e-01	6.2546e-01	9.9212e-01	7.8768e-03	1.9506e-09	2.5170e-11	2.1152e-03	9.8786e-01	1.0029e-02	1.1755e-36	4.3025e-01	5.6974e-01	1.2669e-05	1.1755e-36	1.1755e-36	1.1755e-36	3.8560e-18	0.00e+00	0.00e+00	1.2914e+01
7.31848e+18	5.6673e+03	1.919e-22	1.0000e+01	6.1544e+00	2.3510e-08	3.8600e-01	6.1400e-01	9.9232e-01	7.6838e-03	1.9084e-09	2.7418e-11	2.0816e-03	9.8816e-01	9.7537e-03	1.1755e-36	4.4231e-01	5.5768e-01	1.1765e-05	1.1755e-36	1.1755e-36	1.1755e-36	4.5184e-18	0.00e+00	0.00e+00	1.3101e+01
7.32576e+18	5.6227e+03	1.874e-22	1.0000e+01	6.0537e+00	2.6350e-08	3.9681e-01	6.0319e-01	9.9249e-01	7.5119e-03	1.8691e-09	2.9758e-11	2.0525e-03	9.8845e-01	9.4977e-03	1.1755e-36	4.5363e-01	5.4636e-01	1.0995e-05	1.1755e-36	1.1755e-36	1.1755e-36	5.2694e-18	0.00e+00	0.00e+00	1.3274e+01
7.33240e+18	5.5897e+03	1.828e-22	1.0000e+01	5.9505e+00	2.8925e-08	4.0628e-01	5.9372e-01	9.9263e-01	7.3738e-03	1.8431e-09	3.1874e-11	2.0216e-03	9.8869e-01	9.2869e-03	1.1755e-36	4.6349e-01	5.3650e-01	1.0347e-05	1.1755e-36	1.1755e-36	1.1755e-36	5.9984e-18	0.00e+00	0.00e+00	1.3438e+01
7.33919e+18	5.5408e+03	1.784e-22	1.0000e+01	5.8464e+00	3.2461e-08	4.1685e-01	5.8315e-01	9.9278e-01	7.2165e-03	1.8085e-09	3.4544e-11	1.9913e-03	9.8896e-01	9.0466e-03	1.1755e-36	4.7447e-01	5.2552e-01	9.6942e-06	1.1755e-36	1.1755e-36	1.1755e-36	7.0017e-18	0.00e+00	0.00e+00	1.3627e+01
7.34608e+18	5.4926e+03	1.738e-22	1.0000e+01	5.7435e+00	3.6478e-08	4.2787e-01	5.7213e-01	9.9293e-01	7.0675e-03	1.7762e-09	3.7579e-11	1.9612e-03	9.8923e-01	8.8077e-03	1.1755e-36	4.8585e-01	5.1414e-01	9.0698e-06	1.1755e-36	1.1755e-36	1.1755e-36	8.2405e-18	0.00e+00	0.00e+00	1.3805e+01
7.35237e+18	5.4551e+03	1.693e-22	1.0000e+01	5.6380e+00	4.0170e-08	4.3747e-01	5.6253e-01	9.9305e-01	6.9482e-03	1.7561e-09	4.0330e-11	1.9293e-03	9.8946e-01	8.6126e-03	1.1755e-36	4.9571e-01	5.0428e-01	8.5474e-06	1.1755e-36	1.1755e-36	1.1755e-36	9.4547e-18	0.00e+00	0.00e+00	1.3971e+01
7.35863e+18	5.4037e+03	1.650e-22	1.0000e+01	5.5354e+00	4.5076e-08	4.4790e-01	5.5210e-01	9.9318e-01	6.8197e-03	1.7297e-09	4.3755e-11	1.8992e-03	9.8970e-01	8.3960e-03	1.1755e-36	5.0639e-01	4.9360e-01	8.0338e-06	1.1755e-36	1.1755e-36	1.1755e-36	1.1109e-17	0.00e+00	0.00e+00	1.4155e+01
7.36488e+18	5.3529e+03	1.606e-22	1.0000e+01	5.4350e+00	5.0578e-08	4.5855e-01	5.4145e-01	9.9330e-01	6.6974e-03	1.7049e-09	4.7597e-11	1.8695e-03	9.8995e-01	8.1834e-03	1.1755e-36	5.1724e-01	4.8275e-01	7.5479e-06	1.1755e-36	1.1755e-36	1.1755e-36	1.3131e-17	0.00e+00	0.00e+00	1.4328e+01
7.37062e+18	5.3121e+03	1.564e-22	1.0000e+01	5.3333e+00	5.5722e-08	4.6789e-01	5.3211e-01	9.9340e-01	6.5974e-03	1.6896e-09	5.1147e-11	1.8387e-03	9.9015e-01	8.0068e-03	1.1755e-36	5.2671e-01	4.7328e-01	7.1365e-06	1.1755e-36	1.1755e-36	1.1755e-36	1.5159e-17	0.00e+00	0.00e+00	1.4491e+01
7.37636e+18	5.2576e+03	1.523e-22	1.0000e+01	5.2334e+00	6.2537e-08	4.7802e-01	5.2198e-01	9.9351e-01	6.4902e-03	1.6690e-09	5.5606e-11	1.8092e-03	9.9038e-01	7.8119e-03	1.1755e-36	5.3695e-01	4.6304e-01	6.7306e-06	1.1755e-36	1.1755e-36	1.1755e-36	1.7954e-17	0.00e+00	0.00e+00	1.4671e+01
7.38207e+18	5.2042e+03	1.482e-22	1.0000e+01	5.1363e+00	7.0123e-08	4.8830e-01	5.1170e-01	9.9361e-01	6.3874e-03	1.6494e-09	6.0606e-11	1.7804e-03	9.9060e-01	7.6210e-03	1.1755e-36	5.4728e-01	4.5271e-01	6.3464e-06	1.1755e-36	1.1755e-36	1.1755e-36	2.1375e-17	0.00e+00	0.00e+00	1.4839e+01
7.38734e+18	5.1595e+03	1.443e-22	1.0000e+01	5.0385e+00	7.7332e-08	4.9732e-01	5.0267e-01	9.9370e-01	6.3046e-03	1.6383e-09	6.5303e-11	1.7507e-03	9.9079e-01	7.4613e-03	1.1755e-36	5.5633e-01	4.4367e-01	6.0196e-06	1.1755e-36	1.1755e-36	1.1755e-36	2.4879e-17	0.00e+00	0.00e+00	1.4998e+01
7.39258e+18	5.1005e+03	1.405e-22	1.0000e+01	4.9465e+00	8.7045e-08	5.0732e-01	4.9267e-01	9.9379e-01	6.2076e-03	1.6186e-09	7.1451e-11	1.7237e-03	9.9100e-01	7.2794e-03	1.1755e-36	5.6630e-01	4.3369e-01	5.6919e-06	1.1755e-36	1.1755e-36	1.1755e-36	2.9916e-17	0.00e+00	0.00e+00	1.5172e+01
7.39772e+18	5.0550e+03	1.367e-22	1.0000e+01	4.8486e+00	9.5946e-08	5.1628e-01	4.8372e-01	9.9387e-01	6.1343e-03	1.6107e-09	7.7186e-11	1.6938e-03	9.9118e-01	7.1284e-03	1.1755e-36	5.7520e-01	4.2480e-01	5.4023e-06	1.1755e-36	1.1755e-36	1.1755e-36	3.5027e-17	0.00e+00	0.00e+00	1.5331e+01
7.40277e+18	5.0007e+03	1.329e-22	1.0000e+01	4.7536e+00	1.0700e-07	5.2570e-01	4.7430e-01	9.9395e-01	6.0539e-03	1.5983e-09	8.4175e-11	1.6653e-03	9.9137e-01	6.9666e-03	1.1755e-36	5.8451e-01	4.1549e-01	5.1207e-06	1.1755e-36	1.1755e-36	1.1755e-36	4.1845e-17	0.00e+00	0.00e+00	1.5504e+01
7.40793e+18	4.9435e+03	1.291e-22	1.0000e+01	4.6560e+00	1.1968e-07	5.3536e-01	4.6464e-01	9.9402e-01	5.9757e-03	1.5869e-09	9.0812e-11	1.6361e-03	9.9156e-01	6.7996e-03	1.1755e-36	5.9403e-01	4.0597e-01	4.8485e-06	1.1755e-36	1.1755e-36	1.1755e-36	4.8937e-17	0.00e+00	0.00e+00	1.5676e+01
7.41286e+18	4.8853e+03	1.255e-22	1.0000e+01	4.5618e+00	1.3371e-07	5.4475e-01	4.5525e-01	9.9410e-01	5.9021e-03	1.5763e-09	9.7823e-11	1.6079e-03	9.9175e-01	6.6400e-03	1.1755e-36	6.0324e-01	3.9676e-01	4.5999e-06	1.1755e-36	1.1755e-36	1.1755e-36	5.7103e-17	0.00e+00	0.00e+00	1.5841e+01
7.41753e+18	4.8274e+03	1.220e-22	1.0000e+01	4.4715e+00	1.4893e-07	5.5376e-01	4.4624e-01	9.9417e-01	5.8333e-03	1.5666e-09	1.0513e-10	1.5810e-03	9.9193e-01	6.4887e-03	1.1755e-36	6.1205e-01	3.8794e-01	4.3739e-06	1.1755e-36	1.1755e-36	1.1755e-36	6.6358e-17	0.00e+00	0.00e+00	1.6000e+01
7.42205e+18	4.7697e+03	1.187e-22	1.0000e+01	4.3833e+00	1.6547e-07	5.6253e-01	4.3747e-01	9.9423e-01	5.7682e-03	1.5577e-09	1.1280e-10	1.5547e-03	9.9210e-01	6.3432e-03	1.1755e-36	6.2060e-01	3.7940e-01	4.1644e-06	1.1755e-36	1.1755e-36	1.1755e-36	7.6886e-17	0.00e+00	0.00e+00	1.6159e+01
7.42652e+18	4.7068e+03	1.155e-22	1.0000e+01	4.2971e+00	1.8489e-07	5.7155e-01	4.2845e-01	9.9430e-01	5.6991e-03	1.5462e-09	1.2140e-10	1.5295e-03	9.9228e-01	6.1939e-03	1.1755e-36	6.2935e-01	3.7065e-01	3.9625e-06	1.1755e-36	1.1755e-36	1.1755e-36	8.9725e-17	0.00e+00	0.00e+00	1.6320e+01
7.43088e+18	4.6470e+03	1.123e-22	1.0000e+01	4.2108e+00	2.0518e-07	5.8016e-01	4.1984e-01	9.9436e-01	5.6389e-03	1.5385e-09	1.3012e-10	1.5039e-03	9.9244e-01	6.0552e-03	1.1755e-36	6.3767e-01	3.6232e-01	3.7768e-06	1.1755e-36	1.1755e-36	1.1755e-36	1.0382e-16	0.00e+00	0.00e+00	1.6476e+01
7.43515e+18	4.5862e+03	1.092e-22	1.0000e+01	4.1257e+00	2.2750e-07	5.8870e-01	4.1130e-01	9.9442e-01	5.5798e-03	1.5308e-09	1.3938e-10	1.4787e-03	9.9260e-01	5.9183e-03	1.1755e-36	6.4591e-01	3.5409e-01	3.6009e-06	1.1755e-36	1.1755e-36	1.1755e-36	1.2000e-16	0.00e+00	0.00e+00	1.6636e+01
7.43949e+18	4.5225e+03	1.061e-22	1.0000e+01	4.0388e+00	2.5267e-07	5.9743e-01	4.0257e-01	9.9448e-01	5.5209e-03	1.5234e-09	1.4943e-10	1.4530e-03	9.9277e-01	5.7800e-03	1.1755e-36	6.5429e-01	3.4571e-01	3.4294e-06	1.1755e-36	1.1755e-36	1.1755e-36	1.3900e-16	0.00e+00	0.00e+00	1.6801e+01
7.44389e+18	4.4525e+03	1.030e-22	1.0000e+01	3.9493e+00	2.8189e-07	6.0638e-01	3.9362e-01	9.9454e-01	5.4609e-03	1.5154e-09	1.6041e-10	1.4270e-03	9.9293e-01	5.6399e-03	1.1755e-36	6.6286e-01	3.3714e-01	3.2633e-06	1.1755e-36	1.1755e-36	1.1755e-36	1.6156e-16	0.00e+00	0.00e+00	1.6969e+01
7.44821e+18	4.3847e+03	9.989e-23	1.0000e+01	3.8619e+00	3.1251e-07	6.1514e-01	3.8486e-01	9.9459e-01	5.4050e-03	1.5090e-09	1.7161e-10	1.4014e-03	9.9309e-01	5.5052e-03	1.1755e-36	6.7121e-01	3.2879e-01	3.1073e-06	1.1755e-36	1.1755e-36	1.1755e-36	1.8635e-16	0.00e+00	0.00e+00	1.7134e+01
7.45250e+18	4.3147e+03	9.687e-23	1.0000e+01	3.7746e+00	3.4593e-07	6.2392e-01	3.7608e-01	9.9465e-01	5.3492e-03	1.5022e-09	1.8329e-10	1.3761e-03	9.9325e-01	5.3709e-03	1.1755e-36	6.7955e-01	3.2045e-01	2.9579e-06	1.1755e-36	1.1755e-36	1.1755e-36	2.1420e-16	0.00e+00	0.00e+00	1.7305e+01
7.45691e+18	4.2412e+03	9.376e-23	1.0000e+01	3.6827e+00	3.8243e-07	6.3284e-01	3.6716e-01	9.9470e-01	5.2955e-03	1.4973e-09	1.9534e-10	1.3493e-03	9.9341e-01	5.2366e-03	1.1755e-36	6.8799e-01	3.1200e-01	2.8123e-06	1.1755e-36	1.1755e-36	1.1755e-36	2.4513e-16	0.00e+00	0.00e+00	1.7484e+01
7.46150e+18	4.1657e+03	9.056e-23	1.0000e+01	3.5879e+00	4.2168e-07	6.4208e-01	3.5792e-01	9.9476e-01	5.2417e-03	1.4931e-09	2.0789e-10	1.3217e-03	9.9358e-01	5.0991e-03	1.1755e-36	6.9671e-01	3.0329e-01	2.6672e-06	1.1755e-36	1.1755e-36	1.1755e-36	2.7948e-16	0.00e+00	0.00e+00	1.7675e+01
7.46637e+18	4.0760e+03	8.725e-23	1.0000e+01	3.4889e+00	4.6891e-07	6.5234e-01	3.4766e-01	9.9482e-01	5.1769e-03	1.4840e-09	2.2186e-10	1.2938e-03	9.9376e-01	4.9463e-03	1.1755e-36	7.0635e-01	2.9365e-01	2.5168e-06	1.1755e-36	1.1755e-36	1.1755e-36	3.2049e-16	0.00e+00	0.00e+00	1.7883e+01
7.47140e+18	3.9814e+03	8.387e-23	1.0000e+01	3.3834e+00	5.1790e-07	6.6265e-01	3.3735e-01	9.9488e-01	5.1179e-03	1.4786e-09	2.3490e-10	1.2641e-03	9.9394e-01	4.7972e-03	1.1755e-36	7.1600e-01	2.8400e-01	2.3729e-06	1.1755e-36	1.1755e-36	1.1755e-36	3.6137e-16	0.00e+00	0.00e+00	1.8092e+01
