#depth	Te	Htot	hden	eden	2H_2/H	HI	HII	HeI	HeII	HeIII	CO/C	C1	C2	C3	C4	O1	O2	O3	O4	O5	O6	H2O/O	AV(point)	AV(extend)	Tau912
5.34710e+14	6.8956e+03	3.529e-22	1.0000e+01	1.0706e+01	1.3140e-11	1.3379e-02	9.8662e-01	4.4227e-02	9.5343e-01	2.3408e-03	6.6244e-15	1.8938e-03	4.6211e-01	5.3576e-01	2.3271e-04	1.3306e-02	8.2864e-01	1.5800e-01	4.8963e-05	1.1755e-36	1.1755e-36	5.8754e-23	0.00e+00	0.00e+00	9.0349e-04
3.20826e+15	6.8872e+03	3.524e-22	1.0000e+01	1.0698e+01	1.3198e-11	1.3366e-02	9.8663e-01	4.4239e-02	9.5342e-01	2.3386e-03	6.6059e-15	1.8881e-03	4.6218e-01	5.3569e-01	2.3322e-04	1.3292e-02	8.2853e-01	1.5813e-01	4.8873e-05	1.1755e-36	1.1755e-36	5.8437e-23	0.00e+00	0.00e+00	4.5139e-03
1.39025e+16	6.8748e+03	3.510e-22	1.0000e+01	1.0695e+01	1.3312e-11	1.3359e-02	9.8664e-01	4.4349e-02	9.5333e-01	2.3211e-03	6.6078e-15	1.8854e-03	4.6286e-01	5.3502e-01	2.3229e-04	1.3292e-02	8.2876e-01	1.5790e-01	4.8132e-05	1.1755e-36	1.1755e-36	5.8246e-23	0.00e+00	0.00e+00	1.8948e-02
5.66793e+16	6.8298e+03	3.477e-22	1.0000e+01	1.0694e+01	1.3956e-11	1.3435e-02	9.8657e-01	4.4918e-02	9.5285e-01	2.2329e-03	6.7447e-15	1.9002e-03	4.6619e-01	5.3169e-01	2.2684e-04	1.3409e-02	8.3040e-01	1.5615e-01	4.4775e-05	1.1755e-36	1.1755e-36	5.9062e-23	0.00e+00	0.00e+00	7.7012e-02
1.35389e+17	6.6732e+03	3.367e-22	1.0000e+01	1.0695e+01	1.5203e-11	1.3217e-02	9.8678e-01	4.5647e-02	9.5221e-01	2.1483e-03	6.5598e-15	1.8943e-03	4.7065e-01	5.2724e-01	2.2210e-04	1.3214e-02	8.3032e-01	1.5643e-01	4.1763e-05	1.1755e-36	1.1755e-36	5.4949e-23	0.00e+00	0.00e+00	1.5127e-01
2.36751e+17	6.5290e+03	3.275e-22	1.0000e+01	1.0695e+01	1.6922e-11	1.3176e-02	9.8682e-01	4.6688e-02	9.5132e-01	1.9963e-03	6.5897e-15	1.9138e-03	4.7679e-01	5.2109e-01	2.1322e-04	1.3233e-02	8.3228e-01	1.5445e-01	3.7023e-05	1.1755e-36	1.1755e-36	5.3374e-23	0.00e+00	0.00e+00	2.4591e-01
3.67564e+17	6.3929e+03	3.197e-22	1.0000e+01	1.0692e+01	1.9390e-11	1.3329e-02	9.8667e-01	4.8176e-02	9.5004e-01	1.7799e-03	6.8632e-15	1.9601e-03	4.8522e-01	5.1262e-01	2.0007e-04	1.3491e-02	8.3635e-01	1.5012e-01	3.0848e-05	1.1755e-36	1.1755e-36	5.4318e-23	0.00e+00	0.00e+00	3.7037e-01
5.37620e+17	6.2636e+03	3.131e-22	1.0000e+01	1.0686e+01	2.3078e-11	1.3738e-02	9.8626e-01	5.0329e-02	9.4817e-01	1.5057e-03	7.4855e-15	2.0426e-03	4.9687e-01	5.0091e-01	1.8238e-04	1.4066e-02	8.4299e-01	1.4292e-01	2.3697e-05	1.1755e-36	1.1755e-36	5.8642e-23	0.00e+00	0.00e+00	5.3714e-01
7.58693e+17	6.1489e+03	3.083e-22	1.0000e+01	1.0675e+01	2.8825e-11	1.4544e-02	9.8546e-01	5.3522e-02	9.4529e-01	1.1905e-03	8.7215e-15	2.1802e-03	5.1311e-01	4.8455e-01	1.6000e-04	1.5132e-02	8.5281e-01	1.3204e-01	1.6291e-05	1.1755e-36	1.1755e-36	6.9015e-23	0.00e+00	0.00e+00	7.6666e-01
1.04609e+18	6.0622e+03	3.061e-22	1.0000e+01	1.0656e+01	3.8409e-11	1.6029e-02	9.8397e-01	5.8443e-02	9.4069e-01	8.6344e-04	1.1214e-14	2.4075e-03	5.3610e-01	4.6136e-01	1.3302e-04	1.7045e-02	8.6646e-01	1.1649e-01	9.5832e-06	1.1755e-36	1.1755e-36	9.2652e-23	0.00e+00	0.00e+00	1.0955e+00
1.35601e+18	6.0206e+03	3.070e-22	1.0000e+01	1.0633e+01	5.2069e-11	1.8151e-02	9.8185e-01	6.4561e-02	9.3483e-01	6.0827e-04	1.5288e-14	2.6996e-03	5.6197e-01	4.3523e-01	1.0777e-04	1.9744e-02	8.8061e-01	9.9643e-02	5.2445e-06	1.1755e-36	1.1755e-36	1.3611e-22	0.00e+00	0.00e+00	1.4336e+00
1.62183e+18	6.0551e+03	3.107e-22	1.0000e+01	1.0596e+01	6.6988e-11	2.0710e-02	9.7929e-01	7.1046e-02	9.2850e-01	4.4941e-04	2.1081e-14	3.0128e-03	5.8620e-01	4.1069e-01	8.8042e-05	2.2965e-02	8.9245e-01	8.4580e-02	2.9733e-06	1.1755e-36	1.1755e-36	2.0683e-22	0.00e+00	0.00e+00	1.7431e+00
1.84056e+18	6.0993e+03	3.168e-22	1.0000e+01	1.0563e+01	8.5798e-11	2.3680e-02	9.7632e-01	7.7930e-02	9.2172e-01	3.4945e-04	2.9156e-14	3.3372e-03	6.0935e-01	3.8724e-01	7.2258e-05	2.6682e-02	9.0162e-01	7.1700e-02	1.7659e-06	1.1755e-36	1.1755e-36	3.1778e-22	0.00e+00	0.00e+00	2.0434e+00
2.03468e+18	6.1663e+03	3.234e-22	1.0000e+01	1.0522e+01	1.0846e-10	2.7154e-02	9.7285e-01	8.5546e-02	9.1417e-01	2.7922e-04	4.0539e-14	3.6766e-03	6.3208e-01	3.6418e-01	5.9064e-05	3.1022e-02	9.0867e-01	6.0311e-02	1.0631e-06	1.1755e-36	1.1755e-36	4.9458e-22	0.00e+00	0.00e+00	2.3647e+00
2.22121e+18	6.2506e+03	3.306e-22	1.0000e+01	1.0467e+01	1.3877e-10	3.1514e-02	9.6849e-01	9.4597e-02	9.0518e-01	2.2488e-04	5.7900e-14	4.0486e-03	6.5597e-01	3.3994e-01	4.7279e-05	3.6458e-02	9.1384e-01	4.9702e-02	6.2407e-07	1.1755e-36	1.1755e-36	8.0164e-22	0.00e+00	0.00e+00	2.7341e+00
2.40501e+18	6.3327e+03	3.396e-22	1.0000e+01	1.0410e+01	1.8621e-10	3.7360e-02	9.6264e-01	1.0583e-01	8.9399e-01	1.8146e-04	8.6860e-14	4.4753e-03	6.8225e-01	3.1324e-01	3.6469e-05	4.3720e-02	9.1658e-01	3.9699e-02	3.4895e-07	1.1755e-36	1.1755e-36	1.3936e-21	0.00e+00	0.00e+00	3.1634e+00
2.57647e+18	6.4347e+03	3.480e-22	1.0000e+01	1.0315e+01	2.5121e-10	4.4708e-02	9.5529e-01	1.1909e-01	8.8077e-01	1.4852e-04	1.3258e-13	4.9071e-03	7.0844e-01	2.8662e-01	2.7564e-05	5.2817e-02	9.1611e-01	3.1076e-02	1.9212e-07	1.1755e-36	1.1755e-36	2.4934e-21	0.00e+00	0.00e+00	3.6178e+00
2.72748e+18	6.5306e+03	3.558e-22	1.0000e+01	1.0213e+01	3.4328e-10	5.3655e-02	9.4635e-01	1.3403e-01	8.6585e-01	1.2422e-04	2.0358e-13	5.3275e-03	7.3384e-01	2.6081e-01	2.0562e-05	6.3838e-02	9.1208e-01	2.4083e-02	1.1755e-36	1.1755e-36	1.1755e-36	4.5147e-21	0.00e+00	0.00e+00	4.0957e+00
2.85810e+18	6.6143e+03	3.627e-22	1.0000e+01	1.0109e+01	4.7331e-10	6.4316e-02	9.3568e-01	1.5039e-01	8.4950e-01	1.0621e-04	3.1195e-13	5.7218e-03	7.5783e-01	2.3643e-01	1.5237e-05	7.6898e-02	9.0451e-01	1.8590e-02	1.1755e-36	1.1755e-36	1.1755e-36	8.1830e-21	0.00e+00	0.00e+00	4.5838e+00
2.96888e+18	6.6886e+03	3.667e-22	1.0000e+01	9.9660e+00	6.4495e-10	7.6307e-02	9.2369e-01	1.6768e-01	8.3223e-01	9.2708e-05	4.6567e-13	6.0466e-03	7.7918e-01	2.1477e-01	1.1395e-05	9.1502e-02	8.9404e-01	1.4457e-02	1.1755e-36	1.1755e-36	1.1755e-36	1.4327e-20	0.00e+00	0.00e+00	5.0723e+00
3.06444e+18	6.7462e+03	3.687e-22	1.0000e+01	9.8140e+00	8.7950e-10	8.9943e-02	9.1006e-01	1.8611e-01	8.1381e-01	8.2049e-05	6.8615e-13	6.3239e-03	7.9875e-01	1.9492e-01	8.5460e-06	1.0800e-01	8.8072e-01	1.1284e-02	1.1755e-36	1.1755e-36	1.1755e-36	2.4688e-20	0.00e+00	0.00e+00	5.5819e+00
3.14951e+18	6.8034e+03	3.676e-22	1.0000e+01	9.6312e+00	1.1893e-09	1.0545e-01	8.9455e-01	2.0585e-01	7.9408e-01	7.3304e-05	9.9945e-13	6.5402e-03	8.1663e-01	1.7683e-01	6.4214e-06	1.2661e-01	8.6458e-01	8.8073e-03	1.1755e-36	1.1755e-36	1.1755e-36	4.1964e-20	0.00e+00	0.00e+00	6.1174e+00
3.22606e+18	6.8275e+03	3.650e-22	1.0000e+01	9.4322e+00	1.6528e-09	1.2363e-01	8.7637e-01	2.2730e-01	7.7263e-01	6.5944e-05	1.4628e-12	6.7169e-03	8.3358e-01	1.5970e-01	4.7924e-06	1.4827e-01	8.4488e-01	6.8451e-03	1.1755e-36	1.1755e-36	1.1755e-36	7.1999e-20	0.00e+00	0.00e+00	6.6848e+00
3.29437e+18	6.8440e+03	3.594e-22	1.0000e+01	9.2062e+00	2.2928e-09	1.4426e-01	8.5574e-01	2.4985e-01	7.5009e-01	5.9826e-05	2.1244e-12	6.8339e-03	8.4897e-01	1.4419e-01	3.5863e-06	1.7260e-01	8.2208e-01	5.3203e-03	1.1755e-36	1.1755e-36	1.1755e-36	1.2269e-19	0.00e+00	0.00e+00	7.2670e+00
3.35460e+18	6.8472e+03	3.513e-22	1.0000e+01	8.9580e+00	3.1724e-09	1.6710e-01	8.3290e-01	2.7295e-01	7.2700e-01	5.4760e-05	3.0470e-12	6.8928e-03	8.6275e-01	1.3036e-01	2.7043e-06	1.9925e-01	7.9659e-01	4.1525e-03	1.1755e-36	1.1755e-36	1.1755e-36	2.0631e-19	0.00e+00	0.00e+00	7.8638e+00
3.40852e+18	6.8374e+03	3.408e-22	1.0000e+01	8.6859e+00	4.3866e-09	1.9233e-01	8.0767e-01	2.9654e-01	7.0341e-01	5.0493e-05	4.3293e-12	6.8966e-03	8.7514e-01	1.1796e-01	2.0520e-06	2.2835e-01	7.6840e-01	3.2487e-03	1.1755e-36	1.1755e-36	1.1755e-36	3.4408e-19	0.00e+00	0.00e+00	8.4865e+00
3.45786e+18	6.8136e+03	3.278e-22	1.0000e+01	8.3852e+00	6.1038e-09	2.2041e-01	7.7959e-01	3.2093e-01	6.7903e-01	4.6769e-05	6.1385e-12	6.8465e-03	8.8646e-01	1.0670e-01	1.5611e-06	2.6033e-01	7.3713e-01	2.5370e-03	1.1755e-36	1.1755e-36	1.1755e-36	5.7613e-19	0.00e+00	0.00e+00	9.1460e+00
3.50351e+18	6.7753e+03	3.122e-22	1.0000e+01	8.0504e+00	8.5563e-09	2.5159e-01	7.4841e-01	3.4580e-01	6.5415e-01	4.3570e-05	8.6944e-12	6.7405e-03	8.9679e-01	9.6472e-02	1.1901e-06	2.9534e-01	7.0268e-01	1.9754e-03	1.1755e-36	1.1755e-36	1.1755e-36	9.7137e-19	0.00e+00	0.00e+00	9.8438e+00
3.54587e+18	6.7216e+03	2.946e-22	1.0000e+01	7.6873e+00	1.2093e-08	2.8594e-01	7.1406e-01	3.7113e-01	6.2883e-01	4.0766e-05	1.2323e-11	6.5842e-03	9.0621e-01	8.7203e-02	9.0991e-07	3.3333e-01	6.6514e-01	1.5327e-03	1.1755e-36	1.1755e-36	1.1755e-36	1.6569e-18	0.00e+00	0.00e+00	1.0580e+01
3.57325e+18	6.6779e+03	2.818e-22	1.0000e+01	7.4216e+00	1.5531e-08	3.1271e-01	6.8729e-01	3.8699e-01	6.1297e-01	3.9421e-05	1.5814e-11	6.4462e-03	9.1182e-01	8.1729e-02	7.6114e-07	3.6249e-01	6.3622e-01	1.2829e-03	1.1755e-36	1.1755e-36	1.1755e-36	2.4597e-18	0.00e+00	0.00e+00	1.0856e+01
3.58337e+18	6.6703e+03	2.762e-22	1.0000e+01	7.3059e+00	1.6854e-08	3.2242e-01	6.7758e-01	3.9277e-01	6.0719e-01	3.8991e-05	1.7215e-11	6.3736e-03	9.1371e-01	7.9919e-02	7.1475e-07	3.7298e-01	6.2581e-01	1.2019e-03	1.1755e-36	1.1755e-36	1.1755e-36	2.8141e-18	0.00e+00	0.00e+00	1.0984e+01
3.59054e+18	6.6517e+03	2.723e-22	1.0000e+01	7.2243e+00	1.8074e-08	3.2969e-01	6.7031e-01	3.9774e-01	6.0222e-01	3.8523e-05	1.8379e-11	6.3272e-03	9.1530e-01	7.8376e-02	6.8001e-07	3.8081e-01	6.1804e-01	1.1449e-03	1.1755e-36	1.1755e-36	1.1755e-36	3.1220e-18	0.00e+00	0.00e+00	1.1151e+01
3.59977e+18	6.6257e+03	2.674e-22	1.0000e+01	7.1303e+00	1.9864e-08	3.3968e-01	6.6032e-01	4.0438e-01	5.9559e-01	3.7927e-05	2.0120e-11	6.2769e-03	9.1742e-01	7.6303e-02	6.3581e-07	3.9153e-01	6.0740e-01	1.0727e-03	1.1755e-36	1.1755e-36	1.1755e-36	3.6089e-18	0.00e+00	0.00e+00	1.1375e+01
3.61077e+18	6.6015e+03	2.610e-22	1.0000e+01	7.0066e+00	2.2069e-08	3.5154e-01	6.4846e-01	4.1190e-01	5.8807e-01	3.7306e-05	2.2309e-11	6.2018e-03	9.1976e-01	7.4037e-02	5.8859e-07	4.0417e-01	5.9483e-01	9.9297e-04	1.1755e-36	1.1755e-36	1.1755e-36	4.2614e-18	0.00e+00	0.00e+00	1.1632e+01
3.62236e+18	6.5682e+03	2.542e-22	1.0000e+01	6.8709e+00	2.4860e-08	3.6463e-01	6.3537e-01	4.1993e-01	5.8003e-01	3.6667e-05	2.4975e-11	6.1180e-03	9.2219e-01	7.1688e-02	5.4213e-07	4.1807e-01	5.8102e-01	9.1394e-04	1.1755e-36	1.1755e-36	1.1755e-36	5.1238e-18	0.00e+00	0.00e+00	1.1899e+01
3.63332e+18	6.5385e+03	2.475e-22	1.0000e+01	6.7341e+00	2.7777e-08	3.7725e-01	6.2275e-01	4.2728e-01	5.7268e-01	3.6149e-05	2.7762e-11	6.0285e-03	9.2438e-01	6.9590e-02	5.0216e-07	4.3137e-01	5.6778e-01	8.4446e-04	1.1755e-36	1.1755e-36	1.1755e-36	6.1006e-18	0.00e+00	0.00e+00	1.2145e+01
3.64340e+18	6.5093e+03	2.411e-22	1.0000e+01	6.6055e+00	3.0835e-08	3.8924e-01	6.1076e-01	4.3422e-01	5.6575e-01	3.5676e-05	3.0671e-11	5.9426e-03	9.2639e-01	6.7665e-02	4.6748e-07	4.4394e-01	5.5527e-01	7.8389e-04	1.1755e-36	1.1755e-36	1.1755e-36	7.2000e-18	0.00e+00	0.00e+00	1.2386e+01
3.65327e+18	6.4785e+03	2.347e-22	1.0000e+01	6.4779e+00	3.4253e-08	4.0137e-01	5.9863e-01	4.4118e-01	5.5878e-01	3.5210e-05	3.3910e-11	5.8560e-03	9.2836e-01	6.5779e-02	4.3528e-07	4.5659e-01	5.4268e-01	7.2754e-04	1.1755e-36	1.1755e-36	1.1755e-36	8.5194e-18	0.00e+00	0.00e+00	1.2638e+01
3.66319e+18	6.4468e+03	2.280e-22	1.0000e+01	6.3414e+00	3.8080e-08	4.1368e-01	5.8632e-01	4.4814e-01	5.5183e-01	3.4770e-05	3.7490e-11	5.7599e-03	9.3028e-01	6.3964e-02	4.0548e-07	4.6936e-01	5.2997e-01	6.7469e-04	1.1755e-36	1.1755e-36	1.1755e-36	1.0096e-17	0.00e+00	0.00e+00	1.2897e+01
3.67310e+18	6.4081e+03	2.215e-22	1.0000e+01	6.2074e+00	4.2675e-08	4.2662e-01	5.7338e-01	4.5526e-01	5.4470e-01	3.4331e-05	4.1709e-11	5.6660e-03	9.3222e-01	6.2111e-02	3.7689e-07	4.8271e-01	5.1666e-01	6.2426e-04	1.1755e-36	1.1755e-36	1.1755e-36	1.2122e-17	0.00e+00	0.00e+00	1.3163e+01
3.68263e+18	6.3695e+03	2.151e-22	1.0000e+01	6.0793e+00	4.7736e-08	4.3953e-01	5.6047e-01	4.6223e-01	5.3774e-01	3.3908e-05	4.6389e-11	5.5750e-03	9.3408e-01	6.0347e-02	3.5102e-07	4.9594e-01	5.0348e-01	5.7831e-04	1.1755e-36	1.1755e-36	1.1755e-36	1.4570e-17	0.00e+00	0.00e+00	1.3418e+01
3.69155e+18	6.3396e+03	2.088e-22	1.0000e+01	5.9473e+00	5.2597e-08	4.5121e-01	5.4879e-01	4.6833e-01	5.3163e-01	3.3607e-05	5.0928e-11	5.4762e-03	9.3568e-01	5.8844e-02	3.2936e-07	5.0785e-01	4.9161e-01	5.3888e-04	1.1755e-36	1.1755e-36	1.1755e-36	1.7138e-17	0.00e+00	0.00e+00	1.3665e+01
3.70056e+18	6.2954e+03	2.025e-22	1.0000e+01	5.8175e+00	5.8895e-08	4.6382e-01	5.3618e-01	4.7506e-01	5.2491e-01	3.3231e-05	5.6558e-11	5.3812e-03	9.3741e-01	5.7209e-02	3.0763e-07	5.2063e-01	4.7887e-01	5.0031e-04	1.1755e-36	1.1755e-36	1.1755e-36	2.0623e-17	0.00e+00	0.00e+00	1.3939e+01
3.70963e+18	6.2519e+03	1.963e-22	1.0000e+01	5.6892e+00	6.6008e-08	4.7684e-01	5.2316e-01	4.8179e-01	5.1818e-01	3.2867e-05	6.3036e-11	5.2858e-03	9.3910e-01	5.5610e-02	2.8722e-07	5.3376e-01	4.6578e-01	4.6369e-04	1.1755e-36	1.1755e-36	1.1755e-36	2.5008e-17	0.00e+00	0.00e+00	1.4203e+01
3.71807e+18	6.2186e+03	1.901e-22	1.0000e+01	5.5584e+00	7.2725e-08	4.8846e-01	5.1154e-01	4.8759e-01	5.1237e-01	3.2624e-05	6.9250e-11	5.1839e-03	9.4055e-01	5.4269e-02	2.7031e-07	5.4541e-01	4.5416e-01	4.3252e-04	1.1755e-36	1.1755e-36	1.1755e-36	2.9578e-17	0.00e+00	0.00e+00	1.4454e+01
3.72654e+18	6.1708e+03	1.842e-22	1.0000e+01	5.4307e+00	8.1411e-08	5.0084e-01	4.9916e-01	4.9392e-01	5.0605e-01	3.2321e-05	7.6960e-11	5.0867e-03	9.4210e-01	5.2815e-02	2.5340e-07	5.5774e-01	4.4185e-01	4.0228e-04	1.1755e-36	1.1755e-36	1.1755e-36	3.5813e-17	0.00e+00	0.00e+00	1.4732e+01
3.73507e+18	6.1238e+03	1.782e-22	1.0000e+01	5.3049e+00	9.1193e-08	5.1356e-01	4.8644e-01	5.0026e-01	4.9971e-01	3.2021e-05	8.5848e-11	4.9894e-03	9.4362e-01	5.1392e-02	2.3747e-07	5.7036e-01	4.2926e-01	3.7353e-04	1.1755e-36	1.1755e-36	1.1755e-36	4.3696e-17	0.00e+00	0.00e+00	1.5000e+01
3.74304e+18	6.0810e+03	1.725e-22	1.0000e+01	5.1808e+00	1.0116e-07	5.2524e-01	4.7476e-01	5.0589e-01	4.9408e-01	3.1807e-05	9.4898e-11	4.8912e-03	9.4497e-01	5.0143e-02	2.2386e-07	5.8187e-01	4.1778e-01	3.4866e-04	1.1755e-36	1.1755e-36	1.1755e-36	5.2519e-17	0.00e+00	0.00e+00	1.5255e+01
3.75078e+18	6.0421e+03	1.669e-22	1.0000e+01	5.0580e+00	1.1151e-07	5.3642e-01	4.6358e-01	5.1139e-01	4.8858e-01	3.1605e-05	1.0450e-10	4.7925e-03	9.4624e-01	4.8964e-02	2.1147e-07	5.9285e-01	4.0682e-01	3.2597e-04	1.1755e-36	1.1755e-36	1.1755e-36	6.2678e-17	0.00e+00	0.00e+00	1.5519e+01
3.75889e+18	5.9925e+03	1.612e-22	1.0000e+01	4.9312e+00	1.2468e-07	5.4852e-01	4.5148e-01	5.1733e-01	4.8264e-01	3.1380e-05	1.1651e-10	4.6910e-03	9.4761e-01	4.7695e-02	1.9890e-07	6.0465e-01	3.9505e-01	3.0334e-04	1.1755e-36	1.1755e-36	1.1755e-36	7.6696e-17	0.00e+00	0.00e+00	1.5810e+01
3.76708e+18	5.9428e+03	1.555e-22	1.0000e+01	4.8034e+00	1.3950e-07	5.6078e-01	4.3922e-01	5.2316e-01	4.7681e-01	3.1179e-05	1.3028e-10	4.5874e-03	9.4894e-01	4.6469e-02	1.8713e-07	6.1654e-01	3.8318e-01	2.8196e-04	1.1755e-36	1.1755e-36	1.1755e-36	9.4434e-17	0.00e+00	0.00e+00	1.6092e+01
3.77481e+18	5.8878e+03	1.502e-22	1.0000e+01	4.6827e+00	1.5647e-07	5.7260e-01	4.2740e-01	5.2884e-01	4.7113e-01	3.0966e-05	1.4587e-10	4.4899e-03	9.5020e-01	4.5307e-02	1.7653e-07	6.2796e-01	3.7178e-01	2.6289e-04	1.1755e-36	1.1755e-36	1.1755e-36	1.1678e-16	0.00e+00	0.00e+00	1.6363e+01
3.78201e+18	5.8451e+03	1.452e-22	1.0000e+01	4.5697e+00	1.7244e-07	5.8326e-01	4.1674e-01	5.3380e-01	4.6617e-01	3.0832e-05	1.6125e-10	4.3962e-03	9.5131e-01	4.4294e-02	1.6746e-07	6.3820e-01	3.6156e-01	2.4635e-04	1.1755e-36	1.1755e-36	1.1755e-36	1.4089e-16	0.00e+00	0.00e+00	1.6618e+01
3.78919e+18	5.7886e+03	1.403e-22	1.0000e+01	4.4566e+00	1.9283e-07	5.9423e-01	4.0577e-01	5.3921e-01	4.6076e-01	3.0632e-05	1.8033e-10	4.3037e-03	9.5247e-01	4.3228e-02	1.5853e-07	6.4869e-01	3.5108e-01	2.3056e-04	1.1755e-36	1.1755e-36	1.1755e-36	1.7403e-16	0.00e+00	0.00e+00	1.6897e+01
3.79645e+18	5.7345e+03	1.356e-22	1.0000e+01	4.3457e+00	2.1532e-07	6.0532e-01	3.9468e-01	5.4455e-01	4.5542e-01	3.0446e-05	2.0215e-10	4.2124e-03	9.5360e-01	4.2189e-02	1.5009e-07	6.5925e-01	3.4053e-01	2.1551e-04	1.1755e-36	1.1755e-36	1.1755e-36	2.1590e-16	0.00e+00	0.00e+00	1.7167e+01
3.80336e+18	5.6915e+03	1.309e-22	1.0000e+01	4.2365e+00	2.3656e-07	6.1529e-01	3.8471e-01	5.4918e-01	4.5079e-01	3.0357e-05	2.2359e-10	4.1193e-03	9.5459e-01	4.1287e-02	1.4281e-07	6.6870e-01	3.3110e-01	2.0233e-04	1.1755e-36	1.1755e-36	1.1755e-36	2.6101e-16	0.00e+00	0.00e+00	1.7430e+01
3.81050e+18	5.6353e+03	1.263e-22	1.0000e+01	4.1247e+00	2.6412e-07	6.2590e-01	3.7410e-01	5.5437e-01	4.4560e-01	3.0207e-05	2.5109e-10	4.0256e-03	9.5567e-01	4.0303e-02	1.3537e-07	6.7869e-01	3.2112e-01	1.8930e-04	1.1755e-36	1.1755e-36	1.1755e-36	3.2511e-16	0.00e+00	0.00e+00	1.7727e+01
3.81786e+18	5.5796e+03	1.216e-22	1.0000e+01	4.0113e+00	2.9512e-07	6.3673e-01	3.6327e-01	5.5949e-01	4.4048e-01	3.0084e-05	2.8310e-10	3.9293e-03	9.5673e-01	3.9342e-02	1.2827e-07	6.8885e-01	3.1098e-01	1.7672e-04	1.1755e-36	1.1755e-36	1.1755e-36	4.0794e-16	0.00e+00	0.00e+00	1.8017e+01
3.82490e+18	5.5235e+03	1.172e-22	1.0000e+01	3.9038e+00	3.2907e-07	6.4703e-01	3.5297e-01	5.6441e-01	4.3556e-01	2.9963e-05	3.1883e-10	3.8379e-03	9.5772e-01	3.8438e-02	1.1755e-36	6.9847e-01	3.0137e-01	1.6542e-04	1.1755e-36	1.1755e-36	1.1755e-36	5.1085e-16	0.00e+00	0.00e+00	1.8297e+01
3.83166e+18	5.4657e+03	1.131e-22	1.0000e+01	3.8015e+00	3.6676e-07	6.5690e-01	3.4310e-01	5.6921e-01	4.3076e-01	2.9835e-05	3.5924e-10	3.7508e-03	9.5867e-01	3.7576e-02	1.1755e-36	7.0765e-01	2.9219e-01	1.5518e-04	1.1755e-36	1.1755e-36	1.1755e-36	6.4033e-16	0.00e+00	0.00e+00	1.8573e+01
3.83822e+18	5.4021e+03	1.093e-22	1.0000e+01	3.7029e+00	4.1079e-07	6.6658e-01	3.3342e-01	5.7403e-01	4.2594e-01	2.9681e-05	4.0696e-10	3.6674e-03	9.5960e-01	3.6736e-02	1.1755e-36	7.1662e-01	2.8323e-01	1.4576e-04	1.1755e-36	1.1755e-36	1.1755e-36	8.1113e-16	0.00e+00	0.00e+00	1.8846e+01
3.84448e+18	5.3460e+03	1.057e-22	1.0000e+01	3.6115e+00	4.5525e-07	6.7562e-01	3.2438e-01	5.7851e-01	4.2146e-01	2.9554e-05	4.5737e-10	3.5894e-03	9.6045e-01	3.5961e-02	1.1755e-36	7.2496e-01	2.7490e-01	1.3729e-04	1.1755e-36	1.1755e-36	1.1755e-36	1.0111e-15	0.00e+00	0.00e+00	1.9103e+01
3.85059e+18	5.2916e+03	1.022e-22	1.0000e+01	3.5216e+00	5.0247e-07	6.8419e-01	3.1581e-01	5.8282e-01	4.1715e-01	2.9448e-05	5.1243e-10	3.5117e-03	9.6126e-01	3.5224e-02	1.1755e-36	7.3283e-01	2.6704e-01	1.2952e-04	1.1755e-36	1.1755e-36	1.1755e-36	1.2523e-15	0.00e+00	0.00e+00	1.9370e+01
3.85697e+18	5.2336e+03	9.858e-23	1.0000e+01	3.4288e+00	5.5738e-07	6.9304e-01	3.0696e-01	5.8737e-01	4.1261e-01	2.9333e-05	5.7840e-10	3.4313e-03	9.6211e-01	3.4463e-02	1.1755e-36	7.4092e-01	2.5896e-01	1.2185e-04	1.1755e-36	1.1755e-36	1.1755e-36	1.5721e-15	0.00e+00	0.00e+00	1.9658e+01
3.86360e+18	5.1751e+03	9.495e-23	1.0000e+01	3.3324e+00	6.1855e-07	7.0191e-01	2.9809e-01	5.9183e-01	4.0814e-01	2.9255e-05	6.5446e-10	3.3469e-03	9.6294e-01	3.3716e-02	1.1755e-36	7.4902e-01	2.5087e-01	1.1441e-04	1.1755e-36	1.1755e-36	1.1755e-36	1.9819e-15	0.00e+00	0.00e+00	1.9954e+01
3.87032e+18	5.1096e+03	9.143e-23	1.0000e+01	3.2391e+00	6.9225e-07	7.1111e-01	2.8889e-01	5.9670e-01	4.0327e-01	2.9108e-05	7.4903e-10	3.2662e-03	9.6380e-01	3.2938e-02	1.1755e-36	7.5737e-01	2.4252e-01	1.0720e-04	1.1755e-36	1.1755e-36	1.1755e-36	2.5508e-15	0.00e+00	0.00e+00	2.0258e+01
3.87687e+18	5.0458e+03	8.808e-23	1.0000e+01	3.1481e+00	7.7094e-07	7.1980e-01	2.8020e-01	6.0121e-01	3.9877e-01	2.9003e-05	8.5357e-10	3.1868e-03	9.6459e-01	3.2222e-02	1.1755e-36	7.6523e-01	2.3467e-01	1.0068e-04	1.1755e-36	1.1755e-36	1.1755e-36	3.2558e-15	0.00e+00	0.00e+00	2.0546e+01
3.88315e+18	4.9823e+03	8.497e-23	1.0000e+01	3.0623e+00	8.5545e-07	7.2801e-01	2.7199e-01	6.0560e-01	3.9437e-01	2.8889e-05	9.6200e-10	3.1119e-03	9.6536e-01	3.1525e-02	1.1755e-36	7.7263e-01	2.2728e-01	9.4774e-05	1.1755e-36	1.1755e-36	1.1755e-36	4.0721e-15	0.00e+00	0.00e+00	2.0832e+01
3.88941e+18	4.9120e+03	8.195e-23	1.0000e+01	2.9762e+00	9.5338e-07	7.3608e-01	2.6392e-01	6.1004e-01	3.8993e-01	2.8761e-05	1.0628e-09	3.0375e-03	9.6617e-01	3.0791e-02	1.1755e-36	7.7989e-01	2.2002e-01	8.9250e-05	1.1755e-36	1.1755e-36	1.1755e-36	4.9244e-15	0.00e+00	0.00e+00	2.1124e+01
3.89562e+18	4.8458e+03	7.906e-23	1.0000e+01	2.8954e+00	1.0564e-06	7.4401e-01	2.5599e-01	6.1450e-01	3.8547e-01	2.8618e-05	1.1708e-09	2.9673e-03	9.6696e-01	3.0071e-02	1.1755e-36	7.8699e-01	2.1293e-01	8.4029e-05	1.1755e-36	1.1755e-36	1.1755e-36	5.9177e-15	0.00e+00	0.00e+00	2.1412e+01
3.90182e+18	4.7772e+03	7.625e-23	1.0000e+01	2.8147e+00	1.1698e-06	7.5172e-01	2.4827e-01	6.1894e-01	3.8103e-01	2.8479e-05	1.2871e-09	2.8970e-03	9.6774e-01	2.9362e-02	1.1755e-36	7.9387e-01	2.0605e-01	7.9135e-05	1.1755e-36	1.1755e-36	1.1755e-36	7.0831e-15	0.00e+00	0.00e+00	2.1710e+01
3.90820e+18	4.7054e+03	7.344e-23	1.0000e+01	2.7332e+00	1.2969e-06	7.5951e-01	2.4049e-01	6.2352e-01	3.7645e-01	2.8329e-05	1.4156e-09	2.8262e-03	9.6853e-01	2.8642e-02	1.1755e-36	8.0080e-01	1.9913e-01	7.4391e-05	1.1755e-36	1.1755e-36	1.1755e-36	8.4842e-15	0.00e+00	0.00e+00	2.2021e+01
3.91475e+18	4.6306e+03	7.066e-23	1.0000e+01	2.6514e+00	1.4378e-06	7.6732e-01	2.3268e-01	6.2820e-01	3.7177e-01	2.8172e-05	1.5557e-09	2.7550e-03	9.6933e-01	2.7918e-02	1.1755e-36	8.0772e-01	1.9221e-01	6.9821e-05	1.1755e-36	1.1755e-36	1.1755e-36	1.0144e-14	0.00e+00	0.00e+00	2.2341e+01
3.92143e+18	4.5531e+03	6.792e-23	1.0000e+01	2.5696e+00	1.5918e-06	7.7510e-01	2.2489e-01	6.3299e-01	3.6699e-01	2.8005e-05	1.7060e-09	2.6840e-03	9.7012e-01	2.7191e-02	1.1755e-36	8.1461e-01	1.8533e-01	6.5447e-05	1.1755e-36	1.1755e-36	1.1755e-36	1.2074e-14	0.00e+00	0.00e+00	2.2672e+01
3.92829e+18	4.4736e+03	6.519e-23	1.0000e+01	2.4862e+00	1.7558e-06	7.8277e-01	2.1723e-01	6.3775e-01	3.6222e-01	2.7858e-05	1.8619e-09	2.6111e-03	9.7092e-01	2.6472e-02	1.1755e-36	8.2136e-01	1.7858e-01	6.1278e-05	1.1755e-36	1.1755e-36	1.1755e-36	1.4236e-14	0.00e+00	0.00e+00	2.3017e+01
3.93551e+18	4.3910e+03	6.242e-23	1.0000e+01	2.4017e+00	1.9329e-06	7.9065e-01	2.0935e-01	6.4284e-01	3.5713e-01	2.7684e-05	2.0287e-09	2.5373e-03	9.7174e-01	2.5722e-02	1.1755e-36	8.2828e-01	1.7167e-01	5.7153e-05	1.1755e-36	1.1755e-36	1.1755e-36	1.6710e-14	0.00e+00	0.00e+00	2.3389e+01
3.94332e+18	4.2948e+03	5.958e-23	1.0000e+01	2.3145e+00	2.1414e-06	7.9919e-01	2.0081e-01	6.4871e-01	3.5127e-01	2.7416e-05	2.2165e-09	2.4625e-03	9.7264e-01	2.4896e-02	1.1755e-36	8.3575e-01	1.6420e-01	5.2939e-05	1.1755e-36	1.1755e-36	1.1755e-36	1.9693e-14	0.00e+00	0.00e+00	2.3800e+01
3.95138e+18	4.1962e+03	5.678e-23	1.0000e+01	2.2253e+00	2.3507e-06	8.0757e-01	1.9243e-01	6.5437e-01	3.4560e-01	2.7194e-05	2.3952e-09	2.3856e-03	9.7352e-01	2.4099e-02	1.1755e-36	8.4306e-01	1.5689e-01	4.8981e-05	1.1755e-36	1.1755e-36	1.1755e-36	2.2714e-14	0.00e+00	0.00e+00	2.4207e+01
3.95922e+18	4.1032e+03	5.418e-23	1.0000e+01	2.1421e+00	2.5420e-06	8.1540e-01	1.8459e-01	6.5983e-01	3.4014e-01	2.6975e-05	2.5535e-09	2.3137e-03	9.7434e-01	2.3348e-02	1.1755e-36	8.4985e-01	1.5010e-01	4.5422e-05	1.1755e-36	1.1755e-36	1.1755e-36	2.5497e-14	0.00e+00	0.00e+00	2.4604e+01
3.96694e+18	4.0033e+03	5.175e-23	1.0000e+01	2.0619e+00	2.7290e-06	8.2295e-01	1.7704e-01	6.6543e-01	3.3454e-01	2.6707e-05	2.6885e-09	2.2460e-03	9.7515e-01	2.2606e-02	1.1755e-36	8.5640e-01	1.4355e-01	4.2159e-05	1.1755e-36	1.1755e-36	1.1755e-36	2.7921e-14	0.00e+00	0.00e+00	2.5005e+01
3.97468e+18	3.9053e+03	4.941e-23	1.0000e+01	1.9845e+00	2.8942e-06	8.3023e-01	1.6977e-01	6.7102e-01	3.2895e-01	2.6434e-05	2.7971e-09	2.1807e-03	9.7594e-01	2.1883e-02	1.1755e-36	8.6269e-01	1.3727e-01	3.9126e-05	1.1755e-36	1.1755e-36	1.1755e-36	2.9841e-14	0.00e+00	0.00e+00	2.5412e+01
###########################
5.34710e+14	6.8973e+03	3.529e-22	1.0000e+01	1.0706e+01	1.3074e-11	1.3374e-02	9.8663e-01	4.4216e-02	9.5344e-01	2.3412e-03	6.5958e-15	1.8570e-03	4.6206e-01	5.3585e-01	2.3326e-04	1.3300e-02	8.2860e-01	1.5805e-01	4.8991e-05	1.1755e-36	1.1755e-36	5.8318e-23	0.00e+00	0.00e+00	9.0316e-04
3.20826e+15	6.8891e+03	3.524e-22	1.0000e+01	1.0698e+01	1.3130e-11	1.3361e-02	9.8664e-01	4.4226e-02	9.5343e-01	2.3390e-03	6.5777e-15	1.8516e-03	4.6212e-01	5.3579e-01	2.3357e-04	1.3285e-02	8.2848e-01	1.5819e-01	4.8908e-05	1.1755e-36	1.1755e-36	5.8016e-23	0.00e+00	0.00e+00	4.5120e-03
1.39025e+16	6.8769e+03	3.510e-22	1.0000e+01	1.0695e+01	1.3238e-11	1.3352e-02	9.8665e-01	4.4335e-02	9.5334e-01	2.3216e-03	6.5779e-15	1.8531e-03	4.6279e-01	5.3513e-01	2.3244e-04	1.3282e-02	8.2865e-01	1.5802e-01	4.8186e-05	1.1755e-36	1.1755e-36	5.7808e-23	0.00e+00	0.00e+00	1.8938e-02
5.66793e+16	6.8332e+03	3.478e-22	1.0000e+01	1.0694e+01	1.3854e-11	1.3422e-02	9.8658e-01	4.4897e-02	9.5287e-01	2.2336e-03	6.7075e-15	1.8737e-03	4.6609e-01	5.3181e-01	2.2694e-04	1.3391e-02	8.3016e-01	1.5641e-01	4.4881e-05	1.1755e-36	1.1755e-36	5.8546e-23	0.00e+00	0.00e+00	7.6946e-02
1.35389e+17	6.6699e+03	3.371e-22	1.0000e+01	1.0696e+01	1.5179e-11	1.3210e-02	9.8679e-01	4.5645e-02	9.5221e-01	2.1475e-03	6.5301e-15	1.8766e-03	4.7071e-01	5.2719e-01	2.2191e-04	1.3196e-02	8.2977e-01	1.5699e-01	4.1930e-05	1.1755e-36	1.1755e-36	5.4491e-23	0.00e+00	0.00e+00	1.5116e-01
2.34369e+17	6.5309e+03	3.276e-22	1.0000e+01	1.0695e+01	1.6757e-11	1.3142e-02	9.8686e-01	4.6613e-02	9.5138e-01	2.0039e-03	6.5277e-15	1.8970e-03	4.7651e-01	5.2137e-01	2.1364e-04	1.3185e-02	8.3149e-01	1.5529e-01	3.7426e-05	1.1755e-36	1.1755e-36	5.2640e-23	0.00e+00	0.00e+00	2.4161e-01
3.59700e+17	6.3989e+03	3.200e-22	1.0000e+01	1.0692e+01	1.9119e-11	1.3289e-02	9.8671e-01	4.8037e-02	9.5017e-01	1.7954e-03	6.7907e-15	1.9442e-03	4.8466e-01	5.1320e-01	2.0093e-04	1.3432e-02	8.3548e-01	1.5106e-01	3.1411e-05	1.1755e-36	1.1755e-36	5.3558e-23	0.00e+00	0.00e+00	3.6049e-01
5.22632e+17	6.2722e+03	3.135e-22	1.0000e+01	1.0687e+01	2.2618e-11	1.3671e-02	9.8633e-01	5.0088e-02	9.4838e-01	1.5304e-03	7.3747e-15	2.0250e-03	4.9586e-01	5.0193e-01	1.8388e-04	1.3974e-02	8.4194e-01	1.4407e-01	2.4402e-05	1.1755e-36	1.1755e-36	5.7551e-23	0.00e+00	0.00e+00	5.1950e-01
7.34442e+17	6.1580e+03	3.086e-22	1.0000e+01	1.0677e+01	2.8020e-11	1.4421e-02	9.8558e-01	5.3113e-02	9.4566e-01	1.2231e-03	8.5189e-15	2.1570e-03	5.1141e-01	4.8627e-01	1.6227e-04	1.4972e-02	8.5143e-01	1.3358e-01	1.7064e-05	1.1755e-36	1.1755e-36	6.7014e-23	0.00e+00	0.00e+00	7.3753e-01
1.00980e+18	6.0690e+03	3.060e-22	1.0000e+01	1.0659e+01	3.6912e-11	1.5792e-02	9.8421e-01	5.7735e-02	9.4137e-01	8.9999e-04	1.0789e-14	2.3722e-03	5.3331e-01	4.6418e-01	1.3613e-04	1.6744e-02	8.6460e-01	1.1864e-01	1.0299e-05	1.1755e-36	1.1755e-36	8.8208e-23	0.00e+00	0.00e+00	1.0479e+00
1.31513e+18	6.0202e+03	3.065e-22	1.0000e+01	1.0637e+01	4.9944e-11	1.7808e-02	9.8219e-01	6.3660e-02	9.3570e-01	6.3723e-04	1.4586e-14	2.6572e-03	5.5879e-01	4.3844e-01	1.1076e-04	1.9311e-02	8.7874e-01	1.0194e-01	5.7049e-06	1.1755e-36	1.1755e-36	1.2793e-22	0.00e+00	0.00e+00	1.3846e+00
1.58646e+18	6.0461e+03	3.098e-22	1.0000e+01	1.0601e+01	6.4636e-11	2.0295e-02	9.7970e-01	7.0073e-02	9.2946e-01	4.6781e-04	2.0086e-14	2.9703e-03	5.8323e-01	4.1371e-01	9.0430e-05	2.2448e-02	8.9092e-01	8.6625e-02	3.2209e-06	1.1755e-36	1.1755e-36	1.9368e-22	0.00e+00	0.00e+00	1.6964e+00
1.81033e+18	6.0853e+03	3.159e-22	1.0000e+01	1.0571e+01	8.3231e-11	2.3212e-02	9.7679e-01	7.6894e-02	9.2274e-01	3.6163e-04	2.7829e-14	3.2973e-03	6.0663e-01	3.9000e-01	7.4140e-05	2.6100e-02	9.0045e-01	7.3447e-02	1.9028e-06	1.1755e-36	1.1755e-36	2.9805e-22	0.00e+00	0.00e+00	1.9961e+00
2.00656e+18	6.1524e+03	3.222e-22	1.0000e+01	1.0529e+01	1.0484e-10	2.6572e-02	9.7343e-01	8.4334e-02	9.1538e-01	2.8838e-04	3.8544e-14	3.6355e-03	6.2920e-01	3.6710e-01	6.0760e-05	3.0299e-02	9.0777e-01	6.1929e-02	1.1479e-06	1.1755e-36	1.1755e-36	4.6130e-22	0.00e+00	0.00e+00	2.3115e+00
2.19370e+18	6.2276e+03	3.295e-22	1.0000e+01	1.0478e+01	1.3478e-10	3.0797e-02	9.6920e-01	9.3128e-02	9.0664e-01	2.3214e-04	5.4913e-14	4.0082e-03	6.5303e-01	3.4291e-01	4.8759e-05	3.5568e-02	9.1323e-01	5.1203e-02	6.7666e-07	1.1755e-36	1.1755e-36	7.4442e-22	0.00e+00	0.00e+00	2.6738e+00
2.37794e+18	6.3148e+03	3.381e-22	1.0000e+01	1.0421e+01	1.7870e-10	3.6376e-02	9.6362e-01	1.0398e-01	8.9583e-01	1.8729e-04	8.1700e-14	4.4312e-03	6.7888e-01	3.1665e-01	3.7853e-05	4.2503e-02	9.1639e-01	4.1106e-02	3.8145e-07	1.1755e-36	1.1755e-36	1.2799e-21	0.00e+00	0.00e+00	3.0923e+00
2.55083e+18	6.4151e+03	3.464e-22	1.0000e+01	1.0330e+01	2.4028e-10	4.3435e-02	9.5656e-01	1.1689e-01	8.8296e-01	1.5299e-04	1.2415e-13	4.8666e-03	7.0496e-01	2.9015e-01	2.8734e-05	5.1248e-02	9.1644e-01	3.2308e-02	2.1097e-07	1.1755e-36	1.1755e-36	2.2750e-21	0.00e+00	0.00e+00	3.5410e+00
2.70514e+18	6.5116e+03	3.544e-22	1.0000e+01	1.0230e+01	3.2826e-10	5.2135e-02	9.4787e-01	1.3159e-01	8.6828e-01	1.2749e-04	1.9080e-13	5.2982e-03	7.3059e-01	2.6409e-01	2.1453e-05	6.1973e-02	9.1297e-01	2.5058e-02	1.1755e-36	1.1755e-36	1.1755e-36	4.1227e-21	0.00e+00	0.00e+00	4.0184e+00
2.83942e+18	6.5976e+03	3.617e-22	1.0000e+01	1.0128e+01	4.5331e-10	6.2595e-02	9.3741e-01	1.4781e-01	8.5208e-01	1.0860e-04	2.9356e-13	5.7077e-03	7.5495e-01	2.3933e-01	1.5876e-05	7.4798e-02	9.0588e-01	1.9320e-02	1.1755e-36	1.1755e-36	1.1755e-36	7.5139e-21	0.00e+00	0.00e+00	4.5068e+00
2.95299e+18	6.6729e+03	3.664e-22	1.0000e+01	9.9980e+00	6.2041e-10	7.4461e-02	9.2554e-01	1.6500e-01	8.3491e-01	9.4524e-05	4.4143e-13	6.0560e-03	7.7679e-01	2.1714e-01	1.1834e-05	8.9262e-02	8.9575e-01	1.4991e-02	1.1755e-36	1.1755e-36	1.1755e-36	1.3296e-20	0.00e+00	0.00e+00	4.9937e+00
3.04994e+18	6.7339e+03	3.684e-22	1.0000e+01	9.8394e+00	8.4265e-10	8.7702e-02	9.1230e-01	1.8308e-01	8.1683e-01	8.3599e-05	6.4859e-13	6.3385e-03	7.9632e-01	1.9733e-01	8.8987e-06	1.0530e-01	8.8298e-01	1.1721e-02	1.1755e-36	1.1755e-36	1.1755e-36	2.2813e-20	0.00e+00	0.00e+00	5.4940e+00
3.13611e+18	6.7920e+03	3.677e-22	1.0000e+01	9.6606e+00	1.1381e-09	1.0280e-01	8.9720e-01	2.0253e-01	7.9739e-01	7.4597e-05	9.4424e-13	6.5674e-03	8.1432e-01	1.7911e-01	6.6945e-06	1.2345e-01	8.6739e-01	9.1613e-03	1.1755e-36	1.1755e-36	1.1755e-36	3.8739e-20	0.00e+00	0.00e+00	6.0263e+00
3.21437e+18	6.8167e+03	3.655e-22	1.0000e+01	9.4647e+00	1.5859e-09	1.2072e-01	8.7928e-01	2.2389e-01	7.7604e-01	6.6975e-05	1.3867e-12	6.7593e-03	8.3156e-01	1.6168e-01	4.9873e-06	1.4482e-01	8.4807e-01	7.1125e-03	1.1755e-36	1.1755e-36	1.1755e-36	6.6772e-20	0.00e+00	0.00e+00	6.5943e+00
3.28419e+18	6.8382e+03	3.603e-22	1.0000e+01	9.2412e+00	2.1985e-09	1.4106e-01	8.5894e-01	2.4633e-01	7.5361e-01	6.0688e-05	2.0198e-12	6.8891e-03	8.4719e-01	1.4592e-01	3.7255e-06	1.6885e-01	8.2563e-01	5.5200e-03	1.1755e-36	1.1755e-36	1.1755e-36	1.1424e-19	0.00e+00	0.00e+00	7.1744e+00
3.34541e+18	6.8438e+03	3.526e-22	1.0000e+01	8.9966e+00	3.0422e-09	1.6356e-01	8.3644e-01	2.6929e-01	7.3065e-01	5.5500e-05	2.9021e-12	6.9597e-03	8.6113e-01	1.3191e-01	2.8067e-06	1.9515e-01	8.0054e-01	4.3069e-03	1.1755e-36	1.1755e-36	1.1755e-36	1.9253e-19	0.00e+00	0.00e+00	7.7664e+00
3.39999e+18	6.8362e+03	3.424e-22	1.0000e+01	8.7288e+00	4.2037e-09	1.8836e-01	8.1164e-01	2.9272e-01	7.0723e-01	5.1143e-05	4.1259e-12	6.9743e-03	8.7365e-01	1.1937e-01	2.1294e-06	2.2381e-01	7.7282e-01	3.3709e-03	1.1755e-36	1.1755e-36	1.1755e-36	3.2121e-19	0.00e+00	0.00e+00	8.3830e+00
3.44989e+18	6.8253e+03	3.294e-22	1.0000e+01	8.4319e+00	5.7811e-09	2.1575e-01	7.8425e-01	3.1664e-01	6.8331e-01	4.7435e-05	5.8271e-12	6.9305e-03	8.8498e-01	1.0809e-01	1.6225e-06	2.5506e-01	7.4230e-01	2.6359e-03	1.1755e-36	1.1755e-36	1.1755e-36	5.3407e-19	0.00e+00	0.00e+00	9.0362e+00
3.49626e+18	6.7785e+03	3.145e-22	1.0000e+01	8.1016e+00	8.1846e-09	2.4679e-01	7.5321e-01	3.4184e-01	6.5812e-01	4.4048e-05	8.2913e-12	6.8371e-03	8.9555e-01	9.7609e-02	1.2333e-06	2.9000e-01	7.0795e-01	2.0503e-03	1.1755e-36	1.1755e-36	1.1755e-36	9.0545e-19	0.00e+00	0.00e+00	9.7343e+00
3.53923e+18	6.7270e+03	2.971e-22	1.0000e+01	7.7412e+00	1.1571e-08	2.8089e-01	7.1911e-01	3.6718e-01	6.3278e-01	4.1188e-05	1.1770e-11	6.6883e-03	9.0511e-01	8.8197e-02	9.4126e-07	3.2779e-01	6.7062e-01	1.5896e-03	1.1755e-36	1.1755e-36	1.1755e-36	1.5458e-18	0.00e+00	0.00e+00	1.0464e+01
3.56683e+18	6.6852e+03	2.846e-22	1.0000e+01	7.4788e+00	1.4844e-08	3.0733e-01	6.9267e-01	3.8304e-01	6.1692e-01	3.9808e-05	1.5097e-11	6.5551e-03	9.1077e-01	8.2675e-02	7.8727e-07	3.5666e-01	6.4201e-01	1.3312e-03	1.1755e-36	1.1755e-36	1.1755e-36	2.2903e-18	0.00e+00	0.00e+00	1.0737e+01
3.57704e+18	6.6782e+03	2.791e-22	1.0000e+01	7.3648e+00	1.6104e-08	3.1696e-01	6.8304e-01	3.8885e-01	6.1111e-01	3.9359e-05	1.6438e-11	6.4863e-03	9.1267e-01	8.0842e-02	7.3910e-07	3.6709e-01	6.3167e-01	1.2472e-03	1.1755e-36	1.1755e-36	1.1755e-36	2.6196e-18	0.00e+00	0.00e+00	1.0864e+01
3.58430e+18	6.6600e+03	2.751e-22	1.0000e+01	7.2828e+00	1.7269e-08	3.2418e-01	6.7582e-01	3.9382e-01	6.0614e-01	3.8883e-05	1.7550e-11	6.4400e-03	9.1428e-01	7.9277e-02	7.0297e-07	3.7489e-01	6.2393e-01	1.1879e-03	1.1755e-36	1.1755e-36	1.1755e-36	2.9051e-18	0.00e+00	0.00e+00	1.1031e+01
3.59367e+18	6.6345e+03	2.702e-22	1.0000e+01	7.1893e+00	1.8987e-08	3.3416e-01	6.6584e-01	4.0051e-01	5.9946e-01	3.8270e-05	1.9224e-11	6.3908e-03	9.1645e-01	7.7163e-02	6.5683e-07	3.8561e-01	6.1327e-01	1.1125e-03	1.1755e-36	1.1755e-36	1.1755e-36	3.3596e-18	0.00e+00	0.00e+00	1.1254e+01
3.60482e+18	6.6104e+03	2.639e-22	1.0000e+01	7.0657e+00	2.1106e-08	3.4597e-01	6.5403e-01	4.0807e-01	5.9190e-01	3.7632e-05	2.1325e-11	6.3169e-03	9.1882e-01	7.4862e-02	6.0770e-07	3.9825e-01	6.0072e-01	1.0296e-03	1.1755e-36	1.1755e-36	1.1755e-36	3.9678e-18	0.00e+00	0.00e+00	1.1510e+01
3.61650e+18	6.5785e+03	2.572e-22	1.0000e+01	6.9307e+00	2.3751e-08	3.5895e-01	6.4105e-01	4.1609e-01	5.8388e-01	3.6985e-05	2.3862e-11	6.2343e-03	9.2127e-01	7.2493e-02	5.5967e-07	4.1206e-01	5.8699e-01	9.4780e-04	1.1755e-36	1.1755e-36	1.1755e-36	4.7634e-18	0.00e+00	0.00e+00	1.1774e+01
3.62756e+18	6.5497e+03	2.505e-22	1.0000e+01	6.7948e+00	2.6530e-08	3.7151e-01	6.2849e-01	4.2348e-01	5.7648e-01	3.6451e-05	2.6527e-11	6.1462e-03	9.2349e-01	7.0364e-02	5.1818e-07	4.2533e-01	5.7379e-01	8.7564e-04	1.1755e-36	1.1755e-36	1.1755e-36	5.6675e-18	0.00e+00	0.00e+00	1.2020e+01
3.63779e+18	6.5212e+03	2.441e-22	1.0000e+01	6.6662e+00	2.9461e-08	3.8352e-01	6.1648e-01	4.3049e-01	5.6948e-01	3.5961e-05	2.9325e-11	6.0610e-03	9.2554e-01	6.8402e-02	4.8198e-07	4.3796e-01	5.6123e-01	8.1240e-04	1.1755e-36	1.1755e-36	1.1755e-36	6.6909e-18	0.00e+00	0.00e+00	1.2262e+01
3.64781e+18	6.4912e+03	2.376e-22	1.0000e+01	6.5382e+00	3.2733e-08	3.9568e-01	6.0432e-01	4.3752e-01	5.6244e-01	3.5482e-05	3.2437e-11	5.9746e-03	9.2754e-01	6.6481e-02	4.4844e-07	4.5067e-01	5.4857e-01	7.5361e-04	1.1755e-36	1.1755e-36	1.1755e-36	7.9175e-18	0.00e+00	0.00e+00	1.2513e+01
3.65786e+18	6.4584e+03	2.310e-22	1.0000e+01	6.4018e+00	3.6456e-08	4.0806e-01	5.9194e-01	4.4454e-01	5.5543e-01	3.5029e-05	3.5899e-11	5.8797e-03	9.2949e-01	6.4626e-02	4.1736e-07	4.6354e-01	5.3576e-01	6.9851e-04	1.1755e-36	1.1755e-36	1.1755e-36	9.3950e-18	0.00e+00	0.00e+00	1.2772e+01
3.66780e+18	6.4190e+03	2.246e-22	1.0000e+01	6.2737e+00	4.0936e-08	4.2117e-01	5.7883e-01	4.5189e-01	5.4808e-01	3.4536e-05	4.0040e-11	5.7915e-03	9.3150e-01	6.2710e-02	3.8741e-07	4.7710e-01	5.2225e-01	6.4589e-04	1.1755e-36	1.1755e-36	1.1755e-36	1.1320e-17	0.00e+00	0.00e+00	1.3033e+01
3.67721e+18	6.3907e+03	2.180e-22	1.0000e+01	6.1373e+00	4.5178e-08	4.3310e-01	5.6690e-01	4.5822e-01	5.4175e-01	3.4206e-05	4.4029e-11	5.6909e-03	9.3320e-01	6.1106e-02	3.6256e-07	4.8937e-01	5.1003e-01	6.0060e-04	1.1755e-36	1.1755e-36	1.1755e-36	1.3323e-17	0.00e+00	0.00e+00	1.3279e+01
3.68650e+18	6.3494e+03	2.117e-22	1.0000e+01	6.0073e+00	5.0545e-08	4.4572e-01	5.5428e-01	4.6507e-01	5.3489e-01	3.3802e-05	4.8869e-11	5.5973e-03	9.3501e-01	5.9392e-02	3.3815e-07	5.0227e-01	4.9718e-01	5.5727e-04	1.1755e-36	1.1755e-36	1.1755e-36	1.5977e-17	0.00e+00	0.00e+00	1.3549e+01
3.69579e+18	6.3081e+03	2.053e-22	1.0000e+01	5.8786e+00	5.6613e-08	4.5874e-01	5.4126e-01	4.7194e-01	5.2803e-01	3.3408e-05	5.4418e-11	5.5028e-03	9.3678e-01	5.7716e-02	3.1529e-07	5.1549e-01	4.8399e-01	5.1627e-04	1.1755e-36	1.1755e-36	1.1755e-36	1.9296e-17	0.00e+00	0.00e+00	1.3810e+01
3.70451e+18	6.2705e+03	1.992e-22	1.0000e+01	5.7501e+00	6.2826e-08	4.7084e-01	5.2916e-01	4.7811e-01	5.2186e-01	3.3107e-05	6.0074e-11	5.4056e-03	9.3836e-01	5.6236e-02	2.9570e-07	5.2772e-01	4.7180e-01	4.8062e-04	1.1755e-36	1.1755e-36	1.1755e-36	2.2990e-17	0.00e+00	0.00e+00	1.4060e+01
3.71297e+18	6.2357e+03	1.931e-22	1.0000e+01	5.6209e+00	6.9339e-08	4.8251e-01	5.1749e-01	4.8413e-01	5.1583e-01	3.2821e-05	6.6057e-11	5.3059e-03	9.3985e-01	5.4845e-02	2.7799e-07	5.3945e-01	4.6010e-01	4.4821e-04	1.1755e-36	1.1755e-36	1.1755e-36	2.7216e-17	0.00e+00	0.00e+00	1.4319e+01
3.72175e+18	6.1878e+03	1.869e-22	1.0000e+01	5.4893e+00	7.7813e-08	4.9527e-01	5.0473e-01	4.9065e-01	5.0931e-01	3.2506e-05	7.3588e-11	5.2054e-03	9.4146e-01	5.3336e-02	2.6005e-07	5.5220e-01	4.4738e-01	4.1594e-04	1.1755e-36	1.1755e-36	1.1755e-36	3.3073e-17	0.00e+00	0.00e+00	1.4602e+01
3.73044e+18	6.1410e+03	1.808e-22	1.0000e+01	5.3619e+00	8.7275e-08	5.0820e-01	4.9180e-01	4.9710e-01	5.0287e-01	3.2195e-05	8.2175e-11	5.1065e-03	9.4301e-01	5.1883e-02	2.4344e-07	5.6506e-01	4.3456e-01	3.8580e-04	1.1755e-36	1.1755e-36	1.1755e-36	4.0408e-17	0.00e+00	0.00e+00	1.4869e+01
3.73844e+18	6.1044e+03	1.750e-22	1.0000e+01	5.2345e+00	9.6126e-08	5.1954e-01	4.8046e-01	5.0249e-01	4.9748e-01	3.2022e-05	9.0307e-11	5.0043e-03	9.4432e-01	5.0680e-02	2.2983e-07	5.7626e-01	4.2338e-01	3.6050e-04	1.1755e-36	1.1755e-36	1.1755e-36	4.8001e-17	0.00e+00	0.00e+00	1.5121e+01
3.74644e+18	6.0549e+03	1.693e-22	1.0000e+01	5.1108e+00	1.0742e-07	5.3151e-01	4.6849e-01	5.0852e-01	4.9145e-01	3.1755e-05	1.0041e-10	4.9065e-03	9.4572e-01	4.9375e-02	2.1620e-07	5.8804e-01	4.1162e-01	3.3598e-04	1.1755e-36	1.1755e-36	1.1755e-36	5.8360e-17	0.00e+00	0.00e+00	1.5401e+01
3.75456e+18	6.0050e+03	1.637e-22	1.0000e+01	4.9883e+00	1.2031e-07	5.4390e-01	4.5610e-01	5.1461e-01	4.8536e-01	3.1484e-05	1.1222e-10	4.8086e-03	9.4711e-01	4.8082e-02	2.0320e-07	6.0016e-01	3.9953e-01	3.1244e-04	1.1755e-36	1.1755e-36	1.1755e-36	7.1680e-17	0.00e+00	0.00e+00	1.5673e+01
3.76222e+18	5.9592e+03	1.583e-22	1.0000e+01	4.8673e+00	1.3353e-07	5.5530e-01	4.4470e-01	5.2001e-01	4.7996e-01	3.1303e-05	1.2437e-10	4.7099e-03	9.4835e-01	4.6943e-02	1.9201e-07	6.1125e-01	3.8846e-01	2.9193e-04	1.1755e-36	1.1755e-36	1.1755e-36	8.6804e-17	0.00e+00	0.00e+00	1.5932e+01
3.76966e+18	5.9171e+03	1.530e-22	1.0000e+01	4.7486e+00	1.4727e-07	5.6618e-01	4.3382e-01	5.2523e-01	4.7474e-01	3.1146e-05	1.3729e-10	4.6117e-03	9.4952e-01	4.5868e-02	1.8181e-07	6.2178e-01	3.7795e-01	2.7326e-04	1.1755e-36	1.1755e-36	1.1755e-36	1.0433e-16	0.00e+00	0.00e+00	1.6199e+01
3.77739e+18	5.8660e+03	1.477e-22	1.0000e+01	4.6266e+00	1.6443e-07	5.7780e-01	4.2220e-01	5.3085e-01	4.6912e-01	3.0960e-05	1.5334e-10	4.5111e-03	9.5077e-01	4.4721e-02	1.7153e-07	6.3296e-01	3.6679e-01	2.5474e-04	1.1755e-36	1.1755e-36	1.1755e-36	1.2837e-16	0.00e+00	0.00e+00	1.6491e+01
3.78523e+18	5.8141e+03	1.423e-22	1.0000e+01	4.5038e+00	1.8385e-07	5.8956e-01	4.1044e-01	5.3640e-01	4.6357e-01	3.0793e-05	1.7188e-10	4.4087e-03	9.5198e-01	4.3608e-02	1.6185e-07	6.4423e-01	3.5553e-01	2.3718e-04	1.1755e-36	1.1755e-36	1.1755e-36	1.5908e-16	0.00e+00	0.00e+00	1.6777e+01
3.79270e+18	5.7616e+03	1.373e-22	1.0000e+01	4.3870e+00	2.0510e-07	6.0078e-01	3.9922e-01	5.4170e-01	4.5827e-01	3.0637e-05	1.9238e-10	4.3108e-03	9.5312e-01	4.2565e-02	1.5314e-07	6.5493e-01	3.4485e-01	2.2147e-04	1.1755e-36	1.1755e-36	1.1755e-36	1.9676e-16	0.00e+00	0.00e+00	1.7052e+01
3.79984e+18	5.7033e+03	1.326e-22	1.0000e+01	4.2757e+00	2.2971e-07	6.1169e-01	3.8831e-01	5.4696e-01	4.5301e-01	3.0457e-05	2.1607e-10	4.2180e-03	9.5422e-01	4.1558e-02	1.4514e-07	6.6528e-01	3.3451e-01	2.0725e-04	1.1755e-36	1.1755e-36	1.1755e-36	2.4523e-16	0.00e+00	0.00e+00	1.7323e+01
3.80662e+18	5.6566e+03	1.282e-22	1.0000e+01	4.1705e+00	2.5325e-07	6.2165e-01	3.7835e-01	5.5162e-01	4.4834e-01	3.0348e-05	2.3984e-10	4.1282e-03	9.5521e-01	4.0664e-02	1.3815e-07	6.7470e-01	3.2510e-01	1.9465e-04	1.1755e-36	1.1755e-36	1.1755e-36	2.9863e-16	0.00e+00	0.00e+00	1.7580e+01
3.81341e+18	5.5981e+03	1.239e-22	1.0000e+01	4.0647e+00	2.8280e-07	6.3186e-01	3.6814e-01	5.5667e-01	4.4330e-01	3.0184e-05	2.6935e-10	4.0389e-03	9.5623e-01	3.9731e-02	1.3127e-07	6.8430e-01	3.1552e-01	1.8262e-04	1.1755e-36	1.1755e-36	1.1755e-36	3.7217e-16	0.00e+00	0.00e+00	1.7861e+01
3.82030e+18	5.5412e+03	1.196e-22	1.0000e+01	3.9612e+00	3.1562e-07	6.4221e-01	3.5779e-01	5.6170e-01	4.3827e-01	3.0024e-05	3.0343e-10	3.9507e-03	9.5724e-01	3.8812e-02	1.1755e-36	6.9398e-01	3.0584e-01	1.7107e-04	1.1755e-36	1.1755e-36	1.1755e-36	4.6624e-16	0.00e+00	0.00e+00	1.8134e+01
3.82691e+18	5.4945e+03	1.155e-22	1.0000e+01	3.8594e+00	3.4698e-07	6.5155e-01	3.4845e-01	5.6611e-01	4.3386e-01	2.9952e-05	3.3737e-10	3.8621e-03	9.5813e-01	3.8004e-02	1.1755e-36	7.0270e-01	2.9714e-01	1.6086e-04	1.1755e-36	1.1755e-36	1.1755e-36	5.6944e-16	0.00e+00	0.00e+00	1.8401e+01
3.83373e+18	5.4368e+03	1.113e-22	1.0000e+01	3.7553e+00	3.8663e-07	6.6137e-01	3.3863e-01	5.7098e-01	4.2899e-01	2.9833e-05	3.8040e-10	3.7721e-03	9.5909e-01	3.7136e-02	1.1755e-36	7.1180e-01	2.8805e-01	1.5080e-04	1.1755e-36	1.1755e-36	1.1755e-36	7.1447e-16	0.00e+00	0.00e+00	1.8700e+01
3.84081e+18	5.3742e+03	1.072e-22	1.0000e+01	3.6516e+00	4.3404e-07	6.7168e-01	3.2832e-01	5.7612e-01	4.2385e-01	2.9679e-05	4.3356e-10	3.6826e-03	9.6007e-01	3.6247e-02	1.1755e-36	7.2132e-01	2.7854e-01	1.4091e-04	1.1755e-36	1.1755e-36	1.1755e-36	9.1441e-16	0.00e+00	0.00e+00	1.8997e+01
3.84751e+18	5.3151e+03	1.033e-22	1.0000e+01	3.5525e+00	4.8351e-07	6.8114e-01	3.1886e-01	5.8072e-01	4.1925e-01	2.9578e-05	4.9051e-10	3.5962e-03	9.6095e-01	3.5456e-02	1.1755e-36	7.3003e-01	2.6984e-01	1.3223e-04	1.1755e-36	1.1755e-36	1.1755e-36	1.1543e-15	0.00e+00	0.00e+00	1.9272e+01
3.85384e+18	5.2605e+03	9.975e-23	1.0000e+01	3.4587e+00	5.3387e-07	6.8979e-01	3.1021e-01	5.8495e-01	4.1502e-01	2.9510e-05	5.5039e-10	3.5135e-03	9.6176e-01	3.4730e-02	1.1755e-36	7.3795e-01	2.6192e-01	1.2456e-04	1.1755e-36	1.1755e-36	1.1755e-36	1.4338e-15	0.00e+00	0.00e+00	1.9544e+01
3.86028e+18	5.1979e+03	9.624e-23	1.0000e+01	3.3685e+00	5.9572e-07	6.9890e-01	3.0110e-01	5.8981e-01	4.1016e-01	2.9341e-05	6.2614e-10	3.4353e-03	9.6262e-01	3.3944e-02	1.1755e-36	7.4627e-01	2.5362e-01	1.1698e-04	1.1755e-36	1.1755e-36	1.1755e-36	1.8257e-15	0.00e+00	0.00e+00	1.9837e+01
3.86679e+18	5.1359e+03	9.278e-23	1.0000e+01	3.2758e+00	6.6313e-07	7.0773e-01	2.9227e-01	5.9432e-01	4.0565e-01	2.9235e-05	7.1126e-10	3.3538e-03	9.6344e-01	3.3211e-02	1.1755e-36	7.5430e-01	2.4559e-01	1.0992e-04	1.1755e-36	1.1755e-36	1.1755e-36	2.3186e-15	0.00e+00	0.00e+00	2.0122e+01
3.87313e+18	5.0729e+03	8.950e-23	1.0000e+01	3.1863e+00	7.3721e-07	7.1618e-01	2.8382e-01	5.9872e-01	4.0125e-01	2.9130e-05	8.0763e-10	3.2749e-03	9.6421e-01	3.2510e-02	1.1755e-36	7.6195e-01	2.3794e-01	1.0345e-04	1.1755e-36	1.1755e-36	1.1755e-36	2.9408e-15	0.00e+00	0.00e+00	2.0407e+01
3.87939e+18	5.0105e+03	8.635e-23	1.0000e+01	3.1001e+00	8.1776e-07	7.2442e-01	2.7557e-01	6.0312e-01	3.9685e-01	2.9016e-05	9.1674e-10	3.1988e-03	9.6498e-01	3.1825e-02	1.1755e-36	7.6940e-01	2.3050e-01	9.7393e-05	1.1755e-36	1.1755e-36	1.1755e-36	3.7240e-15	0.00e+00	0.00e+00	2.0693e+01
3.88570e+18	4.9377e+03	8.329e-23	1.0000e+01	3.0143e+00	9.1583e-07	7.3281e-01	2.6719e-01	6.0781e-01	3.9216e-01	2.8848e-05	1.0223e-09	3.1244e-03	9.6581e-01	3.1070e-02	1.1755e-36	7.7695e-01	2.2295e-01	9.1606e-05	1.1755e-36	1.1755e-36	1.1755e-36	4.5796e-15	0.00e+00	0.00e+00	2.0986e+01
3.89183e+18	4.8809e+03	8.036e-23	1.0000e+01	2.9311e+00	1.0034e-06	7.4029e-01	2.5971e-01	6.1169e-01	3.8828e-01	2.8807e-05	1.1166e-09	3.0496e-03	9.6654e-01	3.0413e-02	1.1755e-36	7.8366e-01	2.1625e-01	8.6451e-05	1.1755e-36	1.1755e-36	1.1755e-36	5.4147e-15	0.00e+00	0.00e+00	2.1263e+01
3.89819e+18	4.8049e+03	7.744e-23	1.0000e+01	2.8489e+00	1.1232e-06	7.4854e-01	2.5146e-01	6.1668e-01	3.8329e-01	2.8593e-05	1.2384e-09	2.9784e-03	9.6739e-01	2.9635e-02	1.1755e-36	7.9103e-01	2.0889e-01	8.1190e-05	1.1755e-36	1.1755e-36	1.1755e-36	6.5902e-15	0.00e+00	0.00e+00	2.1584e+01
3.90477e+18	4.7332e+03	7.452e-23	1.0000e+01	2.7643e+00	1.2478e-06	7.5659e-01	2.4340e-01	6.2124e-01	3.7873e-01	2.8464e-05	1.3657e-09	2.9036e-03	9.6819e-01	2.8911e-02	1.1755e-36	7.9821e-01	2.0172e-01	7.6205e-05	1.1755e-36	1.1755e-36	1.1755e-36	7.9372e-15	0.00e+00	0.00e+00	2.1889e+01
3.91115e+18	4.6616e+03	7.178e-23	1.0000e+01	2.6839e+00	1.3799e-06	7.6424e-01	2.3576e-01	6.2576e-01	3.7421e-01	2.8320e-05	1.4983e-09	2.8327e-03	9.6896e-01	2.8208e-02	1.1755e-36	8.0500e-01	1.9493e-01	7.1653e-05	1.1755e-36	1.1755e-36	1.1755e-36	9.4607e-15	0.00e+00	0.00e+00	2.2196e+01
3.91767e+18	4.5862e+03	6.906e-23	1.0000e+01	2.6034e+00	1.5266e-06	7.7192e-01	2.2808e-01	6.3047e-01	3.6951e-01	2.8155e-05	1.6425e-09	2.7619e-03	9.6975e-01	2.7492e-02	1.1755e-36	8.1179e-01	1.8814e-01	6.7263e-05	1.1755e-36	1.1755e-36	1.1755e-36	1.1255e-14	0.00e+00	0.00e+00	2.2521e+01
3.92446e+18	4.5079e+03	6.632e-23	1.0000e+01	2.5201e+00	1.6857e-06	7.7960e-01	2.2040e-01	6.3520e-01	3.6477e-01	2.8009e-05	1.7955e-09	2.6880e-03	9.7054e-01	2.6775e-02	1.1755e-36	8.1857e-01	1.8137e-01	6.3011e-05	1.1755e-36	1.1755e-36	1.1755e-36	1.3313e-14	0.00e+00	0.00e+00	2.2862e+01
3.93160e+18	4.4269e+03	6.354e-23	1.0000e+01	2.4357e+00	1.8580e-06	7.8748e-01	2.1252e-01	6.4023e-01	3.5975e-01	2.7843e-05	1.9598e-09	2.6133e-03	9.7135e-01	2.6032e-02	1.1755e-36	8.2550e-01	1.7444e-01	5.8816e-05	1.1755e-36	1.1755e-36	1.1755e-36	1.5686e-14	0.00e+00	0.00e+00	2.3227e+01
3.93924e+18	4.3336e+03	6.072e-23	1.0000e+01	2.3493e+00	2.0598e-06	7.9593e-01	2.0407e-01	6.4593e-01	3.5404e-01	2.7591e-05	2.1445e-09	2.5380e-03	9.7224e-01	2.5223e-02	1.1755e-36	8.3289e-01	1.6705e-01	5.4574e-05	1.1755e-36	1.1755e-36	1.1755e-36	1.8548e-14	0.00e+00	0.00e+00	2.3626e+01
3.94716e+18	4.2407e+03	5.790e-23	1.0000e+01	2.2610e+00	2.2609e-06	8.0423e-01	1.9577e-01	6.5146e-01	3.4851e-01	2.7389e-05	2.3236e-09	2.4602e-03	9.7310e-01	2.4439e-02	1.1755e-36	8.4013e-01	1.5982e-01	5.0556e-05	1.1755e-36	1.1755e-36	1.1755e-36	2.1510e-14	0.00e+00	0.00e+00	2.4028e+01
3.95505e+18	4.1408e+03	5.524e-23	1.0000e+01	2.1752e+00	2.4678e-06	8.1234e-01	1.8766e-01	6.5712e-01	3.4285e-01	2.7143e-05	2.4925e-09	2.3859e-03	9.7395e-01	2.3662e-02	1.1755e-36	8.4720e-01	1.5276e-01	4.6838e-05	1.1755e-36	1.1755e-36	1.1755e-36	2.4451e-14	0.00e+00	0.00e+00	2.4431e+01
3.96282e+18	4.0450e+03	5.274e-23	1.0000e+01	2.0937e+00	2.6558e-06	8.2001e-01	1.7999e-01	6.6261e-01	3.3736e-01	2.6906e-05	2.6385e-09	2.3153e-03	9.7476e-01	2.2925e-02	1.1755e-36	8.5385e-01	1.4611e-01	4.3453e-05	1.1755e-36	1.1755e-36	1.1755e-36	2.7065e-14	0.00e+00	0.00e+00	2.4829e+01
3.97052e+18	3.9490e+03	5.036e-23	1.0000e+01	2.0151e+00	2.8274e-06	8.2740e-01	1.7260e-01	6.6807e-01	3.3190e-01	2.6661e-05	2.7599e-09	2.2476e-03	9.7554e-01	2.2210e-02	1.1755e-36	8.6024e-01	1.3972e-01	4.0323e-05	1.1755e-36	1.1755e-36	1.1755e-36	2.9250e-14	0.00e+00	0.00e+00	2.5232e+01
###########################
5.34710e+14	6.8972e+03	3.529e-22	1.0000e+01	1.0706e+01	1.3074e-11	1.3374e-02	9.8663e-01	4.4216e-02	9.5344e-01	2.3412e-03	6.5958e-15	1.8570e-03	4.6206e-01	5.3585e-01	2.3326e-04	1.3300e-02	8.2860e-01	1.5805e-01	4.8991e-05	1.1755e-36	1.1755e-36	5.8317e-23	0.00e+00	0.00e+00	9.0316e-04
3.20826e+15	6.8891e+03	3.524e-22	1.0000e+01	1.0698e+01	1.3130e-11	1.3361e-02	9.8664e-01	4.4226e-02	9.5343e-01	2.3390e-03	6.5776e-15	1.8516e-03	4.6212e-01	5.3579e-01	2.3357e-04	1.3285e-02	8.2848e-01	1.5819e-01	4.8908e-05	1.1755e-36	1.1755e-36	5.8015e-23	0.00e+00	0.00e+00	4.5120e-03
1.39025e+16	6.8769e+03	3.510e-22	1.0000e+01	1.0695e+01	1.3238e-11	1.3352e-02	9.8665e-01	4.4335e-02	9.5334e-01	2.3216e-03	6.5778e-15	1.8531e-03	4.6279e-01	5.3513e-01	2.3244e-04	1.3282e-02	8.2865e-01	1.5802e-01	4.8186e-05	1.1755e-36	1.1755e-36	5.7807e-23	0.00e+00	0.00e+00	1.8938e-02
5.66793e+16	6.8332e+03	3.478e-22	1.0000e+01	1.0694e+01	1.3854e-11	1.3422e-02	9.8658e-01	4.4897e-02	9.5287e-01	2.2336e-03	6.7074e-15	1.8737e-03	4.6609e-01	5.3181e-01	2.2694e-04	1.3391e-02	8.3016e-01	1.5641e-01	4.4881e-05	1.1755e-36	1.1755e-36	5.8545e-23	0.00e+00	0.00e+00	7.6946e-02
1.35389e+17	6.6699e+03	3.371e-22	1.0000e+01	1.0696e+01	1.5179e-11	1.3210e-02	9.8679e-01	4.5645e-02	9.5221e-01	2.1475e-03	6.5300e-15	1.8766e-03	4.7071e-01	5.2719e-01	2.2191e-04	1.3196e-02	8.2977e-01	1.5699e-01	4.1930e-05	1.1755e-36	1.1755e-36	5.4490e-23	0.00e+00	0.00e+00	1.5116e-01
2.34368e+17	6.5309e+03	3.276e-22	1.0000e+01	1.0695e+01	1.6757e-11	1.3142e-02	9.8686e-01	4.6613e-02	9.5138e-01	2.0039e-03	6.5276e-15	1.8970e-03	4.7651e-01	5.2137e-01	2.1364e-04	1.3185e-02	8.3149e-01	1.5529e-01	3.7426e-05	1.1755e-36	1.1755e-36	5.2638e-23	0.00e+00	0.00e+00	2.4161e-01
3.59700e+17	6.3989e+03	3.200e-22	1.0000e+01	1.0692e+01	1.9119e-11	1.3289e-02	9.8671e-01	4.8037e-02	9.5017e-01	1.7954e-03	6.7907e-15	1.9442e-03	4.8466e-01	5.1320e-01	2.0093e-04	1.3432e-02	8.3548e-01	1.5106e-01	3.1411e-05	1.1755e-36	1.1755e-36	5.3557e-23	0.00e+00	0.00e+00	3.6049e-01
5.22631e+17	6.2722e+03	3.135e-22	1.0000e+01	1.0687e+01	2.2618e-11	1.3671e-02	9.8633e-01	5.0088e-02	9.4838e-01	1.5304e-03	7.3746e-15	2.0250e-03	4.9586e-01	5.0193e-01	1.8388e-04	1.3974e-02	8.4194e-01	1.4407e-01	2.4402e-05	1.1755e-36	1.1755e-36	5.7550e-23	0.00e+00	0.00e+00	5.1950e-01
7.34442e+17	6.1580e+03	3.086e-22	1.0000e+01	1.0677e+01	2.8020e-11	1.4421e-02	9.8558e-01	5.3113e-02	9.4566e-01	1.2231e-03	8.5189e-15	2.1570e-03	5.1141e-01	4.8627e-01	1.6227e-04	1.4972e-02	8.5143e-01	1.3358e-01	1.7064e-05	1.1755e-36	1.1755e-36	6.7013e-23	0.00e+00	0.00e+00	7.3753e-01
1.00980e+18	6.0690e+03	3.060e-22	1.0000e+01	1.0659e+01	3.6911e-11	1.5792e-02	9.8421e-01	5.7735e-02	9.4137e-01	8.9999e-04	1.0789e-14	2.3722e-03	5.3331e-01	4.6418e-01	1.3613e-04	1.6744e-02	8.6460e-01	1.1864e-01	1.0299e-05	1.1755e-36	1.1755e-36	8.8206e-23	0.00e+00	0.00e+00	1.0479e+00
1.31512e+18	6.0202e+03	3.065e-22	1.0000e+01	1.0637e+01	4.9943e-11	1.7808e-02	9.8219e-01	6.3660e-02	9.3570e-01	6.3723e-04	1.4586e-14	2.6572e-03	5.5879e-01	4.3844e-01	1.1076e-04	1.9311e-02	8.7874e-01	1.0194e-01	5.7049e-06	1.1755e-36	1.1755e-36	1.2793e-22	0.00e+00	0.00e+00	1.3846e+00
1.58646e+18	6.0461e+03	3.098e-22	1.0000e+01	1.0601e+01	6.4635e-11	2.0295e-02	9.7970e-01	7.0073e-02	9.2946e-01	4.6781e-04	2.0086e-14	2.9703e-03	5.8323e-01	4.1371e-01	9.0430e-05	2.2448e-02	8.9092e-01	8.6625e-02	3.2209e-06	1.1755e-36	1.1755e-36	1.9368e-22	0.00e+00	0.00e+00	1.6964e+00
1.81033e+18	6.0853e+03	3.159e-22	1.0000e+01	1.0571e+01	8.3230e-11	2.3212e-02	9.7679e-01	7.6894e-02	9.2274e-01	3.6163e-04	2.7829e-14	3.2973e-03	6.0663e-01	3.9000e-01	7.4141e-05	2.6100e-02	9.0045e-01	7.3447e-02	1.9028e-06	1.1755e-36	1.1755e-36	2.9804e-22	0.00e+00	0.00e+00	1.9961e+00
2.00655e+18	6.1524e+03	3.222e-22	1.0000e+01	1.0529e+01	1.0484e-10	2.6572e-02	9.7343e-01	8.4334e-02	9.1538e-01	2.8838e-04	3.8544e-14	3.6355e-03	6.2920e-01	3.6710e-01	6.0760e-05	3.0299e-02	9.0777e-01	6.1929e-02	1.1479e-06	1.1755e-36	1.1755e-36	4.6129e-22	0.00e+00	0.00e+00	2.3115e+00
2.19370e+18	6.2276e+03	3.295e-22	1.0000e+01	1.0478e+01	1.3478e-10	3.0797e-02	9.6920e-01	9.3128e-02	9.0664e-01	2.3214e-04	5.4913e-14	4.0082e-03	6.5303e-01	3.4291e-01	4.8759e-05	3.5568e-02	9.1323e-01	5.1203e-02	6.7666e-07	1.1755e-36	1.1755e-36	7.4439e-22	0.00e+00	0.00e+00	2.6738e+00
2.37794e+18	6.3148e+03	3.381e-22	1.0000e+01	1.0421e+01	1.7870e-10	3.6376e-02	9.6362e-01	1.0398e-01	8.9583e-01	1.8729e-04	8.1699e-14	4.4312e-03	6.7888e-01	3.1665e-01	3.7853e-05	4.2503e-02	9.1639e-01	4.1106e-02	3.8145e-07	1.1755e-36	1.1755e-36	1.2799e-21	0.00e+00	0.00e+00	3.0923e+00
2.55083e+18	6.4151e+03	3.464e-22	1.0000e+01	1.0330e+01	2.4028e-10	4.3435e-02	9.5656e-01	1.1689e-01	8.8296e-01	1.5299e-04	1.2415e-13	4.8666e-03	7.0496e-01	2.9015e-01	2.8734e-05	5.1248e-02	9.1644e-01	3.2308e-02	2.1097e-07	1.1755e-36	1.1755e-36	2.2749e-21	0.00e+00	0.00e+00	3.5410e+00
2.70513e+18	6.5116e+03	3.544e-22	1.0000e+01	1.0230e+01	3.2825e-10	5.2135e-02	9.4787e-01	1.3159e-01	8.6828e-01	1.2749e-04	1.9080e-13	5.2982e-03	7.3058e-01	2.6410e-01	2.1453e-05	6.1973e-02	9.1297e-01	2.5058e-02	1.1755e-36	1.1755e-36	1.1755e-36	4.1226e-21	0.00e+00	0.00e+00	4.0184e+00
2.83942e+18	6.5976e+03	3.617e-22	1.0000e+01	1.0128e+01	4.5330e-10	6.2594e-02	9.3741e-01	1.4781e-01	8.5208e-01	1.0860e-04	2.9355e-13	5.7078e-03	7.5495e-01	2.3933e-01	1.5876e-05	7.4798e-02	9.0588e-01	1.9321e-02	1.1755e-36	1.1755e-36	1.1755e-36	7.5136e-21	0.00e+00	0.00e+00	4.5068e+00
2.95299e+18	6.6729e+03	3.664e-22	1.0000e+01	9.9980e+00	6.2040e-10	7.4460e-02	9.2554e-01	1.6500e-01	8.3491e-01	9.4525e-05	4.4142e-13	6.0560e-03	7.7679e-01	2.1714e-01	1.1834e-05	8.9261e-02	8.9575e-01	1.4991e-02	1.1755e-36	1.1755e-36	1.1755e-36	1.3296e-20	0.00e+00	0.00e+00	4.9937e+00
3.04994e+18	6.7339e+03	3.684e-22	1.0000e+01	9.8394e+00	8.4263e-10	8.7702e-02	9.1230e-01	1.8308e-01	8.1683e-01	8.3599e-05	6.4858e-13	6.3385e-03	7.9632e-01	1.9733e-01	8.8987e-06	1.0530e-01	8.8298e-01	1.1721e-02	1.1755e-36	1.1755e-36	1.1755e-36	2.2812e-20	0.00e+00	0.00e+00	5.4940e+00
3.13611e+18	6.7920e+03	3.677e-22	1.0000e+01	9.6606e+00	1.1381e-09	1.0280e-01	8.9720e-01	2.0253e-01	7.9739e-01	7.4597e-05	9.4422e-13	6.5675e-03	8.1432e-01	1.7911e-01	6.6946e-06	1.2345e-01	8.6739e-01	9.1613e-03	1.1755e-36	1.1755e-36	1.1755e-36	3.8738e-20	0.00e+00	0.00e+00	6.0263e+00
3.21437e+18	6.8167e+03	3.655e-22	1.0000e+01	9.4647e+00	1.5858e-09	1.2072e-01	8.7928e-01	2.2389e-01	7.7604e-01	6.6976e-05	1.3867e-12	6.7594e-03	8.3156e-01	1.6168e-01	4.9873e-06	1.4482e-01	8.4807e-01	7.1125e-03	1.1755e-36	1.1755e-36	1.1755e-36	6.6770e-20	0.00e+00	0.00e+00	6.5943e+00
3.28419e+18	6.8382e+03	3.603e-22	1.0000e+01	9.2412e+00	2.1984e-09	1.4106e-01	8.5894e-01	2.4633e-01	7.5361e-01	6.0689e-05	2.0197e-12	6.8892e-03	8.4719e-01	1.4592e-01	3.7255e-06	1.6885e-01	8.2563e-01	5.5201e-03	1.1755e-36	1.1755e-36	1.1755e-36	1.1423e-19	0.00e+00	0.00e+00	7.1744e+00
3.34541e+18	6.8438e+03	3.526e-22	1.0000e+01	8.9966e+00	3.0421e-09	1.6356e-01	8.3644e-01	2.6929e-01	7.3065e-01	5.5500e-05	2.9021e-12	6.9599e-03	8.6113e-01	1.3191e-01	2.8067e-06	1.9515e-01	8.0054e-01	4.3069e-03	1.1755e-36	1.1755e-36	1.1755e-36	1.9252e-19	0.00e+00	0.00e+00	7.7664e+00
3.39999e+18	6.8362e+03	3.424e-22	1.0000e+01	8.7288e+00	4.2034e-09	1.8836e-01	8.1164e-01	2.9272e-01	7.0723e-01	5.1143e-05	4.1257e-12	6.9745e-03	8.7365e-01	1.1937e-01	2.1294e-06	2.2381e-01	7.7282e-01	3.3709e-03	1.1755e-36	1.1755e-36	1.1755e-36	3.2117e-19	0.00e+00	0.00e+00	8.3830e+00
3.44989e+18	6.8253e+03	3.294e-22	1.0000e+01	8.4319e+00	5.7809e-09	2.1575e-01	7.8425e-01	3.1664e-01	6.8331e-01	4.7435e-05	5.8270e-12	6.9307e-03	8.8498e-01	1.0809e-01	1.6225e-06	2.5506e-01	7.4230e-01	2.6360e-03	1.1755e-36	1.1755e-36	1.1755e-36	5.3405e-19	0.00e+00	0.00e+00	9.0362e+00
3.49626e+18	6.7785e+03	3.146e-22	1.0000e+01	8.1043e+00	8.1881e-09	2.4685e-01	7.5315e-01	3.4196e-01	6.5800e-01	4.4007e-05	8.2996e-12	6.8395e-03	8.9557e-01	9.7588e-02	1.2327e-06	2.9006e-01	7.0789e-01	2.0496e-03	1.1755e-36	1.1755e-36	1.1755e-36	9.0680e-19	0.00e+00	0.00e+00	9.7345e+00
3.53917e+18	6.7271e+03	2.971e-22	1.0000e+01	7.7415e+00	1.1566e-08	2.8086e-01	7.1914e-01	3.6714e-01	6.3281e-01	4.1192e-05	1.1766e-11	6.6887e-03	9.0510e-01	8.8209e-02	9.4156e-07	3.2775e-01	6.7066e-01	1.5900e-03	1.1755e-36	1.1755e-36	1.1755e-36	1.5449e-18	0.00e+00	0.00e+00	1.0462e+01
3.56670e+18	6.6855e+03	2.847e-22	1.0000e+01	7.4799e+00	1.4826e-08	3.0721e-01	6.9279e-01	3.8296e-01	6.1700e-01	3.9816e-05	1.5080e-11	6.5558e-03	9.1074e-01	8.2702e-02	7.8793e-07	3.5653e-01	6.4214e-01	1.3322e-03	1.1755e-36	1.1755e-36	1.1755e-36	2.2862e-18	0.00e+00	0.00e+00	1.0734e+01
3.57691e+18	6.6784e+03	2.791e-22	1.0000e+01	7.3660e+00	1.6086e-08	3.1683e-01	6.8317e-01	3.8877e-01	6.1119e-01	3.9367e-05	1.6419e-11	6.4871e-03	9.1264e-01	8.0868e-02	7.3972e-07	3.6695e-01	6.3180e-01	1.2482e-03	1.1755e-36	1.1755e-36	1.1755e-36	2.6148e-18	0.00e+00	0.00e+00	1.0862e+01
3.58418e+18	6.6602e+03	2.752e-22	1.0000e+01	7.2840e+00	1.7251e-08	3.2407e-01	6.7593e-01	3.9375e-01	6.0621e-01	3.8890e-05	1.7532e-11	6.4409e-03	9.1426e-01	7.9300e-02	7.0350e-07	3.7476e-01	6.2405e-01	1.1888e-03	1.1755e-36	1.1755e-36	1.1755e-36	2.9003e-18	0.00e+00	0.00e+00	1.1029e+01
3.59356e+18	6.6346e+03	2.703e-22	1.0000e+01	7.1905e+00	1.8970e-08	3.3405e-01	6.6595e-01	4.0045e-01	5.9952e-01	3.8275e-05	1.9207e-11	6.3918e-03	9.1643e-01	7.7182e-02	6.5726e-07	3.8550e-01	6.1338e-01	1.1133e-03	1.1755e-36	1.1755e-36	1.1755e-36	3.3548e-18	0.00e+00	0.00e+00	1.1252e+01
3.60471e+18	6.6105e+03	2.640e-22	1.0000e+01	7.0668e+00	2.1088e-08	3.4587e-01	6.5413e-01	4.0801e-01	5.9196e-01	3.7637e-05	2.1306e-11	6.3178e-03	9.1880e-01	7.4880e-02	6.0809e-07	3.9814e-01	6.0083e-01	1.0303e-03	1.1755e-36	1.1755e-36	1.1755e-36	3.9621e-18	0.00e+00	0.00e+00	1.1508e+01
3.61639e+18	6.5788e+03	2.572e-22	1.0000e+01	6.9319e+00	2.3726e-08	3.5884e-01	6.4116e-01	4.1602e-01	5.8395e-01	3.6991e-05	2.3838e-11	6.2353e-03	9.2125e-01	7.2513e-02	5.6007e-07	4.1193e-01	5.8712e-01	9.4849e-04	1.1755e-36	1.1755e-36	1.1755e-36	4.7555e-18	0.00e+00	0.00e+00	1.1772e+01
3.62745e+18	6.5500e+03	2.505e-22	1.0000e+01	6.7961e+00	2.6502e-08	3.7139e-01	6.2861e-01	4.2341e-01	5.7655e-01	3.6456e-05	2.6500e-11	6.1473e-03	9.2347e-01	7.0383e-02	5.1854e-07	4.2521e-01	5.7392e-01	8.7628e-04	1.1755e-36	1.1755e-36	1.1755e-36	5.6581e-18	0.00e+00	0.00e+00	1.2018e+01
3.63769e+18	6.5215e+03	2.441e-22	1.0000e+01	6.6673e+00	2.9432e-08	3.8341e-01	6.1659e-01	4.3043e-01	5.6954e-01	3.5966e-05	2.9298e-11	6.0620e-03	9.2552e-01	6.8419e-02	4.8229e-07	4.3784e-01	5.6134e-01	8.1295e-04	1.1755e-36	1.1755e-36	1.1755e-36	6.6804e-18	0.00e+00	0.00e+00	1.2260e+01
3.64771e+18	6.4915e+03	2.377e-22	1.0000e+01	6.5393e+00	3.2702e-08	3.9557e-01	6.0443e-01	4.3746e-01	5.6250e-01	3.5486e-05	3.2408e-11	5.9756e-03	9.2753e-01	6.6497e-02	4.4872e-07	4.5056e-01	5.4869e-01	7.5410e-04	1.1755e-36	1.1755e-36	1.1755e-36	7.9055e-18	0.00e+00	0.00e+00	1.2511e+01
3.65776e+18	6.4582e+03	2.310e-22	1.0000e+01	6.4029e+00	3.6438e-08	4.0796e-01	5.9204e-01	4.4449e-01	5.5547e-01	3.5031e-05	3.5873e-11	5.8808e-03	9.2948e-01	6.4639e-02	4.1759e-07	4.6344e-01	5.3586e-01	6.9895e-04	1.1755e-36	1.1755e-36	1.1755e-36	9.3843e-18	0.00e+00	0.00e+00	1.2770e+01
3.66769e+18	6.4194e+03	2.246e-22	1.0000e+01	6.2749e+00	4.0885e-08	4.2103e-01	5.7897e-01	4.5181e-01	5.4816e-01	3.4543e-05	3.9992e-11	5.7926e-03	9.3148e-01	6.2731e-02	3.8773e-07	4.7695e-01	5.2240e-01	6.4644e-04	1.1755e-36	1.1755e-36	1.1755e-36	1.1296e-17	0.00e+00	0.00e+00	1.3030e+01
3.67709e+18	6.3911e+03	2.181e-22	1.0000e+01	6.1389e+00	4.5123e-08	4.3295e-01	5.6705e-01	4.5814e-01	5.4182e-01	3.4210e-05	4.3976e-11	5.6923e-03	9.3318e-01	6.1125e-02	3.6286e-07	4.8921e-01	5.1019e-01	6.0114e-04	1.1755e-36	1.1755e-36	1.1755e-36	1.3296e-17	0.00e+00	0.00e+00	1.3276e+01
3.68639e+18	6.3497e+03	2.117e-22	1.0000e+01	6.0087e+00	5.0488e-08	4.4559e-01	5.5441e-01	4.6501e-01	5.3496e-01	3.3805e-05	4.8816e-11	5.5986e-03	9.3499e-01	5.9408e-02	3.3839e-07	5.0213e-01	4.9731e-01	5.5770e-04	1.1755e-36	1.1755e-36	1.1755e-36	1.5947e-17	0.00e+00	0.00e+00	1.3546e+01
3.69570e+18	6.3084e+03	2.054e-22	1.0000e+01	5.8799e+00	5.6558e-08	4.5862e-01	5.4138e-01	4.7188e-01	5.2808e-01	3.3410e-05	5.4369e-11	5.5040e-03	9.3677e-01	5.7730e-02	3.1547e-07	5.1538e-01	4.8411e-01	5.1662e-04	1.1755e-36	1.1755e-36	1.1755e-36	1.9265e-17	0.00e+00	0.00e+00	1.3808e+01
3.70442e+18	6.2708e+03	1.992e-22	1.0000e+01	5.7513e+00	6.2765e-08	4.7073e-01	5.2927e-01	4.7805e-01	5.2191e-01	3.3110e-05	6.0018e-11	5.4067e-03	9.3834e-01	5.6249e-02	2.9588e-07	5.2761e-01	4.7191e-01	4.8094e-04	1.1755e-36	1.1755e-36	1.1755e-36	2.2951e-17	0.00e+00	0.00e+00	1.4058e+01
3.71288e+18	6.2357e+03	1.931e-22	1.0000e+01	5.6221e+00	6.9295e-08	4.8240e-01	5.1760e-01	4.8408e-01	5.1588e-01	3.2823e-05	6.6004e-11	5.3071e-03	9.3983e-01	5.4858e-02	2.7815e-07	5.3934e-01	4.6021e-01	4.4852e-04	1.1755e-36	1.1755e-36	1.1755e-36	2.7179e-17	0.00e+00	0.00e+00	1.4317e+01
3.72165e+18	6.1884e+03	1.870e-22	1.0000e+01	5.4908e+00	7.7710e-08	4.9512e-01	5.0488e-01	4.9058e-01	5.0939e-01	3.2510e-05	7.3496e-11	5.2068e-03	9.4144e-01	5.3354e-02	2.6024e-07	5.5206e-01	4.4753e-01	4.1629e-04	1.1755e-36	1.1755e-36	1.1755e-36	3.2998e-17	0.00e+00	0.00e+00	1.4599e+01
3.73033e+18	6.1416e+03	1.809e-22	1.0000e+01	5.3636e+00	8.7150e-08	5.0804e-01	4.9196e-01	4.9703e-01	5.0294e-01	3.2198e-05	8.2064e-11	5.1081e-03	9.4299e-01	5.1900e-02	2.4363e-07	5.6490e-01	4.3471e-01	3.8615e-04	1.1755e-36	1.1755e-36	1.1755e-36	4.0308e-17	0.00e+00	0.00e+00	1.4866e+01
3.73834e+18	6.1076e+03	1.751e-22	1.0000e+01	5.2362e+00	9.5747e-08	5.1933e-01	4.8067e-01	5.0240e-01	4.9757e-01	3.2030e-05	9.0072e-11	5.0054e-03	9.4429e-01	5.0702e-02	2.3001e-07	5.7606e-01	4.2357e-01	3.6078e-04	1.1755e-36	1.1755e-36	1.1755e-36	4.7746e-17	0.00e+00	0.00e+00	1.5119e+01
3.74647e+18	6.0584e+03	1.693e-22	1.0000e+01	5.1099e+00	1.0704e-07	5.3144e-01	4.6856e-01	5.0849e-01	4.9147e-01	3.1766e-05	1.0022e-10	4.9053e-03	9.4571e-01	4.9380e-02	2.1620e-07	5.8796e-01	4.1170e-01	3.3591e-04	1.1755e-36	1.1755e-36	1.1755e-36	5.8115e-17	0.00e+00	0.00e+00	1.5406e+01
3.75482e+18	6.0055e+03	1.634e-22	1.0000e+01	4.9807e+00	1.2037e-07	5.4405e-01	4.5595e-01	5.1462e-01	4.8535e-01	3.1513e-05	1.1225e-10	4.8020e-03	9.4712e-01	4.8075e-02	2.0301e-07	6.0030e-01	3.9939e-01	3.1196e-04	1.1755e-36	1.1755e-36	1.1755e-36	7.1719e-17	0.00e+00	0.00e+00	1.5685e+01
3.76255e+18	5.9571e+03	1.581e-22	1.0000e+01	4.8627e+00	1.3416e-07	5.5583e-01	4.4417e-01	5.2025e-01	4.7972e-01	3.1297e-05	1.2497e-10	4.7063e-03	9.4840e-01	4.6891e-02	1.9153e-07	6.1175e-01	3.8795e-01	2.9105e-04	1.1755e-36	1.1755e-36	1.1755e-36	8.7583e-17	0.00e+00	0.00e+00	1.5943e+01
3.76978e+18	5.9196e+03	1.529e-22	1.0000e+01	4.7464e+00	1.4702e-07	5.6628e-01	4.3372e-01	5.2511e-01	4.7485e-01	3.1181e-05	1.3720e-10	4.6095e-03	9.4952e-01	4.5873e-02	1.8178e-07	6.2186e-01	3.7787e-01	2.7304e-04	1.1755e-36	1.1755e-36	1.1755e-36	1.0419e-16	0.00e+00	0.00e+00	1.6198e+01
3.77743e+18	5.8656e+03	1.476e-22	1.0000e+01	4.6259e+00	1.6452e-07	5.7785e-01	4.2215e-01	5.3089e-01	4.6908e-01	3.0959e-05	1.5343e-10	4.5107e-03	9.5078e-01	4.4712e-02	1.7147e-07	6.3301e-01	3.6674e-01	2.5465e-04	1.1755e-36	1.1755e-36	1.1755e-36	1.2849e-16	0.00e+00	0.00e+00	1.6495e+01
3.78534e+18	5.8131e+03	1.423e-22	1.0000e+01	4.5020e+00	1.8418e-07	5.8973e-01	4.1027e-01	5.3648e-01	4.6349e-01	3.0791e-05	1.7218e-10	4.4074e-03	9.5200e-01	4.3592e-02	1.6172e-07	6.4439e-01	3.5537e-01	2.3694e-04	1.1755e-36	1.1755e-36	1.1755e-36	1.5961e-16	0.00e+00	0.00e+00	1.6781e+01
3.79277e+18	5.7612e+03	1.373e-22	1.0000e+01	4.3859e+00	2.0530e-07	6.0089e-01	3.9911e-01	5.4174e-01	4.5823e-01	3.0637e-05	1.9258e-10	4.3101e-03	9.5313e-01	4.2557e-02	1.5307e-07	6.5503e-01	3.4475e-01	2.2133e-04	1.1755e-36	1.1755e-36	1.1755e-36	1.9715e-16	0.00e+00	0.00e+00	1.7053e+01
3.79985e+18	5.7000e+03	1.327e-22	1.0000e+01	4.2784e+00	2.3077e-07	6.1198e-01	3.8802e-01	5.4722e-01	4.5275e-01	3.0410e-05	2.1710e-10	4.2213e-03	9.5426e-01	4.1521e-02	1.4495e-07	6.6556e-01	3.3423e-01	2.0702e-04	1.1755e-36	1.1755e-36	1.1755e-36	2.4741e-16	0.00e+00	0.00e+00	1.7323e+01
3.80651e+18	5.6573e+03	1.283e-22	1.0000e+01	4.1734e+00	2.5299e-07	6.2159e-01	3.7841e-01	5.5160e-01	4.4837e-01	3.0339e-05	2.3968e-10	4.1311e-03	9.5520e-01	4.0673e-02	1.3823e-07	6.7463e-01	3.2517e-01	1.9480e-04	1.1755e-36	1.1755e-36	1.1755e-36	2.9821e-16	0.00e+00	0.00e+00	1.7572e+01
3.81328e+18	5.5989e+03	1.239e-22	1.0000e+01	4.0667e+00	2.8230e-07	6.3167e-01	3.6833e-01	5.5661e-01	4.4336e-01	3.0182e-05	2.6883e-10	4.0409e-03	9.5622e-01	3.9742e-02	1.3137e-07	6.8412e-01	3.1570e-01	1.8283e-04	1.1755e-36	1.1755e-36	1.1755e-36	3.7078e-16	0.00e+00	0.00e+00	1.7859e+01
3.82035e+18	5.5399e+03	1.195e-22	1.0000e+01	3.9609e+00	3.1621e-07	6.4233e-01	3.5767e-01	5.6182e-01	4.3815e-01	3.0010e-05	3.0403e-10	3.9508e-03	9.5726e-01	3.8794e-02	1.1755e-36	6.9410e-01	3.0573e-01	1.7094e-04	1.1755e-36	1.1755e-36	1.1755e-36	4.6793e-16	0.00e+00	0.00e+00	1.8140e+01
3.82705e+18	5.4862e+03	1.154e-22	1.0000e+01	3.8578e+00	3.5074e-07	6.5205e-01	3.4795e-01	5.6642e-01	4.3355e-01	2.9912e-05	3.4072e-10	3.8617e-03	9.5818e-01	3.7957e-02	1.1755e-36	7.0315e-01	2.9669e-01	1.6054e-04	1.1755e-36	1.1755e-36	1.1755e-36	5.8062e-16	0.00e+00	0.00e+00	1.8407e+01
3.83358e+18	5.4312e+03	1.115e-22	1.0000e+01	3.7591e+00	3.8896e-07	6.6147e-01	3.3853e-01	5.7105e-01	4.2892e-01	2.9795e-05	3.8232e-10	3.7765e-03	9.5909e-01	3.7134e-02	1.1755e-36	7.1190e-01	2.8795e-01	1.5092e-04	1.1755e-36	1.1755e-36	1.1755e-36	7.2181e-16	0.00e+00	0.00e+00	1.8681e+01
3.84021e+18	5.3768e+03	1.075e-22	1.0000e+01	3.6606e+00	4.3120e-07	6.7092e-01	3.2908e-01	5.7571e-01	4.2426e-01	2.9684e-05	4.2997e-10	3.6908e-03	9.5999e-01	3.6317e-02	1.1755e-36	7.2062e-01	2.7923e-01	1.4169e-04	1.1755e-36	1.1755e-36	1.1755e-36	9.0055e-16	0.00e+00	0.00e+00	1.8965e+01
3.84697e+18	5.3151e+03	1.036e-22	1.0000e+01	3.5595e+00	4.8193e-07	6.8050e-01	3.1950e-01	5.8053e-01	4.1944e-01	2.9559e-05	4.8794e-10	3.6031e-03	9.6090e-01	3.5499e-02	1.1755e-36	7.2943e-01	2.7044e-01	1.3288e-04	1.1755e-36	1.1755e-36	1.1755e-36	1.1432e-15	0.00e+00	0.00e+00	1.9258e+01
3.85363e+18	5.2607e+03	9.986e-23	1.0000e+01	3.4615e+00	5.3315e-07	6.8955e-01	3.1045e-01	5.8489e-01	4.1508e-01	2.9501e-05	5.4926e-10	3.5163e-03	9.6174e-01	3.4744e-02	1.1755e-36	7.3773e-01	2.6214e-01	1.2478e-04	1.1755e-36	1.1755e-36	1.1755e-36	1.4283e-15	0.00e+00	0.00e+00	1.9541e+01
3.86025e+18	5.1985e+03	9.625e-23	1.0000e+01	3.3690e+00	5.9530e-07	6.9887e-01	3.0113e-01	5.8982e-01	4.1015e-01	2.9338e-05	6.2573e-10	3.4359e-03	9.6262e-01	3.3943e-02	1.1755e-36	7.4624e-01	2.5364e-01	1.1699e-04	1.1755e-36	1.1755e-36	1.1755e-36	1.8232e-15	0.00e+00	0.00e+00	1.9839e+01
3.86686e+18	5.1298e+03	9.276e-23	1.0000e+01	3.2740e+00	6.6807e-07	7.0796e-01	2.9204e-01	5.9451e-01	4.0546e-01	2.9209e-05	7.1643e-10	3.3530e-03	9.6346e-01	3.3190e-02	1.1755e-36	7.5451e-01	2.4538e-01	1.0981e-04	1.1755e-36	1.1755e-36	1.1755e-36	2.3512e-15	0.00e+00	0.00e+00	2.0128e+01
3.87306e+18	5.0747e+03	8.954e-23	1.0000e+01	3.1874e+00	7.3561e-07	7.1610e-01	2.8390e-01	5.9862e-01	4.0135e-01	2.9140e-05	8.0582e-10	3.2760e-03	9.6420e-01	3.2524e-02	1.1755e-36	7.6188e-01	2.3801e-01	1.0351e-04	1.1755e-36	1.1755e-36	1.1755e-36	2.9285e-15	0.00e+00	0.00e+00	2.0396e+01
3.87926e+18	5.0114e+03	8.640e-23	1.0000e+01	3.1016e+00	8.1640e-07	7.2427e-01	2.7572e-01	6.0308e-01	3.9689e-01	2.9013e-05	9.1486e-10	3.2004e-03	9.6497e-01	3.1832e-02	1.1755e-36	7.6926e-01	2.3064e-01	9.7491e-05	1.1755e-36	1.1755e-36	1.1755e-36	3.7094e-15	0.00e+00	0.00e+00	2.0692e+01
3.88576e+18	4.9398e+03	8.323e-23	1.0000e+01	3.0117e+00	9.1337e-07	7.3273e-01	2.6727e-01	6.0769e-01	3.9228e-01	2.8884e-05	1.0203e-09	3.1216e-03	9.6580e-01	3.1079e-02	1.1755e-36	7.7688e-01	2.2303e-01	9.1587e-05	1.1755e-36	1.1755e-36	1.1755e-36	4.5623e-15	0.00e+00	0.00e+00	2.0994e+01
3.89211e+18	4.8727e+03	8.024e-23	1.0000e+01	2.9285e+00	1.0146e-06	7.4091e-01	2.5909e-01	6.1221e-01	3.8776e-01	2.8744e-05	1.1269e-09	3.0484e-03	9.6661e-01	3.0346e-02	1.1755e-36	7.8421e-01	2.1570e-01	8.6124e-05	1.1755e-36	1.1755e-36	1.1755e-36	5.5106e-15	0.00e+00	0.00e+00	2.1282e+01
3.89827e+18	4.8058e+03	7.741e-23	1.0000e+01	2.8477e+00	1.1226e-06	7.4861e-01	2.5139e-01	6.1658e-01	3.8339e-01	2.8615e-05	1.2384e-09	2.9772e-03	9.6738e-01	2.9645e-02	1.1755e-36	7.9110e-01	2.0882e-01	8.1150e-05	1.1755e-36	1.1755e-36	1.1755e-36	6.5921e-15	0.00e+00	0.00e+00	2.1574e+01
3.90456e+18	4.7355e+03	7.461e-23	1.0000e+01	2.7668e+00	1.2437e-06	7.5634e-01	2.4365e-01	6.2111e-01	3.7886e-01	2.8468e-05	1.3616e-09	2.9059e-03	9.6816e-01	2.8932e-02	1.1755e-36	7.9799e-01	2.0194e-01	7.6351e-05	1.1755e-36	1.1755e-36	1.1755e-36	7.8914e-15	0.00e+00	0.00e+00	2.1880e+01
3.91106e+18	4.6617e+03	7.180e-23	1.0000e+01	2.6848e+00	1.3793e-06	7.6417e-01	2.3583e-01	6.2577e-01	3.7420e-01	2.8314e-05	1.4975e-09	2.8337e-03	9.6896e-01	2.8210e-02	1.1755e-36	8.0494e-01	1.9499e-01	7.1690e-05	1.1755e-36	1.1755e-36	1.1755e-36	9.4498e-15	0.00e+00	0.00e+00	2.2198e+01
3.91771e+18	4.5854e+03	6.904e-23	1.0000e+01	2.6028e+00	1.5281e-06	7.7199e-01	2.2801e-01	6.3052e-01	3.6945e-01	2.8153e-05	1.6440e-09	2.7614e-03	9.6975e-01	2.7486e-02	1.1755e-36	8.1185e-01	1.8808e-01	6.7224e-05	1.1755e-36	1.1755e-36	1.1755e-36	1.1274e-14	0.00e+00	0.00e+00	2.2525e+01
3.92450e+18	4.5076e+03	6.630e-23	1.0000e+01	2.5195e+00	1.6866e-06	7.7965e-01	2.2034e-01	6.3522e-01	3.6475e-01	2.8011e-05	1.7964e-09	2.6877e-03	9.7054e-01	2.6772e-02	1.1755e-36	8.1862e-01	1.8132e-01	6.2983e-05	1.1755e-36	1.1755e-36	1.1755e-36	1.3326e-14	0.00e+00	0.00e+00	2.2863e+01
3.93160e+18	4.4268e+03	6.354e-23	1.0000e+01	2.4356e+00	1.8581e-06	7.8749e-01	2.1251e-01	6.4023e-01	3.5974e-01	2.7844e-05	1.9600e-09	2.6133e-03	9.7135e-01	2.6033e-02	1.1755e-36	8.2551e-01	1.7443e-01	5.8810e-05	1.1755e-36	1.1755e-36	1.1755e-36	1.5689e-14	0.00e+00	0.00e+00	2.3227e+01
3.93922e+18	4.3337e+03	6.071e-23	1.0000e+01	2.3493e+00	2.0598e-06	7.9593e-01	2.0407e-01	6.4593e-01	3.5404e-01	2.7592e-05	2.1446e-09	2.5381e-03	9.7224e-01	2.5223e-02	1.1755e-36	8.3290e-01	1.6705e-01	5.4571e-05	1.1755e-36	1.1755e-36	1.1755e-36	1.8550e-14	0.00e+00	0.00e+00	2.3626e+01
3.94716e+18	4.2371e+03	5.790e-23	1.0000e+01	2.2603e+00	2.2670e-06	8.0431e-01	1.9569e-01	6.5155e-01	3.4842e-01	2.7374e-05	2.3256e-09	2.4602e-03	9.7311e-01	2.4430e-02	1.1755e-36	8.4021e-01	1.5974e-01	5.0537e-05	1.1755e-36	1.1755e-36	1.1755e-36	2.1550e-14	0.00e+00	0.00e+00	2.4030e+01
3.95503e+18	4.1444e+03	5.524e-23	1.0000e+01	2.1755e+00	2.4623e-06	8.1229e-01	1.8771e-01	6.5703e-01	3.4295e-01	2.7163e-05	2.4919e-09	2.3859e-03	9.7394e-01	2.3672e-02	1.1755e-36	8.4715e-01	1.5281e-01	4.6843e-05	1.1755e-36	1.1755e-36	1.1755e-36	2.4436e-14	0.00e+00	0.00e+00	2.4429e+01
3.96280e+18	4.0451e+03	5.274e-23	1.0000e+01	2.0935e+00	2.6558e-06	8.2003e-01	1.7997e-01	6.6261e-01	3.3736e-01	2.6910e-05	2.6390e-09	2.3152e-03	9.7476e-01	2.2926e-02	1.1755e-36	8.5387e-01	1.4609e-01	4.3443e-05	1.1755e-36	1.1755e-36	1.1755e-36	2.7075e-14	0.00e+00	0.00e+00	2.4830e+01
3.97053e+18	3.9495e+03	5.033e-23	1.0000e+01	2.0138e+00	2.8277e-06	8.2754e-01	1.7246e-01	6.6797e-01	3.3201e-01	2.6688e-05	2.7627e-09	2.2464e-03	9.7554e-01	2.2218e-02	1.1755e-36	8.6035e-01	1.3960e-01	4.0274e-05	1.1755e-36	1.1755e-36	1.1755e-36	2.9315e-14	0.00e+00	0.00e+00	2.5233e+01
