#depth	Te	Htot	hden	eden	2H_2/H	HI	HII	HeI	HeII	HeIII	CO/C	C1	C2	C3	C4	O1	O2	O3	O4	O5	O6	H2O/O	AV(point)	AV(extend)	Tau912
6.90205e+13	6.1980e+03	2.701e-21	2.7826e+01	2.8230e+01	8.1302e-10	6.1804e-02	9.3820e-01	1.6923e-01	8.3017e-01	5.9946e-04	4.3229e-13	1.4837e-02	7.7903e-01	2.0612e-01	8.7777e-06	7.4638e-02	9.1209e-01	1.3275e-02	3.3040e-07	1.1755e-36	1.1755e-36	8.4481e-21	0.00e+00	0.00e+00	1.4992e-03
4.14123e+14	6.1890e+03	2.687e-21	2.7826e+01	2.8125e+01	8.1403e-10	6.1562e-02	9.3844e-01	1.6890e-01	8.3050e-01	6.0111e-04	4.2683e-13	1.4732e-02	7.7875e-01	2.0651e-01	8.8373e-06	7.4351e-02	9.1232e-01	1.3331e-02	3.3265e-07	1.1755e-36	1.1755e-36	8.2825e-21	0.00e+00	0.00e+00	7.4725e-03
1.79453e+15	6.1673e+03	2.673e-21	2.7826e+01	2.8110e+01	8.3298e-10	6.1597e-02	9.3840e-01	1.6956e-01	8.2984e-01	5.9796e-04	4.2804e-13	1.4709e-02	7.7956e-01	2.0572e-01	8.7833e-06	7.4410e-02	9.1229e-01	1.3301e-02	3.2995e-07	1.1755e-36	1.1755e-36	8.2918e-21	0.00e+00	0.00e+00	3.1379e-02
7.31617e+15	6.1042e+03	2.637e-21	2.7826e+01	2.8086e+01	9.1174e-10	6.2337e-02	9.3766e-01	1.7249e-01	8.2693e-01	5.8443e-04	4.4290e-13	1.4838e-02	7.8286e-01	2.0229e-01	8.4746e-06	7.5361e-02	9.1160e-01	1.3036e-02	3.1299e-07	1.1755e-36	1.1755e-36	8.6318e-21	0.00e+00	0.00e+00	1.2816e-01
1.74760e+16	5.8920e+03	2.531e-21	2.7826e+01	2.8089e+01	1.1080e-09	6.1705e-02	9.3829e-01	1.7713e-01	8.2231e-01	5.6334e-04	4.4018e-13	1.4799e-02	7.8836e-01	1.9683e-01	8.2156e-06	7.4732e-02	9.1220e-01	1.3070e-02	3.0686e-07	1.1755e-36	1.1755e-36	8.3798e-21	0.00e+00	0.00e+00	2.5269e-01
2.71612e+16	5.7032e+03	2.445e-21	2.7826e+01	2.8098e+01	1.3234e-09	6.1052e-02	9.3895e-01	1.8085e-01	8.1860e-01	5.4700e-04	4.3628e-13	1.4756e-02	7.9277e-01	1.9246e-01	8.0212e-06	7.4060e-02	9.1282e-01	1.3123e-02	3.0307e-07	1.1755e-36	1.1755e-36	8.1691e-21	0.00e+00	0.00e+00	3.3729e-01
3.42639e+16	5.6142e+03	2.405e-21	2.7826e+01	2.8084e+01	1.4773e-09	6.1377e-02	9.3862e-01	1.8364e-01	8.1583e-01	5.3566e-04	4.4557e-13	1.4851e-02	7.9581e-01	1.8933e-01	7.7879e-06	7.4523e-02	9.1253e-01	1.2949e-02	2.9155e-07	1.1755e-36	1.1755e-36	8.3870e-21	0.00e+00	0.00e+00	4.0545e-01
4.15316e+16	5.5656e+03	2.382e-21	2.7826e+01	2.8060e+01	1.6290e-09	6.2551e-02	9.3745e-01	1.8700e-01	8.1248e-01	5.2301e-04	4.6910e-13	1.5088e-02	7.9914e-01	1.8577e-01	7.4417e-06	7.6004e-02	9.1144e-01	1.2556e-02	2.7122e-07	1.1755e-36	1.1755e-36	9.0171e-21	0.00e+00	0.00e+00	4.9576e-01
5.09796e+16	5.5133e+03	2.359e-21	2.7826e+01	2.8013e+01	1.8464e-09	6.4383e-02	9.3562e-01	1.9153e-01	8.0797e-01	5.0704e-04	5.0615e-13	1.5438e-02	8.0340e-01	1.8116e-01	6.9843e-06	7.8295e-02	9.0971e-01	1.1999e-02	2.4462e-07	1.1755e-36	1.1755e-36	1.0058e-20	0.00e+00	0.00e+00	6.1659e-01
6.32621e+16	5.4665e+03	2.334e-21	2.7826e+01	2.7910e+01	2.1453e-09	6.7150e-02	9.3285e-01	1.9750e-01	8.0201e-01	4.8774e-04	5.6353e-13	1.5937e-02	8.0868e-01	1.7538e-01	6.4053e-06	8.1732e-02	9.0703e-01	1.1236e-02	2.1149e-07	1.1755e-36	1.1755e-36	1.1758e-20	0.00e+00	0.00e+00	7.8043e-01
7.92293e+16	5.4345e+03	2.312e-21	2.7826e+01	2.7774e+01	2.5732e-09	7.1553e-02	9.2845e-01	2.0583e-01	7.9371e-01	4.6365e-04	6.6105e-13	1.6691e-02	8.1549e-01	1.6782e-01	5.6621e-06	8.7161e-02	9.0265e-01	1.0190e-02	1.7134e-07	1.1755e-36	1.1755e-36	1.4862e-20	0.00e+00	0.00e+00	1.0074e+00
9.99866e+16	5.4316e+03	2.292e-21	2.7826e+01	2.7522e+01	3.1976e-09	7.8601e-02	9.2140e-01	2.1753e-01	7.8204e-01	4.3452e-04	8.3281e-13	1.7799e-02	8.2405e-01	1.5814e-01	4.7555e-06	9.5788e-02	8.9540e-01	8.8155e-03	1.1755e-36	1.1755e-36	1.1755e-36	2.0876e-20	0.00e+00	0.00e+00	1.3315e+00
1.23810e+17	5.4704e+03	2.282e-21	2.7826e+01	2.7204e+01	4.0344e-09	8.8832e-02	9.1117e-01	2.3192e-01	7.6767e-01	4.0541e-04	1.1204e-12	1.9232e-02	8.3345e-01	1.4731e-01	3.8229e-06	1.0821e-01	8.8449e-01	7.2984e-03	1.1755e-36	1.1755e-36	1.1755e-36	3.2359e-20	0.00e+00	0.00e+00	1.7090e+00
1.48820e+17	5.5646e+03	2.279e-21	2.7826e+01	2.6758e+01	5.0991e-09	1.0327e-01	8.9673e-01	2.4949e-01	7.5014e-01	3.7674e-04	1.6076e-12	2.0959e-02	8.4340e-01	1.3564e-01	2.9378e-06	1.2557e-01	8.6866e-01	5.7671e-03	1.1755e-36	1.1755e-36	1.1755e-36	5.5040e-20	0.00e+00	0.00e+00	2.1778e+00
1.73666e+17	5.6870e+03	2.282e-21	2.7826e+01	2.6169e+01	6.6045e-09	1.2284e-01	8.7716e-01	2.6974e-01	7.2991e-01	3.5069e-04	2.4387e-12	2.2831e-02	8.5343e-01	1.2374e-01	2.1780e-06	1.4888e-01	8.4674e-01	4.3852e-03	1.1755e-36	1.1755e-36	1.1755e-36	1.0200e-19	0.00e+00	0.00e+00	2.6927e+00
1.95029e+17	5.8233e+03	2.278e-21	2.7826e+01	2.5486e+01	8.4247e-09	1.4563e-01	8.5437e-01	2.8975e-01	7.0992e-01	3.3075e-04	3.6747e-12	2.4474e-02	8.6219e-01	1.1333e-01	1.6266e-06	1.7568e-01	8.2099e-01	3.3322e-03	1.1755e-36	1.1755e-36	1.1755e-36	1.8780e-19	0.00e+00	0.00e+00	3.1757e+00
2.12097e+17	5.9371e+03	2.262e-21	2.7826e+01	2.4783e+01	1.0602e-08	1.6926e-01	8.3074e-01	3.0841e-01	6.9127e-01	3.1512e-04	5.3152e-12	2.5721e-02	8.6962e-01	1.0466e-01	1.2520e-06	2.0315e-01	7.9426e-01	2.5968e-03	1.1755e-36	1.1755e-36	1.1755e-36	3.2698e-19	0.00e+00	0.00e+00	3.6296e+00
2.23442e+17	6.0206e+03	2.246e-21	2.7826e+01	2.4237e+01	1.2502e-08	1.8831e-01	8.1169e-01	3.2133e-01	6.7836e-01	3.0672e-04	6.9204e-12	2.6447e-02	8.7448e-01	9.9075e-02	1.0424e-06	2.2504e-01	7.7279e-01	2.1702e-03	1.1755e-36	1.1755e-36	1.1755e-36	4.8841e-19	0.00e+00	0.00e+00	3.8754e+00
2.29602e+17	6.0615e+03	2.229e-21	2.7826e+01	2.3884e+01	1.3795e-08	1.9972e-01	8.0028e-01	3.2922e-01	6.7047e-01	3.0156e-04	8.0276e-12	2.6778e-02	8.7727e-01	9.5952e-02	9.3924e-07	2.3807e-01	7.5998e-01	1.9596e-03	1.1755e-36	1.1755e-36	1.1755e-36	6.1244e-19	0.00e+00	0.00e+00	4.0470e+00
2.34655e+17	6.0871e+03	2.211e-21	2.7826e+01	2.3584e+01	1.5137e-08	2.0988e-01	7.9012e-01	3.3643e-01	6.6327e-01	2.9649e-04	9.1337e-12	2.7040e-02	8.7979e-01	9.3174e-02	8.5737e-07	2.4962e-01	7.4859e-01	1.7946e-03	1.1755e-36	1.1755e-36	1.1755e-36	7.4662e-19	0.00e+00	0.00e+00	4.2393e+00
2.40205e+17	6.1120e+03	2.188e-21	2.7826e+01	2.3233e+01	1.6854e-08	2.2178e-01	7.7822e-01	3.4470e-01	6.5501e-01	2.9083e-04	1.0564e-11	2.7289e-02	8.8261e-01	9.0104e-02	7.7376e-07	2.6306e-01	7.3531e-01	1.6249e-03	1.1755e-36	1.1755e-36	1.1755e-36	9.3454e-19	0.00e+00	0.00e+00	4.4686e+00
2.46035e+17	6.1347e+03	2.161e-21	2.7826e+01	2.2852e+01	1.9000e-08	2.3525e-01	7.6475e-01	3.5356e-01	6.4615e-01	2.8526e-04	1.2375e-11	2.7516e-02	8.8560e-01	8.6882e-02	6.9292e-07	2.7819e-01	7.2035e-01	1.4594e-03	1.1755e-36	1.1755e-36	1.1755e-36	1.1960e-18	0.00e+00	0.00e+00	4.7074e+00
2.51480e+17	6.1527e+03	2.133e-21	2.7826e+01	2.2482e+01	2.1391e-08	2.4880e-01	7.5120e-01	3.6222e-01	6.3750e-01	2.8007e-04	1.4428e-11	2.7690e-02	8.8844e-01	8.3870e-02	6.2346e-07	2.9333e-01	7.0536e-01	1.3158e-03	1.1755e-36	1.1755e-36	1.1755e-36	1.5222e-18	0.00e+00	0.00e+00	4.9310e+00
2.56324e+17	6.1679e+03	2.102e-21	2.7826e+01	2.2108e+01	2.3796e-08	2.6140e-01	7.3860e-01	3.7004e-01	6.2968e-01	2.7582e-04	1.6536e-11	2.7771e-02	8.9095e-01	8.1276e-02	5.6746e-07	3.0730e-01	6.9150e-01	1.1981e-03	1.1755e-36	1.1755e-36	1.1755e-36	1.8880e-18	0.00e+00	0.00e+00	5.1411e+00
2.60875e+17	6.1771e+03	2.069e-21	2.7826e+01	2.1739e+01	2.6495e-08	2.7398e-01	7.2602e-01	3.7781e-01	6.2192e-01	2.7162e-04	1.8890e-11	2.7812e-02	8.9340e-01	7.8792e-02	5.1803e-07	3.2119e-01	6.7772e-01	1.0940e-03	1.1755e-36	1.1755e-36	1.1755e-36	2.3337e-18	0.00e+00	0.00e+00	5.3590e+00
2.65359e+17	6.1828e+03	2.034e-21	2.7826e+01	2.1358e+01	2.9598e-08	2.8703e-01	7.1297e-01	3.8571e-01	6.1402e-01	2.6752e-04	2.1611e-11	2.7813e-02	8.9584e-01	7.6349e-02	4.7281e-07	3.3550e-01	6.6351e-01	9.9829e-04	1.1755e-36	1.1755e-36	1.1755e-36	2.8964e-18	0.00e+00	0.00e+00	5.5830e+00
2.69700e+17	6.1859e+03	1.996e-21	2.7826e+01	2.0970e+01	3.3052e-08	3.0023e-01	6.9977e-01	3.9353e-01	6.0621e-01	2.6368e-04	2.4677e-11	2.7768e-02	8.9822e-01	7.4011e-02	4.3242e-07	3.4989e-01	6.4920e-01	9.1202e-04	1.1755e-36	1.1755e-36	1.1755e-36	3.5894e-18	0.00e+00	0.00e+00	5.8066e+00
2.73847e+17	6.1853e+03	1.957e-21	2.7826e+01	2.0583e+01	3.6893e-08	3.1343e-01	6.8657e-01	4.0122e-01	5.9852e-01	2.6006e-04	2.8101e-11	2.7686e-02	9.0053e-01	7.1787e-02	3.9658e-07	3.6419e-01	6.3498e-01	8.3503e-04	1.1755e-36	1.1755e-36	1.1755e-36	4.4364e-18	0.00e+00	0.00e+00	6.0300e+00
2.77823e+17	6.1814e+03	1.917e-21	2.7826e+01	2.0195e+01	4.1164e-08	3.2660e-01	6.7340e-01	4.0877e-01	5.9097e-01	2.5664e-04	3.1921e-11	2.7566e-02	9.0277e-01	6.9668e-02	3.6465e-07	3.7837e-01	6.2086e-01	7.6609e-04	1.1755e-36	1.1755e-36	1.1755e-36	5.4708e-18	0.00e+00	0.00e+00	6.2535e+00
2.81648e+17	6.1748e+03	1.876e-21	2.7826e+01	1.9811e+01	4.5905e-08	3.3978e-01	6.6022e-01	4.1625e-01	5.8350e-01	2.5337e-04	3.6203e-11	2.7419e-02	9.0495e-01	6.7636e-02	3.3600e-07	3.9249e-01	6.0681e-01	7.0396e-04	1.1755e-36	1.1755e-36	1.1755e-36	6.7390e-18	0.00e+00	0.00e+00	6.4777e+00
2.85343e+17	6.1631e+03	1.834e-21	2.7826e+01	1.9426e+01	5.1312e-08	3.5302e-01	6.4698e-01	4.2367e-01	5.7608e-01	2.5019e-04	4.1046e-11	2.7242e-02	9.0708e-01	6.5676e-02	3.1014e-07	4.0657e-01	5.9278e-01	6.4775e-04	1.1755e-36	1.1755e-36	1.1755e-36	8.3152e-18	0.00e+00	0.00e+00	6.7032e+00
2.88886e+17	6.1499e+03	1.792e-21	2.7826e+01	1.9042e+01	5.7211e-08	3.6606e-01	6.3394e-01	4.3087e-01	5.6889e-01	2.4729e-04	4.6385e-11	2.7036e-02	9.0914e-01	6.3829e-02	2.8714e-07	4.2037e-01	5.7903e-01	5.9746e-04	1.1755e-36	1.1755e-36	1.1755e-36	1.0219e-17	0.00e+00	0.00e+00	6.9251e+00
2.92283e+17	6.1346e+03	1.749e-21	2.7826e+01	1.8665e+01	6.3697e-08	3.7894e-01	6.2106e-01	4.3791e-01	5.6184e-01	2.4453e-04	5.2307e-11	2.6808e-02	9.1112e-01	6.2068e-02	2.6650e-07	4.3392e-01	5.6553e-01	5.5217e-04	1.1755e-36	1.1755e-36	1.1755e-36	1.2532e-17	0.00e+00	0.00e+00	7.1478e+00
2.95599e+17	6.1164e+03	1.706e-21	2.7826e+01	1.8287e+01	7.1004e-08	3.9189e-01	6.0811e-01	4.4494e-01	5.5482e-01	2.4185e-04	5.9016e-11	2.6559e-02	9.1308e-01	6.0357e-02	2.4760e-07	4.4745e-01	5.5204e-01	5.1063e-04	1.1755e-36	1.1755e-36	1.1755e-36	1.5405e-17	0.00e+00	0.00e+00	7.3741e+00
2.98839e+17	6.0954e+03	1.662e-21	2.7826e+01	1.7910e+01	7.9223e-08	4.0485e-01	5.9515e-01	4.5191e-01	5.4785e-01	2.3928e-04	6.6612e-11	2.6289e-02	9.1501e-01	5.8703e-02	2.3034e-07	4.6093e-01	5.3860e-01	4.7259e-04	1.1755e-36	1.1755e-36	1.1755e-36	1.8980e-17	0.00e+00	0.00e+00	7.6012e+00
3.01974e+17	6.0721e+03	1.619e-21	2.7826e+01	1.7535e+01	8.8360e-08	4.1767e-01	5.8233e-01	4.5874e-01	5.4102e-01	2.3685e-04	7.5116e-11	2.6000e-02	9.1688e-01	5.7122e-02	2.1472e-07	4.7418e-01	5.2538e-01	4.3807e-04	1.1755e-36	1.1755e-36	1.1755e-36	2.3384e-17	0.00e+00	0.00e+00	7.8271e+00
3.05001e+17	6.0470e+03	1.575e-21	2.7826e+01	1.7166e+01	9.8442e-08	4.3030e-01	5.6970e-01	4.6542e-01	5.3435e-01	2.3457e-04	8.4599e-11	2.5696e-02	9.1869e-01	5.5615e-02	2.0059e-07	4.8716e-01	5.1244e-01	4.0677e-04	1.1755e-36	1.1755e-36	1.1755e-36	2.8782e-17	0.00e+00	0.00e+00	8.0521e+00
3.07943e+17	6.0201e+03	1.532e-21	2.7826e+01	1.6801e+01	1.0964e-07	4.4279e-01	5.5721e-01	4.7199e-01	5.2778e-01	2.3238e-04	9.5257e-11	2.5380e-02	9.2046e-01	5.4164e-02	1.8769e-07	4.9992e-01	4.9970e-01	3.7816e-04	1.1755e-36	1.1755e-36	1.1755e-36	3.5453e-17	0.00e+00	0.00e+00	8.2782e+00
3.10819e+17	5.9911e+03	1.490e-21	2.7826e+01	1.6439e+01	1.2216e-07	4.5522e-01	5.4478e-01	4.7850e-01	5.2127e-01	2.3027e-04	1.0733e-10	2.5051e-02	9.2219e-01	5.2759e-02	1.7582e-07	5.1255e-01	4.8709e-01	3.5184e-04	1.1755e-36	1.1755e-36	1.1755e-36	4.3775e-17	0.00e+00	0.00e+00	8.5058e+00
3.13630e+17	5.9600e+03	1.447e-21	2.7826e+01	1.6080e+01	1.3619e-07	4.6754e-01	5.3246e-01	4.8493e-01	5.1485e-01	2.2824e-04	1.2102e-10	2.4711e-02	9.2388e-01	5.1404e-02	1.6491e-07	5.2501e-01	4.7466e-01	3.2764e-04	1.1755e-36	1.1755e-36	1.1755e-36	5.4175e-17	0.00e+00	0.00e+00	8.7338e+00
3.16366e+17	5.9271e+03	1.406e-21	2.7826e+01	1.5725e+01	1.5178e-07	4.7969e-01	5.2031e-01	4.9123e-01	5.0855e-01	2.2632e-04	1.3647e-10	2.4362e-02	9.2553e-01	5.0103e-02	1.5494e-07	5.3722e-01	4.6247e-01	3.0549e-04	1.1755e-36	1.1755e-36	1.1755e-36	6.7124e-17	0.00e+00	0.00e+00	8.9610e+00
3.19025e+17	5.8929e+03	1.365e-21	2.7826e+01	1.5377e+01	1.6905e-07	4.9162e-01	5.0838e-01	4.9740e-01	5.0238e-01	2.2450e-04	1.5388e-10	2.4006e-02	9.2714e-01	4.8856e-02	1.4581e-07	5.4915e-01	4.5057e-01	2.8522e-04	1.1755e-36	1.1755e-36	1.1755e-36	8.3219e-17	0.00e+00	0.00e+00	9.1876e+00
3.21621e+17	5.8574e+03	1.324e-21	2.7826e+01	1.5034e+01	1.8823e-07	5.0337e-01	4.9663e-01	5.0346e-01	4.9631e-01	2.2275e-04	1.7358e-10	2.3644e-02	9.2870e-01	4.7654e-02	1.3740e-07	5.6084e-01	4.3890e-01	2.6656e-04	1.1755e-36	1.1755e-36	1.1755e-36	1.0332e-16	0.00e+00	0.00e+00	9.4147e+00
3.24165e+17	5.8204e+03	1.285e-21	2.7826e+01	1.4696e+01	2.0964e-07	5.1498e-01	4.8502e-01	5.0945e-01	4.9033e-01	2.2106e-04	1.9602e-10	2.3278e-02	9.3023e-01	4.6491e-02	1.2961e-07	5.7233e-01	4.2742e-01	2.4931e-04	1.1755e-36	1.1755e-36	1.1755e-36	1.2861e-16	0.00e+00	0.00e+00	9.6428e+00
3.26659e+17	5.7818e+03	1.246e-21	2.7826e+01	1.4362e+01	2.3358e-07	5.2644e-01	4.7356e-01	5.1536e-01	4.8442e-01	2.1944e-04	2.2165e-10	2.2907e-02	9.3173e-01	4.5366e-02	1.1755e-36	5.8361e-01	4.1615e-01	2.3336e-04	1.1755e-36	1.1755e-36	1.1755e-36	1.6055e-16	0.00e+00	0.00e+00	9.8710e+00
3.29097e+17	5.7417e+03	1.208e-21	2.7826e+01	1.4034e+01	2.6031e-07	5.3770e-01	4.6230e-01	5.2116e-01	4.7862e-01	2.1788e-04	2.5086e-10	2.2533e-02	9.3318e-01	4.4283e-02	1.1755e-36	5.9465e-01	4.0513e-01	2.1866e-04	1.1755e-36	1.1755e-36	1.1755e-36	2.0087e-16	0.00e+00	0.00e+00	1.0098e+01
3.31473e+17	5.7005e+03	1.171e-21	2.7826e+01	1.3713e+01	2.8996e-07	5.4871e-01	4.5129e-01	5.2684e-01	4.7295e-01	2.1639e-04	2.8404e-10	2.2159e-02	9.3460e-01	4.3244e-02	1.1755e-36	6.0538e-01	3.9441e-01	2.0513e-04	1.1755e-36	1.1755e-36	1.1755e-36	2.5160e-16	0.00e+00	0.00e+00	1.0325e+01
3.33793e+17	5.6586e+03	1.135e-21	2.7826e+01	1.3399e+01	3.2280e-07	5.5948e-01	4.4052e-01	5.3239e-01	4.6739e-01	2.1497e-04	3.2176e-10	2.1786e-02	9.3597e-01	4.2244e-02	1.1755e-36	6.1583e-01	3.8398e-01	1.9266e-04	1.1755e-36	1.1755e-36	1.1755e-36	3.1545e-16	0.00e+00	0.00e+00	1.0550e+01
3.36067e+17	5.6158e+03	1.100e-21	2.7826e+01	1.3091e+01	3.5929e-07	5.7004e-01	4.2996e-01	5.3786e-01	4.6193e-01	2.1360e-04	3.6484e-10	2.1414e-02	9.3731e-01	4.1278e-02	1.1755e-36	6.2603e-01	3.7379e-01	1.8109e-04	1.1755e-36	1.1755e-36	1.1755e-36	3.9625e-16	0.00e+00	0.00e+00	1.0776e+01
3.38304e+17	5.5720e+03	1.066e-21	2.7826e+01	1.2788e+01	4.0002e-07	5.8044e-01	4.1956e-01	5.4328e-01	4.5651e-01	2.1222e-04	4.1432e-10	2.1043e-02	9.3862e-01	4.0341e-02	1.1755e-36	6.3602e-01	3.6381e-01	1.7033e-04	1.1755e-36	1.1755e-36	1.1755e-36	4.9910e-16	0.00e+00	0.00e+00	1.1002e+01
3.40504e+17	5.5270e+03	1.032e-21	2.7826e+01	1.2491e+01	4.4560e-07	5.9065e-01	4.0935e-01	5.4860e-01	4.5119e-01	2.1091e-04	4.7127e-10	2.0671e-02	9.3989e-01	3.9434e-02	1.1755e-36	6.4579e-01	3.5405e-01	1.6031e-04	1.1755e-36	1.1755e-36	1.1755e-36	6.3058e-16	0.00e+00	0.00e+00	1.1228e+01
3.42659e+17	5.4808e+03	1.000e-21	2.7826e+01	1.2200e+01	4.9659e-07	6.0064e-01	3.9936e-01	5.5383e-01	4.4596e-01	2.0965e-04	5.3679e-10	2.0303e-02	9.4114e-01	3.8558e-02	1.1755e-36	6.5531e-01	3.4454e-01	1.5102e-04	1.1755e-36	1.1755e-36	1.1755e-36	7.9881e-16	0.00e+00	0.00e+00	1.1453e+01
3.44763e+17	5.4337e+03	9.689e-22	2.7826e+01	1.1916e+01	5.5326e-07	6.1036e-01	3.8964e-01	5.5893e-01	4.4086e-01	2.0843e-04	6.1179e-10	1.9938e-02	9.4234e-01	3.7718e-02	1.1755e-36	6.6453e-01	3.3533e-01	1.4245e-04	1.1755e-36	1.1755e-36	1.1755e-36	1.0130e-15	0.00e+00	0.00e+00	1.1676e+01
3.46814e+17	5.3864e+03	9.389e-22	2.7826e+01	1.1640e+01	6.1586e-07	6.1978e-01	3.8022e-01	5.6390e-01	4.3589e-01	2.0727e-04	6.9727e-10	1.9580e-02	9.4351e-01	3.6913e-02	1.1755e-36	6.7343e-01	3.2643e-01	1.3453e-04	1.1755e-36	1.1755e-36	1.1755e-36	1.2846e-15	0.00e+00	0.00e+00	1.1897e+01
3.48823e+17	5.3389e+03	9.099e-22	2.7826e+01	1.1372e+01	6.8512e-07	6.2897e-01	3.7103e-01	5.6878e-01	4.3101e-01	2.0614e-04	7.9505e-10	1.9226e-02	9.4464e-01	3.6136e-02	1.1755e-36	6.8208e-01	3.1780e-01	1.2716e-04	1.1755e-36	1.1755e-36	1.1755e-36	1.6299e-15	0.00e+00	0.00e+00	1.2117e+01
3.50806e+17	5.2910e+03	8.817e-22	2.7826e+01	1.1109e+01	7.6204e-07	6.3797e-01	3.6203e-01	5.7360e-01	4.2619e-01	2.0502e-04	9.0747e-10	1.8877e-02	9.4574e-01	3.5380e-02	1.1755e-36	6.9051e-01	3.0937e-01	1.2025e-04	1.1755e-36	1.1755e-36	1.1755e-36	2.0713e-15	0.00e+00	0.00e+00	1.2338e+01
3.52769e+17	5.2428e+03	8.543e-22	2.7826e+01	1.0852e+01	8.4768e-07	6.4681e-01	3.5319e-01	5.7838e-01	4.2142e-01	2.0393e-04	1.0371e-09	1.8530e-02	9.4683e-01	3.4644e-02	1.1755e-36	6.9877e-01	3.0112e-01	1.1377e-04	1.1755e-36	1.1755e-36	1.1755e-36	2.6377e-15	0.00e+00	0.00e+00	1.2560e+01
3.54712e+17	5.1921e+03	8.275e-22	2.7826e+01	1.0595e+01	9.4540e-07	6.5549e-01	3.4451e-01	5.8309e-01	4.1671e-01	2.0287e-04	1.1892e-09	1.8182e-02	9.4789e-01	3.3932e-02	1.1755e-36	7.0684e-01	2.9305e-01	1.0769e-04	1.1755e-36	1.1755e-36	1.1755e-36	3.3799e-15	0.00e+00	0.00e+00	1.2783e+01
3.56615e+17	5.1389e+03	8.021e-22	2.7826e+01	1.0351e+01	1.0576e-06	6.6409e-01	3.3591e-01	5.8784e-01	4.1195e-01	2.0163e-04	1.3698e-09	1.7852e-02	9.4892e-01	3.3228e-02	1.1755e-36	7.1481e-01	2.8509e-01	1.0198e-04	1.1755e-36	1.1755e-36	1.1755e-36	4.3654e-15	0.00e+00	0.00e+00	1.3001e+01
3.58432e+17	5.0982e+03	7.776e-22	2.7826e+01	1.0115e+01	1.1601e-06	6.7174e-01	3.2826e-01	5.9191e-01	4.0789e-01	2.0104e-04	1.5450e-09	1.7518e-02	9.4986e-01	3.2620e-02	1.1755e-36	7.2186e-01	2.7804e-01	9.6935e-05	1.1755e-36	1.1755e-36	1.1755e-36	5.4224e-15	0.00e+00	0.00e+00	1.3209e+01
3.60312e+17	5.0419e+03	7.532e-22	2.7826e+01	9.8762e+00	1.3027e-06	6.8011e-01	3.1989e-01	5.9678e-01	4.0302e-01	1.9967e-04	1.7908e-09	1.7191e-02	9.5088e-01	3.1927e-02	1.1755e-36	7.2957e-01	2.7034e-01	9.1787e-05	1.1755e-36	1.1755e-36	1.1755e-36	7.0774e-15	0.00e+00	0.00e+00	1.3447e+01
3.62221e+17	4.9878e+03	7.290e-22	2.7826e+01	9.6359e+00	1.4584e-06	6.8834e-01	3.1166e-01	6.0135e-01	3.9845e-01	1.9865e-04	2.0584e-09	1.6855e-02	9.5188e-01	3.1269e-02	1.1755e-36	7.3712e-01	2.6280e-01	8.6922e-05	1.1755e-36	1.1755e-36	1.1755e-36	9.1084e-15	0.00e+00	0.00e+00	1.3668e+01
3.63987e+17	4.9300e+03	7.072e-22	2.7826e+01	9.4100e+00	1.6348e-06	6.9595e-01	3.0405e-01	6.0565e-01	3.9415e-01	1.9760e-04	2.3096e-09	1.6541e-02	9.5283e-01	3.0627e-02	1.1755e-36	7.4408e-01	2.5584e-01	8.2654e-05	1.1755e-36	1.1755e-36	1.1755e-36	1.1266e-14	0.00e+00	0.00e+00	1.3877e+01
3.65632e+17	4.8791e+03	6.873e-22	2.7826e+01	9.2103e+00	1.8124e-06	7.0301e-01	2.9699e-01	6.0974e-01	3.9006e-01	1.9651e-04	2.5694e-09	1.6262e-02	9.5371e-01	3.0029e-02	1.1755e-36	7.5052e-01	2.4940e-01	7.8814e-05	1.1755e-36	1.1755e-36	1.1755e-36	1.3702e-14	0.00e+00	0.00e+00	1.4072e+01
3.67230e+17	4.8296e+03	6.682e-22	2.7826e+01	9.0141e+00	2.0024e-06	7.0969e-01	2.9031e-01	6.1367e-01	3.8613e-01	1.9553e-04	2.8474e-09	1.5984e-02	9.5456e-01	2.9459e-02	1.1755e-36	7.5658e-01	2.4334e-01	7.5263e-05	1.1755e-36	1.1755e-36	1.1755e-36	1.6547e-14	0.00e+00	0.00e+00	1.4274e+01
3.68889e+17	4.7770e+03	6.487e-22	2.7826e+01	8.8128e+00	2.2241e-06	7.1657e-01	2.8343e-01	6.1779e-01	3.8201e-01	1.9446e-04	3.1715e-09	1.5699e-02	9.5543e-01	2.8870e-02	1.1755e-36	7.6280e-01	2.3713e-01	7.1737e-05	1.1755e-36	1.1755e-36	1.1755e-36	2.0170e-14	0.00e+00	0.00e+00	1.4488e+01
3.70594e+17	4.7244e+03	6.290e-22	2.7826e+01	8.6053e+00	2.4698e-06	7.2337e-01	2.7663e-01	6.2181e-01	3.7799e-01	1.9361e-04	3.5319e-09	1.5400e-02	9.5630e-01	2.8295e-02	1.1755e-36	7.6895e-01	2.3098e-01	6.8323e-05	1.1755e-36	1.1755e-36	1.1755e-36	2.4582e-14	0.00e+00	0.00e+00	1.4705e+01
3.72306e+17	4.6695e+03	6.098e-22	2.7826e+01	8.4022e+00	2.7520e-06	7.3021e-01	2.6979e-01	6.2595e-01	3.7386e-01	1.9260e-04	3.9444e-09	1.5109e-02	9.5718e-01	2.7714e-02	1.1755e-36	7.7512e-01	2.2482e-01	6.5031e-05	1.1755e-36	1.1755e-36	1.1755e-36	3.0119e-14	0.00e+00	0.00e+00	1.4925e+01
3.74001e+17	4.6104e+03	5.915e-22	2.7826e+01	8.2086e+00	3.0842e-06	7.3713e-01	2.6287e-01	6.3028e-01	3.6953e-01	1.9125e-04	4.4248e-09	1.4835e-02	9.5804e-01	2.7123e-02	1.1755e-36	7.8133e-01	2.1861e-01	6.1874e-05	1.1755e-36	1.1755e-36	1.1755e-36	3.7215e-14	0.00e+00	0.00e+00	1.5142e+01
3.75615e+17	4.5569e+03	5.742e-22	2.7826e+01	8.0187e+00	3.4169e-06	7.4331e-01	2.5669e-01	6.3400e-01	3.6581e-01	1.9046e-04	4.9040e-09	1.4560e-02	9.5883e-01	2.6607e-02	1.1755e-36	7.8686e-01	2.1308e-01	5.9094e-05	1.1755e-36	1.1755e-36	1.1755e-36	4.4993e-14	0.00e+00	0.00e+00	1.5345e+01
3.77190e+17	4.5000e+03	5.579e-22	2.7826e+01	7.8435e+00	3.8027e-06	7.4956e-01	2.5043e-01	6.3807e-01	3.6174e-01	1.8912e-04	5.4571e-09	1.4312e-02	9.5962e-01	2.6066e-02	1.1755e-36	7.9245e-01	2.0749e-01	5.6409e-05	1.1755e-36	1.1755e-36	1.1755e-36	5.4762e-14	0.00e+00	0.00e+00	1.5555e+01
3.78775e+17	4.4439e+03	5.418e-22	2.7826e+01	7.6657e+00	4.2201e-06	7.5561e-01	2.4439e-01	6.4195e-01	3.5786e-01	1.8803e-04	6.0518e-09	1.4056e-02	9.6039e-01	2.5549e-02	1.1755e-36	7.9784e-01	2.0210e-01	5.3870e-05	1.1755e-36	1.1755e-36	1.1755e-36	6.6251e-14	0.00e+00	0.00e+00	1.5764e+01
3.80357e+17	4.3830e+03	5.262e-22	2.7826e+01	7.4903e+00	4.7078e-06	7.6167e-01	2.3832e-01	6.4598e-01	3.5384e-01	1.8672e-04	6.7306e-09	1.3807e-02	9.6117e-01	2.5025e-02	1.1755e-36	8.0324e-01	1.9671e-01	5.1429e-05	1.1755e-36	1.1755e-36	1.1755e-36	8.0598e-14	0.00e+00	0.00e+00	1.5977e+01
3.81920e+17	4.3296e+03	5.111e-22	2.7826e+01	7.3201e+00	5.1844e-06	7.6735e-01	2.3265e-01	6.4966e-01	3.5015e-01	1.8577e-04	7.4095e-09	1.3559e-02	9.6190e-01	2.4542e-02	1.1755e-36	8.0826e-01	1.9169e-01	4.9159e-05	1.1755e-36	1.1755e-36	1.1755e-36	9.6133e-14	0.00e+00	0.00e+00	1.6184e+01
3.83522e+17	4.2653e+03	4.960e-22	2.7826e+01	7.1477e+00	5.7884e-06	7.7335e-01	2.2665e-01	6.5384e-01	3.4597e-01	1.8429e-04	8.2340e-09	1.3316e-02	9.6267e-01	2.4014e-02	1.1755e-36	8.1358e-01	1.8638e-01	4.6881e-05	1.1755e-36	1.1755e-36	1.1755e-36	1.1670e-13	0.00e+00	0.00e+00	1.6411e+01
3.85158e+17	4.2041e+03	4.810e-22	2.7826e+01	6.9748e+00	6.4170e-06	7.7921e-01	2.2079e-01	6.5781e-01	3.4201e-01	1.8308e-04	9.0966e-09	1.3068e-02	9.6342e-01	2.3513e-02	1.1755e-36	8.1875e-01	1.8121e-01	4.4701e-05	1.1755e-36	1.1755e-36	1.1755e-36	1.4007e-13	0.00e+00	0.00e+00	1.6630e+01
3.86775e+17	4.1420e+03	4.665e-22	2.7826e+01	6.8065e+00	7.0971e-06	7.8492e-01	2.1507e-01	6.6182e-01	3.3800e-01	1.8177e-04	1.0016e-08	1.2827e-02	9.6416e-01	2.3015e-02	1.1755e-36	8.2378e-01	1.7618e-01	4.2632e-05	1.1755e-36	1.1755e-36	1.1755e-36	1.6699e-13	0.00e+00	0.00e+00	1.6855e+01
3.88445e+17	4.0767e+03	4.520e-22	2.7826e+01	6.6356e+00	7.8555e-06	7.9074e-01	2.0925e-01	6.6599e-01	3.3383e-01	1.8035e-04	1.1024e-08	1.2584e-02	9.6491e-01	2.2505e-02	1.1755e-36	8.2889e-01	1.7107e-01	4.0590e-05	1.1755e-36	1.1755e-36	1.1755e-36	1.9880e-13	0.00e+00	0.00e+00	1.7092e+01
3.90180e+17	4.0090e+03	4.372e-22	2.7826e+01	6.4576e+00	8.6740e-06	7.9655e-01	2.0344e-01	6.7016e-01	3.2966e-01	1.7905e-04	1.2085e-08	1.2329e-02	9.6567e-01	2.1997e-02	1.1755e-36	8.3398e-01	1.6598e-01	3.8594e-05	1.1755e-36	1.1755e-36	1.1755e-36	2.3485e-13	0.00e+00	0.00e+00	1.7339e+01
3.91999e+17	3.9398e+03	4.222e-22	2.7826e+01	6.2776e+00	9.5504e-06	8.0252e-01	1.9747e-01	6.7456e-01	3.2526e-01	1.7763e-04	1.3218e-08	1.2071e-02	9.6646e-01	2.1472e-02	1.1755e-36	8.3920e-01	1.6076e-01	3.6595e-05	1.1755e-36	1.1755e-36	1.1755e-36	2.7574e-13	0.00e+00	0.00e+00	1.7603e+01
###########################
6.90205e+13	6.1993e+03	2.669e-21	2.7826e+01	2.7879e+01	7.9315e-10	6.1066e-02	9.3893e-01	1.6745e-01	8.3194e-01	6.0839e-04	4.1404e-13	1.4408e-02	7.7729e-01	2.0829e-01	8.9905e-06	7.3747e-02	9.1281e-01	1.3446e-02	3.3870e-07	1.1755e-36	1.1755e-36	7.9265e-21	0.00e+00	0.00e+00	1.4813e-03
4.14123e+14	6.1920e+03	2.684e-21	2.7826e+01	2.8090e+01	8.0865e-10	6.1461e-02	9.3854e-01	1.6868e-01	8.3072e-01	6.0220e-04	4.2414e-13	1.4508e-02	7.7866e-01	2.0683e-01	8.8732e-06	7.4229e-02	9.1242e-01	1.3354e-02	3.3375e-07	1.1755e-36	1.1755e-36	8.2084e-21	0.00e+00	0.00e+00	7.4448e-03
1.79453e+15	6.1694e+03	2.673e-21	2.7826e+01	2.8110e+01	8.2991e-10	6.1567e-02	9.3843e-01	1.6952e-01	8.2988e-01	5.9811e-04	4.2711e-13	1.4531e-02	7.7965e-01	2.0581e-01	8.7917e-06	7.4372e-02	9.1232e-01	1.3311e-02	3.3033e-07	1.1755e-36	1.1755e-36	8.2672e-21	0.00e+00	0.00e+00	3.1340e-02
7.31617e+15	6.1077e+03	2.638e-21	2.7826e+01	2.8088e+01	9.0617e-10	6.2277e-02	9.3772e-01	1.7243e-01	8.2699e-01	5.8467e-04	4.4150e-13	1.4693e-02	7.8292e-01	2.0238e-01	8.4828e-06	7.5285e-02	9.1166e-01	1.3058e-02	3.1379e-07	1.1755e-36	1.1755e-36	8.5929e-21	0.00e+00	0.00e+00	1.2802e-01
1.74760e+16	5.8951e+03	2.532e-21	2.7826e+01	2.8092e+01	1.1012e-09	6.1645e-02	9.3836e-01	1.7706e-01	8.2238e-01	5.6352e-04	4.3887e-13	1.4705e-02	7.8843e-01	1.9686e-01	8.2186e-06	7.4654e-02	9.1225e-01	1.3098e-02	3.0778e-07	1.1755e-36	1.1755e-36	8.3412e-21	0.00e+00	0.00e+00	2.5243e-01
2.71477e+16	5.7047e+03	2.445e-21	2.7826e+01	2.8099e+01	1.3180e-09	6.1003e-02	9.3900e-01	1.8080e-01	8.1866e-01	5.4714e-04	4.3525e-13	1.4691e-02	7.9287e-01	1.9243e-01	8.0196e-06	7.3998e-02	9.1285e-01	1.3149e-02	3.0392e-07	1.1755e-36	1.1755e-36	8.1370e-21	0.00e+00	0.00e+00	3.3668e-01
3.41879e+16	5.6153e+03	2.405e-21	2.7826e+01	2.8086e+01	1.4715e-09	6.1317e-02	9.3868e-01	1.8355e-01	8.1591e-01	5.3589e-04	4.4435e-13	1.4797e-02	7.9589e-01	1.8930e-01	7.7882e-06	7.4448e-02	9.1257e-01	1.2978e-02	2.9255e-07	1.1755e-36	1.1755e-36	8.3495e-21	0.00e+00	0.00e+00	4.0372e-01
4.13433e+16	5.5671e+03	2.382e-21	2.7826e+01	2.8063e+01	1.6207e-09	6.2471e-02	9.3753e-01	1.8686e-01	8.1262e-01	5.2343e-04	4.6745e-13	1.5037e-02	7.9918e-01	1.8578e-01	7.4463e-06	7.5903e-02	9.1151e-01	1.2589e-02	2.7245e-07	1.1755e-36	1.1755e-36	8.9663e-21	0.00e+00	0.00e+00	4.9251e-01
5.06453e+16	5.5148e+03	2.359e-21	2.7826e+01	2.8016e+01	1.8353e-09	6.4270e-02	9.3573e-01	1.9133e-01	8.0816e-01	5.0764e-04	5.0384e-13	1.5391e-02	8.0339e-01	1.8121e-01	6.9944e-06	7.8155e-02	9.0981e-01	1.2039e-02	2.4611e-07	1.1755e-36	1.1755e-36	9.9856e-21	0.00e+00	0.00e+00	6.1127e-01
6.27379e+16	5.4677e+03	2.334e-21	2.7826e+01	2.7915e+01	2.1293e-09	6.6979e-02	9.3302e-01	1.9720e-01	8.0231e-01	4.8858e-04	5.5990e-13	1.5892e-02	8.0861e-01	1.7549e-01	6.4228e-06	8.1521e-02	9.0719e-01	1.1285e-02	2.1329e-07	1.1755e-36	1.1755e-36	1.1641e-20	0.00e+00	0.00e+00	7.7217e-01
7.84582e+16	5.4346e+03	2.312e-21	2.7826e+01	2.7782e+01	2.5498e-09	7.1280e-02	9.2872e-01	2.0539e-01	7.9414e-01	4.6478e-04	6.5486e-13	1.6643e-02	8.1534e-01	1.6801e-01	5.6892e-06	8.6827e-02	9.0292e-01	1.0252e-02	1.7346e-07	1.1755e-36	1.1755e-36	1.4649e-20	0.00e+00	0.00e+00	9.9476e-01
9.88947e+16	5.4373e+03	2.290e-21	2.7826e+01	2.7537e+01	3.1283e-09	7.8069e-02	9.2193e-01	2.1670e-01	7.8286e-01	4.3648e-04	8.1859e-13	1.7734e-02	8.2367e-01	1.5859e-01	4.8012e-06	9.5138e-02	8.9596e-01	8.8984e-03	1.2901e-07	1.1755e-36	1.1755e-36	2.0323e-20	0.00e+00	0.00e+00	1.3117e+00
1.22510e+17	5.4649e+03	2.282e-21	2.7826e+01	2.7234e+01	3.9916e-09	8.8178e-02	9.1182e-01	2.3108e-01	7.6852e-01	4.0688e-04	1.1015e-12	1.9178e-02	8.3317e-01	1.4765e-01	3.8615e-06	1.0742e-01	8.8520e-01	7.3824e-03	1.1755e-36	1.1755e-36	1.1755e-36	3.1548e-20	0.00e+00	0.00e+00	1.6856e+00
1.47473e+17	5.5560e+03	2.278e-21	2.7826e+01	2.6786e+01	5.0444e-09	1.0234e-01	8.9766e-01	2.4849e-01	7.5113e-01	3.7810e-04	1.5745e-12	2.0907e-02	8.4307e-01	1.3602e-01	2.9748e-06	1.2447e-01	8.6968e-01	5.8480e-03	1.1755e-36	1.1755e-36	1.1755e-36	5.3364e-20	0.00e+00	0.00e+00	2.1495e+00
1.72415e+17	5.6761e+03	2.281e-21	2.7826e+01	2.6203e+01	6.5407e-09	1.2168e-01	8.7832e-01	2.6863e-01	7.3101e-01	3.5186e-04	2.3861e-12	2.2805e-02	8.5311e-01	1.2408e-01	2.2065e-06	1.4751e-01	8.4804e-01	4.4513e-03	1.1755e-36	1.1755e-36	1.1755e-36	9.8761e-20	0.00e+00	0.00e+00	2.6645e+00
1.94017e+17	5.8136e+03	2.277e-21	2.7826e+01	2.5523e+01	8.3461e-09	1.4438e-01	8.5562e-01	2.8874e-01	7.1093e-01	3.3158e-04	3.6024e-12	2.4496e-02	8.6192e-01	1.1358e-01	1.6454e-06	1.7423e-01	8.2239e-01	3.3786e-03	1.1755e-36	1.1755e-36	1.1755e-36	1.8229e-19	0.00e+00	0.00e+00	3.1496e+00
2.11262e+17	5.9287e+03	2.262e-21	2.7826e+01	2.4821e+01	1.0509e-08	1.6799e-01	8.3201e-01	3.0745e-01	6.9224e-01	3.1580e-04	5.2220e-12	2.5787e-02	8.6937e-01	1.0484e-01	1.2646e-06	2.0168e-01	7.9569e-01	2.6296e-03	1.1755e-36	1.1755e-36	1.1755e-36	3.1839e-19	0.00e+00	0.00e+00	3.6033e+00
2.22682e+17	6.0142e+03	2.246e-21	2.7826e+01	2.4267e+01	1.2370e-08	1.8692e-01	8.1308e-01	3.2038e-01	6.7932e-01	3.0736e-04	6.7965e-12	2.6535e-02	8.7420e-01	9.9267e-02	1.0529e-06	2.2345e-01	7.7435e-01	2.1973e-03	1.1755e-36	1.1755e-36	1.1755e-36	4.7505e-19	0.00e+00	0.00e+00	3.8486e+00
2.28899e+17	6.0547e+03	2.230e-21	2.7826e+01	2.3923e+01	1.3677e-08	1.9840e-01	8.0160e-01	3.2831e-01	6.7139e-01	3.0211e-04	7.9021e-12	2.6891e-02	8.7702e-01	9.6089e-02	9.4742e-07	2.3657e-01	7.6145e-01	1.9821e-03	1.1755e-36	1.1755e-36	1.1755e-36	5.9792e-19	0.00e+00	0.00e+00	4.0217e+00
2.33978e+17	6.0808e+03	2.213e-21	2.7826e+01	2.3624e+01	1.5004e-08	2.0854e-01	7.9146e-01	3.3548e-01	6.6422e-01	2.9707e-04	8.9928e-12	2.7165e-02	8.7953e-01	9.3308e-02	8.6473e-07	2.4809e-01	7.5009e-01	1.8150e-03	1.1755e-36	1.1755e-36	1.1755e-36	7.2912e-19	0.00e+00	0.00e+00	4.2120e+00
2.39514e+17	6.1061e+03	2.190e-21	2.7826e+01	2.3276e+01	1.6692e-08	2.2032e-01	7.7968e-01	3.4370e-01	6.5601e-01	2.9141e-04	1.0394e-11	2.7427e-02	8.8232e-01	9.0249e-02	7.8073e-07	2.6142e-01	7.3694e-01	1.6443e-03	1.1755e-36	1.1755e-36	1.1755e-36	9.1162e-19	0.00e+00	0.00e+00	4.4395e+00
2.45356e+17	6.1291e+03	2.163e-21	2.7826e+01	2.2897e+01	1.8813e-08	2.3372e-01	7.6628e-01	3.5253e-01	6.4718e-01	2.8583e-04	1.2177e-11	2.7668e-02	8.8531e-01	8.7022e-02	6.9913e-07	2.7649e-01	7.2203e-01	1.4769e-03	1.1755e-36	1.1755e-36	1.1755e-36	1.1666e-18	0.00e+00	0.00e+00	4.6780e+00
2.50837e+17	6.1477e+03	2.135e-21	2.7826e+01	2.2527e+01	2.1183e-08	2.4728e-01	7.5272e-01	3.6121e-01	6.3851e-01	2.8060e-04	1.4206e-11	2.7854e-02	8.8815e-01	8.3996e-02	6.2873e-07	2.9163e-01	7.0704e-01	1.3311e-03	1.1755e-36	1.1755e-36	1.1755e-36	1.4860e-18	0.00e+00	0.00e+00	4.9019e+00
2.55717e+17	6.1635e+03	2.104e-21	2.7826e+01	2.2152e+01	2.3571e-08	2.5989e-01	7.4011e-01	3.6904e-01	6.3068e-01	2.7632e-04	1.6294e-11	2.7948e-02	8.9066e-01	8.1388e-02	5.7196e-07	3.0564e-01	6.9315e-01	1.2114e-03	1.1755e-36	1.1755e-36	1.1755e-36	1.8451e-18	0.00e+00	0.00e+00	5.1123e+00
2.60294e+17	6.1732e+03	2.072e-21	2.7826e+01	2.1783e+01	2.6248e-08	2.7248e-01	7.2752e-01	3.7682e-01	6.2291e-01	2.7211e-04	1.8623e-11	2.8000e-02	8.9310e-01	7.8894e-02	5.2194e-07	3.1954e-01	6.7936e-01	1.1059e-03	1.1755e-36	1.1755e-36	1.1755e-36	2.2823e-18	0.00e+00	0.00e+00	5.3300e+00
2.64796e+17	6.1793e+03	2.037e-21	2.7826e+01	2.1402e+01	2.9321e-08	2.8552e-01	7.1448e-01	3.8472e-01	6.1501e-01	2.6799e-04	2.1311e-11	2.8011e-02	8.9554e-01	7.6445e-02	4.7627e-07	3.3384e-01	6.6515e-01	1.0089e-03	1.1755e-36	1.1755e-36	1.1755e-36	2.8336e-18	0.00e+00	0.00e+00	5.5536e+00
2.69152e+17	6.1829e+03	2.000e-21	2.7826e+01	2.1015e+01	3.2741e-08	2.9871e-01	7.0129e-01	3.9253e-01	6.0720e-01	2.6415e-04	2.4340e-11	2.7976e-02	8.9792e-01	7.4104e-02	4.3550e-07	3.4823e-01	6.5084e-01	9.2157e-04	1.1755e-36	1.1755e-36	1.1755e-36	3.5124e-18	0.00e+00	0.00e+00	5.7768e+00
2.73314e+17	6.1828e+03	1.961e-21	2.7826e+01	2.0628e+01	3.6545e-08	3.1190e-01	6.8810e-01	4.0022e-01	5.9952e-01	2.6051e-04	2.7724e-11	2.7903e-02	9.0022e-01	7.1875e-02	3.9931e-07	3.6254e-01	6.3662e-01	8.4363e-04	1.1755e-36	1.1755e-36	1.1755e-36	4.3425e-18	0.00e+00	0.00e+00	6.0000e+00
2.77306e+17	6.1793e+03	1.921e-21	2.7826e+01	2.0240e+01	4.0776e-08	3.2507e-01	6.7493e-01	4.0778e-01	5.9197e-01	2.5709e-04	3.1501e-11	2.7791e-02	9.0246e-01	6.9752e-02	3.6707e-07	3.7673e-01	6.2249e-01	7.7383e-04	1.1755e-36	1.1755e-36	1.1755e-36	5.3566e-18	0.00e+00	0.00e+00	6.2234e+00
2.81147e+17	6.1733e+03	1.880e-21	2.7826e+01	1.9856e+01	4.5465e-08	3.3826e-01	6.6174e-01	4.1525e-01	5.8450e-01	2.5381e-04	3.5734e-11	2.7650e-02	9.0463e-01	6.7715e-02	3.3815e-07	3.9086e-01	6.0843e-01	7.1091e-04	1.1755e-36	1.1755e-36	1.1755e-36	6.5993e-18	0.00e+00	0.00e+00	6.4474e+00
2.84859e+17	6.1620e+03	1.838e-21	2.7826e+01	1.9470e+01	5.0835e-08	3.5153e-01	6.4847e-01	4.2270e-01	5.7705e-01	2.5061e-04	4.0535e-11	2.7480e-02	9.0677e-01	6.5747e-02	3.1200e-07	4.0499e-01	5.9435e-01	6.5394e-04	1.1755e-36	1.1755e-36	1.1755e-36	8.1488e-18	0.00e+00	0.00e+00	6.6732e+00
2.88417e+17	6.1489e+03	1.796e-21	2.7826e+01	1.9086e+01	5.6702e-08	3.6459e-01	6.3541e-01	4.2990e-01	5.6985e-01	2.4769e-04	4.5827e-11	2.7279e-02	9.0883e-01	6.3894e-02	2.8879e-07	4.1883e-01	5.8057e-01	6.0302e-04	1.1755e-36	1.1755e-36	1.1755e-36	1.0021e-17	0.00e+00	0.00e+00	6.8949e+00
2.91819e+17	6.1340e+03	1.753e-21	2.7826e+01	1.8708e+01	6.3117e-08	3.7746e-01	6.2254e-01	4.3693e-01	5.6282e-01	2.4494e-04	5.1673e-11	2.7057e-02	9.1081e-01	6.2135e-02	2.6803e-07	4.3237e-01	5.6708e-01	5.5731e-04	1.1755e-36	1.1755e-36	1.1755e-36	1.2286e-17	0.00e+00	0.00e+00	7.1166e+00
2.95136e+17	6.1162e+03	1.710e-21	2.7826e+01	1.8331e+01	7.0332e-08	3.9038e-01	6.0962e-01	4.4394e-01	5.5582e-01	2.4226e-04	5.8287e-11	2.6813e-02	9.1276e-01	6.0426e-02	2.4903e-07	4.4588e-01	5.5360e-01	5.1541e-04	1.1755e-36	1.1755e-36	1.1755e-36	1.5095e-17	0.00e+00	0.00e+00	7.3423e+00
2.98385e+17	6.0956e+03	1.667e-21	2.7826e+01	1.7954e+01	7.8471e-08	4.0336e-01	5.9664e-01	4.5092e-01	5.4884e-01	2.3968e-04	6.5795e-11	2.6546e-02	9.1468e-01	5.8769e-02	2.3162e-07	4.5939e-01	5.4014e-01	4.7693e-04	1.1755e-36	1.1755e-36	1.1755e-36	1.8599e-17	0.00e+00	0.00e+00	7.5696e+00
3.01535e+17	6.0725e+03	1.623e-21	2.7826e+01	1.7578e+01	8.7544e-08	4.1623e-01	5.8377e-01	4.5777e-01	5.4199e-01	2.3724e-04	7.4221e-11	2.6261e-02	9.1656e-01	5.7182e-02	2.1585e-07	4.7269e-01	5.2686e-01	4.4196e-04	1.1755e-36	1.1755e-36	1.1755e-36	2.2925e-17	0.00e+00	0.00e+00	7.7958e+00
3.04573e+17	6.0476e+03	1.580e-21	2.7826e+01	1.7208e+01	9.7546e-08	4.2888e-01	5.7112e-01	4.6445e-01	5.3531e-01	2.3495e-04	8.3604e-11	2.5960e-02	9.1837e-01	5.5672e-02	2.0160e-07	4.8570e-01	5.1389e-01	4.1031e-04	1.1755e-36	1.1755e-36	1.1755e-36	2.8224e-17	0.00e+00	0.00e+00	8.0206e+00
3.07520e+17	6.0210e+03	1.537e-21	2.7826e+01	1.6842e+01	1.0863e-07	4.4138e-01	5.5862e-01	4.7102e-01	5.2875e-01	2.3276e-04	9.4127e-11	2.5646e-02	9.2013e-01	5.4221e-02	1.8862e-07	4.9849e-01	5.0113e-01	3.8142e-04	1.1755e-36	1.1755e-36	1.1755e-36	3.4757e-17	0.00e+00	0.00e+00	8.2463e+00
3.10401e+17	5.9923e+03	1.494e-21	2.7826e+01	1.6480e+01	1.2102e-07	4.5382e-01	5.4618e-01	4.7753e-01	5.2224e-01	2.3065e-04	1.0605e-10	2.5319e-02	9.2186e-01	5.2816e-02	1.7667e-07	5.1114e-01	4.8851e-01	3.5484e-04	1.1755e-36	1.1755e-36	1.1755e-36	4.2903e-17	0.00e+00	0.00e+00	8.4737e+00
3.13220e+17	5.9615e+03	1.452e-21	2.7826e+01	1.6120e+01	1.3491e-07	4.6617e-01	5.3383e-01	4.8396e-01	5.1581e-01	2.2862e-04	1.1958e-10	2.4980e-02	9.2356e-01	5.1458e-02	1.6569e-07	5.2363e-01	4.7604e-01	3.3038e-04	1.1755e-36	1.1755e-36	1.1755e-36	5.3095e-17	0.00e+00	0.00e+00	8.7019e+00
3.15966e+17	5.9288e+03	1.410e-21	2.7826e+01	1.5765e+01	1.5039e-07	4.7835e-01	5.2165e-01	4.9028e-01	5.0949e-01	2.2669e-04	1.3487e-10	2.4632e-02	9.2521e-01	5.0155e-02	1.5564e-07	5.3589e-01	4.6381e-01	3.0798e-04	1.1755e-36	1.1755e-36	1.1755e-36	6.5801e-17	0.00e+00	0.00e+00	8.9292e+00
3.18632e+17	5.8947e+03	1.369e-21	2.7826e+01	1.5416e+01	1.6751e-07	4.9031e-01	5.0969e-01	4.9645e-01	5.0332e-01	2.2487e-04	1.5207e-10	2.4276e-02	9.2682e-01	4.8906e-02	1.4644e-07	5.4785e-01	4.5186e-01	2.8749e-04	1.1755e-36	1.1755e-36	1.1755e-36	8.1581e-17	0.00e+00	0.00e+00	9.1557e+00
3.21233e+17	5.8594e+03	1.329e-21	2.7826e+01	1.5072e+01	1.8651e-07	5.0208e-01	4.9792e-01	5.0252e-01	4.9726e-01	2.2312e-04	1.7152e-10	2.3915e-02	9.2838e-01	4.7704e-02	1.3799e-07	5.5956e-01	4.4017e-01	2.6867e-04	1.1755e-36	1.1755e-36	1.1755e-36	1.0127e-16	0.00e+00	0.00e+00	9.3825e+00
3.23781e+17	5.8227e+03	1.289e-21	2.7826e+01	1.4734e+01	2.0770e-07	5.1371e-01	4.8629e-01	5.0851e-01	4.9127e-01	2.2144e-04	1.9366e-10	2.3549e-02	9.2991e-01	4.6541e-02	1.3016e-07	5.7108e-01	4.2867e-01	2.5126e-04	1.1755e-36	1.1755e-36	1.1755e-36	1.2601e-16	0.00e+00	0.00e+00	9.6104e+00
3.26281e+17	5.7843e+03	1.250e-21	2.7826e+01	1.4399e+01	2.3140e-07	5.2520e-01	4.7480e-01	5.1443e-01	4.8535e-01	2.1981e-04	2.1896e-10	2.3177e-02	9.3141e-01	4.5415e-02	1.1755e-36	5.8240e-01	4.1737e-01	2.3515e-04	1.1755e-36	1.1755e-36	1.1755e-36	1.5727e-16	0.00e+00	0.00e+00	9.8388e+00
3.28726e+17	5.7444e+03	1.212e-21	2.7826e+01	1.4070e+01	2.5790e-07	5.3650e-01	4.6350e-01	5.2024e-01	4.7954e-01	2.1825e-04	2.4783e-10	2.2803e-02	9.3287e-01	4.4329e-02	1.1755e-36	5.9347e-01	4.0631e-01	2.2029e-04	1.1755e-36	1.1755e-36	1.1755e-36	1.9678e-16	0.00e+00	0.00e+00	1.0067e+01
3.31110e+17	5.7033e+03	1.175e-21	2.7826e+01	1.3748e+01	2.8732e-07	5.4755e-01	4.5245e-01	5.2593e-01	4.7386e-01	2.1676e-04	2.8064e-10	2.2428e-02	9.3428e-01	4.3288e-02	1.1755e-36	6.0425e-01	3.9554e-01	2.0663e-04	1.1755e-36	1.1755e-36	1.1755e-36	2.4651e-16	0.00e+00	0.00e+00	1.0293e+01
3.33434e+17	5.6615e+03	1.139e-21	2.7826e+01	1.3433e+01	3.1987e-07	5.5834e-01	4.4166e-01	5.3149e-01	4.6830e-01	2.1534e-04	3.1788e-10	2.2054e-02	9.3566e-01	4.2288e-02	1.1755e-36	6.1473e-01	3.8508e-01	1.9404e-04	1.1755e-36	1.1755e-36	1.1755e-36	3.0905e-16	0.00e+00	0.00e+00	1.0518e+01
3.35711e+17	5.6189e+03	1.103e-21	2.7826e+01	1.3124e+01	3.5600e-07	5.6893e-01	4.3107e-01	5.3696e-01	4.6283e-01	2.1397e-04	3.6038e-10	2.1680e-02	9.3700e-01	4.1322e-02	1.1755e-36	6.2496e-01	3.7486e-01	1.8238e-04	1.1755e-36	1.1755e-36	1.1755e-36	3.8809e-16	0.00e+00	0.00e+00	1.0744e+01
3.37951e+17	5.5753e+03	1.069e-21	2.7826e+01	1.2820e+01	3.9630e-07	5.7934e-01	4.2066e-01	5.4238e-01	4.5741e-01	2.1259e-04	4.0916e-10	2.1307e-02	9.3831e-01	4.0386e-02	1.1755e-36	6.3497e-01	3.6486e-01	1.7153e-04	1.1755e-36	1.1755e-36	1.1755e-36	4.8863e-16	0.00e+00	0.00e+00	1.0970e+01
3.40156e+17	5.5305e+03	1.036e-21	2.7826e+01	1.2522e+01	4.4141e-07	5.8959e-01	4.1041e-01	5.4771e-01	4.5208e-01	2.1128e-04	4.6533e-10	2.0934e-02	9.3959e-01	3.9477e-02	1.1755e-36	6.4478e-01	3.5506e-01	1.6142e-04	1.1755e-36	1.1755e-36	1.1755e-36	6.1718e-16	0.00e+00	0.00e+00	1.1196e+01
3.42319e+17	5.4844e+03	1.003e-21	2.7826e+01	1.2230e+01	4.9195e-07	5.9962e-01	4.0038e-01	5.5295e-01	4.4684e-01	2.1002e-04	5.3004e-10	2.0564e-02	9.4084e-01	3.8600e-02	1.1755e-36	6.5434e-01	3.4550e-01	1.5204e-04	1.1755e-36	1.1755e-36	1.1755e-36	7.8189e-16	0.00e+00	0.00e+00	1.1422e+01
3.44430e+17	5.4374e+03	9.720e-22	2.7826e+01	1.1945e+01	5.4823e-07	6.0939e-01	3.9061e-01	5.5807e-01	4.4172e-01	2.0880e-04	6.0422e-10	2.0197e-02	9.4205e-01	3.7758e-02	1.1755e-36	6.6361e-01	3.3624e-01	1.4337e-04	1.1755e-36	1.1755e-36	1.1755e-36	9.9199e-16	0.00e+00	0.00e+00	1.1645e+01
3.46486e+17	5.3900e+03	9.419e-22	2.7826e+01	1.1669e+01	6.1035e-07	6.1884e-01	3.8115e-01	5.6305e-01	4.3674e-01	2.0764e-04	6.8868e-10	1.9836e-02	9.4321e-01	3.6952e-02	1.1755e-36	6.7255e-01	3.2731e-01	1.3538e-04	1.1755e-36	1.1755e-36	1.1755e-36	1.2581e-15	0.00e+00	0.00e+00	1.1865e+01
3.48497e+17	5.3425e+03	9.129e-22	2.7826e+01	1.1400e+01	6.7898e-07	6.2805e-01	3.7195e-01	5.6793e-01	4.3186e-01	2.0651e-04	7.8513e-10	1.9481e-02	9.4434e-01	3.6175e-02	1.1755e-36	6.8121e-01	3.1866e-01	1.2796e-04	1.1755e-36	1.1755e-36	1.1755e-36	1.5959e-15	0.00e+00	0.00e+00	1.2085e+01
3.50480e+17	5.2948e+03	8.846e-22	2.7826e+01	1.1137e+01	7.5512e-07	6.3706e-01	3.6294e-01	5.7275e-01	4.2704e-01	2.0540e-04	8.9593e-10	1.9130e-02	9.4545e-01	3.5421e-02	1.1755e-36	6.8966e-01	3.1021e-01	1.2102e-04	1.1755e-36	1.1755e-36	1.1755e-36	2.0273e-15	0.00e+00	0.00e+00	1.2306e+01
3.52444e+17	5.2468e+03	8.571e-22	2.7826e+01	1.0878e+01	8.3981e-07	6.4592e-01	3.5408e-01	5.7752e-01	4.2227e-01	2.0431e-04	1.0236e-09	1.8782e-02	9.4653e-01	3.4686e-02	1.1755e-36	6.9794e-01	3.0195e-01	1.1448e-04	1.1755e-36	1.1755e-36	1.1755e-36	2.5804e-15	0.00e+00	0.00e+00	1.2528e+01
3.54392e+17	5.1969e+03	8.302e-22	2.7826e+01	1.0621e+01	9.3570e-07	6.5460e-01	3.4540e-01	5.8223e-01	4.1757e-01	2.0327e-04	1.1726e-09	1.8432e-02	9.4759e-01	3.3974e-02	1.1755e-36	7.0602e-01	2.9387e-01	1.0835e-04	1.1755e-36	1.1755e-36	1.1755e-36	3.3000e-15	0.00e+00	0.00e+00	1.2751e+01
3.56308e+17	5.1434e+03	8.045e-22	2.7826e+01	1.0376e+01	1.0476e-06	6.6330e-01	3.3670e-01	5.8704e-01	4.1275e-01	2.0200e-04	1.3519e-09	1.8097e-02	9.4864e-01	3.3263e-02	1.1755e-36	7.1408e-01	2.8582e-01	1.0256e-04	1.1755e-36	1.1755e-36	1.1755e-36	4.2698e-15	0.00e+00	0.00e+00	1.2972e+01
3.58140e+17	5.1005e+03	7.800e-22	2.7826e+01	1.0136e+01	1.1527e-06	6.7105e-01	3.2895e-01	5.9119e-01	4.0861e-01	2.0135e-04	1.5298e-09	1.7760e-02	9.4959e-01	3.2647e-02	1.1755e-36	7.2125e-01	2.7865e-01	9.7435e-05	1.1755e-36	1.1755e-36	1.1755e-36	5.3363e-15	0.00e+00	0.00e+00	1.3181e+01
3.59997e+17	5.0484e+03	7.555e-22	2.7826e+01	9.8963e+00	1.2857e-06	6.7915e-01	3.2085e-01	5.9576e-01	4.0404e-01	2.0031e-04	1.7588e-09	1.7425e-02	9.5059e-01	3.1989e-02	1.1755e-36	7.2869e-01	2.7122e-01	9.2396e-05	1.1755e-36	1.1755e-36	1.1755e-36	6.8651e-15	0.00e+00	0.00e+00	1.3412e+01
3.61908e+17	4.9930e+03	7.314e-22	2.7826e+01	9.6609e+00	1.4434e-06	6.8757e-01	3.1243e-01	6.0056e-01	3.9924e-01	1.9901e-04	2.0345e-09	1.7098e-02	9.5159e-01	3.1310e-02	1.1755e-36	7.3641e-01	2.6350e-01	8.7423e-05	1.1755e-36	1.1755e-36	1.1755e-36	8.9296e-15	0.00e+00	0.00e+00	1.3639e+01
3.63707e+17	4.9415e+03	7.089e-22	2.7826e+01	9.4303e+00	1.6044e-06	6.9509e-01	3.0491e-01	6.0469e-01	3.9511e-01	1.9827e-04	2.2707e-09	1.6770e-02	9.5254e-01	3.0688e-02	1.1755e-36	7.4328e-01	2.5663e-01	8.3102e-05	1.1755e-36	1.1755e-36	1.1755e-36	1.0928e-14	0.00e+00	0.00e+00	1.3849e+01
3.65423e+17	4.8866e+03	6.882e-22	2.7826e+01	9.2225e+00	1.7916e-06	7.0257e-01	2.9743e-01	6.0912e-01	3.9068e-01	1.9695e-04	2.5439e-09	1.6480e-02	9.5347e-01	3.0047e-02	1.1755e-36	7.5010e-01	2.4982e-01	7.9039e-05	1.1755e-36	1.1755e-36	1.1755e-36	1.3461e-14	0.00e+00	0.00e+00	1.4061e+01
3.67099e+17	4.8369e+03	6.680e-22	2.7826e+01	9.0121e+00	1.9814e-06	7.0939e-01	2.9061e-01	6.1298e-01	3.8682e-01	1.9623e-04	2.8224e-09	1.6177e-02	9.5434e-01	2.9479e-02	1.1755e-36	7.5630e-01	2.4362e-01	7.5376e-05	1.1755e-36	1.1755e-36	1.1755e-36	1.6297e-14	0.00e+00	0.00e+00	1.4265e+01
3.68775e+17	4.7814e+03	6.484e-22	2.7826e+01	8.8080e+00	2.2103e-06	7.1639e-01	2.8361e-01	6.1719e-01	3.8262e-01	1.9510e-04	3.1536e-09	1.5887e-02	9.5523e-01	2.8879e-02	1.1755e-36	7.6265e-01	2.3728e-01	7.1802e-05	1.1755e-36	1.1755e-36	1.1755e-36	1.9990e-14	0.00e+00	0.00e+00	1.4481e+01
3.70457e+17	4.7266e+03	6.292e-22	2.7826e+01	8.6067e+00	2.4626e-06	7.2328e-01	2.7671e-01	6.2130e-01	3.7851e-01	1.9405e-04	3.5206e-09	1.5599e-02	9.5610e-01	2.8299e-02	1.1755e-36	7.6888e-01	2.3105e-01	6.8397e-05	1.1755e-36	1.1755e-36	1.1755e-36	2.4481e-14	0.00e+00	0.00e+00	1.4691e+01
3.72090e+17	4.6725e+03	6.110e-22	2.7826e+01	8.4135e+00	2.7372e-06	7.2989e-01	2.7011e-01	6.2529e-01	3.7451e-01	1.9300e-04	3.9193e-09	1.5322e-02	9.5694e-01	2.7740e-02	1.1755e-36	7.7483e-01	2.2511e-01	6.5241e-05	1.1755e-36	1.1755e-36	1.1755e-36	2.9829e-14	0.00e+00	0.00e+00	1.4897e+01
3.73700e+17	4.6185e+03	5.934e-22	2.7826e+01	8.2251e+00	3.0394e-06	7.3630e-01	2.6369e-01	6.2924e-01	3.7057e-01	1.9197e-04	4.3567e-09	1.5050e-02	9.5775e-01	2.7196e-02	1.1755e-36	7.8059e-01	2.1935e-01	6.2267e-05	1.1755e-36	1.1755e-36	1.1755e-36	3.6246e-14	0.00e+00	0.00e+00	1.5105e+01
3.75313e+17	4.5614e+03	5.763e-22	2.7826e+01	8.0428e+00	3.3892e-06	7.4280e-01	2.5719e-01	6.3338e-01	3.6643e-01	1.9065e-04	4.8605e-09	1.4790e-02	9.5857e-01	2.6639e-02	1.1755e-36	7.8641e-01	2.1353e-01	5.9379e-05	1.1755e-36	1.1755e-36	1.1755e-36	4.4331e-14	0.00e+00	0.00e+00	1.5316e+01
3.76905e+17	4.5061e+03	5.597e-22	2.7826e+01	7.8614e+00	3.7625e-06	7.4898e-01	2.5102e-01	6.3726e-01	3.6255e-01	1.8960e-04	5.3956e-09	1.4528e-02	9.5935e-01	2.6117e-02	1.1755e-36	7.9193e-01	2.0802e-01	5.6700e-05	1.1755e-36	1.1755e-36	1.1755e-36	5.3738e-14	0.00e+00	0.00e+00	1.5523e+01
3.78478e+17	4.4504e+03	5.436e-22	2.7826e+01	7.6846e+00	4.1729e-06	7.5500e-01	2.4500e-01	6.4114e-01	3.5867e-01	1.8849e-04	5.9809e-09	1.4272e-02	9.6013e-01	2.5603e-02	1.1755e-36	7.9729e-01	2.0265e-01	5.4160e-05	1.1755e-36	1.1755e-36	1.1755e-36	6.4952e-14	0.00e+00	0.00e+00	1.5732e+01
3.80071e+17	4.3893e+03	5.279e-22	2.7826e+01	7.5077e+00	4.6579e-06	7.6112e-01	2.3888e-01	6.4519e-01	3.5462e-01	1.8718e-04	6.6569e-09	1.4019e-02	9.6090e-01	2.5076e-02	1.1755e-36	8.0274e-01	1.9721e-01	5.1685e-05	1.1755e-36	1.1755e-36	1.1755e-36	7.9131e-14	0.00e+00	0.00e+00	1.5947e+01
3.81645e+17	4.3358e+03	5.126e-22	2.7826e+01	7.3359e+00	5.1325e-06	7.6685e-01	2.3315e-01	6.4889e-01	3.5093e-01	1.8625e-04	7.3339e-09	1.3767e-02	9.6164e-01	2.4592e-02	1.1755e-36	8.0782e-01	1.9213e-01	4.9387e-05	1.1755e-36	1.1755e-36	1.1755e-36	9.4518e-14	0.00e+00	0.00e+00	1.6155e+01
3.83250e+17	4.2717e+03	4.974e-22	2.7826e+01	7.1629e+00	5.7305e-06	7.7287e-01	2.2713e-01	6.5306e-01	3.4675e-01	1.8478e-04	8.1520e-09	1.3521e-02	9.6241e-01	2.4066e-02	1.1755e-36	8.1315e-01	1.8680e-01	4.7093e-05	1.1755e-36	1.1755e-36	1.1755e-36	1.1479e-13	0.00e+00	0.00e+00	1.6381e+01
3.84883e+17	4.2109e+03	4.824e-22	2.7826e+01	6.9897e+00	6.3520e-06	7.7874e-01	2.2126e-01	6.5701e-01	3.4280e-01	1.8360e-04	9.0069e-09	1.3270e-02	9.6316e-01	2.3567e-02	1.1755e-36	8.1833e-01	1.8163e-01	4.4902e-05	1.1755e-36	1.1755e-36	1.1755e-36	1.3782e-13	0.00e+00	0.00e+00	1.6600e+01
3.86499e+17	4.1492e+03	4.679e-22	2.7826e+01	6.8209e+00	7.0254e-06	7.8447e-01	2.1552e-01	6.6101e-01	3.3881e-01	1.8231e-04	9.9201e-09	1.3027e-02	9.6390e-01	2.3072e-02	1.1755e-36	8.2338e-01	1.7658e-01	4.2820e-05	1.1755e-36	1.1755e-36	1.1755e-36	1.6442e-13	0.00e+00	0.00e+00	1.6825e+01
3.88168e+17	4.0842e+03	4.533e-22	2.7826e+01	6.6492e+00	7.7773e-06	7.9032e-01	2.0967e-01	6.6516e-01	3.3466e-01	1.8093e-04	1.0923e-08	1.2780e-02	9.6465e-01	2.2565e-02	1.1755e-36	8.2852e-01	1.7144e-01	4.0760e-05	1.1755e-36	1.1755e-36	1.1755e-36	1.9594e-13	0.00e+00	0.00e+00	1.7062e+01
3.89902e+17	4.0171e+03	4.384e-22	2.7826e+01	6.4695e+00	8.5894e-06	7.9620e-01	2.0379e-01	6.6927e-01	3.3055e-01	1.7973e-04	1.1985e-08	1.2520e-02	9.6542e-01	2.2064e-02	1.1755e-36	8.3367e-01	1.6629e-01	3.8738e-05	1.1755e-36	1.1755e-36	1.1755e-36	2.3190e-13	0.00e+00	0.00e+00	1.7308e+01
3.91715e+17	3.9490e+03	4.232e-22	2.7826e+01	6.2852e+00	9.4598e-06	8.0234e-01	1.9765e-01	6.7349e-01	3.2633e-01	1.7856e-04	1.3128e-08	1.2253e-02	9.6619e-01	2.1554e-02	1.1755e-36	8.3903e-01	1.6093e-01	3.6688e-05	1.1755e-36	1.1755e-36	1.1755e-36	2.7327e-13	0.00e+00	0.00e+00	1.7571e+01
###########################
6.90205e+13	6.1993e+03	2.669e-21	2.7826e+01	2.7879e+01	7.9314e-10	6.1066e-02	9.3893e-01	1.6745e-01	8.3194e-01	6.0839e-04	4.1404e-13	1.4408e-02	7.7729e-01	2.0829e-01	8.9905e-06	7.3747e-02	9.1281e-01	1.3446e-02	3.3870e-07	1.1755e-36	1.1755e-36	7.9265e-21	0.00e+00	0.00e+00	1.4813e-03
4.14123e+14	6.1920e+03	2.684e-21	2.7826e+01	2.8090e+01	8.0865e-10	6.1461e-02	9.3854e-01	1.6868e-01	8.3072e-01	6.0220e-04	4.2414e-13	1.4508e-02	7.7866e-01	2.0683e-01	8.8732e-06	7.4229e-02	9.1242e-01	1.3354e-02	3.3375e-07	1.1755e-36	1.1755e-36	8.2084e-21	0.00e+00	0.00e+00	7.4448e-03
1.79453e+15	6.1694e+03	2.673e-21	2.7826e+01	2.8110e+01	8.2990e-10	6.1567e-02	9.3843e-01	1.6952e-01	8.2988e-01	5.9811e-04	4.2711e-13	1.4531e-02	7.7965e-01	2.0581e-01	8.7917e-06	7.4372e-02	9.1232e-01	1.3311e-02	3.3033e-07	1.1755e-36	1.1755e-36	8.2672e-21	0.00e+00	0.00e+00	3.1340e-02
7.31617e+15	6.1077e+03	2.638e-21	2.7826e+01	2.8084e+01	9.0597e-10	6.2270e-02	9.3773e-01	1.7241e-01	8.2701e-01	5.8475e-04	4.4133e-13	1.4693e-02	7.8291e-01	2.0239e-01	8.4844e-06	7.5277e-02	9.1166e-01	1.3060e-02	3.1386e-07	1.1755e-36	1.1755e-36	8.5878e-21	0.00e+00	0.00e+00	1.2801e-01
1.74760e+16	5.8960e+03	2.532e-21	2.7826e+01	2.8092e+01	1.0999e-09	6.1638e-02	9.3836e-01	1.7704e-01	8.2239e-01	5.6359e-04	4.3874e-13	1.4705e-02	7.8841e-01	1.9687e-01	8.2200e-06	7.4646e-02	9.1225e-01	1.3099e-02	3.0782e-07	1.1755e-36	1.1755e-36	8.3379e-21	0.00e+00	0.00e+00	2.5241e-01
2.71664e+16	5.7048e+03	2.445e-21	2.7826e+01	2.8099e+01	1.3182e-09	6.1011e-02	9.3899e-01	1.8081e-01	8.1864e-01	5.4710e-04	4.3537e-13	1.4692e-02	7.9288e-01	1.9242e-01	8.0180e-06	7.4008e-02	9.1284e-01	1.3147e-02	3.0381e-07	1.1755e-36	1.1755e-36	8.1404e-21	0.00e+00	0.00e+00	3.3706e-01
3.42243e+16	5.6149e+03	2.405e-21	2.7826e+01	2.8086e+01	1.4723e-09	6.1320e-02	9.3868e-01	1.8357e-01	8.1590e-01	5.3584e-04	4.4443e-13	1.4798e-02	7.9591e-01	1.8928e-01	7.7868e-06	7.4452e-02	9.1257e-01	1.2977e-02	2.9247e-07	1.1755e-36	1.1755e-36	8.3515e-21	0.00e+00	0.00e+00	4.0409e-01
4.13775e+16	5.5669e+03	2.382e-21	2.7826e+01	2.8062e+01	1.6213e-09	6.2475e-02	9.3753e-01	1.8687e-01	8.1260e-01	5.2338e-04	4.6753e-13	1.5038e-02	7.9919e-01	1.8576e-01	7.4451e-06	7.5908e-02	9.1150e-01	1.2588e-02	2.7237e-07	1.1755e-36	1.1755e-36	8.9685e-21	0.00e+00	0.00e+00	4.9286e-01
5.06766e+16	5.5146e+03	2.359e-21	2.7826e+01	2.8016e+01	1.8359e-09	6.4274e-02	9.3573e-01	1.9134e-01	8.0815e-01	5.0760e-04	5.0393e-13	1.5392e-02	8.0341e-01	1.8119e-01	6.9932e-06	7.8160e-02	9.0980e-01	1.2037e-02	2.4604e-07	1.1755e-36	1.1755e-36	9.9883e-21	0.00e+00	0.00e+00	6.1159e-01
6.27655e+16	5.4675e+03	2.334e-21	2.7826e+01	2.7914e+01	2.1300e-09	6.6984e-02	9.3302e-01	1.9722e-01	8.0230e-01	4.8854e-04	5.6001e-13	1.5893e-02	8.0862e-01	1.7548e-01	6.4218e-06	8.1527e-02	9.0719e-01	1.1284e-02	2.1323e-07	1.1755e-36	1.1755e-36	1.1644e-20	0.00e+00	0.00e+00	7.7245e-01
7.84810e+16	5.4346e+03	2.312e-21	2.7826e+01	2.7781e+01	2.5503e-09	7.1286e-02	9.2871e-01	2.0540e-01	7.9413e-01	4.6475e-04	6.5498e-13	1.6644e-02	8.1535e-01	1.6800e-01	5.6884e-06	8.6833e-02	9.0292e-01	1.0251e-02	1.7342e-07	1.1755e-36	1.1755e-36	1.4653e-20	0.00e+00	0.00e+00	9.9499e-01
9.89111e+16	5.4373e+03	2.290e-21	2.7826e+01	2.7536e+01	3.1287e-09	7.8074e-02	9.2193e-01	2.1671e-01	7.8286e-01	4.3647e-04	8.1871e-13	1.7735e-02	8.2368e-01	1.5858e-01	4.8007e-06	9.5144e-02	8.9596e-01	8.8976e-03	1.2898e-07	1.1755e-36	1.1755e-36	2.0327e-20	0.00e+00	0.00e+00	1.3118e+00
1.22522e+17	5.4649e+03	2.282e-21	2.7826e+01	2.7234e+01	3.9920e-09	8.8183e-02	9.1182e-01	2.3108e-01	7.6851e-01	4.0687e-04	1.1016e-12	1.9179e-02	8.3317e-01	1.4764e-01	3.8612e-06	1.0743e-01	8.8519e-01	7.3818e-03	1.1755e-36	1.1755e-36	1.1755e-36	3.1554e-20	0.00e+00	0.00e+00	1.6857e+00
1.47484e+17	5.5561e+03	2.278e-21	2.7826e+01	2.6786e+01	5.0447e-09	1.0235e-01	8.9765e-01	2.4850e-01	7.5113e-01	3.7809e-04	1.5747e-12	2.0907e-02	8.4307e-01	1.3602e-01	2.9746e-06	1.2448e-01	8.6968e-01	5.8475e-03	1.1755e-36	1.1755e-36	1.1755e-36	5.3373e-20	0.00e+00	0.00e+00	2.1497e+00
1.72424e+17	5.6762e+03	2.281e-21	2.7826e+01	2.6203e+01	6.5411e-09	1.2169e-01	8.7831e-01	2.6864e-01	7.3101e-01	3.5185e-04	2.3864e-12	2.2806e-02	8.5312e-01	1.2408e-01	2.2063e-06	1.4752e-01	8.4803e-01	4.4509e-03	1.1755e-36	1.1755e-36	1.1755e-36	9.8778e-20	0.00e+00	0.00e+00	2.6647e+00
1.94025e+17	5.8136e+03	2.277e-21	2.7826e+01	2.5523e+01	8.3466e-09	1.4439e-01	8.5561e-01	2.8875e-01	7.1092e-01	3.3157e-04	3.6028e-12	2.4496e-02	8.6192e-01	1.1358e-01	1.6453e-06	1.7424e-01	8.2239e-01	3.3783e-03	1.1755e-36	1.1755e-36	1.1755e-36	1.8232e-19	0.00e+00	0.00e+00	3.1497e+00
2.11270e+17	5.9288e+03	2.262e-21	2.7826e+01	2.4821e+01	1.0510e-08	1.6799e-01	8.3201e-01	3.0746e-01	6.9223e-01	3.1579e-04	5.2226e-12	2.5787e-02	8.6938e-01	1.0484e-01	1.2645e-06	2.0169e-01	7.9568e-01	2.6294e-03	1.1755e-36	1.1755e-36	1.1755e-36	3.1844e-19	0.00e+00	0.00e+00	3.6035e+00
2.22690e+17	6.0142e+03	2.246e-21	2.7826e+01	2.4267e+01	1.2371e-08	1.8693e-01	8.1307e-01	3.2038e-01	6.7931e-01	3.0736e-04	6.7973e-12	2.6535e-02	8.7420e-01	9.9265e-02	1.0528e-06	2.2346e-01	7.7434e-01	2.1971e-03	1.1755e-36	1.1755e-36	1.1755e-36	4.7513e-19	0.00e+00	0.00e+00	3.8488e+00
2.28906e+17	6.0547e+03	2.230e-21	2.7826e+01	2.3923e+01	1.3678e-08	1.9841e-01	8.0159e-01	3.2832e-01	6.7138e-01	3.0211e-04	7.9029e-12	2.6892e-02	8.7702e-01	9.6087e-02	9.4734e-07	2.3658e-01	7.6144e-01	1.9820e-03	1.1755e-36	1.1755e-36	1.1755e-36	5.9802e-19	0.00e+00	0.00e+00	4.0218e+00
2.33985e+17	6.0809e+03	2.212e-21	2.7826e+01	2.3624e+01	1.5005e-08	2.0855e-01	7.9145e-01	3.3549e-01	6.6421e-01	2.9706e-04	8.9938e-12	2.7165e-02	8.7953e-01	9.3306e-02	8.6466e-07	2.4810e-01	7.5008e-01	1.8149e-03	1.1755e-36	1.1755e-36	1.1755e-36	7.2924e-19	0.00e+00	0.00e+00	4.2122e+00
2.39520e+17	6.1061e+03	2.190e-21	2.7826e+01	2.3276e+01	1.6694e-08	2.2033e-01	7.7967e-01	3.4370e-01	6.5601e-01	2.9141e-04	1.0395e-11	2.7427e-02	8.8233e-01	9.0247e-02	7.8067e-07	2.6143e-01	7.3693e-01	1.6441e-03	1.1755e-36	1.1755e-36	1.1755e-36	9.1177e-19	0.00e+00	0.00e+00	4.4396e+00
2.45363e+17	6.1291e+03	2.163e-21	2.7826e+01	2.2897e+01	1.8814e-08	2.3373e-01	7.6627e-01	3.5254e-01	6.4718e-01	2.8582e-04	1.2178e-11	2.7668e-02	8.8531e-01	8.7020e-02	6.9908e-07	2.7650e-01	7.2202e-01	1.4768e-03	1.1755e-36	1.1755e-36	1.1755e-36	1.1667e-18	0.00e+00	0.00e+00	4.6782e+00
2.50843e+17	6.1477e+03	2.135e-21	2.7826e+01	2.2527e+01	2.1184e-08	2.4728e-01	7.5272e-01	3.6121e-01	6.3851e-01	2.8059e-04	1.4207e-11	2.7854e-02	8.8815e-01	8.3994e-02	6.2869e-07	2.9164e-01	7.0703e-01	1.3310e-03	1.1755e-36	1.1755e-36	1.1755e-36	1.4862e-18	0.00e+00	0.00e+00	4.9021e+00
2.55723e+17	6.1635e+03	2.104e-21	2.7826e+01	2.2152e+01	2.3572e-08	2.5990e-01	7.4010e-01	3.6905e-01	6.3067e-01	2.7632e-04	1.6295e-11	2.7948e-02	8.9067e-01	8.1386e-02	5.7192e-07	3.0565e-01	6.9314e-01	1.2113e-03	1.1755e-36	1.1755e-36	1.1755e-36	1.8454e-18	0.00e+00	0.00e+00	5.1124e+00
2.60300e+17	6.1732e+03	2.072e-21	2.7826e+01	2.1783e+01	2.6249e-08	2.7249e-01	7.2751e-01	3.7683e-01	6.2290e-01	2.7211e-04	1.8624e-11	2.8000e-02	8.9311e-01	7.8893e-02	5.2190e-07	3.1955e-01	6.7935e-01	1.1058e-03	1.1755e-36	1.1755e-36	1.1755e-36	2.2826e-18	0.00e+00	0.00e+00	5.3301e+00
2.64802e+17	6.1793e+03	2.037e-21	2.7826e+01	2.1402e+01	2.9323e-08	2.8552e-01	7.1448e-01	3.8473e-01	6.1501e-01	2.6799e-04	2.1313e-11	2.8011e-02	8.9554e-01	7.6444e-02	4.7624e-07	3.3385e-01	6.6514e-01	1.0088e-03	1.1755e-36	1.1755e-36	1.1755e-36	2.8340e-18	0.00e+00	0.00e+00	5.5538e+00
2.69157e+17	6.1829e+03	2.000e-21	2.7826e+01	2.1015e+01	3.2743e-08	2.9872e-01	7.0128e-01	3.9254e-01	6.0720e-01	2.6414e-04	2.4342e-11	2.7977e-02	8.9792e-01	7.4102e-02	4.3547e-07	3.4824e-01	6.5084e-01	9.2152e-04	1.1755e-36	1.1755e-36	1.1755e-36	3.5129e-18	0.00e+00	0.00e+00	5.7770e+00
2.73320e+17	6.1828e+03	1.961e-21	2.7826e+01	2.0628e+01	3.6548e-08	3.1191e-01	6.8809e-01	4.0023e-01	5.9951e-01	2.6050e-04	2.7727e-11	2.7903e-02	9.0022e-01	7.1873e-02	3.9928e-07	3.6255e-01	6.3661e-01	8.4358e-04	1.1755e-36	1.1755e-36	1.1755e-36	4.3431e-18	0.00e+00	0.00e+00	6.0001e+00
2.77311e+17	6.1793e+03	1.921e-21	2.7826e+01	2.0240e+01	4.0779e-08	3.2508e-01	6.7492e-01	4.0778e-01	5.9196e-01	2.5709e-04	3.1504e-11	2.7791e-02	9.0246e-01	6.9750e-02	3.6705e-07	3.7674e-01	6.2248e-01	7.7378e-04	1.1755e-36	1.1755e-36	1.1755e-36	5.3573e-18	0.00e+00	0.00e+00	6.2235e+00
2.81152e+17	6.1733e+03	1.880e-21	2.7826e+01	1.9855e+01	4.5468e-08	3.3827e-01	6.6173e-01	4.1526e-01	5.8449e-01	2.5381e-04	3.5737e-11	2.7650e-02	9.0464e-01	6.7714e-02	3.3813e-07	3.9087e-01	6.0842e-01	7.1087e-04	1.1755e-36	1.1755e-36	1.1755e-36	6.6002e-18	0.00e+00	0.00e+00	6.4476e+00
2.84864e+17	6.1620e+03	1.838e-21	2.7826e+01	1.9470e+01	5.0839e-08	3.5153e-01	6.4847e-01	4.2270e-01	5.7705e-01	2.5061e-04	4.0538e-11	2.7480e-02	9.0677e-01	6.5746e-02	3.1199e-07	4.0500e-01	5.9435e-01	6.5390e-04	1.1755e-36	1.1755e-36	1.1755e-36	8.1499e-18	0.00e+00	0.00e+00	6.6734e+00
2.88422e+17	6.1489e+03	1.796e-21	2.7826e+01	1.9086e+01	5.6706e-08	3.6460e-01	6.3540e-01	4.2991e-01	5.6984e-01	2.4768e-04	4.5831e-11	2.7279e-02	9.0883e-01	6.3893e-02	2.8877e-07	4.1884e-01	5.8056e-01	6.0298e-04	1.1755e-36	1.1755e-36	1.1755e-36	1.0023e-17	0.00e+00	0.00e+00	6.8950e+00
2.91824e+17	6.1340e+03	1.753e-21	2.7826e+01	1.8708e+01	6.3121e-08	3.7747e-01	6.2253e-01	4.3694e-01	5.6282e-01	2.4494e-04	5.1677e-11	2.7057e-02	9.1081e-01	6.2134e-02	2.6801e-07	4.3238e-01	5.6707e-01	5.5728e-04	1.1755e-36	1.1755e-36	1.1755e-36	1.2287e-17	0.00e+00	0.00e+00	7.1168e+00
2.95142e+17	6.1162e+03	1.710e-21	2.7826e+01	1.8331e+01	7.0338e-08	3.9039e-01	6.0961e-01	4.4395e-01	5.5581e-01	2.4226e-04	5.8292e-11	2.6813e-02	9.1276e-01	6.0425e-02	2.4901e-07	4.4589e-01	5.5359e-01	5.1538e-04	1.1755e-36	1.1755e-36	1.1755e-36	1.5097e-17	0.00e+00	0.00e+00	7.3425e+00
2.98390e+17	6.0956e+03	1.667e-21	2.7826e+01	1.7953e+01	7.8477e-08	4.0337e-01	5.9663e-01	4.5093e-01	5.4883e-01	2.3968e-04	6.5801e-11	2.6546e-02	9.1469e-01	5.8768e-02	2.3161e-07	4.5940e-01	5.4013e-01	4.7690e-04	1.1755e-36	1.1755e-36	1.1755e-36	1.8602e-17	0.00e+00	0.00e+00	7.5698e+00
3.01540e+17	6.0724e+03	1.623e-21	2.7826e+01	1.7578e+01	8.7550e-08	4.1623e-01	5.8377e-01	4.5778e-01	5.4199e-01	2.3724e-04	7.4226e-11	2.6261e-02	9.1656e-01	5.7181e-02	2.1583e-07	4.7270e-01	5.2685e-01	4.4194e-04	1.1755e-36	1.1755e-36	1.1755e-36	2.2928e-17	0.00e+00	0.00e+00	7.7959e+00
3.04578e+17	6.0476e+03	1.580e-21	2.7826e+01	1.7207e+01	9.7553e-08	4.2888e-01	5.7112e-01	4.6446e-01	5.3531e-01	2.3495e-04	8.3610e-11	2.5960e-02	9.1837e-01	5.5671e-02	2.0159e-07	4.8571e-01	5.1388e-01	4.1029e-04	1.1755e-36	1.1755e-36	1.1755e-36	2.8227e-17	0.00e+00	0.00e+00	8.0208e+00
3.07525e+17	6.0210e+03	1.537e-21	2.7826e+01	1.6842e+01	1.0863e-07	4.4139e-01	5.5861e-01	4.7103e-01	5.2874e-01	2.3276e-04	9.4134e-11	2.5646e-02	9.2013e-01	5.4220e-02	1.8861e-07	4.9850e-01	5.0112e-01	3.8140e-04	1.1755e-36	1.1755e-36	1.1755e-36	3.4761e-17	0.00e+00	0.00e+00	8.2464e+00
3.10406e+17	5.9923e+03	1.494e-21	2.7826e+01	1.6480e+01	1.2103e-07	4.5382e-01	5.4618e-01	4.7753e-01	5.2223e-01	2.3065e-04	1.0606e-10	2.5319e-02	9.2187e-01	5.2815e-02	1.7667e-07	5.1115e-01	4.8850e-01	3.5482e-04	1.1755e-36	1.1755e-36	1.1755e-36	4.2909e-17	0.00e+00	0.00e+00	8.4739e+00
3.13225e+17	5.9614e+03	1.452e-21	2.7826e+01	1.6120e+01	1.3492e-07	4.6618e-01	5.3382e-01	4.8397e-01	5.1580e-01	2.2862e-04	1.1959e-10	2.4980e-02	9.2356e-01	5.1457e-02	1.6568e-07	5.2364e-01	4.7603e-01	3.3036e-04	1.1755e-36	1.1755e-36	1.1755e-36	5.3103e-17	0.00e+00	0.00e+00	8.7020e+00
3.15970e+17	5.9287e+03	1.410e-21	2.7826e+01	1.5765e+01	1.5040e-07	4.7836e-01	5.2164e-01	4.9028e-01	5.0949e-01	2.2669e-04	1.3488e-10	2.4632e-02	9.2521e-01	5.0154e-02	1.5563e-07	5.3589e-01	4.6380e-01	3.0796e-04	1.1755e-36	1.1755e-36	1.1755e-36	6.5809e-17	0.00e+00	0.00e+00	8.9294e+00
3.18637e+17	5.8947e+03	1.369e-21	2.7826e+01	1.5416e+01	1.6753e-07	4.9032e-01	5.0968e-01	4.9646e-01	5.0332e-01	2.2486e-04	1.5208e-10	2.4276e-02	9.2682e-01	4.8905e-02	1.4644e-07	5.4786e-01	4.5185e-01	2.8748e-04	1.1755e-36	1.1755e-36	1.1755e-36	8.1592e-17	0.00e+00	0.00e+00	9.1558e+00
3.21237e+17	5.8594e+03	1.328e-21	2.7826e+01	1.5072e+01	1.8652e-07	5.0209e-01	4.9791e-01	5.0253e-01	4.9725e-01	2.2312e-04	1.7154e-10	2.3915e-02	9.2838e-01	4.7703e-02	1.3798e-07	5.5957e-01	4.4016e-01	2.6865e-04	1.1755e-36	1.1755e-36	1.1755e-36	1.0128e-16	0.00e+00	0.00e+00	9.3827e+00
3.23785e+17	5.8227e+03	1.289e-21	2.7826e+01	1.4733e+01	2.0771e-07	5.1372e-01	4.8628e-01	5.0852e-01	4.9126e-01	2.2143e-04	1.9368e-10	2.3548e-02	9.2991e-01	4.6540e-02	1.3016e-07	5.7109e-01	4.2866e-01	2.5125e-04	1.1755e-36	1.1755e-36	1.1755e-36	1.2603e-16	0.00e+00	0.00e+00	9.6106e+00
3.26285e+17	5.7843e+03	1.250e-21	2.7826e+01	1.4399e+01	2.3142e-07	5.2521e-01	4.7479e-01	5.1443e-01	4.8535e-01	2.1981e-04	2.1898e-10	2.3177e-02	9.3141e-01	4.5414e-02	1.1755e-36	5.8241e-01	4.1736e-01	2.3514e-04	1.1755e-36	1.1755e-36	1.1755e-36	1.5730e-16	0.00e+00	0.00e+00	9.8389e+00
3.28730e+17	5.7444e+03	1.212e-21	2.7826e+01	1.4070e+01	2.5791e-07	5.3651e-01	4.6349e-01	5.2025e-01	4.7953e-01	2.1824e-04	2.4785e-10	2.2803e-02	9.3287e-01	4.4329e-02	1.1755e-36	5.9348e-01	4.0630e-01	2.2028e-04	1.1755e-36	1.1755e-36	1.1755e-36	1.9681e-16	0.00e+00	0.00e+00	1.0067e+01
3.31114e+17	5.7033e+03	1.175e-21	2.7826e+01	1.3748e+01	2.8733e-07	5.4756e-01	4.5244e-01	5.2593e-01	4.7385e-01	2.1676e-04	2.8066e-10	2.2428e-02	9.3428e-01	4.3287e-02	1.1755e-36	6.0426e-01	3.9553e-01	2.0662e-04	1.1755e-36	1.1755e-36	1.1755e-36	2.4655e-16	0.00e+00	0.00e+00	1.0293e+01
3.33438e+17	5.6614e+03	1.139e-21	2.7826e+01	1.3432e+01	3.1989e-07	5.5835e-01	4.4165e-01	5.3149e-01	4.6829e-01	2.1534e-04	3.1791e-10	2.2054e-02	9.3566e-01	4.2288e-02	1.1755e-36	6.1474e-01	3.8507e-01	1.9403e-04	1.1755e-36	1.1755e-36	1.1755e-36	3.0910e-16	0.00e+00	0.00e+00	1.0518e+01
3.35715e+17	5.6188e+03	1.103e-21	2.7826e+01	1.3124e+01	3.5603e-07	5.6894e-01	4.3106e-01	5.3696e-01	4.6282e-01	2.1397e-04	3.6041e-10	2.1680e-02	9.3700e-01	4.1322e-02	1.1755e-36	6.2496e-01	3.7486e-01	1.8237e-04	1.1755e-36	1.1755e-36	1.1755e-36	3.8815e-16	0.00e+00	0.00e+00	1.0744e+01
3.37955e+17	5.5753e+03	1.069e-21	2.7826e+01	1.2820e+01	3.9633e-07	5.7935e-01	4.2065e-01	5.4238e-01	4.5741e-01	2.1259e-04	4.0920e-10	2.1307e-02	9.3831e-01	4.0385e-02	1.1755e-36	6.3498e-01	3.6485e-01	1.7152e-04	1.1755e-36	1.1755e-36	1.1755e-36	4.8871e-16	0.00e+00	0.00e+00	1.0970e+01
3.40160e+17	5.5305e+03	1.036e-21	2.7826e+01	1.2522e+01	4.4144e-07	5.8959e-01	4.1041e-01	5.4772e-01	4.5207e-01	2.1128e-04	4.6537e-10	2.0934e-02	9.3959e-01	3.9477e-02	1.1755e-36	6.4478e-01	3.5506e-01	1.6141e-04	1.1755e-36	1.1755e-36	1.1755e-36	6.1728e-16	0.00e+00	0.00e+00	1.1197e+01
3.42323e+17	5.4844e+03	1.003e-21	2.7826e+01	1.2230e+01	4.9198e-07	5.9963e-01	4.0037e-01	5.5296e-01	4.4683e-01	2.1001e-04	5.3009e-10	2.0564e-02	9.4084e-01	3.8599e-02	1.1755e-36	6.5435e-01	3.4550e-01	1.5203e-04	1.1755e-36	1.1755e-36	1.1755e-36	7.8200e-16	0.00e+00	0.00e+00	1.1422e+01
3.44434e+17	5.4374e+03	9.720e-22	2.7826e+01	1.1945e+01	5.4827e-07	6.0939e-01	3.9061e-01	5.5808e-01	4.4172e-01	2.0880e-04	6.0427e-10	2.0197e-02	9.4205e-01	3.7757e-02	1.1755e-36	6.6362e-01	3.3624e-01	1.4337e-04	1.1755e-36	1.1755e-36	1.1755e-36	9.9212e-16	0.00e+00	0.00e+00	1.1645e+01
3.46490e+17	5.3900e+03	9.419e-22	2.7826e+01	1.1668e+01	6.1039e-07	6.1885e-01	3.8115e-01	5.6306e-01	4.3674e-01	2.0764e-04	6.8874e-10	1.9836e-02	9.4321e-01	3.6951e-02	1.1755e-36	6.7256e-01	3.2731e-01	1.3538e-04	1.1755e-36	1.1755e-36	1.1755e-36	1.2583e-15	0.00e+00	0.00e+00	1.1866e+01
3.48501e+17	5.3425e+03	9.128e-22	2.7826e+01	1.1399e+01	6.7902e-07	6.2805e-01	3.7195e-01	5.6794e-01	4.3186e-01	2.0651e-04	7.8520e-10	1.9481e-02	9.4434e-01	3.6175e-02	1.1755e-36	6.8122e-01	3.1865e-01	1.2796e-04	1.1755e-36	1.1755e-36	1.1755e-36	1.5962e-15	0.00e+00	0.00e+00	1.2086e+01
3.50484e+17	5.2948e+03	8.846e-22	2.7826e+01	1.1136e+01	7.5517e-07	6.3707e-01	3.6293e-01	5.7276e-01	4.2704e-01	2.0540e-04	8.9601e-10	1.9130e-02	9.4545e-01	3.5420e-02	1.1755e-36	6.8967e-01	3.1021e-01	1.2101e-04	1.1755e-36	1.1755e-36	1.1755e-36	2.0277e-15	0.00e+00	0.00e+00	1.2306e+01
3.52448e+17	5.2467e+03	8.571e-22	2.7826e+01	1.0878e+01	8.3987e-07	6.4593e-01	3.5407e-01	5.7753e-01	4.2227e-01	2.0431e-04	1.0237e-09	1.8781e-02	9.4653e-01	3.4685e-02	1.1755e-36	6.9794e-01	3.0194e-01	1.1448e-04	1.1755e-36	1.1755e-36	1.1755e-36	2.5808e-15	0.00e+00	0.00e+00	1.2528e+01
3.54396e+17	5.1968e+03	8.302e-22	2.7826e+01	1.0621e+01	9.3581e-07	6.5461e-01	3.4539e-01	5.8223e-01	4.1756e-01	2.0327e-04	1.1727e-09	1.8432e-02	9.4759e-01	3.3973e-02	1.1755e-36	7.0603e-01	2.9386e-01	1.0835e-04	1.1755e-36	1.1755e-36	1.1755e-36	3.3008e-15	0.00e+00	0.00e+00	1.2751e+01
3.56311e+17	5.1434e+03	8.045e-22	2.7826e+01	1.0375e+01	1.0476e-06	6.6330e-01	3.3670e-01	5.8705e-01	4.1275e-01	2.0200e-04	1.3520e-09	1.8097e-02	9.4864e-01	3.3263e-02	1.1755e-36	7.1408e-01	2.8581e-01	1.0256e-04	1.1755e-36	1.1755e-36	1.1755e-36	4.2705e-15	0.00e+00	0.00e+00	1.2972e+01
3.58143e+17	5.1008e+03	7.800e-22	2.7826e+01	1.0136e+01	1.1523e-06	6.7105e-01	3.2895e-01	5.9118e-01	4.0861e-01	2.0136e-04	1.5292e-09	1.7760e-02	9.4959e-01	3.2648e-02	1.1755e-36	7.2124e-01	2.7866e-01	9.7434e-05	1.1755e-36	1.1755e-36	1.1755e-36	5.3320e-15	0.00e+00	0.00e+00	1.3181e+01
3.60005e+17	5.0485e+03	7.555e-22	2.7826e+01	9.8956e+00	1.2858e-06	6.7916e-01	3.2084e-01	5.9577e-01	4.0403e-01	2.0031e-04	1.7591e-09	1.7424e-02	9.5059e-01	3.1987e-02	1.1755e-36	7.2870e-01	2.7121e-01	9.2382e-05	1.1755e-36	1.1755e-36	1.1755e-36	6.8667e-15	0.00e+00	0.00e+00	1.3414e+01
3.61921e+17	4.9927e+03	7.313e-22	2.7826e+01	9.6596e+00	1.4443e-06	6.8762e-01	3.1238e-01	6.0059e-01	3.9921e-01	1.9900e-04	2.0358e-09	1.7096e-02	9.5160e-01	3.1306e-02	1.1755e-36	7.3645e-01	2.6346e-01	8.7396e-05	1.1755e-36	1.1755e-36	1.1755e-36	8.9404e-15	0.00e+00	0.00e+00	1.3641e+01
3.63717e+17	4.9413e+03	7.088e-22	2.7826e+01	9.4294e+00	1.6052e-06	6.9512e-01	3.0488e-01	6.0471e-01	3.9509e-01	1.9826e-04	2.2718e-09	1.6769e-02	9.5255e-01	3.0685e-02	1.1755e-36	7.4331e-01	2.5660e-01	8.3085e-05	1.1755e-36	1.1755e-36	1.1755e-36	1.0938e-14	0.00e+00	0.00e+00	1.3850e+01
3.65427e+17	4.8865e+03	6.882e-22	2.7826e+01	9.2223e+00	1.7918e-06	7.0257e-01	2.9743e-01	6.0912e-01	3.9068e-01	1.9695e-04	2.5441e-09	1.6480e-02	9.5347e-01	3.0047e-02	1.1755e-36	7.5011e-01	2.4982e-01	7.9036e-05	1.1755e-36	1.1755e-36	1.1755e-36	1.3464e-14	0.00e+00	0.00e+00	1.4061e+01
3.67102e+17	4.8369e+03	6.680e-22	2.7826e+01	9.0121e+00	1.9815e-06	7.0939e-01	2.9061e-01	6.1298e-01	3.8682e-01	1.9623e-04	2.8225e-09	1.6177e-02	9.5434e-01	2.9479e-02	1.1755e-36	7.5630e-01	2.4362e-01	7.5376e-05	1.1755e-36	1.1755e-36	1.1755e-36	1.6297e-14	0.00e+00	0.00e+00	1.4265e+01
3.68779e+17	4.7813e+03	6.484e-22	2.7826e+01	8.8078e+00	2.2105e-06	7.1640e-01	2.8360e-01	6.1719e-01	3.8261e-01	1.9510e-04	3.1539e-09	1.5887e-02	9.5523e-01	2.8879e-02	1.1755e-36	7.6265e-01	2.3727e-01	7.1798e-05	1.1755e-36	1.1755e-36	1.1755e-36	1.9993e-14	0.00e+00	0.00e+00	1.4481e+01
3.70463e+17	4.7265e+03	6.292e-22	2.7826e+01	8.6063e+00	2.4630e-06	7.2330e-01	2.7670e-01	6.2131e-01	3.7850e-01	1.9404e-04	3.5213e-09	1.5599e-02	9.5610e-01	2.8298e-02	1.1755e-36	7.6889e-01	2.3104e-01	6.8391e-05	1.1755e-36	1.1755e-36	1.1755e-36	2.4490e-14	0.00e+00	0.00e+00	1.4691e+01
3.72096e+17	4.6724e+03	6.109e-22	2.7826e+01	8.4131e+00	2.7379e-06	7.2990e-01	2.7009e-01	6.2530e-01	3.7450e-01	1.9300e-04	3.9202e-09	1.5321e-02	9.5694e-01	2.7739e-02	1.1755e-36	7.7484e-01	2.2509e-01	6.5233e-05	1.1755e-36	1.1755e-36	1.1755e-36	2.9841e-14	0.00e+00	0.00e+00	1.4898e+01
3.73707e+17	4.6183e+03	5.933e-22	2.7826e+01	8.2247e+00	3.0401e-06	7.3632e-01	2.6368e-01	6.2925e-01	3.7056e-01	1.9196e-04	4.3577e-09	1.5050e-02	9.5776e-01	2.7195e-02	1.1755e-36	7.8060e-01	2.1934e-01	6.2260e-05	1.1755e-36	1.1755e-36	1.1755e-36	3.6261e-14	0.00e+00	0.00e+00	1.5106e+01
3.75319e+17	4.5613e+03	5.762e-22	2.7826e+01	8.0425e+00	3.3899e-06	7.4282e-01	2.5718e-01	6.3339e-01	3.6642e-01	1.9065e-04	4.8615e-09	1.4790e-02	9.5857e-01	2.6638e-02	1.1755e-36	7.8642e-01	2.1352e-01	5.9374e-05	1.1755e-36	1.1755e-36	1.1755e-36	4.4347e-14	0.00e+00	0.00e+00	1.5317e+01
3.76910e+17	4.5060e+03	5.596e-22	2.7826e+01	7.8610e+00	3.7631e-06	7.4899e-01	2.5101e-01	6.3727e-01	3.6254e-01	1.8959e-04	5.3965e-09	1.4528e-02	9.5936e-01	2.6116e-02	1.1755e-36	7.9194e-01	2.0801e-01	5.6695e-05	1.1755e-36	1.1755e-36	1.1755e-36	5.3755e-14	0.00e+00	0.00e+00	1.5523e+01
3.78483e+17	4.4503e+03	5.436e-22	2.7826e+01	7.6843e+00	4.1735e-06	7.5501e-01	2.4499e-01	6.4114e-01	3.5867e-01	1.8849e-04	5.9819e-09	1.4272e-02	9.6013e-01	2.5602e-02	1.1755e-36	7.9730e-01	2.0264e-01	5.4155e-05	1.1755e-36	1.1755e-36	1.1755e-36	6.4973e-14	0.00e+00	0.00e+00	1.5733e+01
3.80076e+17	4.3892e+03	5.278e-22	2.7826e+01	7.5073e+00	4.6588e-06	7.6113e-01	2.3887e-01	6.4520e-01	3.5462e-01	1.8718e-04	6.6582e-09	1.4019e-02	9.6091e-01	2.5075e-02	1.1755e-36	8.0275e-01	1.9720e-01	5.1680e-05	1.1755e-36	1.1755e-36	1.1755e-36	7.9158e-14	0.00e+00	0.00e+00	1.5947e+01
3.81651e+17	4.3357e+03	5.125e-22	2.7826e+01	7.3355e+00	5.1334e-06	7.6686e-01	2.3314e-01	6.4890e-01	3.5092e-01	1.8624e-04	7.3353e-09	1.3767e-02	9.6164e-01	2.4591e-02	1.1755e-36	8.0783e-01	1.9212e-01	4.9382e-05	1.1755e-36	1.1755e-36	1.1755e-36	9.4551e-14	0.00e+00	0.00e+00	1.6155e+01
3.83256e+17	4.2716e+03	4.974e-22	2.7826e+01	7.1625e+00	5.7315e-06	7.7288e-01	2.2712e-01	6.5307e-01	3.4675e-01	1.8478e-04	8.1535e-09	1.3521e-02	9.6241e-01	2.4065e-02	1.1755e-36	8.1316e-01	1.8679e-01	4.7088e-05	1.1755e-36	1.1755e-36	1.1755e-36	1.1483e-13	0.00e+00	0.00e+00	1.6382e+01
3.84889e+17	4.2109e+03	4.824e-22	2.7826e+01	6.9893e+00	6.3531e-06	7.7875e-01	2.2125e-01	6.5702e-01	3.4280e-01	1.8360e-04	9.0086e-09	1.3270e-02	9.6316e-01	2.3566e-02	1.1755e-36	8.1834e-01	1.8161e-01	4.4897e-05	1.1755e-36	1.1755e-36	1.1755e-36	1.3787e-13	0.00e+00	0.00e+00	1.6600e+01
3.86505e+17	4.1491e+03	4.679e-22	2.7826e+01	6.8205e+00	7.0267e-06	7.8449e-01	2.1551e-01	6.6101e-01	3.3880e-01	1.8231e-04	9.9220e-09	1.3026e-02	9.6390e-01	2.3071e-02	1.1755e-36	8.2339e-01	1.7656e-01	4.2814e-05	1.1755e-36	1.1755e-36	1.1755e-36	1.6448e-13	0.00e+00	0.00e+00	1.6825e+01
3.88174e+17	4.0841e+03	4.532e-22	2.7826e+01	6.6488e+00	7.7787e-06	7.9033e-01	2.0966e-01	6.6516e-01	3.3465e-01	1.8094e-04	1.0926e-08	1.2780e-02	9.6466e-01	2.2565e-02	1.1755e-36	8.2853e-01	1.7143e-01	4.0755e-05	1.1755e-36	1.1755e-36	1.1755e-36	1.9601e-13	0.00e+00	0.00e+00	1.7062e+01
3.89908e+17	4.0171e+03	4.384e-22	2.7826e+01	6.4687e+00	8.5910e-06	7.9623e-01	2.0377e-01	6.6926e-01	3.3056e-01	1.7975e-04	1.1989e-08	1.2519e-02	9.6542e-01	2.2065e-02	1.1755e-36	8.3369e-01	1.6626e-01	3.8729e-05	1.1755e-36	1.1755e-36	1.1755e-36	2.3203e-13	0.00e+00	0.00e+00	1.7309e+01
3.91721e+17	3.9491e+03	4.231e-22	2.7826e+01	6.2835e+00	9.4616e-06	8.0240e-01	1.9759e-01	6.7345e-01	3.2637e-01	1.7863e-04	1.3134e-08	1.2250e-02	9.6619e-01	2.1557e-02	1.1755e-36	8.3908e-01	1.6088e-01	3.6670e-05	1.1755e-36	1.1755e-36	1.1755e-36	2.7358e-13	0.00e+00	0.00e+00	1.7572e+01
