#depth	Te	Htot	hden	eden	2H_2/H	HI	HII	HeI	HeII	HeIII	CO/C	C1	C2	C3	C4	O1	O2	O3	O4	O5	O6	H2O/O	AV(point)	AV(extend)	Tau912
5.43662e+14	6.6151e+03	3.123e-22	1.0000e+01	1.0828e+01	1.2042e-13	2.6996e-03	9.9730e-01	1.6791e-02	9.8189e-01	1.3237e-03	3.5564e-17	1.8101e-04	2.4075e-01	7.5862e-01	4.4304e-04	1.6779e-03	6.0215e-01	3.9599e-01	1.7545e-04	1.1755e-36	1.1755e-36	2.0690e-25	0.00e+00	0.00e+00	1.8533e-04
3.26197e+15	6.6130e+03	3.122e-22	1.0000e+01	1.0827e+01	1.2055e-13	2.6989e-03	9.9730e-01	1.6792e-02	9.8189e-01	1.3225e-03	3.5535e-17	1.8081e-04	2.4077e-01	7.5861e-01	4.4399e-04	1.6773e-03	6.0209e-01	3.9606e-01	1.7485e-04	1.1755e-36	1.1755e-36	2.0661e-25	0.00e+00	0.00e+00	9.2645e-04
1.41352e+16	6.6079e+03	3.119e-22	1.0000e+01	1.0827e+01	1.2096e-13	2.6983e-03	9.9730e-01	1.6803e-02	9.8188e-01	1.3132e-03	3.5541e-17	1.8058e-04	2.4090e-01	7.5847e-01	4.4304e-04	1.6777e-03	6.0229e-01	3.9586e-01	1.7222e-04	1.1755e-36	1.1755e-36	2.0637e-25	0.00e+00	0.00e+00	3.8902e-03
5.76281e+16	6.5969e+03	3.110e-22	1.0000e+01	1.0827e+01	1.2205e-13	2.6986e-03	9.9730e-01	1.6855e-02	9.8188e-01	1.2673e-03	3.5691e-17	1.8061e-04	2.4149e-01	7.5789e-01	4.3873e-04	1.6820e-03	6.0331e-01	3.9485e-01	1.6200e-04	1.1755e-36	1.1755e-36	2.0653e-25	0.00e+00	0.00e+00	1.5747e-02
1.37655e+17	6.5509e+03	3.077e-22	1.0000e+01	1.0827e+01	1.2415e-13	2.6776e-03	9.9732e-01	1.6871e-02	9.8189e-01	1.2348e-03	3.5104e-17	1.7944e-04	2.4185e-01	7.5754e-01	4.3371e-04	1.6740e-03	6.0432e-01	3.9385e-01	1.4867e-04	1.1755e-36	1.1755e-36	1.9971e-25	0.00e+00	0.00e+00	3.1040e-02
2.41690e+17	6.5024e+03	3.044e-22	1.0000e+01	1.0827e+01	1.2708e-13	2.6612e-03	9.9734e-01	1.6924e-02	9.8192e-01	1.1583e-03	3.4765e-17	1.7908e-04	2.4259e-01	7.5680e-01	4.2546e-04	1.6714e-03	6.0605e-01	3.9215e-01	1.3228e-04	1.1755e-36	1.1755e-36	1.9456e-25	0.00e+00	0.00e+00	5.0800e-02
3.76936e+17	6.4499e+03	3.008e-22	1.0000e+01	1.0827e+01	1.3076e-13	2.6481e-03	9.9735e-01	1.7017e-02	9.8194e-01	1.0406e-03	3.4574e-17	1.7930e-04	2.4377e-01	7.5564e-01	4.1401e-04	1.6738e-03	6.0863e-01	3.8959e-01	1.1310e-04	1.1755e-36	1.1755e-36	1.8991e-25	0.00e+00	0.00e+00	7.6361e-02
5.52755e+17	6.3918e+03	2.969e-22	1.0000e+01	1.0827e+01	1.3566e-13	2.6394e-03	9.9736e-01	1.7162e-02	9.8195e-01	8.8453e-04	3.4616e-17	1.8012e-04	2.4553e-01	7.5389e-01	3.9916e-04	1.6829e-03	6.1231e-01	3.8591e-01	9.1793e-05	1.1755e-36	1.1755e-36	1.8633e-25	0.00e+00	0.00e+00	1.0948e-01
7.81320e+17	6.3283e+03	2.926e-22	1.0000e+01	1.0827e+01	1.4200e-13	2.6369e-03	9.9736e-01	1.7381e-02	9.8192e-01	6.9977e-04	3.4945e-17	1.8178e-04	2.4810e-01	7.5134e-01	3.8104e-04	1.7012e-03	6.1746e-01	3.8077e-01	6.9596e-05	1.1755e-36	1.1755e-36	1.8379e-25	0.00e+00	0.00e+00	1.5250e-01
1.07845e+18	6.2598e+03	2.879e-22	1.0000e+01	1.0826e+01	1.5039e-13	2.6438e-03	9.9736e-01	1.7705e-02	9.8179e-01	5.0492e-04	3.5733e-17	1.8465e-04	2.5178e-01	7.4767e-01	3.6007e-04	1.7323e-03	6.2447e-01	3.7375e-01	4.8312e-05	1.1755e-36	1.1755e-36	1.8324e-25	0.00e+00	0.00e+00	2.0856e-01
1.46473e+18	6.1876e+03	2.829e-22	1.0000e+01	1.0825e+01	1.6148e-13	2.6653e-03	9.9733e-01	1.8181e-02	9.8149e-01	3.2441e-04	3.7190e-17	1.8928e-04	2.5707e-01	7.4241e-01	3.3684e-04	1.7821e-03	6.3388e-01	3.6431e-01	2.9944e-05	1.1755e-36	1.1755e-36	1.8539e-25	0.00e+00	0.00e+00	2.8205e-01
1.96689e+18	6.1152e+03	2.778e-22	1.0000e+01	1.0824e+01	1.7653e-13	2.7090e-03	9.9729e-01	1.8888e-02	9.8093e-01	1.8056e-04	3.9778e-17	1.9656e-04	2.6466e-01	7.3483e-01	3.1177e-04	1.8588e-03	6.4633e-01	3.5179e-01	1.6071e-05	1.1755e-36	1.1755e-36	1.9266e-25	0.00e+00	0.00e+00	3.7914e-01
2.61969e+18	6.0456e+03	2.727e-22	1.0000e+01	1.0823e+01	1.9759e-13	2.7884e-03	9.9721e-01	1.9965e-02	9.7995e-01	8.4361e-05	4.4268e-17	2.0791e-04	2.7576e-01	7.2375e-01	2.8446e-04	1.9776e-03	6.6284e-01	3.3517e-01	7.1924e-06	1.1755e-36	1.1755e-36	2.0825e-25	0.00e+00	0.00e+00	5.0906e-01
3.46834e+18	5.9942e+03	2.677e-22	1.0000e+01	1.0820e+01	2.2564e-13	2.9225e-03	9.9708e-01	2.1631e-02	9.7834e-01	3.1976e-05	5.2077e-17	2.2600e-04	2.9215e-01	7.0737e-01	2.5405e-04	2.1621e-03	6.8480e-01	3.1304e-01	2.5681e-06	1.1755e-36	1.1755e-36	2.3827e-25	0.00e+00	0.00e+00	6.8607e-01
4.57158e+18	5.9662e+03	2.636e-22	1.0000e+01	1.0814e+01	2.6839e-13	3.1540e-03	9.9685e-01	2.4379e-02	9.7561e-01	9.4759e-06	6.7148e-17	2.5563e-04	3.1741e-01	6.8212e-01	2.1838e-04	2.4638e-03	7.1453e-01	2.8301e-01	6.9327e-07	1.1755e-36	1.1755e-36	3.0129e-25	0.00e+00	0.00e+00	9.3443e-01
5.69768e+18	5.9605e+03	2.606e-22	1.0000e+01	1.0808e+01	3.1611e-13	3.4309e-03	9.9657e-01	2.7916e-02	9.7208e-01	2.7647e-06	8.7525e-17	2.9149e-04	3.4703e-01	6.5249e-01	1.8579e-04	2.8251e-03	7.4484e-01	2.5234e-01	1.8540e-07	1.1755e-36	1.1755e-36	3.8589e-25	0.00e+00	0.00e+00	1.1522e+00
6.58579e+18	5.9936e+03	2.600e-22	1.0000e+01	1.0802e+01	3.6023e-13	3.7234e-03	9.9628e-01	3.1769e-02	9.6823e-01	1.1265e-06	1.1305e-16	3.2845e-04	3.7603e-01	6.2348e-01	1.6079e-04	3.1993e-03	7.7058e-01	2.2622e-01	1.1755e-36	1.1755e-36	1.1755e-36	4.9882e-25	0.00e+00	0.00e+00	1.3335e+00
7.32654e+18	6.0416e+03	2.607e-22	1.0000e+01	1.0795e+01	4.0737e-13	4.0403e-03	9.9596e-01	3.6116e-02	9.6388e-01	5.5762e-07	1.4617e-16	3.6760e-04	4.0542e-01	5.9407e-01	1.3970e-04	3.6023e-03	7.9374e-01	2.0265e-01	1.1755e-36	1.1755e-36	1.1755e-36	6.5250e-25	0.00e+00	0.00e+00	1.5147e+00
8.14343e+18	6.1032e+03	2.625e-22	1.0000e+01	1.0785e+01	4.8084e-13	4.4915e-03	9.9551e-01	4.2680e-02	9.5732e-01	2.6482e-07	2.0409e-16	4.2193e-04	4.4447e-01	5.5500e-01	1.1596e-04	4.1777e-03	8.2099e-01	1.7484e-01	1.1755e-36	1.1755e-36	1.1755e-36	9.3263e-25	0.00e+00	0.00e+00	1.7766e+00
8.98472e+18	6.1735e+03	2.658e-22	1.0000e+01	1.0770e+01	5.8035e-13	5.0697e-03	9.9493e-01	5.2147e-02	9.4785e-01	1.2908e-07	2.9554e-16	4.8979e-04	4.9196e-01	5.0746e-01	9.2683e-05	4.9213e-03	8.4937e-01	1.4571e-01	1.1755e-36	1.1755e-36	1.1755e-36	1.3907e-24	0.00e+00	0.00e+00	2.0196e+00
9.64404e+18	6.2429e+03	2.694e-22	1.0000e+01	1.0754e+01	6.8501e-13	5.6552e-03	9.9434e-01	6.3301e-02	9.3670e-01	7.6048e-08	4.1112e-16	5.5661e-04	5.3738e-01	4.6199e-01	7.4542e-05	5.6807e-03	8.7256e-01	1.2176e-01	1.1755e-36	1.1755e-36	1.1755e-36	1.9923e-24	0.00e+00	0.00e+00	2.2194e+00
1.01642e+19	6.3154e+03	2.724e-22	1.0000e+01	1.0740e+01	7.8720e-13	6.2229e-03	9.9378e-01	7.6062e-02	9.2394e-01	5.0693e-08	5.4970e-16	6.1980e-04	5.7910e-01	4.2022e-01	6.0458e-05	6.4238e-03	8.9120e-01	1.0238e-01	1.1755e-36	1.1755e-36	1.1755e-36	2.7474e-24	0.00e+00	0.00e+00	2.4083e+00
1.05836e+19	6.3586e+03	2.758e-22	1.0000e+01	1.0721e+01	9.0839e-13	6.7814e-03	9.9322e-01	9.0359e-02	9.0964e-01	3.6791e-08	7.0976e-16	6.7811e-04	6.1723e-01	3.8204e-01	4.9374e-05	7.1547e-03	9.0622e-01	8.6625e-02	1.1755e-36	1.1755e-36	1.1755e-36	3.6419e-24	0.00e+00	0.00e+00	2.5615e+00
1.09053e+19	6.3968e+03	2.786e-22	1.0000e+01	1.0704e+01	1.0215e-12	7.2813e-03	9.9272e-01	1.0526e-01	8.9474e-01	2.8769e-08	8.7651e-16	7.2862e-04	6.4942e-01	3.4981e-01	4.1139e-05	7.8115e-03	9.1768e-01	7.4506e-02	1.1755e-36	1.1755e-36	1.1755e-36	4.6028e-24	0.00e+00	0.00e+00	2.6928e+00
1.11779e+19	6.4235e+03	2.812e-22	1.0000e+01	1.0684e+01	1.1451e-12	7.7678e-03	9.9223e-01	1.2165e-01	8.7835e-01	2.3182e-08	1.0608e-15	7.7451e-04	6.7863e-01	3.2057e-01	3.4415e-05	8.4512e-03	9.2723e-01	6.4317e-02	1.1755e-36	1.1755e-36	1.1755e-36	5.6911e-24	0.00e+00	0.00e+00	2.8202e+00
1.14328e+19	6.4485e+03	2.837e-22	1.0000e+01	1.0663e+01	1.2853e-12	8.2832e-03	9.9172e-01	1.4172e-01	8.5828e-01	1.8872e-08	1.2820e-15	8.2115e-04	7.0751e-01	2.9164e-01	2.8439e-05	9.1291e-03	9.3593e-01	5.4938e-02	1.1755e-36	1.1755e-36	1.1755e-36	7.0312e-24	0.00e+00	0.00e+00	2.9511e+00
1.16717e+19	6.4817e+03	2.859e-22	1.0000e+01	1.0643e+01	1.4299e-12	8.8171e-03	9.9118e-01	1.6643e-01	8.3357e-01	1.5526e-08	1.5437e-15	8.6655e-04	7.3567e-01	2.6344e-01	2.3233e-05	9.8330e-03	9.4381e-01	4.6353e-02	1.1755e-36	1.1755e-36	1.1755e-36	8.6683e-24	0.00e+00	0.00e+00	3.0777e+00
1.18833e+19	6.4886e+03	2.882e-22	1.0000e+01	1.0606e+01	1.6126e-12	9.3622e-03	9.9064e-01	1.9497e-01	8.0503e-01	1.2858e-08	1.8350e-15	9.0860e-04	7.6164e-01	2.3743e-01	1.8901e-05	1.0549e-02	9.5050e-01	3.8946e-02	1.1755e-36	1.1755e-36	1.1755e-36	1.0474e-23	0.00e+00	0.00e+00	3.1934e+00
1.20668e+19	6.5176e+03	2.896e-22	1.0000e+01	1.0581e+01	1.7654e-12	9.8675e-03	9.9013e-01	2.2737e-01	7.7263e-01	1.0885e-08	2.1493e-15	9.4596e-04	7.8442e-01	2.1462e-01	1.5476e-05	1.1215e-02	9.5606e-01	3.2721e-02	1.1755e-36	1.1755e-36	1.1755e-36	1.2509e-23	0.00e+00	0.00e+00	3.3001e+00
1.22297e+19	6.5214e+03	2.909e-22	1.0000e+01	1.0535e+01	1.9552e-12	1.0369e-02	9.8963e-01	2.6327e-01	7.3673e-01	9.1365e-09	2.4827e-15	9.7845e-04	8.0464e-01	1.9437e-01	1.2680e-05	1.1873e-02	9.6068e-01	2.7442e-02	1.1755e-36	1.1755e-36	1.1755e-36	1.4609e-23	0.00e+00	0.00e+00	3.4013e+00
1.23803e+19	6.5355e+03	2.921e-22	1.0000e+01	1.0505e+01	2.1471e-12	1.0877e-02	9.8912e-01	3.0617e-01	6.9383e-01	7.7578e-09	2.8736e-15	1.0095e-03	8.2324e-01	1.7574e-01	1.0324e-05	1.2538e-02	9.6470e-01	2.2761e-02	1.1755e-36	1.1755e-36	1.1755e-36	1.7169e-23	0.00e+00	0.00e+00	3.5021e+00
1.25213e+19	6.5362e+03	2.927e-22	1.0000e+01	1.0451e+01	2.3678e-12	1.1388e-02	9.8861e-01	3.5536e-01	6.4464e-01	6.4662e-09	3.2957e-15	1.0363e-03	8.3999e-01	1.5897e-01	8.3651e-06	1.3205e-02	9.6812e-01	1.8674e-02	1.1755e-36	1.1755e-36	1.1755e-36	1.9816e-23	0.00e+00	0.00e+00	3.5993e+00
1.26520e+19	6.5393e+03	2.933e-22	1.0000e+01	1.0410e+01	2.6073e-12	1.1912e-02	9.8809e-01	4.1150e-01	5.8850e-01	5.3494e-09	3.7898e-15	1.0616e-03	8.5491e-01	1.4402e-01	6.7455e-06	1.3885e-02	9.7097e-01	1.5141e-02	1.1755e-36	1.1755e-36	1.1755e-36	2.2986e-23	0.00e+00	0.00e+00	3.6942e+00
1.27749e+19	6.5372e+03	2.934e-22	1.0000e+01	1.0357e+01	2.8748e-12	1.2441e-02	9.8756e-01	4.7407e-01	5.2593e-01	4.3441e-09	4.3439e-15	1.0830e-03	8.6793e-01	1.3098e-01	5.4220e-06	1.4569e-02	9.7330e-01	1.2127e-02	1.1755e-36	1.1755e-36	1.1755e-36	2.6477e-23	0.00e+00	0.00e+00	3.7883e+00
1.28939e+19	6.5325e+03	2.930e-22	1.0000e+01	1.0295e+01	3.1758e-12	1.2988e-02	9.8701e-01	5.4317e-01	4.5683e-01	3.4316e-09	4.9807e-15	1.1013e-03	8.7931e-01	1.1958e-01	4.3277e-06	1.5273e-02	9.7518e-01	9.5434e-03	1.1755e-36	1.1755e-36	1.1755e-36	3.0428e-23	0.00e+00	0.00e+00	3.8852e+00
1.30298e+19	6.5222e+03	2.918e-22	1.0000e+01	1.0206e+01	3.5842e-12	1.3658e-02	9.8634e-01	6.2877e-01	3.7123e-01	2.4814e-09	5.8434e-15	1.1182e-03	8.9050e-01	1.0838e-01	3.2907e-06	1.6130e-02	9.7682e-01	7.0509e-03	1.1755e-36	1.1755e-36	1.1755e-36	3.5698e-23	0.00e+00	0.00e+00	4.0177e+00
1.31798e+19	6.5079e+03	2.909e-22	1.0000e+01	1.0116e+01	4.1364e-12	1.4487e-02	9.8551e-01	7.2482e-01	2.7518e-01	1.6291e-09	7.0206e-15	1.1348e-03	9.0058e-01	9.8283e-02	2.4039e-06	1.7179e-02	9.7794e-01	4.8823e-03	1.1755e-36	1.1755e-36	1.1755e-36	4.3112e-23	0.00e+00	0.00e+00	4.1515e+00
1.33247e+19	6.4915e+03	2.906e-22	1.0000e+01	1.0043e+01	4.8088e-12	1.5414e-02	9.8459e-01	8.0930e-01	1.9070e-01	1.0081e-09	8.4344e-15	1.1504e-03	9.0830e-01	9.0550e-02	1.7434e-06	1.8341e-02	9.7835e-01	3.3111e-03	1.1755e-36	1.1755e-36	1.1755e-36	5.2622e-23	0.00e+00	0.00e+00	4.2913e+00
1.34898e+19	6.4806e+03	2.903e-22	1.0000e+01	9.9504e+00	5.6816e-12	1.6574e-02	9.8343e-01	8.8258e-01	1.1742e-01	5.4105e-10	1.0253e-14	1.1632e-03	9.1470e-01	8.4137e-02	1.1972e-06	1.9789e-02	9.7813e-01	2.0828e-03	1.1755e-36	1.1755e-36	1.1755e-36	6.5890e-23	0.00e+00	0.00e+00	4.4866e+00
1.37045e+19	6.4734e+03	2.925e-22	1.0000e+01	9.8838e+00	7.1444e-12	1.8401e-02	9.8160e-01	9.4143e-01	5.8574e-02	2.2962e-10	1.3234e-14	1.1830e-03	9.2093e-01	7.7884e-02	7.2346e-07	2.2052e-02	9.7683e-01	1.1202e-03	1.1755e-36	1.1755e-36	1.1755e-36	9.1512e-23	0.00e+00	0.00e+00	4.7686e+00
1.39836e+19	6.4838e+03	2.975e-22	1.0000e+01	9.8201e+00	9.7573e-12	2.1355e-02	9.7865e-01	9.7679e-01	2.3209e-02	7.4444e-11	1.8567e-14	1.2081e-03	9.2713e-01	7.1665e-02	3.6951e-07	2.5698e-02	9.7381e-01	4.9457e-04	1.1755e-36	1.1755e-36	1.1755e-36	1.4795e-22	0.00e+00	0.00e+00	5.1940e+00
1.42971e+19	6.5114e+03	3.051e-22	1.0000e+01	9.7596e+00	1.4298e-11	2.5874e-02	9.7413e-01	9.9155e-01	8.4524e-03	2.2059e-11	2.7981e-14	1.2360e-03	9.3333e-01	6.5431e-02	1.7030e-07	3.1265e-02	9.6854e-01	1.9572e-04	1.1755e-36	1.1755e-36	1.1755e-36	2.7185e-22	0.00e+00	0.00e+00	5.7029e+00
1.45831e+19	6.5422e+03	3.132e-22	1.0000e+01	9.6957e+00	2.1503e-11	3.1859e-02	9.6814e-01	9.9641e-01	3.5896e-03	7.8695e-12	4.3139e-14	1.2609e-03	9.3924e-01	5.9498e-02	1.1755e-36	3.8628e-02	9.6129e-01	8.3689e-05	1.1755e-36	1.1755e-36	1.1755e-36	5.2117e-22	0.00e+00	0.00e+00	6.2270e+00
1.48232e+19	6.5648e+03	3.207e-22	1.0000e+01	9.6414e+00	3.2538e-11	3.9246e-02	9.6075e-01	9.9816e-01	1.8401e-03	3.4944e-12	6.6543e-14	1.2829e-03	9.4483e-01	5.3888e-02	1.1755e-36	4.7702e-02	9.5226e-01	4.0525e-05	1.1755e-36	1.1755e-36	1.1755e-36	1.0027e-21	0.00e+00	0.00e+00	6.7717e+00
1.50267e+19	6.5833e+03	3.256e-22	1.0000e+01	9.5469e+00	4.8966e-11	4.8136e-02	9.5186e-01	9.9892e-01	1.0760e-03	1.8199e-12	1.0138e-13	1.2946e-03	9.4992e-01	4.8784e-02	1.1755e-36	5.8598e-02	9.4138e-01	2.1539e-05	1.1755e-36	1.1755e-36	1.1755e-36	1.8929e-21	0.00e+00	0.00e+00	7.3404e+00
1.52022e+19	6.5966e+03	3.283e-22	1.0000e+01	9.4231e+00	7.3935e-11	5.8982e-02	9.4102e-01	9.9931e-01	6.8779e-04	1.0575e-12	1.5406e-13	1.2993e-03	9.5470e-01	4.4000e-02	1.1755e-36	7.1844e-02	9.2814e-01	1.2184e-05	1.1755e-36	1.1755e-36	1.1755e-36	3.5619e-21	0.00e+00	0.00e+00	7.9507e+00
1.53566e+19	6.6001e+03	3.290e-22	1.0000e+01	9.2843e+00	1.1387e-10	7.2655e-02	9.2734e-01	9.9953e-01	4.6853e-04	6.6412e-13	2.3716e-13	1.2994e-03	9.5935e-01	3.9349e-02	1.1755e-36	8.8459e-02	9.1153e-01	7.1543e-06	1.1755e-36	1.1755e-36	1.1755e-36	6.8442e-21	0.00e+00	0.00e+00	8.6158e+00
1.54760e+19	6.5970e+03	3.275e-22	1.0000e+01	9.1323e+00	1.6987e-10	8.7856e-02	9.1214e-01	9.9965e-01	3.5384e-04	4.7479e-13	3.5155e-13	1.2934e-03	9.6325e-01	3.5460e-02	1.1755e-36	1.0681e-01	8.9318e-01	4.6291e-06	1.1755e-36	1.1755e-36	1.1755e-36	1.2444e-20	0.00e+00	0.00e+00	9.1361e+00
1.55565e+19	6.5872e+03	3.247e-22	1.0000e+01	9.0003e+00	2.3271e-10	1.0166e-01	8.9834e-01	9.9971e-01	2.9343e-04	3.8007e-13	4.7655e-13	1.2853e-03	9.6612e-01	3.2597e-02	1.1755e-36	1.2338e-01	8.7662e-01	3.3698e-06	1.1755e-36	1.1755e-36	1.1755e-36	1.9776e-20	0.00e+00	0.00e+00	9.5679e+00
1.56222e+19	6.5729e+03	3.205e-22	1.0000e+01	8.8564e+00	3.0833e-10	1.1550e-01	8.8450e-01	9.9975e-01	2.5044e-04	3.1563e-13	6.2169e-13	1.2735e-03	9.6855e-01	3.0175e-02	1.1755e-36	1.3987e-01	8.6013e-01	2.5532e-06	1.1755e-36	1.1755e-36	1.1755e-36	2.9653e-20	0.00e+00	0.00e+00	1.0036e+01
1.56960e+19	6.5445e+03	3.136e-22	1.0000e+01	8.6640e+00	4.3754e-10	1.3468e-01	8.6532e-01	9.9979e-01	2.0855e-04	2.5488e-13	8.5836e-13	1.2559e-03	9.7142e-01	2.7321e-02	1.1755e-36	1.6257e-01	8.3743e-01	1.8259e-06	1.1755e-36	1.1755e-36	1.1755e-36	4.8540e-20	0.00e+00	0.00e+00	1.0746e+01
1.57754e+19	6.4985e+03	3.026e-22	1.0000e+01	8.3923e+00	6.7427e-10	1.6188e-01	8.3812e-01	9.9983e-01	1.7309e-04	2.0655e-13	1.2655e-12	1.2273e-03	9.7457e-01	2.4201e-02	1.1755e-36	1.9440e-01	8.0560e-01	1.2459e-06	1.1755e-36	1.1755e-36	1.1755e-36	8.8141e-20	0.00e+00	0.00e+00	1.1516e+01
1.58467e+19	6.4306e+03	2.878e-22	1.0000e+01	8.0622e+00	1.0687e-09	1.9495e-01	8.0505e-01	9.9985e-01	1.4705e-04	1.7315e-13	1.8807e-12	1.1895e-03	9.7756e-01	2.1248e-02	1.1755e-36	2.3256e-01	7.6744e-01	8.5286e-07	1.1755e-36	1.1755e-36	1.1755e-36	1.6274e-19	0.00e+00	0.00e+00	1.2342e+01
1.59085e+19	6.3392e+03	2.697e-22	1.0000e+01	7.6794e+00	1.7118e-09	2.3297e-01	7.6703e-01	9.9987e-01	1.2839e-04	1.5093e-13	2.7629e-12	1.1428e-03	9.8025e-01	1.8610e-02	1.1755e-36	2.7572e-01	7.2427e-01	5.9376e-07	1.1755e-36	1.1755e-36	1.1755e-36	2.9687e-19	0.00e+00	0.00e+00	1.3173e+01
1.59594e+19	6.2281e+03	2.503e-22	1.0000e+01	7.2789e+00	2.7018e-09	2.7338e-01	7.2662e-01	9.9988e-01	1.1534e-04	1.3664e-13	3.9298e-12	1.0920e-03	9.8253e-01	1.6381e-02	1.1755e-36	3.2077e-01	6.7923e-01	4.2761e-07	1.1755e-36	1.1755e-36	1.1755e-36	5.1905e-19	0.00e+00	0.00e+00	1.3956e+01
1.59986e+19	6.1106e+03	2.318e-22	1.0000e+01	6.8950e+00	4.0449e-09	3.1137e-01	6.8863e-01	9.9989e-01	1.0701e-04	1.2871e-13	5.2643e-12	1.0419e-03	9.8429e-01	1.4671e-02	1.1755e-36	3.6236e-01	6.3764e-01	3.2563e-07	1.1755e-36	1.1755e-36	1.1755e-36	8.3208e-19	0.00e+00	0.00e+00	1.4604e+01
1.60269e+19	6.0018e+03	2.166e-22	1.0000e+01	6.5797e+00	5.6153e-09	3.4334e-01	6.5666e-01	9.9990e-01	1.0159e-04	1.2409e-13	6.6016e-12	1.0002e-03	9.8557e-01	1.3426e-02	1.1755e-36	3.9681e-01	6.0319e-01	2.6389e-07	1.1755e-36	1.1755e-36	1.1755e-36	1.2089e-18	0.00e+00	0.00e+00	1.5118e+01
1.60487e+19	5.9007e+03	2.038e-22	1.0000e+01	6.3064e+00	7.3844e-09	3.7021e-01	6.2979e-01	9.9990e-01	9.7890e-05	1.2147e-13	7.8920e-12	9.6359e-04	9.8655e-01	1.2484e-02	1.1755e-36	4.2538e-01	5.7462e-01	2.2299e-07	1.1755e-36	1.1755e-36	1.1755e-36	1.6334e-18	0.00e+00	0.00e+00	1.5580e+01
1.60677e+19	5.7976e+03	1.919e-22	1.0000e+01	6.0512e+00	9.5685e-09	3.9566e-01	6.0434e-01	9.9991e-01	9.4763e-05	1.1944e-13	9.2895e-12	9.2926e-04	9.8741e-01	1.1662e-02	1.1755e-36	4.5213e-01	5.4787e-01	1.9127e-07	1.1755e-36	1.1755e-36	1.1755e-36	2.1649e-18	0.00e+00	0.00e+00	1.6036e+01
1.60855e+19	5.6869e+03	1.802e-22	1.0000e+01	5.7958e+00	1.2421e-08	4.2111e-01	5.7889e-01	9.9991e-01	9.2028e-05	1.1799e-13	1.0888e-11	8.9468e-04	9.8820e-01	1.0903e-02	1.1755e-36	4.7857e-01	5.2143e-01	1.6491e-07	1.1755e-36	1.1755e-36	1.1755e-36	2.8704e-18	0.00e+00	0.00e+00	1.6497e+01
1.60979e+19	5.6057e+03	1.720e-22	1.0000e+01	5.6124e+00	1.4972e-08	4.3947e-01	5.6053e-01	9.9991e-01	9.0645e-05	1.1790e-13	1.2189e-11	8.6959e-04	9.8872e-01	1.0414e-02	1.1755e-36	4.9746e-01	5.0254e-01	1.4901e-07	1.1755e-36	1.1755e-36	1.1755e-36	3.5256e-18	0.00e+00	0.00e+00	1.6706e+01
1.61039e+19	5.5616e+03	1.680e-22	1.0000e+01	5.5219e+00	1.6485e-08	4.4869e-01	5.5131e-01	9.9991e-01	8.9916e-05	1.1776e-13	1.2904e-11	8.5729e-04	9.8897e-01	1.0171e-02	1.1755e-36	5.0689e-01	4.9311e-01	1.4167e-07	1.1755e-36	1.1755e-36	1.1755e-36	3.9190e-18	0.00e+00	0.00e+00	1.6831e+01
1.61085e+19	5.5248e+03	1.648e-22	1.0000e+01	5.4479e+00	1.7828e-08	4.5605e-01	5.4395e-01	9.9991e-01	8.9274e-05	1.1756e-13	1.3504e-11	8.4722e-04	9.8918e-01	9.9752e-03	1.1755e-36	5.1440e-01	4.8560e-01	1.3598e-07	1.1755e-36	1.1755e-36	1.1755e-36	4.2683e-18	0.00e+00	0.00e+00	1.6970e+01
1.61140e+19	5.4692e+03	1.610e-22	1.0000e+01	5.3641e+00	1.9894e-08	4.6573e-01	5.3427e-01	9.9991e-01	8.8334e-05	1.1683e-13	1.4380e-11	8.3626e-04	9.8945e-01	9.7162e-03	1.1755e-36	5.2424e-01	4.7576e-01	1.2907e-07	1.1755e-36	1.1755e-36	1.1755e-36	4.8118e-18	0.00e+00	0.00e+00	1.7154e+01
1.61202e+19	5.4235e+03	1.565e-22	1.0000e+01	5.2597e+00	2.1972e-08	4.7539e-01	5.2461e-01	9.9991e-01	8.7696e-05	1.1707e-13	1.5246e-11	8.2162e-04	9.8970e-01	9.4763e-03	1.1755e-36	5.3400e-01	4.6600e-01	1.2230e-07	1.1755e-36	1.1755e-36	1.1755e-36	5.3833e-18	0.00e+00	0.00e+00	1.7335e+01
1.61264e+19	5.3698e+03	1.520e-22	1.0000e+01	5.1531e+00	2.4525e-08	4.8558e-01	5.1442e-01	9.9991e-01	8.6958e-05	1.1714e-13	1.6245e-11	8.0704e-04	9.8997e-01	9.2270e-03	1.1755e-36	5.4425e-01	4.5575e-01	1.1566e-07	1.1755e-36	1.1755e-36	1.1755e-36	6.0926e-18	0.00e+00	0.00e+00	1.7531e+01
1.61326e+19	5.3104e+03	1.475e-22	1.0000e+01	5.0465e+00	2.7582e-08	4.9615e-01	5.0385e-01	9.9991e-01	8.6263e-05	1.1722e-13	1.7383e-11	7.9245e-04	9.9023e-01	8.9742e-03	1.1755e-36	5.5486e-01	4.4514e-01	1.0926e-07	1.1755e-36	1.1755e-36	1.1755e-36	6.9662e-18	0.00e+00	0.00e+00	1.7723e+01
1.61385e+19	5.2528e+03	1.434e-22	1.0000e+01	4.9497e+00	3.0883e-08	5.0635e-01	4.9365e-01	9.9991e-01	8.5591e-05	1.1719e-13	1.8588e-11	7.7925e-04	9.9049e-01	8.7354e-03	1.1755e-36	5.6503e-01	4.3497e-01	1.0350e-07	1.1755e-36	1.1755e-36	1.1755e-36	7.9651e-18	0.00e+00	0.00e+00	1.7899e+01
1.61438e+19	5.1994e+03	1.395e-22	1.0000e+01	4.8554e+00	3.4245e-08	5.1559e-01	4.8441e-01	9.9991e-01	8.5061e-05	1.1744e-13	1.9756e-11	7.6629e-04	9.9071e-01	8.5257e-03	1.1755e-36	5.7421e-01	4.2579e-01	9.8514e-08	1.1755e-36	1.1755e-36	1.1755e-36	9.0102e-18	0.00e+00	0.00e+00	1.8068e+01
1.61490e+19	5.1462e+03	1.357e-22	1.0000e+01	4.7633e+00	3.7943e-08	5.2480e-01	4.7520e-01	9.9992e-01	8.4532e-05	1.1767e-13	2.1018e-11	7.5363e-04	9.9093e-01	8.3195e-03	1.1755e-36	5.8332e-01	4.1668e-01	9.3784e-08	1.1755e-36	1.1755e-36	1.1755e-36	1.0223e-17	0.00e+00	0.00e+00	1.8242e+01
1.61544e+19	5.0838e+03	1.318e-22	1.0000e+01	4.6663e+00	4.2524e-08	5.3446e-01	4.6554e-01	9.9992e-01	8.3958e-05	1.1783e-13	2.2492e-11	7.4049e-04	9.9115e-01	8.1081e-03	1.1755e-36	5.9285e-01	4.0715e-01	8.9142e-08	1.1755e-36	1.1755e-36	1.1755e-36	1.1762e-17	0.00e+00	0.00e+00	1.8425e+01
1.61596e+19	5.0260e+03	1.280e-22	1.0000e+01	4.5704e+00	4.7301e-08	5.4370e-01	4.5630e-01	9.9992e-01	8.3513e-05	1.1828e-13	2.4009e-11	7.2728e-04	9.9136e-01	7.9116e-03	1.1755e-36	6.0193e-01	3.9807e-01	8.4878e-08	1.1755e-36	1.1755e-36	1.1755e-36	1.3471e-17	0.00e+00	0.00e+00	1.8597e+01
1.61646e+19	4.9708e+03	1.243e-22	1.0000e+01	4.4786e+00	5.2335e-08	5.5267e-01	4.4733e-01	9.9992e-01	8.3090e-05	1.1874e-13	2.5478e-11	7.1462e-04	9.9157e-01	7.7200e-03	1.1755e-36	6.1069e-01	3.8931e-01	8.0920e-08	1.1755e-36	1.1755e-36	1.1755e-36	1.5233e-17	0.00e+00	0.00e+00	1.8770e+01
1.61696e+19	4.9042e+03	1.207e-22	1.0000e+01	4.3858e+00	5.8697e-08	5.6227e-01	4.3773e-01	9.9992e-01	8.2553e-05	1.1891e-13	2.7077e-11	7.0209e-04	9.9179e-01	7.5121e-03	1.1755e-36	6.2005e-01	3.7995e-01	7.6976e-08	1.1755e-36	1.1755e-36	1.1755e-36	1.7289e-17	0.00e+00	0.00e+00	1.8954e+01
1.61746e+19	4.8394e+03	1.171e-22	1.0000e+01	4.2928e+00	6.5519e-08	5.7151e-01	4.2849e-01	9.9992e-01	8.2124e-05	1.1932e-13	2.8694e-11	6.8946e-04	9.9199e-01	7.3176e-03	1.1755e-36	6.2902e-01	3.7098e-01	7.3352e-08	1.1755e-36	1.1755e-36	1.1755e-36	1.9529e-17	0.00e+00	0.00e+00	1.9126e+01
1.61793e+19	4.7759e+03	1.138e-22	1.0000e+01	4.2047e+00	7.2800e-08	5.8032e-01	4.1968e-01	9.9992e-01	8.1720e-05	1.1972e-13	3.0331e-11	6.7751e-04	9.9219e-01	7.1343e-03	1.1755e-36	6.3754e-01	3.6246e-01	7.0056e-08	1.1755e-36	1.1755e-36	1.1755e-36	2.1959e-17	0.00e+00	0.00e+00	1.9294e+01
1.61839e+19	4.7113e+03	1.106e-22	1.0000e+01	4.1176e+00	8.0814e-08	5.8904e-01	4.1096e-01	9.9992e-01	8.1327e-05	1.2012e-13	3.2041e-11	6.6576e-04	9.9238e-01	6.9552e-03	1.1755e-36	6.4595e-01	3.5405e-01	6.6935e-08	1.1755e-36	1.1755e-36	1.1755e-36	2.4678e-17	0.00e+00	0.00e+00	1.9464e+01
1.61884e+19	4.6444e+03	1.073e-22	1.0000e+01	4.0298e+00	8.9786e-08	5.9787e-01	4.0213e-01	9.9992e-01	8.0940e-05	1.2055e-13	3.3860e-11	6.5391e-04	9.9257e-01	6.7765e-03	1.1755e-36	6.5442e-01	3.4558e-01	6.3916e-08	1.1755e-36	1.1755e-36	1.1755e-36	2.7771e-17	0.00e+00	0.00e+00	1.9638e+01
1.61931e+19	4.5717e+03	1.041e-22	1.0000e+01	3.9400e+00	1.0015e-07	6.0685e-01	3.9315e-01	9.9992e-01	8.0538e-05	1.2096e-13	3.5807e-11	6.4197e-04	9.9276e-01	6.5970e-03	1.1755e-36	6.6302e-01	3.3698e-01	6.1002e-08	1.1755e-36	1.1755e-36	1.1755e-36	3.1330e-17	0.00e+00	0.00e+00	1.9815e+01
1.61976e+19	4.5009e+03	1.009e-22	1.0000e+01	3.8522e+00	1.1105e-07	6.1565e-01	3.8435e-01	9.9992e-01	8.0179e-05	1.2145e-13	3.7778e-11	6.3023e-04	9.9295e-01	6.4242e-03	1.1755e-36	6.7141e-01	3.2859e-01	5.8256e-08	1.1755e-36	1.1755e-36	1.1755e-36	3.5167e-17	0.00e+00	0.00e+00	1.9988e+01
1.62021e+19	4.4279e+03	9.779e-23	1.0000e+01	3.7645e+00	1.2299e-07	6.2448e-01	3.7552e-01	9.9992e-01	7.9815e-05	1.2193e-13	3.9818e-11	6.1860e-04	9.9313e-01	6.2526e-03	1.1755e-36	6.7980e-01	3.2020e-01	5.5619e-08	1.1755e-36	1.1755e-36	1.1755e-36	3.9397e-17	0.00e+00	0.00e+00	2.0168e+01
1.62067e+19	4.3503e+03	9.464e-23	1.0000e+01	3.6743e+00	1.3631e-07	6.3358e-01	3.6642e-01	9.9992e-01	7.9439e-05	1.2242e-13	4.1960e-11	6.0672e-04	9.9332e-01	6.0780e-03	1.1755e-36	6.8841e-01	3.1159e-01	5.3017e-08	1.1755e-36	1.1755e-36	1.1755e-36	4.4121e-17	0.00e+00	0.00e+00	2.0355e+01
1.62115e+19	4.2736e+03	9.138e-23	1.0000e+01	3.5790e+00	1.5001e-07	6.4257e-01	3.5743e-01	9.9992e-01	7.9177e-05	1.2331e-13	4.4028e-11	5.9394e-04	9.9350e-01	5.9093e-03	1.1755e-36	6.9689e-01	3.0311e-01	5.0516e-08	1.1755e-36	1.1755e-36	1.1755e-36	4.8946e-17	0.00e+00	0.00e+00	2.0549e+01
1.62165e+19	4.1822e+03	8.802e-23	1.0000e+01	3.4810e+00	1.6672e-07	6.5270e-01	3.4730e-01	9.9992e-01	7.8737e-05	1.2377e-13	4.6393e-11	5.8131e-04	9.9370e-01	5.7197e-03	1.1755e-36	7.0640e-01	2.9360e-01	4.7877e-08	1.1755e-36	1.1755e-36	1.1755e-36	5.4759e-17	0.00e+00	0.00e+00	2.0766e+01
1.62217e+19	4.0893e+03	8.456e-23	1.0000e+01	3.3775e+00	1.8380e-07	6.6291e-01	3.3709e-01	9.9992e-01	7.8397e-05	1.2460e-13	4.8629e-11	5.6784e-04	9.9390e-01	5.5328e-03	1.1755e-36	7.1596e-01	2.8404e-01	4.5311e-08	1.1755e-36	1.1755e-36	1.1755e-36	6.0513e-17	0.00e+00	0.00e+00	2.0985e+01
1.62272e+19	3.9829e+03	8.104e-23	1.0000e+01	3.2695e+00	2.0270e-07	6.7383e-01	3.2617e-01	9.9992e-01	7.7955e-05	1.2521e-13	5.0822e-11	5.5422e-04	9.9411e-01	5.3352e-03	1.1755e-36	7.2614e-01	2.7386e-01	4.2729e-08	1.1755e-36	1.1755e-36	1.1755e-36	6.6352e-17	0.00e+00	0.00e+00	2.1225e+01
###########################
5.43662e+14	6.6195e+03	3.122e-22	1.0000e+01	1.0828e+01	1.1864e-13	2.6970e-03	9.9730e-01	1.6780e-02	9.8190e-01	1.3243e-03	3.5108e-17	1.7521e-04	2.4059e-01	7.5879e-01	4.4448e-04	1.6755e-03	6.0198e-01	3.9617e-01	1.7560e-04	1.1755e-36	1.1755e-36	2.0229e-25	0.00e+00	0.00e+00	1.8515e-04
3.26197e+15	6.6148e+03	3.122e-22	1.0000e+01	1.0827e+01	1.1906e-13	2.6970e-03	9.9730e-01	1.6785e-02	9.8189e-01	1.3227e-03	3.5102e-17	1.7504e-04	2.4064e-01	7.5874e-01	4.4479e-04	1.6753e-03	6.0193e-01	3.9622e-01	1.7497e-04	1.1755e-36	1.1755e-36	2.0208e-25	0.00e+00	0.00e+00	9.2574e-04
1.41352e+16	6.6099e+03	3.119e-22	1.0000e+01	1.0827e+01	1.1944e-13	2.6963e-03	9.9730e-01	1.6796e-02	9.8189e-01	1.3135e-03	3.5101e-17	1.7496e-04	2.4078e-01	7.5860e-01	4.4341e-04	1.6755e-03	6.0205e-01	3.9610e-01	1.7238e-04	1.1755e-36	1.1755e-36	2.0181e-25	0.00e+00	0.00e+00	3.8873e-03
5.76281e+16	6.5993e+03	3.110e-22	1.0000e+01	1.0827e+01	1.2052e-13	2.6966e-03	9.9730e-01	1.6847e-02	9.8189e-01	1.2676e-03	3.5253e-17	1.7593e-04	2.4140e-01	7.5798e-01	4.3884e-04	1.6793e-03	6.0289e-01	3.9527e-01	1.6222e-04	1.1755e-36	1.1755e-36	2.0201e-25	0.00e+00	0.00e+00	1.5735e-02
1.37655e+17	6.5540e+03	3.078e-22	1.0000e+01	1.0827e+01	1.2246e-13	2.6748e-03	9.9733e-01	1.6861e-02	9.8190e-01	1.2352e-03	3.4635e-17	1.7565e-04	2.4175e-01	7.5764e-01	4.3372e-04	1.6696e-03	6.0357e-01	3.9461e-01	1.4901e-04	1.1755e-36	1.1755e-36	1.9511e-25	0.00e+00	0.00e+00	3.1013e-02
2.41690e+17	6.5054e+03	3.045e-22	1.0000e+01	1.0827e+01	1.2536e-13	2.6582e-03	9.9734e-01	1.6914e-02	9.8193e-01	1.1587e-03	3.4299e-17	1.7601e-04	2.4252e-01	7.5688e-01	4.2540e-04	1.6663e-03	6.0514e-01	3.9306e-01	1.3265e-04	1.1755e-36	1.1755e-36	1.9008e-25	0.00e+00	0.00e+00	5.0750e-02
3.76936e+17	6.4525e+03	3.009e-22	1.0000e+01	1.0827e+01	1.2906e-13	2.6453e-03	9.9735e-01	1.7007e-02	9.8195e-01	1.0410e-03	3.4129e-17	1.7670e-04	2.4372e-01	7.5568e-01	4.1387e-04	1.6688e-03	6.0769e-01	3.9053e-01	1.1343e-04	1.1755e-36	1.1755e-36	1.8568e-25	0.00e+00	0.00e+00	7.6284e-02
5.52755e+17	6.3940e+03	2.970e-22	1.0000e+01	1.0827e+01	1.3402e-13	2.6368e-03	9.9736e-01	1.7153e-02	9.8196e-01	8.8476e-04	3.4203e-17	1.7788e-04	2.4553e-01	7.5390e-01	3.9896e-04	1.6784e-03	6.1146e-01	3.8677e-01	9.2036e-05	1.1755e-36	1.1755e-36	1.8238e-25	0.00e+00	0.00e+00	1.0937e-01
7.81320e+17	6.3300e+03	2.926e-22	1.0000e+01	1.0827e+01	1.4042e-13	2.6346e-03	9.9737e-01	1.7373e-02	9.8193e-01	6.9993e-04	3.4567e-17	1.7985e-04	2.4814e-01	7.5130e-01	3.8077e-04	1.6975e-03	6.1677e-01	3.8146e-01	6.9748e-05	1.1755e-36	1.1755e-36	1.8015e-25	0.00e+00	0.00e+00	1.5235e-01
1.07845e+18	6.2611e+03	2.879e-22	1.0000e+01	1.0826e+01	1.4885e-13	2.6418e-03	9.9736e-01	1.7698e-02	9.8180e-01	5.0502e-04	3.5390e-17	1.8299e-04	2.5187e-01	7.4759e-01	3.5975e-04	1.7294e-03	6.2399e-01	3.7423e-01	4.8390e-05	1.1755e-36	1.1755e-36	1.7987e-25	0.00e+00	0.00e+00	2.0838e-01
1.46473e+18	6.1888e+03	2.829e-22	1.0000e+01	1.0825e+01	1.6008e-13	2.6635e-03	9.9734e-01	1.8175e-02	9.8150e-01	3.2447e-04	3.6908e-17	1.8786e-04	2.5720e-01	7.4228e-01	3.3650e-04	1.7798e-03	6.3359e-01	3.6460e-01	2.9977e-05	1.1755e-36	1.1755e-36	1.8258e-25	0.00e+00	0.00e+00	2.8181e-01
1.96689e+18	6.1163e+03	2.777e-22	1.0000e+01	1.0824e+01	1.7499e-13	2.7071e-03	9.9729e-01	1.8880e-02	9.8094e-01	1.8059e-04	3.9485e-17	1.9536e-04	2.6483e-01	7.3466e-01	3.1142e-04	1.8570e-03	6.4620e-01	3.5193e-01	1.6082e-05	1.1755e-36	1.1755e-36	1.8969e-25	0.00e+00	0.00e+00	3.7883e-01
2.61969e+18	6.0461e+03	2.727e-22	1.0000e+01	1.0823e+01	1.9611e-13	2.7866e-03	9.9721e-01	1.9959e-02	9.7996e-01	8.4368e-05	4.3996e-17	2.0684e-04	2.7600e-01	7.2351e-01	2.8408e-04	1.9762e-03	6.6281e-01	3.3520e-01	7.1953e-06	1.1755e-36	1.1755e-36	2.0539e-25	0.00e+00	0.00e+00	5.0867e-01
3.46834e+18	5.9943e+03	2.677e-22	1.0000e+01	1.0820e+01	2.2460e-13	2.9208e-03	9.9708e-01	2.1626e-02	9.7834e-01	3.1978e-05	5.1912e-17	2.2526e-04	2.9248e-01	7.0704e-01	2.5365e-04	2.1610e-03	6.8484e-01	3.1299e-01	2.5685e-06	1.1755e-36	1.1755e-36	2.3624e-25	0.00e+00	0.00e+00	6.8558e-01
4.57158e+18	5.9656e+03	2.635e-22	1.0000e+01	1.0814e+01	2.6736e-13	3.1524e-03	9.9685e-01	2.4376e-02	9.7561e-01	9.4756e-06	6.6965e-17	2.5516e-04	3.1786e-01	6.8167e-01	2.1796e-04	2.4629e-03	7.1461e-01	2.8293e-01	6.9325e-07	1.1755e-36	1.1755e-36	2.9873e-25	0.00e+00	0.00e+00	9.3381e-01
5.69708e+18	5.9590e+03	2.605e-22	1.0000e+01	1.0808e+01	3.1607e-13	3.4291e-03	9.9657e-01	2.7912e-02	9.7208e-01	2.7658e-06	8.7571e-17	2.9136e-04	3.4759e-01	6.5193e-01	1.8540e-04	2.8241e-03	7.4492e-01	2.5226e-01	1.8550e-07	1.1755e-36	1.1755e-36	3.8492e-25	0.00e+00	0.00e+00	1.1512e+00
6.58391e+18	5.9916e+03	2.599e-22	1.0000e+01	1.0802e+01	3.6067e-13	3.7211e-03	9.9628e-01	3.1758e-02	9.6824e-01	1.1284e-06	1.1323e-16	3.2862e-04	3.7666e-01	6.2285e-01	1.6044e-04	3.1977e-03	7.7062e-01	2.2618e-01	1.1755e-36	1.1755e-36	1.1755e-36	4.9859e-25	0.00e+00	0.00e+00	1.3320e+00
7.32355e+18	6.0390e+03	2.606e-22	1.0000e+01	1.0795e+01	4.0825e-13	4.0375e-03	9.9596e-01	3.6098e-02	9.6390e-01	5.5905e-07	1.4647e-16	3.6807e-04	4.0612e-01	5.9338e-01	1.3938e-04	3.6001e-03	7.9375e-01	2.0265e-01	1.1755e-36	1.1755e-36	1.1755e-36	6.5277e-25	0.00e+00	0.00e+00	1.5129e+00
8.13945e+18	6.1001e+03	2.624e-22	1.0000e+01	1.0785e+01	4.8246e-13	4.4879e-03	9.9551e-01	4.2648e-02	9.5735e-01	2.6567e-07	2.0468e-16	4.2280e-04	4.4526e-01	5.5420e-01	1.1568e-04	4.1745e-03	8.2096e-01	1.7487e-01	1.1755e-36	1.1755e-36	1.1755e-36	9.3465e-25	0.00e+00	0.00e+00	1.7743e+00
8.98005e+18	6.1699e+03	2.656e-22	1.0000e+01	1.0770e+01	5.8306e-13	5.0653e-03	9.9493e-01	5.2093e-02	9.4791e-01	1.2954e-07	2.9669e-16	4.9132e-04	4.9287e-01	5.0654e-01	9.2443e-05	4.9170e-03	8.4931e-01	1.4578e-01	1.1755e-36	1.1755e-36	1.1755e-36	1.3963e-24	0.00e+00	0.00e+00	2.0170e+00
9.63926e+18	6.2388e+03	2.692e-22	1.0000e+01	1.0754e+01	6.8954e-13	5.6502e-03	9.9435e-01	6.3223e-02	9.3678e-01	7.6309e-08	4.1345e-16	5.5895e-04	5.3844e-01	4.6093e-01	7.4319e-05	5.6755e-03	8.7249e-01	1.2184e-01	1.1755e-36	1.1755e-36	1.1755e-36	2.0070e-24	0.00e+00	0.00e+00	2.2166e+00
1.01595e+19	6.3113e+03	2.722e-22	1.0000e+01	1.0740e+01	7.9310e-13	6.2174e-03	9.9378e-01	7.5955e-02	9.2405e-01	5.0863e-08	5.5333e-16	6.2294e-04	5.8030e-01	4.1902e-01	6.0250e-05	6.4179e-03	8.9112e-01	1.0247e-01	1.1755e-36	1.1755e-36	1.1755e-36	2.7724e-24	0.00e+00	0.00e+00	2.4054e+00
1.05790e+19	6.3542e+03	2.757e-22	1.0000e+01	1.0721e+01	9.1604e-13	6.7758e-03	9.9322e-01	9.0220e-02	9.0978e-01	3.6906e-08	7.1511e-16	6.8212e-04	6.1857e-01	3.8070e-01	4.9174e-05	7.1486e-03	9.0613e-01	8.6717e-02	1.1755e-36	1.1755e-36	1.1755e-36	3.6810e-24	0.00e+00	0.00e+00	2.5586e+00
1.09011e+19	6.3922e+03	2.785e-22	1.0000e+01	1.0704e+01	1.0311e-12	7.2762e-03	9.9272e-01	1.0511e-01	8.9489e-01	2.8848e-08	8.8404e-16	7.3344e-04	6.5092e-01	3.4830e-01	4.0938e-05	7.8060e-03	9.1761e-01	7.4584e-02	1.1755e-36	1.1755e-36	1.1755e-36	4.6600e-24	0.00e+00	0.00e+00	2.6901e+00
1.11741e+19	6.4189e+03	2.810e-22	1.0000e+01	1.0684e+01	1.1571e-12	7.7634e-03	9.9224e-01	1.2148e-01	8.7852e-01	2.3237e-08	1.0712e-15	7.8015e-04	6.8029e-01	3.1890e-01	3.4213e-05	8.4465e-03	9.2717e-01	6.4379e-02	1.1755e-36	1.1755e-36	1.1755e-36	5.7730e-24	0.00e+00	0.00e+00	2.8175e+00
1.14294e+19	6.4441e+03	2.835e-22	1.0000e+01	1.0664e+01	1.2989e-12	8.2791e-03	9.9172e-01	1.4152e-01	8.5848e-01	1.8914e-08	1.2951e-15	8.2757e-04	7.0932e-01	2.8983e-01	2.8243e-05	9.1248e-03	9.3588e-01	5.4992e-02	1.1755e-36	1.1755e-36	1.1755e-36	7.1380e-24	0.00e+00	0.00e+00	2.9484e+00
1.16684e+19	6.4767e+03	2.857e-22	1.0000e+01	1.0643e+01	1.4460e-12	8.8140e-03	9.9119e-01	1.6620e-01	8.3380e-01	1.5558e-08	1.5598e-15	8.7356e-04	7.3763e-01	2.6148e-01	2.3043e-05	9.8300e-03	9.4377e-01	4.6399e-02	1.1755e-36	1.1755e-36	1.1755e-36	8.7990e-24	0.00e+00	0.00e+00	3.0752e+00
1.18802e+19	6.4873e+03	2.879e-22	1.0000e+01	1.0607e+01	1.6265e-12	9.3555e-03	9.9064e-01	1.9463e-01	8.0537e-01	1.2890e-08	1.8551e-15	9.1655e-04	7.6365e-01	2.3541e-01	1.8735e-05	1.0541e-02	9.5046e-01	3.8995e-02	1.1755e-36	1.1755e-36	1.1755e-36	1.0654e-23	0.00e+00	0.00e+00	3.1909e+00
1.20640e+19	6.5105e+03	2.896e-22	1.0000e+01	1.0582e+01	1.7909e-12	9.8685e-03	9.9013e-01	2.2711e-01	7.7289e-01	1.0901e-08	2.1756e-15	9.5469e-04	7.8665e-01	2.1238e-01	1.5299e-05	1.1216e-02	9.5603e-01	3.2752e-02	1.1755e-36	1.1755e-36	1.1755e-36	1.2731e-23	0.00e+00	0.00e+00	3.2979e+00
1.22270e+19	6.5150e+03	2.908e-22	1.0000e+01	1.0536e+01	1.9841e-12	1.0371e-02	9.8963e-01	2.6299e-01	7.3701e-01	9.1517e-09	2.5160e-15	9.8821e-04	8.0697e-01	1.9203e-01	1.2515e-05	1.1876e-02	9.6066e-01	2.7467e-02	1.1755e-36	1.1755e-36	1.1755e-36	1.4902e-23	0.00e+00	0.00e+00	3.3989e+00
1.23775e+19	6.5310e+03	2.919e-22	1.0000e+01	1.0506e+01	2.1735e-12	1.0876e-02	9.8912e-01	3.0571e-01	6.9429e-01	7.7752e-09	2.9088e-15	1.0196e-03	8.2561e-01	1.7337e-01	1.0178e-05	1.2537e-02	9.6467e-01	2.2793e-02	1.1755e-36	1.1755e-36	1.1755e-36	1.7484e-23	0.00e+00	0.00e+00	3.4996e+00
1.25184e+19	6.5283e+03	2.928e-22	1.0000e+01	1.0455e+01	2.4101e-12	1.1397e-02	9.8860e-01	3.5516e-01	6.4484e-01	6.4971e-09	3.3481e-15	1.0480e-03	8.4254e-01	1.5641e-01	8.2200e-06	1.3216e-02	9.6809e-01	1.8693e-02	1.1755e-36	1.1755e-36	1.1755e-36	2.0290e-23	0.00e+00	0.00e+00	3.5970e+00
1.26488e+19	6.5371e+03	2.931e-22	1.0000e+01	1.0411e+01	2.6370e-12	1.1909e-02	9.8809e-01	4.1084e-01	5.8916e-01	5.3737e-09	3.8404e-15	1.0730e-03	8.5740e-01	1.4152e-01	6.6278e-06	1.3883e-02	9.7095e-01	1.5171e-02	1.1755e-36	1.1755e-36	1.1755e-36	2.3471e-23	0.00e+00	0.00e+00	3.6914e+00
1.27716e+19	6.5308e+03	2.933e-22	1.0000e+01	1.0358e+01	2.9196e-12	1.2443e-02	9.8756e-01	4.7324e-01	5.2676e-01	4.3607e-09	4.4051e-15	1.0951e-03	8.7048e-01	1.2842e-01	5.3149e-06	1.4572e-02	9.7327e-01	1.2158e-02	1.1755e-36	1.1755e-36	1.1755e-36	2.7054e-23	0.00e+00	0.00e+00	3.7857e+00
1.28909e+19	6.5273e+03	2.929e-22	1.0000e+01	1.0296e+01	3.2227e-12	1.2991e-02	9.8701e-01	5.4240e-01	4.5760e-01	3.4436e-09	5.0519e-15	1.1139e-03	8.8193e-01	1.1695e-01	4.2312e-06	1.5277e-02	9.7516e-01	9.5648e-03	1.1755e-36	1.1755e-36	1.1755e-36	3.1102e-23	0.00e+00	0.00e+00	3.8830e+00
1.30273e+19	6.5166e+03	2.917e-22	1.0000e+01	1.0207e+01	3.6421e-12	1.3665e-02	9.8634e-01	6.2824e-01	3.7176e-01	2.4880e-09	5.9340e-15	1.1315e-03	8.9321e-01	1.0566e-01	3.2054e-06	1.6139e-02	9.7680e-01	7.0609e-03	1.1755e-36	1.1755e-36	1.1755e-36	3.6552e-23	0.00e+00	0.00e+00	4.0160e+00
1.31774e+19	6.4992e+03	2.913e-22	1.0000e+01	1.0132e+01	4.2301e-12	1.4524e-02	9.8548e-01	7.2494e-01	2.7506e-01	1.6360e-09	7.1730e-15	1.1509e-03	9.0348e-01	9.5366e-02	2.3257e-06	1.7225e-02	9.7789e-01	4.8812e-03	1.1755e-36	1.1755e-36	1.1755e-36	4.4533e-23	0.00e+00	0.00e+00	4.1500e+00
1.33217e+19	6.4856e+03	2.906e-22	1.0000e+01	1.0048e+01	4.8896e-12	1.5431e-02	9.8457e-01	8.0887e-01	1.9113e-01	1.0138e-09	8.5730e-15	1.1653e-03	9.1105e-01	8.7779e-02	1.6890e-06	1.8363e-02	9.7832e-01	3.3177e-03	1.1755e-36	1.1755e-36	1.1755e-36	5.3938e-23	0.00e+00	0.00e+00	4.2887e+00
1.34855e+19	6.4752e+03	2.901e-22	1.0000e+01	9.9487e+00	5.7617e-12	1.6571e-02	9.8343e-01	8.8169e-01	1.1831e-01	5.4546e-10	1.0385e-14	1.1778e-03	9.1734e-01	8.1478e-02	1.1624e-06	1.9786e-02	9.7812e-01	2.0959e-03	1.1755e-36	1.1755e-36	1.1755e-36	6.7209e-23	0.00e+00	0.00e+00	4.4824e+00
1.36983e+19	6.4700e+03	2.925e-22	1.0000e+01	9.8907e+00	7.2285e-12	1.8393e-02	9.8161e-01	9.4065e-01	5.9354e-02	2.3400e-10	1.3409e-14	1.1991e-03	9.2354e-01	7.5258e-02	7.0311e-07	2.2043e-02	9.7682e-01	1.1324e-03	1.1755e-36	1.1755e-36	1.1755e-36	9.3455e-23	0.00e+00	0.00e+00	4.7619e+00
1.39751e+19	6.4764e+03	2.974e-22	1.0000e+01	9.8242e+00	9.8352e-12	2.1325e-02	9.7868e-01	9.7632e-01	2.3682e-02	7.6506e-11	1.8671e-14	1.2248e-03	9.2962e-01	6.9160e-02	3.6037e-07	2.5662e-02	9.7383e-01	5.0322e-04	1.1755e-36	1.1755e-36	1.1755e-36	1.4887e-22	0.00e+00	0.00e+00	5.1832e+00
1.42872e+19	6.5042e+03	3.049e-22	1.0000e+01	9.7605e+00	1.4328e-11	2.5804e-02	9.7420e-01	9.9135e-01	8.6494e-03	2.2704e-11	2.7963e-14	1.2535e-03	9.3562e-01	6.3127e-02	1.6655e-07	3.1181e-02	9.6862e-01	1.9988e-04	1.1755e-36	1.1755e-36	1.1755e-36	2.7051e-22	0.00e+00	0.00e+00	5.6907e+00
1.45741e+19	6.5352e+03	3.129e-22	1.0000e+01	9.6965e+00	2.1534e-11	3.1779e-02	9.6822e-01	9.9634e-01	3.6569e-03	8.0552e-12	4.3084e-14	1.2797e-03	9.4134e-01	5.7376e-02	1.1755e-36	3.8532e-02	9.6138e-01	8.5221e-05	1.1755e-36	1.1755e-36	1.1755e-36	5.1798e-22	0.00e+00	0.00e+00	6.2169e+00
1.48156e+19	6.5613e+03	3.200e-22	1.0000e+01	9.6310e+00	3.2465e-11	3.9130e-02	9.6087e-01	9.9813e-01	1.8662e-03	3.5627e-12	6.6290e-14	1.3009e-03	9.4670e-01	5.2003e-02	1.1755e-36	4.7563e-02	9.5240e-01	4.1123e-05	1.1755e-36	1.1755e-36	1.1755e-36	9.9282e-22	0.00e+00	0.00e+00	6.7625e+00
1.50203e+19	6.5788e+03	3.249e-22	1.0000e+01	9.5320e+00	4.8955e-11	4.8017e-02	9.5198e-01	9.9891e-01	1.0852e-03	1.8442e-12	1.0105e-13	1.3134e-03	9.5162e-01	4.7063e-02	1.1755e-36	5.8456e-02	9.4152e-01	2.1784e-05	1.1755e-36	1.1755e-36	1.1755e-36	1.8759e-21	0.00e+00	0.00e+00	7.3339e+00
1.51968e+19	6.5902e+03	3.280e-22	1.0000e+01	9.4219e+00	7.4421e-11	5.8992e-02	9.4101e-01	9.9931e-01	6.9192e-04	1.0666e-12	1.5461e-13	1.3210e-03	9.5633e-01	4.2349e-02	1.1755e-36	7.1859e-02	9.2813e-01	1.2268e-05	1.1755e-36	1.1755e-36	1.1755e-36	3.5694e-21	0.00e+00	0.00e+00	7.9469e+00
1.53508e+19	6.5940e+03	3.289e-22	1.0000e+01	9.2843e+00	1.1465e-10	7.2684e-02	9.2732e-01	9.9953e-01	4.7222e-04	6.7132e-13	2.3813e-13	1.3219e-03	9.6082e-01	3.7860e-02	1.1755e-36	8.8497e-02	9.1150e-01	7.2101e-06	1.1755e-36	1.1755e-36	1.1755e-36	6.8672e-21	0.00e+00	0.00e+00	8.6057e+00
1.54690e+19	6.5912e+03	3.273e-22	1.0000e+01	9.1334e+00	1.7043e-10	8.7743e-02	9.1226e-01	9.9964e-01	3.5756e-04	4.8149e-13	3.5175e-13	1.3163e-03	9.6452e-01	3.4167e-02	1.1755e-36	1.0668e-01	8.9331e-01	4.6851e-06	1.1755e-36	1.1755e-36	1.1755e-36	1.2424e-20	0.00e+00	0.00e+00	9.1197e+00
1.55490e+19	6.5816e+03	3.246e-22	1.0000e+01	9.0028e+00	2.3291e-10	1.0142e-01	8.9858e-01	9.9970e-01	2.9679e-04	3.8582e-13	4.7573e-13	1.3087e-03	9.6726e-01	3.1434e-02	1.1755e-36	1.2309e-01	8.7690e-01	3.4176e-06	1.1755e-36	1.1755e-36	1.1755e-36	1.9680e-20	0.00e+00	0.00e+00	9.5499e+00
1.56149e+19	6.5673e+03	3.204e-22	1.0000e+01	8.8589e+00	3.0873e-10	1.1525e-01	8.8475e-01	9.9975e-01	2.5312e-04	3.2012e-13	6.2087e-13	1.2970e-03	9.6961e-01	2.9089e-02	1.1755e-36	1.3958e-01	8.6042e-01	2.5874e-06	1.1755e-36	1.1755e-36	1.1755e-36	2.9531e-20	0.00e+00	0.00e+00	1.0020e+01
1.56892e+19	6.5389e+03	3.135e-22	1.0000e+01	8.6655e+00	4.3913e-10	1.3453e-01	8.6547e-01	9.9979e-01	2.1048e-04	2.5807e-13	8.5906e-13	1.2793e-03	9.7242e-01	2.6297e-02	1.1755e-36	1.6239e-01	8.3761e-01	1.8460e-06	1.1755e-36	1.1755e-36	1.1755e-36	4.8506e-20	0.00e+00	0.00e+00	1.0734e+01
1.57689e+19	6.4929e+03	3.024e-22	1.0000e+01	8.3917e+00	6.7775e-10	1.6181e-01	8.3819e-01	9.9983e-01	1.7467e-04	2.0913e-13	1.2680e-12	1.2505e-03	9.7547e-01	2.3284e-02	1.1755e-36	1.9432e-01	8.0568e-01	1.2581e-06	1.1755e-36	1.1755e-36	1.1755e-36	8.8252e-20	0.00e+00	0.00e+00	1.1503e+01
1.58399e+19	6.4253e+03	2.876e-22	1.0000e+01	8.0613e+00	1.0735e-09	1.9482e-01	8.0518e-01	9.9985e-01	1.4842e-04	1.7538e-13	1.8830e-12	1.2124e-03	9.7834e-01	2.0445e-02	1.1755e-36	2.3242e-01	7.6758e-01	8.6179e-07	1.1755e-36	1.1755e-36	1.1755e-36	1.6278e-19	0.00e+00	0.00e+00	1.2325e+01
1.59015e+19	6.3343e+03	2.697e-22	1.0000e+01	7.6818e+00	1.7176e-09	2.3274e-01	7.6726e-01	9.9987e-01	1.2958e-04	1.5284e-13	2.7646e-12	1.1657e-03	9.8092e-01	1.7909e-02	1.1755e-36	2.7547e-01	7.2453e-01	6.0050e-07	1.1755e-36	1.1755e-36	1.1755e-36	2.9673e-19	0.00e+00	0.00e+00	1.3153e+01
1.59525e+19	6.2231e+03	2.502e-22	1.0000e+01	7.2809e+00	2.7124e-09	2.7318e-01	7.2682e-01	9.9988e-01	1.1637e-04	1.3830e-13	3.9334e-12	1.1144e-03	9.8312e-01	1.5764e-02	1.1755e-36	3.2055e-01	6.7945e-01	4.3221e-07	1.1755e-36	1.1755e-36	1.1755e-36	5.1914e-19	0.00e+00	0.00e+00	1.3941e+01
1.59919e+19	6.1049e+03	2.317e-22	1.0000e+01	6.8946e+00	4.0709e-09	3.1140e-01	6.8860e-01	9.9989e-01	1.0788e-04	1.3019e-13	5.2780e-12	1.0633e-03	9.8482e-01	1.4115e-02	1.1755e-36	3.6240e-01	6.3760e-01	3.2858e-07	1.1755e-36	1.1755e-36	1.1755e-36	8.3461e-19	0.00e+00	0.00e+00	1.4593e+01
1.60203e+19	5.9957e+03	2.164e-22	1.0000e+01	6.5780e+00	5.6593e-09	3.4352e-01	6.5648e-01	9.9990e-01	1.0243e-04	1.2555e-13	6.6247e-12	1.0209e-03	9.8606e-01	1.2920e-02	1.1755e-36	3.9700e-01	6.0300e-01	2.6607e-07	1.1755e-36	1.1755e-36	1.1755e-36	1.2146e-18	0.00e+00	0.00e+00	1.5106e+01
1.60420e+19	5.8948e+03	2.036e-22	1.0000e+01	6.3049e+00	7.4396e-09	3.7036e-01	6.2964e-01	9.9990e-01	9.8719e-05	1.2291e-13	7.9168e-12	9.8377e-04	9.8700e-01	1.2018e-02	1.1755e-36	4.2555e-01	5.7445e-01	2.2489e-07	1.1755e-36	1.1755e-36	1.1755e-36	1.6405e-18	0.00e+00	0.00e+00	1.5566e+01
1.60609e+19	5.7920e+03	1.917e-22	1.0000e+01	6.0506e+00	9.6318e-09	3.9572e-01	6.0428e-01	9.9990e-01	9.5579e-05	1.2088e-13	9.3128e-12	9.4901e-04	9.8782e-01	1.1230e-02	1.1755e-36	4.5220e-01	5.4780e-01	1.9301e-07	1.1755e-36	1.1755e-36	1.1755e-36	2.1723e-18	0.00e+00	0.00e+00	1.6020e+01
1.60786e+19	5.6815e+03	1.801e-22	1.0000e+01	5.7956e+00	1.2499e-08	4.2113e-01	5.7887e-01	9.9991e-01	9.2825e-05	1.1941e-13	1.0913e-11	9.1392e-04	9.8859e-01	1.0500e-02	1.1755e-36	4.7860e-01	5.2140e-01	1.6645e-07	1.1755e-36	1.1755e-36	1.1755e-36	2.8793e-18	0.00e+00	0.00e+00	1.6480e+01
1.60911e+19	5.6004e+03	1.720e-22	1.0000e+01	5.6124e+00	1.5061e-08	4.3947e-01	5.6053e-01	9.9991e-01	9.1431e-05	1.1932e-13	1.2214e-11	8.8851e-04	9.8907e-01	1.0040e-02	1.1755e-36	4.9747e-01	5.0253e-01	1.5042e-07	1.1755e-36	1.1755e-36	1.1755e-36	3.5363e-18	0.00e+00	0.00e+00	1.6689e+01
1.60970e+19	5.5564e+03	1.680e-22	1.0000e+01	5.5218e+00	1.6584e-08	4.4870e-01	5.5130e-01	9.9991e-01	9.0695e-05	1.1917e-13	1.2931e-11	8.7600e-04	9.8931e-01	9.8099e-03	1.1755e-36	5.0691e-01	4.9309e-01	1.4301e-07	1.1755e-36	1.1755e-36	1.1755e-36	3.9316e-18	0.00e+00	0.00e+00	1.6814e+01
1.61017e+19	5.5195e+03	1.647e-22	1.0000e+01	5.4476e+00	1.7938e-08	4.5608e-01	5.4392e-01	9.9991e-01	9.0046e-05	1.1897e-13	1.3535e-11	8.6573e-04	9.8951e-01	9.6202e-03	1.1755e-36	5.1443e-01	4.8557e-01	1.3725e-07	1.1755e-36	1.1755e-36	1.1755e-36	4.2833e-18	0.00e+00	0.00e+00	1.6953e+01
1.61072e+19	5.4636e+03	1.609e-22	1.0000e+01	5.3637e+00	2.0028e-08	4.6579e-01	5.3421e-01	9.9991e-01	8.9094e-05	1.1823e-13	1.4417e-11	8.5451e-04	9.8978e-01	9.3679e-03	1.1755e-36	5.2431e-01	4.7569e-01	1.3026e-07	1.1755e-36	1.1755e-36	1.1755e-36	4.8322e-18	0.00e+00	0.00e+00	1.7138e+01
1.61134e+19	5.4178e+03	1.564e-22	1.0000e+01	5.2592e+00	2.2121e-08	4.7544e-01	5.2456e-01	9.9991e-01	8.8453e-05	1.1848e-13	1.5285e-11	8.3967e-04	9.9002e-01	9.1373e-03	1.1755e-36	5.3406e-01	4.6594e-01	1.2344e-07	1.1755e-36	1.1755e-36	1.1755e-36	5.4064e-18	0.00e+00	0.00e+00	1.7318e+01
1.61195e+19	5.3654e+03	1.519e-22	1.0000e+01	5.1531e+00	2.4650e-08	4.8556e-01	5.1444e-01	9.9991e-01	8.7722e-05	1.1857e-13	1.6277e-11	8.2482e-04	9.9028e-01	8.8982e-03	1.1755e-36	5.4424e-01	4.5576e-01	1.1676e-07	1.1755e-36	1.1755e-36	1.1755e-36	6.1115e-18	0.00e+00	0.00e+00	1.7513e+01
1.61258e+19	5.3087e+03	1.474e-22	1.0000e+01	5.0455e+00	2.7633e-08	4.9606e-01	5.0394e-01	9.9991e-01	8.7044e-05	1.1874e-13	1.7398e-11	8.0975e-04	9.9053e-01	8.6568e-03	1.1755e-36	5.5477e-01	4.4523e-01	1.1030e-07	1.1755e-36	1.1755e-36	1.1755e-36	6.9707e-18	0.00e+00	0.00e+00	1.7707e+01
1.61318e+19	5.2516e+03	1.431e-22	1.0000e+01	4.9431e+00	3.0929e-08	5.0628e-01	4.9372e-01	9.9991e-01	8.6401e-05	1.1889e-13	1.8590e-11	7.9547e-04	9.9078e-01	8.4279e-03	1.1755e-36	5.6497e-01	4.3503e-01	1.0442e-07	1.1755e-36	1.1755e-36	1.1755e-36	7.9596e-18	0.00e+00	0.00e+00	1.7890e+01
1.61373e+19	5.1911e+03	1.391e-22	1.0000e+01	4.8465e+00	3.4664e-08	5.1615e-01	4.8385e-01	9.9991e-01	8.5773e-05	1.1894e-13	1.9868e-11	7.8213e-04	9.9101e-01	8.2112e-03	1.1755e-36	5.7478e-01	4.2522e-01	9.9129e-08	1.1755e-36	1.1755e-36	1.1755e-36	9.1104e-18	0.00e+00	0.00e+00	1.8065e+01
1.61425e+19	5.1347e+03	1.354e-22	1.0000e+01	4.7572e+00	3.8566e-08	5.2551e-01	4.7449e-01	9.9991e-01	8.5200e-05	1.1901e-13	2.1187e-11	7.6974e-04	9.9122e-01	8.0096e-03	1.1755e-36	5.8404e-01	4.1596e-01	9.4367e-08	1.1755e-36	1.1755e-36	1.1755e-36	1.0390e-17	0.00e+00	0.00e+00	1.8231e+01
1.61475e+19	5.0803e+03	1.318e-22	1.0000e+01	4.6678e+00	4.2691e-08	5.3439e-01	4.6561e-01	9.9992e-01	8.4714e-05	1.1928e-13	2.2534e-11	7.5724e-04	9.9142e-01	7.8226e-03	1.1755e-36	5.9279e-01	4.0721e-01	9.0028e-08	1.1755e-36	1.1755e-36	1.1755e-36	1.1798e-17	0.00e+00	0.00e+00	1.8397e+01
1.61525e+19	5.0237e+03	1.281e-22	1.0000e+01	4.5774e+00	4.7407e-08	5.4354e-01	4.5646e-01	9.9992e-01	8.4212e-05	1.1954e-13	2.4052e-11	7.4464e-04	9.9162e-01	7.6325e-03	1.1755e-36	6.0178e-01	3.9822e-01	8.5771e-08	1.1755e-36	1.1755e-36	1.1755e-36	1.3506e-17	0.00e+00	0.00e+00	1.8573e+01
1.61576e+19	4.9671e+03	1.243e-22	1.0000e+01	4.4794e+00	5.2529e-08	5.5255e-01	4.4745e-01	9.9992e-01	8.3825e-05	1.2019e-13	2.5503e-11	7.3080e-04	9.9182e-01	7.4479e-03	1.1755e-36	6.1059e-01	3.8941e-01	8.1731e-08	1.1755e-36	1.1755e-36	1.1755e-36	1.5252e-17	0.00e+00	0.00e+00	1.8752e+01
1.61628e+19	4.8977e+03	1.206e-22	1.0000e+01	4.3842e+00	5.9180e-08	5.6246e-01	4.3754e-01	9.9992e-01	8.3253e-05	1.2032e-13	2.7161e-11	7.1775e-04	9.9204e-01	7.2409e-03	1.1755e-36	6.2025e-01	3.7975e-01	7.7638e-08	1.1755e-36	1.1755e-36	1.1755e-36	1.7390e-17	0.00e+00	0.00e+00	1.8939e+01
1.61678e+19	4.8329e+03	1.171e-22	1.0000e+01	4.2909e+00	6.6049e-08	5.7169e-01	4.2831e-01	9.9992e-01	8.2830e-05	1.2076e-13	2.8781e-11	7.0481e-04	9.9224e-01	7.0545e-03	1.1755e-36	6.2921e-01	3.7079e-01	7.3987e-08	1.1755e-36	1.1755e-36	1.1755e-36	1.9640e-17	0.00e+00	0.00e+00	1.9108e+01
1.61724e+19	4.7702e+03	1.138e-22	1.0000e+01	4.2040e+00	7.3275e-08	5.8037e-01	4.1963e-01	9.9992e-01	8.2428e-05	1.2116e-13	3.0396e-11	6.9281e-04	9.9243e-01	6.8807e-03	1.1755e-36	6.3761e-01	3.6239e-01	7.0712e-08	1.1755e-36	1.1755e-36	1.1755e-36	2.2046e-17	0.00e+00	0.00e+00	1.9273e+01
1.61769e+19	4.7060e+03	1.105e-22	1.0000e+01	4.1176e+00	8.1281e-08	5.8905e-01	4.1095e-01	9.9992e-01	8.2032e-05	1.2156e-13	3.2098e-11	6.8089e-04	9.9261e-01	6.7089e-03	1.1755e-36	6.4596e-01	3.5404e-01	6.7580e-08	1.1755e-36	1.1755e-36	1.1755e-36	2.4757e-17	0.00e+00	0.00e+00	1.9443e+01
1.61815e+19	4.6389e+03	1.073e-22	1.0000e+01	4.0294e+00	9.0327e-08	5.9791e-01	4.0209e-01	9.9992e-01	8.1639e-05	1.2199e-13	3.3926e-11	6.6878e-04	9.9280e-01	6.5358e-03	1.1755e-36	6.5447e-01	3.4553e-01	6.4521e-08	1.1755e-36	1.1755e-36	1.1755e-36	2.7870e-17	0.00e+00	0.00e+00	1.9618e+01
1.61862e+19	4.5658e+03	1.040e-22	1.0000e+01	3.9392e+00	1.0080e-07	6.0694e-01	3.9306e-01	9.9992e-01	8.1231e-05	1.2240e-13	3.5886e-11	6.5650e-04	9.9298e-01	6.3619e-03	1.1755e-36	6.6312e-01	3.3688e-01	6.1565e-08	1.1755e-36	1.1755e-36	1.1755e-36	3.1458e-17	0.00e+00	0.00e+00	1.9796e+01
1.61907e+19	4.4949e+03	1.009e-22	1.0000e+01	3.8512e+00	1.1177e-07	6.1575e-01	3.8425e-01	9.9992e-01	8.0868e-05	1.2290e-13	3.7861e-11	6.4450e-04	9.9316e-01	6.1952e-03	1.1755e-36	6.7152e-01	3.2848e-01	5.8789e-08	1.1755e-36	1.1755e-36	1.1755e-36	3.5312e-17	0.00e+00	0.00e+00	1.9969e+01
1.61952e+19	4.4218e+03	9.774e-23	1.0000e+01	3.7634e+00	1.2377e-07	6.2458e-01	3.7542e-01	9.9992e-01	8.0501e-05	1.2339e-13	3.9901e-11	6.3261e-04	9.9334e-01	6.0296e-03	1.1755e-36	6.7991e-01	3.2009e-01	5.6126e-08	1.1755e-36	1.1755e-36	1.1755e-36	3.9551e-17	0.00e+00	0.00e+00	2.0148e+01
1.61998e+19	4.3441e+03	9.458e-23	1.0000e+01	3.6732e+00	1.3715e-07	6.3370e-01	3.6630e-01	9.9992e-01	8.0121e-05	1.2388e-13	4.2046e-11	6.2046e-04	9.9352e-01	5.8609e-03	1.1755e-36	6.8854e-01	3.1146e-01	5.3497e-08	1.1755e-36	1.1755e-36	1.1755e-36	4.4287e-17	0.00e+00	0.00e+00	2.0336e+01
1.62046e+19	4.2673e+03	9.131e-23	1.0000e+01	3.5775e+00	1.5091e-07	6.4272e-01	3.5728e-01	9.9992e-01	7.9857e-05	1.2480e-13	4.4113e-11	6.0737e-04	9.9369e-01	5.6977e-03	1.1755e-36	6.9704e-01	3.0296e-01	5.0967e-08	1.1755e-36	1.1755e-36	1.1755e-36	4.9119e-17	0.00e+00	0.00e+00	2.0531e+01
1.62096e+19	4.1753e+03	8.795e-23	1.0000e+01	3.4791e+00	1.6773e-07	6.5289e-01	3.4711e-01	9.9992e-01	7.9410e-05	1.2525e-13	4.6482e-11	5.9441e-04	9.9389e-01	5.5137e-03	1.1755e-36	7.0660e-01	2.9340e-01	4.8293e-08	1.1755e-36	1.1755e-36	1.1755e-36	5.4945e-17	0.00e+00	0.00e+00	2.0748e+01
1.62149e+19	4.0820e+03	8.447e-23	1.0000e+01	3.3752e+00	1.8488e-07	6.6315e-01	3.3685e-01	9.9992e-01	7.9066e-05	1.2610e-13	4.8716e-11	5.8060e-04	9.9409e-01	5.3328e-03	1.1755e-36	7.1619e-01	2.8381e-01	4.5694e-08	1.1755e-36	1.1755e-36	1.1755e-36	6.0695e-17	0.00e+00	0.00e+00	2.0967e+01
1.62203e+19	3.9750e+03	8.093e-23	1.0000e+01	3.2665e+00	2.0386e-07	6.7413e-01	3.2587e-01	9.9992e-01	7.8617e-05	1.2672e-13	5.0902e-11	5.6660e-04	9.9429e-01	5.1409e-03	1.1755e-36	7.2643e-01	2.7357e-01	4.3076e-08	1.1755e-36	1.1755e-36	1.1755e-36	6.6511e-17	0.00e+00	0.00e+00	2.1208e+01
###########################
5.43662e+14	6.6183e+03	3.122e-22	1.0000e+01	1.0828e+01	1.1877e-13	2.6973e-03	9.9730e-01	1.6782e-02	9.8189e-01	1.3242e-03	3.5119e-17	1.7523e-04	2.4061e-01	7.5877e-01	4.4440e-04	1.6758e-03	6.0200e-01	3.9615e-01	1.7558e-04	1.1755e-36	1.1755e-36	2.0233e-25	0.00e+00	0.00e+00	1.8517e-04
3.26197e+15	6.6151e+03	3.122e-22	1.0000e+01	1.0827e+01	1.1903e-13	2.6969e-03	9.9730e-01	1.6785e-02	9.8189e-01	1.3227e-03	3.5100e-17	1.7509e-04	2.4064e-01	7.5874e-01	4.4481e-04	1.6753e-03	6.0193e-01	3.9622e-01	1.7498e-04	1.1755e-36	1.1755e-36	2.0208e-25	0.00e+00	0.00e+00	9.2574e-04
1.41352e+16	6.6099e+03	3.119e-22	1.0000e+01	1.0827e+01	1.1943e-13	2.6963e-03	9.9730e-01	1.6796e-02	9.8189e-01	1.3135e-03	3.5100e-17	1.7496e-04	2.4078e-01	7.5860e-01	4.4341e-04	1.6755e-03	6.0205e-01	3.9611e-01	1.7238e-04	1.1755e-36	1.1755e-36	2.0180e-25	0.00e+00	0.00e+00	3.8873e-03
5.76281e+16	6.5993e+03	3.110e-22	1.0000e+01	1.0827e+01	1.2052e-13	2.6966e-03	9.9730e-01	1.6847e-02	9.8189e-01	1.2676e-03	3.5253e-17	1.7593e-04	2.4140e-01	7.5798e-01	4.3884e-04	1.6793e-03	6.0289e-01	3.9527e-01	1.6222e-04	1.1755e-36	1.1755e-36	2.0201e-25	0.00e+00	0.00e+00	1.5735e-02
1.37655e+17	6.5540e+03	3.078e-22	1.0000e+01	1.0827e+01	1.2245e-13	2.6748e-03	9.9733e-01	1.6861e-02	9.8190e-01	1.2352e-03	3.4634e-17	1.7565e-04	2.4175e-01	7.5764e-01	4.3372e-04	1.6696e-03	6.0357e-01	3.9461e-01	1.4901e-04	1.1755e-36	1.1755e-36	1.9510e-25	0.00e+00	0.00e+00	3.1013e-02
2.41690e+17	6.5054e+03	3.045e-22	1.0000e+01	1.0827e+01	1.2535e-13	2.6582e-03	9.9734e-01	1.6914e-02	9.8193e-01	1.1587e-03	3.4298e-17	1.7601e-04	2.4252e-01	7.5688e-01	4.2540e-04	1.6663e-03	6.0514e-01	3.9306e-01	1.3265e-04	1.1755e-36	1.1755e-36	1.9007e-25	0.00e+00	0.00e+00	5.0750e-02
3.76936e+17	6.4525e+03	3.009e-22	1.0000e+01	1.0827e+01	1.2906e-13	2.6453e-03	9.9735e-01	1.7007e-02	9.8195e-01	1.0410e-03	3.4128e-17	1.7670e-04	2.4372e-01	7.5568e-01	4.1387e-04	1.6688e-03	6.0769e-01	3.9053e-01	1.1343e-04	1.1755e-36	1.1755e-36	1.8567e-25	0.00e+00	0.00e+00	7.6284e-02
5.52755e+17	6.3940e+03	2.970e-22	1.0000e+01	1.0827e+01	1.3402e-13	2.6368e-03	9.9736e-01	1.7153e-02	9.8196e-01	8.8476e-04	3.4202e-17	1.7788e-04	2.4553e-01	7.5390e-01	3.9896e-04	1.6784e-03	6.1146e-01	3.8677e-01	9.2036e-05	1.1755e-36	1.1755e-36	1.8238e-25	0.00e+00	0.00e+00	1.0937e-01
7.81320e+17	6.3300e+03	2.926e-22	1.0000e+01	1.0827e+01	1.4041e-13	2.6346e-03	9.9737e-01	1.7373e-02	9.8193e-01	6.9993e-04	3.4567e-17	1.7985e-04	2.4814e-01	7.5130e-01	3.8077e-04	1.6975e-03	6.1677e-01	3.8146e-01	6.9748e-05	1.1755e-36	1.1755e-36	1.8014e-25	0.00e+00	0.00e+00	1.5235e-01
1.07845e+18	6.2611e+03	2.879e-22	1.0000e+01	1.0826e+01	1.4884e-13	2.6418e-03	9.9736e-01	1.7698e-02	9.8180e-01	5.0502e-04	3.5390e-17	1.8299e-04	2.5187e-01	7.4759e-01	3.5975e-04	1.7294e-03	6.2399e-01	3.7423e-01	4.8390e-05	1.1755e-36	1.1755e-36	1.7986e-25	0.00e+00	0.00e+00	2.0838e-01
1.46473e+18	6.1888e+03	2.829e-22	1.0000e+01	1.0825e+01	1.6008e-13	2.6635e-03	9.9734e-01	1.8175e-02	9.8150e-01	3.2447e-04	3.6907e-17	1.8786e-04	2.5720e-01	7.4228e-01	3.3650e-04	1.7798e-03	6.3359e-01	3.6460e-01	2.9977e-05	1.1755e-36	1.1755e-36	1.8258e-25	0.00e+00	0.00e+00	2.8181e-01
1.96689e+18	6.1163e+03	2.777e-22	1.0000e+01	1.0824e+01	1.7499e-13	2.7071e-03	9.9729e-01	1.8880e-02	9.8094e-01	1.8059e-04	3.9484e-17	1.9536e-04	2.6483e-01	7.3466e-01	3.1142e-04	1.8570e-03	6.4620e-01	3.5193e-01	1.6082e-05	1.1755e-36	1.1755e-36	1.8968e-25	0.00e+00	0.00e+00	3.7883e-01
2.61969e+18	6.0461e+03	2.727e-22	1.0000e+01	1.0823e+01	1.9611e-13	2.7866e-03	9.9721e-01	1.9959e-02	9.7996e-01	8.4368e-05	4.3995e-17	2.0684e-04	2.7600e-01	7.2351e-01	2.8408e-04	1.9762e-03	6.6281e-01	3.3520e-01	7.1953e-06	1.1755e-36	1.1755e-36	2.0538e-25	0.00e+00	0.00e+00	5.0867e-01
3.46834e+18	5.9943e+03	2.677e-22	1.0000e+01	1.0820e+01	2.2460e-13	2.9208e-03	9.9708e-01	2.1626e-02	9.7834e-01	3.1978e-05	5.1911e-17	2.2526e-04	2.9248e-01	7.0704e-01	2.5365e-04	2.1610e-03	6.8484e-01	3.1299e-01	2.5685e-06	1.1755e-36	1.1755e-36	2.3623e-25	0.00e+00	0.00e+00	6.8558e-01
4.57158e+18	5.9656e+03	2.635e-22	1.0000e+01	1.0814e+01	2.6735e-13	3.1524e-03	9.9685e-01	2.4376e-02	9.7561e-01	9.4756e-06	6.6963e-17	2.5516e-04	3.1786e-01	6.8167e-01	2.1796e-04	2.4629e-03	7.1461e-01	2.8293e-01	6.9325e-07	1.1755e-36	1.1755e-36	2.9871e-25	0.00e+00	0.00e+00	9.3381e-01
5.69708e+18	5.9590e+03	2.605e-22	1.0000e+01	1.0808e+01	3.1606e-13	3.4291e-03	9.9657e-01	2.7912e-02	9.7208e-01	2.7658e-06	8.7568e-17	2.9136e-04	3.4759e-01	6.5193e-01	1.8540e-04	2.8241e-03	7.4492e-01	2.5225e-01	1.8550e-07	1.1755e-36	1.1755e-36	3.8489e-25	0.00e+00	0.00e+00	1.1512e+00
6.58391e+18	5.9916e+03	2.599e-22	1.0000e+01	1.0802e+01	3.6066e-13	3.7211e-03	9.9628e-01	3.1758e-02	9.6824e-01	1.1284e-06	1.1323e-16	3.2862e-04	3.7666e-01	6.2285e-01	1.6044e-04	3.1977e-03	7.7062e-01	2.2618e-01	1.1755e-36	1.1755e-36	1.1755e-36	4.9856e-25	0.00e+00	0.00e+00	1.3320e+00
7.32355e+18	6.0390e+03	2.606e-22	1.0000e+01	1.0795e+01	4.0824e-13	4.0375e-03	9.9596e-01	3.6098e-02	9.6390e-01	5.5905e-07	1.4646e-16	3.6807e-04	4.0612e-01	5.9338e-01	1.3938e-04	3.6001e-03	7.9375e-01	2.0265e-01	1.1755e-36	1.1755e-36	1.1755e-36	6.5272e-25	0.00e+00	0.00e+00	1.5129e+00
8.13946e+18	6.1001e+03	2.624e-22	1.0000e+01	1.0785e+01	4.8244e-13	4.4879e-03	9.9551e-01	4.2648e-02	9.5735e-01	2.6567e-07	2.0468e-16	4.2280e-04	4.4526e-01	5.5420e-01	1.1568e-04	4.1745e-03	8.2096e-01	1.7487e-01	1.1755e-36	1.1755e-36	1.1755e-36	9.3458e-25	0.00e+00	0.00e+00	1.7743e+00
8.98006e+18	6.1699e+03	2.656e-22	1.0000e+01	1.0770e+01	5.8304e-13	5.0653e-03	9.9493e-01	5.2093e-02	9.4791e-01	1.2954e-07	2.9668e-16	4.9132e-04	4.9287e-01	5.0654e-01	9.2443e-05	4.9170e-03	8.4931e-01	1.4578e-01	1.1755e-36	1.1755e-36	1.1755e-36	1.3962e-24	0.00e+00	0.00e+00	2.0170e+00
9.63926e+18	6.2388e+03	2.692e-22	1.0000e+01	1.0754e+01	6.8952e-13	5.6502e-03	9.9435e-01	6.3224e-02	9.3678e-01	7.6309e-08	4.1343e-16	5.5896e-04	5.3844e-01	4.6093e-01	7.4319e-05	5.6755e-03	8.7249e-01	1.2184e-01	1.1755e-36	1.1755e-36	1.1755e-36	2.0069e-24	0.00e+00	0.00e+00	2.2166e+00
1.01595e+19	6.3113e+03	2.722e-22	1.0000e+01	1.0740e+01	7.9306e-13	6.2174e-03	9.9378e-01	7.5955e-02	9.2405e-01	5.0863e-08	5.5331e-16	6.2295e-04	5.8030e-01	4.1902e-01	6.0250e-05	6.4179e-03	8.9112e-01	1.0247e-01	1.1755e-36	1.1755e-36	1.1755e-36	2.7721e-24	0.00e+00	0.00e+00	2.4054e+00
1.05790e+19	6.3542e+03	2.757e-22	1.0000e+01	1.0721e+01	9.1600e-13	6.7758e-03	9.9322e-01	9.0220e-02	9.0978e-01	3.6906e-08	7.1508e-16	6.8213e-04	6.1857e-01	3.8070e-01	4.9174e-05	7.1486e-03	9.0613e-01	8.6717e-02	1.1755e-36	1.1755e-36	1.1755e-36	3.6806e-24	0.00e+00	0.00e+00	2.5586e+00
1.09011e+19	6.3922e+03	2.785e-22	1.0000e+01	1.0704e+01	1.0311e-12	7.2762e-03	9.9272e-01	1.0511e-01	8.9489e-01	2.8848e-08	8.8400e-16	7.3345e-04	6.5092e-01	3.4830e-01	4.0938e-05	7.8060e-03	9.1761e-01	7.4584e-02	1.1755e-36	1.1755e-36	1.1755e-36	4.6596e-24	0.00e+00	0.00e+00	2.6901e+00
1.11741e+19	6.4189e+03	2.810e-22	1.0000e+01	1.0684e+01	1.1571e-12	7.7634e-03	9.9224e-01	1.2148e-01	8.7852e-01	2.3237e-08	1.0711e-15	7.8016e-04	6.8029e-01	3.1890e-01	3.4213e-05	8.4465e-03	9.2717e-01	6.4379e-02	1.1755e-36	1.1755e-36	1.1755e-36	5.7724e-24	0.00e+00	0.00e+00	2.8175e+00
1.14294e+19	6.4441e+03	2.835e-22	1.0000e+01	1.0664e+01	1.2988e-12	8.2791e-03	9.9172e-01	1.4152e-01	8.5848e-01	1.8914e-08	1.2951e-15	8.2758e-04	7.0932e-01	2.8983e-01	2.8243e-05	9.1248e-03	9.3588e-01	5.4992e-02	1.1755e-36	1.1755e-36	1.1755e-36	7.1373e-24	0.00e+00	0.00e+00	2.9484e+00
1.16684e+19	6.4767e+03	2.857e-22	1.0000e+01	1.0643e+01	1.4459e-12	8.8140e-03	9.9119e-01	1.6620e-01	8.3380e-01	1.5558e-08	1.5597e-15	8.7357e-04	7.3763e-01	2.6148e-01	2.3043e-05	9.8300e-03	9.4377e-01	4.6399e-02	1.1755e-36	1.1755e-36	1.1755e-36	8.7981e-24	0.00e+00	0.00e+00	3.0752e+00
1.18802e+19	6.4873e+03	2.879e-22	1.0000e+01	1.0607e+01	1.6264e-12	9.3555e-03	9.9064e-01	1.9463e-01	8.0537e-01	1.2890e-08	1.8550e-15	9.1655e-04	7.6365e-01	2.3541e-01	1.8735e-05	1.0541e-02	9.5046e-01	3.8995e-02	1.1755e-36	1.1755e-36	1.1755e-36	1.0653e-23	0.00e+00	0.00e+00	3.1909e+00
1.20640e+19	6.5105e+03	2.896e-22	1.0000e+01	1.0582e+01	1.7908e-12	9.8684e-03	9.9013e-01	2.2711e-01	7.7289e-01	1.0901e-08	2.1755e-15	9.5470e-04	7.8665e-01	2.1238e-01	1.5299e-05	1.1216e-02	9.5603e-01	3.2752e-02	1.1755e-36	1.1755e-36	1.1755e-36	1.2729e-23	0.00e+00	0.00e+00	3.2979e+00
1.22270e+19	6.5148e+03	2.908e-22	1.0000e+01	1.0536e+01	1.9844e-12	1.0371e-02	9.8963e-01	2.6299e-01	7.3701e-01	9.1514e-09	2.5160e-15	9.8823e-04	8.0697e-01	1.9203e-01	1.2515e-05	1.1876e-02	9.6066e-01	2.7467e-02	1.1755e-36	1.1755e-36	1.1755e-36	1.4901e-23	0.00e+00	0.00e+00	3.3990e+00
1.23775e+19	6.5311e+03	2.919e-22	1.0000e+01	1.0506e+01	2.1731e-12	1.0876e-02	9.8912e-01	3.0571e-01	6.9429e-01	7.7754e-09	2.9085e-15	1.0196e-03	8.2560e-01	1.7337e-01	1.0179e-05	1.2537e-02	9.6467e-01	2.2793e-02	1.1755e-36	1.1755e-36	1.1755e-36	1.7481e-23	0.00e+00	0.00e+00	3.4996e+00
1.25184e+19	6.5272e+03	2.928e-22	1.0000e+01	1.0455e+01	2.4127e-12	1.1398e-02	9.8860e-01	3.5519e-01	6.4481e-01	6.4961e-09	3.3488e-15	1.0481e-03	8.4255e-01	1.5640e-01	8.2183e-06	1.3218e-02	9.6809e-01	1.8693e-02	1.1755e-36	1.1755e-36	1.1755e-36	2.0293e-23	0.00e+00	0.00e+00	3.5970e+00
1.26488e+19	6.5375e+03	2.930e-22	1.0000e+01	1.0411e+01	2.6355e-12	1.1908e-02	9.8809e-01	4.1082e-01	5.8918e-01	5.3743e-09	3.8395e-15	1.0730e-03	8.5739e-01	1.4153e-01	6.6287e-06	1.3882e-02	9.7095e-01	1.5172e-02	1.1755e-36	1.1755e-36	1.1755e-36	2.3464e-23	0.00e+00	0.00e+00	3.6913e+00
1.27716e+19	6.5307e+03	2.933e-22	1.0000e+01	1.0358e+01	2.9198e-12	1.2443e-02	9.8756e-01	4.7322e-01	5.2678e-01	4.3608e-09	4.4048e-15	1.0951e-03	8.7048e-01	1.2842e-01	5.3151e-06	1.4572e-02	9.7327e-01	1.2159e-02	1.1755e-36	1.1755e-36	1.1755e-36	2.7050e-23	0.00e+00	0.00e+00	3.7857e+00
1.28909e+19	6.5273e+03	2.929e-22	1.0000e+01	1.0296e+01	3.2224e-12	1.2991e-02	9.8701e-01	5.4240e-01	4.5760e-01	3.4436e-09	5.0514e-15	1.1139e-03	8.8193e-01	1.1695e-01	4.2312e-06	1.5277e-02	9.7516e-01	9.5646e-03	1.1755e-36	1.1755e-36	1.1755e-36	3.1095e-23	0.00e+00	0.00e+00	3.8830e+00
1.30273e+19	6.5166e+03	2.917e-22	1.0000e+01	1.0207e+01	3.6420e-12	1.3665e-02	9.8634e-01	6.2827e-01	3.7173e-01	2.4878e-09	5.9339e-15	1.1315e-03	8.9321e-01	1.0566e-01	3.2051e-06	1.6139e-02	9.7680e-01	7.0603e-03	1.1755e-36	1.1755e-36	1.1755e-36	3.6549e-23	0.00e+00	0.00e+00	4.0160e+00
1.31775e+19	6.4993e+03	2.913e-22	1.0000e+01	1.0132e+01	4.2298e-12	1.4524e-02	9.8548e-01	7.2497e-01	2.7503e-01	1.6358e-09	7.1729e-15	1.1509e-03	9.0348e-01	9.5362e-02	2.3255e-06	1.7225e-02	9.7789e-01	4.8805e-03	1.1755e-36	1.1755e-36	1.1755e-36	4.4529e-23	0.00e+00	0.00e+00	4.1500e+00
1.33217e+19	6.4856e+03	2.906e-22	1.0000e+01	1.0048e+01	4.8896e-12	1.5431e-02	9.8457e-01	8.0890e-01	1.9110e-01	1.0136e-09	8.5730e-15	1.1653e-03	9.1106e-01	8.7776e-02	1.6888e-06	1.8364e-02	9.7832e-01	3.3172e-03	1.1755e-36	1.1755e-36	1.1755e-36	5.3934e-23	0.00e+00	0.00e+00	4.2888e+00
1.34855e+19	6.4753e+03	2.901e-22	1.0000e+01	9.9487e+00	5.7606e-12	1.6571e-02	9.8343e-01	8.8171e-01	1.1829e-01	5.4539e-10	1.0385e-14	1.1779e-03	9.1734e-01	8.1478e-02	1.1623e-06	1.9787e-02	9.7812e-01	2.0956e-03	1.1755e-36	1.1755e-36	1.1755e-36	6.7201e-23	0.00e+00	0.00e+00	4.4825e+00
1.36984e+19	6.4698e+03	2.925e-22	1.0000e+01	9.8907e+00	7.2299e-12	1.8393e-02	9.8161e-01	9.4065e-01	5.9347e-02	2.3397e-10	1.3410e-14	1.1991e-03	9.2354e-01	7.5256e-02	7.0304e-07	2.2044e-02	9.7682e-01	1.1323e-03	1.1755e-36	1.1755e-36	1.1755e-36	9.3460e-23	0.00e+00	0.00e+00	4.7619e+00
1.39751e+19	6.4764e+03	2.974e-22	1.0000e+01	9.8242e+00	9.8356e-12	2.1325e-02	9.7867e-01	9.7632e-01	2.3681e-02	7.6502e-11	1.8672e-14	1.2249e-03	9.2962e-01	6.9159e-02	3.6036e-07	2.5663e-02	9.7383e-01	5.0320e-04	1.1755e-36	1.1755e-36	1.1755e-36	1.4888e-22	0.00e+00	0.00e+00	5.1832e+00
1.42872e+19	6.5042e+03	3.049e-22	1.0000e+01	9.7605e+00	1.4328e-11	2.5804e-02	9.7420e-01	9.9135e-01	8.6492e-03	2.2703e-11	2.7964e-14	1.2535e-03	9.3562e-01	6.3127e-02	1.6654e-07	3.1181e-02	9.6862e-01	1.9987e-04	1.1755e-36	1.1755e-36	1.1755e-36	2.7052e-22	0.00e+00	0.00e+00	5.6907e+00
1.45741e+19	6.5353e+03	3.129e-22	1.0000e+01	9.6965e+00	2.1534e-11	3.1779e-02	9.6822e-01	9.9634e-01	3.6567e-03	8.0548e-12	4.3085e-14	1.2797e-03	9.4134e-01	5.7376e-02	1.1755e-36	3.8533e-02	9.6138e-01	8.5216e-05	1.1755e-36	1.1755e-36	1.1755e-36	5.1801e-22	0.00e+00	0.00e+00	6.2169e+00
1.48156e+19	6.5610e+03	3.200e-22	1.0000e+01	9.6310e+00	3.2478e-11	3.9133e-02	9.6087e-01	9.9813e-01	1.8660e-03	3.5621e-12	6.6300e-14	1.3010e-03	9.4670e-01	5.2000e-02	1.1755e-36	4.7566e-02	9.5239e-01	4.1118e-05	1.1755e-36	1.1755e-36	1.1755e-36	9.9300e-22	0.00e+00	0.00e+00	6.7626e+00
1.50203e+19	6.5784e+03	3.250e-22	1.0000e+01	9.5344e+00	4.9001e-11	4.8033e-02	9.5197e-01	9.9891e-01	1.0858e-03	1.8449e-12	1.0114e-13	1.3138e-03	9.5164e-01	4.7049e-02	1.1755e-36	5.8475e-02	9.4150e-01	2.1779e-05	1.1755e-36	1.1755e-36	1.1755e-36	1.8787e-21	0.00e+00	0.00e+00	7.3341e+00
1.51966e+19	6.5902e+03	3.280e-22	1.0000e+01	9.4219e+00	7.4415e-11	5.8990e-02	9.4101e-01	9.9931e-01	6.9224e-04	1.0672e-12	1.5460e-13	1.3210e-03	9.5633e-01	4.2350e-02	1.1755e-36	7.1856e-02	9.2813e-01	1.2273e-05	1.1755e-36	1.1755e-36	1.1755e-36	3.5689e-21	0.00e+00	0.00e+00	7.9461e+00
1.53506e+19	6.5940e+03	3.289e-22	1.0000e+01	9.2844e+00	1.1460e-10	7.2667e-02	9.2733e-01	9.9953e-01	4.7249e-04	6.7179e-13	2.3802e-13	1.3219e-03	9.6081e-01	3.7865e-02	1.1755e-36	8.8476e-02	9.1152e-01	7.2154e-06	1.1755e-36	1.1755e-36	1.1755e-36	6.8622e-21	0.00e+00	0.00e+00	8.6050e+00
1.54689e+19	6.5912e+03	3.273e-22	1.0000e+01	9.1335e+00	1.7037e-10	8.7730e-02	9.1227e-01	9.9964e-01	3.5767e-04	4.8168e-13	3.5165e-13	1.3163e-03	9.6451e-01	3.4169e-02	1.1755e-36	1.0667e-01	8.9333e-01	4.6871e-06	1.1755e-36	1.1755e-36	1.1755e-36	1.2418e-20	0.00e+00	0.00e+00	9.1197e+00
1.55489e+19	6.5816e+03	3.246e-22	1.0000e+01	9.0028e+00	2.3292e-10	1.0142e-01	8.9858e-01	9.9970e-01	2.9682e-04	3.8588e-13	4.7574e-13	1.3087e-03	9.6726e-01	3.1434e-02	1.1755e-36	1.2309e-01	8.7690e-01	3.4179e-06	1.1755e-36	1.1755e-36	1.1755e-36	1.9680e-20	0.00e+00	0.00e+00	9.5502e+00
1.56148e+19	6.5673e+03	3.204e-22	1.0000e+01	8.8589e+00	3.0877e-10	1.1525e-01	8.8475e-01	9.9975e-01	2.5314e-04	3.2016e-13	6.2095e-13	1.2970e-03	9.6961e-01	2.9088e-02	1.1755e-36	1.3958e-01	8.6041e-01	2.5874e-06	1.1755e-36	1.1755e-36	1.1755e-36	2.9537e-20	0.00e+00	0.00e+00	1.0020e+01
1.56891e+19	6.5389e+03	3.135e-22	1.0000e+01	8.6655e+00	4.3915e-10	1.3453e-01	8.6547e-01	9.9979e-01	2.1051e-04	2.5812e-13	8.5910e-13	1.2793e-03	9.7242e-01	2.6296e-02	1.1755e-36	1.6240e-01	8.3760e-01	1.8462e-06	1.1755e-36	1.1755e-36	1.1755e-36	4.8510e-20	0.00e+00	0.00e+00	1.0734e+01
1.57688e+19	6.4930e+03	3.024e-22	1.0000e+01	8.3916e+00	6.7774e-10	1.6180e-01	8.3820e-01	9.9983e-01	1.7466e-04	2.0914e-13	1.2680e-12	1.2505e-03	9.7547e-01	2.3285e-02	1.1755e-36	1.9432e-01	8.0568e-01	1.2583e-06	1.1755e-36	1.1755e-36	1.1755e-36	8.8251e-20	0.00e+00	0.00e+00	1.1503e+01
1.58399e+19	6.4253e+03	2.876e-22	1.0000e+01	8.0613e+00	1.0735e-09	1.9481e-01	8.0519e-01	9.9985e-01	1.4844e-04	1.7541e-13	1.8830e-12	1.2124e-03	9.7834e-01	2.0445e-02	1.1755e-36	2.3241e-01	7.6758e-01	8.6190e-07	1.1755e-36	1.1755e-36	1.1755e-36	1.6278e-19	0.00e+00	0.00e+00	1.2325e+01
1.59015e+19	6.3343e+03	2.697e-22	1.0000e+01	7.6817e+00	1.7177e-09	2.3275e-01	7.6725e-01	9.9987e-01	1.2960e-04	1.5286e-13	2.7647e-12	1.1657e-03	9.8093e-01	1.7909e-02	1.1755e-36	2.7547e-01	7.2453e-01	6.0055e-07	1.1755e-36	1.1755e-36	1.1755e-36	2.9675e-19	0.00e+00	0.00e+00	1.3154e+01
1.59525e+19	6.2231e+03	2.502e-22	1.0000e+01	7.2808e+00	2.7127e-09	2.7319e-01	7.2681e-01	9.9988e-01	1.1638e-04	1.3833e-13	3.9337e-12	1.1144e-03	9.8312e-01	1.5763e-02	1.1755e-36	3.2056e-01	6.7944e-01	4.3224e-07	1.1755e-36	1.1755e-36	1.1755e-36	5.1920e-19	0.00e+00	0.00e+00	1.3941e+01
1.59919e+19	6.1049e+03	2.317e-22	1.0000e+01	6.8945e+00	4.0712e-09	3.1141e-01	6.8859e-01	9.9989e-01	1.0790e-04	1.3021e-13	5.2783e-12	1.0633e-03	9.8482e-01	1.4115e-02	1.1755e-36	3.6241e-01	6.3759e-01	3.2861e-07	1.1755e-36	1.1755e-36	1.1755e-36	8.3469e-19	0.00e+00	0.00e+00	1.4593e+01
1.60203e+19	5.9957e+03	2.164e-22	1.0000e+01	6.5780e+00	5.6595e-09	3.4352e-01	6.5648e-01	9.9990e-01	1.0245e-04	1.2557e-13	6.6249e-12	1.0209e-03	9.8606e-01	1.2920e-02	1.1755e-36	3.9701e-01	6.0299e-01	2.6609e-07	1.1755e-36	1.1755e-36	1.1755e-36	1.2147e-18	0.00e+00	0.00e+00	1.5106e+01
1.60419e+19	5.8948e+03	2.036e-22	1.0000e+01	6.3049e+00	7.4397e-09	3.7036e-01	6.2964e-01	9.9990e-01	9.8733e-05	1.2294e-13	7.9169e-12	9.8377e-04	9.8700e-01	1.2018e-02	1.1755e-36	4.2555e-01	5.7445e-01	2.2492e-07	1.1755e-36	1.1755e-36	1.1755e-36	1.6405e-18	0.00e+00	0.00e+00	1.5566e+01
1.60608e+19	5.7920e+03	1.917e-22	1.0000e+01	6.0506e+00	9.6320e-09	3.9573e-01	6.0427e-01	9.9990e-01	9.5592e-05	1.2090e-13	9.3130e-12	9.4901e-04	9.8782e-01	1.1230e-02	1.1755e-36	4.5220e-01	5.4780e-01	1.9303e-07	1.1755e-36	1.1755e-36	1.1755e-36	2.1724e-18	0.00e+00	0.00e+00	1.6020e+01
1.60786e+19	5.6814e+03	1.801e-22	1.0000e+01	5.7956e+00	1.2499e-08	4.2113e-01	5.7887e-01	9.9991e-01	9.2837e-05	1.1943e-13	1.0913e-11	9.1393e-04	9.8859e-01	1.0500e-02	1.1755e-36	4.7861e-01	5.2139e-01	1.6647e-07	1.1755e-36	1.1755e-36	1.1755e-36	2.8795e-18	0.00e+00	0.00e+00	1.6480e+01
1.60910e+19	5.6004e+03	1.720e-22	1.0000e+01	5.6123e+00	1.5061e-08	4.3947e-01	5.6053e-01	9.9991e-01	9.1444e-05	1.1934e-13	1.2215e-11	8.8851e-04	9.8907e-01	1.0040e-02	1.1755e-36	4.9747e-01	5.0253e-01	1.5044e-07	1.1755e-36	1.1755e-36	1.1755e-36	3.5364e-18	0.00e+00	0.00e+00	1.6689e+01
1.60970e+19	5.5564e+03	1.680e-22	1.0000e+01	5.5218e+00	1.6585e-08	4.4870e-01	5.5130e-01	9.9991e-01	9.0707e-05	1.1920e-13	1.2932e-11	8.7600e-04	9.8931e-01	9.8098e-03	1.1755e-36	5.0691e-01	4.9309e-01	1.4302e-07	1.1755e-36	1.1755e-36	1.1755e-36	3.9318e-18	0.00e+00	0.00e+00	1.6814e+01
1.61016e+19	5.5195e+03	1.647e-22	1.0000e+01	5.4476e+00	1.7939e-08	4.5608e-01	5.4392e-01	9.9991e-01	9.0058e-05	1.1899e-13	1.3535e-11	8.6573e-04	9.8951e-01	9.6201e-03	1.1755e-36	5.1443e-01	4.8557e-01	1.3727e-07	1.1755e-36	1.1755e-36	1.1755e-36	4.2835e-18	0.00e+00	0.00e+00	1.6953e+01
1.61071e+19	5.4636e+03	1.609e-22	1.0000e+01	5.3637e+00	2.0028e-08	4.6580e-01	5.3420e-01	9.9991e-01	8.9106e-05	1.1825e-13	1.4417e-11	8.5451e-04	9.8978e-01	9.3678e-03	1.1755e-36	5.2431e-01	4.7569e-01	1.3027e-07	1.1755e-36	1.1755e-36	1.1755e-36	4.8324e-18	0.00e+00	0.00e+00	1.7138e+01
1.61133e+19	5.4178e+03	1.564e-22	1.0000e+01	5.2592e+00	2.2122e-08	4.7544e-01	5.2456e-01	9.9991e-01	8.8465e-05	1.1850e-13	1.5286e-11	8.3967e-04	9.9002e-01	9.1373e-03	1.1755e-36	5.3406e-01	4.6594e-01	1.2345e-07	1.1755e-36	1.1755e-36	1.1755e-36	5.4066e-18	0.00e+00	0.00e+00	1.7318e+01
1.61195e+19	5.3654e+03	1.519e-22	1.0000e+01	5.1530e+00	2.4651e-08	4.8557e-01	5.1443e-01	9.9991e-01	8.7734e-05	1.1859e-13	1.6278e-11	8.2483e-04	9.9028e-01	8.8981e-03	1.1755e-36	5.4424e-01	4.5576e-01	1.1678e-07	1.1755e-36	1.1755e-36	1.1755e-36	6.1117e-18	0.00e+00	0.00e+00	1.7513e+01
1.61257e+19	5.3087e+03	1.474e-22	1.0000e+01	5.0454e+00	2.7633e-08	4.9606e-01	5.0394e-01	9.9991e-01	8.7056e-05	1.1876e-13	1.7398e-11	8.0976e-04	9.9053e-01	8.6567e-03	1.1755e-36	5.5477e-01	4.4523e-01	1.1031e-07	1.1755e-36	1.1755e-36	1.1755e-36	6.9709e-18	0.00e+00	0.00e+00	1.7707e+01
1.61317e+19	5.2516e+03	1.431e-22	1.0000e+01	4.9431e+00	3.0929e-08	5.0628e-01	4.9372e-01	9.9991e-01	8.6413e-05	1.1891e-13	1.8591e-11	7.9547e-04	9.9078e-01	8.4279e-03	1.1755e-36	5.6497e-01	4.3503e-01	1.0443e-07	1.1755e-36	1.1755e-36	1.1755e-36	7.9598e-18	0.00e+00	0.00e+00	1.7890e+01
1.61373e+19	5.1911e+03	1.391e-22	1.0000e+01	4.8465e+00	3.4665e-08	5.1615e-01	4.8385e-01	9.9991e-01	8.5784e-05	1.1897e-13	1.9869e-11	7.8213e-04	9.9101e-01	8.2111e-03	1.1755e-36	5.7478e-01	4.2522e-01	9.9140e-08	1.1755e-36	1.1755e-36	1.1755e-36	9.1107e-18	0.00e+00	0.00e+00	1.8065e+01
1.61424e+19	5.1346e+03	1.354e-22	1.0000e+01	4.7572e+00	3.8567e-08	5.2551e-01	4.7449e-01	9.9991e-01	8.5211e-05	1.1904e-13	2.1188e-11	7.6974e-04	9.9122e-01	8.0096e-03	1.1755e-36	5.8404e-01	4.1596e-01	9.4378e-08	1.1755e-36	1.1755e-36	1.1755e-36	1.0390e-17	0.00e+00	0.00e+00	1.8231e+01
1.61474e+19	5.0803e+03	1.318e-22	1.0000e+01	4.6677e+00	4.2692e-08	5.3439e-01	4.6561e-01	9.9992e-01	8.4725e-05	1.1931e-13	2.2535e-11	7.5725e-04	9.9142e-01	7.8226e-03	1.1755e-36	5.9279e-01	4.0721e-01	9.0038e-08	1.1755e-36	1.1755e-36	1.1755e-36	1.1799e-17	0.00e+00	0.00e+00	1.8398e+01
1.61524e+19	5.0237e+03	1.281e-22	1.0000e+01	4.5774e+00	4.7408e-08	5.4355e-01	4.5645e-01	9.9992e-01	8.4224e-05	1.1956e-13	2.4053e-11	7.4464e-04	9.9162e-01	7.6325e-03	1.1755e-36	6.0178e-01	3.9822e-01	8.5781e-08	1.1755e-36	1.1755e-36	1.1755e-36	1.3506e-17	0.00e+00	0.00e+00	1.8573e+01
1.61576e+19	4.9671e+03	1.243e-22	1.0000e+01	4.4794e+00	5.2531e-08	5.5255e-01	4.4745e-01	9.9992e-01	8.3837e-05	1.2021e-13	2.5504e-11	7.3080e-04	9.9182e-01	7.4479e-03	1.1755e-36	6.1059e-01	3.8941e-01	8.1741e-08	1.1755e-36	1.1755e-36	1.1755e-36	1.5253e-17	0.00e+00	0.00e+00	1.8752e+01
1.61628e+19	4.8976e+03	1.206e-22	1.0000e+01	4.3842e+00	5.9182e-08	5.6246e-01	4.3754e-01	9.9992e-01	8.3264e-05	1.2034e-13	2.7162e-11	7.1776e-04	9.9204e-01	7.2409e-03	1.1755e-36	6.2025e-01	3.7975e-01	7.7648e-08	1.1755e-36	1.1755e-36	1.1755e-36	1.7391e-17	0.00e+00	0.00e+00	1.8939e+01
1.61677e+19	4.8329e+03	1.170e-22	1.0000e+01	4.2909e+00	6.6051e-08	5.7170e-01	4.2830e-01	9.9992e-01	8.2841e-05	1.2079e-13	2.8781e-11	7.0482e-04	9.9224e-01	7.0545e-03	1.1755e-36	6.2921e-01	3.7079e-01	7.3996e-08	1.1755e-36	1.1755e-36	1.1755e-36	1.9641e-17	0.00e+00	0.00e+00	1.9108e+01
1.61723e+19	4.7702e+03	1.138e-22	1.0000e+01	4.2040e+00	7.3277e-08	5.8038e-01	4.1962e-01	9.9992e-01	8.2439e-05	1.2118e-13	3.0397e-11	6.9281e-04	9.9243e-01	6.8807e-03	1.1755e-36	6.3761e-01	3.6239e-01	7.0720e-08	1.1755e-36	1.1755e-36	1.1755e-36	2.2047e-17	0.00e+00	0.00e+00	1.9273e+01
1.61769e+19	4.7060e+03	1.105e-22	1.0000e+01	4.1176e+00	8.1283e-08	5.8905e-01	4.1095e-01	9.9992e-01	8.2043e-05	1.2158e-13	3.2099e-11	6.8090e-04	9.9261e-01	6.7089e-03	1.1755e-36	6.4596e-01	3.5404e-01	6.7588e-08	1.1755e-36	1.1755e-36	1.1755e-36	2.4758e-17	0.00e+00	0.00e+00	1.9443e+01
1.61815e+19	4.6389e+03	1.073e-22	1.0000e+01	4.0294e+00	9.0329e-08	5.9791e-01	4.0209e-01	9.9992e-01	8.1650e-05	1.2202e-13	3.3927e-11	6.6878e-04	9.9280e-01	6.5358e-03	1.1755e-36	6.5447e-01	3.4553e-01	6.4528e-08	1.1755e-36	1.1755e-36	1.1755e-36	2.7871e-17	0.00e+00	0.00e+00	1.9618e+01
1.61861e+19	4.5657e+03	1.040e-22	1.0000e+01	3.9391e+00	1.0080e-07	6.0694e-01	3.9306e-01	9.9992e-01	8.1242e-05	1.2243e-13	3.5887e-11	6.5650e-04	9.9298e-01	6.3619e-03	1.1755e-36	6.6312e-01	3.3688e-01	6.1572e-08	1.1755e-36	1.1755e-36	1.1755e-36	3.1459e-17	0.00e+00	0.00e+00	1.9796e+01
1.61906e+19	4.4949e+03	1.009e-22	1.0000e+01	3.8511e+00	1.1177e-07	6.1576e-01	3.8424e-01	9.9992e-01	8.0879e-05	1.2292e-13	3.7862e-11	6.4450e-04	9.9316e-01	6.1951e-03	1.1755e-36	6.7152e-01	3.2848e-01	5.8796e-08	1.1755e-36	1.1755e-36	1.1755e-36	3.5313e-17	0.00e+00	0.00e+00	1.9969e+01
1.61951e+19	4.4218e+03	9.774e-23	1.0000e+01	3.7634e+00	1.2377e-07	6.2459e-01	3.7541e-01	9.9992e-01	8.0512e-05	1.2341e-13	3.9902e-11	6.3262e-04	9.9334e-01	6.0296e-03	1.1755e-36	6.7991e-01	3.2009e-01	5.6133e-08	1.1755e-36	1.1755e-36	1.1755e-36	3.9552e-17	0.00e+00	0.00e+00	2.0148e+01
1.61998e+19	4.3441e+03	9.458e-23	1.0000e+01	3.6731e+00	1.3716e-07	6.3371e-01	3.6629e-01	9.9992e-01	8.0132e-05	1.2391e-13	4.2047e-11	6.2047e-04	9.9352e-01	5.8609e-03	1.1755e-36	6.8854e-01	3.1146e-01	5.3504e-08	1.1755e-36	1.1755e-36	1.1755e-36	4.4288e-17	0.00e+00	0.00e+00	2.0336e+01
1.62045e+19	4.2672e+03	9.131e-23	1.0000e+01	3.5775e+00	1.5092e-07	6.4272e-01	3.5728e-01	9.9992e-01	7.9868e-05	1.2482e-13	4.4114e-11	6.0739e-04	9.9369e-01	5.6977e-03	1.1755e-36	6.9704e-01	3.0296e-01	5.0974e-08	1.1755e-36	1.1755e-36	1.1755e-36	4.9120e-17	0.00e+00	0.00e+00	2.0531e+01
1.62095e+19	4.1753e+03	8.795e-23	1.0000e+01	3.4791e+00	1.6774e-07	6.5289e-01	3.4711e-01	9.9992e-01	7.9421e-05	1.2528e-13	4.6483e-11	5.9443e-04	9.9389e-01	5.5137e-03	1.1755e-36	7.0660e-01	2.9340e-01	4.8299e-08	1.1755e-36	1.1755e-36	1.1755e-36	5.4947e-17	0.00e+00	0.00e+00	2.0748e+01
1.62148e+19	4.0820e+03	8.447e-23	1.0000e+01	3.3751e+00	1.8489e-07	6.6315e-01	3.3685e-01	9.9992e-01	7.9076e-05	1.2612e-13	4.8717e-11	5.8062e-04	9.9409e-01	5.3327e-03	1.1755e-36	7.1620e-01	2.8380e-01	4.5699e-08	1.1755e-36	1.1755e-36	1.1755e-36	6.0696e-17	0.00e+00	0.00e+00	2.0968e+01
1.62203e+19	3.9750e+03	8.093e-23	1.0000e+01	3.2665e+00	2.0387e-07	6.7413e-01	3.2587e-01	9.9992e-01	7.8628e-05	1.2674e-13	5.0903e-11	5.6662e-04	9.9429e-01	5.1409e-03	1.1755e-36	7.2643e-01	2.7357e-01	4.3081e-08	1.1755e-36	1.1755e-36	1.1755e-36	6.6512e-17	0.00e+00	0.00e+00	2.1208e+01
