#depth	Te	Htot	hden	eden	2H_2/H	HI	HII	HeI	HeII	HeIII	CO/C	C1	C2	C3	C4	O1	O2	O3	O4	O5	O6	H2O/O	AV(point)	AV(extend)	Tau912
5.30181e+14	6.1153e+03	3.065e-22	1.0000e+01	1.0676e+01	1.6135e-11	1.2616e-02	9.8738e-01	8.6129e-02	9.1372e-01	1.4899e-04	8.2214e-15	2.1264e-03	6.3436e-01	3.6350e-01	1.7279e-05	1.4389e-02	9.3881e-01	4.6798e-02	1.0006e-06	1.1755e-36	1.1755e-36	4.8532e-23	0.00e+00	0.00e+00	8.4477e-04
3.18108e+15	6.1065e+03	3.060e-22	1.0000e+01	1.0667e+01	1.6240e-11	1.2607e-02	9.8739e-01	8.6157e-02	9.1369e-01	1.4879e-04	8.2024e-15	2.1199e-03	6.3447e-01	3.6340e-01	1.7303e-05	1.4380e-02	9.3881e-01	4.6806e-02	9.9777e-07	1.1755e-36	1.1755e-36	4.8289e-23	0.00e+00	0.00e+00	4.2214e-03
1.37847e+16	6.0935e+03	3.049e-22	1.0000e+01	1.0664e+01	1.6443e-11	1.2610e-02	9.8739e-01	8.6437e-02	9.1342e-01	1.4746e-04	8.2159e-15	2.1173e-03	6.3534e-01	3.6253e-01	1.7190e-05	1.4391e-02	9.3899e-01	4.6620e-02	9.7880e-07	1.1755e-36	1.1755e-36	4.8213e-23	0.00e+00	0.00e+00	1.7732e-02
5.61992e+16	6.0420e+03	3.025e-22	1.0000e+01	1.0662e+01	1.7561e-11	1.2724e-02	9.8728e-01	8.7997e-02	9.1186e-01	1.4097e-04	8.4340e-15	2.1354e-03	6.3990e-01	3.5795e-01	1.6609e-05	1.4551e-02	9.3983e-01	4.5614e-02	8.9604e-07	1.1755e-36	1.1755e-36	4.9199e-23	0.00e+00	0.00e+00	7.2258e-02
1.34242e+17	5.8743e+03	2.940e-22	1.0000e+01	1.0661e+01	2.0175e-11	1.2633e-02	9.8737e-01	8.9663e-02	9.1020e-01	1.3391e-04	8.3482e-15	2.1352e-03	6.4529e-01	3.5256e-01	1.5941e-05	1.4494e-02	9.4079e-01	4.4712e-02	8.0752e-07	1.1755e-36	1.1755e-36	4.6800e-23	0.00e+00	0.00e+00	1.4264e-01
2.24714e+17	5.7088e+03	2.867e-22	1.0000e+01	1.0659e+01	2.3620e-11	1.2638e-02	9.8736e-01	9.1971e-02	9.0790e-01	1.2447e-04	8.4063e-15	2.1523e-03	6.5225e-01	3.4558e-01	1.5095e-05	1.4554e-02	9.4201e-01	4.3434e-02	7.0857e-07	1.1755e-36	1.1755e-36	4.5489e-23	0.00e+00	0.00e+00	2.1664e-01
3.19043e+17	5.5699e+03	2.815e-22	1.0000e+01	1.0655e+01	2.7673e-11	1.2770e-02	9.8723e-01	9.4957e-02	9.0493e-01	1.1369e-04	8.6637e-15	2.1868e-03	6.6058e-01	3.3722e-01	1.4136e-05	1.4764e-02	9.4343e-01	4.1806e-02	6.0743e-07	1.1755e-36	1.1755e-36	4.5764e-23	0.00e+00	0.00e+00	2.9400e-01
4.24736e+17	5.4520e+03	2.778e-22	1.0000e+01	1.0648e+01	3.2759e-11	1.3069e-02	9.8693e-01	9.9148e-02	9.0075e-01	1.0119e-04	9.2108e-15	2.2454e-03	6.7132e-01	3.2642e-01	1.2991e-05	1.5178e-02	9.4517e-01	3.9647e-02	4.9889e-07	1.1755e-36	1.1755e-36	4.8048e-23	0.00e+00	0.00e+00	3.8928e-01
5.57504e+17	5.3336e+03	2.750e-22	1.0000e+01	1.0638e+01	4.0276e-11	1.3589e-02	9.8641e-01	1.0544e-01	8.9448e-01	8.6409e-05	1.0188e-14	2.3374e-03	6.8608e-01	3.1157e-01	1.1560e-05	1.5869e-02	9.4740e-01	3.6733e-02	3.8151e-07	1.1755e-36	1.1755e-36	5.2991e-23	0.00e+00	0.00e+00	5.1808e-01
7.30102e+17	5.2086e+03	2.728e-22	1.0000e+01	1.0622e+01	5.2445e-11	1.4444e-02	9.8556e-01	1.1522e-01	8.8471e-01	6.9674e-05	1.1901e-14	2.4783e-03	7.0655e-01	2.9096e-01	9.8034e-06	1.6986e-02	9.5014e-01	3.2871e-02	2.6334e-07	1.1755e-36	1.1755e-36	6.2497e-23	0.00e+00	0.00e+00	6.9604e-01
9.49640e+17	5.0857e+03	2.719e-22	1.0000e+01	1.0596e+01	7.3010e-11	1.5824e-02	9.8418e-01	1.3070e-01	8.6925e-01	5.2405e-05	1.4990e-14	2.6887e-03	7.3418e-01	2.6312e-01	7.7797e-06	1.8768e-02	9.5323e-01	2.8005e-02	1.5921e-07	1.1755e-36	1.1755e-36	8.1167e-23	0.00e+00	0.00e+00	9.3982e-01
1.19273e+18	4.9885e+03	2.722e-22	1.0000e+01	1.0556e+01	1.0422e-10	1.7753e-02	9.8225e-01	1.5269e-01	8.4727e-01	3.7857e-05	1.9994e-14	2.9552e-03	7.6604e-01	2.3100e-01	5.8500e-06	2.1239e-02	9.5587e-01	2.2888e-02	1.1755e-36	1.1755e-36	1.1755e-36	1.1415e-22	0.00e+00	0.00e+00	1.2114e+00
1.41740e+18	4.9453e+03	2.742e-22	1.0000e+01	1.0515e+01	1.4367e-10	2.0150e-02	9.7985e-01	1.8067e-01	8.1930e-01	2.7808e-05	2.7465e-14	3.2487e-03	7.9744e-01	1.9931e-01	4.2942e-06	2.4283e-02	9.5740e-01	1.8317e-02	1.1755e-36	1.1755e-36	1.1755e-36	1.6870e-22	0.00e+00	0.00e+00	1.4749e+00
1.60966e+18	4.9476e+03	2.767e-22	1.0000e+01	1.0455e+01	1.8814e-10	2.2859e-02	9.7714e-01	2.1300e-01	7.8698e-01	2.1042e-05	3.7727e-14	3.5335e-03	8.2538e-01	1.7108e-01	3.1448e-06	2.7705e-02	9.5772e-01	1.4580e-02	1.1755e-36	1.1755e-36	1.1755e-36	2.5143e-22	0.00e+00	0.00e+00	1.7310e+00
1.78056e+18	4.9747e+03	2.798e-22	1.0000e+01	1.0397e+01	2.4173e-10	2.6037e-02	9.7396e-01	2.5175e-01	7.4823e-01	1.6199e-05	5.2611e-14	3.8187e-03	8.5091e-01	1.4527e-01	2.2630e-06	3.1699e-02	9.5686e-01	1.1443e-02	1.1755e-36	1.1755e-36	1.1755e-36	3.8378e-22	0.00e+00	0.00e+00	2.0013e+00
1.93920e+18	5.0249e+03	2.826e-22	1.0000e+01	1.0316e+01	3.0578e-10	2.9803e-02	9.7020e-01	2.9858e-01	7.0141e-01	1.2437e-05	7.4543e-14	4.0973e-03	8.7432e-01	1.2158e-01	1.5864e-06	3.6417e-02	9.5479e-01	8.7938e-03	1.1755e-36	1.1755e-36	1.1755e-36	5.9706e-22	0.00e+00	0.00e+00	2.2890e+00
2.08548e+18	5.0894e+03	2.852e-22	1.0000e+01	1.0218e+01	3.8490e-10	3.4291e-02	9.6571e-01	3.5467e-01	6.4532e-01	9.5107e-06	1.0760e-13	4.3608e-03	8.9531e-01	1.0033e-01	1.0816e-06	4.2016e-02	9.5137e-01	6.6130e-03	1.1755e-36	1.1755e-36	1.1755e-36	9.4655e-22	0.00e+00	0.00e+00	2.5915e+00
2.21775e+18	5.1696e+03	2.874e-22	1.0000e+01	1.0110e+01	4.7858e-10	3.9539e-02	9.6046e-01	4.1905e-01	5.8094e-01	7.2529e-06	1.5739e-13	4.6001e-03	9.1333e-01	8.2065e-02	7.2274e-07	4.8535e-02	9.4658e-01	4.8897e-03	1.1755e-36	1.1755e-36	1.1755e-36	1.5172e-21	0.00e+00	0.00e+00	2.9032e+00
2.33599e+18	5.2436e+03	2.896e-22	1.0000e+01	9.9955e+00	6.0322e-10	4.5706e-02	9.5429e-01	4.8979e-01	5.1020e-01	5.4991e-06	2.3363e-13	4.8115e-03	9.2838e-01	6.6808e-02	4.7551e-07	5.6164e-02	9.4027e-01	3.5705e-03	1.1755e-36	1.1755e-36	1.1755e-36	2.4606e-21	0.00e+00	0.00e+00	3.2254e+00
2.44233e+18	5.3310e+03	2.904e-22	1.0000e+01	9.8555e+00	7.4760e-10	5.2739e-02	9.4726e-01	5.6254e-01	4.3745e-01	4.1106e-06	3.4691e-13	4.9789e-03	9.4041e-01	5.4607e-02	3.1205e-07	6.4825e-02	9.3259e-01	2.5854e-03	1.1755e-36	1.1755e-36	1.1755e-36	3.9661e-21	0.00e+00	0.00e+00	3.5619e+00
2.54100e+18	5.4065e+03	2.915e-22	1.0000e+01	9.7153e+00	9.5591e-10	6.1330e-02	9.3867e-01	6.3662e-01	3.6337e-01	3.0195e-06	5.2849e-13	5.1245e-03	9.5032e-01	4.4555e-02	2.0097e-07	7.5359e-02	9.2280e-01	1.8380e-03	1.1755e-36	1.1755e-36	1.1755e-36	6.5962e-21	0.00e+00	0.00e+00	3.9349e+00
2.63501e+18	5.4916e+03	2.912e-22	1.0000e+01	9.5404e+00	1.2319e-09	7.1860e-02	9.2814e-01	7.0809e-01	2.9190e-01	2.1499e-06	8.1977e-13	5.2293e-03	9.5829e-01	3.6479e-02	1.2758e-07	8.8198e-02	9.1052e-01	1.2778e-03	1.1755e-36	1.1755e-36	1.1755e-36	1.1248e-20	0.00e+00	0.00e+00	4.3509e+00
2.72506e+18	5.5815e+03	2.901e-22	1.0000e+01	9.3507e+00	1.6240e-09	8.5209e-02	9.1479e-01	7.7322e-01	2.2678e-01	1.4983e-06	1.3044e-12	5.3033e-03	9.6469e-01	3.0006e-02	1.1755e-36	1.0437e-01	8.9477e-01	8.6560e-04	1.1755e-36	1.1755e-36	1.1755e-36	2.0073e-20	0.00e+00	0.00e+00	4.8267e+00
2.81144e+18	5.6560e+03	2.885e-22	1.0000e+01	9.1413e+00	2.2609e-09	1.0271e-01	8.9729e-01	8.2888e-01	1.7112e-01	1.0247e-06	2.1441e-12	5.3463e-03	9.6984e-01	2.4812e-02	1.1755e-36	1.2541e-01	8.7402e-01	5.7040e-04	1.1755e-36	1.1755e-36	1.1755e-36	3.8363e-20	0.00e+00	0.00e+00	5.3737e+00
2.89251e+18	5.7271e+03	2.843e-22	1.0000e+01	8.8827e+00	3.2400e-09	1.2508e-01	8.7492e-01	8.7247e-01	1.2753e-01	6.9989e-07	3.5586e-12	5.3354e-03	9.7388e-01	2.0784e-02	1.1755e-36	1.5202e-01	8.4761e-01	3.6949e-04	1.1755e-36	1.1755e-36	1.1755e-36	7.6648e-20	0.00e+00	0.00e+00	5.9882e+00
2.96681e+18	5.7769e+03	2.767e-22	1.0000e+01	8.5609e+00	4.8184e-09	1.5311e-01	8.4689e-01	9.0460e-01	9.5397e-02	4.8690e-07	5.9020e-12	5.2616e-03	9.7709e-01	1.7645e-02	1.1755e-36	1.8498e-01	8.1478e-01	2.3786e-04	1.1755e-36	1.1755e-36	1.1755e-36	1.5849e-19	0.00e+00	0.00e+00	6.6726e+00
3.02590e+18	5.8024e+03	2.671e-22	1.0000e+01	8.2358e+00	7.0588e-09	1.8374e-01	8.1626e-01	9.2493e-01	7.5070e-02	3.6487e-07	9.2631e-12	5.1496e-03	9.7942e-01	1.5427e-02	1.1755e-36	2.2049e-01	7.7935e-01	1.6176e-04	1.1755e-36	1.1755e-36	1.1755e-36	3.1319e-19	0.00e+00	0.00e+00	7.2223e+00
3.07280e+18	5.7928e+03	2.561e-22	1.0000e+01	7.9156e+00	1.0172e-08	2.1500e-01	7.8500e-01	9.3852e-01	6.1481e-02	2.8859e-07	1.3741e-11	5.0172e-03	9.8126e-01	1.3721e-02	1.1755e-36	2.5621e-01	7.4368e-01	1.1517e-04	1.1755e-36	1.1755e-36	1.1755e-36	5.8200e-19	0.00e+00	0.00e+00	7.8524e+00
3.10359e+18	5.7744e+03	2.466e-22	1.0000e+01	7.6549e+00	1.3348e-08	2.4008e-01	7.5992e-01	9.4530e-01	5.4701e-02	2.5353e-07	1.8143e-11	4.8947e-03	9.8236e-01	1.2746e-02	1.1755e-36	2.8448e-01	7.1543e-01	9.1772e-05	1.1755e-36	1.1755e-36	1.1755e-36	9.1766e-19	0.00e+00	0.00e+00	8.0823e+00
3.11436e+18	5.7647e+03	2.427e-22	1.0000e+01	7.5527e+00	1.4756e-08	2.4964e-01	7.5036e-01	9.4747e-01	5.2530e-02	2.4263e-07	2.0049e-11	4.8441e-03	9.8274e-01	1.2411e-02	1.1755e-36	2.9518e-01	7.0474e-01	8.4514e-05	1.1755e-36	1.1755e-36	1.1755e-36	1.0838e-18	0.00e+00	0.00e+00	8.1828e+00
3.12089e+18	5.7583e+03	2.402e-22	1.0000e+01	7.4875e+00	1.5691e-08	2.5559e-01	7.4441e-01	9.4890e-01	5.1103e-02	2.3544e-07	2.1314e-11	4.8112e-03	9.8299e-01	1.2196e-02	1.1755e-36	3.0181e-01	6.9811e-01	8.0155e-05	1.1755e-36	1.1755e-36	1.1755e-36	1.1999e-18	0.00e+00	0.00e+00	8.2905e+00
3.12857e+18	5.7424e+03	2.374e-22	1.0000e+01	7.4194e+00	1.7090e-08	2.6332e-01	7.3668e-01	9.5066e-01	4.9335e-02	2.2611e-07	2.3105e-11	4.7791e-03	9.8331e-01	1.1911e-02	1.1755e-36	3.1040e-01	6.8952e-01	7.5052e-05	1.1755e-36	1.1755e-36	1.1755e-36	1.3752e-18	0.00e+00	0.00e+00	8.4349e+00
3.13821e+18	5.7250e+03	2.335e-22	1.0000e+01	7.3217e+00	1.8944e-08	2.7307e-01	7.2693e-01	9.5277e-01	4.7230e-02	2.1543e-07	2.5487e-11	4.7301e-03	9.8369e-01	1.1577e-02	1.1755e-36	3.2120e-01	6.7873e-01	6.9135e-05	1.1755e-36	1.1755e-36	1.1755e-36	1.6243e-18	0.00e+00	0.00e+00	8.6178e+00
3.14894e+18	5.7040e+03	2.289e-22	1.0000e+01	7.2079e+00	2.1296e-08	2.8436e-01	7.1564e-01	9.5491e-01	4.5088e-02	2.0481e-07	2.8463e-11	4.6717e-03	9.8411e-01	1.1220e-02	1.1755e-36	3.3363e-01	6.6631e-01	6.3085e-05	1.1755e-36	1.1755e-36	1.1755e-36	1.9637e-18	0.00e+00	0.00e+00	8.8124e+00
3.15927e+18	5.6794e+03	2.244e-22	1.0000e+01	7.0984e+00	2.4016e-08	2.9597e-01	7.0403e-01	9.5687e-01	4.3134e-02	1.9513e-07	3.1834e-11	4.6154e-03	9.8451e-01	1.0874e-02	1.1755e-36	3.4635e-01	6.5359e-01	5.7653e-05	1.1755e-36	1.1755e-36	1.1755e-36	2.3866e-18	0.00e+00	0.00e+00	8.9959e+00
3.16851e+18	5.6576e+03	2.199e-22	1.0000e+01	6.9875e+00	2.6716e-08	3.0654e-01	6.9346e-01	9.5849e-01	4.1512e-02	1.8747e-07	3.5130e-11	4.5561e-03	9.8486e-01	1.0582e-02	1.1755e-36	3.5787e-01	6.4207e-01	5.3183e-05	1.1755e-36	1.1755e-36	1.1755e-36	2.8382e-18	0.00e+00	0.00e+00	9.1636e+00
3.17713e+18	5.6324e+03	2.158e-22	1.0000e+01	6.8929e+00	2.9800e-08	3.1734e-01	6.8266e-01	9.6003e-01	3.9969e-02	1.7988e-07	3.8881e-11	4.5071e-03	9.8521e-01	1.0286e-02	1.1755e-36	3.6959e-01	6.3036e-01	4.9126e-05	1.1755e-36	1.1755e-36	1.1755e-36	3.3989e-18	0.00e+00	0.00e+00	9.3354e+00
3.18556e+18	5.6078e+03	2.111e-22	1.0000e+01	6.7747e+00	3.3025e-08	3.2757e-01	6.7243e-01	9.6139e-01	3.8614e-02	1.7386e-07	4.2619e-11	4.4413e-03	9.8552e-01	1.0034e-02	1.1755e-36	3.8062e-01	6.1933e-01	4.5560e-05	1.1755e-36	1.1755e-36	1.1755e-36	4.0090e-18	0.00e+00	0.00e+00	9.5068e+00
3.19394e+18	5.5787e+03	2.064e-22	1.0000e+01	6.6598e+00	3.6861e-08	3.3841e-01	6.6159e-01	9.6274e-01	3.7260e-02	1.6771e-07	4.7006e-11	4.3782e-03	9.8585e-01	9.7711e-03	1.1755e-36	3.9228e-01	6.0768e-01	4.2161e-05	1.1755e-36	1.1755e-36	1.1755e-36	4.7900e-18	0.00e+00	0.00e+00	9.6881e+00
3.20226e+18	5.5462e+03	2.018e-22	1.0000e+01	6.5504e+00	4.1396e-08	3.4987e-01	6.5013e-01	9.6404e-01	3.5961e-02	1.6168e-07	5.2161e-11	4.3185e-03	9.8618e-01	9.5012e-03	1.1755e-36	4.0453e-01	5.9543e-01	3.8955e-05	1.1755e-36	1.1755e-36	1.1755e-36	5.7978e-18	0.00e+00	0.00e+00	9.8683e+00
3.21006e+18	5.5152e+03	1.972e-22	1.0000e+01	6.4386e+00	4.6151e-08	3.6074e-01	6.3926e-01	9.6517e-01	3.4827e-02	1.5666e-07	5.7481e-11	4.2562e-03	9.8648e-01	9.2612e-03	1.1755e-36	4.1609e-01	5.8387e-01	3.6173e-05	1.1755e-36	1.1755e-36	1.1755e-36	6.9406e-18	0.00e+00	0.00e+00	1.0038e+01
3.21739e+18	5.4831e+03	1.927e-22	1.0000e+01	6.3306e+00	5.1339e-08	3.7136e-01	6.2864e-01	9.6622e-01	3.3782e-02	1.5206e-07	6.3209e-11	4.1957e-03	9.8677e-01	9.0339e-03	1.1755e-36	4.2733e-01	5.7264e-01	3.3690e-05	1.1755e-36	1.1755e-36	1.1755e-36	8.2885e-18	0.00e+00	0.00e+00	1.0207e+01
3.22458e+18	5.4496e+03	1.882e-22	1.0000e+01	6.2225e+00	5.7176e-08	3.8210e-01	6.1790e-01	9.6721e-01	3.2788e-02	1.4774e-07	6.9600e-11	4.1347e-03	9.8705e-01	8.8114e-03	1.1755e-36	4.3865e-01	5.6132e-01	3.1386e-05	1.1755e-36	1.1755e-36	1.1755e-36	9.9365e-18	0.00e+00	0.00e+00	1.0380e+01
3.23166e+18	5.4084e+03	1.837e-22	1.0000e+01	6.1090e+00	6.4194e-08	3.9304e-01	6.0696e-01	9.6817e-01	3.1833e-02	1.4362e-07	7.6927e-11	4.0709e-03	9.8734e-01	8.5939e-03	1.1755e-36	4.5012e-01	5.4985e-01	2.9255e-05	1.1755e-36	1.1755e-36	1.1755e-36	1.2031e-17	0.00e+00	0.00e+00	1.0553e+01
3.23836e+18	5.3806e+03	1.791e-22	1.0000e+01	6.0007e+00	7.0659e-08	4.0325e-01	5.9675e-01	9.6899e-01	3.1012e-02	1.4034e-07	8.4127e-11	4.0078e-03	9.8759e-01	8.4017e-03	1.1755e-36	4.6077e-01	5.3921e-01	2.7371e-05	1.1755e-36	1.1755e-36	1.1755e-36	1.4256e-17	0.00e+00	0.00e+00	1.0716e+01
3.24506e+18	5.3376e+03	1.747e-22	1.0000e+01	5.8900e+00	7.9366e-08	4.1428e-01	5.8572e-01	9.6985e-01	3.0150e-02	1.3666e-07	9.3209e-11	3.9450e-03	9.8786e-01	8.1929e-03	1.1755e-36	4.7222e-01	5.2775e-01	2.5540e-05	1.1755e-36	1.1755e-36	1.1755e-36	1.7377e-17	0.00e+00	0.00e+00	1.0900e+01
3.25175e+18	5.2929e+03	1.701e-22	1.0000e+01	5.7790e+00	8.9352e-08	4.2553e-01	5.7447e-01	9.7065e-01	2.9346e-02	1.3328e-07	1.0361e-10	3.8817e-03	9.8813e-01	7.9895e-03	1.1755e-36	4.8385e-01	5.1612e-01	2.3832e-05	1.1755e-36	1.1755e-36	1.1755e-36	2.1340e-17	0.00e+00	0.00e+00	1.1071e+01
3.25780e+18	5.2510e+03	1.660e-22	1.0000e+01	5.6786e+00	9.9718e-08	4.3601e-01	5.6399e-01	9.7136e-01	2.8639e-02	1.3031e-07	1.1448e-10	3.8242e-03	9.8837e-01	7.8054e-03	1.1755e-36	4.9463e-01	5.0535e-01	2.2364e-05	1.1755e-36	1.1755e-36	1.1755e-36	2.5914e-17	0.00e+00	0.00e+00	1.1228e+01
3.26340e+18	5.2149e+03	1.619e-22	1.0000e+01	5.5764e+00	1.0983e-07	4.4546e-01	5.5454e-01	9.7197e-01	2.8033e-02	1.2804e-07	1.2513e-10	3.7643e-03	9.8859e-01	7.6477e-03	1.1755e-36	5.0430e-01	4.9568e-01	2.1098e-05	1.1755e-36	1.1755e-36	1.1755e-36	3.0824e-17	0.00e+00	0.00e+00	1.1383e+01
3.26913e+18	5.1684e+03	1.579e-22	1.0000e+01	5.4734e+00	1.2293e-07	4.5578e-01	5.4422e-01	9.7262e-01	2.7379e-02	1.2537e-07	1.3866e-10	3.7052e-03	9.8882e-01	7.4735e-03	1.1755e-36	5.1483e-01	4.8515e-01	1.9831e-05	1.1755e-36	1.1755e-36	1.1755e-36	3.7714e-17	0.00e+00	0.00e+00	1.1554e+01
3.27491e+18	5.1202e+03	1.538e-22	1.0000e+01	5.3729e+00	1.3808e-07	4.6653e-01	5.3347e-01	9.7326e-01	2.6743e-02	1.2272e-07	1.5456e-10	3.6474e-03	9.8906e-01	7.2972e-03	1.1755e-36	5.2574e-01	4.7424e-01	1.8615e-05	1.1755e-36	1.1755e-36	1.1755e-36	4.6683e-17	0.00e+00	0.00e+00	1.1719e+01
3.28026e+18	5.0824e+03	1.497e-22	1.0000e+01	5.2698e+00	1.5202e-07	4.7590e-01	5.2410e-01	9.7378e-01	2.6218e-02	1.2092e-07	1.6950e-10	3.5861e-03	9.8926e-01	7.1541e-03	1.1755e-36	5.3521e-01	4.6478e-01	1.7588e-05	1.1755e-36	1.1755e-36	1.1755e-36	5.5941e-17	0.00e+00	0.00e+00	1.1873e+01
3.28559e+18	5.0303e+03	1.458e-22	1.0000e+01	5.1686e+00	1.7078e-07	4.8610e-01	5.1389e-01	9.7434e-01	2.5664e-02	1.1871e-07	1.8907e-10	3.5279e-03	9.8948e-01	6.9940e-03	1.1755e-36	5.4547e-01	4.5451e-01	1.6572e-05	1.1755e-36	1.1755e-36	1.1755e-36	6.9431e-17	0.00e+00	0.00e+00	1.2043e+01
3.29091e+18	4.9788e+03	1.420e-22	1.0000e+01	5.0709e+00	1.9166e-07	4.9644e-01	5.0356e-01	9.7487e-01	2.5132e-02	1.1658e-07	2.0990e-10	3.4714e-03	9.8969e-01	6.8348e-03	1.1755e-36	5.5583e-01	4.4415e-01	1.5614e-05	1.1755e-36	1.1755e-36	1.1755e-36	8.5372e-17	0.00e+00	0.00e+00	1.2202e+01
3.29576e+18	4.9316e+03	1.383e-22	1.0000e+01	4.9751e+00	2.1259e-07	5.0571e-01	4.9429e-01	9.7532e-01	2.4682e-02	1.1497e-07	2.2835e-10	3.4153e-03	9.8989e-01	6.6953e-03	1.1755e-36	5.6508e-01	4.3491e-01	1.4796e-05	1.1755e-36	1.1755e-36	1.1755e-36	1.0103e-16	0.00e+00	0.00e+00	1.2351e+01
3.30045e+18	4.8876e+03	1.347e-22	1.0000e+01	4.8808e+00	2.3436e-07	5.1462e-01	4.8538e-01	9.7575e-01	2.4246e-02	1.1346e-07	2.4752e-10	3.3596e-03	9.9008e-01	6.5634e-03	1.1755e-36	5.7393e-01	4.2606e-01	1.4040e-05	1.1755e-36	1.1755e-36	1.1755e-36	1.1867e-16	0.00e+00	0.00e+00	1.2504e+01
3.30535e+18	4.8343e+03	1.310e-22	1.0000e+01	4.7820e+00	2.6199e-07	5.2434e-01	4.7566e-01	9.7620e-01	2.3799e-02	1.1184e-07	2.7078e-10	3.3019e-03	9.9028e-01	6.4191e-03	1.1755e-36	5.8354e-01	4.1645e-01	1.3275e-05	1.1755e-36	1.1755e-36	1.1755e-36	1.4217e-16	0.00e+00	0.00e+00	1.2672e+01
3.31030e+18	4.7798e+03	1.273e-22	1.0000e+01	4.6826e+00	2.9319e-07	5.3419e-01	4.6581e-01	9.7663e-01	2.3366e-02	1.1030e-07	2.9665e-10	3.2437e-03	9.9048e-01	6.2769e-03	1.1755e-36	5.9325e-01	4.0674e-01	1.2545e-05	1.1755e-36	1.1755e-36	1.1755e-36	1.7084e-16	0.00e+00	0.00e+00	1.2835e+01
3.31498e+18	4.7254e+03	1.238e-22	1.0000e+01	4.5877e+00	3.2703e-07	5.4361e-01	4.5639e-01	9.7704e-01	2.2964e-02	1.0888e-07	3.2390e-10	3.1883e-03	9.9067e-01	6.1427e-03	1.1755e-36	6.0250e-01	3.9749e-01	1.1887e-05	1.1755e-36	1.1755e-36	1.1755e-36	2.0403e-16	0.00e+00	0.00e+00	1.2990e+01
3.31943e+18	4.6710e+03	1.205e-22	1.0000e+01	4.4963e+00	3.6372e-07	5.5270e-01	4.4730e-01	9.7741e-01	2.2586e-02	1.0754e-07	3.5266e-10	3.1351e-03	9.9085e-01	6.0147e-03	1.1755e-36	6.1139e-01	3.8860e-01	1.1287e-05	1.1755e-36	1.1755e-36	1.1755e-36	2.4239e-16	0.00e+00	0.00e+00	1.3143e+01
3.32379e+18	4.6124e+03	1.172e-22	1.0000e+01	4.4075e+00	4.0609e-07	5.6190e-01	4.3810e-01	9.7780e-01	2.2202e-02	1.0609e-07	3.8474e-10	3.0841e-03	9.9103e-01	5.8850e-03	1.1755e-36	6.2035e-01	3.7964e-01	1.0717e-05	1.1755e-36	1.1755e-36	1.1755e-36	2.8927e-16	0.00e+00	0.00e+00	1.3297e+01
3.32804e+18	4.5564e+03	1.141e-22	1.0000e+01	4.3189e+00	4.5048e-07	5.7071e-01	4.2929e-01	9.7814e-01	2.1857e-02	1.0490e-07	4.1774e-10	3.0327e-03	9.9120e-01	5.7642e-03	1.1755e-36	6.2890e-01	3.7109e-01	1.0193e-05	1.1755e-36	1.1755e-36	1.1755e-36	3.4191e-16	0.00e+00	0.00e+00	1.3447e+01
3.33223e+18	4.4991e+03	1.110e-22	1.0000e+01	4.2310e+00	4.9948e-07	5.7950e-01	4.2050e-01	9.7848e-01	2.1519e-02	1.0372e-07	4.5326e-10	2.9818e-03	9.9137e-01	5.6444e-03	1.1755e-36	6.3740e-01	3.6259e-01	9.6949e-06	1.1755e-36	1.1755e-36	1.1755e-36	4.0364e-16	0.00e+00	0.00e+00	1.3601e+01
3.33649e+18	4.4388e+03	1.078e-22	1.0000e+01	4.1412e+00	5.5483e-07	5.8850e-01	4.1150e-01	9.7882e-01	2.1181e-02	1.0256e-07	4.9230e-10	2.9299e-03	9.9155e-01	5.5232e-03	1.1755e-36	6.4607e-01	3.5392e-01	9.2100e-06	1.1755e-36	1.1755e-36	1.1755e-36	4.7756e-16	0.00e+00	0.00e+00	1.3761e+01
3.34080e+18	4.3728e+03	1.046e-22	1.0000e+01	4.0490e+00	6.1886e-07	5.9772e-01	4.0228e-01	9.7916e-01	2.0840e-02	1.0137e-07	5.3536e-10	2.8774e-03	9.9172e-01	5.4003e-03	1.1755e-36	6.5491e-01	3.4508e-01	8.7423e-06	1.1755e-36	1.1755e-36	1.1755e-36	5.6675e-16	0.00e+00	0.00e+00	1.3924e+01
3.34504e+18	4.3084e+03	1.015e-22	1.0000e+01	3.9586e+00	6.8615e-07	6.0673e-01	3.9327e-01	9.7948e-01	2.0522e-02	1.0029e-07	5.7966e-10	2.8256e-03	9.9189e-01	5.2819e-03	1.1755e-36	6.6354e-01	3.3645e-01	8.3032e-06	1.1755e-36	1.1755e-36	1.1755e-36	6.6649e-16	0.00e+00	0.00e+00	1.4084e+01
3.34925e+18	4.2417e+03	9.847e-23	1.0000e+01	3.8684e+00	7.5959e-07	6.1577e-01	3.8422e-01	9.7980e-01	2.0205e-02	9.9215e-08	6.2628e-10	2.7743e-03	9.9206e-01	5.1639e-03	1.1755e-36	6.7215e-01	3.2784e-01	7.8843e-06	1.1755e-36	1.1755e-36	1.1755e-36	7.8039e-16	0.00e+00	0.00e+00	1.4249e+01
3.35357e+18	4.1707e+03	9.535e-23	1.0000e+01	3.7756e+00	8.4151e-07	6.2513e-01	3.7487e-01	9.8012e-01	1.9883e-02	9.8112e-08	6.7617e-10	2.7219e-03	9.9224e-01	5.0429e-03	1.1755e-36	6.8103e-01	3.1896e-01	7.4722e-06	1.1755e-36	1.1755e-36	1.1755e-36	9.1247e-16	0.00e+00	0.00e+00	1.4423e+01
3.35803e+18	4.1000e+03	9.213e-23	1.0000e+01	3.6772e+00	9.2595e-07	6.3442e-01	3.6558e-01	9.8042e-01	1.9585e-02	9.7279e-08	7.2581e-10	2.6653e-03	9.9241e-01	4.9262e-03	1.1755e-36	6.8981e-01	3.1018e-01	7.0759e-06	1.1755e-36	1.1755e-36	1.1755e-36	1.0541e-15	0.00e+00	0.00e+00	1.4603e+01
3.36277e+18	4.0189e+03	8.876e-23	1.0000e+01	3.5742e+00	1.0246e-06	6.4460e-01	3.5540e-01	9.8075e-01	1.9250e-02	9.6198e-08	7.8050e-10	2.6075e-03	9.9260e-01	4.7973e-03	1.1755e-36	6.9940e-01	3.0060e-01	6.6670e-06	1.1755e-36	1.1755e-36	1.1755e-36	1.2221e-15	0.00e+00	0.00e+00	1.4805e+01
3.36781e+18	3.9247e+03	8.529e-23	1.0000e+01	3.4665e+00	1.1390e-06	6.5577e-01	3.4423e-01	9.8112e-01	1.8881e-02	9.4842e-08	8.3885e-10	2.5490e-03	9.9279e-01	4.6563e-03	1.1755e-36	7.0988e-01	2.9012e-01	6.2491e-06	1.1755e-36	1.1755e-36	1.1755e-36	1.4154e-15	0.00e+00	0.00e+00	1.5018e+01
###########################
5.30181e+14	6.1172e+03	3.065e-22	1.0000e+01	1.0676e+01	1.6048e-11	1.2611e-02	9.8739e-01	8.6108e-02	9.1374e-01	1.4903e-04	8.1881e-15	2.0872e-03	6.3430e-01	3.6360e-01	1.7314e-05	1.4383e-02	9.3881e-01	4.6811e-02	1.0012e-06	1.1755e-36	1.1755e-36	4.8192e-23	0.00e+00	0.00e+00	8.4442e-04
3.18108e+15	6.1091e+03	3.060e-22	1.0000e+01	1.0667e+01	1.6147e-11	1.2600e-02	9.8740e-01	8.6131e-02	9.1372e-01	1.4883e-04	8.1709e-15	2.0772e-03	6.3440e-01	3.6351e-01	1.7325e-05	1.4372e-02	9.3880e-01	4.6826e-02	9.9857e-07	1.1755e-36	1.1755e-36	4.7983e-23	0.00e+00	0.00e+00	4.2193e-03
1.37847e+16	6.1027e+03	3.047e-22	1.0000e+01	1.0664e+01	1.6228e-11	1.2593e-02	9.8741e-01	8.6352e-02	9.1350e-01	1.4762e-04	8.1696e-15	2.0791e-03	6.3511e-01	3.6279e-01	1.7221e-05	1.4370e-02	9.3896e-01	4.6670e-02	9.8077e-07	1.1755e-36	1.1755e-36	4.7837e-23	0.00e+00	0.00e+00	1.7711e-02
5.61992e+16	6.0462e+03	3.025e-22	1.0000e+01	1.0661e+01	1.7420e-11	1.2711e-02	9.8729e-01	8.7951e-02	9.1191e-01	1.4105e-04	8.3951e-15	2.1060e-03	6.3982e-01	3.5806e-01	1.6619e-05	1.4535e-02	9.3979e-01	4.5671e-02	8.9778e-07	1.1755e-36	1.1755e-36	4.8842e-23	0.00e+00	0.00e+00	7.2185e-02
1.34242e+17	5.8776e+03	2.940e-22	1.0000e+01	1.0661e+01	2.0033e-11	1.2622e-02	9.8738e-01	8.9623e-02	9.1024e-01	1.3397e-04	8.3159e-15	2.1156e-03	6.4532e-01	3.5255e-01	1.5939e-05	1.4480e-02	9.4074e-01	4.4775e-02	8.0914e-07	1.1755e-36	1.1755e-36	4.6498e-23	0.00e+00	0.00e+00	1.4250e-01
2.24505e+17	5.7108e+03	2.867e-22	1.0000e+01	1.0659e+01	2.3490e-11	1.2628e-02	9.8737e-01	9.1929e-02	9.0795e-01	1.2455e-04	8.3783e-15	2.1373e-03	6.5236e-01	3.4549e-01	1.5087e-05	1.4541e-02	9.4197e-01	4.3493e-02	7.1016e-07	1.1755e-36	1.1755e-36	4.5219e-23	0.00e+00	0.00e+00	2.1611e-01
3.18046e+17	5.5719e+03	2.815e-22	1.0000e+01	1.0655e+01	2.7515e-11	1.2757e-02	9.8724e-01	9.4880e-02	9.0501e-01	1.1387e-04	8.6325e-15	2.1742e-03	6.6066e-01	3.3715e-01	1.4135e-05	1.4748e-02	9.4338e-01	4.1875e-02	6.0972e-07	1.1755e-36	1.1755e-36	4.5481e-23	0.00e+00	0.00e+00	2.9247e-01
4.22457e+17	5.4547e+03	2.778e-22	1.0000e+01	1.0649e+01	3.2529e-11	1.3053e-02	9.8695e-01	9.9016e-02	9.0088e-01	1.0149e-04	9.1729e-15	2.2343e-03	6.7133e-01	3.2643e-01	1.3001e-05	1.5156e-02	9.4511e-01	3.9732e-02	5.0190e-07	1.1755e-36	1.1755e-36	4.7732e-23	0.00e+00	0.00e+00	3.8647e-01
5.53610e+17	5.3368e+03	2.750e-22	1.0000e+01	1.0638e+01	3.9929e-11	1.3564e-02	9.8644e-01	1.0521e-01	8.9470e-01	8.6840e-05	1.0134e-14	2.3272e-03	6.8594e-01	3.1172e-01	1.1583e-05	1.5837e-02	9.4732e-01	3.6843e-02	3.8508e-07	1.1755e-36	1.1755e-36	5.2577e-23	0.00e+00	0.00e+00	5.1346e-01
7.24108e+17	5.2120e+03	2.728e-22	1.0000e+01	1.0623e+01	5.1899e-11	1.4403e-02	9.8560e-01	1.1482e-01	8.8511e-01	7.0216e-05	1.1818e-14	2.4682e-03	7.0620e-01	2.9132e-01	9.8426e-06	1.6934e-02	9.5005e-01	3.3019e-02	2.6710e-07	1.1755e-36	1.1755e-36	6.1899e-23	0.00e+00	0.00e+00	6.8877e-01
9.41246e+17	5.0886e+03	2.718e-22	1.0000e+01	1.0597e+01	7.2073e-11	1.5758e-02	9.8424e-01	1.3002e-01	8.6993e-01	5.2988e-05	1.4837e-14	2.6780e-03	7.3355e-01	2.6376e-01	7.8326e-06	1.8684e-02	9.5312e-01	2.8195e-02	1.6251e-07	1.1755e-36	1.1755e-36	8.0058e-23	0.00e+00	0.00e+00	9.2912e-01
1.21145e+18	4.9855e+03	2.726e-22	1.0000e+01	1.0551e+01	1.0788e-10	1.8005e-02	9.8199e-01	1.5511e-01	8.4485e-01	3.6732e-05	2.0753e-14	2.9882e-03	7.6961e-01	2.2739e-01	5.6582e-06	2.1558e-02	9.5606e-01	2.2380e-02	1.1755e-36	1.1755e-36	1.1755e-36	1.1948e-22	0.00e+00	0.00e+00	1.2690e+00
1.47183e+18	4.9384e+03	2.751e-22	1.0000e+01	1.0514e+01	1.5655e-10	2.0888e-02	9.7911e-01	1.8904e-01	8.1093e-01	2.5709e-05	3.0132e-14	3.3383e-03	8.0594e-01	1.9071e-01	3.9255e-06	2.5216e-02	9.5757e-01	1.7215e-02	1.1755e-36	1.1755e-36	1.1755e-36	1.8946e-22	0.00e+00	0.00e+00	1.5616e+00
1.66231e+18	4.9511e+03	2.774e-22	1.0000e+01	1.0435e+01	2.0359e-10	2.3746e-02	9.7625e-01	2.2355e-01	7.7643e-01	1.9430e-05	4.1582e-14	3.6269e-03	8.3369e-01	1.6268e-01	2.8485e-06	2.8823e-02	9.5757e-01	1.3603e-02	1.1755e-36	1.1755e-36	1.1755e-36	2.8431e-22	0.00e+00	0.00e+00	1.8002e+00
1.81548e+18	4.9817e+03	2.803e-22	1.0000e+01	1.0380e+01	2.5574e-10	2.6813e-02	9.7319e-01	2.6118e-01	7.3881e-01	1.5318e-05	5.6789e-14	3.8932e-03	8.5679e-01	1.3931e-01	2.0888e-06	3.2674e-02	9.5650e-01	1.0829e-02	1.1755e-36	1.1755e-36	1.1755e-36	4.2283e-22	0.00e+00	0.00e+00	2.0495e+00
1.95471e+18	5.0313e+03	2.827e-22	1.0000e+01	1.0301e+01	3.1386e-10	3.0252e-02	9.6975e-01	3.0403e-01	6.9596e-01	1.2096e-05	7.7551e-14	4.1416e-03	8.7727e-01	1.1859e-01	1.5167e-06	3.6979e-02	9.5448e-01	8.5434e-03	1.1755e-36	1.1755e-36	1.1755e-36	6.2756e-22	0.00e+00	0.00e+00	2.3002e+00
2.08031e+18	5.0879e+03	2.851e-22	1.0000e+01	1.0220e+01	3.8322e-10	3.4177e-02	9.6582e-01	3.5301e-01	6.4698e-01	9.6090e-06	1.0680e-13	4.3749e-03	8.9538e-01	1.0024e-01	1.0861e-06	4.1874e-02	9.5146e-01	6.6705e-03	1.1755e-36	1.1755e-36	1.1755e-36	9.3830e-22	0.00e+00	0.00e+00	2.5591e+00
2.19615e+18	5.1509e+03	2.876e-22	1.0000e+01	1.0139e+01	4.6864e-10	3.8759e-02	9.6124e-01	4.0898e-01	5.9101e-01	7.6144e-06	1.4952e-13	4.5963e-03	9.1145e-01	8.3955e-02	7.6211e-07	4.7568e-02	9.4730e-01	5.1281e-03	1.1755e-36	1.1755e-36	1.1755e-36	1.4267e-21	0.00e+00	0.00e+00	2.8325e+00
2.30484e+18	5.2204e+03	2.894e-22	1.0000e+01	1.0036e+01	5.7441e-10	4.4130e-02	9.5587e-01	4.7151e-01	5.2848e-01	5.9412e-06	2.1270e-13	4.7954e-03	9.2548e-01	6.9725e-02	5.2354e-07	5.4219e-02	9.4191e-01	3.8718e-03	1.1755e-36	1.1755e-36	1.1755e-36	2.1991e-21	0.00e+00	0.00e+00	3.1270e+00
2.40951e+18	5.2969e+03	2.903e-22	1.0000e+01	9.8996e+00	7.1051e-10	5.0601e-02	9.4940e-01	5.4058e-01	4.5942e-01	4.5066e-06	3.0986e-13	4.9679e-03	9.3769e-01	5.7337e-02	3.4960e-07	6.2200e-02	9.3495e-01	2.8502e-03	1.1755e-36	1.1755e-36	1.1755e-36	3.4672e-21	0.00e+00	0.00e+00	3.4582e+00
2.51262e+18	5.3791e+03	2.910e-22	1.0000e+01	9.7493e+00	9.0128e-10	5.8829e-02	9.4117e-01	6.1594e-01	3.8406e-01	3.2920e-06	4.7127e-13	5.1230e-03	9.4835e-01	4.6526e-02	2.2406e-07	7.2303e-02	9.2567e-01	2.0236e-03	1.1755e-36	1.1755e-36	1.1755e-36	5.7476e-21	0.00e+00	0.00e+00	3.8391e+00
2.61181e+18	5.4737e+03	2.909e-22	1.0000e+01	9.5807e+00	1.1585e-09	6.9186e-02	9.3081e-01	6.9130e-01	3.0870e-01	2.3390e-06	7.3980e-13	5.2478e-03	9.5710e-01	3.7653e-02	1.3990e-07	8.4946e-02	9.1366e-01	1.3946e-03	1.1755e-36	1.1755e-36	1.1755e-36	9.9326e-21	0.00e+00	0.00e+00	4.2579e+00
2.70390e+18	5.5583e+03	2.903e-22	1.0000e+01	9.3938e+00	1.5374e-09	8.2095e-02	9.1790e-01	7.5933e-01	2.4067e-01	1.6303e-06	1.1820e-12	5.3363e-03	9.6393e-01	3.0737e-02	1.1755e-36	1.0061e-01	8.9845e-01	9.4529e-04	1.1755e-36	1.1755e-36	1.1755e-36	1.7762e-20	0.00e+00	0.00e+00	4.7158e+00
2.78951e+18	5.6341e+03	2.890e-22	1.0000e+01	9.1944e+00	2.1073e-09	9.8371e-02	9.0163e-01	8.1643e-01	1.8357e-01	1.1272e-06	1.9169e-12	5.3908e-03	9.6923e-01	2.5384e-02	1.1755e-36	1.2021e-01	8.7916e-01	6.3088e-04	1.1755e-36	1.1755e-36	1.1755e-36	3.3145e-20	0.00e+00	0.00e+00	5.2306e+00
2.87007e+18	5.7065e+03	2.854e-22	1.0000e+01	8.9514e+00	2.9688e-09	1.1900e-01	8.8100e-01	8.6201e-01	1.3799e-01	7.7559e-07	3.1387e-12	5.3953e-03	9.7338e-01	2.1225e-02	1.1755e-36	1.4483e-01	8.5476e-01	4.1395e-04	1.1755e-36	1.1755e-36	1.1755e-36	6.4458e-20	0.00e+00	0.00e+00	5.8186e+00
2.94580e+18	5.7648e+03	2.786e-22	1.0000e+01	8.6442e+00	4.3460e-09	1.4529e-01	8.5471e-01	8.9682e-01	1.0318e-01	5.3756e-07	5.1834e-12	5.3366e-03	9.7672e-01	1.7940e-02	1.1755e-36	1.7584e-01	8.2390e-01	2.6736e-04	1.1755e-36	1.1755e-36	1.1755e-36	1.3113e-19	0.00e+00	0.00e+00	6.4902e+00
3.00726e+18	5.7951e+03	2.700e-22	1.0000e+01	8.3301e+00	6.3601e-09	1.7478e-01	8.2522e-01	9.1941e-01	8.0587e-02	3.9789e-07	8.1919e-12	5.2416e-03	9.7916e-01	1.5602e-02	1.1755e-36	2.1017e-01	7.8965e-01	1.8088e-04	1.1755e-36	1.1755e-36	1.1755e-36	2.5963e-19	0.00e+00	0.00e+00	7.0389e+00
3.05650e+18	5.7931e+03	2.595e-22	1.0000e+01	8.0147e+00	9.1696e-09	2.0539e-01	7.9461e-01	9.3456e-01	6.5435e-02	3.1088e-07	1.2263e-11	5.1187e-03	9.8107e-01	1.3808e-02	1.1755e-36	2.4530e-01	7.5458e-01	1.2771e-04	1.1755e-36	1.1755e-36	1.1755e-36	4.8576e-19	0.00e+00	0.00e+00	7.6713e+00
3.10177e+18	5.7649e+03	2.462e-22	1.0000e+01	7.6526e+00	1.3533e-08	2.4045e-01	7.5955e-01	9.4596e-01	5.4044e-02	2.4980e-07	1.8308e-11	4.9541e-03	9.8276e-01	1.2285e-02	1.1755e-36	2.8491e-01	7.1500e-01	9.0704e-05	1.1755e-36	1.1755e-36	1.1755e-36	9.2885e-19	0.00e+00	0.00e+00	8.3055e+00
3.12913e+18	5.7328e+03	2.360e-22	1.0000e+01	7.3863e+00	1.7745e-08	2.6640e-01	7.3360e-01	9.5124e-01	4.8756e-02	2.2363e-07	2.3881e-11	4.8219e-03	9.8370e-01	1.1474e-02	1.1755e-36	3.1383e-01	6.8610e-01	7.3258e-05	1.1755e-36	1.1755e-36	1.1755e-36	1.4539e-18	0.00e+00	0.00e+00	8.5234e+00
3.13834e+18	5.7192e+03	2.321e-22	1.0000e+01	7.2876e+00	1.9509e-08	2.7574e-01	7.2426e-01	9.5289e-01	4.7107e-02	2.1568e-07	2.6159e-11	4.7708e-03	9.8402e-01	1.1206e-02	1.1755e-36	3.2414e-01	6.7579e-01	6.8029e-05	1.1755e-36	1.1755e-36	1.1755e-36	1.6994e-18	0.00e+00	0.00e+00	8.6184e+00
3.14408e+18	5.7004e+03	2.298e-22	1.0000e+01	7.2279e+00	2.0985e-08	2.8213e-01	7.1787e-01	9.5416e-01	4.5842e-02	2.0916e-07	2.7897e-11	4.7416e-03	9.8426e-01	1.1002e-02	1.1755e-36	3.3118e-01	6.6875e-01	6.4683e-05	1.1755e-36	1.1755e-36	1.1755e-36	1.8999e-18	0.00e+00	0.00e+00	8.7259e+00
3.15102e+18	5.6911e+03	2.265e-22	1.0000e+01	7.1509e+00	2.2548e-08	2.8960e-01	7.1040e-01	9.5550e-01	4.4500e-02	2.0266e-07	2.9953e-11	4.7007e-03	9.8452e-01	1.0776e-02	1.1755e-36	3.3938e-01	6.6055e-01	6.0853e-05	1.1755e-36	1.1755e-36	1.1755e-36	2.1467e-18	0.00e+00	0.00e+00	8.8693e+00
3.16004e+18	5.6693e+03	2.223e-22	1.0000e+01	7.0468e+00	2.5052e-08	2.9987e-01	7.0013e-01	9.5727e-01	4.2734e-02	1.9403e-07	3.3026e-11	4.6459e-03	9.8488e-01	1.0475e-02	1.1755e-36	3.5061e-01	6.4934e-01	5.6136e-05	1.1755e-36	1.1755e-36	1.1755e-36	2.5456e-18	0.00e+00	0.00e+00	9.0624e+00
3.17024e+18	5.6426e+03	2.173e-22	1.0000e+01	6.9251e+00	2.8303e-08	3.1189e-01	6.8811e-01	9.5909e-01	4.0911e-02	1.8531e-07	3.6946e-11	4.5808e-03	9.8527e-01	1.0152e-02	1.1755e-36	3.6369e-01	6.3626e-01	5.1257e-05	1.1755e-36	1.1755e-36	1.1755e-36	3.1038e-18	0.00e+00	0.00e+00	9.2632e+00
3.17978e+18	5.6146e+03	2.124e-22	1.0000e+01	6.8060e+00	3.1860e-08	3.2364e-01	6.7636e-01	9.6068e-01	3.9316e-02	1.7782e-07	4.1151e-11	4.5163e-03	9.8563e-01	9.8583e-03	1.1755e-36	3.7640e-01	6.2356e-01	4.7042e-05	1.1755e-36	1.1755e-36	1.1755e-36	3.7643e-18	0.00e+00	0.00e+00	9.4447e+00
3.18820e+18	5.5834e+03	2.080e-22	1.0000e+01	6.7022e+00	3.5733e-08	3.3477e-01	6.6523e-01	9.6207e-01	3.7931e-02	1.7120e-07	4.5600e-11	4.4605e-03	9.8595e-01	9.5877e-03	1.1755e-36	3.8838e-01	6.1158e-01	4.3497e-05	1.1755e-36	1.1755e-36	1.1755e-36	4.5350e-18	0.00e+00	0.00e+00	9.6128e+00
3.19584e+18	5.5512e+03	2.040e-22	1.0000e+01	6.6073e+00	3.9904e-08	3.4543e-01	6.5457e-01	9.6331e-01	3.6692e-02	1.6526e-07	5.0316e-11	4.4100e-03	9.8625e-01	9.3364e-03	1.1755e-36	3.9980e-01	6.0016e-01	4.0432e-05	1.1755e-36	1.1755e-36	1.1755e-36	5.4316e-18	0.00e+00	0.00e+00	9.7728e+00
3.20302e+18	5.5390e+03	1.993e-22	1.0000e+01	6.4923e+00	4.3078e-08	3.5435e-01	6.4565e-01	9.6429e-01	3.5713e-02	1.6150e-07	5.4183e-11	4.3420e-03	9.8650e-01	9.1532e-03	1.1755e-36	4.0930e-01	5.9067e-01	3.7885e-05	1.1755e-36	1.1755e-36	1.1755e-36	6.2120e-18	0.00e+00	0.00e+00	9.9299e+00
3.21109e+18	5.4959e+03	1.945e-22	1.0000e+01	6.3748e+00	4.8944e-08	3.6625e-01	6.3375e-01	9.6557e-01	3.4430e-02	1.5555e-07	6.0446e-11	4.2775e-03	9.8683e-01	8.8879e-03	1.1755e-36	4.2193e-01	5.7803e-01	3.4972e-05	1.1755e-36	1.1755e-36	1.1755e-36	7.6238e-18	0.00e+00	0.00e+00	1.0141e+01
3.21946e+18	5.4575e+03	1.894e-22	1.0000e+01	6.2507e+00	5.5392e-08	3.7854e-01	6.2146e-01	9.6671e-01	3.3288e-02	1.5056e-07	6.7491e-11	4.2074e-03	9.8715e-01	8.6413e-03	1.1755e-36	4.3491e-01	5.6506e-01	3.2254e-05	1.1755e-36	1.1755e-36	1.1755e-36	9.3792e-18	0.00e+00	0.00e+00	1.0323e+01
3.22654e+18	5.4175e+03	1.851e-22	1.0000e+01	6.1476e+00	6.2221e-08	3.8970e-01	6.1030e-01	9.6768e-01	3.2318e-02	1.4616e-07	7.4779e-11	4.1498e-03	9.8743e-01	8.4209e-03	1.1755e-36	4.4663e-01	5.5334e-01	3.0045e-05	1.1755e-36	1.1755e-36	1.1755e-36	1.1398e-17	0.00e+00	0.00e+00	1.0484e+01
3.23279e+18	5.3879e+03	1.809e-22	1.0000e+01	6.0455e+00	6.8333e-08	3.9924e-01	6.0076e-01	9.6847e-01	3.1525e-02	1.4293e-07	8.1400e-11	4.0907e-03	9.8766e-01	8.2446e-03	1.1755e-36	4.5659e-01	5.4338e-01	2.8244e-05	1.1755e-36	1.1755e-36	1.1755e-36	1.3395e-17	0.00e+00	0.00e+00	1.0634e+01
3.23910e+18	5.3463e+03	1.768e-22	1.0000e+01	5.9446e+00	7.6401e-08	4.0971e-01	5.9029e-01	9.6932e-01	3.0685e-02	1.3922e-07	8.9789e-11	4.0335e-03	9.8792e-01	8.0458e-03	1.1755e-36	4.6750e-01	5.3247e-01	2.6448e-05	1.1755e-36	1.1755e-36	1.1755e-36	1.6184e-17	0.00e+00	0.00e+00	1.0807e+01
3.24559e+18	5.3076e+03	1.724e-22	1.0000e+01	5.8368e+00	8.5185e-08	4.2037e-01	5.7963e-01	9.7010e-01	2.9898e-02	1.3597e-07	9.9066e-11	3.9711e-03	9.8817e-01	7.8569e-03	1.1755e-36	4.7854e-01	5.2144e-01	2.4744e-05	1.1755e-36	1.1755e-36	1.1755e-36	1.9567e-17	0.00e+00	0.00e+00	1.0974e+01
3.25181e+18	5.2688e+03	1.680e-22	1.0000e+01	5.7312e+00	9.4776e-08	4.3082e-01	5.6918e-01	9.7084e-01	2.9165e-02	1.3298e-07	1.0920e-10	3.9097e-03	9.8841e-01	7.6769e-03	1.1755e-36	4.8931e-01	5.1067e-01	2.3193e-05	1.1755e-36	1.1755e-36	1.1755e-36	2.3634e-17	0.00e+00	0.00e+00	1.1140e+01
3.25789e+18	5.2262e+03	1.638e-22	1.0000e+01	5.6253e+00	1.0586e-07	4.4136e-01	5.5864e-01	9.7154e-01	2.8459e-02	1.3011e-07	1.2077e-10	3.8482e-03	9.8865e-01	7.4997e-03	1.1755e-36	5.0012e-01	4.9986e-01	2.1750e-05	1.1755e-36	1.1755e-36	1.1755e-36	2.8765e-17	0.00e+00	0.00e+00	1.1309e+01
3.26380e+18	5.1824e+03	1.596e-22	1.0000e+01	5.5203e+00	1.1824e-07	4.5179e-01	5.4821e-01	9.7220e-01	2.7798e-02	1.2746e-07	1.3368e-10	3.7870e-03	9.8888e-01	7.3299e-03	1.1755e-36	5.1077e-01	4.8921e-01	2.0425e-05	1.1755e-36	1.1755e-36	1.1755e-36	3.5096e-17	0.00e+00	0.00e+00	1.1474e+01
3.26945e+18	5.1377e+03	1.555e-22	1.0000e+01	5.4175e+00	1.3189e-07	4.6194e-01	5.3806e-01	9.7281e-01	2.7186e-02	1.2504e-07	1.4789e-10	3.7270e-03	9.8910e-01	7.1690e-03	1.1755e-36	5.2110e-01	4.7889e-01	1.9223e-05	1.1755e-36	1.1755e-36	1.1755e-36	4.2807e-17	0.00e+00	0.00e+00	1.1635e+01
3.27487e+18	5.0929e+03	1.515e-22	1.0000e+01	5.3168e+00	1.4682e-07	4.7185e-01	5.2815e-01	9.7338e-01	2.6615e-02	1.2283e-07	1.6353e-10	3.6679e-03	9.8932e-01	7.0160e-03	1.1755e-36	5.3112e-01	4.6886e-01	1.8126e-05	1.1755e-36	1.1755e-36	1.1755e-36	5.2168e-17	0.00e+00	0.00e+00	1.1793e+01
3.28016e+18	5.0479e+03	1.476e-22	1.0000e+01	5.2178e+00	1.6333e-07	4.8167e-01	5.1833e-01	9.7393e-01	2.6072e-02	1.2074e-07	1.8099e-10	3.6096e-03	9.8952e-01	6.8674e-03	1.1755e-36	5.4102e-01	4.5896e-01	1.7105e-05	1.1755e-36	1.1755e-36	1.1755e-36	6.3700e-17	0.00e+00	0.00e+00	1.1953e+01
3.28537e+18	5.0021e+03	1.437e-22	1.0000e+01	5.1190e+00	1.8173e-07	4.9149e-01	5.0851e-01	9.7445e-01	2.5552e-02	1.1878e-07	2.0070e-10	3.5514e-03	9.8973e-01	6.7219e-03	1.1755e-36	5.5088e-01	4.4910e-01	1.6144e-05	1.1755e-36	1.1755e-36	1.1755e-36	7.8074e-17	0.00e+00	0.00e+00	1.2114e+01
3.29052e+18	4.9504e+03	1.399e-22	1.0000e+01	5.0175e+00	2.0335e-07	5.0139e-01	4.9861e-01	9.7496e-01	2.5044e-02	1.1687e-07	2.1985e-10	3.4920e-03	9.8993e-01	6.5745e-03	1.1755e-36	5.6078e-01	4.3921e-01	1.5244e-05	1.1755e-36	1.1755e-36	1.1755e-36	9.3661e-17	0.00e+00	0.00e+00	1.2276e+01
3.29549e+18	4.8975e+03	1.362e-22	1.0000e+01	4.9219e+00	2.2764e-07	5.1124e-01	4.8876e-01	9.7544e-01	2.4560e-02	1.1498e-07	2.4080e-10	3.4360e-03	9.9013e-01	6.4290e-03	1.1755e-36	5.7059e-01	4.2940e-01	1.4409e-05	1.1755e-36	1.1755e-36	1.1755e-36	1.1240e-16	0.00e+00	0.00e+00	1.2431e+01
3.30016e+18	4.8541e+03	1.326e-22	1.0000e+01	4.8264e+00	2.5050e-07	5.2003e-01	4.7997e-01	9.7585e-01	2.4151e-02	1.1366e-07	2.6067e-10	3.3788e-03	9.9032e-01	6.3060e-03	1.1755e-36	5.7930e-01	4.2069e-01	1.3682e-05	1.1755e-36	1.1755e-36	1.1755e-36	1.3171e-16	0.00e+00	0.00e+00	1.2580e+01
3.30489e+18	4.8010e+03	1.291e-22	1.0000e+01	4.7304e+00	2.7948e-07	5.2950e-01	4.7050e-01	9.7628e-01	2.3717e-02	1.1207e-07	2.8464e-10	3.3222e-03	9.9051e-01	6.1699e-03	1.1755e-36	5.8865e-01	4.1134e-01	1.2956e-05	1.1755e-36	1.1755e-36	1.1755e-36	1.5725e-16	0.00e+00	0.00e+00	1.2745e+01
3.30975e+18	4.7466e+03	1.254e-22	1.0000e+01	4.6320e+00	3.1233e-07	5.3922e-01	4.6078e-01	9.7671e-01	2.3294e-02	1.1058e-07	3.1148e-10	3.2639e-03	9.9070e-01	6.0348e-03	1.1755e-36	5.9820e-01	4.0178e-01	1.2253e-05	1.1755e-36	1.1755e-36	1.1755e-36	1.8857e-16	0.00e+00	0.00e+00	1.2907e+01
3.31440e+18	4.6915e+03	1.219e-22	1.0000e+01	4.5368e+00	3.4844e-07	5.4865e-01	4.5135e-01	9.7710e-01	2.2896e-02	1.0918e-07	3.4012e-10	3.2078e-03	9.9089e-01	5.9056e-03	1.1755e-36	6.0744e-01	3.9255e-01	1.1611e-05	1.1755e-36	1.1755e-36	1.1755e-36	2.2528e-16	0.00e+00	0.00e+00	1.3065e+01
3.31886e+18	4.6322e+03	1.186e-22	1.0000e+01	4.4464e+00	3.8989e-07	5.5803e-01	4.4196e-01	9.7750e-01	2.2499e-02	1.0767e-07	3.7173e-10	3.1554e-03	9.9107e-01	5.7767e-03	1.1755e-36	6.1660e-01	3.8339e-01	1.1014e-05	1.1755e-36	1.1755e-36	1.1755e-36	2.6981e-16	0.00e+00	0.00e+00	1.3219e+01
3.32310e+18	4.5799e+03	1.154e-22	1.0000e+01	4.3566e+00	4.3051e-07	5.6662e-01	4.3338e-01	9.7783e-01	2.2167e-02	1.0662e-07	4.0245e-10	3.1020e-03	9.9123e-01	5.6636e-03	1.1755e-36	6.2494e-01	3.7505e-01	1.0484e-05	1.1755e-36	1.1755e-36	1.1755e-36	3.1696e-16	0.00e+00	0.00e+00	1.3366e+01
3.32734e+18	4.5198e+03	1.123e-22	1.0000e+01	4.2694e+00	4.7996e-07	5.7573e-01	4.2427e-01	9.7820e-01	2.1797e-02	1.0521e-07	4.3841e-10	3.0515e-03	9.9141e-01	5.5404e-03	1.1755e-36	6.3376e-01	3.6623e-01	9.9587e-06	1.1755e-36	1.1755e-36	1.1755e-36	3.7723e-16	0.00e+00	0.00e+00	1.3525e+01
3.33164e+18	4.4600e+03	1.091e-22	1.0000e+01	4.1787e+00	5.3341e-07	5.8475e-01	4.1525e-01	9.7854e-01	2.1456e-02	1.0405e-07	4.7642e-10	2.9985e-03	9.9158e-01	5.4226e-03	1.1755e-36	6.4247e-01	3.5752e-01	9.4603e-06	1.1755e-36	1.1755e-36	1.1755e-36	4.4677e-16	0.00e+00	0.00e+00	1.3681e+01
3.33587e+18	4.3990e+03	1.059e-22	1.0000e+01	4.0892e+00	5.9191e-07	5.9371e-01	4.0629e-01	9.7888e-01	2.1124e-02	1.0291e-07	5.1687e-10	2.9463e-03	9.9175e-01	5.3064e-03	1.1755e-36	6.5108e-01	3.4891e-01	8.9891e-06	1.1755e-36	1.1755e-36	1.1755e-36	5.2740e-16	0.00e+00	0.00e+00	1.3839e+01
3.34012e+18	4.3322e+03	1.028e-22	1.0000e+01	3.9977e+00	6.5918e-07	6.0285e-01	3.9715e-01	9.7921e-01	2.0789e-02	1.0173e-07	5.6104e-10	2.8936e-03	9.9192e-01	5.1885e-03	1.1755e-36	6.5984e-01	3.4015e-01	8.5355e-06	1.1755e-36	1.1755e-36	1.1755e-36	6.2361e-16	0.00e+00	0.00e+00	1.4002e+01
3.34436e+18	4.2665e+03	9.975e-23	1.0000e+01	3.9071e+00	7.3022e-07	6.1190e-01	3.8810e-01	9.7953e-01	2.0469e-02	1.0065e-07	6.0676e-10	2.8413e-03	9.9208e-01	5.0740e-03	1.1755e-36	6.6848e-01	3.3151e-01	8.1053e-06	1.1755e-36	1.1755e-36	1.1755e-36	7.3162e-16	0.00e+00	0.00e+00	1.4164e+01
3.34861e+18	4.1977e+03	9.667e-23	1.0000e+01	3.8159e+00	8.0822e-07	6.2108e-01	3.7892e-01	9.7985e-01	2.0149e-02	9.9554e-08	6.5502e-10	2.7890e-03	9.9225e-01	4.9583e-03	1.1755e-36	6.7720e-01	3.2279e-01	7.6900e-06	1.1755e-36	1.1755e-36	1.1755e-36	8.5520e-16	0.00e+00	0.00e+00	1.4333e+01
3.35299e+18	4.1253e+03	9.351e-23	1.0000e+01	3.7193e+00	8.9306e-07	6.3042e-01	3.6958e-01	9.8016e-01	1.9837e-02	9.8574e-08	7.0495e-10	2.7334e-03	9.9242e-01	4.8427e-03	1.1755e-36	6.8605e-01	3.1394e-01	7.2854e-06	1.1755e-36	1.1755e-36	1.1755e-36	9.9355e-16	0.00e+00	0.00e+00	1.4511e+01
3.35757e+18	4.0511e+03	9.022e-23	1.0000e+01	3.6194e+00	9.8347e-07	6.4010e-01	3.5990e-01	9.8048e-01	1.9523e-02	9.7638e-08	7.5678e-10	2.6758e-03	9.9260e-01	4.7244e-03	1.1755e-36	6.9518e-01	3.0481e-01	6.8827e-06	1.1755e-36	1.1755e-36	1.1755e-36	1.1477e-15	0.00e+00	0.00e+00	1.4701e+01
3.36248e+18	3.9610e+03	8.680e-23	1.0000e+01	3.5145e+00	1.0933e-06	6.5098e-01	3.4902e-01	9.8085e-01	1.9155e-02	9.6284e-08	8.1466e-10	2.6177e-03	9.9279e-01	4.5899e-03	1.1755e-36	7.0541e-01	2.9459e-01	6.4624e-06	1.1755e-36	1.1755e-36	1.1755e-36	1.3335e-15	0.00e+00	0.00e+00	1.4911e+01
###########################
5.30181e+14	6.1174e+03	3.064e-22	1.0000e+01	1.0676e+01	1.6045e-11	1.2611e-02	9.8739e-01	8.6107e-02	9.1374e-01	1.4903e-04	8.1877e-15	2.0872e-03	6.3429e-01	3.6360e-01	1.7314e-05	1.4382e-02	9.3881e-01	4.6811e-02	1.0012e-06	1.1755e-36	1.1755e-36	4.8190e-23	0.00e+00	0.00e+00	8.4440e-04
3.18108e+15	6.1090e+03	3.060e-22	1.0000e+01	1.0667e+01	1.6148e-11	1.2601e-02	9.8740e-01	8.6131e-02	9.1372e-01	1.4883e-04	8.1709e-15	2.0772e-03	6.3440e-01	3.6351e-01	1.7325e-05	1.4372e-02	9.3880e-01	4.6826e-02	9.9857e-07	1.1755e-36	1.1755e-36	4.7983e-23	0.00e+00	0.00e+00	4.2193e-03
1.37847e+16	6.0964e+03	3.049e-22	1.0000e+01	1.0664e+01	1.6340e-11	1.2602e-02	9.8740e-01	8.6407e-02	9.1345e-01	1.4751e-04	8.1829e-15	2.0801e-03	6.3527e-01	3.6264e-01	1.7202e-05	1.4380e-02	9.3896e-01	4.6654e-02	9.7995e-07	1.1755e-36	1.1755e-36	4.7897e-23	0.00e+00	0.00e+00	1.7721e-02
5.61992e+16	6.0461e+03	3.025e-22	1.0000e+01	1.0661e+01	1.7421e-11	1.2711e-02	9.8729e-01	8.7953e-02	9.1191e-01	1.4105e-04	8.3954e-15	2.1060e-03	6.3982e-01	3.5805e-01	1.6619e-05	1.4535e-02	9.3979e-01	4.5670e-02	8.9775e-07	1.1755e-36	1.1755e-36	4.8843e-23	0.00e+00	0.00e+00	7.2195e-02
1.34242e+17	5.8776e+03	2.940e-22	1.0000e+01	1.0661e+01	2.0034e-11	1.2622e-02	9.8738e-01	8.9624e-02	9.1024e-01	1.3397e-04	8.3159e-15	2.1156e-03	6.4532e-01	3.5255e-01	1.5939e-05	1.4480e-02	9.4074e-01	4.4775e-02	8.0913e-07	1.1755e-36	1.1755e-36	4.6497e-23	0.00e+00	0.00e+00	1.4251e-01
2.24507e+17	5.7107e+03	2.867e-22	1.0000e+01	1.0659e+01	2.3491e-11	1.2628e-02	9.8737e-01	9.1929e-02	9.0795e-01	1.2455e-04	8.3784e-15	2.1373e-03	6.5236e-01	3.4549e-01	1.5087e-05	1.4541e-02	9.4197e-01	4.3493e-02	7.1015e-07	1.1755e-36	1.1755e-36	4.5219e-23	0.00e+00	0.00e+00	2.1613e-01
3.18050e+17	5.5718e+03	2.815e-22	1.0000e+01	1.0655e+01	2.7515e-11	1.2757e-02	9.8724e-01	9.4881e-02	9.0501e-01	1.1387e-04	8.6326e-15	2.1742e-03	6.6066e-01	3.3715e-01	1.4135e-05	1.4748e-02	9.4338e-01	4.1874e-02	6.0971e-07	1.1755e-36	1.1755e-36	4.5481e-23	0.00e+00	0.00e+00	2.9248e-01
4.22464e+17	5.4546e+03	2.778e-22	1.0000e+01	1.0649e+01	3.2530e-11	1.3053e-02	9.8695e-01	9.9017e-02	9.0088e-01	1.0149e-04	9.1730e-15	2.2344e-03	6.7133e-01	3.2643e-01	1.3000e-05	1.5156e-02	9.4511e-01	3.9731e-02	5.0189e-07	1.1755e-36	1.1755e-36	4.7733e-23	0.00e+00	0.00e+00	3.8649e-01
5.53622e+17	5.3368e+03	2.750e-22	1.0000e+01	1.0638e+01	3.9930e-11	1.3564e-02	9.8644e-01	1.0521e-01	8.9470e-01	8.6838e-05	1.0134e-14	2.3272e-03	6.8595e-01	3.1172e-01	1.1583e-05	1.5837e-02	9.4732e-01	3.6843e-02	3.8507e-07	1.1755e-36	1.1755e-36	5.2578e-23	0.00e+00	0.00e+00	5.1349e-01
7.24127e+17	5.2120e+03	2.728e-22	1.0000e+01	1.0623e+01	5.1902e-11	1.4403e-02	9.8560e-01	1.1483e-01	8.8510e-01	7.0214e-05	1.1818e-14	2.4682e-03	7.0620e-01	2.9132e-01	9.8423e-06	1.6935e-02	9.5005e-01	3.3019e-02	2.6709e-07	1.1755e-36	1.1755e-36	6.1901e-23	0.00e+00	0.00e+00	6.8880e-01
9.41273e+17	5.0886e+03	2.718e-22	1.0000e+01	1.0597e+01	7.2078e-11	1.5758e-02	9.8424e-01	1.3002e-01	8.6993e-01	5.2986e-05	1.4837e-14	2.6781e-03	7.3356e-01	2.6376e-01	7.8323e-06	1.8685e-02	9.5312e-01	2.8194e-02	1.6250e-07	1.1755e-36	1.1755e-36	8.0062e-23	0.00e+00	0.00e+00	9.2917e-01
1.21149e+18	4.9854e+03	2.726e-22	1.0000e+01	1.0551e+01	1.0789e-10	1.8006e-02	9.8199e-01	1.5512e-01	8.4485e-01	3.6730e-05	2.0754e-14	2.9882e-03	7.6962e-01	2.2739e-01	5.6578e-06	2.1559e-02	9.5606e-01	2.2379e-02	1.1755e-36	1.1755e-36	1.1755e-36	1.1949e-22	0.00e+00	0.00e+00	1.2690e+00
1.47187e+18	4.9384e+03	2.751e-22	1.0000e+01	1.0514e+01	1.5657e-10	2.0889e-02	9.7911e-01	1.8905e-01	8.1092e-01	2.5707e-05	3.0135e-14	3.3384e-03	8.0595e-01	1.9071e-01	3.9252e-06	2.5217e-02	9.5757e-01	1.7214e-02	1.1755e-36	1.1755e-36	1.1755e-36	1.8948e-22	0.00e+00	0.00e+00	1.5617e+00
1.66235e+18	4.9511e+03	2.774e-22	1.0000e+01	1.0435e+01	2.0360e-10	2.3747e-02	9.7625e-01	2.2357e-01	7.7642e-01	1.9428e-05	4.1587e-14	3.6270e-03	8.3370e-01	1.6267e-01	2.8482e-06	2.8824e-02	9.5757e-01	1.3602e-02	1.1755e-36	1.1755e-36	1.1755e-36	2.8434e-22	0.00e+00	0.00e+00	1.8003e+00
1.81551e+18	4.9818e+03	2.803e-22	1.0000e+01	1.0380e+01	2.5576e-10	2.6814e-02	9.7319e-01	2.6119e-01	7.3880e-01	1.5317e-05	5.6794e-14	3.8934e-03	8.5680e-01	1.3930e-01	2.0886e-06	3.2675e-02	9.5650e-01	1.0828e-02	1.1755e-36	1.1755e-36	1.1755e-36	4.2288e-22	0.00e+00	0.00e+00	2.0495e+00
1.95473e+18	5.0313e+03	2.827e-22	1.0000e+01	1.0301e+01	3.1388e-10	3.0254e-02	9.6975e-01	3.0404e-01	6.9595e-01	1.2096e-05	7.7558e-14	4.1417e-03	8.7728e-01	1.1858e-01	1.5165e-06	3.6980e-02	9.5448e-01	8.5428e-03	1.1755e-36	1.1755e-36	1.1755e-36	6.2763e-22	0.00e+00	0.00e+00	2.3002e+00
2.08033e+18	5.0879e+03	2.851e-22	1.0000e+01	1.0220e+01	3.8324e-10	3.4179e-02	9.6582e-01	3.5303e-01	6.4696e-01	9.6085e-06	1.0681e-13	4.3751e-03	8.9539e-01	1.0024e-01	1.0860e-06	4.1875e-02	9.5145e-01	6.6700e-03	1.1755e-36	1.1755e-36	1.1755e-36	9.3841e-22	0.00e+00	0.00e+00	2.5592e+00
2.19617e+18	5.1509e+03	2.876e-22	1.0000e+01	1.0139e+01	4.6866e-10	3.8761e-02	9.6124e-01	4.0900e-01	5.9099e-01	7.6140e-06	1.4954e-13	4.5965e-03	9.1145e-01	8.3950e-02	7.6203e-07	4.7569e-02	9.4730e-01	5.1277e-03	1.1755e-36	1.1755e-36	1.1755e-36	1.4269e-21	0.00e+00	0.00e+00	2.8326e+00
2.30485e+18	5.2205e+03	2.894e-22	1.0000e+01	1.0036e+01	5.7445e-10	4.4132e-02	9.5587e-01	4.7153e-01	5.2846e-01	5.9408e-06	2.1272e-13	4.7955e-03	9.2548e-01	6.9721e-02	5.2347e-07	5.4221e-02	9.4191e-01	3.8715e-03	1.1755e-36	1.1755e-36	1.1755e-36	2.1994e-21	0.00e+00	0.00e+00	3.1271e+00
2.40953e+18	5.2969e+03	2.903e-22	1.0000e+01	9.8996e+00	7.1056e-10	5.0603e-02	9.4940e-01	5.4060e-01	4.5939e-01	4.5063e-06	3.0990e-13	4.9681e-03	9.3770e-01	5.7333e-02	3.4955e-07	6.2203e-02	9.3495e-01	2.8499e-03	1.1755e-36	1.1755e-36	1.1755e-36	3.4677e-21	0.00e+00	0.00e+00	3.4583e+00
2.51263e+18	5.3791e+03	2.910e-22	1.0000e+01	9.7492e+00	9.0136e-10	5.8832e-02	9.4117e-01	6.1596e-01	3.8404e-01	3.2918e-06	4.7133e-13	5.1231e-03	9.4835e-01	4.6523e-02	2.2403e-07	7.2307e-02	9.2567e-01	2.0234e-03	1.1755e-36	1.1755e-36	1.1755e-36	5.7485e-21	0.00e+00	0.00e+00	3.8393e+00
2.61182e+18	5.4737e+03	2.909e-22	1.0000e+01	9.5806e+00	1.1586e-09	6.9189e-02	9.3081e-01	6.9132e-01	3.0868e-01	2.3388e-06	7.3990e-13	5.2479e-03	9.5710e-01	3.7651e-02	1.3988e-07	8.4950e-02	9.1366e-01	1.3944e-03	1.1755e-36	1.1755e-36	1.1755e-36	9.9342e-21	0.00e+00	0.00e+00	4.2580e+00
2.70391e+18	5.5583e+03	2.903e-22	1.0000e+01	9.3937e+00	1.5375e-09	8.2100e-02	9.1790e-01	7.5935e-01	2.4065e-01	1.6301e-06	1.1821e-12	5.3364e-03	9.6393e-01	3.0735e-02	1.1755e-36	1.0061e-01	8.9844e-01	9.4518e-04	1.1755e-36	1.1755e-36	1.1755e-36	1.7765e-20	0.00e+00	0.00e+00	4.7159e+00
2.78952e+18	5.6341e+03	2.890e-22	1.0000e+01	9.1943e+00	2.1075e-09	9.8377e-02	9.0162e-01	8.1645e-01	1.8355e-01	1.1271e-06	1.9172e-12	5.3910e-03	9.6923e-01	2.5382e-02	1.1755e-36	1.2022e-01	8.7915e-01	6.3080e-04	1.1755e-36	1.1755e-36	1.1755e-36	3.3151e-20	0.00e+00	0.00e+00	5.2308e+00
2.87008e+18	5.7065e+03	2.854e-22	1.0000e+01	8.9513e+00	2.9691e-09	1.1901e-01	8.8099e-01	8.6202e-01	1.3798e-01	7.7552e-07	3.1392e-12	5.3954e-03	9.7338e-01	2.1224e-02	1.1755e-36	1.4484e-01	8.5475e-01	4.1390e-04	1.1755e-36	1.1755e-36	1.1755e-36	6.4472e-20	0.00e+00	0.00e+00	5.8188e+00
2.94581e+18	5.7648e+03	2.786e-22	1.0000e+01	8.6441e+00	4.3465e-09	1.4530e-01	8.5470e-01	8.9682e-01	1.0318e-01	5.3751e-07	5.1843e-12	5.3367e-03	9.7672e-01	1.7939e-02	1.1755e-36	1.7585e-01	8.2388e-01	2.6732e-04	1.1755e-36	1.1755e-36	1.1755e-36	1.3116e-19	0.00e+00	0.00e+00	6.4904e+00
3.00727e+18	5.7951e+03	2.700e-22	1.0000e+01	8.3300e+00	6.3609e-09	1.7480e-01	8.2520e-01	9.1942e-01	8.0581e-02	3.9786e-07	8.1932e-12	5.2418e-03	9.7916e-01	1.5601e-02	1.1755e-36	2.1018e-01	7.8964e-01	1.8086e-04	1.1755e-36	1.1755e-36	1.1755e-36	2.5969e-19	0.00e+00	0.00e+00	7.0391e+00
3.05650e+18	5.7931e+03	2.594e-22	1.0000e+01	8.0146e+00	9.1709e-09	2.0541e-01	7.9459e-01	9.3457e-01	6.5431e-02	3.1086e-07	1.2264e-11	5.1188e-03	9.8107e-01	1.3807e-02	1.1755e-36	2.4531e-01	7.5456e-01	1.2769e-04	1.1755e-36	1.1755e-36	1.1755e-36	4.8588e-19	0.00e+00	0.00e+00	7.6716e+00
3.10177e+18	5.7648e+03	2.462e-22	1.0000e+01	7.6525e+00	1.3535e-08	2.4046e-01	7.5954e-01	9.4596e-01	5.4041e-02	2.4979e-07	1.8310e-11	4.9542e-03	9.8276e-01	1.2284e-02	1.1755e-36	2.8493e-01	7.1498e-01	9.0693e-05	1.1755e-36	1.1755e-36	1.1755e-36	9.2908e-19	0.00e+00	0.00e+00	8.3057e+00
3.12913e+18	5.7327e+03	2.360e-22	1.0000e+01	7.3862e+00	1.7747e-08	2.6642e-01	7.3358e-01	9.5125e-01	4.8754e-02	2.2362e-07	2.3885e-11	4.8221e-03	9.8370e-01	1.1474e-02	1.1755e-36	3.1384e-01	6.8608e-01	7.3249e-05	1.1755e-36	1.1755e-36	1.1755e-36	1.4543e-18	0.00e+00	0.00e+00	8.5236e+00
3.13834e+18	5.7191e+03	2.321e-22	1.0000e+01	7.2874e+00	1.9512e-08	2.7575e-01	7.2425e-01	9.5290e-01	4.7105e-02	2.1568e-07	2.6163e-11	4.7709e-03	9.8402e-01	1.1205e-02	1.1755e-36	3.2415e-01	6.7578e-01	6.8021e-05	1.1755e-36	1.1755e-36	1.1755e-36	1.6998e-18	0.00e+00	0.00e+00	8.6186e+00
3.14408e+18	5.7004e+03	2.298e-22	1.0000e+01	7.2278e+00	2.0989e-08	2.8214e-01	7.1786e-01	9.5416e-01	4.5840e-02	2.0915e-07	2.7901e-11	4.7418e-03	9.8426e-01	1.1001e-02	1.1755e-36	3.3120e-01	6.6873e-01	6.4676e-05	1.1755e-36	1.1755e-36	1.1755e-36	1.9004e-18	0.00e+00	0.00e+00	8.7261e+00
3.15102e+18	5.6911e+03	2.265e-22	1.0000e+01	7.1508e+00	2.2551e-08	2.8962e-01	7.1038e-01	9.5550e-01	4.4498e-02	2.0265e-07	2.9957e-11	4.7008e-03	9.8452e-01	1.0775e-02	1.1755e-36	3.3940e-01	6.6054e-01	6.0846e-05	1.1755e-36	1.1755e-36	1.1755e-36	2.1472e-18	0.00e+00	0.00e+00	8.8695e+00
3.16004e+18	5.6693e+03	2.223e-22	1.0000e+01	7.0467e+00	2.5056e-08	2.9988e-01	7.0012e-01	9.5727e-01	4.2732e-02	1.9402e-07	3.3030e-11	4.6460e-03	9.8488e-01	1.0475e-02	1.1755e-36	3.5062e-01	6.4932e-01	5.6130e-05	1.1755e-36	1.1755e-36	1.1755e-36	2.5462e-18	0.00e+00	0.00e+00	9.0626e+00
3.17024e+18	5.6426e+03	2.173e-22	1.0000e+01	6.9250e+00	2.8307e-08	3.1191e-01	6.8809e-01	9.5909e-01	4.0910e-02	1.8530e-07	3.6951e-11	4.5810e-03	9.8527e-01	1.0152e-02	1.1755e-36	3.6371e-01	6.3624e-01	5.1252e-05	1.1755e-36	1.1755e-36	1.1755e-36	3.1046e-18	0.00e+00	0.00e+00	9.2634e+00
3.17977e+18	5.6146e+03	2.124e-22	1.0000e+01	6.8058e+00	3.1865e-08	3.2365e-01	6.7635e-01	9.6069e-01	3.9314e-02	1.7782e-07	4.1157e-11	4.5164e-03	9.8563e-01	9.8580e-03	1.1755e-36	3.7641e-01	6.2354e-01	4.7037e-05	1.1755e-36	1.1755e-36	1.1755e-36	3.7652e-18	0.00e+00	0.00e+00	9.4449e+00
3.18819e+18	5.5834e+03	2.080e-22	1.0000e+01	6.7020e+00	3.5738e-08	3.3478e-01	6.6522e-01	9.6207e-01	3.7929e-02	1.7120e-07	4.5606e-11	4.4606e-03	9.8595e-01	9.5874e-03	1.1755e-36	3.8839e-01	6.1156e-01	4.3493e-05	1.1755e-36	1.1755e-36	1.1755e-36	4.5362e-18	0.00e+00	0.00e+00	9.6130e+00
3.19584e+18	5.5512e+03	2.040e-22	1.0000e+01	6.6072e+00	3.9910e-08	3.4544e-01	6.5456e-01	9.6331e-01	3.6690e-02	1.6525e-07	5.0322e-11	4.4101e-03	9.8625e-01	9.3361e-03	1.1755e-36	3.9982e-01	6.0014e-01	4.0429e-05	1.1755e-36	1.1755e-36	1.1755e-36	5.4330e-18	0.00e+00	0.00e+00	9.7731e+00
3.20301e+18	5.5390e+03	1.993e-22	1.0000e+01	6.4921e+00	4.3085e-08	3.5437e-01	6.4563e-01	9.6429e-01	3.5712e-02	1.6149e-07	5.4190e-11	4.3421e-03	9.8650e-01	9.1530e-03	1.1755e-36	4.0931e-01	5.9065e-01	3.7882e-05	1.1755e-36	1.1755e-36	1.1755e-36	6.2135e-18	0.00e+00	0.00e+00	9.9301e+00
3.21109e+18	5.4958e+03	1.945e-22	1.0000e+01	6.3747e+00	4.8951e-08	3.6626e-01	6.3374e-01	9.6557e-01	3.4429e-02	1.5555e-07	6.0454e-11	4.2776e-03	9.8683e-01	8.8877e-03	1.1755e-36	4.2195e-01	5.7802e-01	3.4968e-05	1.1755e-36	1.1755e-36	1.1755e-36	7.6257e-18	0.00e+00	0.00e+00	1.0141e+01
3.21946e+18	5.4575e+03	1.894e-22	1.0000e+01	6.2506e+00	5.5400e-08	3.7856e-01	6.2144e-01	9.6671e-01	3.3287e-02	1.5056e-07	6.7500e-11	4.2075e-03	9.8715e-01	8.6410e-03	1.1755e-36	4.3493e-01	5.6504e-01	3.2251e-05	1.1755e-36	1.1755e-36	1.1755e-36	9.3816e-18	0.00e+00	0.00e+00	1.0323e+01
3.22653e+18	5.4174e+03	1.851e-22	1.0000e+01	6.1475e+00	6.2230e-08	3.8971e-01	6.1029e-01	9.6768e-01	3.2317e-02	1.4616e-07	7.4789e-11	4.1499e-03	9.8743e-01	8.4207e-03	1.1755e-36	4.4664e-01	5.5333e-01	3.0043e-05	1.1755e-36	1.1755e-36	1.1755e-36	1.1401e-17	0.00e+00	0.00e+00	1.0484e+01
3.23279e+18	5.3879e+03	1.809e-22	1.0000e+01	6.0454e+00	6.8343e-08	3.9925e-01	6.0075e-01	9.6848e-01	3.1524e-02	1.4293e-07	8.1410e-11	4.0908e-03	9.8766e-01	8.2444e-03	1.1755e-36	4.5661e-01	5.4337e-01	2.8241e-05	1.1755e-36	1.1755e-36	1.1755e-36	1.3398e-17	0.00e+00	0.00e+00	1.0634e+01
3.23910e+18	5.3463e+03	1.768e-22	1.0000e+01	5.9445e+00	7.6413e-08	4.0973e-01	5.9027e-01	9.6932e-01	3.0684e-02	1.3922e-07	8.9801e-11	4.0336e-03	9.8792e-01	8.0456e-03	1.1755e-36	4.6752e-01	5.3246e-01	2.6446e-05	1.1755e-36	1.1755e-36	1.1755e-36	1.6188e-17	0.00e+00	0.00e+00	1.0807e+01
3.24558e+18	5.3075e+03	1.724e-22	1.0000e+01	5.8366e+00	8.5198e-08	4.2039e-01	5.7961e-01	9.7010e-01	2.9897e-02	1.3597e-07	9.9080e-11	3.9712e-03	9.8817e-01	7.8567e-03	1.1755e-36	4.7855e-01	5.2142e-01	2.4742e-05	1.1755e-36	1.1755e-36	1.1755e-36	1.9573e-17	0.00e+00	0.00e+00	1.0974e+01
3.25180e+18	5.2688e+03	1.680e-22	1.0000e+01	5.7310e+00	9.4790e-08	4.3084e-01	5.6916e-01	9.7084e-01	2.9164e-02	1.3298e-07	1.0921e-10	3.9098e-03	9.8841e-01	7.6767e-03	1.1755e-36	4.8932e-01	5.1066e-01	2.3192e-05	1.1755e-36	1.1755e-36	1.1755e-36	2.3640e-17	0.00e+00	0.00e+00	1.1141e+01
3.25788e+18	5.2262e+03	1.638e-22	1.0000e+01	5.6251e+00	1.0588e-07	4.4137e-01	5.5863e-01	9.7154e-01	2.8458e-02	1.3011e-07	1.2078e-10	3.8483e-03	9.8865e-01	7.4995e-03	1.1755e-36	5.0013e-01	4.9985e-01	2.1749e-05	1.1755e-36	1.1755e-36	1.1755e-36	2.8773e-17	0.00e+00	0.00e+00	1.1309e+01
3.26379e+18	5.1823e+03	1.595e-22	1.0000e+01	5.5201e+00	1.1826e-07	4.5180e-01	5.4820e-01	9.7220e-01	2.7797e-02	1.2746e-07	1.3369e-10	3.7871e-03	9.8888e-01	7.3297e-03	1.1755e-36	5.1079e-01	4.8919e-01	2.0423e-05	1.1755e-36	1.1755e-36	1.1755e-36	3.5106e-17	0.00e+00	0.00e+00	1.1474e+01
3.26944e+18	5.1376e+03	1.555e-22	1.0000e+01	5.4173e+00	1.3191e-07	4.6195e-01	5.3805e-01	9.7281e-01	2.7185e-02	1.2504e-07	1.4791e-10	3.7271e-03	9.8910e-01	7.1689e-03	1.1755e-36	5.2111e-01	4.7887e-01	1.9222e-05	1.1755e-36	1.1755e-36	1.1755e-36	4.2819e-17	0.00e+00	0.00e+00	1.1635e+01
3.27486e+18	5.0929e+03	1.515e-22	1.0000e+01	5.3167e+00	1.4684e-07	4.7186e-01	5.2814e-01	9.7339e-01	2.6615e-02	1.2283e-07	1.6355e-10	3.6680e-03	9.8932e-01	7.0159e-03	1.1755e-36	5.3114e-01	4.6885e-01	1.8124e-05	1.1755e-36	1.1755e-36	1.1755e-36	5.2183e-17	0.00e+00	0.00e+00	1.1794e+01
3.28015e+18	5.0478e+03	1.476e-22	1.0000e+01	5.2176e+00	1.6335e-07	4.8168e-01	5.1832e-01	9.7393e-01	2.6072e-02	1.2075e-07	1.8101e-10	3.6097e-03	9.8952e-01	6.8673e-03	1.1755e-36	5.4103e-01	4.5895e-01	1.7103e-05	1.1755e-36	1.1755e-36	1.1755e-36	6.3718e-17	0.00e+00	0.00e+00	1.1953e+01
3.28536e+18	5.0020e+03	1.437e-22	1.0000e+01	5.1189e+00	1.8176e-07	4.9151e-01	5.0849e-01	9.7445e-01	2.5551e-02	1.1878e-07	2.0073e-10	3.5515e-03	9.8973e-01	6.7218e-03	1.1755e-36	5.5090e-01	4.4909e-01	1.6143e-05	1.1755e-36	1.1755e-36	1.1755e-36	7.8095e-17	0.00e+00	0.00e+00	1.2114e+01
3.29051e+18	4.9503e+03	1.399e-22	1.0000e+01	5.0174e+00	2.0338e-07	5.0140e-01	4.9860e-01	9.7496e-01	2.5043e-02	1.1687e-07	2.1988e-10	3.4921e-03	9.8993e-01	6.5744e-03	1.1755e-36	5.6079e-01	4.3920e-01	1.5243e-05	1.1755e-36	1.1755e-36	1.1755e-36	9.3682e-17	0.00e+00	0.00e+00	1.2276e+01
3.29548e+18	4.8974e+03	1.362e-22	1.0000e+01	4.9218e+00	2.2768e-07	5.1125e-01	4.8875e-01	9.7544e-01	2.4560e-02	1.1498e-07	2.4083e-10	3.4361e-03	9.9013e-01	6.4288e-03	1.1755e-36	5.7060e-01	4.2939e-01	1.4408e-05	1.1755e-36	1.1755e-36	1.1755e-36	1.1242e-16	0.00e+00	0.00e+00	1.2432e+01
3.30015e+18	4.8540e+03	1.326e-22	1.0000e+01	4.8263e+00	2.5054e-07	5.2004e-01	4.7996e-01	9.7585e-01	2.4150e-02	1.1366e-07	2.6070e-10	3.3789e-03	9.9032e-01	6.3059e-03	1.1755e-36	5.7931e-01	4.2067e-01	1.3681e-05	1.1755e-36	1.1755e-36	1.1755e-36	1.3174e-16	0.00e+00	0.00e+00	1.2580e+01
3.30488e+18	4.8009e+03	1.291e-22	1.0000e+01	4.7302e+00	2.7952e-07	5.2951e-01	4.7048e-01	9.7628e-01	2.3716e-02	1.1207e-07	2.8467e-10	3.3223e-03	9.9051e-01	6.1699e-03	1.1755e-36	5.8866e-01	4.1133e-01	1.2956e-05	1.1755e-36	1.1755e-36	1.1755e-36	1.5728e-16	0.00e+00	0.00e+00	1.2745e+01
3.30974e+18	4.7465e+03	1.254e-22	1.0000e+01	4.6319e+00	3.1237e-07	5.3923e-01	4.6077e-01	9.7671e-01	2.3293e-02	1.1058e-07	3.1151e-10	3.2640e-03	9.9070e-01	6.0347e-03	1.1755e-36	5.9822e-01	4.0177e-01	1.2252e-05	1.1755e-36	1.1755e-36	1.1755e-36	1.8861e-16	0.00e+00	0.00e+00	1.2908e+01
3.31439e+18	4.6914e+03	1.219e-22	1.0000e+01	4.5367e+00	3.4848e-07	5.4866e-01	4.5134e-01	9.7710e-01	2.2896e-02	1.0919e-07	3.4016e-10	3.2079e-03	9.9089e-01	5.9055e-03	1.1755e-36	6.0745e-01	3.9254e-01	1.1610e-05	1.1755e-36	1.1755e-36	1.1755e-36	2.2533e-16	0.00e+00	0.00e+00	1.3065e+01
3.31885e+18	4.6321e+03	1.186e-22	1.0000e+01	4.4463e+00	3.8995e-07	5.5805e-01	4.4195e-01	9.7750e-01	2.2498e-02	1.0767e-07	3.7177e-10	3.1555e-03	9.9107e-01	5.7766e-03	1.1755e-36	6.1661e-01	3.8338e-01	1.1013e-05	1.1755e-36	1.1755e-36	1.1755e-36	2.6988e-16	0.00e+00	0.00e+00	1.3219e+01
3.32309e+18	4.5799e+03	1.154e-22	1.0000e+01	4.3565e+00	4.3058e-07	5.6663e-01	4.3337e-01	9.7783e-01	2.2167e-02	1.0662e-07	4.0250e-10	3.1021e-03	9.9123e-01	5.6635e-03	1.1755e-36	6.2495e-01	3.7504e-01	1.0483e-05	1.1755e-36	1.1755e-36	1.1755e-36	3.1704e-16	0.00e+00	0.00e+00	1.3366e+01
3.32733e+18	4.5197e+03	1.123e-22	1.0000e+01	4.2692e+00	4.8003e-07	5.7574e-01	4.2426e-01	9.7820e-01	2.1797e-02	1.0521e-07	4.3846e-10	3.0516e-03	9.9141e-01	5.5403e-03	1.1755e-36	6.3378e-01	3.6621e-01	9.9581e-06	1.1755e-36	1.1755e-36	1.1755e-36	3.7732e-16	0.00e+00	0.00e+00	1.3525e+01
3.33163e+18	4.4599e+03	1.091e-22	1.0000e+01	4.1786e+00	5.3349e-07	5.8476e-01	4.1524e-01	9.7854e-01	2.1456e-02	1.0405e-07	4.7647e-10	2.9986e-03	9.9158e-01	5.4225e-03	1.1755e-36	6.4248e-01	3.5751e-01	9.4597e-06	1.1755e-36	1.1755e-36	1.1755e-36	4.4687e-16	0.00e+00	0.00e+00	1.3681e+01
3.33586e+18	4.3990e+03	1.059e-22	1.0000e+01	4.0891e+00	5.9200e-07	5.9372e-01	4.0628e-01	9.7888e-01	2.1124e-02	1.0291e-07	5.1693e-10	2.9464e-03	9.9175e-01	5.3063e-03	1.1755e-36	6.5109e-01	3.4890e-01	8.9885e-06	1.1755e-36	1.1755e-36	1.1755e-36	5.2752e-16	0.00e+00	0.00e+00	1.3840e+01
3.34011e+18	4.3321e+03	1.028e-22	1.0000e+01	3.9976e+00	6.5927e-07	6.0286e-01	3.9714e-01	9.7921e-01	2.0788e-02	1.0173e-07	5.6110e-10	2.8937e-03	9.9192e-01	5.1885e-03	1.1755e-36	6.5985e-01	3.4014e-01	8.5350e-06	1.1755e-36	1.1755e-36	1.1755e-36	6.2375e-16	0.00e+00	0.00e+00	1.4002e+01
3.34435e+18	4.2664e+03	9.974e-23	1.0000e+01	3.9070e+00	7.3032e-07	6.1191e-01	3.8809e-01	9.7953e-01	2.0469e-02	1.0065e-07	6.0683e-10	2.8414e-03	9.9208e-01	5.0739e-03	1.1755e-36	6.6849e-01	3.3150e-01	8.1048e-06	1.1755e-36	1.1755e-36	1.1755e-36	7.3179e-16	0.00e+00	0.00e+00	1.4164e+01
3.34859e+18	4.1976e+03	9.667e-23	1.0000e+01	3.8157e+00	8.0833e-07	6.2109e-01	3.7891e-01	9.7985e-01	2.0149e-02	9.9555e-08	6.5509e-10	2.7890e-03	9.9225e-01	4.9583e-03	1.1755e-36	6.7721e-01	3.2278e-01	7.6895e-06	1.1755e-36	1.1755e-36	1.1755e-36	8.5539e-16	0.00e+00	0.00e+00	1.4333e+01
3.35298e+18	4.1252e+03	9.350e-23	1.0000e+01	3.7192e+00	8.9318e-07	6.3043e-01	3.6957e-01	9.8016e-01	1.9837e-02	9.8576e-08	7.0503e-10	2.7335e-03	9.9242e-01	4.8427e-03	1.1755e-36	6.8606e-01	3.1393e-01	7.2849e-06	1.1755e-36	1.1755e-36	1.1755e-36	9.9377e-16	0.00e+00	0.00e+00	1.4511e+01
3.35756e+18	4.0510e+03	9.021e-23	1.0000e+01	3.6193e+00	9.8360e-07	6.4011e-01	3.5988e-01	9.8048e-01	1.9523e-02	9.7641e-08	7.5686e-10	2.6758e-03	9.9260e-01	4.7244e-03	1.1755e-36	6.9519e-01	3.0480e-01	6.8821e-06	1.1755e-36	1.1755e-36	1.1755e-36	1.1479e-15	0.00e+00	0.00e+00	1.4701e+01
3.36247e+18	3.9609e+03	8.680e-23	1.0000e+01	3.5143e+00	1.0935e-06	6.5101e-01	3.4899e-01	9.8085e-01	1.9155e-02	9.6288e-08	8.1478e-10	2.6177e-03	9.9279e-01	4.5900e-03	1.1755e-36	7.0543e-01	2.9457e-01	6.4617e-06	1.1755e-36	1.1755e-36	1.1755e-36	1.3339e-15	0.00e+00	0.00e+00	1.4911e+01
