#depth	Te	Htot	hden	eden	2H_2/H	HI	HII	HeI	HeII	HeIII	CO/C	C1	C2	C3	C4	O1	O2	O3	O4	O5	O6	H2O/O	AV(point)	AV(extend)	Tau912
2.01518e+14	6.3735e+03	2.710e-21	2.7826e+01	3.0264e+01	1.0692e-15	6.3101e-04	9.9937e-01	2.9669e-03	9.8170e-01	1.5336e-02	1.5149e-20	9.3271e-06	5.2576e-02	9.4110e-01	6.3135e-03	5.7346e-05	1.3382e-01	8.5927e-01	6.8470e-03	1.1755e-36	1.1755e-36	1.6712e-28	0.00e+00	0.00e+00	4.4672e-05
1.20911e+15	6.3727e+03	2.710e-21	2.7826e+01	3.0262e+01	1.0695e-15	6.3090e-04	9.9937e-01	2.9667e-03	9.8171e-01	1.5325e-02	1.5131e-20	9.3210e-06	5.2571e-02	9.4109e-01	6.3300e-03	5.7305e-05	1.3375e-01	8.5937e-01	6.8231e-03	1.1755e-36	1.1755e-36	1.6689e-28	0.00e+00	0.00e+00	2.2333e-04
5.23946e+15	6.3711e+03	2.710e-21	2.7826e+01	3.0261e+01	1.0703e-15	6.3074e-04	9.9937e-01	2.9671e-03	9.8180e-01	1.5231e-02	1.5115e-20	9.3130e-06	5.2572e-02	9.4109e-01	6.3252e-03	5.7278e-05	1.3372e-01	8.5950e-01	6.7249e-03	1.1755e-36	1.1755e-36	1.6664e-28	0.00e+00	0.00e+00	9.3778e-04
2.13609e+16	6.3661e+03	2.707e-21	2.7826e+01	3.0260e+01	1.0740e-15	6.3059e-04	9.9937e-01	2.9703e-03	9.8230e-01	1.4730e-02	1.5116e-20	9.3033e-06	5.2605e-02	9.4110e-01	6.2836e-03	5.7308e-05	1.3377e-01	8.5983e-01	6.3462e-03	1.1755e-36	1.1755e-36	1.6640e-28	0.00e+00	0.00e+00	3.7949e-03
5.10243e+16	6.3510e+03	2.697e-21	2.7826e+01	3.0259e+01	1.0797e-15	6.2862e-04	9.9937e-01	2.9711e-03	9.8259e-01	1.4441e-02	1.4999e-20	9.2609e-06	5.2617e-02	9.4112e-01	6.2478e-03	5.7150e-05	1.3367e-01	8.6044e-01	5.8286e-03	1.1755e-36	1.1755e-36	1.6421e-28	0.00e+00	0.00e+00	7.4976e-03
8.95867e+16	6.3329e+03	2.687e-21	2.7826e+01	3.0258e+01	1.0860e-15	6.2684e-04	9.9937e-01	2.9749e-03	9.8339e-01	1.3635e-02	1.4875e-20	9.2358e-06	5.2659e-02	9.4116e-01	6.1687e-03	5.7077e-05	1.3371e-01	8.6103e-01	5.2036e-03	1.1755e-36	1.1755e-36	1.6142e-28	0.00e+00	0.00e+00	1.2297e-02
1.39718e+17	6.3124e+03	2.676e-21	2.7826e+01	3.0255e+01	1.0924e-15	6.2497e-04	9.9938e-01	2.9810e-03	9.8468e-01	1.2338e-02	1.4738e-20	9.2174e-06	5.2719e-02	9.4122e-01	6.0511e-03	5.7061e-05	1.3385e-01	8.6161e-01	4.4767e-03	1.1755e-36	1.1755e-36	1.5813e-28	0.00e+00	0.00e+00	1.8519e-02
2.04888e+17	6.2866e+03	2.663e-21	2.7826e+01	3.0252e+01	1.1035e-15	6.2318e-04	9.9938e-01	2.9908e-03	9.8644e-01	1.0565e-02	1.4629e-20	9.2071e-06	5.2818e-02	9.4128e-01	5.8939e-03	5.7162e-05	1.3422e-01	8.6206e-01	3.6681e-03	1.1755e-36	1.1755e-36	1.5492e-28	0.00e+00	0.00e+00	2.6583e-02
2.89610e+17	6.2599e+03	2.647e-21	2.7826e+01	3.0247e+01	1.1189e-15	6.2109e-04	9.9938e-01	3.0024e-03	9.8857e-01	8.4236e-03	1.4591e-20	9.2006e-06	5.2938e-02	9.4135e-01	5.7065e-03	5.7356e-05	1.3479e-01	8.6233e-01	2.8208e-03	1.1755e-36	1.1755e-36	1.5297e-28	0.00e+00	0.00e+00	3.7032e-02
3.99748e+17	6.2262e+03	2.629e-21	2.7826e+01	3.0242e+01	1.1342e-15	6.1919e-04	9.9938e-01	3.0180e-03	9.9086e-01	6.1205e-03	1.4510e-20	9.2064e-06	5.3119e-02	9.4137e-01	5.4975e-03	5.7753e-05	1.3573e-01	8.6221e-01	1.9975e-03	1.1755e-36	1.1755e-36	1.4928e-28	0.00e+00	0.00e+00	5.0573e-02
5.42927e+17	6.1884e+03	2.609e-21	2.7826e+01	3.0236e+01	1.1582e-15	6.1735e-04	9.9938e-01	3.0365e-03	9.9301e-01	3.9551e-03	1.4536e-20	9.2240e-06	5.3360e-02	9.4134e-01	5.2867e-03	5.8360e-05	1.3704e-01	8.6162e-01	1.2734e-03	1.1755e-36	1.1755e-36	1.4703e-28	0.00e+00	0.00e+00	6.8124e-02
7.29061e+17	6.1466e+03	2.585e-21	2.7826e+01	3.0231e+01	1.1776e-15	6.1571e-04	9.9938e-01	3.0579e-03	9.9473e-01	2.2102e-03	1.4493e-20	9.2594e-06	5.3677e-02	9.4122e-01	5.0901e-03	5.9197e-05	1.3872e-01	8.6051e-01	7.1141e-04	1.1755e-36	1.1755e-36	1.4257e-28	0.00e+00	0.00e+00	9.0881e-02
9.71034e+17	6.0950e+03	2.559e-21	2.7826e+01	3.0227e+01	1.2124e-15	6.1498e-04	9.9939e-01	3.0855e-03	9.9588e-01	1.0347e-03	1.4576e-20	9.3230e-06	5.4131e-02	9.4095e-01	4.9098e-03	6.0373e-05	1.4083e-01	8.5877e-01	3.3772e-04	1.1755e-36	1.1755e-36	1.3925e-28	0.00e+00	0.00e+00	1.2043e-01
1.28560e+18	6.0360e+03	2.532e-21	2.7826e+01	3.0225e+01	1.2583e-15	6.1540e-04	9.9938e-01	3.1211e-03	9.9649e-01	3.9265e-04	1.4746e-20	9.4252e-06	5.4751e-02	9.4050e-01	4.7408e-03	6.1942e-05	1.4338e-01	8.5642e-01	1.3189e-04	1.1755e-36	1.1755e-36	1.3610e-28	0.00e+00	0.00e+00	1.5887e-01
1.69453e+18	5.9706e+03	2.502e-21	2.7826e+01	3.0224e+01	1.3112e-15	6.1758e-04	9.9938e-01	3.1688e-03	9.9671e-01	1.1697e-04	1.4969e-20	9.5821e-06	5.5593e-02	9.3983e-01	4.5677e-03	6.4057e-05	1.4651e-01	8.5339e-01	4.1106e-05	1.1755e-36	1.1755e-36	1.3207e-28	0.00e+00	0.00e+00	2.0902e-01
2.22615e+18	5.9005e+03	2.469e-21	2.7826e+01	3.0224e+01	1.3835e-15	6.2248e-04	9.9938e-01	3.2341e-03	9.9674e-01	2.6793e-05	1.5433e-20	9.8171e-06	5.6744e-02	9.3887e-01	4.3734e-03	6.6990e-05	1.5046e-01	8.4947e-01	1.0040e-05	1.1755e-36	1.1755e-36	1.2972e-28	0.00e+00	0.00e+00	2.7473e-01
2.91725e+18	5.8289e+03	2.435e-21	2.7826e+01	3.0223e+01	1.4720e-15	6.3155e-04	9.9937e-01	3.3254e-03	9.9667e-01	4.7708e-06	1.6188e-20	1.0169e-05	5.8333e-02	9.3751e-01	4.1449e-03	7.1158e-05	1.5559e-01	8.4434e-01	1.9387e-06	1.1755e-36	1.1755e-36	1.2854e-28	0.00e+00	0.00e+00	3.6139e-01
3.81568e+18	5.7622e+03	2.399e-21	2.7826e+01	3.0223e+01	1.5794e-15	6.4700e-04	9.9935e-01	3.4555e-03	9.9654e-01	6.9749e-07	1.7445e-20	1.0698e-05	6.0556e-02	9.3556e-01	3.8734e-03	7.7219e-05	1.6240e-01	8.3752e-01	3.0847e-07	1.1755e-36	1.1755e-36	1.2985e-28	0.00e+00	0.00e+00	4.7682e-01
4.98364e+18	5.7126e+03	2.363e-21	2.7826e+01	3.0222e+01	1.7092e-15	6.7231e-04	9.9933e-01	3.6446e-03	9.9636e-01	8.8942e-08	1.9672e-20	1.1501e-05	6.3721e-02	9.3271e-01	3.5542e-03	8.6277e-05	1.7157e-01	8.2835e-01	1.1755e-36	1.1755e-36	1.1755e-36	1.3706e-28	0.00e+00	0.00e+00	6.3274e-01
6.50199e+18	5.6801e+03	2.333e-21	2.7826e+01	3.0219e+01	1.8891e-15	7.1525e-04	9.9928e-01	3.9354e-03	9.9606e-01	1.0032e-08	2.3827e-20	1.2797e-05	6.8492e-02	9.2832e-01	3.1736e-03	1.0096e-04	1.8479e-01	8.1511e-01	1.1755e-36	1.1755e-36	1.1755e-36	1.5445e-28	0.00e+00	0.00e+00	8.4838e-01
7.72819e+18	5.6554e+03	2.302e-21	2.7826e+01	3.0217e+01	1.9263e-15	7.4274e-04	9.9926e-01	4.1370e-03	9.9586e-01	2.0421e-09	2.5301e-20	1.3682e-05	7.1820e-02	9.2525e-01	2.9203e-03	1.1208e-04	1.9458e-01	8.0531e-01	1.1755e-36	1.1755e-36	1.1755e-36	1.4993e-28	0.00e+00	0.00e+00	9.4441e-01
8.50101e+18	5.6923e+03	2.293e-21	2.7826e+01	3.0216e+01	1.9501e-15	7.7137e-04	9.9923e-01	4.3200e-03	9.9568e-01	8.6769e-10	2.8341e-20	1.4535e-05	7.4704e-02	9.2252e-01	2.7637e-03	1.2206e-04	2.0201e-01	7.9787e-01	1.1755e-36	1.1755e-36	1.1755e-36	1.6403e-28	0.00e+00	0.00e+00	1.0541e+00
9.35111e+18	5.7342e+03	2.287e-21	2.7826e+01	3.0214e+01	2.0252e-15	8.0772e-04	9.9919e-01	4.5489e-03	9.9545e-01	3.6139e-10	3.3118e-20	1.5608e-05	7.8261e-02	9.1913e-01	2.5955e-03	1.3493e-04	2.1098e-01	7.8889e-01	1.1755e-36	1.1755e-36	1.1755e-36	1.9027e-28	0.00e+00	0.00e+00	1.1805e+00
1.02862e+19	5.7924e+03	2.285e-21	2.7826e+01	3.0212e+01	2.1013e-15	8.5334e-04	9.9915e-01	4.8358e-03	9.9516e-01	1.4770e-10	3.9814e-20	1.6963e-05	8.2650e-02	9.1492e-01	2.4174e-03	1.5169e-04	2.2180e-01	7.7805e-01	1.1755e-36	1.1755e-36	1.1755e-36	2.2690e-28	0.00e+00	0.00e+00	1.3273e+00
1.13148e+19	5.8697e+03	2.285e-21	2.7826e+01	3.0209e+01	2.2046e-15	9.1153e-04	9.9909e-01	5.2036e-03	9.9480e-01	5.9232e-11	5.0139e-20	1.8705e-05	8.8173e-02	9.0958e-01	2.2283e-03	1.7411e-04	2.3505e-01	7.6477e-01	1.1755e-36	1.1755e-36	1.1755e-36	2.8629e-28	0.00e+00	0.00e+00	1.4999e+00
1.24463e+19	5.9703e+03	2.290e-21	2.7826e+01	3.0206e+01	2.3333e-15	9.8723e-04	9.9901e-01	5.6888e-03	9.9431e-01	2.3308e-11	6.6550e-20	2.1006e-05	9.5298e-02	9.0265e-01	2.0270e-03	2.0525e-04	2.5175e-01	7.4804e-01	1.1755e-36	1.1755e-36	1.1755e-36	3.8253e-28	0.00e+00	0.00e+00	1.7054e+00
1.36910e+19	6.0990e+03	2.300e-21	2.7826e+01	3.0201e+01	2.5176e-15	1.0883e-03	9.9891e-01	6.3523e-03	9.9365e-01	9.0015e-12	9.5103e-20	2.4137e-05	1.0477e-01	8.9339e-01	1.8118e-03	2.5047e-04	2.7341e-01	7.2634e-01	1.1755e-36	1.1755e-36	1.1755e-36	5.5619e-28	0.00e+00	0.00e+00	1.9547e+00
1.49298e+19	6.2504e+03	2.316e-21	2.7826e+01	3.0195e+01	2.7263e-15	1.2120e-03	9.9879e-01	7.1888e-03	9.9281e-01	3.7544e-12	1.4091e-19	2.8028e-05	1.1631e-01	8.8205e-01	1.6073e-03	3.1153e-04	2.9921e-01	7.0048e-01	1.1755e-36	1.1755e-36	1.1755e-36	8.4029e-28	0.00e+00	0.00e+00	2.2046e+00
1.59904e+19	6.3998e+03	2.336e-21	2.7826e+01	3.0188e+01	2.9662e-15	1.3442e-03	9.9866e-01	8.1228e-03	9.9188e-01	1.8743e-12	2.0753e-19	3.2263e-05	1.2870e-01	8.6983e-01	1.4353e-03	3.8397e-04	3.2620e-01	6.7341e-01	1.1755e-36	1.1755e-36	1.1755e-36	1.2675e-27	0.00e+00	0.00e+00	2.4283e+00
1.68619e+19	6.5346e+03	2.357e-21	2.7826e+01	3.0182e+01	3.2242e-15	1.4779e-03	9.9852e-01	9.1189e-03	9.9088e-01	1.0916e-12	2.9711e-19	3.6648e-05	1.4136e-01	8.5731e-01	1.2925e-03	4.6483e-04	3.5300e-01	6.4653e-01	1.1755e-36	1.1755e-36	1.1755e-36	1.8502e-27	0.00e+00	0.00e+00	2.6349e+00
1.76259e+19	6.6607e+03	2.377e-21	2.7826e+01	3.0174e+01	3.5412e-15	1.6193e-03	9.9838e-01	1.0232e-02	9.8977e-01	6.9114e-13	4.2426e-19	4.1386e-05	1.5492e-01	8.4388e-01	1.1651e-03	5.5853e-04	3.8079e-01	6.1865e-01	1.1755e-36	1.1755e-36	1.1755e-36	2.7048e-27	0.00e+00	0.00e+00	2.8432e+00
1.83411e+19	6.7858e+03	2.399e-21	2.7826e+01	3.0166e+01	3.9189e-15	1.7776e-03	9.9822e-01	1.1557e-02	9.8844e-01	4.5718e-13	6.1164e-19	4.6803e-05	1.7030e-01	8.2861e-01	1.0443e-03	6.7331e-04	4.1126e-01	5.8807e-01	1.1755e-36	1.1755e-36	1.1755e-36	3.9822e-27	0.00e+00	0.00e+00	3.0612e+00
1.90141e+19	6.9111e+03	2.422e-21	2.7826e+01	3.0157e+01	4.3669e-15	1.9561e-03	9.9804e-01	1.3160e-02	9.8684e-01	3.1448e-13	8.9067e-19	5.3036e-05	1.8788e-01	8.1113e-01	9.2971e-04	8.1485e-04	4.4476e-01	5.5443e-01	1.1755e-36	1.1755e-36	1.1755e-36	5.9065e-27	0.00e+00	0.00e+00	3.2838e+00
1.96294e+19	7.0325e+03	2.445e-21	2.7826e+01	3.0146e+01	4.9010e-15	2.1521e-03	9.9785e-01	1.5069e-02	9.8493e-01	2.2611e-13	1.3001e-18	6.0023e-05	2.0751e-01	7.9161e-01	8.2365e-04	9.8443e-04	4.8044e-01	5.1858e-01	1.1755e-36	1.1755e-36	1.1755e-36	8.7795e-27	0.00e+00	0.00e+00	3.5041e+00
2.01818e+19	7.1465e+03	2.468e-21	2.7826e+01	3.0134e+01	5.5103e-15	2.3629e-03	9.9764e-01	1.7316e-02	9.8268e-01	1.6958e-13	1.8806e-18	6.7695e-05	2.2896e-01	7.7025e-01	7.2696e-04	1.1823e-03	5.1739e-01	4.8143e-01	1.1755e-36	1.1755e-36	1.1755e-36	1.2878e-26	0.00e+00	0.00e+00	3.7208e+00
2.06788e+19	7.2526e+03	2.490e-21	2.7826e+01	3.0120e+01	6.2210e-15	2.5889e-03	9.9741e-01	1.9976e-02	9.8002e-01	1.3163e-13	2.7008e-18	7.6085e-05	2.5233e-01	7.4695e-01	6.3865e-04	1.4111e-03	5.5525e-01	4.4334e-01	1.1755e-36	1.1755e-36	1.1755e-36	1.8731e-26	0.00e+00	0.00e+00	3.9354e+00
2.11305e+19	7.3513e+03	2.511e-21	2.7826e+01	3.0105e+01	7.0420e-15	2.8328e-03	9.9717e-01	2.3179e-02	9.7682e-01	1.0494e-13	3.8509e-18	8.5305e-05	2.7795e-01	7.2141e-01	5.5732e-04	1.6754e-03	5.9394e-01	4.0438e-01	1.1755e-36	1.1755e-36	1.1755e-36	2.6959e-26	0.00e+00	0.00e+00	4.1502e+00
2.15441e+19	7.4429e+03	2.532e-21	2.7826e+01	3.0088e+01	8.0122e-15	3.0973e-03	9.9690e-01	2.7101e-02	9.7290e-01	8.5462e-14	5.4699e-18	9.5466e-05	3.0610e-01	6.9332e-01	4.8219e-04	1.9802e-03	6.3331e-01	3.6471e-01	1.1755e-36	1.1755e-36	1.1755e-36	3.8617e-26	0.00e+00	0.00e+00	4.3654e+00
2.19227e+19	7.5298e+03	2.552e-21	2.7826e+01	3.0070e+01	9.1593e-15	3.3832e-03	9.9662e-01	3.2030e-02	9.6797e-01	7.0948e-14	7.7482e-18	1.0671e-04	3.3701e-01	6.6247e-01	4.1307e-04	2.3285e-03	6.7289e-01	3.2478e-01	1.1755e-36	1.1755e-36	1.1755e-36	5.5237e-26	0.00e+00	0.00e+00	4.5803e+00
2.22686e+19	7.6097e+03	2.573e-21	2.7826e+01	3.0051e+01	1.0510e-14	3.6907e-03	9.9631e-01	3.8273e-02	9.6173e-01	5.9828e-14	1.0907e-17	1.1896e-04	3.7055e-01	6.2898e-01	3.4987e-04	2.7220e-03	7.1217e-01	2.8510e-01	1.1755e-36	1.1755e-36	1.1755e-36	7.8547e-26	0.00e+00	0.00e+00	4.7945e+00
2.25851e+19	7.6710e+03	2.593e-21	2.7826e+01	3.0019e+01	1.2085e-14	4.0273e-03	9.9597e-01	4.6209e-02	9.5379e-01	5.0955e-14	1.5129e-17	1.3228e-04	4.0739e-01	5.9218e-01	2.9174e-04	3.1687e-03	7.5077e-01	2.4606e-01	1.1755e-36	1.1755e-36	1.1755e-36	1.0855e-25	0.00e+00	0.00e+00	5.0085e+00
2.28748e+19	7.7334e+03	2.611e-21	2.7826e+01	2.9984e+01	1.3925e-14	4.3860e-03	9.9561e-01	5.6607e-02	9.4339e-01	4.3830e-14	2.0901e-17	1.4658e-04	4.4668e-01	5.5293e-01	2.3966e-04	3.6630e-03	7.8801e-01	2.0833e-01	1.1755e-36	1.1755e-36	1.1755e-36	1.5052e-25	0.00e+00	0.00e+00	5.2220e+00
2.31057e+19	7.7721e+03	2.627e-21	2.7826e+01	2.9940e+01	1.5803e-14	4.7217e-03	9.9528e-01	6.8416e-02	9.3158e-01	3.8634e-14	2.7353e-17	1.5968e-04	4.8300e-01	5.1665e-01	1.9922e-04	4.1381e-03	8.1938e-01	1.7648e-01	1.1755e-36	1.1755e-36	1.1755e-36	1.9637e-25	0.00e+00	0.00e+00	5.3752e+00
2.32645e+19	7.8109e+03	2.636e-21	2.7826e+01	2.9909e+01	1.7269e-14	4.9767e-03	9.9502e-01	7.9862e-02	9.2014e-01	3.5419e-14	3.3316e-17	1.6993e-04	5.1111e-01	4.8855e-01	1.7191e-04	4.5093e-03	8.4158e-01	1.5391e-01	1.1755e-36	1.1755e-36	1.1755e-36	2.3982e-25	0.00e+00	0.00e+00	5.4913e+00
2.33904e+19	7.8317e+03	2.644e-21	2.7826e+01	2.9872e+01	1.8669e-14	5.2007e-03	9.9480e-01	9.1485e-02	9.0851e-01	3.2785e-14	3.9066e-17	1.7859e-04	5.3519e-01	4.6448e-01	1.5044e-04	4.8368e-03	8.5929e-01	1.3587e-01	1.1755e-36	1.1755e-36	1.1755e-36	2.8079e-25	0.00e+00	0.00e+00	5.6001e+00
2.35273e+19	7.8540e+03	2.652e-21	2.7826e+01	2.9830e+01	2.0516e-14	5.4669e-03	9.9453e-01	1.0801e-01	8.9199e-01	2.9921e-14	4.6947e-17	1.8887e-04	5.6315e-01	4.3653e-01	1.2752e-04	5.2276e-03	8.7835e-01	1.1642e-01	1.1755e-36	1.1755e-36	1.1755e-36	3.3896e-25	0.00e+00	0.00e+00	5.7488e+00
2.36690e+19	7.8755e+03	2.662e-21	2.7826e+01	2.9783e+01	2.2789e-14	5.7679e-03	9.9423e-01	1.3157e-01	8.6843e-01	2.6988e-14	5.7189e-17	2.0012e-04	5.9383e-01	4.0587e-01	1.0542e-04	5.6745e-03	8.9825e-01	9.6071e-02	1.1755e-36	1.1755e-36	1.1755e-36	4.1638e-25	0.00e+00	0.00e+00	5.8791e+00
2.37775e+19	7.8886e+03	2.667e-21	2.7826e+01	2.9720e+01	2.4709e-14	6.0197e-03	9.9398e-01	1.5685e-01	8.4315e-01	2.4676e-14	6.6465e-17	2.0917e-04	6.1909e-01	3.8061e-01	8.9081e-05	6.0530e-03	9.1372e-01	8.0228e-02	1.1755e-36	1.1755e-36	1.1755e-36	4.8366e-25	0.00e+00	0.00e+00	5.9726e+00
2.38562e+19	7.8989e+03	2.667e-21	2.7826e+01	2.9654e+01	2.6210e-14	6.2116e-03	9.9379e-01	1.8082e-01	8.1918e-01	2.2892e-14	7.4154e-17	2.1579e-04	6.3800e-01	3.6171e-01	7.7651e-05	6.3438e-03	9.2479e-01	6.8864e-02	1.1755e-36	1.1755e-36	1.1755e-36	5.3886e-25	0.00e+00	0.00e+00	6.0479e+00
2.39246e+19	7.9064e+03	2.666e-21	2.7826e+01	2.9587e+01	2.7682e-14	6.3869e-03	9.9361e-01	2.0686e-01	7.9314e-01	2.1223e-14	8.1749e-17	2.2157e-04	6.5462e-01	3.4509e-01	6.8060e-05	6.6090e-03	9.3413e-01	5.9258e-02	1.1755e-36	1.1755e-36	1.1755e-36	5.9416e-25	0.00e+00	0.00e+00	6.1240e+00
2.40025e+19	7.9135e+03	2.663e-21	2.7826e+01	2.9503e+01	2.9626e-14	6.5987e-03	9.9340e-01	2.4445e-01	7.5555e-01	1.9196e-14	9.1788e-17	2.2818e-04	6.7358e-01	3.2614e-01	5.7576e-05	6.9268e-03	9.4431e-01	4.8763e-02	1.1755e-36	1.1755e-36	1.1755e-36	6.6964e-25	0.00e+00	0.00e+00	6.2260e+00
2.40829e+19	7.9149e+03	2.658e-21	2.7826e+01	2.9393e+01	3.1923e-14	6.8291e-03	9.9317e-01	2.9561e-01	7.0439e-01	1.6888e-14	1.0346e-16	2.3470e-04	6.9276e-01	3.0696e-01	4.7706e-05	7.2712e-03	9.5437e-01	3.8364e-02	1.1755e-36	1.1755e-36	1.1755e-36	7.5710e-25	0.00e+00	0.00e+00	6.3133e+00
2.41453e+19	7.9166e+03	2.647e-21	2.7826e+01	2.9265e+01	3.3737e-14	7.0099e-03	9.9299e-01	3.4783e-01	6.5217e-01	1.4903e-14	1.1310e-16	2.3924e-04	7.0721e-01	2.9251e-01	4.0526e-05	7.5431e-03	9.6179e-01	3.0671e-02	1.1755e-36	1.1755e-36	1.1755e-36	8.2631e-25	0.00e+00	0.00e+00	6.3774e+00
2.41934e+19	7.9128e+03	2.634e-21	2.7826e+01	2.9136e+01	3.5309e-14	7.1530e-03	9.9285e-01	3.9705e-01	6.0295e-01	1.3224e-14	1.2100e-16	2.4234e-04	7.1784e-01	2.8188e-01	3.5265e-05	7.7563e-03	9.6706e-01	2.5181e-02	1.1755e-36	1.1755e-36	1.1755e-36	8.8132e-25	0.00e+00	0.00e+00	6.4330e+00
2.42443e+19	7.9062e+03	2.619e-21	2.7826e+01	2.8995e+01	3.6989e-14	7.3127e-03	9.9269e-01	4.5769e-01	5.4231e-01	1.1284e-14	1.2944e-16	2.4539e-04	7.2842e-01	2.7130e-01	2.9954e-05	7.9887e-03	9.7202e-01	1.9989e-02	1.1755e-36	1.1755e-36	1.1755e-36	9.3532e-25	0.00e+00	0.00e+00	6.5069e+00
2.43013e+19	7.8934e+03	2.599e-21	2.7826e+01	2.8824e+01	3.9460e-14	7.4999e-03	9.9250e-01	5.3636e-01	4.6364e-01	9.1027e-15	1.4082e-16	2.4834e-04	7.3910e-01	2.6063e-01	2.4636e-05	8.2548e-03	9.7682e-01	1.4929e-02	1.1755e-36	1.1755e-36	1.1755e-36	1.0179e-24	0.00e+00	0.00e+00	6.5814e+00
2.43542e+19	7.8804e+03	2.574e-21	2.7826e+01	2.8630e+01	4.1862e-14	7.6746e-03	9.9233e-01	6.1821e-01	3.8179e-01	7.0986e-15	1.5161e-16	2.5031e-04	7.4769e-01	2.5204e-01	2.0209e-05	8.4995e-03	9.8052e-01	1.0981e-02	1.1755e-36	1.1755e-36	1.1755e-36	1.0942e-24	0.00e+00	0.00e+00	6.6479e+00
2.44031e+19	7.8642e+03	2.548e-21	2.7826e+01	2.8432e+01	4.4348e-14	7.8418e-03	9.9216e-01	6.9603e-01	3.0397e-01	5.3719e-15	1.6199e-16	2.5158e-04	7.5446e-01	2.4527e-01	1.6539e-05	8.7278e-03	9.8322e-01	8.0564e-03	1.1755e-36	1.1755e-36	1.1755e-36	1.1679e-24	0.00e+00	0.00e+00	6.7146e+00
2.44589e+19	7.8430e+03	2.522e-21	2.7826e+01	2.8230e+01	4.7606e-14	8.0496e-03	9.9195e-01	7.7841e-01	2.2159e-01	3.7046e-15	1.7491e-16	2.5284e-04	7.6103e-01	2.3870e-01	1.2867e-05	9.0021e-03	9.8545e-01	5.5493e-03	1.1755e-36	1.1755e-36	1.1755e-36	1.2660e-24	0.00e+00	0.00e+00	6.8037e+00
2.45313e+19	7.8174e+03	2.495e-21	2.7826e+01	2.8022e+01	5.2354e-14	8.3472e-03	9.9165e-01	8.6406e-01	1.3594e-01	2.1244e-15	1.9318e-16	2.5438e-04	7.6801e-01	2.3173e-01	9.0622e-06	9.3832e-03	9.8727e-01	3.3493e-03	1.1755e-36	1.1755e-36	1.1755e-36	1.4176e-24	0.00e+00	0.00e+00	6.9238e+00
2.46255e+19	7.7961e+03	2.476e-21	2.7826e+01	2.7827e+01	5.9091e-14	8.7754e-03	9.9122e-01	9.3393e-01	6.6074e-02	9.5489e-16	2.1910e-16	2.5630e-04	7.7526e-01	2.2447e-01	5.5686e-06	9.9189e-03	9.8837e-01	1.7086e-03	1.1755e-36	1.1755e-36	1.1755e-36	1.6585e-24	0.00e+00	0.00e+00	7.0880e+00
2.47479e+19	7.7827e+03	2.472e-21	2.7826e+01	2.7666e+01	6.8324e-14	9.4081e-03	9.9059e-01	9.7515e-01	2.4852e-02	3.2772e-16	2.5496e-16	2.5897e-04	7.8333e-01	2.1641e-01	2.8738e-06	1.0698e-02	9.8859e-01	7.1436e-04	1.1755e-36	1.1755e-36	1.1755e-36	2.0164e-24	0.00e+00	0.00e+00	7.3168e+00
2.49071e+19	7.7729e+03	2.489e-21	2.7826e+01	2.7581e+01	8.5428e-14	1.0397e-02	9.8960e-01	9.9266e-01	7.3445e-03	8.7545e-17	3.2260e-16	2.6350e-04	7.9367e-01	2.0606e-01	1.1920e-06	1.1907e-02	9.8785e-01	2.3800e-04	1.1755e-36	1.1755e-36	1.1755e-36	2.8187e-24	0.00e+00	0.00e+00	7.6455e+00
2.51141e+19	7.7652e+03	2.524e-21	2.7826e+01	2.7519e+01	1.1859e-13	1.2000e-02	9.8800e-01	9.9826e-01	1.7417e-03	1.8481e-17	4.5620e-16	2.7003e-04	8.0763e-01	1.9210e-01	3.7601e-07	1.3865e-02	9.8607e-01	6.1205e-05	1.1755e-36	1.1755e-36	1.1755e-36	4.6892e-24	0.00e+00	0.00e+00	8.1387e+00
2.53312e+19	7.7422e+03	2.574e-21	2.7826e+01	2.7466e+01	1.8072e-13	1.4341e-02	9.8566e-01	9.9958e-01	4.2483e-04	4.0350e-18	7.0412e-16	2.7760e-04	8.2347e-01	1.7625e-01	1.1755e-36	1.6730e-02	9.8325e-01	1.5228e-05	1.1755e-36	1.1755e-36	1.1755e-36	8.9464e-24	0.00e+00	0.00e+00	8.6437e+00
2.55028e+19	7.7184e+03	2.617e-21	2.7826e+01	2.7408e+01	2.6339e-13	1.6966e-02	9.8303e-01	9.9985e-01	1.5494e-04	1.3558e-18	1.0333e-15	2.8402e-04	8.3742e-01	1.6229e-01	1.1755e-36	1.9949e-02	9.8005e-01	5.3422e-06	1.1755e-36	1.1755e-36	1.1755e-36	1.5673e-23	0.00e+00	0.00e+00	9.0688e+00
2.56321e+19	7.6905e+03	2.652e-21	2.7826e+01	2.7340e+01	3.6335e-13	1.9614e-02	9.8039e-01	9.9992e-01	7.5908e-05	6.2427e-19	1.4250e-15	2.8909e-04	8.4901e-01	1.5070e-01	1.1755e-36	2.3201e-02	9.7680e-01	2.4709e-06	1.1755e-36	1.1755e-36	1.1755e-36	2.4965e-23	0.00e+00	0.00e+00	9.4685e+00
2.57450e+19	7.6568e+03	2.683e-21	2.7826e+01	2.7262e+01	4.9748e-13	2.2592e-02	9.7741e-01	9.9996e-01	4.1441e-05	3.2248e-19	1.9403e-15	2.9379e-04	8.5993e-01	1.3978e-01	1.1755e-36	2.6862e-02	9.7314e-01	1.2569e-06	1.1755e-36	1.1755e-36	1.1755e-36	3.8968e-23	0.00e+00	0.00e+00	9.9044e+00
2.58541e+19	7.6180e+03	2.711e-21	2.7826e+01	2.7145e+01	6.9962e-13	2.6324e-02	9.7368e-01	9.9998e-01	2.3401e-05	1.7277e-19	2.7021e-15	2.9797e-04	8.7114e-01	1.2856e-01	1.1755e-36	3.1451e-02	9.6855e-01	6.4971e-07	1.1755e-36	1.1755e-36	1.1755e-36	6.2861e-23	0.00e+00	0.00e+00	1.0406e+01
2.59576e+19	7.5770e+03	2.735e-21	2.7826e+01	2.6992e+01	1.0098e-12	3.1069e-02	9.6893e-01	9.9999e-01	1.3807e-05	9.7176e-20	3.8514e-15	3.0186e-04	8.8248e-01	1.1722e-01	1.1755e-36	3.7284e-02	9.6272e-01	3.4463e-07	1.1755e-36	1.1755e-36	1.1755e-36	1.0489e-22	0.00e+00	0.00e+00	1.0944e+01
2.60544e+19	7.5118e+03	2.761e-21	2.7826e+01	2.6821e+01	1.5259e-12	3.7238e-02	9.6276e-01	9.9999e-01	8.4983e-06	5.7101e-20	5.6610e-15	3.0582e-04	8.9419e-01	1.0550e-01	1.1755e-36	4.4860e-02	9.5514e-01	1.8654e-07	1.1755e-36	1.1755e-36	1.1755e-36	1.8287e-22	0.00e+00	0.00e+00	1.1566e+01
2.61439e+19	7.4468e+03	2.778e-21	2.7826e+01	2.6597e+01	2.3771e-12	4.5300e-02	9.5470e-01	9.9999e-01	5.4835e-06	3.5397e-20	8.5580e-15	3.0900e-04	9.0580e-01	9.3894e-02	1.1755e-36	5.4742e-02	9.4526e-01	1.0343e-07	1.1755e-36	1.1755e-36	1.1755e-36	3.3276e-22	0.00e+00	0.00e+00	1.2234e+01
2.62214e+19	7.3778e+03	2.788e-21	2.7826e+01	2.6357e+01	3.7611e-12	5.5451e-02	9.4455e-01	1.0000e+00	3.7758e-06	2.3565e-20	1.3085e-14	3.1156e-04	9.1679e-01	8.2902e-02	1.1755e-36	6.7142e-02	9.3286e-01	6.0233e-08	1.1755e-36	1.1755e-36	1.1755e-36	6.1699e-22	0.00e+00	0.00e+00	1.2925e+01
2.62875e+19	7.3099e+03	2.779e-21	2.7826e+01	2.6026e+01	5.9544e-12	6.7874e-02	9.3213e-01	1.0000e+00	2.7442e-06	1.6706e-20	1.9930e-14	3.1255e-04	9.2681e-01	7.2879e-02	1.1755e-36	8.2254e-02	9.1775e-01	3.6675e-08	1.1755e-36	1.1755e-36	1.1755e-36	1.1392e-21	0.00e+00	0.00e+00	1.3657e+01
2.63453e+19	7.2405e+03	2.750e-21	2.7826e+01	2.5607e+01	9.5321e-12	8.3415e-02	9.1658e-01	1.0000e+00	2.0699e-06	1.2384e-20	3.0531e-14	3.1201e-04	9.3611e-01	6.3581e-02	1.1755e-36	1.0105e-01	8.9895e-01	2.2911e-08	1.1755e-36	1.1755e-36	1.1755e-36	2.1257e-21	0.00e+00	0.00e+00	1.4450e+01
2.63952e+19	7.1678e+03	2.699e-21	2.7826e+01	2.5083e+01	1.5418e-11	1.0280e-01	8.9720e-01	1.0000e+00	1.6154e-06	9.5759e-21	4.6919e-14	3.0971e-04	9.4460e-01	5.5085e-02	1.1755e-36	1.2431e-01	8.7569e-01	1.4667e-08	1.1755e-36	1.1755e-36	1.1755e-36	3.9929e-21	0.00e+00	0.00e+00	1.5277e+01
2.64367e+19	7.0919e+03	2.624e-21	2.7826e+01	2.4452e+01	2.4719e-11	1.2585e-01	8.7415e-01	1.0000e+00	1.3095e-06	7.7594e-21	7.0905e-14	3.0551e-04	9.5202e-01	4.7678e-02	1.1755e-36	1.5169e-01	8.4831e-01	9.7354e-09	1.1755e-36	1.1755e-36	1.1755e-36	7.3293e-21	0.00e+00	0.00e+00	1.6099e+01
2.64705e+19	7.0162e+03	2.518e-21	2.7826e+01	2.3641e+01	3.8405e-11	1.5144e-01	8.4856e-01	1.0000e+00	1.1001e-06	6.5952e-21	1.0281e-13	2.9839e-04	9.5814e-01	4.1564e-02	1.1755e-36	1.8176e-01	8.1824e-01	6.7404e-09	1.1755e-36	1.1755e-36	1.1755e-36	1.2644e-20	0.00e+00	0.00e+00	1.6908e+01
2.64989e+19	6.9284e+03	2.402e-21	2.7826e+01	2.2822e+01	5.9383e-11	1.8077e-01	8.1923e-01	1.0000e+00	9.4324e-07	5.7374e-21	1.4689e-13	2.9091e-04	9.6356e-01	3.6153e-02	1.1755e-36	2.1579e-01	7.8421e-01	4.7702e-09	1.1755e-36	1.1755e-36	1.1755e-36	2.1403e-20	0.00e+00	0.00e+00	1.7750e+01
2.65239e+19	6.8253e+03	2.263e-21	2.7826e+01	2.1884e+01	9.2214e-11	2.1464e-01	7.8535e-01	1.0000e+00	8.2442e-07	5.1241e-21	2.0710e-13	2.8153e-04	9.6839e-01	3.1332e-02	1.1755e-36	2.5451e-01	7.4549e-01	3.4117e-09	1.1755e-36	1.1755e-36	1.1755e-36	3.5518e-20	0.00e+00	0.00e+00	1.8633e+01
2.65459e+19	6.7028e+03	2.102e-21	2.7826e+01	2.0808e+01	1.4402e-10	2.5309e-01	7.4691e-01	1.0000e+00	7.3317e-07	4.6952e-21	2.8697e-13	2.7016e-04	9.7265e-01	2.7079e-02	1.1755e-36	2.9772e-01	7.0228e-01	2.4647e-09	1.1755e-36	1.1755e-36	1.1755e-36	5.7393e-20	0.00e+00	0.00e+00	1.9547e+01
2.65641e+19	6.5680e+03	1.936e-21	2.7826e+01	1.9689e+01	2.2026e-10	2.9328e-01	7.0672e-01	1.0000e+00	6.6646e-07	4.4230e-21	3.8307e-13	2.5783e-04	9.7617e-01	2.3573e-02	1.1755e-36	3.4210e-01	6.5790e-01	1.8347e-09	1.1755e-36	1.1755e-36	1.1755e-36	8.7701e-20	0.00e+00	0.00e+00	2.0366e+01
2.65776e+19	6.4394e+03	1.791e-21	2.7826e+01	1.8690e+01	3.1475e-10	3.2915e-01	6.7085e-01	1.0000e+00	6.2328e-07	4.2841e-21	4.7899e-13	2.4652e-04	9.7875e-01	2.0999e-02	1.1755e-36	3.8101e-01	6.1899e-01	1.4479e-09	1.1755e-36	1.1755e-36	1.1755e-36	1.2159e-19	0.00e+00	0.00e+00	2.1012e+01
2.65874e+19	6.3258e+03	1.675e-21	2.7826e+01	1.7884e+01	4.1826e-10	3.5859e-01	6.4141e-01	1.0000e+00	5.9551e-07	4.2171e-21	5.6481e-13	2.3725e-04	9.8060e-01	1.9158e-02	1.1755e-36	4.1248e-01	5.8752e-01	1.2072e-09	1.1755e-36	1.1755e-36	1.1755e-36	1.5460e-19	0.00e+00	0.00e+00	2.1540e+01
2.65953e+19	6.2177e+03	1.573e-21	2.7826e+01	1.7155e+01	5.3574e-10	3.8432e-01	6.1568e-01	1.0000e+00	5.7562e-07	4.1939e-21	6.4378e-13	2.2877e-04	9.8206e-01	1.7709e-02	1.1755e-36	4.3965e-01	5.6035e-01	1.0360e-09	1.1755e-36	1.1755e-36	1.1755e-36	1.8676e-19	0.00e+00	0.00e+00	2.2041e+01
2.66025e+19	6.1049e+03	1.476e-21	2.7826e+01	1.6448e+01	6.8314e-10	4.0964e-01	5.9036e-01	1.0000e+00	5.5758e-07	4.1798e-21	7.2572e-13	2.2050e-04	9.8337e-01	1.6406e-02	1.1755e-36	4.6608e-01	5.3392e-01	8.9603e-10	1.1755e-36	1.1755e-36	1.1755e-36	2.2195e-19	0.00e+00	0.00e+00	2.2544e+01
2.66093e+19	5.9854e+03	1.381e-21	2.7826e+01	1.5743e+01	8.7210e-10	4.3489e-01	5.6511e-01	1.0000e+00	5.4161e-07	4.1824e-21	8.1112e-13	2.1217e-04	9.8457e-01	1.5215e-02	1.1755e-36	4.9216e-01	5.0784e-01	7.7871e-10	1.1755e-36	1.1755e-36	1.1755e-36	2.6042e-19	0.00e+00	0.00e+00	2.3041e+01
2.66154e+19	5.8632e+03	1.292e-21	2.7826e+01	1.5063e+01	1.1073e-09	4.5924e-01	5.4076e-01	1.0000e+00	5.2844e-07	4.2042e-21	8.9678e-13	2.0409e-04	9.8564e-01	1.4156e-02	1.1755e-36	5.1702e-01	4.8298e-01	6.8263e-10	1.1755e-36	1.1755e-36	1.1755e-36	3.0080e-19	0.00e+00	0.00e+00	2.3510e+01
2.66209e+19	5.7396e+03	1.212e-21	2.7826e+01	1.4433e+01	1.3943e-09	4.8208e-01	5.1792e-01	1.0000e+00	5.1744e-07	4.2345e-21	9.8055e-13	1.9660e-04	9.8657e-01	1.3231e-02	1.1755e-36	5.4010e-01	4.5990e-01	6.0504e-10	1.1755e-36	1.1755e-36	1.1755e-36	3.4215e-19	0.00e+00	0.00e+00	2.3946e+01
2.66258e+19	5.6182e+03	1.138e-21	2.7826e+01	1.3840e+01	1.7373e-09	5.0337e-01	4.9663e-01	1.0000e+00	5.0859e-07	4.2786e-21	1.0612e-12	1.8949e-04	9.8739e-01	1.2420e-02	1.1755e-36	5.6142e-01	4.3858e-01	5.4138e-10	1.1755e-36	1.1755e-36	1.1755e-36	3.8377e-19	0.00e+00	0.00e+00	2.4364e+01
2.66304e+19	5.4944e+03	1.070e-21	2.7826e+01	1.3274e+01	2.1596e-09	5.2373e-01	4.7627e-01	1.0000e+00	5.0080e-07	4.3286e-21	1.1412e-12	1.8270e-04	9.8813e-01	1.1688e-02	1.1755e-36	5.8162e-01	4.1838e-01	4.8736e-10	1.1755e-36	1.1755e-36	1.1755e-36	4.2717e-19	0.00e+00	0.00e+00	2.4769e+01
2.66347e+19	5.3690e+03	1.005e-21	2.7826e+01	1.2730e+01	2.6791e-09	5.4329e-01	4.5671e-01	1.0000e+00	4.9413e-07	4.3867e-21	1.2213e-12	1.7615e-04	9.8880e-01	1.1020e-02	1.1755e-36	6.0086e-01	3.9914e-01	4.4086e-10	1.1755e-36	1.1755e-36	1.1755e-36	4.7324e-19	0.00e+00	0.00e+00	2.5164e+01
2.66381e+19	5.2665e+03	9.556e-22	2.7826e+01	1.2296e+01	3.1895e-09	5.5891e-01	4.4109e-01	1.0000e+00	4.8924e-07	4.4413e-21	1.2880e-12	1.7087e-04	9.8932e-01	1.0512e-02	1.1755e-36	6.1612e-01	3.8388e-01	4.0722e-10	1.1755e-36	1.1755e-36	1.1755e-36	5.1403e-19	0.00e+00	0.00e+00	2.5432e+01
2.66406e+19	5.1856e+03	9.191e-22	2.7826e+01	1.1971e+01	3.6480e-09	5.7052e-01	4.2948e-01	1.0000e+00	4.8657e-07	4.4921e-21	1.3394e-12	1.6694e-04	9.8969e-01	1.0146e-02	1.1755e-36	6.2739e-01	3.7261e-01	3.8387e-10	1.1755e-36	1.1755e-36	1.1755e-36	5.4725e-19	0.00e+00	0.00e+00	2.5656e+01
2.66429e+19	5.1014e+03	8.845e-22	2.7826e+01	1.1658e+01	4.1817e-09	5.8186e-01	4.1814e-01	1.0000e+00	4.8350e-07	4.5355e-21	1.3924e-12	1.6320e-04	9.9004e-01	9.7979e-03	1.1755e-36	6.3833e-01	3.6167e-01	3.6241e-10	1.1755e-36	1.1755e-36	1.1755e-36	5.8341e-19	0.00e+00	0.00e+00	2.5903e+01
2.66455e+19	5.0061e+03	8.470e-22	2.7826e+01	1.1315e+01	4.8698e-09	5.9437e-01	4.0563e-01	1.0000e+00	4.7986e-07	4.5821e-21	1.4541e-12	1.5910e-04	9.9042e-01	9.4231e-03	1.1755e-36	6.5038e-01	3.4962e-01	3.3999e-10	1.1755e-36	1.1755e-36	1.1755e-36	6.2822e-19	0.00e+00	0.00e+00	2.6181e+01
2.66481e+19	4.9019e+03	8.084e-22	2.7826e+01	1.0950e+01	5.7163e-09	6.0736e-01	3.9264e-01	1.0000e+00	4.7643e-07	4.6388e-21	1.5147e-12	1.5471e-04	9.9082e-01	9.0291e-03	1.1755e-36	6.6281e-01	3.3719e-01	3.1822e-10	1.1755e-36	1.1755e-36	1.1755e-36	6.7173e-19	0.00e+00	0.00e+00	2.6464e+01
2.66507e+19	4.7949e+03	7.717e-22	2.7826e+01	1.0596e+01	6.7081e-09	6.2016e-01	3.7984e-01	1.0000e+00	4.7319e-07	4.6949e-21	1.5759e-12	1.5050e-04	9.9120e-01	8.6496e-03	1.1755e-36	6.7499e-01	3.2501e-01	2.9819e-10	1.1755e-36	1.1755e-36	1.1755e-36	7.1811e-19	0.00e+00	0.00e+00	2.6738e+01
2.66532e+19	4.6888e+03	7.374e-22	2.7826e+01	1.0258e+01	7.8212e-09	6.3237e-01	3.6763e-01	1.0000e+00	4.7031e-07	4.7528e-21	1.6351e-12	1.4648e-04	9.9156e-01	8.2957e-03	1.1755e-36	6.8655e-01	3.1345e-01	2.8015e-10	1.1755e-36	1.1755e-36	1.1755e-36	7.6544e-19	0.00e+00	0.00e+00	2.7003e+01
2.66555e+19	4.5876e+03	7.042e-22	2.7826e+01	9.9248e+00	9.0106e-09	6.4398e-01	3.5602e-01	1.0000e+00	4.6820e-07	4.8235e-21	1.6901e-12	1.4248e-04	9.9189e-01	7.9675e-03	1.1755e-36	6.9748e-01	3.0252e-01	2.6375e-10	1.1755e-36	1.1755e-36	1.1755e-36	8.1116e-19	0.00e+00	0.00e+00	2.7269e+01
2.66579e+19	4.4754e+03	6.718e-22	2.7826e+01	9.5916e+00	1.0447e-08	6.5595e-01	3.4404e-01	1.0000e+00	4.6562e-07	4.8869e-21	1.7482e-12	1.3857e-04	9.9223e-01	7.6354e-03	1.1755e-36	7.0872e-01	2.9128e-01	2.4791e-10	1.1755e-36	1.1755e-36	1.1755e-36	8.6172e-19	0.00e+00	0.00e+00	2.7545e+01
2.66600e+19	4.3720e+03	6.453e-22	2.7826e+01	9.3110e+00	1.1866e-08	6.6637e-01	3.3363e-01	1.0000e+00	4.6289e-07	4.9320e-21	1.7990e-12	1.3535e-04	9.9251e-01	7.3524e-03	1.1755e-36	7.1845e-01	2.8155e-01	2.3505e-10	1.1755e-36	1.1755e-36	1.1755e-36	9.0750e-19	0.00e+00	0.00e+00	2.7749e+01
2.66616e+19	4.2983e+03	6.243e-22	2.7826e+01	9.0875e+00	1.2926e-08	6.7407e-01	3.2593e-01	1.0000e+00	4.6196e-07	4.9900e-21	1.8326e-12	1.3270e-04	9.9272e-01	7.1469e-03	1.1755e-36	7.2561e-01	2.7439e-01	2.2563e-10	1.1755e-36	1.1755e-36	1.1755e-36	9.3750e-19	0.00e+00	0.00e+00	2.7922e+01
2.66632e+19	4.2095e+03	6.029e-22	2.7826e+01	8.8518e+00	1.4212e-08	6.8244e-01	3.1756e-01	1.0000e+00	4.6038e-07	5.0392e-21	1.8686e-12	1.3002e-04	9.9294e-01	6.9267e-03	1.1755e-36	7.3339e-01	2.6661e-01	2.1591e-10	1.1755e-36	1.1755e-36	1.1755e-36	9.6958e-19	0.00e+00	0.00e+00	2.8135e+01
2.66651e+19	4.1116e+03	5.789e-22	2.7826e+01	8.5915e+00	1.5651e-08	6.9201e-01	3.0798e-01	1.0000e+00	4.5827e-07	5.0925e-21	1.9077e-12	1.2706e-04	9.9319e-01	6.6788e-03	1.1755e-36	7.4223e-01	2.5777e-01	2.0512e-10	1.1755e-36	1.1755e-36	1.1755e-36	1.0032e-18	0.00e+00	0.00e+00	2.8374e+01
2.66671e+19	3.9981e+03	5.530e-22	2.7826e+01	8.3009e+00	1.7246e-08	7.0245e-01	2.9755e-01	1.0000e+00	4.5613e-07	5.1553e-21	1.9437e-12	1.2381e-04	9.9346e-01	6.4138e-03	1.1755e-36	7.5185e-01	2.4815e-01	1.9390e-10	1.1755e-36	1.1755e-36	1.1755e-36	1.0304e-18	0.00e+00	0.00e+00	2.8637e+01
###########################
2.01518e+14	6.4067e+03	2.702e-21	2.7826e+01	3.0263e+01	9.8936e-16	6.2790e-04	9.9937e-01	2.9545e-03	9.8166e-01	1.5389e-02	1.4261e-20	8.9035e-06	5.2282e-02	9.4134e-01	6.3687e-03	5.6848e-05	1.3331e-01	8.5977e-01	6.8580e-03	1.1755e-36	1.1755e-36	1.5153e-28	0.00e+00	0.00e+00	4.4452e-05
1.20911e+15	6.4020e+03	2.703e-21	2.7826e+01	3.0262e+01	9.9346e-16	6.2813e-04	9.9937e-01	2.9557e-03	9.8167e-01	1.5372e-02	1.4268e-20	8.9093e-06	5.2317e-02	9.4130e-01	6.3746e-03	5.6849e-05	1.3328e-01	8.5983e-01	6.8330e-03	1.1755e-36	1.1755e-36	1.5141e-28	0.00e+00	0.00e+00	2.2233e-04
5.23946e+15	6.4014e+03	2.702e-21	2.7826e+01	3.0261e+01	9.9405e-16	6.2802e-04	9.9937e-01	2.9558e-03	9.8177e-01	1.5278e-02	1.4263e-20	8.9165e-06	5.2345e-02	9.4128e-01	6.3622e-03	5.6803e-05	1.3318e-01	8.6003e-01	6.7351e-03	1.1755e-36	1.1755e-36	1.5129e-28	0.00e+00	0.00e+00	9.3370e-04
2.13609e+16	6.3956e+03	2.699e-21	2.7826e+01	3.0261e+01	9.9600e-16	6.2805e-04	9.9937e-01	2.9593e-03	9.8227e-01	1.4775e-02	1.4229e-20	8.9410e-06	5.2409e-02	9.4127e-01	6.3135e-03	5.6800e-05	1.3310e-01	8.6048e-01	6.3566e-03	1.1755e-36	1.1755e-36	1.5023e-28	0.00e+00	0.00e+00	3.7793e-03
5.10243e+16	6.3811e+03	2.690e-21	2.7826e+01	3.0260e+01	1.0014e-15	6.2597e-04	9.9937e-01	2.9595e-03	9.8255e-01	1.4487e-02	1.4090e-20	8.9352e-06	5.2418e-02	9.4130e-01	6.2752e-03	5.6480e-05	1.3267e-01	8.6143e-01	5.8408e-03	1.1755e-36	1.1755e-36	1.4808e-28	0.00e+00	0.00e+00	7.4664e-03
8.95867e+16	6.3634e+03	2.681e-21	2.7826e+01	3.0258e+01	1.0071e-15	6.2408e-04	9.9938e-01	2.9627e-03	9.8336e-01	1.3680e-02	1.3943e-20	8.9370e-06	5.2453e-02	9.4134e-01	6.1946e-03	5.6263e-05	1.3241e-01	8.6231e-01	5.2167e-03	1.1755e-36	1.1755e-36	1.4535e-28	0.00e+00	0.00e+00	1.2245e-02
1.39718e+17	6.3407e+03	2.670e-21	2.7826e+01	3.0256e+01	1.0151e-15	6.2230e-04	9.9938e-01	2.9693e-03	9.8465e-01	1.2377e-02	1.3800e-20	8.9274e-06	5.2520e-02	9.4140e-01	6.0744e-03	5.6160e-05	1.3236e-01	8.6309e-01	4.4891e-03	1.1755e-36	1.1755e-36	1.4222e-28	0.00e+00	0.00e+00	1.8440e-02
2.04888e+17	6.3201e+03	2.656e-21	2.7826e+01	3.0252e+01	1.0213e-15	6.2008e-04	9.9938e-01	2.9771e-03	9.8642e-01	1.0605e-02	1.3675e-20	8.9365e-06	5.2589e-02	9.4148e-01	5.9198e-03	5.6120e-05	1.3249e-01	8.6377e-01	3.6800e-03	1.1755e-36	1.1755e-36	1.3944e-28	0.00e+00	0.00e+00	2.6464e-02
2.89610e+17	6.2935e+03	2.640e-21	2.7826e+01	3.0246e+01	1.0336e-15	6.1792e-04	9.9938e-01	2.9884e-03	9.8855e-01	8.4573e-03	1.3609e-20	8.9669e-06	5.2704e-02	9.4156e-01	5.7310e-03	5.6276e-05	1.3301e-01	8.6410e-01	2.8305e-03	1.1755e-36	1.1755e-36	1.3717e-28	0.00e+00	0.00e+00	3.6859e-02
3.99748e+17	6.2615e+03	2.622e-21	2.7826e+01	3.0241e+01	1.0454e-15	6.1588e-04	9.9938e-01	3.0034e-03	9.9085e-01	6.1469e-03	1.3536e-20	8.9882e-06	5.2878e-02	9.4159e-01	5.5222e-03	5.6692e-05	1.3403e-01	8.6391e-01	2.0045e-03	1.1755e-36	1.1755e-36	1.3388e-28	0.00e+00	0.00e+00	5.0328e-02
5.42927e+17	6.2239e+03	2.601e-21	2.7826e+01	3.0235e+01	1.0672e-15	6.1405e-04	9.9939e-01	3.0219e-03	9.9301e-01	3.9727e-03	1.3585e-20	9.0217e-06	5.3123e-02	9.4156e-01	5.3105e-03	5.7383e-05	1.3554e-01	8.6313e-01	1.2777e-03	1.1755e-36	1.1755e-36	1.3212e-28	0.00e+00	0.00e+00	6.7786e-02
7.29061e+17	6.1794e+03	2.578e-21	2.7826e+01	3.0230e+01	1.0878e-15	6.1267e-04	9.9939e-01	3.0445e-03	9.9474e-01	2.2195e-03	1.3592e-20	9.0741e-06	5.3463e-02	9.4142e-01	5.1108e-03	5.8369e-05	1.3751e-01	8.6171e-01	7.1349e-04	1.1755e-36	1.1755e-36	1.2848e-28	0.00e+00	0.00e+00	9.0430e-02
9.71034e+17	6.1275e+03	2.552e-21	2.7826e+01	3.0227e+01	1.1230e-15	6.1201e-04	9.9939e-01	3.0724e-03	9.9589e-01	1.0391e-03	1.3740e-20	9.1515e-06	5.3925e-02	9.4114e-01	4.9294e-03	5.9653e-05	1.3987e-01	8.5974e-01	3.3861e-04	1.1755e-36	1.1755e-36	1.2644e-28	0.00e+00	0.00e+00	1.1984e-01
1.28560e+18	6.0681e+03	2.524e-21	2.7826e+01	3.0226e+01	1.1625e-15	6.1247e-04	9.9939e-01	3.1081e-03	9.9650e-01	3.9431e-04	1.3885e-20	9.2646e-06	5.4549e-02	9.4068e-01	4.7594e-03	6.1293e-05	1.4258e-01	8.5723e-01	1.3221e-04	1.1755e-36	1.1755e-36	1.2309e-28	0.00e+00	0.00e+00	1.5809e-01
1.69453e+18	6.0020e+03	2.494e-21	2.7826e+01	3.0225e+01	1.2150e-15	6.1467e-04	9.9939e-01	3.1556e-03	9.9673e-01	1.1746e-04	1.4150e-20	9.4310e-06	5.5395e-02	9.4001e-01	4.5852e-03	6.3448e-05	1.4580e-01	8.5409e-01	4.1199e-05	1.1755e-36	1.1755e-36	1.2023e-28	0.00e+00	0.00e+00	2.0800e-01
2.22615e+18	5.9308e+03	2.462e-21	2.7826e+01	3.0224e+01	1.2847e-15	6.1957e-04	9.9938e-01	3.2207e-03	9.9675e-01	2.6902e-05	1.4626e-20	9.6741e-06	5.6549e-02	9.3905e-01	4.3897e-03	6.6394e-05	1.4981e-01	8.5012e-01	1.0062e-05	1.1755e-36	1.1755e-36	1.1856e-28	0.00e+00	0.00e+00	2.7341e-01
2.91725e+18	5.8577e+03	2.427e-21	2.7826e+01	3.0224e+01	1.3667e-15	6.2862e-04	9.9937e-01	3.3117e-03	9.9668e-01	4.7891e-06	1.5334e-20	1.0034e-05	5.8142e-02	9.3769e-01	4.1597e-03	7.0560e-05	1.5498e-01	8.4495e-01	1.9425e-06	1.1755e-36	1.1755e-36	1.1723e-28	0.00e+00	0.00e+00	3.5967e-01
3.81568e+18	5.7883e+03	2.392e-21	2.7826e+01	3.0223e+01	1.4812e-15	6.4407e-04	9.9936e-01	3.4416e-03	9.9656e-01	6.9990e-07	1.6676e-20	1.0570e-05	6.0375e-02	9.3573e-01	3.8861e-03	7.6612e-05	1.6183e-01	8.3809e-01	3.0901e-07	1.1755e-36	1.1755e-36	1.2045e-28	0.00e+00	0.00e+00	4.7457e-01
4.98364e+18	5.7329e+03	2.357e-21	2.7826e+01	3.0222e+01	1.6128e-15	6.6951e-04	9.9933e-01	3.6313e-03	9.9637e-01	8.9180e-08	1.8838e-20	1.1378e-05	6.3566e-02	9.3286e-01	3.5637e-03	8.5672e-05	1.7106e-01	8.2885e-01	1.1755e-36	1.1755e-36	1.1755e-36	1.2721e-28	0.00e+00	0.00e+00	6.2984e-01
6.50199e+18	5.6968e+03	2.328e-21	2.7826e+01	3.0219e+01	1.8005e-15	7.1235e-04	9.9929e-01	3.9216e-03	9.9608e-01	1.0054e-08	2.2998e-20	1.2685e-05	6.8362e-02	9.2844e-01	3.1806e-03	1.0032e-04	1.8434e-01	8.1556e-01	1.1755e-36	1.1755e-36	1.1755e-36	1.4533e-28	0.00e+00	0.00e+00	8.4462e-01
7.72819e+18	5.6636e+03	2.299e-21	2.7826e+01	3.0218e+01	1.8523e-15	7.4027e-04	9.9926e-01	4.1255e-03	9.9587e-01	2.0445e-09	2.4476e-20	1.3589e-05	7.1756e-02	9.2531e-01	2.9236e-03	1.1153e-04	1.9425e-01	8.0563e-01	1.1755e-36	1.1755e-36	1.1755e-36	1.4105e-28	0.00e+00	0.00e+00	9.4032e-01
8.50101e+18	5.6950e+03	2.290e-21	2.7826e+01	3.0216e+01	1.9118e-15	7.6924e-04	9.9923e-01	4.3103e-03	9.9569e-01	8.6806e-10	2.7841e-20	1.4455e-05	7.4687e-02	9.2253e-01	2.7647e-03	1.2157e-04	2.0178e-01	7.9810e-01	1.1755e-36	1.1755e-36	1.1755e-36	1.5874e-28	0.00e+00	0.00e+00	1.0497e+00
9.35111e+18	5.7313e+03	2.287e-21	2.7826e+01	3.0214e+01	2.0080e-15	8.0595e-04	9.9919e-01	4.5413e-03	9.9546e-01	3.6130e-10	3.2758e-20	1.5535e-05	7.8292e-02	9.1910e-01	2.5944e-03	1.3452e-04	2.1084e-01	7.8903e-01	1.1755e-36	1.1755e-36	1.1755e-36	1.8617e-28	0.00e+00	0.00e+00	1.1758e+00
1.02862e+19	5.7860e+03	2.284e-21	2.7826e+01	3.0212e+01	2.0974e-15	8.5174e-04	9.9915e-01	4.8290e-03	9.9517e-01	1.4760e-10	3.9542e-20	1.6910e-05	8.2726e-02	9.1484e-01	2.4151e-03	1.5132e-04	2.2172e-01	7.7813e-01	1.1755e-36	1.1755e-36	1.1755e-36	2.2339e-28	0.00e+00	0.00e+00	1.3224e+00
1.13148e+19	5.8504e+03	2.288e-21	2.7826e+01	3.0209e+01	2.2507e-15	9.1122e-04	9.9909e-01	5.2031e-03	9.9480e-01	5.9092e-11	5.0438e-20	1.8691e-05	8.8382e-02	9.0938e-01	2.2221e-03	1.7410e-04	2.3522e-01	7.6461e-01	1.1755e-36	1.1755e-36	1.1755e-36	2.8733e-28	0.00e+00	0.00e+00	1.4949e+00
1.24463e+19	5.9540e+03	2.292e-21	2.7826e+01	3.0206e+01	2.3926e-15	9.8652e-04	9.9901e-01	5.6866e-03	9.9431e-01	2.3263e-11	6.7480e-20	2.1008e-05	9.5520e-02	9.0244e-01	2.0220e-03	2.0514e-04	2.5187e-01	7.4792e-01	1.1755e-36	1.1755e-36	1.1755e-36	3.9062e-28	0.00e+00	0.00e+00	1.7003e+00
1.36910e+19	6.0779e+03	2.303e-21	2.7826e+01	3.0201e+01	2.6230e-15	1.0881e-03	9.9891e-01	6.3528e-03	9.9365e-01	8.9796e-12	9.7741e-20	2.4181e-05	1.0509e-01	8.9308e-01	1.8060e-03	2.5053e-04	2.7361e-01	7.2614e-01	1.1755e-36	1.1755e-36	1.1755e-36	5.8233e-28	0.00e+00	0.00e+00	1.9495e+00
1.49295e+19	6.2250e+03	2.320e-21	2.7826e+01	3.0195e+01	2.8852e-15	1.2124e-03	9.9879e-01	7.1925e-03	9.9281e-01	3.7444e-12	1.4688e-19	2.8135e-05	1.1674e-01	8.8163e-01	1.6012e-03	3.1183e-04	2.9949e-01	7.0019e-01	1.1755e-36	1.1755e-36	1.1755e-36	9.0334e-28	0.00e+00	0.00e+00	2.1993e+00
1.59892e+19	6.3715e+03	2.341e-21	2.7826e+01	3.0188e+01	3.1649e-15	1.3451e-03	9.9865e-01	8.1290e-03	9.9187e-01	1.8700e-12	2.1795e-19	3.2442e-05	1.2923e-01	8.6930e-01	1.4293e-03	3.8449e-04	3.2653e-01	6.7308e-01	1.1755e-36	1.1755e-36	1.1755e-36	1.3815e-27	0.00e+00	0.00e+00	2.4229e+00
1.68595e+19	6.5048e+03	2.362e-21	2.7826e+01	3.0182e+01	3.4820e-15	1.4792e-03	9.9852e-01	9.1263e-03	9.9087e-01	1.0898e-12	3.1593e-19	3.6902e-05	1.4199e-01	8.5669e-01	1.2868e-03	4.6551e-04	3.5333e-01	6.4620e-01	1.1755e-36	1.1755e-36	1.1755e-36	2.0670e-27	0.00e+00	0.00e+00	2.6293e+00
1.76223e+19	6.6302e+03	2.382e-21	2.7826e+01	3.0174e+01	3.8414e-15	1.6208e-03	9.9838e-01	1.0239e-02	9.8976e-01	6.9045e-13	4.5347e-19	4.1723e-05	1.5563e-01	8.4317e-01	1.1599e-03	5.5933e-04	3.8110e-01	6.1834e-01	1.1755e-36	1.1755e-36	1.1755e-36	3.0524e-27	0.00e+00	0.00e+00	2.8375e+00
1.83366e+19	6.7553e+03	2.404e-21	2.7826e+01	3.0166e+01	4.2774e-15	1.7793e-03	9.9822e-01	1.1564e-02	9.8844e-01	4.5696e-13	6.5860e-19	4.7239e-05	1.7111e-01	8.2780e-01	1.0396e-03	6.7421e-04	4.1152e-01	5.8781e-01	1.1755e-36	1.1755e-36	1.1755e-36	4.5617e-27	0.00e+00	0.00e+00	3.0555e+00
1.90088e+19	6.8812e+03	2.426e-21	2.7826e+01	3.0157e+01	4.7919e-15	1.9580e-03	9.9804e-01	1.3167e-02	9.8683e-01	3.1448e-13	9.6570e-19	5.3591e-05	1.8881e-01	8.1021e-01	9.2557e-04	8.1581e-04	4.4497e-01	5.5421e-01	1.1755e-36	1.1755e-36	1.1755e-36	6.8618e-27	0.00e+00	0.00e+00	3.2781e+00
1.96234e+19	7.0036e+03	2.449e-21	2.7826e+01	3.0146e+01	5.3914e-15	2.1540e-03	9.9785e-01	1.5073e-02	9.8493e-01	2.2622e-13	1.4154e-18	6.0717e-05	2.0855e-01	7.9057e-01	8.2007e-04	9.8537e-04	4.8057e-01	5.1844e-01	1.1755e-36	1.1755e-36	1.1755e-36	1.0287e-26	0.00e+00	0.00e+00	3.4983e+00
2.01752e+19	7.1190e+03	2.471e-21	2.7826e+01	3.0134e+01	6.0774e-15	2.3648e-03	9.9764e-01	1.7317e-02	9.8268e-01	1.6972e-13	2.0564e-18	6.8550e-05	2.3014e-01	7.6907e-01	7.2385e-04	1.1833e-03	5.1744e-01	4.8137e-01	1.1755e-36	1.1755e-36	1.1755e-36	1.5226e-26	0.00e+00	0.00e+00	3.7150e+00
2.06722e+19	7.2268e+03	2.493e-21	2.7826e+01	3.0120e+01	6.8728e-15	2.5909e-03	9.9741e-01	1.9974e-02	9.8003e-01	1.3175e-13	2.9641e-18	7.7132e-05	2.5369e-01	7.4560e-01	6.3587e-04	1.4121e-03	5.5526e-01	4.4333e-01	1.1755e-36	1.1755e-36	1.1755e-36	2.2309e-26	0.00e+00	0.00e+00	3.9300e+00
2.11243e+19	7.3274e+03	2.514e-21	2.7826e+01	3.0105e+01	7.8017e-15	2.8351e-03	9.9716e-01	2.3175e-02	9.7683e-01	1.0503e-13	4.2475e-18	8.6579e-05	2.7952e-01	7.1984e-01	5.5481e-04	1.6767e-03	5.9393e-01	4.0439e-01	1.1755e-36	1.1755e-36	1.1755e-36	3.2425e-26	0.00e+00	0.00e+00	4.1451e+00
2.15380e+19	7.4211e+03	2.534e-21	2.7826e+01	3.0088e+01	8.8937e-15	3.0998e-03	9.9690e-01	2.7093e-02	9.7291e-01	8.5546e-14	6.0574e-18	9.7002e-05	3.0791e-01	6.9151e-01	4.7990e-04	1.9817e-03	6.3327e-01	3.6475e-01	1.1755e-36	1.1755e-36	1.1755e-36	4.6812e-26	0.00e+00	0.00e+00	4.3605e+00
2.19166e+19	7.5076e+03	2.554e-21	2.7826e+01	3.0068e+01	1.0167e-14	3.3864e-03	9.9661e-01	3.1967e-02	9.6803e-01	7.0971e-14	8.5805e-18	1.0846e-04	3.3904e-01	6.6044e-01	4.1095e-04	2.3305e-03	6.7282e-01	3.2485e-01	1.1755e-36	1.1755e-36	1.1755e-36	6.6933e-26	0.00e+00	0.00e+00	4.5756e+00
2.22625e+19	7.5925e+03	2.573e-21	2.7826e+01	3.0051e+01	1.1593e-14	3.6931e-03	9.9631e-01	3.8195e-02	9.6180e-01	5.9895e-14	1.2040e-17	1.2098e-04	3.7281e-01	6.2672e-01	3.4812e-04	2.7233e-03	7.1199e-01	2.8529e-01	1.1755e-36	1.1755e-36	1.1755e-36	9.4635e-26	0.00e+00	0.00e+00	4.7898e+00
2.25791e+19	7.6516e+03	2.595e-21	2.7826e+01	3.0019e+01	1.3471e-14	4.0318e-03	9.9597e-01	4.6143e-02	9.5386e-01	5.1005e-14	1.6878e-17	1.3482e-04	4.1009e-01	5.8949e-01	2.8993e-04	3.1718e-03	7.5061e-01	2.4622e-01	1.1755e-36	1.1755e-36	1.1755e-36	1.3338e-25	0.00e+00	0.00e+00	5.0045e+00
2.28691e+19	7.7090e+03	2.614e-21	2.7826e+01	2.9984e+01	1.5614e-14	4.3945e-03	9.9561e-01	5.6567e-02	9.4343e-01	4.3850e-14	2.3410e-17	1.4964e-04	4.4994e-01	5.4967e-01	2.3772e-04	3.6700e-03	7.8792e-01	2.0841e-01	1.1755e-36	1.1755e-36	1.1755e-36	1.8593e-25	0.00e+00	0.00e+00	5.2182e+00
2.30994e+19	7.7584e+03	2.629e-21	2.7826e+01	2.9946e+01	1.7671e-14	4.7271e-03	9.9527e-01	6.8543e-02	9.3146e-01	3.8793e-14	3.0772e-17	1.6325e-04	4.8665e-01	5.1299e-01	1.9761e-04	4.1427e-03	8.1923e-01	1.7663e-01	1.1755e-36	1.1755e-36	1.1755e-36	2.4505e-25	0.00e+00	0.00e+00	5.3709e+00
2.32564e+19	7.7995e+03	2.637e-21	2.7826e+01	2.9910e+01	1.9228e-14	4.9776e-03	9.9502e-01	7.9706e-02	9.2029e-01	3.5566e-14	3.7328e-17	1.7356e-04	5.1465e-01	4.8501e-01	1.7072e-04	4.5086e-03	8.4120e-01	1.5429e-01	1.1755e-36	1.1755e-36	1.1755e-36	2.9765e-25	0.00e+00	0.00e+00	5.4848e+00
2.33815e+19	7.8201e+03	2.644e-21	2.7826e+01	2.9872e+01	2.0832e-14	5.2002e-03	9.9480e-01	9.0962e-02	9.0904e-01	3.2873e-14	4.3835e-17	1.8241e-04	5.3869e-01	4.6098e-01	1.4944e-04	4.8335e-03	8.5874e-01	1.3643e-01	1.1755e-36	1.1755e-36	1.1755e-36	3.5003e-25	0.00e+00	0.00e+00	5.5944e+00
2.35195e+19	7.8439e+03	2.652e-21	2.7826e+01	2.9831e+01	2.2872e-14	5.4682e-03	9.9453e-01	1.0748e-01	8.9252e-01	3.0007e-14	5.2717e-17	1.9304e-04	5.6715e-01	4.3253e-01	1.2645e-04	5.2269e-03	8.7791e-01	1.1686e-01	1.1755e-36	1.1755e-36	1.1755e-36	4.2251e-25	0.00e+00	0.00e+00	5.7442e+00
2.36618e+19	7.8587e+03	2.662e-21	2.7826e+01	2.9772e+01	2.5435e-14	5.7740e-03	9.9423e-01	1.3083e-01	8.6917e-01	2.6999e-14	6.4043e-17	2.0463e-04	5.9839e-01	4.0130e-01	1.0426e-04	5.6792e-03	8.9788e-01	9.6442e-02	1.1755e-36	1.1755e-36	1.1755e-36	5.1472e-25	0.00e+00	0.00e+00	5.8748e+00
2.37707e+19	7.8885e+03	2.663e-21	2.7826e+01	2.9718e+01	2.7303e-14	6.0181e-03	9.9398e-01	1.5589e-01	8.4411e-01	2.4749e-14	7.4403e-17	2.1384e-04	6.2372e-01	3.7597e-01	8.8143e-05	6.0502e-03	9.1336e-01	8.0592e-02	1.1755e-36	1.1755e-36	1.1755e-36	5.9941e-25	0.00e+00	0.00e+00	5.9689e+00
2.38500e+19	7.8937e+03	2.664e-21	2.7826e+01	2.9643e+01	2.9124e-14	6.2136e-03	9.9379e-01	1.7964e-01	8.2036e-01	2.2894e-14	8.3257e-17	2.2075e-04	6.4300e-01	3.5671e-01	7.6668e-05	6.3451e-03	9.2448e-01	6.9179e-02	1.1755e-36	1.1755e-36	1.1755e-36	6.7067e-25	0.00e+00	0.00e+00	6.0449e+00
2.39191e+19	7.8973e+03	2.665e-21	2.7826e+01	2.9585e+01	3.0913e-14	6.3953e-03	9.9360e-01	2.0598e-01	7.9402e-01	2.1236e-14	9.2143e-17	2.2692e-04	6.6010e-01	3.3961e-01	6.6976e-05	6.6177e-03	9.3393e-01	5.9454e-02	1.1755e-36	1.1755e-36	1.1755e-36	7.4341e-25	0.00e+00	0.00e+00	6.1220e+00
2.39979e+19	7.9065e+03	2.662e-21	2.7826e+01	2.9505e+01	3.3032e-14	6.6103e-03	9.9339e-01	2.4393e-01	7.5607e-01	1.9208e-14	1.0350e-16	2.3387e-04	6.7957e-01	3.2014e-01	5.6451e-05	6.9404e-03	9.4423e-01	4.8827e-02	1.1755e-36	1.1755e-36	1.1755e-36	8.3715e-25	0.00e+00	0.00e+00	6.2255e+00
2.40788e+19	7.9111e+03	2.656e-21	2.7826e+01	2.9394e+01	3.5482e-14	6.8411e-03	9.9316e-01	2.9529e-01	7.0471e-01	1.6901e-14	1.1653e-16	2.4063e-04	6.9908e-01	3.0063e-01	4.6656e-05	7.2861e-03	9.5435e-01	3.8367e-02	1.1755e-36	1.1755e-36	1.1755e-36	9.4415e-25	0.00e+00	0.00e+00	6.3127e+00
2.41409e+19	7.9060e+03	2.647e-21	2.7826e+01	2.9267e+01	3.7720e-14	7.0270e-03	9.9297e-01	3.4742e-01	6.5258e-01	1.4912e-14	1.2768e-16	2.4544e-04	7.1377e-01	2.8595e-01	3.9557e-05	7.5633e-03	9.6174e-01	3.0700e-02	1.1755e-36	1.1755e-36	1.1755e-36	1.0337e-24	0.00e+00	0.00e+00	6.3765e+00
2.41887e+19	7.9101e+03	2.633e-21	2.7826e+01	2.9137e+01	3.9272e-14	7.1640e-03	9.9284e-01	3.9603e-01	6.0397e-01	1.3258e-14	1.3646e-16	2.4856e-04	7.2434e-01	2.7537e-01	3.4452e-05	7.7698e-03	9.6698e-01	2.5251e-02	1.1755e-36	1.1755e-36	1.1755e-36	1.1026e-24	0.00e+00	0.00e+00	6.4318e+00
2.42393e+19	7.8983e+03	2.619e-21	2.7826e+01	2.8997e+01	4.1553e-14	7.3271e-03	9.9267e-01	4.5617e-01	5.4383e-01	1.1324e-14	1.4709e-16	2.5181e-04	7.3509e-01	2.6463e-01	2.9238e-05	8.0056e-03	9.7191e-01	2.0087e-02	1.1755e-36	1.1755e-36	1.1755e-36	1.1872e-24	0.00e+00	0.00e+00	6.5053e+00
2.42960e+19	7.8886e+03	2.598e-21	2.7826e+01	2.8828e+01	4.4171e-14	7.5124e-03	9.9249e-01	5.3421e-01	4.6579e-01	9.1545e-15	1.5970e-16	2.5483e-04	7.4584e-01	2.5388e-01	2.4046e-05	8.2697e-03	9.7670e-01	1.5034e-02	1.1755e-36	1.1755e-36	1.1755e-36	1.2880e-24	0.00e+00	0.00e+00	6.5798e+00
2.43489e+19	7.8772e+03	2.570e-21	2.7826e+01	2.8595e+01	4.6646e-14	7.6763e-03	9.9232e-01	6.1545e-01	3.8455e-01	7.1237e-15	1.7098e-16	2.5644e-04	7.5429e-01	2.4543e-01	1.9755e-05	8.5027e-03	9.8042e-01	1.1078e-02	1.1755e-36	1.1755e-36	1.1755e-36	1.3722e-24	0.00e+00	0.00e+00	6.6465e+00
2.43980e+19	7.8585e+03	2.547e-21	2.7826e+01	2.8424e+01	4.9617e-14	7.8541e-03	9.9215e-01	6.9396e-01	3.0604e-01	5.3989e-15	1.8348e-16	2.5814e-04	7.6140e-01	2.3832e-01	1.6110e-05	8.7432e-03	9.8314e-01	8.1180e-03	1.1755e-36	1.1755e-36	1.1755e-36	1.4738e-24	0.00e+00	0.00e+00	6.7138e+00
2.44541e+19	7.8373e+03	2.521e-21	2.7826e+01	2.8230e+01	5.3236e-14	8.0667e-03	9.9193e-01	7.7717e-01	2.2283e-01	3.7209e-15	1.9815e-16	2.5959e-04	7.6817e-01	2.3155e-01	1.2494e-05	9.0234e-03	9.8540e-01	5.5788e-03	1.1755e-36	1.1755e-36	1.1755e-36	1.5961e-24	0.00e+00	0.00e+00	6.8036e+00
2.45271e+19	7.8120e+03	2.495e-21	2.7826e+01	2.8022e+01	5.8428e-14	8.3684e-03	9.9163e-01	8.6365e-01	1.3635e-01	2.1281e-15	2.1846e-16	2.6123e-04	7.7526e-01	2.2447e-01	8.7682e-06	9.4097e-03	9.8723e-01	3.3558e-03	1.1755e-36	1.1755e-36	1.1755e-36	1.7795e-24	0.00e+00	0.00e+00	6.9248e+00
2.46219e+19	7.7918e+03	2.470e-21	2.7826e+01	2.7774e+01	6.5427e-14	8.7850e-03	9.9122e-01	9.3390e-01	6.6097e-02	9.4311e-16	2.4534e-16	2.6268e-04	7.8224e-01	2.1750e-01	5.3811e-06	9.9330e-03	9.8836e-01	1.7054e-03	1.1755e-36	1.1755e-36	1.1755e-36	2.0451e-24	0.00e+00	0.00e+00	7.0903e+00
2.47451e+19	7.7788e+03	2.470e-21	2.7826e+01	2.7659e+01	7.6566e-14	9.4384e-03	9.9056e-01	9.7535e-01	2.4653e-02	3.2414e-16	2.8977e-16	2.6601e-04	7.9055e-01	2.0918e-01	2.7532e-06	1.0737e-02	9.8856e-01	7.0822e-04	1.1755e-36	1.1755e-36	1.1755e-36	2.5560e-24	0.00e+00	0.00e+00	7.3213e+00
2.49053e+19	7.7703e+03	2.488e-21	2.7826e+01	2.7573e+01	9.4950e-14	1.0441e-02	9.8956e-01	9.9277e-01	7.2294e-03	8.6210e-17	3.6360e-16	2.7072e-04	8.0082e-01	1.9891e-01	1.1331e-06	1.1962e-02	9.8780e-01	2.3417e-04	1.1755e-36	1.1755e-36	1.1755e-36	3.5108e-24	0.00e+00	0.00e+00	7.6535e+00
2.51136e+19	7.7570e+03	2.525e-21	2.7826e+01	2.7515e+01	1.2968e-13	1.2079e-02	9.8792e-01	9.9830e-01	1.6986e-03	1.8010e-17	5.0349e-16	2.7760e-04	8.1476e-01	1.8496e-01	3.5328e-07	1.3964e-02	9.8598e-01	5.9690e-05	1.1755e-36	1.1755e-36	1.1755e-36	5.5801e-24	0.00e+00	0.00e+00	8.1532e+00
2.53310e+19	7.7376e+03	2.574e-21	2.7826e+01	2.7467e+01	1.9057e-13	1.4457e-02	9.8554e-01	9.9959e-01	4.1410e-04	3.9316e-18	7.4877e-16	2.8545e-04	8.3025e-01	1.6947e-01	1.1755e-36	1.6874e-02	9.8311e-01	1.4821e-05	1.1755e-36	1.1755e-36	1.1755e-36	9.8705e-24	0.00e+00	0.00e+00	8.6594e+00
2.55009e+19	7.7143e+03	2.616e-21	2.7826e+01	2.7394e+01	2.7320e-13	1.7094e-02	9.8291e-01	9.9985e-01	1.5269e-04	1.3374e-18	1.0785e-15	2.9204e-04	8.4363e-01	1.5608e-01	1.1755e-36	2.0108e-02	9.7989e-01	5.2534e-06	1.1755e-36	1.1755e-36	1.1755e-36	1.6687e-23	0.00e+00	0.00e+00	9.0817e+00
2.56288e+19	7.6858e+03	2.650e-21	2.7826e+01	2.7320e+01	3.7415e-13	1.9746e-02	9.8025e-01	9.9992e-01	7.5464e-05	6.2175e-19	1.4742e-15	2.9724e-04	8.5478e-01	1.4492e-01	1.1755e-36	2.3366e-02	9.7663e-01	2.4502e-06	1.1755e-36	1.1755e-36	1.1755e-36	2.6156e-23	0.00e+00	0.00e+00	9.4809e+00
2.57413e+19	7.6520e+03	2.681e-21	2.7826e+01	2.7238e+01	5.1105e-13	2.2749e-02	9.7725e-01	9.9996e-01	4.1236e-05	3.2156e-19	2.0007e-15	3.0199e-04	8.6539e-01	1.3431e-01	1.1755e-36	2.7057e-02	9.7294e-01	1.2480e-06	1.1755e-36	1.1755e-36	1.1755e-36	4.0587e-23	0.00e+00	0.00e+00	9.9203e+00
2.58505e+19	7.6170e+03	2.707e-21	2.7826e+01	2.7119e+01	7.1588e-13	2.6523e-02	9.7348e-01	9.9998e-01	2.3240e-05	1.7202e-19	2.7795e-15	3.0639e-04	8.7629e-01	1.2341e-01	1.1755e-36	3.1699e-02	9.6830e-01	6.4412e-07	1.1755e-36	1.1755e-36	1.1755e-36	6.5187e-23	0.00e+00	0.00e+00	1.0426e+01
2.59537e+19	7.5607e+03	2.738e-21	2.7826e+01	2.6984e+01	1.0479e-12	3.1404e-02	9.6860e-01	9.9999e-01	1.3726e-05	9.6674e-20	3.9825e-15	3.1087e-04	8.8749e-01	1.1220e-01	1.1755e-36	3.7699e-02	9.6230e-01	3.4166e-07	1.1755e-36	1.1755e-36	1.1755e-36	1.0946e-22	0.00e+00	0.00e+00	1.0966e+01
2.60486e+19	7.5034e+03	2.761e-21	2.7826e+01	2.6811e+01	1.5678e-12	3.7563e-02	9.6244e-01	9.9999e-01	8.5397e-06	5.7531e-20	5.8177e-15	3.1477e-04	8.9862e-01	1.0107e-01	1.1755e-36	4.5261e-02	9.5474e-01	1.8706e-07	1.1755e-36	1.1755e-36	1.1755e-36	1.8931e-22	0.00e+00	0.00e+00	1.1572e+01
2.61357e+19	7.4394e+03	2.777e-21	2.7826e+01	2.6590e+01	2.4200e-12	4.5516e-02	9.5448e-01	9.9999e-01	5.5671e-06	3.6067e-20	8.7124e-15	3.1799e-04	9.0961e-01	9.0075e-02	1.1755e-36	5.5008e-02	9.4499e-01	1.0511e-07	1.1755e-36	1.1755e-36	1.1755e-36	3.3991e-22	0.00e+00	0.00e+00	1.2232e+01
2.62127e+19	7.3704e+03	2.786e-21	2.7826e+01	2.6351e+01	3.8244e-12	5.5686e-02	9.4431e-01	1.0000e+00	3.8344e-06	2.4016e-20	1.3298e-14	3.2071e-04	9.2019e-01	7.9490e-02	1.1755e-36	6.7432e-02	9.3257e-01	6.1266e-08	1.1755e-36	1.1755e-36	1.1755e-36	6.2900e-22	0.00e+00	0.00e+00	1.2931e+01
2.62795e+19	7.3007e+03	2.777e-21	2.7826e+01	2.6015e+01	6.0968e-12	6.8359e-02	9.3164e-01	1.0000e+00	2.7748e-06	1.6949e-20	2.0361e-14	3.2162e-04	9.2997e-01	6.9703e-02	1.1755e-36	8.2845e-02	9.1715e-01	3.7071e-08	1.1755e-36	1.1755e-36	1.1755e-36	1.1709e-21	0.00e+00	0.00e+00	1.3677e+01
2.63375e+19	7.2308e+03	2.747e-21	2.7826e+01	2.5587e+01	9.8171e-12	8.4229e-02	9.1577e-01	1.0000e+00	2.0895e-06	1.2546e-20	3.1342e-14	3.2103e-04	9.3900e-01	6.0677e-02	1.1755e-36	1.0203e-01	8.9797e-01	2.3073e-08	1.1755e-36	1.1755e-36	1.1755e-36	2.2016e-21	0.00e+00	0.00e+00	1.4475e+01
2.63869e+19	7.1589e+03	2.695e-21	2.7826e+01	2.5056e+01	1.5861e-11	1.0377e-01	8.9623e-01	1.0000e+00	1.6349e-06	9.7327e-21	4.8097e-14	3.1861e-04	9.4712e-01	5.2564e-02	1.1755e-36	1.2546e-01	8.7454e-01	1.4813e-08	1.1755e-36	1.1755e-36	1.1755e-36	4.1297e-21	0.00e+00	0.00e+00	1.5293e+01
2.64275e+19	7.0847e+03	2.619e-21	2.7826e+01	2.4426e+01	2.5274e-11	1.2671e-01	8.7329e-01	1.0000e+00	1.3305e-06	7.9214e-21	7.2282e-14	3.1428e-04	9.5413e-01	4.5559e-02	1.1755e-36	1.5271e-01	8.4729e-01	9.8887e-09	1.1755e-36	1.1755e-36	1.1755e-36	7.5232e-21	0.00e+00	0.00e+00	1.6104e+01
2.64609e+19	7.0026e+03	2.515e-21	2.7826e+01	2.3618e+01	3.9368e-11	1.5231e-01	8.4769e-01	1.0000e+00	1.1180e-06	6.7310e-21	1.0457e-13	3.0722e-04	9.5997e-01	3.9727e-02	1.1755e-36	1.8279e-01	8.1721e-01	6.8684e-09	1.1755e-36	1.1755e-36	1.1755e-36	1.2936e-20	0.00e+00	0.00e+00	1.6913e+01
2.64892e+19	6.9203e+03	2.397e-21	2.7826e+01	2.2796e+01	6.0539e-11	1.8169e-01	8.1831e-01	1.0000e+00	9.6073e-07	5.8728e-21	1.4908e-13	2.9938e-04	9.6514e-01	3.4557e-02	1.1755e-36	2.1685e-01	7.8315e-01	4.8631e-09	1.1755e-36	1.1755e-36	1.1755e-36	2.1838e-20	0.00e+00	0.00e+00	1.7757e+01
2.65141e+19	6.8163e+03	2.257e-21	2.7826e+01	2.1852e+01	9.4155e-11	2.1581e-01	7.8419e-01	1.0000e+00	8.3996e-07	5.2481e-21	2.1026e-13	2.8970e-04	9.6979e-01	2.9924e-02	1.1755e-36	2.5584e-01	7.4416e-01	3.4755e-09	1.1755e-36	1.1755e-36	1.1755e-36	3.6262e-20	0.00e+00	0.00e+00	1.8644e+01
2.65361e+19	6.6928e+03	2.095e-21	2.7826e+01	2.0768e+01	1.4729e-10	2.5454e-01	7.4546e-01	1.0000e+00	7.4737e-07	4.8133e-21	2.9136e-13	2.7791e-04	9.7388e-01	2.5845e-02	1.1755e-36	2.9935e-01	7.0065e-01	2.5091e-09	1.1755e-36	1.1755e-36	1.1755e-36	5.8610e-20	0.00e+00	0.00e+00	1.9559e+01
2.65541e+19	6.5577e+03	1.929e-21	2.7826e+01	1.9648e+01	2.2501e-10	2.9476e-01	7.0524e-01	1.0000e+00	6.8027e-07	4.5411e-21	3.8819e-13	2.6525e-04	9.7722e-01	2.2516e-02	1.1755e-36	3.4371e-01	6.5629e-01	1.8704e-09	1.1755e-36	1.1755e-36	1.1755e-36	8.9317e-20	0.00e+00	0.00e+00	2.0370e+01
2.65674e+19	6.4299e+03	1.786e-21	2.7826e+01	1.8658e+01	3.2036e-10	3.3032e-01	6.6968e-01	1.0000e+00	6.3717e-07	4.4043e-21	4.8383e-13	2.5374e-04	9.7965e-01	2.0094e-02	1.1755e-36	3.8227e-01	6.1773e-01	1.4802e-09	1.1755e-36	1.1755e-36	1.1755e-36	1.2325e-19	0.00e+00	0.00e+00	2.1009e+01
2.65771e+19	6.3170e+03	1.671e-21	2.7826e+01	1.7859e+01	4.2452e-10	3.5949e-01	6.4051e-01	1.0000e+00	6.0933e-07	4.3383e-21	5.6920e-13	2.4434e-04	9.8140e-01	1.8358e-02	1.1755e-36	4.1344e-01	5.8656e-01	1.2367e-09	1.1755e-36	1.1755e-36	1.1755e-36	1.5619e-19	0.00e+00	0.00e+00	2.1532e+01
2.65849e+19	6.2089e+03	1.569e-21	2.7826e+01	1.7131e+01	5.4346e-10	3.8516e-01	6.1484e-01	1.0000e+00	5.8918e-07	4.3158e-21	6.4822e-13	2.3565e-04	9.8279e-01	1.6974e-02	1.1755e-36	4.4054e-01	5.5946e-01	1.0619e-09	1.1755e-36	1.1755e-36	1.1755e-36	1.8843e-19	0.00e+00	0.00e+00	2.2034e+01
2.65921e+19	6.0956e+03	1.472e-21	2.7826e+01	1.6424e+01	6.9339e-10	4.1053e-01	5.8947e-01	1.0000e+00	5.7082e-07	4.3025e-21	7.3058e-13	2.2714e-04	9.8405e-01	1.5724e-02	1.1755e-36	4.6701e-01	5.3299e-01	9.1830e-10	1.1755e-36	1.1755e-36	1.1755e-36	2.2388e-19	0.00e+00	0.00e+00	2.2537e+01
2.65989e+19	5.9758e+03	1.377e-21	2.7826e+01	1.5718e+01	8.8545e-10	4.3580e-01	5.6420e-01	1.0000e+00	5.5463e-07	4.3066e-21	8.1627e-13	2.1859e-04	9.8520e-01	1.4583e-02	1.1755e-36	4.9309e-01	5.0691e-01	7.9813e-10	1.1755e-36	1.1755e-36	1.1755e-36	2.6256e-19	0.00e+00	0.00e+00	2.3033e+01
2.66050e+19	5.8536e+03	1.289e-21	2.7826e+01	1.5039e+01	1.1238e-09	4.6008e-01	5.3992e-01	1.0000e+00	5.4133e-07	4.3304e-21	9.0192e-13	2.1031e-04	9.8622e-01	1.3573e-02	1.1755e-36	5.1788e-01	4.8212e-01	6.9999e-10	1.1755e-36	1.1755e-36	1.1755e-36	3.0302e-19	0.00e+00	0.00e+00	2.3500e+01
2.66104e+19	5.7301e+03	1.209e-21	2.7826e+01	1.4412e+01	1.4144e-09	4.8284e-01	5.1716e-01	1.0000e+00	5.3023e-07	4.3626e-21	9.8562e-13	2.0264e-04	9.8711e-01	1.2692e-02	1.1755e-36	5.4087e-01	4.5913e-01	6.2076e-10	1.1755e-36	1.1755e-36	1.1755e-36	3.4443e-19	0.00e+00	0.00e+00	2.3934e+01
2.66153e+19	5.6088e+03	1.135e-21	2.7826e+01	1.3821e+01	1.7621e-09	5.0408e-01	4.9592e-01	1.0000e+00	5.2128e-07	4.4087e-21	1.0663e-12	1.9536e-04	9.8789e-01	1.1917e-02	1.1755e-36	5.6214e-01	4.3786e-01	5.5561e-10	1.1755e-36	1.1755e-36	1.1755e-36	3.8620e-19	0.00e+00	0.00e+00	2.4350e+01
2.66199e+19	5.4848e+03	1.067e-21	2.7826e+01	1.3255e+01	2.1910e-09	5.2443e-01	4.7557e-01	1.0000e+00	5.1337e-07	4.4610e-21	1.1465e-12	1.8838e-04	9.8860e-01	1.1215e-02	1.1755e-36	5.8231e-01	4.1769e-01	5.0024e-10	1.1755e-36	1.1755e-36	1.1755e-36	4.2984e-19	0.00e+00	0.00e+00	2.4755e+01
2.66242e+19	5.3593e+03	1.003e-21	2.7826e+01	1.2711e+01	2.7185e-09	5.4397e-01	4.5603e-01	1.0000e+00	5.0661e-07	4.5214e-21	1.2268e-12	1.8166e-04	9.8924e-01	1.0576e-02	1.1755e-36	6.0153e-01	3.9847e-01	4.5258e-10	1.1755e-36	1.1755e-36	1.1755e-36	4.7622e-19	0.00e+00	0.00e+00	2.5149e+01
2.66276e+19	5.2568e+03	9.533e-22	2.7826e+01	1.2278e+01	3.2359e-09	5.5956e-01	4.4044e-01	1.0000e+00	5.0167e-07	4.5782e-21	1.2936e-12	1.7628e-04	9.8973e-01	1.0096e-02	1.1755e-36	6.1676e-01	3.8324e-01	4.1812e-10	1.1755e-36	1.1755e-36	1.1755e-36	5.1728e-19	0.00e+00	0.00e+00	2.5417e+01
2.66301e+19	5.1758e+03	9.169e-22	2.7826e+01	1.1953e+01	3.7017e-09	5.7117e-01	4.2883e-01	1.0000e+00	4.9895e-07	4.6307e-21	1.3453e-12	1.7225e-04	9.9008e-01	9.7461e-03	1.1755e-36	6.2802e-01	3.7198e-01	3.9415e-10	1.1755e-36	1.1755e-36	1.1755e-36	5.5084e-19	0.00e+00	0.00e+00	2.5641e+01
2.66324e+19	5.0930e+03	8.822e-22	2.7826e+01	1.1641e+01	4.2360e-09	5.8248e-01	4.1752e-01	1.0000e+00	4.9585e-07	4.6764e-21	1.3984e-12	1.6840e-04	9.9042e-01	9.4106e-03	1.1755e-36	6.3895e-01	3.6105e-01	3.7207e-10	1.1755e-36	1.1755e-36	1.1755e-36	5.8726e-19	0.00e+00	0.00e+00	2.5888e+01
2.66349e+19	4.9965e+03	8.446e-22	2.7826e+01	1.1293e+01	4.9393e-09	5.9497e-01	4.0503e-01	1.0000e+00	4.9224e-07	4.7275e-21	1.4597e-12	1.6410e-04	9.9079e-01	9.0507e-03	1.1755e-36	6.5096e-01	3.4904e-01	3.4915e-10	1.1755e-36	1.1755e-36	1.1755e-36	6.3184e-19	0.00e+00	0.00e+00	2.6167e+01
2.66376e+19	4.8900e+03	8.061e-22	2.7826e+01	1.0930e+01	5.8143e-09	6.0813e-01	3.9187e-01	1.0000e+00	4.8852e-07	4.7817e-21	1.5217e-12	1.5964e-04	9.9117e-01	8.6655e-03	1.1755e-36	6.6356e-01	3.3644e-01	3.2657e-10	1.1755e-36	1.1755e-36	1.1755e-36	6.7655e-19	0.00e+00	0.00e+00	2.6451e+01
2.66402e+19	4.7837e+03	7.696e-22	2.7826e+01	1.0577e+01	6.8151e-09	6.2085e-01	3.7915e-01	1.0000e+00	4.8528e-07	4.8406e-21	1.5825e-12	1.5532e-04	9.9154e-01	8.3040e-03	1.1755e-36	6.7565e-01	3.2435e-01	3.0612e-10	1.1755e-36	1.1755e-36	1.1755e-36	7.2286e-19	0.00e+00	0.00e+00	2.6721e+01
2.66426e+19	4.6780e+03	7.356e-22	2.7826e+01	1.0241e+01	7.9382e-09	6.3299e-01	3.6701e-01	1.0000e+00	4.8236e-07	4.8999e-21	1.6416e-12	1.5122e-04	9.9188e-01	7.9664e-03	1.1755e-36	6.8715e-01	3.1285e-01	2.8772e-10	1.1755e-36	1.1755e-36	1.1755e-36	7.7029e-19	0.00e+00	0.00e+00	2.6986e+01
2.66449e+19	4.5768e+03	7.025e-22	2.7826e+01	9.9081e+00	9.1410e-09	6.4457e-01	3.5543e-01	1.0000e+00	4.8019e-07	4.9727e-21	1.6965e-12	1.4713e-04	9.9220e-01	7.6515e-03	1.1755e-36	6.9806e-01	3.0194e-01	2.7089e-10	1.1755e-36	1.1755e-36	1.1755e-36	8.1620e-19	0.00e+00	0.00e+00	2.7252e+01
2.66473e+19	4.4641e+03	6.701e-22	2.7826e+01	9.5745e+00	1.0597e-08	6.5657e-01	3.4343e-01	1.0000e+00	4.7751e-07	5.0379e-21	1.7547e-12	1.4310e-04	9.9253e-01	7.3318e-03	1.1755e-36	7.0931e-01	2.9069e-01	2.5459e-10	1.1755e-36	1.1755e-36	1.1755e-36	8.6705e-19	0.00e+00	0.00e+00	2.7528e+01
2.66494e+19	4.3603e+03	6.436e-22	2.7826e+01	9.2935e+00	1.2032e-08	6.6700e-01	3.3300e-01	1.0000e+00	4.7468e-07	5.0839e-21	1.8056e-12	1.3978e-04	9.9280e-01	7.0618e-03	1.1755e-36	7.1905e-01	2.8095e-01	2.4136e-10	1.1755e-36	1.1755e-36	1.1755e-36	9.1297e-19	0.00e+00	0.00e+00	2.7733e+01
2.66510e+19	4.2838e+03	6.226e-22	2.7826e+01	9.0660e+00	1.3131e-08	6.7475e-01	3.2525e-01	1.0000e+00	4.7365e-07	5.1433e-21	1.8389e-12	1.3704e-04	9.9300e-01	6.8642e-03	1.1755e-36	7.2626e-01	2.7374e-01	2.3169e-10	1.1755e-36	1.1755e-36	1.1755e-36	9.4273e-19	0.00e+00	0.00e+00	2.7906e+01
2.66526e+19	4.1984e+03	6.014e-22	2.7826e+01	8.8357e+00	1.4381e-08	6.8303e-01	3.1697e-01	1.0000e+00	4.7202e-07	5.1932e-21	1.8747e-12	1.3433e-04	9.9321e-01	6.6537e-03	1.1755e-36	7.3395e-01	2.6605e-01	2.2175e-10	1.1755e-36	1.1755e-36	1.1755e-36	9.7454e-19	0.00e+00	0.00e+00	2.8116e+01
2.66545e+19	4.0988e+03	5.771e-22	2.7826e+01	8.5723e+00	1.5844e-08	6.9271e-01	3.0729e-01	1.0000e+00	4.6976e-07	5.2478e-21	1.9138e-12	1.3125e-04	9.9346e-01	6.4121e-03	1.1755e-36	7.4288e-01	2.5712e-01	2.1055e-10	1.1755e-36	1.1755e-36	1.1755e-36	1.0079e-18	0.00e+00	0.00e+00	2.8360e+01
2.66566e+19	3.9826e+03	5.508e-22	2.7826e+01	8.2754e+00	1.7471e-08	7.0338e-01	2.9662e-01	1.0000e+00	4.6733e-07	5.3119e-21	1.9500e-12	1.2784e-04	9.9372e-01	6.1513e-03	1.1755e-36	7.5271e-01	2.4729e-01	1.9878e-10	1.1755e-36	1.1755e-36	1.1755e-36	1.0347e-18	0.00e+00	0.00e+00	2.8629e+01
###########################
2.01518e+14	6.4041e+03	2.703e-21	2.7826e+01	3.0263e+01	9.9191e-16	6.2808e-04	9.9937e-01	2.9554e-03	9.8166e-01	1.5385e-02	1.4274e-20	8.9068e-06	5.2296e-02	9.4133e-01	6.3665e-03	5.6875e-05	1.3335e-01	8.5974e-01	6.8573e-03	1.1755e-36	1.1755e-36	1.5160e-28	0.00e+00	0.00e+00	4.4465e-05
1.20911e+15	6.4030e+03	2.702e-21	2.7826e+01	3.0262e+01	9.9240e-16	6.2807e-04	9.9937e-01	2.9554e-03	9.8167e-01	1.5373e-02	1.4262e-20	8.9080e-06	5.2312e-02	9.4130e-01	6.3754e-03	5.6839e-05	1.3327e-01	8.5984e-01	6.8332e-03	1.1755e-36	1.1755e-36	1.5134e-28	0.00e+00	0.00e+00	2.2232e-04
5.23946e+15	6.4010e+03	2.702e-21	2.7826e+01	3.0261e+01	9.9434e-16	6.2805e-04	9.9937e-01	2.9559e-03	9.8177e-01	1.5277e-02	1.4263e-20	8.9170e-06	5.2347e-02	9.4128e-01	6.3618e-03	5.6807e-05	1.3318e-01	8.6003e-01	6.7350e-03	1.1755e-36	1.1755e-36	1.5128e-28	0.00e+00	0.00e+00	9.3372e-04
2.13609e+16	6.3953e+03	2.699e-21	2.7826e+01	3.0261e+01	9.9624e-16	6.2808e-04	9.9937e-01	2.9594e-03	9.8227e-01	1.4775e-02	1.4230e-20	8.9414e-06	5.2410e-02	9.4127e-01	6.3132e-03	5.6804e-05	1.3311e-01	8.6048e-01	6.3565e-03	1.1755e-36	1.1755e-36	1.5021e-28	0.00e+00	0.00e+00	3.7795e-03
5.10243e+16	6.3812e+03	2.690e-21	2.7826e+01	3.0260e+01	1.0013e-15	6.2597e-04	9.9937e-01	2.9594e-03	9.8255e-01	1.4487e-02	1.4088e-20	8.9352e-06	5.2418e-02	9.4130e-01	6.2752e-03	5.6479e-05	1.3267e-01	8.6143e-01	5.8409e-03	1.1755e-36	1.1755e-36	1.4805e-28	0.00e+00	0.00e+00	7.4665e-03
8.95867e+16	6.3635e+03	2.681e-21	2.7826e+01	3.0258e+01	1.0069e-15	6.2408e-04	9.9938e-01	2.9627e-03	9.8336e-01	1.3681e-02	1.3941e-20	8.9369e-06	5.2452e-02	9.4134e-01	6.1947e-03	5.6263e-05	1.3241e-01	8.6231e-01	5.2167e-03	1.1755e-36	1.1755e-36	1.4532e-28	0.00e+00	0.00e+00	1.2245e-02
1.39718e+17	6.3407e+03	2.670e-21	2.7826e+01	3.0256e+01	1.0150e-15	6.2230e-04	9.9938e-01	2.9693e-03	9.8465e-01	1.2376e-02	1.3799e-20	8.9274e-06	5.2520e-02	9.4140e-01	6.0744e-03	5.6160e-05	1.3236e-01	8.6309e-01	4.4891e-03	1.1755e-36	1.1755e-36	1.4220e-28	0.00e+00	0.00e+00	1.8440e-02
2.04888e+17	6.3201e+03	2.656e-21	2.7826e+01	3.0252e+01	1.0212e-15	6.2007e-04	9.9938e-01	2.9770e-03	9.8642e-01	1.0605e-02	1.3673e-20	8.9365e-06	5.2589e-02	9.4148e-01	5.9198e-03	5.6119e-05	1.3249e-01	8.6377e-01	3.6800e-03	1.1755e-36	1.1755e-36	1.3941e-28	0.00e+00	0.00e+00	2.6464e-02
2.89610e+17	6.2936e+03	2.640e-21	2.7826e+01	3.0246e+01	1.0334e-15	6.1791e-04	9.9938e-01	2.9883e-03	9.8855e-01	8.4574e-03	1.3607e-20	8.9668e-06	5.2703e-02	9.4156e-01	5.7311e-03	5.6276e-05	1.3301e-01	8.6410e-01	2.8305e-03	1.1755e-36	1.1755e-36	1.3714e-28	0.00e+00	0.00e+00	3.6859e-02
3.99748e+17	6.2616e+03	2.622e-21	2.7826e+01	3.0241e+01	1.0452e-15	6.1588e-04	9.9938e-01	3.0034e-03	9.9085e-01	6.1470e-03	1.3534e-20	8.9881e-06	5.2878e-02	9.4159e-01	5.5223e-03	5.6692e-05	1.3403e-01	8.6391e-01	2.0045e-03	1.1755e-36	1.1755e-36	1.3385e-28	0.00e+00	0.00e+00	5.0328e-02
5.42927e+17	6.2239e+03	2.601e-21	2.7826e+01	3.0235e+01	1.0670e-15	6.1405e-04	9.9939e-01	3.0218e-03	9.9301e-01	3.9727e-03	1.3584e-20	9.0216e-06	5.3123e-02	9.4156e-01	5.3105e-03	5.7382e-05	1.3554e-01	8.6313e-01	1.2777e-03	1.1755e-36	1.1755e-36	1.3209e-28	0.00e+00	0.00e+00	6.7786e-02
7.29061e+17	6.1794e+03	2.578e-21	2.7826e+01	3.0230e+01	1.0876e-15	6.1266e-04	9.9939e-01	3.0444e-03	9.9474e-01	2.2195e-03	1.3590e-20	9.0739e-06	5.3463e-02	9.4142e-01	5.1109e-03	5.8368e-05	1.3751e-01	8.6171e-01	7.1349e-04	1.1755e-36	1.1755e-36	1.2845e-28	0.00e+00	0.00e+00	9.0429e-02
9.71034e+17	6.1276e+03	2.552e-21	2.7826e+01	3.0227e+01	1.1228e-15	6.1200e-04	9.9939e-01	3.0724e-03	9.9589e-01	1.0391e-03	1.3738e-20	9.1513e-06	5.3924e-02	9.4114e-01	4.9295e-03	5.9652e-05	1.3986e-01	8.5974e-01	3.3861e-04	1.1755e-36	1.1755e-36	1.2641e-28	0.00e+00	0.00e+00	1.1983e-01
1.28560e+18	6.0682e+03	2.524e-21	2.7826e+01	3.0226e+01	1.1622e-15	6.1246e-04	9.9939e-01	3.1080e-03	9.9650e-01	3.9432e-04	1.3883e-20	9.2645e-06	5.4548e-02	9.4068e-01	4.7595e-03	6.1292e-05	1.4258e-01	8.5723e-01	1.3221e-04	1.1755e-36	1.1755e-36	1.2306e-28	0.00e+00	0.00e+00	1.5809e-01
1.69453e+18	6.0021e+03	2.494e-21	2.7826e+01	3.0225e+01	1.2147e-15	6.1466e-04	9.9939e-01	3.1555e-03	9.9673e-01	1.1746e-04	1.4148e-20	9.4309e-06	5.5394e-02	9.4001e-01	4.5853e-03	6.3447e-05	1.4580e-01	8.5409e-01	4.1199e-05	1.1755e-36	1.1755e-36	1.2020e-28	0.00e+00	0.00e+00	2.0800e-01
2.22615e+18	5.9309e+03	2.461e-21	2.7826e+01	3.0224e+01	1.2844e-15	6.1956e-04	9.9938e-01	3.2206e-03	9.9675e-01	2.6902e-05	1.4623e-20	9.6740e-06	5.6548e-02	9.3905e-01	4.3898e-03	6.6393e-05	1.4980e-01	8.5012e-01	1.0062e-05	1.1755e-36	1.1755e-36	1.1853e-28	0.00e+00	0.00e+00	2.7340e-01
2.91725e+18	5.8578e+03	2.427e-21	2.7826e+01	3.0224e+01	1.3665e-15	6.2861e-04	9.9937e-01	3.3117e-03	9.9668e-01	4.7892e-06	1.5332e-20	1.0034e-05	5.8141e-02	9.3769e-01	4.1597e-03	7.0558e-05	1.5498e-01	8.4495e-01	1.9425e-06	1.1755e-36	1.1755e-36	1.1722e-28	0.00e+00	0.00e+00	3.5967e-01
3.81568e+18	5.7885e+03	2.392e-21	2.7826e+01	3.0223e+01	1.4808e-15	6.4406e-04	9.9936e-01	3.4415e-03	9.9656e-01	6.9992e-07	1.6673e-20	1.0570e-05	6.0374e-02	9.3573e-01	3.8862e-03	7.6610e-05	1.6183e-01	8.3809e-01	3.0901e-07	1.1755e-36	1.1755e-36	1.2041e-28	0.00e+00	0.00e+00	4.7457e-01
4.98364e+18	5.7331e+03	2.357e-21	2.7826e+01	3.0222e+01	1.6122e-15	6.6949e-04	9.9933e-01	3.6312e-03	9.9637e-01	8.9182e-08	1.8834e-20	1.1377e-05	6.3565e-02	9.3286e-01	3.5638e-03	8.5668e-05	1.7106e-01	8.2885e-01	1.1755e-36	1.1755e-36	1.1755e-36	1.2716e-28	0.00e+00	0.00e+00	6.2983e-01
6.50199e+18	5.6970e+03	2.328e-21	2.7826e+01	3.0219e+01	1.7997e-15	7.1233e-04	9.9929e-01	3.9215e-03	9.9608e-01	1.0054e-08	2.2992e-20	1.2684e-05	6.8360e-02	9.2845e-01	3.1807e-03	1.0032e-04	1.8434e-01	8.1556e-01	1.1755e-36	1.1755e-36	1.1755e-36	1.4527e-28	0.00e+00	0.00e+00	8.4460e-01
7.72819e+18	5.6639e+03	2.299e-21	2.7826e+01	3.0218e+01	1.8513e-15	7.4024e-04	9.9926e-01	4.1253e-03	9.9587e-01	2.0445e-09	2.4468e-20	1.3589e-05	7.1753e-02	9.2531e-01	2.9237e-03	1.1152e-04	1.9425e-01	8.0564e-01	1.1755e-36	1.1755e-36	1.1755e-36	1.4097e-28	0.00e+00	0.00e+00	9.4030e-01
8.50101e+18	5.6952e+03	2.290e-21	2.7826e+01	3.0216e+01	1.9108e-15	7.6920e-04	9.9923e-01	4.3101e-03	9.9569e-01	8.6809e-10	2.7831e-20	1.4454e-05	7.4684e-02	9.2254e-01	2.7648e-03	1.2156e-04	2.0177e-01	7.9811e-01	1.1755e-36	1.1755e-36	1.1755e-36	1.5864e-28	0.00e+00	0.00e+00	1.0497e+00
9.35111e+18	5.7315e+03	2.286e-21	2.7826e+01	3.0214e+01	2.0069e-15	8.0592e-04	9.9919e-01	4.5411e-03	9.9546e-01	3.6131e-10	3.2745e-20	1.5535e-05	7.8289e-02	9.1910e-01	2.5945e-03	1.3451e-04	2.1083e-01	7.8904e-01	1.1755e-36	1.1755e-36	1.1755e-36	1.8604e-28	0.00e+00	0.00e+00	1.1758e+00
1.02862e+19	5.7862e+03	2.284e-21	2.7826e+01	3.0212e+01	2.0961e-15	8.5169e-04	9.9915e-01	4.8288e-03	9.9517e-01	1.4760e-10	3.9525e-20	1.6909e-05	8.2723e-02	9.1485e-01	2.4153e-03	1.5131e-04	2.2171e-01	7.7814e-01	1.1755e-36	1.1755e-36	1.1755e-36	2.2323e-28	0.00e+00	0.00e+00	1.3223e+00
1.13148e+19	5.8506e+03	2.288e-21	2.7826e+01	3.0209e+01	2.2492e-15	9.1117e-04	9.9909e-01	5.2028e-03	9.9480e-01	5.9094e-11	5.0411e-20	1.8690e-05	8.8377e-02	9.0938e-01	2.2222e-03	1.7408e-04	2.3521e-01	7.6462e-01	1.1755e-36	1.1755e-36	1.1755e-36	2.8708e-28	0.00e+00	0.00e+00	1.4948e+00
1.24463e+19	5.9543e+03	2.292e-21	2.7826e+01	3.0206e+01	2.3908e-15	9.8646e-04	9.9901e-01	5.6863e-03	9.9431e-01	2.3264e-11	6.7440e-20	2.1006e-05	9.5514e-02	9.0244e-01	2.0221e-03	2.0512e-04	2.5186e-01	7.4794e-01	1.1755e-36	1.1755e-36	1.1755e-36	3.9023e-28	0.00e+00	0.00e+00	1.7002e+00
1.36910e+19	6.0782e+03	2.303e-21	2.7826e+01	3.0201e+01	2.6209e-15	1.0880e-03	9.9891e-01	6.3523e-03	9.9365e-01	8.9799e-12	9.7675e-20	2.4179e-05	1.0508e-01	8.9309e-01	1.8061e-03	2.5050e-04	2.7360e-01	7.2615e-01	1.1755e-36	1.1755e-36	1.1755e-36	5.8168e-28	0.00e+00	0.00e+00	1.9494e+00
1.49296e+19	6.2253e+03	2.320e-21	2.7826e+01	3.0195e+01	2.8828e-15	1.2123e-03	9.9879e-01	7.1919e-03	9.9281e-01	3.7444e-12	1.4677e-19	2.8133e-05	1.1673e-01	8.8164e-01	1.6013e-03	3.1179e-04	2.9948e-01	7.0021e-01	1.1755e-36	1.1755e-36	1.1755e-36	9.0223e-28	0.00e+00	0.00e+00	2.1993e+00
1.59894e+19	6.3718e+03	2.341e-21	2.7826e+01	3.0188e+01	3.1622e-15	1.3450e-03	9.9865e-01	8.1284e-03	9.9187e-01	1.8699e-12	2.1779e-19	3.2439e-05	1.2923e-01	8.6931e-01	1.4294e-03	3.8445e-04	3.2652e-01	6.7310e-01	1.1755e-36	1.1755e-36	1.1755e-36	1.3797e-27	0.00e+00	0.00e+00	2.4229e+00
1.68597e+19	6.5050e+03	2.361e-21	2.7826e+01	3.0182e+01	3.4790e-15	1.4791e-03	9.9852e-01	9.1257e-03	9.9087e-01	1.0897e-12	3.1569e-19	3.6899e-05	1.4198e-01	8.5670e-01	1.2869e-03	4.6546e-04	3.5332e-01	6.4622e-01	1.1755e-36	1.1755e-36	1.1755e-36	2.0643e-27	0.00e+00	0.00e+00	2.6293e+00
1.76226e+19	6.6304e+03	2.382e-21	2.7826e+01	3.0174e+01	3.8382e-15	1.6207e-03	9.9838e-01	1.0239e-02	9.8976e-01	6.9036e-13	4.5313e-19	4.1720e-05	1.5562e-01	8.4317e-01	1.1600e-03	5.5927e-04	3.8108e-01	6.1836e-01	1.1755e-36	1.1755e-36	1.1755e-36	3.0485e-27	0.00e+00	0.00e+00	2.8375e+00
1.83369e+19	6.7555e+03	2.403e-21	2.7826e+01	3.0166e+01	4.2739e-15	1.7792e-03	9.9822e-01	1.1564e-02	9.8844e-01	4.5688e-13	6.5811e-19	4.7236e-05	1.7110e-01	8.2781e-01	1.0397e-03	6.7413e-04	4.1150e-01	5.8782e-01	1.1755e-36	1.1755e-36	1.1755e-36	4.5560e-27	0.00e+00	0.00e+00	3.0554e+00
1.90092e+19	6.8814e+03	2.426e-21	2.7826e+01	3.0157e+01	4.7882e-15	1.9578e-03	9.9804e-01	1.3166e-02	9.8683e-01	3.1443e-13	9.6500e-19	5.3588e-05	1.8880e-01	8.1022e-01	9.2562e-04	8.1573e-04	4.4495e-01	5.5423e-01	1.1755e-36	1.1755e-36	1.1755e-36	6.8532e-27	0.00e+00	0.00e+00	3.2780e+00
1.96238e+19	7.0038e+03	2.449e-21	2.7826e+01	3.0146e+01	5.3874e-15	2.1539e-03	9.9785e-01	1.5072e-02	9.8493e-01	2.2618e-13	1.4144e-18	6.0713e-05	2.0854e-01	7.9058e-01	8.2011e-04	9.8527e-04	4.8056e-01	5.1846e-01	1.1755e-36	1.1755e-36	1.1755e-36	1.0274e-26	0.00e+00	0.00e+00	3.4982e+00
2.01757e+19	7.1192e+03	2.471e-21	2.7826e+01	3.0134e+01	6.0731e-15	2.3646e-03	9.9764e-01	1.7315e-02	9.8268e-01	1.6968e-13	2.0550e-18	6.8546e-05	2.3013e-01	7.6908e-01	7.2389e-04	1.1831e-03	5.1743e-01	4.8139e-01	1.1755e-36	1.1755e-36	1.1755e-36	1.5209e-26	0.00e+00	0.00e+00	3.7150e+00
2.06727e+19	7.2270e+03	2.493e-21	2.7826e+01	3.0120e+01	6.8680e-15	2.5908e-03	9.9741e-01	1.9973e-02	9.8003e-01	1.3172e-13	2.9621e-18	7.7128e-05	2.5368e-01	7.4561e-01	6.3591e-04	1.4120e-03	5.5524e-01	4.4335e-01	1.1755e-36	1.1755e-36	1.1755e-36	2.2283e-26	0.00e+00	0.00e+00	3.9299e+00
2.11247e+19	7.3276e+03	2.514e-21	2.7826e+01	3.0105e+01	7.8028e-15	2.8349e-03	9.9717e-01	2.3173e-02	9.7683e-01	1.0501e-13	4.2483e-18	8.6574e-05	2.7950e-01	7.1986e-01	5.5484e-04	1.6765e-03	5.9391e-01	4.0441e-01	1.1755e-36	1.1755e-36	1.1755e-36	3.2444e-26	0.00e+00	0.00e+00	4.1450e+00
2.15385e+19	7.4212e+03	2.534e-21	2.7826e+01	3.0088e+01	8.8879e-15	3.0996e-03	9.9690e-01	2.7090e-02	9.7291e-01	8.5528e-14	6.0534e-18	9.6997e-05	3.0790e-01	6.9153e-01	4.7993e-04	1.9815e-03	6.3325e-01	3.6476e-01	1.1755e-36	1.1755e-36	1.1755e-36	4.6758e-26	0.00e+00	0.00e+00	4.3604e+00
2.19171e+19	7.5077e+03	2.554e-21	2.7826e+01	3.0068e+01	1.0160e-14	3.3862e-03	9.9661e-01	3.1965e-02	9.6804e-01	7.0956e-14	8.5751e-18	1.0846e-04	3.3903e-01	6.6045e-01	4.1097e-04	2.3303e-03	6.7280e-01	3.2487e-01	1.1755e-36	1.1755e-36	1.1755e-36	6.6860e-26	0.00e+00	0.00e+00	4.5755e+00
2.22629e+19	7.5926e+03	2.573e-21	2.7826e+01	3.0051e+01	1.1586e-14	3.6928e-03	9.9631e-01	3.8192e-02	9.6181e-01	5.9882e-14	1.2033e-17	1.2097e-04	3.7279e-01	6.2674e-01	3.4815e-04	2.7230e-03	7.1197e-01	2.8531e-01	1.1755e-36	1.1755e-36	1.1755e-36	9.4537e-26	0.00e+00	0.00e+00	4.7897e+00
2.25796e+19	7.6517e+03	2.595e-21	2.7826e+01	3.0019e+01	1.3463e-14	4.0316e-03	9.9597e-01	4.6139e-02	9.5386e-01	5.0994e-14	1.6868e-17	1.3481e-04	4.1007e-01	5.8950e-01	2.8995e-04	3.1715e-03	7.5060e-01	2.4623e-01	1.1755e-36	1.1755e-36	1.1755e-36	1.3324e-25	0.00e+00	0.00e+00	5.0044e+00
2.28696e+19	7.7090e+03	2.614e-21	2.7826e+01	2.9984e+01	1.5610e-14	4.3942e-03	9.9561e-01	5.6562e-02	9.4344e-01	4.3841e-14	2.3403e-17	1.4963e-04	4.4992e-01	5.4969e-01	2.3773e-04	3.6697e-03	7.8791e-01	2.0842e-01	1.1755e-36	1.1755e-36	1.1755e-36	1.8584e-25	0.00e+00	0.00e+00	5.2181e+00
2.30999e+19	7.7586e+03	2.629e-21	2.7826e+01	2.9946e+01	1.7660e-14	4.7267e-03	9.9527e-01	6.8535e-02	9.3147e-01	3.8785e-14	3.0752e-17	1.6324e-04	4.8662e-01	5.1302e-01	1.9763e-04	4.1423e-03	8.1922e-01	1.7664e-01	1.1755e-36	1.1755e-36	1.1755e-36	2.4477e-25	0.00e+00	0.00e+00	5.3708e+00
2.32570e+19	7.7996e+03	2.637e-21	2.7826e+01	2.9910e+01	1.9217e-14	4.9773e-03	9.9502e-01	7.9698e-02	9.2030e-01	3.5558e-14	3.7305e-17	1.7355e-04	5.1463e-01	4.8503e-01	1.7074e-04	4.5082e-03	8.4119e-01	1.5430e-01	1.1755e-36	1.1755e-36	1.1755e-36	2.9732e-25	0.00e+00	0.00e+00	5.4847e+00
2.33821e+19	7.8201e+03	2.644e-21	2.7826e+01	2.9872e+01	2.0821e-14	5.1999e-03	9.9480e-01	9.0954e-02	9.0905e-01	3.2866e-14	4.3809e-17	1.8241e-04	5.3868e-01	4.6099e-01	1.4945e-04	4.8332e-03	8.5873e-01	1.3644e-01	1.1755e-36	1.1755e-36	1.1755e-36	3.4965e-25	0.00e+00	0.00e+00	5.5943e+00
2.35200e+19	7.8439e+03	2.652e-21	2.7826e+01	2.9831e+01	2.2861e-14	5.4680e-03	9.9453e-01	1.0747e-01	8.9253e-01	3.0000e-14	5.2687e-17	1.9303e-04	5.6714e-01	4.3254e-01	1.2645e-04	5.2266e-03	8.7790e-01	1.1687e-01	1.1755e-36	1.1755e-36	1.1755e-36	4.2206e-25	0.00e+00	0.00e+00	5.7441e+00
2.36624e+19	7.8588e+03	2.662e-21	2.7826e+01	2.9772e+01	2.5418e-14	5.7737e-03	9.9423e-01	1.3082e-01	8.6918e-01	2.6993e-14	6.4002e-17	2.0462e-04	5.9837e-01	4.0132e-01	1.0427e-04	5.6788e-03	8.9787e-01	9.6450e-02	1.1755e-36	1.1755e-36	1.1755e-36	5.1412e-25	0.00e+00	0.00e+00	5.8747e+00
2.37713e+19	7.8884e+03	2.663e-21	2.7826e+01	2.9718e+01	2.7291e-14	6.0180e-03	9.9398e-01	1.5588e-01	8.4412e-01	2.4743e-14	7.4363e-17	2.1384e-04	6.2371e-01	3.7599e-01	8.8148e-05	6.0500e-03	9.1335e-01	8.0599e-02	1.1755e-36	1.1755e-36	1.1755e-36	5.9879e-25	0.00e+00	0.00e+00	5.9688e+00
2.38506e+19	7.8937e+03	2.664e-21	2.7826e+01	2.9643e+01	2.9109e-14	6.2134e-03	9.9379e-01	1.7963e-01	8.2037e-01	2.2889e-14	8.3209e-17	2.2075e-04	6.4298e-01	3.5672e-01	7.6673e-05	6.3448e-03	9.2447e-01	6.9185e-02	1.1755e-36	1.1755e-36	1.1755e-36	6.6993e-25	0.00e+00	0.00e+00	6.0448e+00
2.39197e+19	7.8973e+03	2.665e-21	2.7826e+01	2.9585e+01	3.0897e-14	6.3950e-03	9.9360e-01	2.0596e-01	7.9404e-01	2.1231e-14	9.2090e-17	2.2692e-04	6.6009e-01	3.3962e-01	6.6981e-05	6.6174e-03	9.3392e-01	5.9460e-02	1.1755e-36	1.1755e-36	1.1755e-36	7.4261e-25	0.00e+00	0.00e+00	6.1219e+00
2.39985e+19	7.9065e+03	2.662e-21	2.7826e+01	2.9505e+01	3.3014e-14	6.6100e-03	9.9339e-01	2.4390e-01	7.5610e-01	1.9204e-14	1.0344e-16	2.3387e-04	6.7956e-01	3.2015e-01	5.6456e-05	6.9400e-03	9.4423e-01	4.8833e-02	1.1755e-36	1.1755e-36	1.1755e-36	8.3623e-25	0.00e+00	0.00e+00	6.2254e+00
2.40794e+19	7.9110e+03	2.656e-21	2.7826e+01	2.9394e+01	3.5466e-14	6.8409e-03	9.9316e-01	2.9527e-01	7.0473e-01	1.6897e-14	1.1647e-16	2.4063e-04	6.9907e-01	3.0064e-01	4.6659e-05	7.2859e-03	9.5434e-01	3.8371e-02	1.1755e-36	1.1755e-36	1.1755e-36	9.4311e-25	0.00e+00	0.00e+00	6.3126e+00
2.41415e+19	7.9066e+03	2.647e-21	2.7826e+01	2.9267e+01	3.7682e-14	7.0263e-03	9.9297e-01	3.4737e-01	6.5263e-01	1.4910e-14	1.2759e-16	2.4543e-04	7.1375e-01	2.8597e-01	3.9564e-05	7.5625e-03	9.6173e-01	3.0704e-02	1.1755e-36	1.1755e-36	1.1755e-36	1.0324e-24	0.00e+00	0.00e+00	6.3764e+00
2.41893e+19	7.9099e+03	2.633e-21	2.7826e+01	2.9137e+01	3.9263e-14	7.1639e-03	9.9284e-01	3.9600e-01	6.0400e-01	1.3255e-14	1.3640e-16	2.4856e-04	7.2434e-01	2.7538e-01	3.4454e-05	7.7696e-03	9.6698e-01	2.5254e-02	1.1755e-36	1.1755e-36	1.1755e-36	1.1017e-24	0.00e+00	0.00e+00	6.4317e+00
2.42399e+19	7.8982e+03	2.619e-21	2.7826e+01	2.8997e+01	4.1530e-14	7.3270e-03	9.9267e-01	4.5615e-01	5.4385e-01	1.1321e-14	1.4699e-16	2.5181e-04	7.3509e-01	2.6463e-01	2.9238e-05	8.0054e-03	9.7191e-01	2.0088e-02	1.1755e-36	1.1755e-36	1.1755e-36	1.1856e-24	0.00e+00	0.00e+00	6.5052e+00
2.42966e+19	7.8886e+03	2.598e-21	2.7826e+01	2.8828e+01	4.4149e-14	7.5121e-03	9.9249e-01	5.3420e-01	4.6580e-01	9.1525e-15	1.5962e-16	2.5483e-04	7.4584e-01	2.5388e-01	2.4046e-05	8.2695e-03	9.7670e-01	1.5034e-02	1.1755e-36	1.1755e-36	1.1755e-36	1.2867e-24	0.00e+00	0.00e+00	6.5797e+00
2.43496e+19	7.8772e+03	2.570e-21	2.7826e+01	2.8595e+01	4.6635e-14	7.6761e-03	9.9232e-01	6.1544e-01	3.8456e-01	7.1223e-15	1.7094e-16	2.5644e-04	7.5429e-01	2.4543e-01	1.9756e-05	8.5025e-03	9.8042e-01	1.1079e-02	1.1755e-36	1.1755e-36	1.1755e-36	1.3716e-24	0.00e+00	0.00e+00	6.6464e+00
2.43987e+19	7.8585e+03	2.547e-21	2.7826e+01	2.8424e+01	4.9623e-14	7.8539e-03	9.9215e-01	6.9394e-01	3.0606e-01	5.3981e-15	1.8350e-16	2.5814e-04	7.6140e-01	2.3832e-01	1.6110e-05	8.7429e-03	9.8314e-01	8.1185e-03	1.1755e-36	1.1755e-36	1.1755e-36	1.4741e-24	0.00e+00	0.00e+00	6.7137e+00
2.44548e+19	7.8373e+03	2.521e-21	2.7826e+01	2.8230e+01	5.3248e-14	8.0664e-03	9.9193e-01	7.7715e-01	2.2285e-01	3.7206e-15	1.9819e-16	2.5959e-04	7.6817e-01	2.3156e-01	1.2495e-05	9.0231e-03	9.8540e-01	5.5794e-03	1.1755e-36	1.1755e-36	1.1755e-36	1.5969e-24	0.00e+00	0.00e+00	6.8035e+00
2.45277e+19	7.8120e+03	2.495e-21	2.7826e+01	2.8022e+01	5.8438e-14	8.3681e-03	9.9163e-01	8.6363e-01	1.3637e-01	2.1281e-15	2.1850e-16	2.6123e-04	7.7526e-01	2.2447e-01	8.7692e-06	9.4093e-03	9.8723e-01	3.3564e-03	1.1755e-36	1.1755e-36	1.1755e-36	1.7803e-24	0.00e+00	0.00e+00	6.9247e+00
2.46225e+19	7.7924e+03	2.470e-21	2.7826e+01	2.7772e+01	6.5411e-14	8.7836e-03	9.9122e-01	9.3388e-01	6.6124e-02	9.4202e-16	2.4533e-16	2.6265e-04	7.8221e-01	2.1752e-01	5.3831e-06	9.9313e-03	9.8836e-01	1.7058e-03	1.1755e-36	1.1755e-36	1.1755e-36	2.0457e-24	0.00e+00	0.00e+00	7.0901e+00
2.47457e+19	7.7781e+03	2.470e-21	2.7826e+01	2.7658e+01	7.6629e-14	9.4383e-03	9.9056e-01	9.7534e-01	2.4662e-02	3.2398e-16	2.8989e-16	2.6601e-04	7.9055e-01	2.0918e-01	2.7537e-06	1.0736e-02	9.8856e-01	7.0848e-04	1.1755e-36	1.1755e-36	1.1755e-36	2.5580e-24	0.00e+00	0.00e+00	7.3211e+00
2.49059e+19	7.7707e+03	2.487e-21	2.7826e+01	2.7573e+01	9.4946e-14	1.0439e-02	9.8956e-01	9.9277e-01	7.2330e-03	8.6213e-17	3.6368e-16	2.7071e-04	8.0081e-01	1.9892e-01	1.1336e-06	1.1960e-02	9.8781e-01	2.3426e-04	1.1755e-36	1.1755e-36	1.1755e-36	3.5131e-24	0.00e+00	0.00e+00	7.6533e+00
2.51142e+19	7.7566e+03	2.525e-21	2.7826e+01	2.7520e+01	1.2983e-13	1.2081e-02	9.8792e-01	9.9830e-01	1.6986e-03	1.7983e-17	5.0410e-16	2.7777e-04	8.1479e-01	1.8493e-01	3.5329e-07	1.3966e-02	9.8597e-01	5.9715e-05	1.1755e-36	1.1755e-36	1.1755e-36	5.5923e-24	0.00e+00	0.00e+00	8.1530e+00
2.53314e+19	7.7378e+03	2.574e-21	2.7826e+01	2.7469e+01	1.9055e-13	1.4456e-02	9.8554e-01	9.9959e-01	4.1448e-04	3.9326e-18	7.4886e-16	2.8547e-04	8.3024e-01	1.6947e-01	1.1755e-36	1.6872e-02	9.8311e-01	1.4836e-05	1.1755e-36	1.1755e-36	1.1755e-36	9.8743e-24	0.00e+00	0.00e+00	8.6587e+00
2.55013e+19	7.7143e+03	2.616e-21	2.7826e+01	2.7394e+01	2.7308e-13	1.7089e-02	9.8291e-01	9.9985e-01	1.5293e-04	1.3391e-18	1.0781e-15	2.9203e-04	8.4361e-01	1.5610e-01	1.1755e-36	2.0103e-02	9.7989e-01	5.2626e-06	1.1755e-36	1.1755e-36	1.1755e-36	1.6678e-23	0.00e+00	0.00e+00	9.0808e+00
2.56292e+19	7.6859e+03	2.650e-21	2.7826e+01	2.7320e+01	3.7395e-13	1.9740e-02	9.8026e-01	9.9992e-01	7.5563e-05	6.2242e-19	1.4734e-15	2.9723e-04	8.5476e-01	1.4494e-01	1.1755e-36	2.3359e-02	9.7664e-01	2.4537e-06	1.1755e-36	1.1755e-36	1.1755e-36	2.6139e-23	0.00e+00	0.00e+00	9.4802e+00
2.57417e+19	7.6521e+03	2.681e-21	2.7826e+01	2.7238e+01	5.1086e-13	2.2744e-02	9.7726e-01	9.9996e-01	4.1268e-05	3.2173e-19	2.0000e-15	3.0198e-04	8.6537e-01	1.3433e-01	1.1755e-36	2.7052e-02	9.7295e-01	1.2490e-06	1.1755e-36	1.1755e-36	1.1755e-36	4.0567e-23	0.00e+00	0.00e+00	9.9199e+00
2.58510e+19	7.6171e+03	2.707e-21	2.7826e+01	2.7119e+01	7.1572e-13	2.6520e-02	9.7348e-01	9.9998e-01	2.3250e-05	1.7205e-19	2.7789e-15	3.0639e-04	8.7628e-01	1.2341e-01	1.1755e-36	3.1695e-02	9.6830e-01	6.4446e-07	1.1755e-36	1.1755e-36	1.1755e-36	6.5168e-23	0.00e+00	0.00e+00	1.0425e+01
2.59542e+19	7.5608e+03	2.737e-21	2.7826e+01	2.6984e+01	1.0476e-12	3.1400e-02	9.6860e-01	9.9999e-01	1.3733e-05	9.6695e-20	3.9815e-15	3.1087e-04	8.8748e-01	1.1220e-01	1.1755e-36	3.7694e-02	9.6231e-01	3.4185e-07	1.1755e-36	1.1755e-36	1.1755e-36	1.0943e-22	0.00e+00	0.00e+00	1.0966e+01
2.60491e+19	7.5112e+03	2.759e-21	2.7826e+01	2.6811e+01	1.5571e-12	3.7525e-02	9.6247e-01	9.9999e-01	8.5515e-06	5.7637e-20	5.8054e-15	3.1467e-04	8.9855e-01	1.0114e-01	1.1755e-36	4.5215e-02	9.5479e-01	1.8719e-07	1.1755e-36	1.1755e-36	1.1755e-36	1.8887e-22	0.00e+00	0.00e+00	1.1570e+01
2.61367e+19	7.4393e+03	2.777e-21	2.7826e+01	2.6590e+01	2.4229e-12	4.5540e-02	9.5446e-01	9.9999e-01	5.5560e-06	3.5974e-20	8.7227e-15	3.1802e-04	9.0965e-01	9.0030e-02	1.1755e-36	5.5038e-02	9.4496e-01	1.0481e-07	1.1755e-36	1.1755e-36	1.1755e-36	3.4049e-22	0.00e+00	0.00e+00	1.2239e+01
2.62141e+19	7.3698e+03	2.787e-21	2.7826e+01	2.6349e+01	3.8408e-12	5.5792e-02	9.4421e-01	1.0000e+00	3.8205e-06	2.3914e-20	1.3351e-14	3.2073e-04	9.2028e-01	7.9398e-02	1.1755e-36	6.7560e-02	9.3244e-01	6.0945e-08	1.1755e-36	1.1755e-36	1.1755e-36	6.3265e-22	0.00e+00	0.00e+00	1.2937e+01
2.62804e+19	7.3006e+03	2.777e-21	2.7826e+01	2.6013e+01	6.1092e-12	6.8426e-02	9.3157e-01	1.0000e+00	2.7714e-06	1.6923e-20	2.0402e-14	3.2161e-04	9.3001e-01	6.9669e-02	1.1755e-36	8.2926e-02	9.1707e-01	3.6994e-08	1.1755e-36	1.1755e-36	1.1755e-36	1.1744e-21	0.00e+00	0.00e+00	1.3676e+01
2.63380e+19	7.2335e+03	2.743e-21	2.7826e+01	2.5549e+01	9.7596e-12	8.4041e-02	9.1596e-01	1.0000e+00	2.0918e-06	1.2580e-20	3.1157e-14	3.2064e-04	9.3888e-01	6.0804e-02	1.1755e-36	1.0180e-01	8.9820e-01	2.3139e-08	1.1755e-36	1.1755e-36	1.1755e-36	2.1815e-21	0.00e+00	0.00e+00	1.4468e+01
2.63875e+19	7.1596e+03	2.690e-21	2.7826e+01	2.5011e+01	1.5772e-11	1.0348e-01	8.9652e-01	1.0000e+00	1.6350e-06	9.7494e-21	4.7743e-14	3.1813e-04	9.4699e-01	5.2691e-02	1.1755e-36	1.2512e-01	8.7488e-01	1.4852e-08	1.1755e-36	1.1755e-36	1.1755e-36	4.0811e-21	0.00e+00	0.00e+00	1.5293e+01
2.64286e+19	7.0820e+03	2.619e-21	2.7826e+01	2.4419e+01	2.5372e-11	1.2683e-01	8.7317e-01	1.0000e+00	1.3265e-06	7.8931e-21	7.2411e-14	3.1423e-04	9.5416e-01	4.5521e-02	1.1755e-36	1.5285e-01	8.4715e-01	9.8541e-09	1.1755e-36	1.1755e-36	1.1755e-36	7.5406e-21	0.00e+00	0.00e+00	1.6116e+01
2.64621e+19	7.0073e+03	2.513e-21	2.7826e+01	2.3608e+01	3.9375e-11	1.5258e-01	8.4742e-01	1.0000e+00	1.1163e-06	6.7224e-21	1.0491e-13	3.0694e-04	9.6002e-01	3.9677e-02	1.1755e-36	1.8310e-01	8.1690e-01	6.8310e-09	1.1755e-36	1.1755e-36	1.1755e-36	1.3003e-20	0.00e+00	0.00e+00	1.6922e+01
2.64902e+19	6.9198e+03	2.396e-21	2.7826e+01	2.2790e+01	6.0709e-11	1.8190e-01	8.1810e-01	1.0000e+00	9.5908e-07	5.8613e-21	1.4943e-13	2.9931e-04	9.6517e-01	3.4528e-02	1.1755e-36	2.1710e-01	7.8290e-01	4.8473e-09	1.1755e-36	1.1755e-36	1.1755e-36	2.1913e-20	0.00e+00	0.00e+00	1.7758e+01
2.65149e+19	6.8166e+03	2.257e-21	2.7826e+01	2.1853e+01	9.4087e-11	2.1576e-01	7.8424e-01	1.0000e+00	8.3949e-07	5.2431e-21	2.1015e-13	2.8971e-04	9.6978e-01	2.9933e-02	1.1755e-36	2.5578e-01	7.4422e-01	3.4737e-09	1.1755e-36	1.1755e-36	1.1755e-36	3.6236e-20	0.00e+00	0.00e+00	1.8639e+01
2.65368e+19	6.6935e+03	2.096e-21	2.7826e+01	2.0774e+01	1.4694e-10	2.5433e-01	7.4567e-01	1.0000e+00	7.4714e-07	4.8090e-21	2.9087e-13	2.7798e-04	9.7386e-01	2.5864e-02	1.1755e-36	2.9911e-01	7.0089e-01	2.5104e-09	1.1755e-36	1.1755e-36	1.1755e-36	5.8464e-20	0.00e+00	0.00e+00	1.9554e+01
2.65549e+19	6.5581e+03	1.930e-21	2.7826e+01	1.9652e+01	2.2474e-10	2.9464e-01	7.0536e-01	1.0000e+00	6.7972e-07	4.5350e-21	3.8787e-13	2.6529e-04	9.7721e-01	2.2524e-02	1.1755e-36	3.4358e-01	6.5642e-01	1.8696e-09	1.1755e-36	1.1755e-36	1.1755e-36	8.9208e-20	0.00e+00	0.00e+00	2.0370e+01
2.65683e+19	6.4296e+03	1.785e-21	2.7826e+01	1.8656e+01	3.2058e-10	3.3039e-01	6.6961e-01	1.0000e+00	6.3638e-07	4.3974e-21	4.8402e-13	2.5372e-04	9.7966e-01	2.0089e-02	1.1755e-36	3.8235e-01	6.1765e-01	1.4777e-09	1.1755e-36	1.1755e-36	1.1755e-36	1.2332e-19	0.00e+00	0.00e+00	2.1012e+01
2.65780e+19	6.3165e+03	1.670e-21	2.7826e+01	1.7855e+01	4.2507e-10	3.5963e-01	6.4037e-01	1.0000e+00	6.0855e-07	4.3316e-21	5.6961e-13	2.4429e-04	9.8141e-01	1.8350e-02	1.1755e-36	4.1358e-01	5.8642e-01	1.2342e-09	1.1755e-36	1.1755e-36	1.1755e-36	1.5635e-19	0.00e+00	0.00e+00	2.1535e+01
2.65858e+19	6.2086e+03	1.569e-21	2.7826e+01	1.7129e+01	5.4387e-10	3.8525e-01	6.1475e-01	1.0000e+00	5.8849e-07	4.3095e-21	6.4849e-13	2.3562e-04	9.8279e-01	1.6970e-02	1.1755e-36	4.4063e-01	5.5937e-01	1.0601e-09	1.1755e-36	1.1755e-36	1.1755e-36	1.8854e-19	0.00e+00	0.00e+00	2.2035e+01
2.65930e+19	6.0956e+03	1.472e-21	2.7826e+01	1.6423e+01	6.9348e-10	4.1054e-01	5.8946e-01	1.0000e+00	5.7021e-07	4.2963e-21	7.3062e-13	2.2714e-04	9.8405e-01	1.5723e-02	1.1755e-36	4.6703e-01	5.3297e-01	9.1714e-10	1.1755e-36	1.1755e-36	1.1755e-36	2.2390e-19	0.00e+00	0.00e+00	2.2537e+01
2.65997e+19	5.9758e+03	1.377e-21	2.7826e+01	1.5718e+01	8.8544e-10	4.3580e-01	5.6420e-01	1.0000e+00	5.5404e-07	4.3004e-21	8.1626e-13	2.1859e-04	9.8520e-01	1.4583e-02	1.1755e-36	4.9310e-01	5.0690e-01	7.9720e-10	1.1755e-36	1.1755e-36	1.1755e-36	2.6255e-19	0.00e+00	0.00e+00	2.3034e+01
2.66059e+19	5.8535e+03	1.289e-21	2.7826e+01	1.5039e+01	1.1240e-09	4.6011e-01	5.3989e-01	1.0000e+00	5.4073e-07	4.3240e-21	9.0199e-13	2.1030e-04	9.8622e-01	1.3572e-02	1.1755e-36	5.1791e-01	4.8209e-01	6.9908e-10	1.1755e-36	1.1755e-36	1.1755e-36	3.0306e-19	0.00e+00	0.00e+00	2.3501e+01
2.66113e+19	5.7299e+03	1.209e-21	2.7826e+01	1.4410e+01	1.4150e-09	4.8288e-01	5.1712e-01	1.0000e+00	5.2963e-07	4.3561e-21	9.8577e-13	2.0262e-04	9.8711e-01	1.2690e-02	1.1755e-36	5.4092e-01	4.5908e-01	6.1989e-10	1.1755e-36	1.1755e-36	1.1755e-36	3.4450e-19	0.00e+00	0.00e+00	2.3935e+01
2.66162e+19	5.6086e+03	1.135e-21	2.7826e+01	1.3819e+01	1.7628e-09	5.0412e-01	4.9588e-01	1.0000e+00	5.2068e-07	4.4021e-21	1.0665e-12	1.9535e-04	9.8789e-01	1.1915e-02	1.1755e-36	5.6218e-01	4.3782e-01	5.5484e-10	1.1755e-36	1.1755e-36	1.1755e-36	3.8627e-19	0.00e+00	0.00e+00	2.4351e+01
2.66208e+19	5.4847e+03	1.067e-21	2.7826e+01	1.3254e+01	2.1916e-09	5.2446e-01	4.7554e-01	1.0000e+00	5.1278e-07	4.4542e-21	1.1466e-12	1.8837e-04	9.8860e-01	1.1214e-02	1.1755e-36	5.8234e-01	4.1766e-01	4.9958e-10	1.1755e-36	1.1755e-36	1.1755e-36	4.2989e-19	0.00e+00	0.00e+00	2.4756e+01
2.66250e+19	5.3591e+03	1.003e-21	2.7826e+01	1.2711e+01	2.7191e-09	5.4399e-01	4.5601e-01	1.0000e+00	5.0602e-07	4.5145e-21	1.2269e-12	1.8166e-04	9.8924e-01	1.0575e-02	1.1755e-36	6.0156e-01	3.9844e-01	4.5199e-10	1.1755e-36	1.1755e-36	1.1755e-36	4.7627e-19	0.00e+00	0.00e+00	2.5150e+01
2.66285e+19	5.2567e+03	9.532e-22	2.7826e+01	1.2277e+01	3.2367e-09	5.5959e-01	4.4041e-01	1.0000e+00	5.0107e-07	4.5711e-21	1.2937e-12	1.7627e-04	9.8973e-01	1.0095e-02	1.1755e-36	6.1678e-01	3.8322e-01	4.1758e-10	1.1755e-36	1.1755e-36	1.1755e-36	5.1733e-19	0.00e+00	0.00e+00	2.5418e+01
2.66309e+19	5.1757e+03	9.168e-22	2.7826e+01	1.1952e+01	3.7027e-09	5.7119e-01	4.2881e-01	1.0000e+00	4.9835e-07	4.6235e-21	1.3454e-12	1.7224e-04	9.9008e-01	9.7452e-03	1.1755e-36	6.2805e-01	3.7195e-01	3.9364e-10	1.1755e-36	1.1755e-36	1.1755e-36	5.5090e-19	0.00e+00	0.00e+00	2.5641e+01
2.66333e+19	5.0928e+03	8.822e-22	2.7826e+01	1.1641e+01	4.2373e-09	5.8250e-01	4.1750e-01	1.0000e+00	4.9525e-07	4.6690e-21	1.3985e-12	1.6839e-04	9.9042e-01	9.4098e-03	1.1755e-36	6.3897e-01	3.6103e-01	3.7158e-10	1.1755e-36	1.1755e-36	1.1755e-36	5.8733e-19	0.00e+00	0.00e+00	2.5889e+01
2.66358e+19	4.9963e+03	8.445e-22	2.7826e+01	1.1292e+01	4.9407e-09	5.9500e-01	4.0500e-01	1.0000e+00	4.9163e-07	4.7199e-21	1.4598e-12	1.6410e-04	9.9079e-01	9.0498e-03	1.1755e-36	6.5098e-01	3.4902e-01	3.4869e-10	1.1755e-36	1.1755e-36	1.1755e-36	6.3191e-19	0.00e+00	0.00e+00	2.6168e+01
2.66385e+19	4.8898e+03	8.060e-22	2.7826e+01	1.0929e+01	5.8159e-09	6.0816e-01	3.9184e-01	1.0000e+00	4.8789e-07	4.7739e-21	1.5218e-12	1.5964e-04	9.9118e-01	8.6647e-03	1.1755e-36	6.6358e-01	3.3642e-01	3.2615e-10	1.1755e-36	1.1755e-36	1.1755e-36	6.7661e-19	0.00e+00	0.00e+00	2.6451e+01
2.66410e+19	4.7835e+03	7.696e-22	2.7826e+01	1.0576e+01	6.8170e-09	6.2087e-01	3.7913e-01	1.0000e+00	4.8464e-07	4.8325e-21	1.5826e-12	1.5532e-04	9.9154e-01	8.3032e-03	1.1755e-36	6.7568e-01	3.2432e-01	3.0573e-10	1.1755e-36	1.1755e-36	1.1755e-36	7.2293e-19	0.00e+00	0.00e+00	2.6722e+01
2.66435e+19	4.6778e+03	7.355e-22	2.7826e+01	1.0240e+01	7.9404e-09	6.3301e-01	3.6699e-01	1.0000e+00	4.8170e-07	4.8914e-21	1.6417e-12	1.5122e-04	9.9188e-01	7.9656e-03	1.1755e-36	6.8717e-01	3.1283e-01	2.8735e-10	1.1755e-36	1.1755e-36	1.1755e-36	7.7037e-19	0.00e+00	0.00e+00	2.6986e+01
2.66458e+19	4.5766e+03	7.024e-22	2.7826e+01	9.9075e+00	9.1436e-09	6.4460e-01	3.5540e-01	1.0000e+00	4.7950e-07	4.9638e-21	1.6966e-12	1.4713e-04	9.9220e-01	7.6508e-03	1.1755e-36	6.9808e-01	3.0192e-01	2.7054e-10	1.1755e-36	1.1755e-36	1.1755e-36	8.1627e-19	0.00e+00	0.00e+00	2.7252e+01
2.66482e+19	4.4639e+03	6.701e-22	2.7826e+01	9.5738e+00	1.0599e-08	6.5660e-01	3.4340e-01	1.0000e+00	4.7679e-07	5.0284e-21	1.7548e-12	1.4310e-04	9.9253e-01	7.3311e-03	1.1755e-36	7.0933e-01	2.9067e-01	2.5427e-10	1.1755e-36	1.1755e-36	1.1755e-36	8.6713e-19	0.00e+00	0.00e+00	2.7529e+01
2.66503e+19	4.3601e+03	6.435e-22	2.7826e+01	9.2928e+00	1.2035e-08	6.6703e-01	3.3297e-01	1.0000e+00	4.7389e-07	5.0736e-21	1.8057e-12	1.3979e-04	9.9280e-01	7.0611e-03	1.1755e-36	7.1908e-01	2.8092e-01	2.4105e-10	1.1755e-36	1.1755e-36	1.1755e-36	9.1304e-19	0.00e+00	0.00e+00	2.7733e+01
2.66519e+19	4.2836e+03	6.226e-22	2.7826e+01	9.0653e+00	1.3135e-08	6.7477e-01	3.2523e-01	1.0000e+00	4.7279e-07	5.1321e-21	1.8390e-12	1.3704e-04	9.9300e-01	6.8635e-03	1.1755e-36	7.2628e-01	2.7372e-01	2.3139e-10	1.1755e-36	1.1755e-36	1.1755e-36	9.4279e-19	0.00e+00	0.00e+00	2.7907e+01
2.66535e+19	4.1981e+03	6.013e-22	2.7826e+01	8.8350e+00	1.4385e-08	6.8306e-01	3.1694e-01	1.0000e+00	4.7107e-07	5.1809e-21	1.8747e-12	1.3433e-04	9.9321e-01	6.6530e-03	1.1755e-36	7.3397e-01	2.6603e-01	2.2147e-10	1.1755e-36	1.1755e-36	1.1755e-36	9.7460e-19	0.00e+00	0.00e+00	2.8116e+01
2.66553e+19	4.0985e+03	5.771e-22	2.7826e+01	8.5716e+00	1.5848e-08	6.9273e-01	3.0727e-01	1.0000e+00	4.6864e-07	5.2335e-21	1.9138e-12	1.3126e-04	9.9346e-01	6.4114e-03	1.1755e-36	7.4291e-01	2.5709e-01	2.1028e-10	1.1755e-36	1.1755e-36	1.1755e-36	1.0080e-18	0.00e+00	0.00e+00	2.8361e+01
2.66574e+19	3.9822e+03	5.507e-22	2.7826e+01	8.2746e+00	1.7475e-08	7.0341e-01	2.9659e-01	1.0000e+00	4.6580e-07	5.2925e-21	1.9500e-12	1.2784e-04	9.9372e-01	6.1505e-03	1.1755e-36	7.5274e-01	2.4726e-01	1.9852e-10	1.1755e-36	1.1755e-36	1.1755e-36	1.0347e-18	0.00e+00	0.00e+00	2.8630e+01
