#depth	Te	Htot	hden	eden	2H_2/H	HI	HII	HeI	HeII	HeIII	CO/C	C1	C2	C3	C4	O1	O2	O3	O4	O5	O6	H2O/O	AV(point)	AV(extend)	Tau912
7.02845e+13	5.9576e+03	2.599e-21	2.7826e+01	2.8196e+01	9.1750e-10	6.0693e-02	9.3931e-01	1.9656e-01	8.0315e-01	2.8606e-04	4.4332e-13	1.4531e-02	8.0752e-01	1.7794e-01	4.3504e-06	7.3723e-02	9.1663e-01	9.6452e-03	1.1755e-36	1.1755e-36	1.1755e-36	7.9008e-21	0.00e+00	0.00e+00	1.4992e-03
4.21707e+14	5.9485e+03	2.585e-21	2.7826e+01	2.8090e+01	9.1930e-10	6.0461e-02	9.3954e-01	1.9620e-01	8.0351e-01	2.8684e-04	4.3784e-13	1.4429e-02	8.0729e-01	1.7828e-01	4.3793e-06	7.3448e-02	9.1687e-01	9.6840e-03	1.1755e-36	1.1755e-36	1.1755e-36	7.7491e-21	0.00e+00	0.00e+00	7.4732e-03
1.82740e+15	5.9265e+03	2.572e-21	2.7826e+01	2.8074e+01	9.4283e-10	6.0519e-02	9.3948e-01	1.9700e-01	8.0272e-01	2.8518e-04	4.3955e-13	1.4408e-02	8.0808e-01	1.7751e-01	4.3476e-06	7.3536e-02	9.1681e-01	9.6536e-03	1.1755e-36	1.1755e-36	1.1755e-36	7.7715e-21	0.00e+00	0.00e+00	3.1392e-02
7.45016e+15	5.8624e+03	2.538e-21	2.7826e+01	2.8043e+01	1.0395e-09	6.1329e-02	9.3867e-01	2.0057e-01	7.9915e-01	2.7816e-04	4.5650e-13	1.4534e-02	8.1129e-01	1.7417e-01	4.1775e-06	7.4574e-02	9.1600e-01	9.4303e-03	1.1755e-36	1.1755e-36	1.1755e-36	8.1391e-21	0.00e+00	0.00e+00	1.2835e-01
1.77960e+16	5.6475e+03	2.437e-21	2.7826e+01	2.8042e+01	1.2930e-09	6.0929e-02	9.3907e-01	2.0610e-01	7.9364e-01	2.6691e-04	4.5841e-13	1.4512e-02	8.1655e-01	1.6894e-01	4.0163e-06	7.4231e-02	9.1638e-01	9.3913e-03	1.1755e-36	1.1755e-36	1.1755e-36	8.0540e-21	0.00e+00	0.00e+00	2.5357e-01
2.76488e+16	5.4565e+03	2.354e-21	2.7826e+01	2.8042e+01	1.5786e-09	6.0477e-02	9.3952e-01	2.1055e-01	7.8920e-01	2.5815e-04	4.5884e-13	1.4486e-02	8.2077e-01	1.6474e-01	3.8926e-06	7.3810e-02	9.1682e-01	9.3733e-03	1.1755e-36	1.1755e-36	1.1755e-36	8.0087e-21	0.00e+00	0.00e+00	3.3869e-01
3.49560e+16	5.3669e+03	2.316e-21	2.7826e+01	2.8023e+01	1.7852e-09	6.0969e-02	9.3903e-01	2.1408e-01	7.8567e-01	2.5197e-04	4.7266e-13	1.4597e-02	8.2380e-01	1.6160e-01	3.7547e-06	7.4481e-02	9.1632e-01	9.2024e-03	1.1755e-36	1.1755e-36	1.1755e-36	8.3537e-21	0.00e+00	0.00e+00	4.0945e-01
4.25507e+16	5.3147e+03	2.294e-21	2.7826e+01	2.7996e+01	1.9962e-09	6.2312e-02	9.3769e-01	2.1851e-01	7.8125e-01	2.4506e-04	5.0221e-13	1.4846e-02	8.2721e-01	1.5794e-01	3.5603e-06	7.6174e-02	9.1495e-01	8.8750e-03	1.1755e-36	1.1755e-36	1.1755e-36	9.1241e-21	0.00e+00	0.00e+00	5.0346e-01
5.24238e+16	5.2623e+03	2.268e-21	2.7826e+01	2.7912e+01	2.2840e-09	6.4292e-02	9.3571e-01	2.2427e-01	7.7550e-01	2.3674e-04	5.4598e-13	1.5193e-02	8.3141e-01	1.5339e-01	3.3158e-06	7.8651e-02	9.1292e-01	8.4297e-03	1.1755e-36	1.1755e-36	1.1755e-36	1.0316e-20	0.00e+00	0.00e+00	6.2955e-01
6.52589e+16	5.2153e+03	2.244e-21	2.7826e+01	2.7817e+01	2.6953e-09	6.7428e-02	9.3257e-01	2.3234e-01	7.6744e-01	2.2617e-04	6.1885e-13	1.5720e-02	8.3689e-01	1.4738e-01	2.9966e-06	8.2544e-02	9.0965e-01	7.8109e-03	1.1755e-36	1.1755e-36	1.1755e-36	1.2419e-20	0.00e+00	0.00e+00	8.0147e-01
8.19445e+16	5.1847e+03	2.220e-21	2.7826e+01	2.7648e+01	3.2823e-09	7.2327e-02	9.2767e-01	2.4348e-01	7.5631e-01	2.1334e-04	7.4093e-13	1.6491e-02	8.4380e-01	1.3971e-01	2.6011e-06	8.8582e-02	9.0443e-01	6.9861e-03	1.1755e-36	1.1755e-36	1.1755e-36	1.6217e-20	0.00e+00	0.00e+00	1.0412e+00
1.03121e+17	5.1920e+03	2.196e-21	2.7826e+01	2.7383e+01	4.0837e-09	7.9953e-02	9.2005e-01	2.5875e-01	7.4105e-01	1.9843e-04	9.5254e-13	1.7586e-02	8.5220e-01	1.3022e-01	2.1417e-06	9.7909e-02	8.9614e-01	5.9509e-03	1.1755e-36	1.1755e-36	1.1755e-36	2.3472e-20	0.00e+00	0.00e+00	1.3712e+00
1.26438e+17	5.2259e+03	2.188e-21	2.7826e+01	2.7057e+01	5.2323e-09	9.0910e-02	9.0909e-01	2.7738e-01	7.2244e-01	1.8366e-04	1.3108e-12	1.8958e-02	8.6126e-01	1.1978e-01	1.6868e-06	1.1121e-01	8.8393e-01	4.8605e-03	1.1755e-36	1.1755e-36	1.1755e-36	3.7647e-20	0.00e+00	0.00e+00	1.7409e+00
1.50077e+17	5.3144e+03	2.180e-21	2.7826e+01	2.6587e+01	6.6147e-09	1.0575e-01	8.9425e-01	2.9931e-01	7.0052e-01	1.6958e-04	1.8975e-12	2.0517e-02	8.7038e-01	1.0910e-01	1.2796e-06	1.2904e-01	8.6714e-01	3.8139e-03	1.1755e-36	1.1755e-36	1.1755e-36	6.4650e-20	0.00e+00	0.00e+00	2.1895e+00
1.73233e+17	5.4371e+03	2.173e-21	2.7826e+01	2.5971e+01	8.4036e-09	1.2528e-01	8.7472e-01	3.2388e-01	6.7596e-01	1.5698e-04	2.8681e-12	2.2109e-02	8.7923e-01	9.8662e-02	9.4266e-07	1.5226e-01	8.4484e-01	2.8950e-03	1.1755e-36	1.1755e-36	1.1755e-36	1.1821e-19	0.00e+00	0.00e+00	2.6776e+00
1.93328e+17	5.5674e+03	2.162e-21	2.7826e+01	2.5276e+01	1.0618e-08	1.4814e-01	8.5186e-01	3.4842e-01	6.5144e-01	1.4685e-04	4.3314e-12	2.3486e-02	8.8704e-01	8.9470e-02	6.9749e-07	1.7913e-01	8.1867e-01	2.1929e-03	1.1755e-36	1.1755e-36	1.1755e-36	2.1656e-19	0.00e+00	0.00e+00	3.1466e+00
2.06655e+17	5.6742e+03	2.151e-21	2.7826e+01	2.4695e+01	1.2509e-08	1.6744e-01	8.3256e-01	3.6573e-01	6.3413e-01	1.4134e-04	5.8526e-12	2.4307e-02	8.9206e-01	8.3634e-02	5.6253e-07	2.0155e-01	7.9666e-01	1.7859e-03	1.1755e-36	1.1755e-36	1.1755e-36	3.3802e-19	0.00e+00	0.00e+00	3.4008e+00
2.13832e+17	5.7215e+03	2.140e-21	2.7826e+01	2.4355e+01	1.3998e-08	1.7969e-01	8.2031e-01	3.7608e-01	6.2378e-01	1.3813e-04	7.0039e-12	2.4736e-02	8.9503e-01	8.0235e-02	4.9527e-07	2.1567e-01	7.8274e-01	1.5838e-03	1.1755e-36	1.1755e-36	1.1755e-36	4.4280e-19	0.00e+00	0.00e+00	3.5812e+00
2.19375e+17	5.7595e+03	2.123e-21	2.7826e+01	2.4033e+01	1.5248e-08	1.8963e-01	8.1037e-01	3.8487e-01	6.1499e-01	1.3532e-04	8.0401e-12	2.4994e-02	8.9737e-01	7.7639e-02	4.4815e-07	2.2707e-01	7.7149e-01	1.4400e-03	1.1755e-36	1.1755e-36	1.1755e-36	5.4387e-19	0.00e+00	0.00e+00	3.7602e+00
2.25337e+17	5.7906e+03	2.103e-21	2.7826e+01	2.3682e+01	1.7015e-08	2.0147e-01	7.9853e-01	3.9523e-01	6.0464e-01	1.3190e-04	9.4408e-12	2.5269e-02	9.0007e-01	7.4660e-02	3.9943e-07	2.4060e-01	7.5811e-01	1.2924e-03	1.1755e-36	1.1755e-36	1.1755e-36	6.9296e-19	0.00e+00	0.00e+00	3.9921e+00
2.31768e+17	5.8226e+03	2.079e-21	2.7826e+01	2.3283e+01	1.9257e-08	2.1532e-01	7.8468e-01	4.0630e-01	5.9358e-01	1.2865e-04	1.1281e-11	2.5520e-02	9.0296e-01	7.1521e-02	3.5208e-07	2.5631e-01	7.4254e-01	1.1464e-03	1.1755e-36	1.1755e-36	1.1755e-36	9.0914e-19	0.00e+00	0.00e+00	4.2308e+00
2.37632e+17	5.8490e+03	2.054e-21	2.7826e+01	2.2901e+01	2.1736e-08	2.2917e-01	7.7083e-01	4.1688e-01	5.8299e-01	1.2567e-04	1.3376e-11	2.5710e-02	9.0562e-01	6.8668e-02	3.1266e-07	2.7191e-01	7.2706e-01	1.0233e-03	1.1755e-36	1.1755e-36	1.1755e-36	1.1813e-18	0.00e+00	0.00e+00	4.4490e+00
2.42718e+17	5.8707e+03	2.027e-21	2.7826e+01	2.2520e+01	2.4208e-08	2.4188e-01	7.5812e-01	4.2625e-01	5.7362e-01	1.2325e-04	1.5525e-11	2.5801e-02	9.0793e-01	6.6267e-02	2.8181e-07	2.8615e-01	7.1293e-01	9.2503e-04	1.1755e-36	1.1755e-36	1.1755e-36	1.4871e-18	0.00e+00	0.00e+00	4.6510e+00
2.47421e+17	5.8884e+03	1.996e-21	2.7826e+01	2.2126e+01	2.6844e-08	2.5425e-01	7.4575e-01	4.3520e-01	5.6468e-01	1.2105e-04	1.7852e-11	2.5825e-02	9.1010e-01	6.4076e-02	2.5562e-07	2.9993e-01	6.9923e-01	8.4062e-04	1.1755e-36	1.1755e-36	1.1755e-36	1.8473e-18	0.00e+00	0.00e+00	4.8589e+00
2.52117e+17	5.9013e+03	1.962e-21	2.7826e+01	2.1726e+01	3.0011e-08	2.6751e-01	7.3249e-01	4.4460e-01	5.5528e-01	1.1873e-04	2.0667e-11	2.5822e-02	9.1233e-01	6.1849e-02	2.3113e-07	3.1460e-01	6.8463e-01	7.6145e-04	1.1755e-36	1.1755e-36	1.1755e-36	2.3237e-18	0.00e+00	0.00e+00	5.0816e+00
2.56731e+17	5.9096e+03	1.926e-21	2.7826e+01	2.1317e+01	3.3719e-08	2.8137e-01	7.1863e-01	4.5405e-01	5.4583e-01	1.1649e-04	2.3991e-11	2.5782e-02	9.1455e-01	5.9670e-02	2.0894e-07	3.2985e-01	6.6946e-01	6.8919e-04	1.1755e-36	1.1755e-36	1.1755e-36	2.9425e-18	0.00e+00	0.00e+00	5.3036e+00
2.61018e+17	5.9138e+03	1.890e-21	2.7826e+01	2.0917e+01	3.7770e-08	2.9495e-01	7.0505e-01	4.6301e-01	5.3687e-01	1.1447e-04	2.7664e-11	2.5702e-02	9.1663e-01	5.7669e-02	1.8999e-07	3.4468e-01	6.5469e-01	6.2689e-04	1.1755e-36	1.1755e-36	1.1755e-36	3.6946e-18	0.00e+00	0.00e+00	5.5152e+00
2.64963e+17	5.9139e+03	1.853e-21	2.7826e+01	2.0531e+01	4.2151e-08	3.0808e-01	6.9192e-01	4.7149e-01	5.2840e-01	1.1262e-04	3.1667e-11	2.5591e-02	9.1857e-01	5.5835e-02	1.7381e-07	3.5895e-01	6.4048e-01	5.7333e-04	1.1755e-36	1.1755e-36	1.1755e-36	4.5938e-18	0.00e+00	0.00e+00	5.7213e+00
2.68698e+17	5.9087e+03	1.816e-21	2.7826e+01	2.0154e+01	4.7111e-08	3.2118e-01	6.7882e-01	4.7978e-01	5.2011e-01	1.1084e-04	3.6192e-11	2.5459e-02	9.2046e-01	5.4083e-02	1.5943e-07	3.7309e-01	6.2638e-01	5.2565e-04	1.1755e-36	1.1755e-36	1.1755e-36	5.7102e-18	0.00e+00	0.00e+00	5.9280e+00
2.72269e+17	5.8991e+03	1.780e-21	2.7826e+01	1.9792e+01	5.2759e-08	3.3439e-01	6.6561e-01	4.8800e-01	5.1189e-01	1.0905e-04	4.1380e-11	2.5318e-02	9.2229e-01	5.2392e-02	1.4650e-07	3.8727e-01	6.1224e-01	4.8269e-04	1.1755e-36	1.1755e-36	1.1755e-36	7.1170e-18	0.00e+00	0.00e+00	6.1324e+00
2.75633e+17	5.8897e+03	1.742e-21	2.7826e+01	1.9421e+01	5.8661e-08	3.4703e-01	6.5297e-01	4.9564e-01	5.0425e-01	1.0754e-04	4.6906e-11	2.5131e-02	9.2400e-01	5.0868e-02	1.3541e-07	4.0077e-01	5.9879e-01	4.4526e-04	1.1755e-36	1.1755e-36	1.1755e-36	8.7561e-18	0.00e+00	0.00e+00	6.3306e+00
2.78873e+17	5.8778e+03	1.703e-21	2.7826e+01	1.9049e+01	6.5197e-08	3.5960e-01	6.4040e-01	5.0313e-01	4.9677e-01	1.0611e-04	5.3079e-11	2.4918e-02	9.2567e-01	4.9413e-02	1.1755e-36	4.1410e-01	5.8548e-01	4.1137e-04	1.1755e-36	1.1755e-36	1.1755e-36	1.0759e-17	0.00e+00	0.00e+00	6.5346e+00
2.82099e+17	5.8629e+03	1.662e-21	2.7826e+01	1.8671e+01	7.2719e-08	3.7256e-01	6.2744e-01	5.1074e-01	4.8916e-01	1.0467e-04	6.0277e-11	2.4685e-02	9.2734e-01	4.7970e-02	1.1755e-36	4.2777e-01	5.7185e-01	3.7964e-04	1.1755e-36	1.1755e-36	1.1755e-36	1.3317e-17	0.00e+00	0.00e+00	6.7455e+00
2.85268e+17	5.8442e+03	1.621e-21	2.7826e+01	1.8289e+01	8.1346e-08	3.8567e-01	6.1433e-01	5.1830e-01	4.8160e-01	1.0327e-04	6.8573e-11	2.4430e-02	9.2900e-01	4.6571e-02	1.1755e-36	4.4153e-01	5.5812e-01	3.5047e-04	1.1755e-36	1.1755e-36	1.1755e-36	1.6567e-17	0.00e+00	0.00e+00	6.9566e+00
2.88294e+17	5.8227e+03	1.580e-21	2.7826e+01	1.7912e+01	9.0912e-08	3.9851e-01	6.0149e-01	5.2557e-01	4.7433e-01	1.0198e-04	7.7831e-11	2.4158e-02	9.3058e-01	4.5257e-02	1.1755e-36	4.5492e-01	5.4476e-01	3.2443e-04	1.1755e-36	1.1755e-36	1.1755e-36	2.0567e-17	0.00e+00	0.00e+00	7.1623e+00
2.91158e+17	5.8001e+03	1.540e-21	2.7826e+01	1.7546e+01	1.0125e-07	4.1093e-01	5.8907e-01	5.3249e-01	4.6741e-01	1.0080e-04	8.7992e-11	2.3876e-02	9.3209e-01	4.4033e-02	1.1755e-36	4.6779e-01	5.3191e-01	3.0128e-04	1.1755e-36	1.1755e-36	1.1755e-36	2.5395e-17	0.00e+00	0.00e+00	7.3638e+00
2.93921e+17	5.7757e+03	1.500e-21	2.7826e+01	1.7186e+01	1.1271e-07	4.2320e-01	5.7680e-01	5.3927e-01	4.6063e-01	9.9654e-05	9.9427e-11	2.3587e-02	9.3355e-01	4.2859e-02	1.1755e-36	4.8044e-01	5.1928e-01	2.8021e-04	1.1755e-36	1.1755e-36	1.1755e-36	3.1364e-17	0.00e+00	0.00e+00	7.5671e+00
2.96632e+17	5.7486e+03	1.460e-21	2.7826e+01	1.6828e+01	1.2568e-07	4.3551e-01	5.6449e-01	5.4599e-01	4.5391e-01	9.8535e-05	1.1254e-10	2.3285e-02	9.3500e-01	4.1718e-02	1.1755e-36	4.9306e-01	5.0668e-01	2.6071e-04	1.1755e-36	1.1755e-36	1.1755e-36	3.8902e-17	0.00e+00	0.00e+00	7.7728e+00
2.99278e+17	5.7190e+03	1.420e-21	2.7826e+01	1.6472e+01	1.4031e-07	4.4775e-01	5.5225e-01	5.5260e-01	4.4731e-01	9.7461e-05	1.2753e-10	2.2973e-02	9.3641e-01	4.0618e-02	1.1755e-36	5.0555e-01	4.9421e-01	2.4281e-04	1.1755e-36	1.1755e-36	1.1755e-36	4.8409e-17	0.00e+00	0.00e+00	7.9777e+00
3.01831e+17	5.6876e+03	1.381e-21	2.7826e+01	1.6121e+01	1.5651e-07	4.5972e-01	5.4027e-01	5.5898e-01	4.4093e-01	9.6456e-05	1.4438e-10	2.2654e-02	9.3777e-01	3.9576e-02	1.1755e-36	5.1770e-01	4.8208e-01	2.2657e-04	1.1755e-36	1.1755e-36	1.1755e-36	6.0222e-17	0.00e+00	0.00e+00	8.1796e+00
3.04287e+17	5.6552e+03	1.343e-21	2.7826e+01	1.5779e+01	1.7432e-07	4.7140e-01	5.2860e-01	5.6514e-01	4.3477e-01	9.5513e-05	1.6326e-10	2.2331e-02	9.3908e-01	3.8588e-02	1.1755e-36	5.2948e-01	4.7031e-01	2.1183e-04	1.1755e-36	1.1755e-36	1.1755e-36	7.4813e-17	0.00e+00	0.00e+00	8.3795e+00
3.06676e+17	5.6215e+03	1.305e-21	2.7826e+01	1.5443e+01	1.9409e-07	4.8291e-01	5.1709e-01	5.7116e-01	4.2874e-01	9.4604e-05	1.8468e-10	2.2006e-02	9.4036e-01	3.7638e-02	1.1755e-36	5.4104e-01	4.5877e-01	1.9827e-04	1.1755e-36	1.1755e-36	1.1755e-36	9.3067e-17	0.00e+00	0.00e+00	8.5800e+00
3.09017e+17	5.5861e+03	1.268e-21	2.7826e+01	1.5111e+01	2.1628e-07	4.9433e-01	5.0567e-01	5.7710e-01	4.2280e-01	9.3722e-05	2.0923e-10	2.1675e-02	9.4161e-01	3.6717e-02	1.1755e-36	5.5244e-01	4.4737e-01	1.8570e-04	1.1755e-36	1.1755e-36	1.1755e-36	1.1618e-16	0.00e+00	0.00e+00	8.7815e+00
3.11307e+17	5.5486e+03	1.232e-21	2.7826e+01	1.4783e+01	2.4126e-07	5.0563e-01	4.9437e-01	5.8294e-01	4.1697e-01	9.2869e-05	2.3743e-10	2.1342e-02	9.4283e-01	3.5829e-02	1.1755e-36	5.6367e-01	4.3616e-01	1.7408e-04	1.1755e-36	1.1755e-36	1.1755e-36	1.4556e-16	0.00e+00	0.00e+00	8.9824e+00
3.13530e+17	5.5096e+03	1.196e-21	2.7826e+01	1.4461e+01	2.6914e-07	5.1667e-01	4.8333e-01	5.8859e-01	4.1131e-01	9.2058e-05	2.6956e-10	2.1007e-02	9.4401e-01	3.4981e-02	1.1755e-36	5.7460e-01	4.2524e-01	1.6343e-04	1.1755e-36	1.1755e-36	1.1755e-36	1.8267e-16	0.00e+00	0.00e+00	9.1806e+00
3.15675e+17	5.4699e+03	1.162e-21	2.7826e+01	1.4147e+01	2.9983e-07	5.2740e-01	4.7260e-01	5.9405e-01	4.0586e-01	9.1298e-05	3.0581e-10	2.0675e-02	9.4515e-01	3.4176e-02	1.1755e-36	5.8515e-01	4.1469e-01	1.5371e-04	1.1755e-36	1.1755e-36	1.1755e-36	2.2902e-16	0.00e+00	0.00e+00	9.3759e+00
3.17759e+17	5.4296e+03	1.128e-21	2.7826e+01	1.3841e+01	3.3370e-07	5.3787e-01	4.6213e-01	5.9935e-01	4.0056e-01	9.0570e-05	3.4692e-10	2.0344e-02	9.4625e-01	3.3404e-02	1.1755e-36	5.9541e-01	4.0444e-01	1.4475e-04	1.1755e-36	1.1755e-36	1.1755e-36	2.8720e-16	0.00e+00	0.00e+00	9.5705e+00
3.19803e+17	5.3886e+03	1.095e-21	2.7826e+01	1.3541e+01	3.7143e-07	5.4819e-01	4.5181e-01	6.0457e-01	3.9534e-01	8.9863e-05	3.9406e-10	2.0014e-02	9.4733e-01	3.2657e-02	1.1755e-36	6.0548e-01	3.9438e-01	1.3640e-04	1.1755e-36	1.1755e-36	1.1755e-36	3.6101e-16	0.00e+00	0.00e+00	9.7659e+00
3.21816e+17	5.3464e+03	1.063e-21	2.7826e+01	1.3244e+01	4.1374e-07	5.5839e-01	4.4161e-01	6.0971e-01	3.9020e-01	8.9174e-05	4.4847e-10	1.9684e-02	9.4838e-01	3.1932e-02	1.1755e-36	6.1539e-01	3.8448e-01	1.2860e-04	1.1755e-36	1.1755e-36	1.1755e-36	4.5542e-16	0.00e+00	0.00e+00	9.9618e+00
3.23791e+17	5.3023e+03	1.032e-21	2.7826e+01	1.2953e+01	4.6154e-07	5.6845e-01	4.3155e-01	6.1476e-01	3.8515e-01	8.8498e-05	5.1158e-10	1.9355e-02	9.4942e-01	3.1229e-02	1.1755e-36	6.2511e-01	3.7477e-01	1.2133e-04	1.1755e-36	1.1755e-36	1.1755e-36	5.7715e-16	0.00e+00	0.00e+00	1.0157e+01
3.25711e+17	5.2566e+03	1.001e-21	2.7826e+01	1.2668e+01	5.1523e-07	5.7826e-01	4.2174e-01	6.1967e-01	3.8024e-01	8.7847e-05	5.8432e-10	1.9029e-02	9.5041e-01	3.0557e-02	1.1755e-36	6.3455e-01	3.6534e-01	1.1464e-04	1.1755e-36	1.1755e-36	1.1755e-36	7.3339e-16	0.00e+00	0.00e+00	1.0349e+01
3.27559e+17	5.2110e+03	9.722e-22	2.7826e+01	1.2392e+01	5.7402e-07	5.8766e-01	4.1234e-01	6.2436e-01	3.7555e-01	8.7245e-05	6.6635e-10	1.8709e-02	9.5137e-01	2.9924e-02	1.1755e-36	6.4357e-01	3.5632e-01	1.0852e-04	1.1755e-36	1.1755e-36	1.1755e-36	9.2940e-16	0.00e+00	0.00e+00	1.0535e+01
3.29348e+17	5.1656e+03	9.443e-22	2.7826e+01	1.2126e+01	6.3840e-07	5.9676e-01	4.0324e-01	6.2890e-01	3.7101e-01	8.6667e-05	7.5918e-10	1.8397e-02	9.5228e-01	2.9319e-02	1.1755e-36	6.5226e-01	3.4764e-01	1.0288e-04	1.1755e-36	1.1755e-36	1.1755e-36	1.1756e-15	0.00e+00	0.00e+00	1.0721e+01
3.31107e+17	5.1200e+03	9.171e-22	2.7826e+01	1.1866e+01	7.0992e-07	6.0571e-01	3.9429e-01	6.3340e-01	3.6652e-01	8.6082e-05	8.6591e-10	1.8090e-02	9.5318e-01	2.8731e-02	1.1755e-36	6.6077e-01	3.3914e-01	9.7579e-05	1.1755e-36	1.1755e-36	1.1755e-36	1.4896e-15	0.00e+00	0.00e+00	1.0907e+01
3.32853e+17	5.0744e+03	8.904e-22	2.7826e+01	1.1609e+01	7.8923e-07	6.1454e-01	3.8545e-01	6.3782e-01	3.6210e-01	8.5529e-05	9.8865e-10	1.7782e-02	9.5406e-01	2.8157e-02	1.1755e-36	6.6914e-01	3.3077e-01	9.2566e-05	1.1755e-36	1.1755e-36	1.1755e-36	1.8904e-15	0.00e+00	0.00e+00	1.1095e+01
3.34588e+17	5.0270e+03	8.640e-22	2.7826e+01	1.1350e+01	8.7896e-07	6.2324e-01	3.7676e-01	6.4217e-01	3.5775e-01	8.5007e-05	1.1316e-09	1.7469e-02	9.5493e-01	2.7603e-02	1.1755e-36	6.7734e-01	3.2258e-01	8.7851e-05	1.1755e-36	1.1755e-36	1.1755e-36	2.4103e-15	0.00e+00	0.00e+00	1.1285e+01
3.36302e+17	4.9746e+03	8.385e-22	2.7826e+01	1.1096e+01	9.8524e-07	6.3193e-01	3.6807e-01	6.4651e-01	3.5341e-01	8.4453e-05	1.2885e-09	1.7162e-02	9.5580e-01	2.7040e-02	1.1755e-36	6.8552e-01	3.1440e-01	8.3391e-05	1.1755e-36	1.1755e-36	1.1755e-36	3.0508e-15	0.00e+00	0.00e+00	1.1473e+01
3.37935e+17	4.9239e+03	8.148e-22	2.7826e+01	1.0862e+01	1.1003e-06	6.4031e-01	3.5969e-01	6.5074e-01	3.4918e-01	8.3860e-05	1.4437e-09	1.6879e-02	9.5663e-01	2.6487e-02	1.1755e-36	6.9337e-01	3.0655e-01	7.9297e-05	1.1755e-36	1.1755e-36	1.1755e-36	3.7546e-15	0.00e+00	0.00e+00	1.1650e+01
3.39473e+17	4.8812e+03	7.923e-22	2.7826e+01	1.0635e+01	1.2105e-06	6.4775e-01	3.5225e-01	6.5441e-01	3.4551e-01	8.3492e-05	1.5960e-09	1.6595e-02	9.5740e-01	2.6008e-02	1.1755e-36	7.0033e-01	2.9960e-01	7.5697e-05	1.1755e-36	1.1755e-36	1.1755e-36	4.5068e-15	0.00e+00	0.00e+00	1.1821e+01
3.41050e+17	4.8253e+03	7.697e-22	2.7826e+01	1.0402e+01	1.3594e-06	6.5578e-01	3.4422e-01	6.5856e-01	3.4135e-01	8.2902e-05	1.7919e-09	1.6312e-02	9.5821e-01	2.5474e-02	1.1755e-36	7.0780e-01	2.9213e-01	7.2079e-05	1.1755e-36	1.1755e-36	1.1755e-36	5.5752e-15	0.00e+00	0.00e+00	1.2011e+01
3.42629e+17	4.7717e+03	7.478e-22	2.7826e+01	1.0182e+01	1.5228e-06	6.6382e-01	3.3618e-01	6.6268e-01	3.3724e-01	8.2294e-05	2.0112e-09	1.6043e-02	9.5900e-01	2.4953e-02	1.1755e-36	7.1526e-01	2.8467e-01	6.8607e-05	1.1755e-36	1.1755e-36	1.1755e-36	6.8900e-15	0.00e+00	0.00e+00	1.2187e+01
3.44084e+17	4.7239e+03	7.275e-22	2.7826e+01	9.9700e+00	1.6847e-06	6.7089e-01	3.2911e-01	6.6620e-01	3.3372e-01	8.1897e-05	2.2282e-09	1.5777e-02	9.5972e-01	2.4504e-02	1.1755e-36	7.2179e-01	2.7814e-01	6.5615e-05	1.1755e-36	1.1755e-36	1.1755e-36	8.3171e-15	0.00e+00	0.00e+00	1.2352e+01
3.45517e+17	4.6766e+03	7.079e-22	2.7826e+01	9.7668e+00	1.8621e-06	6.7787e-01	3.2213e-01	6.6980e-01	3.3011e-01	8.1442e-05	2.4683e-09	1.5522e-02	9.6043e-01	2.4053e-02	1.1755e-36	7.2823e-01	2.7171e-01	6.2747e-05	1.1755e-36	1.1755e-36	1.1755e-36	1.0032e-14	0.00e+00	0.00e+00	1.2526e+01
3.47015e+17	4.6219e+03	6.876e-22	2.7826e+01	9.5526e+00	2.0824e-06	6.8522e-01	3.1478e-01	6.7365e-01	3.2627e-01	8.0913e-05	2.7594e-09	1.5254e-02	9.6117e-01	2.3580e-02	1.1755e-36	7.3497e-01	2.6497e-01	5.9878e-05	1.1755e-36	1.1755e-36	1.1755e-36	1.2317e-14	0.00e+00	0.00e+00	1.2711e+01
3.48507e+17	4.5722e+03	6.680e-22	2.7826e+01	9.3452e+00	2.3103e-06	6.9230e-01	3.0770e-01	6.7726e-01	3.2266e-01	8.0488e-05	3.0675e-09	1.4991e-02	9.6188e-01	2.3133e-02	1.1755e-36	7.4147e-01	2.5848e-01	5.7159e-05	1.1755e-36	1.1755e-36	1.1755e-36	1.4958e-14	0.00e+00	0.00e+00	1.2887e+01
3.49967e+17	4.5136e+03	6.492e-22	2.7826e+01	9.1417e+00	2.5942e-06	6.9947e-01	3.0053e-01	6.8108e-01	3.1884e-01	7.9903e-05	3.4354e-09	1.4739e-02	9.6259e-01	2.2672e-02	1.1755e-36	7.4803e-01	2.5192e-01	5.4572e-05	1.1755e-36	1.1755e-36	1.1755e-36	1.8438e-14	0.00e+00	0.00e+00	1.3068e+01
3.51374e+17	4.4654e+03	6.312e-22	2.7826e+01	8.9475e+00	2.8621e-06	7.0598e-01	2.9402e-01	6.8438e-01	3.1554e-01	7.9546e-05	3.7937e-09	1.4489e-02	9.6324e-01	2.2269e-02	1.1755e-36	7.5395e-01	2.4600e-01	5.2243e-05	1.1755e-36	1.1755e-36	1.1755e-36	2.2129e-14	0.00e+00	0.00e+00	1.3235e+01
3.52764e+17	4.4105e+03	6.138e-22	2.7826e+01	8.7553e+00	3.1848e-06	7.1255e-01	2.8745e-01	6.8790e-01	3.1202e-01	7.9053e-05	4.2114e-09	1.4247e-02	9.6390e-01	2.1848e-02	1.1755e-36	7.5992e-01	2.4003e-01	4.9994e-05	1.1755e-36	1.1755e-36	1.1755e-36	2.6829e-14	0.00e+00	0.00e+00	1.3414e+01
3.54190e+17	4.3546e+03	5.964e-22	2.7826e+01	8.5619e+00	3.5475e-06	7.1921e-01	2.8079e-01	6.9144e-01	3.0848e-01	7.8565e-05	4.6801e-09	1.4003e-02	9.6457e-01	2.1428e-02	1.1755e-36	7.6596e-01	2.3400e-01	4.7790e-05	1.1755e-36	1.1755e-36	1.1755e-36	3.2590e-14	0.00e+00	0.00e+00	1.3593e+01
3.55591e+17	4.2950e+03	5.796e-22	2.7826e+01	8.3729e+00	3.9643e-06	7.2579e-01	2.7420e-01	6.9501e-01	3.0491e-01	7.8019e-05	5.2050e-09	1.3767e-02	9.6522e-01	2.1012e-02	1.1755e-36	7.7191e-01	2.2804e-01	4.5704e-05	1.1755e-36	1.1755e-36	1.1755e-36	3.9665e-14	0.00e+00	0.00e+00	1.3770e+01
3.56942e+17	4.2433e+03	5.637e-22	2.7826e+01	8.1930e+00	4.3667e-06	7.3185e-01	2.6814e-01	6.9822e-01	3.0171e-01	7.7624e-05	5.7215e-09	1.3537e-02	9.6583e-01	2.0635e-02	1.1755e-36	7.7737e-01	2.2258e-01	4.3801e-05	1.1755e-36	1.1755e-36	1.1755e-36	4.7201e-14	0.00e+00	0.00e+00	1.3939e+01
3.58316e+17	4.1822e+03	5.479e-22	2.7826e+01	8.0113e+00	4.8674e-06	7.3822e-01	2.6177e-01	7.0181e-01	2.9811e-01	7.7030e-05	6.3384e-09	1.3312e-02	9.6646e-01	2.0226e-02	1.1755e-36	7.8310e-01	2.1685e-01	4.1898e-05	1.1755e-36	1.1755e-36	1.1755e-36	5.6997e-14	0.00e+00	0.00e+00	1.4125e+01
3.59726e+17	4.1228e+03	5.320e-22	2.7826e+01	7.8274e+00	5.3979e-06	7.4453e-01	2.5546e-01	7.0527e-01	2.9465e-01	7.6528e-05	6.9923e-09	1.3080e-02	9.6709e-01	1.9832e-02	1.1755e-36	7.8876e-01	2.1120e-01	4.0055e-05	1.1755e-36	1.1755e-36	1.1755e-36	6.8264e-14	0.00e+00	0.00e+00	1.4307e+01
3.61128e+17	4.0623e+03	5.165e-22	2.7826e+01	7.6464e+00	5.9742e-06	7.5075e-01	2.4924e-01	7.0876e-01	2.9117e-01	7.6000e-05	7.6908e-09	1.2853e-02	9.6771e-01	1.9440e-02	1.1755e-36	7.9433e-01	2.0563e-01	3.8292e-05	1.1755e-36	1.1755e-36	1.1755e-36	8.1272e-14	0.00e+00	0.00e+00	1.4493e+01
3.62569e+17	3.9988e+03	5.010e-22	2.7826e+01	7.4627e+00	6.6134e-06	7.5708e-01	2.4292e-01	7.1235e-01	2.8757e-01	7.5437e-05	8.4509e-09	1.2624e-02	9.6834e-01	1.9041e-02	1.1755e-36	7.9997e-01	1.9999e-01	3.6553e-05	1.1755e-36	1.1755e-36	1.1755e-36	9.6530e-14	0.00e+00	0.00e+00	1.4688e+01
###########################
7.02845e+13	5.9588e+03	2.568e-21	2.7826e+01	2.7843e+01	8.9482e-10	5.9964e-02	9.4004e-01	1.9455e-01	8.0516e-01	2.9045e-04	4.2457e-13	1.4115e-02	8.0599e-01	1.7989e-01	4.4578e-06	7.2841e-02	9.1739e-01	9.7705e-03	1.1755e-36	1.1755e-36	1.1755e-36	7.4102e-21	0.00e+00	0.00e+00	1.4812e-03
4.21707e+14	5.9514e+03	2.582e-21	2.7826e+01	2.8055e+01	9.1319e-10	6.0362e-02	9.3964e-01	1.9594e-01	8.0377e-01	2.8738e-04	4.3511e-13	1.4210e-02	8.0722e-01	1.7856e-01	4.3969e-06	7.3327e-02	9.1697e-01	9.7004e-03	1.1755e-36	1.1755e-36	1.1755e-36	7.6799e-21	0.00e+00	0.00e+00	7.4454e-03
1.82740e+15	5.9287e+03	2.572e-21	2.7826e+01	2.8074e+01	9.3922e-10	6.0489e-02	9.3951e-01	1.9695e-01	8.0276e-01	2.8526e-04	4.3862e-13	1.4234e-02	8.0818e-01	1.7759e-01	4.3516e-06	7.3498e-02	9.1684e-01	9.6599e-03	1.1755e-36	1.1755e-36	1.1755e-36	7.7487e-21	0.00e+00	0.00e+00	3.1352e-02
7.45016e+15	5.8659e+03	2.539e-21	2.7826e+01	2.8045e+01	1.0333e-09	6.1275e-02	9.3873e-01	2.0051e-01	7.9922e-01	2.7827e-04	4.5520e-13	1.4396e-02	8.1137e-01	1.7423e-01	4.1810e-06	7.4505e-02	9.1605e-01	9.4432e-03	1.1755e-36	1.1755e-36	1.1755e-36	8.1052e-21	0.00e+00	0.00e+00	1.2822e-01
1.77960e+16	5.6499e+03	2.437e-21	2.7826e+01	2.8043e+01	1.2863e-09	6.0877e-02	9.3912e-01	2.0603e-01	7.9370e-01	2.6700e-04	4.5720e-13	1.4420e-02	8.1663e-01	1.6894e-01	4.0169e-06	7.4166e-02	9.1643e-01	9.4067e-03	1.1755e-36	1.1755e-36	1.1755e-36	8.0200e-21	0.00e+00	0.00e+00	2.5333e-01
2.76190e+16	5.4575e+03	2.355e-21	2.7826e+01	2.8044e+01	1.5731e-09	6.0432e-02	9.3957e-01	2.1049e-01	7.8925e-01	2.5822e-04	4.5784e-13	1.4425e-02	8.2088e-01	1.6469e-01	3.8915e-06	7.3754e-02	9.1686e-01	9.3883e-03	1.1755e-36	1.1755e-36	1.1755e-36	7.9793e-21	0.00e+00	0.00e+00	3.3777e-01
3.48317e+16	5.3679e+03	2.317e-21	2.7826e+01	2.8025e+01	1.7779e-09	6.0904e-02	9.3910e-01	2.1396e-01	7.8578e-01	2.5213e-04	4.7127e-13	1.4545e-02	8.2387e-01	1.6158e-01	3.7556e-06	7.4401e-02	9.1638e-01	9.2211e-03	1.1755e-36	1.1755e-36	1.1755e-36	8.3138e-21	0.00e+00	0.00e+00	4.0706e-01
4.22779e+16	5.3164e+03	2.295e-21	2.7826e+01	2.7998e+01	1.9841e-09	6.2217e-02	9.3778e-01	2.1830e-01	7.8145e-01	2.4534e-04	5.0010e-13	1.4795e-02	8.2723e-01	1.5797e-01	3.5646e-06	7.6054e-02	9.1505e-01	8.8993e-03	1.1755e-36	1.1755e-36	1.1755e-36	9.0631e-21	0.00e+00	0.00e+00	4.9909e-01
5.19579e+16	5.2644e+03	2.268e-21	2.7826e+01	2.7912e+01	2.2650e-09	6.4138e-02	9.3586e-01	2.2392e-01	7.7585e-01	2.3719e-04	5.4245e-13	1.5143e-02	8.3134e-01	1.5351e-01	3.3252e-06	7.8460e-02	9.1308e-01	8.4629e-03	1.1755e-36	1.1755e-36	1.1755e-36	1.0212e-20	0.00e+00	0.00e+00	6.2242e-01
6.45418e+16	5.2190e+03	2.246e-21	2.7826e+01	2.7843e+01	2.6635e-09	6.7223e-02	9.3278e-01	2.3190e-01	7.6788e-01	2.2670e-04	6.1425e-13	1.5678e-02	8.3680e-01	1.4752e-01	3.0079e-06	8.2289e-02	9.0986e-01	7.8506e-03	1.1755e-36	1.1755e-36	1.1755e-36	1.2273e-20	0.00e+00	0.00e+00	7.9046e-01
8.09010e+16	5.1842e+03	2.222e-21	2.7826e+01	2.7678e+01	3.2499e-09	7.2006e-02	9.2799e-01	2.4284e-01	7.5694e-01	2.1400e-04	7.3319e-13	1.6443e-02	8.4363e-01	1.3993e-01	2.6175e-06	8.8188e-02	9.0477e-01	7.0387e-03	1.1755e-36	1.1755e-36	1.1755e-36	1.5963e-20	0.00e+00	0.00e+00	1.0245e+00
1.01945e+17	5.1817e+03	2.199e-21	2.7826e+01	2.7398e+01	4.0899e-09	7.9572e-02	9.2043e-01	2.5814e-01	7.4166e-01	1.9887e-04	9.4288e-13	1.7544e-02	8.5208e-01	1.3038e-01	2.1557e-06	9.7449e-02	8.9655e-01	6.0038e-03	1.1755e-36	1.1755e-36	1.1755e-36	2.3149e-20	0.00e+00	0.00e+00	1.3544e+00
1.25266e+17	5.2290e+03	2.184e-21	2.7826e+01	2.7059e+01	5.1152e-09	9.0140e-02	9.0986e-01	2.7627e-01	7.2354e-01	1.8449e-04	1.2820e-12	1.8899e-02	8.6087e-01	1.2023e-01	1.7081e-06	1.1027e-01	8.8481e-01	4.9189e-03	1.1755e-36	1.1755e-36	1.1755e-36	3.6352e-20	0.00e+00	0.00e+00	1.7194e+00
1.48852e+17	5.3120e+03	2.177e-21	2.7826e+01	2.6601e+01	6.4920e-09	1.0473e-01	8.9527e-01	2.9804e-01	7.0179e-01	1.7029e-04	1.8521e-12	2.0463e-02	8.7001e-01	1.0953e-01	1.2979e-06	1.2782e-01	8.6831e-01	3.8692e-03	1.1755e-36	1.1755e-36	1.1755e-36	6.2293e-20	0.00e+00	0.00e+00	2.1634e+00
1.72089e+17	5.4280e+03	2.173e-21	2.7826e+01	2.6007e+01	8.3181e-09	1.2413e-01	8.7587e-01	3.2269e-01	6.7715e-01	1.5745e-04	2.8074e-12	2.2103e-02	8.7896e-01	9.8935e-02	9.5487e-07	1.5091e-01	8.4615e-01	2.9382e-03	1.1755e-36	1.1755e-36	1.1755e-36	1.1454e-19	0.00e+00	0.00e+00	2.6509e+00
1.92314e+17	5.5578e+03	2.162e-21	2.7826e+01	2.5316e+01	1.0517e-08	1.4683e-01	8.5317e-01	3.4714e-01	6.5272e-01	1.4730e-04	4.2413e-12	2.3517e-02	8.8678e-01	8.9697e-02	7.0626e-07	1.7760e-01	8.2018e-01	2.2257e-03	1.1755e-36	1.1755e-36	1.1755e-36	2.0998e-19	0.00e+00	0.00e+00	3.1179e+00
2.05695e+17	5.6650e+03	2.151e-21	2.7826e+01	2.4740e+01	1.2379e-08	1.6595e-01	8.3405e-01	3.6446e-01	6.3539e-01	1.4171e-04	5.7293e-12	2.4368e-02	8.9178e-01	8.3851e-02	5.6973e-07	1.9983e-01	7.9836e-01	1.8134e-03	1.1755e-36	1.1755e-36	1.1755e-36	3.2751e-19	0.00e+00	0.00e+00	3.3704e+00
2.12902e+17	5.7129e+03	2.141e-21	2.7826e+01	2.4403e+01	1.3843e-08	1.7810e-01	8.2190e-01	3.7475e-01	6.2512e-01	1.3852e-04	6.8553e-12	2.4812e-02	8.9474e-01	8.0443e-02	5.0159e-07	2.1385e-01	7.8454e-01	1.6083e-03	1.1755e-36	1.1755e-36	1.1755e-36	4.2889e-19	0.00e+00	0.00e+00	3.5506e+00
2.18501e+17	5.7513e+03	2.125e-21	2.7826e+01	2.4081e+01	1.5084e-08	1.8803e-01	8.1197e-01	3.8354e-01	6.1632e-01	1.3570e-04	7.8756e-12	2.5089e-02	8.9709e-01	7.7824e-02	4.5357e-07	2.2525e-01	7.7329e-01	1.4615e-03	1.1755e-36	1.1755e-36	1.1755e-36	5.2738e-19	0.00e+00	0.00e+00	3.7303e+00
2.24529e+17	5.7831e+03	2.105e-21	2.7826e+01	2.3731e+01	1.6839e-08	1.9988e-01	8.0012e-01	3.9395e-01	6.0592e-01	1.3224e-04	9.2591e-12	2.5381e-02	8.9980e-01	7.4816e-02	4.0390e-07	2.3879e-01	7.5990e-01	1.3108e-03	1.1755e-36	1.1755e-36	1.1755e-36	6.7311e-19	0.00e+00	0.00e+00	3.9627e+00
2.31011e+17	5.8158e+03	2.081e-21	2.7826e+01	2.3331e+01	1.9057e-08	2.1371e-01	7.8629e-01	4.0503e-01	5.9484e-01	1.2898e-04	1.1071e-11	2.5649e-02	9.0269e-01	7.1659e-02	3.5582e-07	2.5449e-01	7.4435e-01	1.1623e-03	1.1755e-36	1.1755e-36	1.1755e-36	8.8378e-19	0.00e+00	0.00e+00	4.2010e+00
2.36912e+17	5.8429e+03	2.057e-21	2.7826e+01	2.2950e+01	2.1506e-08	2.2751e-01	7.7249e-01	4.1563e-01	5.8425e-01	1.2599e-04	1.3132e-11	2.5851e-02	9.0536e-01	6.8793e-02	3.1585e-07	2.7006e-01	7.2890e-01	1.0371e-03	1.1755e-36	1.1755e-36	1.1755e-36	1.1489e-18	0.00e+00	0.00e+00	4.4191e+00
2.42033e+17	5.8652e+03	2.029e-21	2.7826e+01	2.2569e+01	2.3955e-08	2.4022e-01	7.5978e-01	4.2502e-01	5.7485e-01	1.2355e-04	1.5252e-11	2.5957e-02	9.0767e-01	6.6377e-02	2.8453e-07	2.8430e-01	7.1476e-01	9.3719e-04	1.1755e-36	1.1755e-36	1.1755e-36	1.4475e-18	0.00e+00	0.00e+00	4.6212e+00
2.46770e+17	5.8834e+03	1.999e-21	2.7826e+01	2.2176e+01	2.6566e-08	2.5259e-01	7.4741e-01	4.3399e-01	5.6588e-01	1.2133e-04	1.7549e-11	2.5994e-02	9.0983e-01	6.4174e-02	2.5797e-07	2.9809e-01	7.0106e-01	8.5134e-04	1.1755e-36	1.1755e-36	1.1755e-36	1.7997e-18	0.00e+00	0.00e+00	4.8291e+00
2.51495e+17	5.8969e+03	1.965e-21	2.7826e+01	2.1775e+01	2.9702e-08	2.6585e-01	7.3415e-01	4.4341e-01	5.5647e-01	1.1899e-04	2.0327e-11	2.6002e-02	9.1206e-01	6.1936e-02	2.3315e-07	3.1277e-01	6.8646e-01	7.7090e-04	1.1755e-36	1.1755e-36	1.1755e-36	2.2652e-18	0.00e+00	0.00e+00	5.0517e+00
2.56136e+17	5.9057e+03	1.930e-21	2.7826e+01	2.1366e+01	3.3372e-08	2.7970e-01	7.2030e-01	4.5288e-01	5.4700e-01	1.1675e-04	2.3606e-11	2.5973e-02	9.1428e-01	5.9748e-02	2.1068e-07	3.2802e-01	6.7129e-01	6.9753e-04	1.1755e-36	1.1755e-36	1.1755e-36	2.8700e-18	0.00e+00	0.00e+00	5.2736e+00
2.60445e+17	5.9104e+03	1.894e-21	2.7826e+01	2.0967e+01	3.7382e-08	2.9327e-01	7.0673e-01	4.6186e-01	5.3802e-01	1.1472e-04	2.7231e-11	2.5902e-02	9.1636e-01	5.7739e-02	1.9150e-07	3.4286e-01	6.5650e-01	6.3429e-04	1.1755e-36	1.1755e-36	1.1755e-36	3.6052e-18	0.00e+00	0.00e+00	5.4851e+00
2.64411e+17	5.9110e+03	1.857e-21	2.7826e+01	2.0580e+01	4.1720e-08	3.0640e-01	6.9359e-01	4.7035e-01	5.2953e-01	1.1286e-04	3.1184e-11	2.5799e-02	9.1830e-01	5.5898e-02	1.7512e-07	3.5714e-01	6.4228e-01	5.7993e-04	1.1755e-36	1.1755e-36	1.1755e-36	4.4847e-18	0.00e+00	0.00e+00	5.6911e+00
2.68164e+17	5.9063e+03	1.820e-21	2.7826e+01	2.0203e+01	4.6631e-08	3.1951e-01	6.8049e-01	4.7865e-01	5.2124e-01	1.1106e-04	3.5652e-11	2.5675e-02	9.2018e-01	5.4140e-02	1.6058e-07	3.7130e-01	6.2816e-01	5.3157e-04	1.1755e-36	1.1755e-36	1.1755e-36	5.5769e-18	0.00e+00	0.00e+00	5.8978e+00
2.71752e+17	5.8973e+03	1.784e-21	2.7826e+01	1.9841e+01	5.2217e-08	3.3272e-01	6.6728e-01	4.8689e-01	5.1300e-01	1.0927e-04	4.0771e-11	2.5538e-02	9.2202e-01	5.2444e-02	1.4752e-07	3.8550e-01	6.1401e-01	4.8802e-04	1.1755e-36	1.1755e-36	1.1755e-36	6.9520e-18	0.00e+00	0.00e+00	6.1020e+00
2.75133e+17	5.8884e+03	1.746e-21	2.7826e+01	1.9470e+01	5.8058e-08	3.4538e-01	6.5462e-01	4.9454e-01	5.0535e-01	1.0776e-04	4.6228e-11	2.5356e-02	9.2373e-01	5.0916e-02	1.3631e-07	3.9902e-01	6.0053e-01	4.5005e-04	1.1755e-36	1.1755e-36	1.1755e-36	8.5556e-18	0.00e+00	0.00e+00	6.3003e+00
2.78390e+17	5.8767e+03	1.707e-21	2.7826e+01	1.9096e+01	6.4549e-08	3.5798e-01	6.4202e-01	5.0206e-01	4.9783e-01	1.0631e-04	5.2339e-11	2.5150e-02	9.2540e-01	4.9453e-02	1.2621e-07	4.1240e-01	5.8718e-01	4.1567e-04	1.1755e-36	1.1755e-36	1.1755e-36	1.0520e-17	0.00e+00	0.00e+00	6.5045e+00
2.81627e+17	5.8621e+03	1.667e-21	2.7826e+01	1.8718e+01	7.2002e-08	3.7095e-01	6.2905e-01	5.0968e-01	4.9022e-01	1.0487e-04	5.9447e-11	2.4921e-02	9.2707e-01	4.8008e-02	1.1755e-36	4.2609e-01	5.7353e-01	3.8353e-04	1.1755e-36	1.1755e-36	1.1755e-36	1.3024e-17	0.00e+00	0.00e+00	6.7150e+00
2.84801e+17	5.8438e+03	1.625e-21	2.7826e+01	1.8337e+01	8.0519e-08	3.8405e-01	6.1595e-01	5.1724e-01	4.8266e-01	1.0347e-04	6.7617e-11	2.4670e-02	9.2872e-01	4.6609e-02	1.1755e-36	4.3984e-01	5.5981e-01	3.5406e-04	1.1755e-36	1.1755e-36	1.1755e-36	1.6195e-17	0.00e+00	0.00e+00	6.9254e+00
2.87836e+17	5.8228e+03	1.584e-21	2.7826e+01	1.7959e+01	8.9967e-08	3.9690e-01	6.0310e-01	5.2451e-01	4.7538e-01	1.0218e-04	7.6741e-11	2.4402e-02	9.3030e-01	4.5293e-02	1.1755e-36	4.5324e-01	5.4643e-01	3.2770e-04	1.1755e-36	1.1755e-36	1.1755e-36	2.0100e-17	0.00e+00	0.00e+00	7.1311e+00
2.90714e+17	5.8005e+03	1.544e-21	2.7826e+01	1.7592e+01	1.0022e-07	4.0936e-01	5.9064e-01	5.3146e-01	4.6844e-01	1.0098e-04	8.6787e-11	2.4123e-02	9.3181e-01	4.4064e-02	1.1755e-36	4.6617e-01	5.3353e-01	3.0423e-04	1.1755e-36	1.1755e-36	1.1755e-36	2.4829e-17	0.00e+00	0.00e+00	7.3331e+00
2.93491e+17	5.7762e+03	1.504e-21	2.7826e+01	1.7232e+01	1.1159e-07	4.2167e-01	5.7833e-01	5.3826e-01	4.6164e-01	9.9835e-05	9.8096e-11	2.3835e-02	9.3328e-01	4.2886e-02	1.1755e-36	4.7887e-01	5.2084e-01	2.8286e-04	1.1755e-36	1.1755e-36	1.1755e-36	3.0678e-17	0.00e+00	0.00e+00	7.5365e+00
2.96211e+17	5.7494e+03	1.464e-21	2.7826e+01	1.6873e+01	1.2443e-07	4.3400e-01	5.6600e-01	5.4500e-01	4.5490e-01	9.8715e-05	1.1104e-10	2.3535e-02	9.3472e-01	4.1743e-02	1.1755e-36	4.9152e-01	5.0821e-01	2.6314e-04	1.1755e-36	1.1755e-36	1.1755e-36	3.8051e-17	0.00e+00	0.00e+00	7.7419e+00
2.98864e+17	5.7201e+03	1.425e-21	2.7826e+01	1.6516e+01	1.3889e-07	4.4625e-01	5.5375e-01	5.5160e-01	4.4830e-01	9.7640e-05	1.2581e-10	2.3225e-02	9.3613e-01	4.0643e-02	1.1755e-36	5.0402e-01	4.9573e-01	2.4505e-04	1.1755e-36	1.1755e-36	1.1755e-36	4.7332e-17	0.00e+00	0.00e+00	7.9466e+00
3.01423e+17	5.6891e+03	1.386e-21	2.7826e+01	1.6165e+01	1.5491e-07	4.5824e-01	5.4176e-01	5.5800e-01	4.4191e-01	9.6633e-05	1.4243e-10	2.2907e-02	9.3749e-01	3.9600e-02	1.1755e-36	5.1620e-01	4.8357e-01	2.2862e-04	1.1755e-36	1.1755e-36	1.1755e-36	5.8868e-17	0.00e+00	0.00e+00	8.1486e+00
3.03890e+17	5.6569e+03	1.347e-21	2.7826e+01	1.5822e+01	1.7255e-07	4.6996e-01	5.3004e-01	5.6418e-01	4.3573e-01	9.5685e-05	1.6107e-10	2.2585e-02	9.3881e-01	3.8609e-02	1.1755e-36	5.2804e-01	4.7175e-01	2.1369e-04	1.1755e-36	1.1755e-36	1.1755e-36	7.3146e-17	0.00e+00	0.00e+00	8.3488e+00
3.06288e+17	5.6234e+03	1.310e-21	2.7826e+01	1.5484e+01	1.9215e-07	4.8151e-01	5.1849e-01	5.7022e-01	4.2968e-01	9.4773e-05	1.8223e-10	2.2259e-02	9.4008e-01	3.7656e-02	1.1755e-36	5.3964e-01	4.6016e-01	1.9997e-04	1.1755e-36	1.1755e-36	1.1755e-36	9.1014e-17	0.00e+00	0.00e+00	8.5494e+00
3.08636e+17	5.5881e+03	1.272e-21	2.7826e+01	1.5151e+01	2.1414e-07	4.9296e-01	5.0704e-01	5.7618e-01	4.2373e-01	9.3889e-05	2.0646e-10	2.1929e-02	9.4134e-01	3.6735e-02	1.1755e-36	5.5108e-01	4.4873e-01	1.8726e-04	1.1755e-36	1.1755e-36	1.1755e-36	1.1362e-16	0.00e+00	0.00e+00	8.7508e+00
3.10931e+17	5.5509e+03	1.236e-21	2.7826e+01	1.4822e+01	2.3885e-07	5.0427e-01	4.9573e-01	5.8201e-01	4.1790e-01	9.3036e-05	2.3424e-10	2.1596e-02	9.4256e-01	3.5847e-02	1.1755e-36	5.6233e-01	4.3749e-01	1.7553e-04	1.1755e-36	1.1755e-36	1.1755e-36	1.4230e-16	0.00e+00	0.00e+00	8.9514e+00
3.13157e+17	5.5121e+03	1.200e-21	2.7826e+01	1.4500e+01	2.6639e-07	5.1534e-01	4.8466e-01	5.8767e-01	4.1223e-01	9.2226e-05	2.6587e-10	2.1261e-02	9.4374e-01	3.4998e-02	1.1755e-36	5.7328e-01	4.2655e-01	1.6478e-04	1.1755e-36	1.1755e-36	1.1755e-36	1.7849e-16	0.00e+00	0.00e+00	9.1496e+00
3.15310e+17	5.4727e+03	1.166e-21	2.7826e+01	1.4185e+01	2.9677e-07	5.2610e-01	4.7390e-01	5.9315e-01	4.0676e-01	9.1463e-05	3.0162e-10	2.0928e-02	9.4488e-01	3.4192e-02	1.1755e-36	5.8388e-01	4.1596e-01	1.5494e-04	1.1755e-36	1.1755e-36	1.1755e-36	2.2377e-16	0.00e+00	0.00e+00	9.3453e+00
3.17403e+17	5.4326e+03	1.132e-21	2.7826e+01	1.3878e+01	3.3035e-07	5.3662e-01	4.6338e-01	5.9847e-01	4.0144e-01	9.0732e-05	3.4223e-10	2.0596e-02	9.4599e-01	3.3418e-02	1.1755e-36	5.9420e-01	4.0566e-01	1.4588e-04	1.1755e-36	1.1755e-36	1.1755e-36	2.8068e-16	0.00e+00	0.00e+00	9.5403e+00
3.19454e+17	5.3916e+03	1.099e-21	2.7826e+01	1.3577e+01	3.6777e-07	5.4698e-01	4.5302e-01	6.0371e-01	3.9620e-01	9.0023e-05	3.8879e-10	2.0265e-02	9.4707e-01	3.2670e-02	1.1755e-36	6.0431e-01	3.9555e-01	1.3744e-04	1.1755e-36	1.1755e-36	1.1755e-36	3.5290e-16	0.00e+00	0.00e+00	9.7358e+00
3.21472e+17	5.3493e+03	1.067e-21	2.7826e+01	1.3279e+01	4.0972e-07	5.5722e-01	4.4278e-01	6.0886e-01	3.9105e-01	8.9332e-05	4.4248e-10	1.9933e-02	9.4812e-01	3.1944e-02	1.1755e-36	6.1425e-01	3.8562e-01	1.2956e-04	1.1755e-36	1.1755e-36	1.1755e-36	4.4525e-16	0.00e+00	0.00e+00	9.9316e+00
3.23448e+17	5.3054e+03	1.035e-21	2.7826e+01	1.2987e+01	4.5700e-07	5.6728e-01	4.3271e-01	6.1391e-01	3.8600e-01	8.8658e-05	5.0461e-10	1.9603e-02	9.4915e-01	3.1243e-02	1.1755e-36	6.2399e-01	3.7589e-01	1.2224e-04	1.1755e-36	1.1755e-36	1.1755e-36	5.6401e-16	0.00e+00	0.00e+00	1.0126e+01
3.25368e+17	5.2601e+03	1.005e-21	2.7826e+01	1.2702e+01	5.0991e-07	5.7709e-01	4.2291e-01	6.1881e-01	3.8110e-01	8.8012e-05	5.7600e-10	1.9276e-02	9.5015e-01	3.0573e-02	1.1755e-36	6.3343e-01	3.6645e-01	1.1549e-04	1.1755e-36	1.1755e-36	1.1755e-36	7.1588e-16	0.00e+00	0.00e+00	1.0318e+01
3.27222e+17	5.2148e+03	9.756e-22	2.7826e+01	1.2426e+01	5.6799e-07	5.8653e-01	4.1347e-01	6.2352e-01	3.7640e-01	8.7408e-05	6.5675e-10	1.8955e-02	9.5111e-01	2.9939e-02	1.1755e-36	6.4249e-01	3.5740e-01	1.0931e-04	1.1755e-36	1.1755e-36	1.1755e-36	9.0689e-16	0.00e+00	0.00e+00	1.0505e+01
3.29021e+17	5.1695e+03	9.475e-22	2.7826e+01	1.2158e+01	6.3184e-07	5.9569e-01	4.0430e-01	6.2808e-01	3.7183e-01	8.6827e-05	7.4846e-10	1.8640e-02	9.5203e-01	2.9331e-02	1.1755e-36	6.5124e-01	3.4865e-01	1.0359e-04	1.1755e-36	1.1755e-36	1.1755e-36	1.1477e-15	0.00e+00	0.00e+00	1.0691e+01
3.30791e+17	5.1240e+03	9.201e-22	2.7826e+01	1.1896e+01	7.0270e-07	6.0470e-01	3.9530e-01	6.3260e-01	3.6731e-01	8.6242e-05	8.5382e-10	1.8330e-02	9.5293e-01	2.8741e-02	1.1755e-36	6.5981e-01	3.4009e-01	9.8229e-05	1.1755e-36	1.1755e-36	1.1755e-36	1.4546e-15	0.00e+00	0.00e+00	1.0878e+01
3.32544e+17	5.0784e+03	8.932e-22	2.7826e+01	1.1638e+01	7.8139e-07	6.1358e-01	3.8642e-01	6.3704e-01	3.6287e-01	8.5688e-05	9.7506e-10	1.8020e-02	9.5381e-01	2.8167e-02	1.1755e-36	6.6823e-01	3.3168e-01	9.3162e-05	1.1755e-36	1.1755e-36	1.1755e-36	1.8468e-15	0.00e+00	0.00e+00	1.1067e+01
3.34284e+17	5.0304e+03	8.668e-22	2.7826e+01	1.1378e+01	8.7110e-07	6.2233e-01	3.7767e-01	6.4141e-01	3.5851e-01	8.5161e-05	1.1171e-09	1.7706e-02	9.5468e-01	2.7611e-02	1.1755e-36	6.7648e-01	3.2343e-01	8.8399e-05	1.1755e-36	1.1755e-36	1.1755e-36	2.3592e-15	0.00e+00	0.00e+00	1.1256e+01
3.35993e+17	4.9789e+03	8.413e-22	2.7826e+01	1.1124e+01	9.7515e-07	6.3098e-01	3.6902e-01	6.4572e-01	3.5420e-01	8.4621e-05	1.2727e-09	1.7397e-02	9.5555e-01	2.7056e-02	1.1755e-36	6.8463e-01	3.1529e-01	8.3932e-05	1.1755e-36	1.1755e-36	1.1755e-36	2.9883e-15	0.00e+00	0.00e+00	1.1443e+01
3.37623e+17	4.9285e+03	8.176e-22	2.7826e+01	1.0890e+01	1.0885e-06	6.3935e-01	3.6065e-01	6.4995e-01	3.4997e-01	8.4028e-05	1.4255e-09	1.7112e-02	9.5638e-01	2.6505e-02	1.1755e-36	6.9248e-01	3.0744e-01	7.9817e-05	1.1755e-36	1.1755e-36	1.1755e-36	3.6749e-15	0.00e+00	0.00e+00	1.1620e+01
3.39170e+17	4.8877e+03	7.948e-22	2.7826e+01	1.0663e+01	1.1946e-06	6.4679e-01	3.5320e-01	6.5361e-01	3.4631e-01	8.3679e-05	1.5738e-09	1.6826e-02	9.5715e-01	2.6028e-02	1.1755e-36	6.9944e-01	3.0048e-01	7.6174e-05	1.1755e-36	1.1755e-36	1.1755e-36	4.3988e-15	0.00e+00	0.00e+00	1.1792e+01
3.40780e+17	4.8356e+03	7.714e-22	2.7826e+01	1.0424e+01	1.3351e-06	6.5483e-01	3.4517e-01	6.5771e-01	3.4220e-01	8.3166e-05	1.7624e-09	1.6531e-02	9.5797e-01	2.5499e-02	1.1755e-36	7.0691e-01	2.9302e-01	7.2481e-05	1.1755e-36	1.1755e-36	1.1755e-36	5.4118e-15	0.00e+00	0.00e+00	1.1988e+01
3.42443e+17	4.7791e+03	7.483e-22	2.7826e+01	1.0190e+01	1.5047e-06	6.6330e-01	3.3670e-01	6.6207e-01	3.3784e-01	8.2521e-05	1.9903e-09	1.6243e-02	9.5881e-01	2.4950e-02	1.1755e-36	7.1477e-01	2.8516e-01	6.8806e-05	1.1755e-36	1.1755e-36	1.1755e-36	6.7627e-15	0.00e+00	0.00e+00	1.2177e+01
3.43973e+17	4.7299e+03	7.270e-22	2.7826e+01	9.9661e+00	1.6699e-06	6.7065e-01	3.2935e-01	6.6565e-01	3.3426e-01	8.2168e-05	2.2123e-09	1.5959e-02	9.5955e-01	2.4492e-02	1.1755e-36	7.2156e-01	2.7837e-01	6.5686e-05	1.1755e-36	1.1755e-36	1.1755e-36	8.2156e-15	0.00e+00	0.00e+00	1.2347e+01
3.45418e+17	4.6776e+03	7.075e-22	2.7826e+01	9.7645e+00	1.8609e-06	6.7793e-01	3.2206e-01	6.6949e-01	3.3043e-01	8.1582e-05	2.4668e-09	1.5709e-02	9.6027e-01	2.4020e-02	1.1755e-36	7.2828e-01	2.7166e-01	6.2750e-05	1.1755e-36	1.1755e-36	1.1755e-36	1.0034e-14	0.00e+00	0.00e+00	1.2520e+01
3.46853e+17	4.6268e+03	6.882e-22	2.7826e+01	9.5607e+00	2.0663e-06	6.8492e-01	3.1508e-01	6.7307e-01	3.2685e-01	8.1121e-05	2.7400e-09	1.5452e-02	9.6097e-01	2.3576e-02	1.1755e-36	7.3470e-01	2.6524e-01	6.0007e-05	1.1755e-36	1.1755e-36	1.1755e-36	1.2174e-14	0.00e+00	0.00e+00	1.2690e+01
3.48274e+17	4.5757e+03	6.694e-22	2.7826e+01	9.3615e+00	2.2941e-06	6.9180e-01	3.0820e-01	6.7665e-01	3.2327e-01	8.0645e-05	3.0427e-09	1.5200e-02	9.6166e-01	2.3138e-02	1.1755e-36	7.4101e-01	2.5893e-01	5.7391e-05	1.1755e-36	1.1755e-36	1.1755e-36	1.4763e-14	0.00e+00	0.00e+00	1.2863e+01
3.49703e+17	4.5235e+03	6.509e-22	2.7826e+01	9.1629e+00	2.5505e-06	6.9868e-01	3.0132e-01	6.8024e-01	3.1968e-01	8.0162e-05	3.3825e-09	1.4948e-02	9.6235e-01	2.2703e-02	1.1755e-36	7.4729e-01	2.5265e-01	5.4864e-05	1.1755e-36	1.1755e-36	1.1755e-36	1.7937e-14	0.00e+00	0.00e+00	1.3040e+01
3.51134e+17	4.4639e+03	6.328e-22	2.7826e+01	8.9632e+00	2.8638e-06	7.0566e-01	2.9433e-01	6.8397e-01	3.1595e-01	7.9590e-05	3.7832e-09	1.4699e-02	9.6304e-01	2.2258e-02	1.1755e-36	7.5367e-01	2.4628e-01	5.2429e-05	1.1755e-36	1.1755e-36	1.1755e-36	2.2069e-14	0.00e+00	0.00e+00	1.3216e+01
3.52500e+17	4.4152e+03	6.156e-22	2.7826e+01	8.7710e+00	3.1541e-06	7.1185e-01	2.8814e-01	6.8707e-01	3.1285e-01	7.9300e-05	4.1632e-09	1.4450e-02	9.6367e-01	2.1880e-02	1.1755e-36	7.5929e-01	2.4065e-01	5.0273e-05	1.1755e-36	1.1755e-36	1.1755e-36	2.6334e-14	0.00e+00	0.00e+00	1.3380e+01
3.53861e+17	4.3618e+03	5.988e-22	2.7826e+01	8.5886e+00	3.4988e-06	7.1831e-01	2.8169e-01	6.9060e-01	3.0932e-01	7.8767e-05	4.6114e-09	1.4219e-02	9.6431e-01	2.1467e-02	1.1755e-36	7.6514e-01	2.3481e-01	4.8122e-05	1.1755e-36	1.1755e-36	1.1755e-36	3.1777e-14	0.00e+00	0.00e+00	1.3559e+01
3.55289e+17	4.3015e+03	5.817e-22	2.7826e+01	8.3956e+00	3.9172e-06	7.2504e-01	2.7495e-01	6.9426e-01	3.0566e-01	7.8207e-05	5.1399e-09	1.3976e-02	9.6498e-01	2.1042e-02	1.1755e-36	7.7124e-01	2.2872e-01	4.5973e-05	1.1755e-36	1.1755e-36	1.1755e-36	3.8827e-14	0.00e+00	0.00e+00	1.3742e+01
3.56682e+17	4.2487e+03	5.652e-22	2.7826e+01	8.2099e+00	4.3262e-06	7.3131e-01	2.6869e-01	6.9754e-01	3.0238e-01	7.7812e-05	5.6661e-09	1.3737e-02	9.6561e-01	2.0658e-02	1.1755e-36	7.7688e-01	2.2308e-01	4.3999e-05	1.1755e-36	1.1755e-36	1.1755e-36	4.6452e-14	0.00e+00	0.00e+00	1.3915e+01
3.58068e+17	4.1873e+03	5.493e-22	2.7826e+01	8.0261e+00	4.8265e-06	7.3775e-01	2.6224e-01	7.0114e-01	2.9879e-01	7.7231e-05	6.2832e-09	1.3507e-02	9.6624e-01	2.0250e-02	1.1755e-36	7.8268e-01	2.1728e-01	4.2070e-05	1.1755e-36	1.1755e-36	1.1755e-36	5.6203e-14	0.00e+00	0.00e+00	1.4100e+01
3.59468e+17	4.1288e+03	5.334e-22	2.7826e+01	7.8424e+00	5.3477e-06	7.4405e-01	2.5595e-01	7.0454e-01	2.9538e-01	7.6755e-05	6.9276e-09	1.3273e-02	9.6686e-01	1.9863e-02	1.1755e-36	7.8833e-01	2.1163e-01	4.0226e-05	1.1755e-36	1.1755e-36	1.1755e-36	6.7255e-14	0.00e+00	0.00e+00	1.4279e+01
3.60861e+17	4.0689e+03	5.179e-22	2.7826e+01	7.6605e+00	5.9171e-06	7.5031e-01	2.4969e-01	7.0796e-01	2.9196e-01	7.6264e-05	7.6209e-09	1.3043e-02	9.6748e-01	1.9479e-02	1.1755e-36	7.9392e-01	2.0604e-01	3.8448e-05	1.1755e-36	1.1755e-36	1.1755e-36	8.0120e-14	0.00e+00	0.00e+00	1.4465e+01
3.62299e+17	4.0059e+03	5.020e-22	2.7826e+01	7.4723e+00	6.5542e-06	7.5681e-01	2.4319e-01	7.1143e-01	2.8849e-01	7.5785e-05	8.3859e-09	1.2807e-02	9.6810e-01	1.9091e-02	1.1755e-36	7.9972e-01	2.0024e-01	3.6665e-05	1.1755e-36	1.1755e-36	1.1755e-36	9.5479e-14	0.00e+00	0.00e+00	1.4660e+01
3.63785e+17	3.9412e+03	4.851e-22	2.7826e+01	7.2633e+00	7.2661e-06	7.6408e-01	2.3591e-01	7.1453e-01	2.8539e-01	7.5602e-05	9.2475e-09	1.2546e-02	9.6872e-01	1.8730e-02	1.1755e-36	8.0618e-01	1.9379e-01	3.4770e-05	1.1755e-36	1.1755e-36	1.1755e-36	1.1446e-13	0.00e+00	0.00e+00	1.4862e+01
###########################
7.02845e+13	5.9588e+03	2.568e-21	2.7826e+01	2.7843e+01	8.9482e-10	5.9964e-02	9.4004e-01	1.9455e-01	8.0516e-01	2.9045e-04	4.2457e-13	1.4115e-02	8.0599e-01	1.7989e-01	4.4578e-06	7.2841e-02	9.1739e-01	9.7705e-03	1.1755e-36	1.1755e-36	1.1755e-36	7.4101e-21	0.00e+00	0.00e+00	1.4812e-03
4.21707e+14	5.9514e+03	2.582e-21	2.7826e+01	2.8055e+01	9.1318e-10	6.0362e-02	9.3964e-01	1.9594e-01	8.0377e-01	2.8738e-04	4.3511e-13	1.4210e-02	8.0722e-01	1.7856e-01	4.3969e-06	7.3327e-02	9.1697e-01	9.7004e-03	1.1755e-36	1.1755e-36	1.1755e-36	7.6798e-21	0.00e+00	0.00e+00	7.4454e-03
1.82740e+15	5.9287e+03	2.572e-21	2.7826e+01	2.8074e+01	9.3922e-10	6.0489e-02	9.3951e-01	1.9695e-01	8.0276e-01	2.8526e-04	4.3862e-13	1.4234e-02	8.0818e-01	1.7759e-01	4.3516e-06	7.3498e-02	9.1684e-01	9.6599e-03	1.1755e-36	1.1755e-36	1.1755e-36	7.7486e-21	0.00e+00	0.00e+00	3.1352e-02
7.45016e+15	5.8659e+03	2.539e-21	2.7826e+01	2.8044e+01	1.0332e-09	6.1273e-02	9.3873e-01	2.0050e-01	7.9922e-01	2.7828e-04	4.5517e-13	1.4395e-02	8.1136e-01	1.7424e-01	4.1811e-06	7.4504e-02	9.1605e-01	9.4434e-03	1.1755e-36	1.1755e-36	1.1755e-36	8.1042e-21	0.00e+00	0.00e+00	1.2822e-01
1.77960e+16	5.6499e+03	2.438e-21	2.7826e+01	2.8046e+01	1.2865e-09	6.0883e-02	9.3912e-01	2.0605e-01	7.9368e-01	2.6697e-04	4.5736e-13	1.4424e-02	8.1665e-01	1.6893e-01	4.0162e-06	7.4173e-02	9.1642e-01	9.4056e-03	1.1755e-36	1.1755e-36	1.1755e-36	8.0240e-21	0.00e+00	0.00e+00	2.5334e-01
2.76185e+16	5.4575e+03	2.355e-21	2.7826e+01	2.8045e+01	1.5731e-09	6.0432e-02	9.3957e-01	2.1049e-01	7.8925e-01	2.5822e-04	4.5785e-13	1.4425e-02	8.2088e-01	1.6469e-01	3.8914e-06	7.3754e-02	9.1686e-01	9.3883e-03	1.1755e-36	1.1755e-36	1.1755e-36	7.9795e-21	0.00e+00	0.00e+00	3.3777e-01
3.48307e+16	5.3679e+03	2.317e-21	2.7826e+01	2.8025e+01	1.7779e-09	6.0904e-02	9.3910e-01	2.1396e-01	7.8578e-01	2.5213e-04	4.7127e-13	1.4545e-02	8.2387e-01	1.6158e-01	3.7556e-06	7.4400e-02	9.1638e-01	9.2212e-03	1.1755e-36	1.1755e-36	1.1755e-36	8.3138e-21	0.00e+00	0.00e+00	4.0706e-01
4.22766e+16	5.3164e+03	2.295e-21	2.7826e+01	2.7998e+01	1.9841e-09	6.2216e-02	9.3778e-01	2.1830e-01	7.8145e-01	2.4534e-04	5.0010e-13	1.4795e-02	8.2723e-01	1.5797e-01	3.5646e-06	7.6054e-02	9.1505e-01	8.8994e-03	1.1755e-36	1.1755e-36	1.1755e-36	9.0630e-21	0.00e+00	0.00e+00	4.9909e-01
5.19562e+16	5.2644e+03	2.269e-21	2.7826e+01	2.7916e+01	2.2654e-09	6.4145e-02	9.3585e-01	2.2394e-01	7.7583e-01	2.3718e-04	5.4265e-13	1.5144e-02	8.3136e-01	1.5350e-01	3.3245e-06	7.8469e-02	9.1307e-01	8.4619e-03	1.1755e-36	1.1755e-36	1.1755e-36	1.0218e-20	0.00e+00	0.00e+00	6.2243e-01
6.45398e+16	5.2194e+03	2.246e-21	2.7826e+01	2.7844e+01	2.6623e-09	6.7222e-02	9.3278e-01	2.3189e-01	7.6788e-01	2.2671e-04	6.1422e-13	1.5678e-02	8.3680e-01	1.4752e-01	3.0080e-06	8.2288e-02	9.0986e-01	7.8504e-03	1.1755e-36	1.1755e-36	1.1755e-36	1.2272e-20	0.00e+00	0.00e+00	7.9046e-01
8.08985e+16	5.1842e+03	2.222e-21	2.7826e+01	2.7678e+01	3.2499e-09	7.2006e-02	9.2799e-01	2.4284e-01	7.5694e-01	2.1401e-04	7.3319e-13	1.6443e-02	8.4363e-01	1.3993e-01	2.6175e-06	8.8188e-02	9.0477e-01	7.0387e-03	1.1755e-36	1.1755e-36	1.1755e-36	1.5963e-20	0.00e+00	0.00e+00	1.0244e+00
1.01943e+17	5.1817e+03	2.199e-21	2.7826e+01	2.7398e+01	4.0898e-09	7.9572e-02	9.2043e-01	2.5814e-01	7.4166e-01	1.9888e-04	9.4286e-13	1.7543e-02	8.5208e-01	1.3038e-01	2.1557e-06	9.7449e-02	8.9655e-01	6.0038e-03	1.1755e-36	1.1755e-36	1.1755e-36	2.3148e-20	0.00e+00	0.00e+00	1.3544e+00
1.25264e+17	5.2290e+03	2.184e-21	2.7826e+01	2.7059e+01	5.1152e-09	9.0140e-02	9.0986e-01	2.7627e-01	7.2354e-01	1.8449e-04	1.2820e-12	1.8898e-02	8.6087e-01	1.2023e-01	1.7081e-06	1.1027e-01	8.8481e-01	4.9189e-03	1.1755e-36	1.1755e-36	1.1755e-36	3.6351e-20	0.00e+00	0.00e+00	1.7194e+00
1.48849e+17	5.3120e+03	2.177e-21	2.7826e+01	2.6601e+01	6.4919e-09	1.0473e-01	8.9527e-01	2.9804e-01	7.0179e-01	1.7030e-04	1.8521e-12	2.0463e-02	8.7001e-01	1.0953e-01	1.2979e-06	1.2782e-01	8.6831e-01	3.8692e-03	1.1755e-36	1.1755e-36	1.1755e-36	6.2292e-20	0.00e+00	0.00e+00	2.1634e+00
1.72086e+17	5.4280e+03	2.173e-21	2.7826e+01	2.6007e+01	8.3180e-09	1.2413e-01	8.7587e-01	3.2269e-01	6.7716e-01	1.5745e-04	2.8073e-12	2.2103e-02	8.7896e-01	9.8936e-02	9.5488e-07	1.5091e-01	8.4615e-01	2.9382e-03	1.1755e-36	1.1755e-36	1.1755e-36	1.1453e-19	0.00e+00	0.00e+00	2.6509e+00
1.92312e+17	5.5578e+03	2.162e-21	2.7826e+01	2.5316e+01	1.0516e-08	1.4683e-01	8.5317e-01	3.4713e-01	6.5272e-01	1.4730e-04	4.2413e-12	2.3517e-02	8.8678e-01	8.9697e-02	7.0627e-07	1.7760e-01	8.2018e-01	2.2258e-03	1.1755e-36	1.1755e-36	1.1755e-36	2.0997e-19	0.00e+00	0.00e+00	3.1179e+00
2.05692e+17	5.6650e+03	2.151e-21	2.7826e+01	2.4740e+01	1.2379e-08	1.6595e-01	8.3405e-01	3.6447e-01	6.3539e-01	1.4171e-04	5.7294e-12	2.4368e-02	8.9178e-01	8.3852e-02	5.6974e-07	1.9983e-01	7.9836e-01	1.8134e-03	1.1755e-36	1.1755e-36	1.1755e-36	3.2752e-19	0.00e+00	0.00e+00	3.3704e+00
2.12899e+17	5.7133e+03	2.141e-21	2.7826e+01	2.4403e+01	1.3837e-08	1.7810e-01	8.2190e-01	3.7474e-01	6.2512e-01	1.3852e-04	6.8539e-12	2.4811e-02	8.9474e-01	8.0446e-02	5.0163e-07	2.1384e-01	7.8455e-01	1.6084e-03	1.1755e-36	1.1755e-36	1.1755e-36	4.2873e-19	0.00e+00	0.00e+00	3.5505e+00
2.18508e+17	5.7513e+03	2.125e-21	2.7826e+01	2.4081e+01	1.5087e-08	1.8805e-01	8.1195e-01	3.8356e-01	6.1630e-01	1.3569e-04	7.8778e-12	2.5089e-02	8.9709e-01	7.7818e-02	4.5348e-07	2.2527e-01	7.7327e-01	1.4613e-03	1.1755e-36	1.1755e-36	1.1755e-36	5.2760e-19	0.00e+00	0.00e+00	3.7310e+00
2.24535e+17	5.7868e+03	2.104e-21	2.7826e+01	2.3726e+01	1.6756e-08	1.9979e-01	8.0021e-01	3.9378e-01	6.0608e-01	1.3238e-04	9.2373e-12	2.5374e-02	8.9978e-01	7.4849e-02	4.0422e-07	2.3868e-01	7.6001e-01	1.3111e-03	1.1755e-36	1.1755e-36	1.1755e-36	6.7015e-19	0.00e+00	0.00e+00	3.9624e+00
2.31140e+17	5.8224e+03	2.078e-21	2.7826e+01	2.3309e+01	1.8941e-08	2.1376e-01	7.8624e-01	4.0518e-01	5.9469e-01	1.2897e-04	1.1059e-11	2.5631e-02	9.0270e-01	7.1667e-02	3.5555e-07	2.5454e-01	7.4430e-01	1.1604e-03	1.1755e-36	1.1755e-36	1.1755e-36	8.8054e-19	0.00e+00	0.00e+00	4.2110e+00
2.37318e+17	5.8478e+03	2.051e-21	2.7826e+01	2.2887e+01	2.1546e-08	2.2813e-01	7.7187e-01	4.1624e-01	5.8364e-01	1.2588e-04	1.3204e-11	2.5821e-02	9.0548e-01	6.8702e-02	3.1417e-07	2.7075e-01	7.2822e-01	1.0307e-03	1.1755e-36	1.1755e-36	1.1755e-36	1.1570e-18	0.00e+00	0.00e+00	4.4409e+00
2.42559e+17	5.8703e+03	2.024e-21	2.7826e+01	2.2503e+01	2.4076e-08	2.4121e-01	7.5879e-01	4.2581e-01	5.7406e-01	1.2341e-04	1.5400e-11	2.5931e-02	9.0784e-01	6.6229e-02	2.8229e-07	2.8540e-01	7.1367e-01	9.2904e-04	1.1755e-36	1.1755e-36	1.1755e-36	1.4677e-18	0.00e+00	0.00e+00	4.6421e+00
2.47189e+17	5.8921e+03	1.994e-21	2.7826e+01	2.2135e+01	2.6545e-08	2.5340e-01	7.4660e-01	4.3459e-01	5.6528e-01	1.2124e-04	1.7671e-11	2.5978e-02	9.0996e-01	6.4061e-02	2.5635e-07	2.9898e-01	7.0018e-01	8.4519e-04	1.1755e-36	1.1755e-36	1.1755e-36	1.8152e-18	0.00e+00	0.00e+00	4.8431e+00
2.51875e+17	5.8976e+03	1.962e-21	2.7826e+01	2.1741e+01	2.9958e-08	2.6686e-01	7.3314e-01	4.4424e-01	5.5565e-01	1.1875e-04	2.0556e-11	2.5998e-02	9.1224e-01	6.1764e-02	2.3134e-07	3.1389e-01	6.8535e-01	7.6506e-04	1.1755e-36	1.1755e-36	1.1755e-36	2.3048e-18	0.00e+00	0.00e+00	5.0707e+00
2.56433e+17	5.9048e+03	1.928e-21	2.7826e+01	2.1349e+01	3.3667e-08	2.8061e-01	7.1939e-01	4.5348e-01	5.4640e-01	1.1658e-04	2.3848e-11	2.5978e-02	9.1442e-01	5.9603e-02	2.0933e-07	3.2901e-01	6.7029e-01	6.9333e-04	1.1755e-36	1.1755e-36	1.1755e-36	2.9180e-18	0.00e+00	0.00e+00	5.2808e+00
2.60497e+17	5.9093e+03	1.894e-21	2.7826e+01	2.0970e+01	3.7472e-08	2.9343e-01	7.0657e-01	4.6193e-01	5.3795e-01	1.1468e-04	2.7289e-11	2.5909e-02	9.1638e-01	5.7712e-02	1.9131e-07	3.4304e-01	6.5633e-01	6.3383e-04	1.1755e-36	1.1755e-36	1.1755e-36	3.6190e-18	0.00e+00	0.00e+00	5.4803e+00
2.64336e+17	5.9073e+03	1.860e-21	2.7826e+01	2.0612e+01	4.1864e-08	3.0641e-01	6.9359e-01	4.7040e-01	5.2948e-01	1.1273e-04	3.1250e-11	2.5831e-02	9.1830e-01	5.5865e-02	1.7508e-07	3.5715e-01	6.4227e-01	5.8043e-04	1.1755e-36	1.1755e-36	1.1755e-36	4.5037e-18	0.00e+00	0.00e+00	5.6853e+00
2.68056e+17	5.9048e+03	1.823e-21	2.7826e+01	2.0232e+01	4.6601e-08	3.1927e-01	6.8073e-01	4.7851e-01	5.2138e-01	1.1103e-04	3.5605e-11	2.5698e-02	9.2015e-01	5.4152e-02	1.6081e-07	3.7104e-01	6.2842e-01	5.3269e-04	1.1755e-36	1.1755e-36	1.1755e-36	5.5667e-18	0.00e+00	0.00e+00	5.8890e+00
2.71658e+17	5.9000e+03	1.785e-21	2.7826e+01	1.9853e+01	5.1883e-08	3.3225e-01	6.6775e-01	4.8658e-01	5.1331e-01	1.0937e-04	4.0547e-11	2.5541e-02	9.2196e-01	5.2500e-02	1.4792e-07	3.8499e-01	6.1452e-01	4.8928e-04	1.1755e-36	1.1755e-36	1.1755e-36	6.8842e-18	0.00e+00	0.00e+00	6.0976e+00
2.75198e+17	5.8888e+03	1.745e-21	2.7826e+01	1.9465e+01	5.8122e-08	3.4559e-01	6.5441e-01	4.9472e-01	5.0517e-01	1.0771e-04	4.6323e-11	2.5355e-02	9.2377e-01	5.0877e-02	1.3607e-07	3.9924e-01	6.0031e-01	4.4932e-04	1.1755e-36	1.1755e-36	1.1755e-36	8.5812e-18	0.00e+00	0.00e+00	6.3106e+00
2.78587e+17	5.8756e+03	1.705e-21	2.7826e+01	1.9078e+01	6.4973e-08	3.5873e-01	6.4127e-01	5.0253e-01	4.9737e-01	1.0620e-04	5.2738e-11	2.5140e-02	9.2550e-01	4.9362e-02	1.2562e-07	4.1319e-01	5.8640e-01	4.1375e-04	1.1755e-36	1.1755e-36	1.1755e-36	1.0654e-17	0.00e+00	0.00e+00	6.5167e+00
2.81771e+17	5.8610e+03	1.665e-21	2.7826e+01	1.8702e+01	7.2334e-08	3.7144e-01	6.2856e-01	5.0995e-01	4.8994e-01	1.0482e-04	5.9738e-11	2.4909e-02	9.2713e-01	4.7957e-02	1.1755e-36	4.2661e-01	5.7301e-01	3.8241e-04	1.1755e-36	1.1755e-36	1.1755e-36	1.3135e-17	0.00e+00	0.00e+00	6.7190e+00
2.84845e+17	5.8437e+03	1.625e-21	2.7826e+01	1.8331e+01	8.0568e-08	3.8411e-01	6.1589e-01	5.1726e-01	4.8264e-01	1.0348e-04	6.7649e-11	2.4663e-02	9.2873e-01	4.6605e-02	1.1755e-36	4.3990e-01	5.5974e-01	3.5391e-04	1.1755e-36	1.1755e-36	1.1755e-36	1.6210e-17	0.00e+00	0.00e+00	6.9246e+00
2.87858e+17	5.8233e+03	1.584e-21	2.7826e+01	1.7958e+01	8.9920e-08	3.9690e-01	6.0310e-01	5.2453e-01	4.7537e-01	1.0218e-04	7.6725e-11	2.4399e-02	9.3031e-01	4.5290e-02	1.1755e-36	4.5324e-01	5.4643e-01	3.2765e-04	1.1755e-36	1.1755e-36	1.1755e-36	2.0088e-17	0.00e+00	0.00e+00	7.1324e+00
2.90782e+17	5.8000e+03	1.544e-21	2.7826e+01	1.7587e+01	1.0043e-07	4.0961e-01	5.9039e-01	5.3164e-01	4.6826e-01	1.0093e-04	8.7013e-11	2.4119e-02	9.3185e-01	4.4033e-02	1.1755e-36	4.6643e-01	5.3327e-01	3.0376e-04	1.1755e-36	1.1755e-36	1.1755e-36	2.4936e-17	0.00e+00	0.00e+00	7.3387e+00
2.93584e+17	5.7750e+03	1.503e-21	2.7826e+01	1.7223e+01	1.1199e-07	4.2203e-01	5.7797e-01	5.3849e-01	4.6142e-01	9.9781e-05	9.8479e-11	2.3827e-02	9.3332e-01	4.2848e-02	1.1755e-36	4.7925e-01	5.2047e-01	2.8227e-04	1.1755e-36	1.1755e-36	1.1755e-36	3.0887e-17	0.00e+00	0.00e+00	7.5418e+00
2.96279e+17	5.7485e+03	1.464e-21	2.7826e+01	1.6865e+01	1.2473e-07	4.3422e-01	5.6578e-01	5.4513e-01	4.5478e-01	9.8690e-05	1.1132e-10	2.3527e-02	9.3475e-01	4.1722e-02	1.1755e-36	4.9176e-01	5.0798e-01	2.6280e-04	1.1755e-36	1.1755e-36	1.1755e-36	3.8219e-17	0.00e+00	0.00e+00	7.7441e+00
2.98904e+17	5.7200e+03	1.424e-21	2.7826e+01	1.6512e+01	1.3899e-07	4.4633e-01	5.5367e-01	5.5166e-01	4.4825e-01	9.7634e-05	1.2591e-10	2.3219e-02	9.3615e-01	4.0635e-02	1.1755e-36	5.0411e-01	4.9564e-01	2.4490e-04	1.1755e-36	1.1755e-36	1.1755e-36	4.7399e-17	0.00e+00	0.00e+00	7.9478e+00
3.01469e+17	5.6891e+03	1.385e-21	2.7826e+01	1.6161e+01	1.5502e-07	4.5837e-01	5.4163e-01	5.5808e-01	4.4182e-01	9.6615e-05	1.4259e-10	2.2902e-02	9.3751e-01	3.9586e-02	1.1755e-36	5.1633e-01	4.8344e-01	2.2842e-04	1.1755e-36	1.1755e-36	1.1755e-36	5.8975e-17	0.00e+00	0.00e+00	8.1518e+00
3.03959e+17	5.6563e+03	1.346e-21	2.7826e+01	1.5815e+01	1.7295e-07	4.7023e-01	5.2977e-01	5.6434e-01	4.3556e-01	9.5645e-05	1.6153e-10	2.2578e-02	9.3884e-01	3.8582e-02	1.1755e-36	5.2831e-01	4.7148e-01	2.1335e-04	1.1755e-36	1.1755e-36	1.1755e-36	7.3503e-17	0.00e+00	0.00e+00	8.3540e+00
3.06364e+17	5.6221e+03	1.309e-21	2.7826e+01	1.5476e+01	1.9277e-07	4.8182e-01	5.1818e-01	5.7040e-01	4.2950e-01	9.4733e-05	1.8287e-10	2.2251e-02	9.4012e-01	3.7629e-02	1.1755e-36	5.3994e-01	4.5986e-01	1.9963e-04	1.1755e-36	1.1755e-36	1.1755e-36	9.1587e-17	0.00e+00	0.00e+00	8.5539e+00
3.08694e+17	5.5869e+03	1.272e-21	2.7826e+01	1.5145e+01	2.1468e-07	4.9316e-01	5.0684e-01	5.7629e-01	4.2362e-01	9.3866e-05	2.0698e-10	2.1922e-02	9.4136e-01	3.6718e-02	1.1755e-36	5.5128e-01	4.4853e-01	1.8706e-04	1.1755e-36	1.1755e-36	1.1755e-36	1.1415e-16	0.00e+00	0.00e+00	8.7530e+00
3.10968e+17	5.5504e+03	1.235e-21	2.7826e+01	1.4819e+01	2.3910e-07	5.0436e-01	4.9564e-01	5.8206e-01	4.1785e-01	9.3028e-05	2.3449e-10	2.1590e-02	9.4257e-01	3.5839e-02	1.1755e-36	5.6242e-01	4.3741e-01	1.7544e-04	1.1755e-36	1.1755e-36	1.1755e-36	1.4258e-16	0.00e+00	0.00e+00	8.9524e+00
3.13195e+17	5.5123e+03	1.200e-21	2.7826e+01	1.4497e+01	2.6649e-07	5.1542e-01	4.8458e-01	5.8773e-01	4.1218e-01	9.2217e-05	2.6606e-10	2.1256e-02	9.4375e-01	3.4990e-02	1.1755e-36	5.7337e-01	4.2647e-01	1.6468e-04	1.1755e-36	1.1755e-36	1.1755e-36	1.7867e-16	0.00e+00	0.00e+00	9.1520e+00
3.15369e+17	5.4724e+03	1.165e-21	2.7826e+01	1.4180e+01	2.9720e-07	5.2631e-01	4.7369e-01	5.9328e-01	4.0663e-01	9.1435e-05	3.0227e-10	2.0921e-02	9.4491e-01	3.4172e-02	1.1755e-36	5.8409e-01	4.1576e-01	1.5474e-04	1.1755e-36	1.1755e-36	1.1755e-36	2.2457e-16	0.00e+00	0.00e+00	9.3502e+00
3.17478e+17	5.4314e+03	1.131e-21	2.7826e+01	1.3871e+01	3.3138e-07	5.3693e-01	4.6307e-01	5.9865e-01	4.0125e-01	9.0693e-05	3.4354e-10	2.0587e-02	9.4602e-01	3.3393e-02	1.1755e-36	5.9450e-01	4.0536e-01	1.4561e-04	1.1755e-36	1.1755e-36	1.1755e-36	2.8257e-16	0.00e+00	0.00e+00	9.5459e+00
3.19521e+17	5.3898e+03	1.098e-21	2.7826e+01	1.3569e+01	3.6907e-07	5.4725e-01	4.5275e-01	6.0386e-01	3.9605e-01	8.9990e-05	3.9031e-10	2.0256e-02	9.4710e-01	3.2649e-02	1.1755e-36	6.0457e-01	3.9529e-01	1.3723e-04	1.1755e-36	1.1755e-36	1.1755e-36	3.5543e-16	0.00e+00	0.00e+00	9.7394e+00
3.21512e+17	5.3477e+03	1.066e-21	2.7826e+01	1.3275e+01	4.1080e-07	5.5734e-01	4.4265e-01	6.0893e-01	3.9098e-01	8.9314e-05	4.4361e-10	1.9927e-02	9.4814e-01	3.1935e-02	1.1755e-36	6.1438e-01	3.8549e-01	1.2948e-04	1.1755e-36	1.1755e-36	1.1755e-36	4.4742e-16	0.00e+00	0.00e+00	9.9323e+00
3.23466e+17	5.3049e+03	1.035e-21	2.7826e+01	1.2986e+01	4.5728e-07	5.6728e-01	4.3272e-01	6.1391e-01	3.8600e-01	8.8658e-05	5.0482e-10	1.9599e-02	9.4916e-01	3.1243e-02	1.1755e-36	6.2398e-01	3.7589e-01	1.2224e-04	1.1755e-36	1.1755e-36	1.1755e-36	5.6450e-16	0.00e+00	0.00e+00	1.0126e+01
3.25390e+17	5.2610e+03	1.005e-21	2.7826e+01	1.2701e+01	5.0935e-07	5.7707e-01	4.2292e-01	6.1882e-01	3.8110e-01	8.8018e-05	5.7549e-10	1.9273e-02	9.5016e-01	3.0572e-02	1.1755e-36	6.3342e-01	3.6647e-01	1.1548e-04	1.1755e-36	1.1755e-36	1.1755e-36	7.1454e-16	0.00e+00	0.00e+00	1.0319e+01
3.27277e+17	5.2155e+03	9.749e-22	2.7826e+01	1.2422e+01	5.6807e-07	5.8671e-01	4.1329e-01	6.2366e-01	3.7626e-01	8.7373e-05	6.5752e-10	1.8949e-02	9.5113e-01	2.9923e-02	1.1755e-36	6.4266e-01	3.5724e-01	1.0917e-04	1.1755e-36	1.1755e-36	1.1755e-36	9.0820e-16	0.00e+00	0.00e+00	1.0511e+01
3.29112e+17	5.1686e+03	9.463e-22	2.7826e+01	1.2149e+01	6.3395e-07	5.9609e-01	4.0391e-01	6.2834e-01	3.7157e-01	8.6762e-05	7.5211e-10	1.8629e-02	9.5207e-01	2.9301e-02	1.1755e-36	6.5162e-01	3.4828e-01	1.0334e-04	1.1755e-36	1.1755e-36	1.1755e-36	1.1572e-15	0.00e+00	0.00e+00	1.0700e+01
3.30884e+17	5.1217e+03	9.190e-22	2.7826e+01	1.1886e+01	7.0630e-07	6.0510e-01	3.9490e-01	6.3283e-01	3.6709e-01	8.6196e-05	8.5923e-10	1.8316e-02	9.5297e-01	2.8713e-02	1.1755e-36	6.6019e-01	3.3971e-01	9.7997e-05	1.1755e-36	1.1755e-36	1.1755e-36	1.4712e-15	0.00e+00	0.00e+00	1.0885e+01
3.32600e+17	5.0751e+03	8.927e-22	2.7826e+01	1.1631e+01	7.8564e-07	6.1382e-01	3.8618e-01	6.3717e-01	3.6275e-01	8.5652e-05	9.8070e-10	1.8011e-02	9.5384e-01	2.8151e-02	1.1755e-36	6.6846e-01	3.3145e-01	9.3056e-05	1.1755e-36	1.1755e-36	1.1755e-36	1.8670e-15	0.00e+00	0.00e+00	1.1068e+01
3.34288e+17	5.0282e+03	8.672e-22	2.7826e+01	1.1382e+01	8.7370e-07	6.2238e-01	3.7762e-01	6.4145e-01	3.5847e-01	8.5113e-05	1.1203e-09	1.7710e-02	9.5468e-01	2.7605e-02	1.1755e-36	6.7653e-01	3.2338e-01	8.8412e-05	1.1755e-36	1.1755e-36	1.1755e-36	2.3723e-15	0.00e+00	0.00e+00	1.1252e+01
3.35961e+17	4.9814e+03	8.421e-22	2.7826e+01	1.1137e+01	9.7113e-07	6.3081e-01	3.6919e-01	6.4567e-01	3.5425e-01	8.4591e-05	1.2689e-09	1.7411e-02	9.5553e-01	2.7063e-02	1.1755e-36	6.8446e-01	3.1545e-01	8.4018e-05	1.1755e-36	1.1755e-36	1.1755e-36	2.9701e-15	0.00e+00	0.00e+00	1.1436e+01
3.37624e+17	4.9318e+03	8.175e-22	2.7826e+01	1.0890e+01	1.0826e-06	6.3913e-01	3.6087e-01	6.4986e-01	3.5006e-01	8.4075e-05	1.4195e-09	1.7108e-02	9.5637e-01	2.6518e-02	1.1755e-36	6.9226e-01	3.0766e-01	7.9874e-05	1.1755e-36	1.1755e-36	1.1755e-36	3.6445e-15	0.00e+00	0.00e+00	1.1623e+01
3.39261e+17	4.8785e+03	7.937e-22	2.7826e+01	1.0648e+01	1.2125e-06	6.4737e-01	3.5263e-01	6.5398e-01	3.4593e-01	8.3557e-05	1.5921e-09	1.6811e-02	9.5721e-01	2.5980e-02	1.1755e-36	6.9997e-01	2.9995e-01	7.5970e-05	1.1755e-36	1.1755e-36	1.1755e-36	4.4981e-15	0.00e+00	0.00e+00	1.1806e+01
3.40821e+17	4.8277e+03	7.717e-22	2.7826e+01	1.0426e+01	1.3521e-06	6.5530e-01	3.4470e-01	6.5801e-01	3.4191e-01	8.2992e-05	1.7798e-09	1.6539e-02	9.5800e-01	2.5466e-02	1.1755e-36	7.0735e-01	2.9257e-01	7.2378e-05	1.1755e-36	1.1755e-36	1.1755e-36	5.5163e-15	0.00e+00	0.00e+00	1.1980e+01
3.42303e+17	4.7793e+03	7.507e-22	2.7826e+01	1.0211e+01	1.4985e-06	6.6263e-01	3.3737e-01	6.6170e-01	3.3822e-01	8.2541e-05	1.9761e-09	1.6270e-02	9.5873e-01	2.4995e-02	1.1755e-36	7.1416e-01	2.8577e-01	6.9151e-05	1.1755e-36	1.1755e-36	1.1755e-36	6.6832e-15	0.00e+00	0.00e+00	1.2149e+01
3.43778e+17	4.7315e+03	7.301e-22	2.7826e+01	9.9998e+00	1.6596e-06	6.6989e-01	3.3011e-01	6.6541e-01	3.3451e-01	8.2073e-05	2.1940e-09	1.6005e-02	9.5947e-01	2.4527e-02	1.1755e-36	7.2087e-01	2.7906e-01	6.6052e-05	1.1755e-36	1.1755e-36	1.1755e-36	8.0939e-15	0.00e+00	0.00e+00	1.2325e+01
3.45293e+17	4.6789e+03	7.093e-22	2.7826e+01	9.7815e+00	1.8514e-06	6.7733e-01	3.2267e-01	6.6925e-01	3.3067e-01	8.1570e-05	2.4496e-09	1.5731e-02	9.6022e-01	2.4051e-02	1.1755e-36	7.2772e-01	2.7222e-01	6.3014e-05	1.1755e-36	1.1755e-36	1.1755e-36	9.9101e-15	0.00e+00	0.00e+00	1.2508e+01
3.46804e+17	4.6311e+03	6.888e-22	2.7826e+01	9.5647e+00	2.0489e-06	6.8442e-01	3.1557e-01	6.7278e-01	3.2714e-01	8.1232e-05	2.7178e-09	1.5452e-02	9.6094e-01	2.3607e-02	1.1755e-36	7.3425e-01	2.6569e-01	6.0158e-05	1.1755e-36	1.1755e-36	1.1755e-36	1.1992e-14	0.00e+00	0.00e+00	1.2687e+01
3.48316e+17	4.5734e+03	6.690e-22	2.7826e+01	9.3557e+00	2.3030e-06	6.9195e-01	3.0805e-01	6.7679e-01	3.2313e-01	8.0607e-05	3.0526e-09	1.5192e-02	9.6169e-01	2.3121e-02	1.1755e-36	7.4115e-01	2.5879e-01	5.7329e-05	1.1755e-36	1.1755e-36	1.1755e-36	1.4851e-14	0.00e+00	0.00e+00	1.2874e+01
3.49784e+17	4.5209e+03	6.499e-22	2.7826e+01	9.1471e+00	2.5607e-06	6.9883e-01	3.0117e-01	6.8024e-01	3.1968e-01	8.0239e-05	3.3919e-09	1.4925e-02	9.6238e-01	2.2696e-02	1.1755e-36	7.4744e-01	2.5251e-01	5.4796e-05	1.1755e-36	1.1755e-36	1.1755e-36	1.8043e-14	0.00e+00	0.00e+00	1.3045e+01
3.51175e+17	4.4688e+03	6.322e-22	2.7826e+01	8.9546e+00	2.8416e-06	7.0544e-01	2.9456e-01	6.8370e-01	3.1622e-01	7.9780e-05	3.7604e-09	1.4680e-02	9.6304e-01	2.2279e-02	1.1755e-36	7.5346e-01	2.4648e-01	5.2450e-05	1.1755e-36	1.1755e-36	1.1755e-36	2.1819e-14	0.00e+00	0.00e+00	1.3217e+01
3.52570e+17	4.4133e+03	6.149e-22	2.7826e+01	8.7671e+00	3.1681e-06	7.1219e-01	2.8781e-01	6.8735e-01	3.1257e-01	7.9205e-05	4.1849e-09	1.4445e-02	9.6371e-01	2.1850e-02	1.1755e-36	7.5959e-01	2.4036e-01	5.0156e-05	1.1755e-36	1.1755e-36	1.1755e-36	2.6570e-14	0.00e+00	0.00e+00	1.3392e+01
3.53952e+17	4.3592e+03	5.980e-22	2.7826e+01	8.5790e+00	3.5168e-06	7.1864e-01	2.8136e-01	6.9076e-01	3.0916e-01	7.8745e-05	4.6350e-09	1.4205e-02	9.6435e-01	2.1447e-02	1.1755e-36	7.6544e-01	2.3451e-01	4.8014e-05	1.1755e-36	1.1755e-36	1.1755e-36	3.2078e-14	0.00e+00	0.00e+00	1.3564e+01
3.55319e+17	4.3046e+03	5.815e-22	2.7826e+01	8.3946e+00	3.8999e-06	7.2498e-01	2.7502e-01	6.9416e-01	3.0576e-01	7.8271e-05	5.1258e-09	1.3971e-02	9.6498e-01	2.1049e-02	1.1755e-36	7.7117e-01	2.2878e-01	4.5973e-05	1.1755e-36	1.1755e-36	1.1755e-36	3.8615e-14	0.00e+00	0.00e+00	1.3739e+01
3.56704e+17	4.2446e+03	5.652e-22	2.7826e+01	8.2091e+00	4.3523e-06	7.3145e-01	2.6854e-01	6.9772e-01	3.0220e-01	7.7714e-05	5.6901e-09	1.3738e-02	9.6562e-01	2.0640e-02	1.1755e-36	7.7702e-01	2.2294e-01	4.3974e-05	1.1755e-36	1.1755e-36	1.1755e-36	4.6826e-14	0.00e+00	0.00e+00	1.3919e+01
3.58075e+17	4.1917e+03	5.493e-22	2.7826e+01	8.0280e+00	4.7946e-06	7.3755e-01	2.6244e-01	7.0096e-01	2.9896e-01	7.7317e-05	6.2532e-09	1.3504e-02	9.6623e-01	2.0265e-02	1.1755e-36	7.8249e-01	2.1746e-01	4.2109e-05	1.1755e-36	1.1755e-36	1.1755e-36	5.5687e-14	0.00e+00	0.00e+00	1.4093e+01
3.59476e+17	4.1281e+03	5.335e-22	2.7826e+01	7.8441e+00	5.3513e-06	7.4401e-01	2.5598e-01	7.0463e-01	2.9530e-01	7.6703e-05	6.9298e-09	1.3275e-02	9.6687e-01	1.9855e-02	1.1755e-36	7.8830e-01	2.1166e-01	4.0233e-05	1.1755e-36	1.1755e-36	1.1755e-36	6.7275e-14	0.00e+00	0.00e+00	1.4283e+01
3.60905e+17	4.0674e+03	5.177e-22	2.7826e+01	7.6587e+00	5.9293e-06	7.5037e-01	2.4962e-01	7.0809e-01	2.9183e-01	7.6212e-05	7.6334e-09	1.3040e-02	9.6749e-01	1.9465e-02	1.1755e-36	7.9398e-01	2.0598e-01	3.8428e-05	1.1755e-36	1.1755e-36	1.1755e-36	8.0338e-14	0.00e+00	0.00e+00	1.4468e+01
3.62324e+17	4.0054e+03	5.022e-22	2.7826e+01	7.4754e+00	6.5542e-06	7.5667e-01	2.4332e-01	7.1156e-01	2.8836e-01	7.5706e-05	8.3809e-09	1.2809e-02	9.6811e-01	1.9079e-02	1.1755e-36	7.9961e-01	2.0035e-01	3.6692e-05	1.1755e-36	1.1755e-36	1.1755e-36	9.5312e-14	0.00e+00	0.00e+00	1.4659e+01
3.63796e+17	3.9398e+03	4.863e-22	2.7826e+01	7.2845e+00	7.2519e-06	7.6328e-01	2.3672e-01	7.1511e-01	2.8482e-01	7.5210e-05	9.2014e-09	1.2570e-02	9.6874e-01	1.8688e-02	1.1755e-36	8.0548e-01	1.9449e-01	3.4939e-05	1.1755e-36	1.1755e-36	1.1755e-36	1.1304e-13	0.00e+00	0.00e+00	1.4861e+01
