#depth	Te	Htot	hden	eden	2H_2/H	HI	HII	HeI	HeII	HeIII	CO/C	C1	C2	C3	C4	O1	O2	O3	O4	O5	O6	H2O/O	AV(point)	AV(extend)	Tau912
1.88060e+14	6.1958e+03	3.592e-22	1.0000e+01	1.0141e+01	2.2477e-09	6.3113e-02	9.3689e-01	1.5970e-01	8.3948e-01	8.2225e-04	4.6667e-13	1.5046e-02	7.6756e-01	2.1738e-01	1.1728e-05	7.6021e-02	9.0877e-01	1.5214e-02	5.0810e-07	1.1755e-36	1.1755e-36	1.1250e-20	0.00e+00	0.00e+00	1.4991e-03
1.12836e+15	6.1865e+03	3.574e-22	1.0000e+01	1.0103e+01	2.2495e-09	6.2865e-02	9.3714e-01	1.5938e-01	8.3979e-01	8.2452e-04	4.6095e-13	1.4939e-02	7.6726e-01	2.1779e-01	1.1808e-05	7.5726e-02	9.0899e-01	1.5280e-02	5.1167e-07	1.1755e-36	1.1755e-36	1.1046e-20	0.00e+00	0.00e+00	7.4720e-03
4.88955e+15	6.1643e+03	3.555e-22	1.0000e+01	1.0098e+01	2.3003e-09	6.2897e-02	9.3710e-01	1.6000e-01	8.3918e-01	8.2030e-04	4.6279e-13	1.4917e-02	7.6809e-01	2.1699e-01	1.1740e-05	7.5782e-02	9.0897e-01	1.5250e-02	5.0778e-07	1.1755e-36	1.1755e-36	1.1107e-20	0.00e+00	0.00e+00	3.1376e-02
1.99343e+16	6.0999e+03	3.509e-22	1.0000e+01	1.0088e+01	2.5116e-09	6.3626e-02	9.3637e-01	1.6272e-01	8.3648e-01	8.0240e-04	4.8049e-13	1.5047e-02	7.7142e-01	2.1353e-01	1.1345e-05	7.6720e-02	9.0831e-01	1.4967e-02	4.8285e-07	1.1755e-36	1.1755e-36	1.1731e-20	0.00e+00	0.00e+00	1.2810e-01
4.76167e+16	5.8826e+03	3.371e-22	1.0000e+01	1.0090e+01	3.0297e-09	6.2978e-02	9.3702e-01	1.6724e-01	8.3199e-01	7.7368e-04	4.8423e-13	1.5012e-02	7.7718e-01	2.0780e-01	1.1010e-05	7.6074e-02	9.0889e-01	1.5038e-02	4.7493e-07	1.1755e-36	1.1755e-36	1.1928e-20	0.00e+00	0.00e+00	2.5256e-01
7.37810e+16	5.6888e+03	3.259e-22	1.0000e+01	1.0094e+01	3.5819e-09	6.2272e-02	9.3773e-01	1.7083e-01	8.2842e-01	7.5177e-04	4.8637e-13	1.4965e-02	7.8177e-01	2.0326e-01	1.0770e-05	7.5341e-02	9.0952e-01	1.5138e-02	4.7119e-07	1.1755e-36	1.1755e-36	1.2163e-20	0.00e+00	0.00e+00	3.3528e-01
9.25607e+16	5.5994e+03	3.209e-22	1.0000e+01	1.0090e+01	3.9632e-09	6.2551e-02	9.3745e-01	1.7337e-01	8.2589e-01	7.3712e-04	5.0005e-13	1.5055e-02	7.8479e-01	2.0015e-01	1.0484e-05	7.5749e-02	9.0928e-01	1.4971e-02	4.5525e-07	1.1755e-36	1.1755e-36	1.2797e-20	0.00e+00	0.00e+00	4.0056e-01
1.11563e+17	5.5518e+03	3.180e-22	1.0000e+01	1.0082e+01	4.3362e-09	6.3663e-02	9.3634e-01	1.7633e-01	8.2295e-01	7.2111e-04	5.2822e-13	1.5284e-02	7.8799e-01	1.9672e-01	1.0055e-05	7.7151e-02	9.0829e-01	1.4558e-02	4.2595e-07	1.1755e-36	1.1755e-36	1.3985e-20	0.00e+00	0.00e+00	4.8692e-01
1.36266e+17	5.4998e+03	3.151e-22	1.0000e+01	1.0066e+01	4.8718e-09	6.5393e-02	9.3461e-01	1.8031e-01	8.1899e-01	7.0085e-04	5.7213e-13	1.5622e-02	7.9209e-01	1.9228e-01	9.4867e-06	7.9318e-02	9.0671e-01	1.3970e-02	3.8730e-07	1.1755e-36	1.1755e-36	1.5917e-20	0.00e+00	0.00e+00	6.0224e-01
1.68380e+17	5.4528e+03	3.119e-22	1.0000e+01	1.0032e+01	5.6029e-09	6.7988e-02	9.3201e-01	1.8548e-01	8.1384e-01	6.7648e-04	6.3890e-13	1.6101e-02	7.9713e-01	1.8676e-01	8.7661e-06	8.2545e-02	9.0429e-01	1.3161e-02	3.3879e-07	1.1755e-36	1.1755e-36	1.9010e-20	0.00e+00	0.00e+00	7.5812e-01
2.10129e+17	5.4196e+03	3.092e-22	1.0000e+01	9.9866e+00	6.6466e-09	7.2086e-02	9.2791e-01	1.9262e-01	8.0674e-01	6.4616e-04	7.4988e-13	1.6821e-02	8.0361e-01	1.7956e-01	7.8368e-06	8.7602e-02	9.0036e-01	1.2042e-02	2.7924e-07	1.1755e-36	1.1755e-36	2.4518e-20	0.00e+00	0.00e+00	9.7296e-01
2.64401e+17	5.4144e+03	3.066e-22	1.0000e+01	9.9043e+00	8.1605e-09	7.8575e-02	9.2143e-01	2.0249e-01	7.9690e-01	6.0965e-04	9.4057e-13	1.7877e-02	8.1170e-01	1.7042e-01	6.6943e-06	9.5552e-02	8.9389e-01	1.0560e-02	2.1156e-07	1.1755e-36	1.1755e-36	3.4971e-20	0.00e+00	0.00e+00	1.2774e+00
3.28432e+17	5.4550e+03	3.050e-22	1.0000e+01	9.7976e+00	1.0182e-08	8.8115e-02	9.1189e-01	2.1487e-01	7.8456e-01	5.7200e-04	1.2582e-12	1.9283e-02	8.2079e-01	1.5992e-01	5.4723e-06	1.0715e-01	8.8399e-01	8.8580e-03	1.4760e-07	1.1755e-36	1.1755e-36	5.4815e-20	0.00e+00	0.00e+00	1.6486e+00
3.78583e+17	5.5209e+03	3.056e-22	1.0000e+01	9.6996e+00	1.1907e-08	9.7258e-02	9.0274e-01	2.2402e-01	7.7543e-01	5.5159e-04	1.5981e-12	2.0442e-02	8.2687e-01	1.5269e-01	4.6565e-06	1.1816e-01	8.7421e-01	7.6235e-03	1.1755e-36	1.1755e-36	1.1755e-36	7.9169e-20	0.00e+00	0.00e+00	1.8549e+00
4.06975e+17	5.5820e+03	3.059e-22	1.0000e+01	9.6298e+00	1.2910e-08	1.0358e-01	8.9642e-01	2.2999e-01	7.6948e-01	5.3950e-04	1.8541e-12	2.1179e-02	8.3051e-01	1.4831e-01	4.1999e-06	1.2573e-01	8.6735e-01	6.9138e-03	1.1755e-36	1.1755e-36	1.1755e-36	9.8905e-20	0.00e+00	0.00e+00	2.0066e+00
4.33504e+17	5.6309e+03	3.061e-22	1.0000e+01	9.5533e+00	1.4267e-08	1.1059e-01	8.8941e-01	2.3694e-01	7.6254e-01	5.2467e-04	2.1782e-12	2.1945e-02	8.3461e-01	1.4345e-01	3.7565e-06	1.3411e-01	8.5965e-01	6.2430e-03	1.1755e-36	1.1755e-36	1.1755e-36	1.2629e-19	0.00e+00	0.00e+00	2.2152e+00
4.64132e+17	5.6836e+03	3.074e-22	1.0000e+01	9.4811e+00	1.6293e-08	1.1999e-01	8.8001e-01	2.4557e-01	7.5393e-01	5.0752e-04	2.6752e-12	2.2913e-02	8.3955e-01	1.3754e-01	3.2704e-06	1.4529e-01	8.4920e-01	5.5057e-03	1.1755e-36	1.1755e-36	1.1755e-36	1.7318e-19	0.00e+00	0.00e+00	2.4531e+00
4.92451e+17	5.7575e+03	3.068e-22	1.0000e+01	9.3583e+00	1.7892e-08	1.2907e-01	8.7093e-01	2.5297e-01	7.4653e-01	4.9631e-04	3.1788e-12	2.3664e-02	8.4336e-01	1.3298e-01	2.8973e-06	1.5603e-01	8.3908e-01	4.8950e-03	1.1755e-36	1.1755e-36	1.1755e-36	2.2444e-19	0.00e+00	0.00e+00	2.6589e+00
5.19200e+17	5.8097e+03	3.074e-22	1.0000e+01	9.2741e+00	2.0383e-08	1.3974e-01	8.6026e-01	2.6188e-01	7.3764e-01	4.8134e-04	3.8931e-12	2.4549e-02	8.4792e-01	1.2753e-01	2.5273e-06	1.6858e-01	8.2710e-01	4.3180e-03	1.1755e-36	1.1755e-36	1.1755e-36	3.0682e-19	0.00e+00	0.00e+00	2.9081e+00
5.44883e+17	5.8848e+03	3.059e-22	1.0000e+01	9.1311e+00	2.2364e-08	1.5013e-01	8.4987e-01	2.6961e-01	7.2992e-01	4.7181e-04	4.6201e-12	2.5195e-02	8.5150e-01	1.2330e-01	2.2395e-06	1.8073e-01	8.1544e-01	3.8324e-03	1.1755e-36	1.1755e-36	1.1755e-36	3.9727e-19	0.00e+00	0.00e+00	3.1273e+00
5.69488e+17	5.9339e+03	3.049e-22	1.0000e+01	9.0080e+00	2.5487e-08	1.6213e-01	8.3787e-01	2.7870e-01	7.2084e-01	4.5931e-04	5.6337e-12	2.5915e-02	8.5571e-01	1.1837e-01	1.9586e-06	1.9470e-01	8.0192e-01	3.3777e-03	1.1755e-36	1.1755e-36	1.1755e-36	5.4096e-19	0.00e+00	0.00e+00	3.3944e+00
5.93181e+17	5.9895e+03	3.038e-22	1.0000e+01	8.8833e+00	2.8830e-08	1.7489e-01	8.2511e-01	2.8754e-01	7.1201e-01	4.4875e-04	6.8463e-12	2.6572e-02	8.5963e-01	1.1380e-01	1.7177e-06	2.0945e-01	7.8757e-01	2.9773e-03	1.1755e-36	1.1755e-36	1.1755e-36	7.3270e-19	0.00e+00	0.00e+00	3.6296e+00
6.13010e+17	6.0383e+03	3.016e-22	1.0000e+01	8.7505e+00	3.1974e-08	1.8639e-01	8.1361e-01	2.9525e-01	7.0431e-01	4.4066e-04	8.0644e-12	2.7034e-02	8.6288e-01	1.1009e-01	1.5367e-06	2.2266e-01	7.7467e-01	2.6696e-03	1.1755e-36	1.1755e-36	1.1755e-36	9.4579e-19	0.00e+00	0.00e+00	3.8458e+00
6.31531e+17	6.0826e+03	2.990e-22	1.0000e+01	8.6208e+00	3.5443e-08	1.9813e-01	8.0187e-01	3.0313e-01	6.9644e-01	4.3241e-04	9.4698e-12	2.7444e-02	8.6608e-01	1.0647e-01	1.3777e-06	2.3608e-01	7.6152e-01	2.3990e-03	1.1755e-36	1.1755e-36	1.1755e-36	1.2160e-18	0.00e+00	0.00e+00	4.0794e+00
6.50410e+17	6.1120e+03	2.961e-22	1.0000e+01	8.4810e+00	4.0253e-08	2.1144e-01	7.8856e-01	3.1189e-01	6.8769e-01	4.2324e-04	1.1330e-11	2.7840e-02	8.6956e-01	1.0260e-01	1.2249e-06	2.5121e-01	7.4665e-01	2.1408e-03	1.1755e-36	1.1755e-36	1.1755e-36	1.6200e-18	0.00e+00	0.00e+00	4.3342e+00
6.67937e+17	6.1433e+03	2.929e-22	1.0000e+01	8.3435e+00	4.5225e-08	2.2466e-01	7.7534e-01	3.1999e-01	6.7960e-01	4.1592e-04	1.3403e-11	2.8151e-02	8.7274e-01	9.9106e-02	1.0973e-06	2.6614e-01	7.3194e-01	1.9209e-03	1.1755e-36	1.1755e-36	1.1755e-36	2.1209e-18	0.00e+00	0.00e+00	4.5608e+00
6.83184e+17	6.1678e+03	2.894e-22	1.0000e+01	8.2123e+00	5.0321e-08	2.3699e-01	7.6301e-01	3.2750e-01	6.7209e-01	4.0935e-04	1.5593e-11	2.8371e-02	8.7558e-01	9.6043e-02	9.9444e-07	2.7997e-01	7.1828e-01	1.7423e-03	1.1755e-36	1.1755e-36	1.1755e-36	2.7073e-18	0.00e+00	0.00e+00	4.7782e+00
6.97619e+17	6.1908e+03	2.854e-22	1.0000e+01	8.0811e+00	5.5780e-08	2.4935e-01	7.5065e-01	3.3489e-01	6.6471e-01	4.0325e-04	1.8052e-11	2.8537e-02	8.7834e-01	9.3125e-02	9.0404e-07	2.9377e-01	7.0465e-01	1.5842e-03	1.1755e-36	1.1755e-36	1.1755e-36	3.4306e-18	0.00e+00	0.00e+00	5.0040e+00
7.12118e+17	6.2005e+03	2.812e-22	1.0000e+01	7.9411e+00	6.2885e-08	2.6276e-01	7.3724e-01	3.4290e-01	6.5670e-01	3.9650e-04	2.1158e-11	2.8668e-02	8.8123e-01	9.0096e-02	8.1846e-07	3.0865e-01	6.8992e-01	1.4353e-03	1.1755e-36	1.1755e-36	1.1755e-36	4.4557e-18	0.00e+00	0.00e+00	5.2471e+00
7.25931e+17	6.2101e+03	2.767e-22	1.0000e+01	7.8042e+00	7.0566e-08	2.7623e-01	7.2377e-01	3.5058e-01	6.4903e-01	3.9067e-04	2.4681e-11	2.8752e-02	8.8399e-01	8.7254e-02	7.4380e-07	3.2350e-01	6.7520e-01	1.3039e-03	1.1755e-36	1.1755e-36	1.1755e-36	5.7485e-18	0.00e+00	0.00e+00	5.4734e+00
7.38376e+17	6.2139e+03	2.724e-22	1.0000e+01	7.6774e+00	7.8834e-08	2.8915e-01	7.1085e-01	3.5793e-01	6.4168e-01	3.8507e-04	2.8559e-11	2.8801e-02	8.8656e-01	8.4642e-02	6.8058e-07	3.3766e-01	6.6115e-01	1.1925e-03	1.1755e-36	1.1755e-36	1.1755e-36	7.3299e-18	0.00e+00	0.00e+00	5.6910e+00
7.50017e+17	6.2177e+03	2.676e-22	1.0000e+01	7.5457e+00	8.7348e-08	3.0153e-01	6.9847e-01	3.6483e-01	6.3479e-01	3.8036e-04	3.2704e-11	2.8777e-02	8.8894e-01	8.2284e-02	6.2664e-07	3.5115e-01	6.4775e-01	1.0960e-03	1.1755e-36	1.1755e-36	1.1755e-36	9.1926e-18	0.00e+00	0.00e+00	5.9074e+00
7.61527e+17	6.2174e+03	2.625e-22	1.0000e+01	7.4120e+00	9.7192e-08	3.1440e-01	6.8560e-01	3.7200e-01	6.2763e-01	3.7546e-04	3.7608e-11	2.8725e-02	8.9136e-01	7.9915e-02	5.7632e-07	3.6509e-01	6.3391e-01	1.0060e-03	1.1755e-36	1.1755e-36	1.1755e-36	1.1624e-17	0.00e+00	0.00e+00	6.1388e+00
7.73110e+17	6.2123e+03	2.571e-22	1.0000e+01	7.2713e+00	1.0878e-07	3.2788e-01	6.7212e-01	3.7940e-01	6.2023e-01	3.7061e-04	4.3490e-11	2.8630e-02	8.9382e-01	7.7548e-02	5.2932e-07	3.7960e-01	6.1948e-01	9.2157e-04	1.1755e-36	1.1755e-36	1.1755e-36	1.4867e-17	0.00e+00	0.00e+00	6.3771e+00
7.84266e+17	6.2057e+03	2.515e-22	1.0000e+01	7.1306e+00	1.2147e-07	3.4130e-01	6.5870e-01	3.8663e-01	6.1300e-01	3.6616e-04	5.0153e-11	2.8495e-02	8.9620e-01	7.5308e-02	4.8754e-07	3.9396e-01	6.0519e-01	8.4592e-04	1.1755e-36	1.1755e-36	1.1755e-36	1.8944e-17	0.00e+00	0.00e+00	6.6099e+00
7.94838e+17	6.1951e+03	2.459e-22	1.0000e+01	6.9918e+00	1.3550e-07	3.5448e-01	6.4552e-01	3.9369e-01	6.0595e-01	3.6197e-04	5.7682e-11	2.8330e-02	8.9848e-01	7.3191e-02	4.5056e-07	4.0799e-01	5.9124e-01	7.7881e-04	1.1755e-36	1.1755e-36	1.1755e-36	2.4064e-17	0.00e+00	0.00e+00	6.8414e+00
8.05004e+17	6.1821e+03	2.402e-22	1.0000e+01	6.8541e+00	1.5095e-07	3.6756e-01	6.3244e-01	4.0063e-01	5.9901e-01	3.5800e-04	6.6227e-11	2.8136e-02	9.0070e-01	7.1168e-02	4.1736e-07	4.2181e-01	5.7747e-01	7.1835e-04	1.1755e-36	1.1755e-36	1.1755e-36	3.0508e-17	0.00e+00	0.00e+00	7.0733e+00
8.14880e+17	6.1665e+03	2.344e-22	1.0000e+01	6.7170e+00	1.6818e-07	3.8065e-01	6.1935e-01	4.0753e-01	5.9211e-01	3.5418e-04	7.6043e-11	2.7918e-02	9.0287e-01	6.9212e-02	3.8717e-07	4.3557e-01	5.6377e-01	6.6325e-04	1.1755e-36	1.1755e-36	1.1755e-36	3.8719e-17	0.00e+00	0.00e+00	7.3078e+00
8.24521e+17	6.1479e+03	2.286e-22	1.0000e+01	6.5796e+00	1.8754e-07	3.9378e-01	6.0622e-01	4.1441e-01	5.8524e-01	3.5050e-04	8.7386e-11	2.7673e-02	9.0501e-01	6.7316e-02	3.5960e-07	4.4929e-01	5.5009e-01	6.1284e-04	1.1755e-36	1.1755e-36	1.1755e-36	4.9255e-17	0.00e+00	0.00e+00	7.5446e+00
8.33897e+17	6.1271e+03	2.227e-22	1.0000e+01	6.4426e+00	2.0908e-07	4.0686e-01	5.9314e-01	4.2121e-01	5.7844e-01	3.4701e-04	1.0041e-10	2.7404e-02	9.0710e-01	6.5493e-02	3.3456e-07	4.6287e-01	5.3656e-01	5.6691e-04	1.1755e-36	1.1755e-36	1.1755e-36	6.2697e-17	0.00e+00	0.00e+00	7.7817e+00
8.42990e+17	6.1040e+03	2.168e-22	1.0000e+01	6.3067e+00	2.3297e-07	4.1981e-01	5.8019e-01	4.2791e-01	5.7175e-01	3.4370e-04	1.1532e-10	2.7116e-02	9.0914e-01	6.3743e-02	3.1182e-07	4.7626e-01	5.2322e-01	5.2514e-04	1.1755e-36	1.1755e-36	1.1755e-36	7.9801e-17	0.00e+00	0.00e+00	8.0192e+00
8.51836e+17	6.0787e+03	2.110e-22	1.0000e+01	6.1719e+00	2.5953e-07	4.3267e-01	5.6733e-01	4.3453e-01	5.6513e-01	3.4053e-04	1.3244e-10	2.6809e-02	9.1113e-01	6.2057e-02	2.9108e-07	4.8946e-01	5.1005e-01	4.8699e-04	1.1755e-36	1.1755e-36	1.1755e-36	1.0164e-16	0.00e+00	0.00e+00	8.2578e+00
8.60471e+17	6.0513e+03	2.051e-22	1.0000e+01	6.0380e+00	2.8915e-07	4.4546e-01	5.5454e-01	4.4110e-01	5.5857e-01	3.3749e-04	1.5219e-10	2.6486e-02	9.1309e-01	6.0428e-02	2.7209e-07	5.0251e-01	4.9704e-01	4.5203e-04	1.1755e-36	1.1755e-36	1.1755e-36	1.2964e-16	0.00e+00	0.00e+00	8.4978e+00
8.68904e+17	6.0218e+03	1.993e-22	1.0000e+01	5.9052e+00	3.2217e-07	4.5814e-01	5.4186e-01	4.4759e-01	5.5208e-01	3.3459e-04	1.7498e-10	2.6148e-02	9.1500e-01	5.8854e-02	2.5467e-07	5.1539e-01	4.8419e-01	4.1997e-04	1.1755e-36	1.1755e-36	1.1755e-36	1.6560e-16	0.00e+00	0.00e+00	8.7389e+00
8.77134e+17	5.9904e+03	1.936e-22	1.0000e+01	5.7737e+00	3.5890e-07	4.7070e-01	5.2930e-01	4.5400e-01	5.4567e-01	3.3181e-04	2.0123e-10	2.5796e-02	9.1687e-01	5.7338e-02	2.3871e-07	5.2806e-01	4.7155e-01	3.9057e-04	1.1755e-36	1.1755e-36	1.1755e-36	2.1173e-16	0.00e+00	0.00e+00	8.9805e+00
8.85170e+17	5.9573e+03	1.879e-22	1.0000e+01	5.6438e+00	3.9970e-07	4.8310e-01	5.1690e-01	4.6033e-01	5.3934e-01	3.2916e-04	2.3148e-10	2.5433e-02	9.1869e-01	5.5876e-02	2.2406e-07	5.4051e-01	4.5912e-01	3.6360e-04	1.1755e-36	1.1755e-36	1.1755e-36	2.7091e-16	0.00e+00	0.00e+00	9.2227e+00
8.93031e+17	5.9225e+03	1.823e-22	1.0000e+01	5.5154e+00	4.4508e-07	4.9536e-01	5.0464e-01	4.6658e-01	5.3309e-01	3.2662e-04	2.6641e-10	2.5061e-02	9.2048e-01	5.4463e-02	2.1058e-07	5.5276e-01	4.4691e-01	3.3879e-04	1.1755e-36	1.1755e-36	1.1755e-36	3.4703e-16	0.00e+00	0.00e+00	9.4661e+00
9.00737e+17	5.8861e+03	1.767e-22	1.0000e+01	5.3884e+00	4.9564e-07	5.0749e-01	4.9251e-01	4.7277e-01	5.2691e-01	3.2418e-04	3.0684e-10	2.4680e-02	9.2222e-01	5.3097e-02	1.9812e-07	5.6480e-01	4.3489e-01	3.1591e-04	1.1755e-36	1.1755e-36	1.1755e-36	4.4520e-16	0.00e+00	0.00e+00	9.7106e+00
9.08294e+17	5.8481e+03	1.713e-22	1.0000e+01	5.2631e+00	5.5198e-07	5.1946e-01	4.8054e-01	4.7889e-01	5.2079e-01	3.2183e-04	3.5366e-10	2.4292e-02	9.2393e-01	5.1775e-02	1.8662e-07	5.7663e-01	4.2308e-01	2.9481e-04	1.1755e-36	1.1755e-36	1.1755e-36	5.7203e-16	0.00e+00	0.00e+00	9.9561e+00
9.15700e+17	5.8085e+03	1.660e-22	1.0000e+01	5.1395e+00	6.1470e-07	5.3126e-01	4.6874e-01	4.8493e-01	5.1475e-01	3.1957e-04	4.0788e-10	2.3898e-02	9.2560e-01	5.0498e-02	1.7599e-07	5.8822e-01	4.1150e-01	2.7535e-04	1.1755e-36	1.1755e-36	1.1755e-36	7.3588e-16	0.00e+00	0.00e+00	1.0202e+01
9.22957e+17	5.7675e+03	1.608e-22	1.0000e+01	5.0179e+00	6.8440e-07	5.4287e-01	4.5713e-01	4.9089e-01	5.0880e-01	3.1740e-04	4.7060e-10	2.3500e-02	9.2724e-01	4.9264e-02	1.6616e-07	5.9957e-01	4.0017e-01	2.5740e-04	1.1755e-36	1.1755e-36	1.1755e-36	9.4745e-16	0.00e+00	0.00e+00	1.0448e+01
9.30077e+17	5.7253e+03	1.556e-22	1.0000e+01	4.8983e+00	7.6183e-07	5.5429e-01	4.4571e-01	4.9677e-01	5.0292e-01	3.1531e-04	5.4319e-10	2.3099e-02	9.2883e-01	4.8072e-02	1.5706e-07	6.1067e-01	3.8909e-01	2.4082e-04	1.1755e-36	1.1755e-36	1.1755e-36	1.2208e-15	0.00e+00	0.00e+00	1.0695e+01
9.37074e+17	5.6818e+03	1.507e-22	1.0000e+01	4.7806e+00	8.4800e-07	5.6552e-01	4.3448e-01	5.0260e-01	4.9709e-01	3.1322e-04	6.2739e-10	2.2697e-02	9.3038e-01	4.6918e-02	1.4860e-07	6.2154e-01	3.7824e-01	2.2547e-04	1.1755e-36	1.1755e-36	1.1755e-36	1.5749e-15	0.00e+00	0.00e+00	1.0943e+01
9.43959e+17	5.6370e+03	1.458e-22	1.0000e+01	4.6648e+00	9.4391e-07	5.7657e-01	4.2343e-01	5.0835e-01	4.9134e-01	3.1125e-04	7.2514e-10	2.2293e-02	9.3191e-01	4.5799e-02	1.4073e-07	6.3218e-01	3.6761e-01	2.1123e-04	1.1755e-36	1.1755e-36	1.1755e-36	2.0342e-15	0.00e+00	0.00e+00	1.1192e+01
9.50735e+17	5.5910e+03	1.410e-22	1.0000e+01	4.5511e+00	1.0507e-06	5.8743e-01	4.1257e-01	5.1403e-01	4.8566e-01	3.0934e-04	8.3869e-10	2.1888e-02	9.3340e-01	4.4715e-02	1.3340e-07	6.4259e-01	3.5721e-01	1.9802e-04	1.1755e-36	1.1755e-36	1.1755e-36	2.6307e-15	0.00e+00	0.00e+00	1.1441e+01
9.57401e+17	5.5438e+03	1.364e-22	1.0000e+01	4.4394e+00	1.1697e-06	5.9809e-01	4.0191e-01	5.1965e-01	4.8005e-01	3.0749e-04	9.7059e-10	2.1483e-02	9.3485e-01	4.3665e-02	1.2657e-07	6.5276e-01	3.4706e-01	1.8577e-04	1.1755e-36	1.1755e-36	1.1755e-36	3.4057e-15	0.00e+00	0.00e+00	1.1691e+01
9.63957e+17	5.4955e+03	1.319e-22	1.0000e+01	4.3300e+00	1.3019e-06	6.0853e-01	3.9147e-01	5.2518e-01	4.7451e-01	3.0569e-04	1.1236e-09	2.1081e-02	9.3627e-01	4.2649e-02	1.1755e-36	6.6267e-01	3.3716e-01	1.7441e-04	1.1755e-36	1.1755e-36	1.1755e-36	4.4117e-15	0.00e+00	0.00e+00	1.1940e+01
9.70409e+17	5.4462e+03	1.276e-22	1.0000e+01	4.2227e+00	1.4486e-06	6.1875e-01	3.8125e-01	5.3065e-01	4.6905e-01	3.0393e-04	1.3011e-09	2.0680e-02	9.3765e-01	4.1666e-02	1.1755e-36	6.7233e-01	3.2751e-01	1.6386e-04	1.1755e-36	1.1755e-36	1.1755e-36	5.7166e-15	0.00e+00	0.00e+00	1.2190e+01
9.76771e+17	5.3960e+03	1.234e-22	1.0000e+01	4.1177e+00	1.6115e-06	6.2876e-01	3.7124e-01	5.3606e-01	4.6364e-01	3.0221e-04	1.5069e-09	2.0282e-02	9.3901e-01	4.0712e-02	1.1755e-36	6.8175e-01	3.1809e-01	1.5405e-04	1.1755e-36	1.1755e-36	1.1755e-36	7.4105e-15	0.00e+00	0.00e+00	1.2441e+01
9.83057e+17	5.3449e+03	1.192e-22	1.0000e+01	4.0146e+00	1.7926e-06	6.3858e-01	3.6141e-01	5.4141e-01	4.5829e-01	3.0050e-04	1.7463e-09	1.9886e-02	9.4033e-01	3.9785e-02	1.1755e-36	6.9096e-01	3.0889e-01	1.4489e-04	1.1755e-36	1.1755e-36	1.1755e-36	9.6137e-15	0.00e+00	0.00e+00	1.2694e+01
9.89278e+17	5.2927e+03	1.153e-22	1.0000e+01	3.9135e+00	1.9943e-06	6.4823e-01	3.5177e-01	5.4673e-01	4.5297e-01	2.9881e-04	2.0250e-09	1.9494e-02	9.4162e-01	3.8883e-02	1.1755e-36	6.9996e-01	2.9990e-01	1.3633e-04	1.1755e-36	1.1755e-36	1.1755e-36	1.2486e-14	0.00e+00	0.00e+00	1.2947e+01
9.95434e+17	5.2392e+03	1.114e-22	1.0000e+01	3.8142e+00	2.2191e-06	6.5769e-01	3.4231e-01	5.5201e-01	4.4770e-01	2.9713e-04	2.3499e-09	1.9104e-02	9.4289e-01	3.8006e-02	1.1755e-36	7.0875e-01	2.9112e-01	1.2833e-04	1.1755e-36	1.1755e-36	1.1755e-36	1.6235e-14	0.00e+00	0.00e+00	1.3201e+01
1.00151e+18	5.1846e+03	1.076e-22	1.0000e+01	3.7170e+00	2.4693e-06	6.6695e-01	3.3305e-01	5.5723e-01	4.4247e-01	2.9546e-04	2.7280e-09	1.8719e-02	9.4413e-01	3.7155e-02	1.1755e-36	7.1732e-01	2.8256e-01	1.2088e-04	1.1755e-36	1.1755e-36	1.1755e-36	2.1124e-14	0.00e+00	0.00e+00	1.3455e+01
1.00752e+18	5.1299e+03	1.040e-22	1.0000e+01	3.6223e+00	2.7441e-06	6.7597e-01	3.2402e-01	5.6239e-01	4.3732e-01	2.9381e-04	3.1637e-09	1.8340e-02	9.4533e-01	3.6330e-02	1.1755e-36	7.2564e-01	2.7425e-01	1.1392e-04	1.1755e-36	1.1755e-36	1.1755e-36	2.7428e-14	0.00e+00	0.00e+00	1.3710e+01
1.01348e+18	5.0740e+03	1.005e-22	1.0000e+01	3.5296e+00	3.0498e-06	6.8484e-01	3.1515e-01	5.6755e-01	4.3216e-01	2.9210e-04	3.6715e-09	1.7967e-02	9.4651e-01	3.5522e-02	1.1755e-36	7.3378e-01	2.6611e-01	1.0739e-04	1.1755e-36	1.1755e-36	1.1755e-36	3.5648e-14	0.00e+00	0.00e+00	1.3967e+01
1.01942e+18	5.0155e+03	9.705e-23	1.0000e+01	3.4383e+00	3.3961e-06	6.9364e-01	3.0636e-01	5.7276e-01	4.2695e-01	2.9030e-04	4.2734e-09	1.7596e-02	9.4768e-01	3.4726e-02	1.1755e-36	7.4183e-01	2.5807e-01	1.0121e-04	1.1755e-36	1.1755e-36	1.1755e-36	4.6564e-14	0.00e+00	0.00e+00	1.4228e+01
1.02531e+18	4.9604e+03	9.370e-23	1.0000e+01	3.3456e+00	3.7528e-06	7.0187e-01	2.9813e-01	5.7752e-01	4.2219e-01	2.8917e-04	4.8187e-09	1.7211e-02	9.4883e-01	3.3963e-02	1.1755e-36	7.4933e-01	2.5058e-01	9.5578e-05	1.1755e-36	1.1755e-36	1.1755e-36	5.7665e-14	0.00e+00	0.00e+00	1.4486e+01
1.03128e+18	4.8967e+03	9.043e-23	1.0000e+01	3.2567e+00	4.1923e-06	7.1056e-01	2.8944e-01	5.8293e-01	4.1678e-01	2.8703e-04	5.4399e-09	1.6849e-02	9.5003e-01	3.3116e-02	1.1755e-36	7.5722e-01	2.4269e-01	8.9996e-05	1.1755e-36	1.1755e-36	1.1755e-36	7.1632e-14	0.00e+00	0.00e+00	1.4761e+01
1.03727e+18	4.8334e+03	8.723e-23	1.0000e+01	3.1677e+00	4.6688e-06	7.1899e-01	2.8101e-01	5.8808e-01	4.1163e-01	2.8528e-04	6.1172e-09	1.6481e-02	9.5120e-01	3.2314e-02	1.1755e-36	7.6485e-01	2.3507e-01	8.4794e-05	1.1755e-36	1.1755e-36	1.1755e-36	8.8393e-14	0.00e+00	0.00e+00	1.5026e+01
1.04306e+18	4.7636e+03	8.425e-23	1.0000e+01	3.0827e+00	5.2224e-06	7.2721e-01	2.7278e-01	5.9332e-01	4.0639e-01	2.8309e-04	6.8818e-09	1.6133e-02	9.5235e-01	3.1520e-02	1.1755e-36	7.7228e-01	2.2764e-01	8.0003e-05	1.1755e-36	1.1755e-36	1.1755e-36	1.0922e-13	0.00e+00	0.00e+00	1.5289e+01
1.04862e+18	4.7091e+03	8.141e-23	1.0000e+01	3.0012e+00	5.7146e-06	7.3448e-01	2.6551e-01	5.9777e-01	4.0195e-01	2.8204e-04	7.6001e-09	1.5786e-02	9.5338e-01	3.0834e-02	1.1755e-36	7.7881e-01	2.2111e-01	7.5765e-05	1.1755e-36	1.1755e-36	1.1755e-36	1.3037e-13	0.00e+00	0.00e+00	1.5540e+01
1.05446e+18	4.6358e+03	7.854e-23	1.0000e+01	2.9196e+00	6.3893e-06	7.4261e-01	2.5738e-01	6.0339e-01	3.9633e-01	2.7930e-04	8.5389e-09	1.5452e-02	9.5453e-01	3.0019e-02	1.1755e-36	7.8610e-01	2.1383e-01	7.1362e-05	1.1755e-36	1.1755e-36	1.1755e-36	1.6045e-13	0.00e+00	0.00e+00	1.5834e+01
1.06057e+18	4.5653e+03	7.564e-23	1.0000e+01	2.8345e+00	7.1010e-06	7.5066e-01	2.4933e-01	6.0868e-01	3.9104e-01	2.7730e-04	9.5448e-09	1.5095e-02	9.5566e-01	2.9248e-02	1.1755e-36	7.9329e-01	2.0664e-01	6.7135e-05	1.1755e-36	1.1755e-36	1.1755e-36	1.9566e-13	0.00e+00	0.00e+00	1.6116e+01
1.06651e+18	4.4948e+03	7.289e-23	1.0000e+01	2.7533e+00	7.8534e-06	7.5834e-01	2.4165e-01	6.1390e-01	3.8583e-01	2.7520e-04	1.0602e-08	1.4755e-02	9.5674e-01	2.8502e-02	1.1755e-36	8.0012e-01	1.9981e-01	6.3253e-05	1.1755e-36	1.1755e-36	1.1755e-36	2.3572e-13	0.00e+00	0.00e+00	1.6399e+01
1.07256e+18	4.4206e+03	7.017e-23	1.0000e+01	2.6720e+00	8.6841e-06	7.6604e-01	2.3395e-01	6.1932e-01	3.8041e-01	2.7289e-04	1.1758e-08	1.4414e-02	9.5784e-01	2.7743e-02	1.1755e-36	8.0696e-01	1.9298e-01	5.9507e-05	1.1755e-36	1.1755e-36	1.1755e-36	2.8293e-13	0.00e+00	0.00e+00	1.6699e+01
1.07889e+18	4.3432e+03	6.741e-23	1.0000e+01	2.5873e+00	9.5831e-06	7.7377e-01	2.2622e-01	6.2480e-01	3.7493e-01	2.7072e-04	1.2994e-08	1.4055e-02	9.5896e-01	2.6982e-02	1.1755e-36	8.1380e-01	1.8615e-01	5.5864e-05	1.1755e-36	1.1755e-36	1.1755e-36	3.3716e-13	0.00e+00	0.00e+00	1.7015e+01
1.08557e+18	4.2625e+03	6.460e-23	1.0000e+01	2.5011e+00	1.0559e-05	7.8175e-01	2.1824e-01	6.3064e-01	3.6909e-01	2.6829e-04	1.4342e-08	1.3689e-02	9.6012e-01	2.6190e-02	1.1755e-36	8.2083e-01	1.7911e-01	5.2238e-05	1.1755e-36	1.1755e-36	1.1755e-36	4.0010e-13	0.00e+00	0.00e+00	1.7355e+01
1.09275e+18	4.1689e+03	6.172e-23	1.0000e+01	2.4124e+00	1.1704e-05	7.9039e-01	2.0960e-01	6.3728e-01	3.6246e-01	2.6494e-04	1.5877e-08	1.3320e-02	9.6136e-01	2.5324e-02	1.1755e-36	8.2842e-01	1.7153e-01	4.8541e-05	1.1755e-36	1.1755e-36	1.1755e-36	4.7624e-13	0.00e+00	0.00e+00	1.7727e+01
1.10021e+18	4.0718e+03	5.885e-23	1.0000e+01	2.3207e+00	1.2871e-05	7.9894e-01	2.0105e-01	6.4381e-01	3.5593e-01	2.6192e-04	1.7386e-08	1.2935e-02	9.6259e-01	2.4479e-02	1.1755e-36	8.3590e-01	1.6405e-01	4.5028e-05	1.1755e-36	1.1755e-36	1.1755e-36	5.5518e-13	0.00e+00	0.00e+00	1.8103e+01
1.10758e+18	3.9753e+03	5.614e-23	1.0000e+01	2.2331e+00	1.3992e-05	8.0714e-01	1.9285e-01	6.5025e-01	3.4949e-01	2.5884e-04	1.8787e-08	1.2568e-02	9.6377e-01	2.3666e-02	1.1755e-36	8.4306e-01	1.5690e-01	4.1803e-05	1.1755e-36	1.1755e-36	1.1755e-36	6.3059e-13	0.00e+00	0.00e+00	1.8475e+01
###########################
1.88060e+14	6.1970e+03	3.592e-22	1.0000e+01	1.0141e+01	2.2425e-09	6.3099e-02	9.3690e-01	1.5968e-01	8.3950e-01	8.2237e-04	4.6584e-13	1.4838e-02	7.6769e-01	2.1746e-01	1.1751e-05	7.6002e-02	9.0878e-01	1.5218e-02	5.0835e-07	1.1755e-36	1.1755e-36	1.1222e-20	0.00e+00	0.00e+00	1.4988e-03
1.12836e+15	6.1879e+03	3.574e-22	1.0000e+01	1.0103e+01	2.2436e-09	6.2846e-02	9.3715e-01	1.5936e-01	8.3982e-01	8.2466e-04	4.6008e-13	1.4738e-02	7.6738e-01	2.1787e-01	1.1827e-05	7.5702e-02	9.0901e-01	1.5287e-02	5.1202e-07	1.1755e-36	1.1755e-36	1.1016e-20	0.00e+00	0.00e+00	7.4698e-03
4.88955e+15	6.1663e+03	3.555e-22	1.0000e+01	1.0098e+01	2.2922e-09	6.2867e-02	9.3713e-01	1.5997e-01	8.3921e-01	8.2048e-04	4.6173e-13	1.4741e-02	7.6818e-01	2.1707e-01	1.1751e-05	7.5744e-02	9.0899e-01	1.5262e-02	5.0838e-07	1.1755e-36	1.1755e-36	1.1068e-20	0.00e+00	0.00e+00	3.1362e-02
1.99343e+16	6.1034e+03	3.511e-22	1.0000e+01	1.0090e+01	2.4970e-09	6.3570e-02	9.3643e-01	1.6267e-01	8.3653e-01	8.0260e-04	4.7899e-13	1.4906e-02	7.7148e-01	2.1360e-01	1.1354e-05	7.6648e-02	9.0836e-01	1.4994e-02	4.8408e-07	1.1755e-36	1.1755e-36	1.1672e-20	0.00e+00	0.00e+00	1.2800e-01
4.76167e+16	5.8857e+03	3.372e-22	1.0000e+01	1.0091e+01	3.0110e-09	6.2910e-02	9.3709e-01	1.6717e-01	8.3206e-01	7.7397e-04	4.8249e-13	1.4922e-02	7.7723e-01	2.0784e-01	1.1016e-05	7.5987e-02	9.0894e-01	1.5076e-02	4.7657e-07	1.1755e-36	1.1755e-36	1.1854e-20	0.00e+00	0.00e+00	2.5232e-01
7.37472e+16	5.6905e+03	3.259e-22	1.0000e+01	1.0095e+01	3.5660e-09	6.2218e-02	9.3778e-01	1.7077e-01	8.2848e-01	7.5198e-04	4.8498e-13	1.4907e-02	7.8184e-01	2.0324e-01	1.0769e-05	7.5273e-02	9.0955e-01	1.5173e-02	4.7268e-07	1.1755e-36	1.1755e-36	1.2101e-20	0.00e+00	0.00e+00	3.3471e-01
9.23765e+16	5.6006e+03	3.209e-22	1.0000e+01	1.0091e+01	3.9471e-09	6.2491e-02	9.3751e-01	1.7329e-01	8.2597e-01	7.3742e-04	4.9854e-13	1.5008e-02	7.8486e-01	2.0012e-01	1.0484e-05	7.5672e-02	9.0932e-01	1.5008e-02	4.5689e-07	1.1755e-36	1.1755e-36	1.2729e-20	0.00e+00	0.00e+00	3.9900e-01
1.11111e+17	5.5534e+03	3.181e-22	1.0000e+01	1.0083e+01	4.3145e-09	6.3585e-02	9.3642e-01	1.7621e-01	8.2307e-01	7.2161e-04	5.2624e-13	1.5240e-02	7.8803e-01	1.9672e-01	1.0060e-05	7.7053e-02	9.0835e-01	1.4598e-02	4.2785e-07	1.1755e-36	1.1755e-36	1.3894e-20	0.00e+00	0.00e+00	4.8404e-01
1.35465e+17	5.5012e+03	3.152e-22	1.0000e+01	1.0067e+01	4.8436e-09	6.5288e-02	9.3471e-01	1.8014e-01	8.1916e-01	7.0157e-04	5.6943e-13	1.5582e-02	7.9209e-01	1.9232e-01	9.4975e-06	7.9187e-02	9.0680e-01	1.4015e-02	3.8953e-07	1.1755e-36	1.1755e-36	1.5789e-20	0.00e+00	0.00e+00	5.9756e-01
1.67126e+17	5.4539e+03	3.120e-22	1.0000e+01	1.0033e+01	5.5643e-09	6.7834e-02	9.3217e-01	1.8524e-01	8.1408e-01	6.7746e-04	6.3490e-13	1.6063e-02	7.9709e-01	1.8684e-01	8.7852e-06	8.2354e-02	9.0443e-01	1.3213e-02	3.4139e-07	1.1755e-36	1.1755e-36	1.8811e-20	0.00e+00	0.00e+00	7.5088e-01
2.08286e+17	5.4198e+03	3.092e-22	1.0000e+01	9.9891e+00	6.5918e-09	7.1848e-02	9.2815e-01	1.9227e-01	8.0708e-01	6.4745e-04	7.4333e-13	1.6782e-02	8.0349e-01	1.7972e-01	7.8666e-06	8.7309e-02	9.0058e-01	1.2107e-02	2.8226e-07	1.1755e-36	1.1755e-36	2.4170e-20	0.00e+00	0.00e+00	9.6200e-01
2.61793e+17	5.4197e+03	3.063e-22	1.0000e+01	9.9086e+00	8.0066e-09	7.8117e-02	9.2188e-01	2.0184e-01	7.9755e-01	6.1195e-04	9.2513e-13	1.7824e-02	8.1138e-01	1.7079e-01	6.7466e-06	9.4992e-02	8.9436e-01	1.0646e-02	2.1511e-07	1.1755e-36	1.1755e-36	3.4006e-20	0.00e+00	0.00e+00	1.2604e+00
3.25286e+17	5.4490e+03	3.050e-22	1.0000e+01	9.8038e+00	1.0094e-08	8.7551e-02	9.1245e-01	2.1425e-01	7.8518e-01	5.7354e-04	1.2393e-12	1.9233e-02	8.2056e-01	1.6020e-01	5.5180e-06	1.0647e-01	8.8459e-01	8.9464e-03	1.5055e-07	1.1755e-36	1.1755e-36	5.3560e-20	0.00e+00	0.00e+00	1.6281e+00
3.74617e+17	5.5129e+03	3.054e-22	1.0000e+01	9.7094e+00	1.1752e-08	9.6351e-02	9.0365e-01	2.2304e-01	7.7640e-01	5.5390e-04	1.5628e-12	2.0373e-02	8.2645e-01	1.5317e-01	4.7183e-06	1.1708e-01	8.7519e-01	7.7326e-03	1.1755e-36	1.1755e-36	1.1755e-36	7.6522e-20	0.00e+00	0.00e+00	1.8238e+00
4.02096e+17	5.5704e+03	3.057e-22	1.0000e+01	9.6430e+00	1.2717e-08	1.0236e-01	8.9764e-01	2.2882e-01	7.7064e-01	5.4191e-04	1.8034e-12	2.1092e-02	8.2999e-01	1.4891e-01	4.2717e-06	1.2428e-01	8.6868e-01	7.0399e-03	1.1755e-36	1.1755e-36	1.1755e-36	9.4855e-20	0.00e+00	0.00e+00	1.9711e+00
4.28313e+17	5.6159e+03	3.060e-22	1.0000e+01	9.5689e+00	1.4066e-08	1.0917e-01	8.9083e-01	2.3567e-01	7.6380e-01	5.2699e-04	2.1146e-12	2.1857e-02	8.3406e-01	1.4408e-01	3.8274e-06	1.3243e-01	8.6120e-01	6.3698e-03	1.1755e-36	1.1755e-36	1.1755e-36	1.2084e-19	0.00e+00	0.00e+00	2.1755e+00
4.58578e+17	5.6700e+03	3.072e-22	1.0000e+01	9.4991e+00	1.5963e-08	1.1821e-01	8.8179e-01	2.4401e-01	7.5548e-01	5.1026e-04	2.5807e-12	2.2812e-02	8.3888e-01	1.3831e-01	3.3443e-06	1.4318e-01	8.5119e-01	5.6351e-03	1.1755e-36	1.1755e-36	1.1755e-36	1.6396e-19	0.00e+00	0.00e+00	2.4061e+00
4.87023e+17	5.7378e+03	3.069e-22	1.0000e+01	9.3822e+00	1.7658e-08	1.2724e-01	8.7276e-01	2.5152e-01	7.4798e-01	4.9829e-04	3.0787e-12	2.3596e-02	8.4280e-01	1.3360e-01	2.9584e-06	1.5387e-01	8.4112e-01	5.0094e-03	1.1755e-36	1.1755e-36	1.1755e-36	2.1415e-19	0.00e+00	0.00e+00	2.6150e+00
5.13567e+17	5.8035e+03	3.066e-22	1.0000e+01	9.2819e+00	1.9640e-08	1.3710e-01	8.6290e-01	2.5960e-01	7.3991e-01	4.8549e-04	3.6987e-12	2.4408e-02	8.4692e-01	1.2867e-01	2.6047e-06	1.6548e-01	8.3008e-01	4.4426e-03	1.1755e-36	1.1755e-36	1.1755e-36	2.8290e-19	0.00e+00	0.00e+00	2.8495e+00
5.40534e+17	5.8570e+03	3.070e-22	1.0000e+01	9.1829e+00	2.2505e-08	1.4882e-01	8.5118e-01	2.6891e-01	7.3062e-01	4.7115e-04	4.5651e-12	2.5288e-02	8.5146e-01	1.2325e-01	2.2618e-06	1.7922e-01	8.1688e-01	3.8973e-03	1.1755e-36	1.1755e-36	1.1755e-36	3.9195e-19	0.00e+00	0.00e+00	3.1018e+00
5.64499e+17	5.9293e+03	3.051e-22	1.0000e+01	9.0363e+00	2.4635e-08	1.5946e-01	8.4054e-01	2.7638e-01	7.2316e-01	4.6292e-04	5.3866e-12	2.5874e-02	8.5482e-01	1.1931e-01	2.0126e-06	1.9159e-01	8.0494e-01	3.4699e-03	1.1755e-36	1.1755e-36	1.1755e-36	5.0368e-19	0.00e+00	0.00e+00	3.3141e+00
5.87234e+17	5.9746e+03	3.035e-22	1.0000e+01	8.9044e+00	2.7922e-08	1.7141e-01	8.2859e-01	2.8535e-01	7.1420e-01	4.5122e-04	6.5014e-12	2.6505e-02	8.5872e-01	1.1478e-01	1.7725e-06	2.0544e-01	7.9148e-01	3.0753e-03	1.1755e-36	1.1755e-36	1.1755e-36	6.7554e-19	0.00e+00	0.00e+00	3.5781e+00
6.09785e+17	6.0232e+03	3.020e-22	1.0000e+01	8.7786e+00	3.1726e-08	1.8464e-01	8.1536e-01	2.9427e-01	7.0528e-01	4.4100e-04	7.9026e-12	2.7126e-02	8.6258e-01	1.1029e-01	1.5560e-06	2.2067e-01	7.7662e-01	2.7138e-03	1.1755e-36	1.1755e-36	1.1755e-36	9.1769e-19	0.00e+00	0.00e+00	3.8196e+00
6.28781e+17	6.0683e+03	2.996e-22	1.0000e+01	8.6435e+00	3.5227e-08	1.9649e-01	8.0351e-01	3.0196e-01	6.9761e-01	4.3344e-04	9.2968e-12	2.7545e-02	8.6574e-01	1.0672e-01	1.3945e-06	2.3423e-01	7.6334e-01	2.4362e-03	1.1755e-36	1.1755e-36	1.1755e-36	1.1842e-18	0.00e+00	0.00e+00	4.0340e+00
6.46112e+17	6.1083e+03	2.966e-22	1.0000e+01	8.5138e+00	3.8979e-08	2.0826e-01	7.9174e-01	3.0963e-01	6.8994e-01	4.2584e-04	1.0858e-11	2.7903e-02	8.6878e-01	1.0332e-01	1.2556e-06	2.4761e-01	7.5019e-01	2.1975e-03	1.1755e-36	1.1755e-36	1.1755e-36	1.5120e-18	0.00e+00	0.00e+00	4.2626e+00
6.63835e+17	6.1329e+03	2.935e-22	1.0000e+01	8.3743e+00	4.4190e-08	2.2157e-01	7.7843e-01	3.1822e-01	6.8137e-01	4.1724e-04	1.2923e-11	2.8246e-02	8.7210e-01	9.9653e-02	1.1213e-06	2.6267e-01	7.3536e-01	1.9685e-03	1.1755e-36	1.1755e-36	1.1755e-36	2.0010e-18	0.00e+00	0.00e+00	4.5153e+00
6.80523e+17	6.1600e+03	2.899e-22	1.0000e+01	8.2356e+00	4.9630e-08	2.3490e-01	7.6510e-01	3.2623e-01	6.7336e-01	4.1030e-04	1.5239e-11	2.8512e-02	8.7517e-01	9.6317e-02	1.0075e-06	2.7765e-01	7.2058e-01	1.7707e-03	1.1755e-36	1.1755e-36	1.1755e-36	2.6108e-18	0.00e+00	0.00e+00	4.7425e+00
6.95167e+17	6.1821e+03	2.861e-22	1.0000e+01	8.1030e+00	5.5152e-08	2.4735e-01	7.5265e-01	3.3366e-01	6.6593e-01	4.0412e-04	1.7682e-11	2.8693e-02	8.7792e-01	9.3381e-02	9.1517e-07	2.9155e-01	7.0684e-01	1.6088e-03	1.1755e-36	1.1755e-36	1.1755e-36	3.3218e-18	0.00e+00	0.00e+00	4.9607e+00
7.09131e+17	6.2009e+03	2.819e-22	1.0000e+01	7.9696e+00	6.1251e-08	2.5994e-01	7.4006e-01	3.4108e-01	6.5853e-01	3.9821e-04	2.0467e-11	2.8825e-02	8.8063e-01	9.0546e-02	8.3302e-07	3.0553e-01	6.9301e-01	1.4641e-03	1.1755e-36	1.1755e-36	1.1755e-36	4.2155e-18	0.00e+00	0.00e+00	5.1898e+00
7.23117e+17	6.2068e+03	2.774e-22	1.0000e+01	7.8284e+00	6.9092e-08	2.7350e-01	7.2650e-01	3.4904e-01	6.5057e-01	3.9176e-04	2.3961e-11	2.8920e-02	8.8345e-01	8.7630e-02	7.5569e-07	3.2050e-01	6.7817e-01	1.3285e-03	1.1755e-36	1.1755e-36	1.1755e-36	5.4741e-18	0.00e+00	0.00e+00	5.4318e+00
7.36299e+17	6.2128e+03	2.727e-22	1.0000e+01	7.6918e+00	7.7441e-08	2.8692e-01	7.1308e-01	3.5657e-01	6.4304e-01	3.8625e-04	2.7866e-11	2.8969e-02	8.8611e-01	8.4925e-02	6.8888e-07	3.3523e-01	6.6356e-01	1.2100e-03	1.1755e-36	1.1755e-36	1.1755e-36	7.0373e-18	0.00e+00	0.00e+00	5.6556e+00
7.48202e+17	6.2138e+03	2.682e-22	1.0000e+01	7.5654e+00	8.6402e-08	2.9978e-01	7.0022e-01	3.6380e-01	6.3582e-01	3.8094e-04	3.2156e-11	2.8985e-02	8.8858e-01	8.2433e-02	6.3206e-07	3.4925e-01	6.4964e-01	1.1092e-03	1.1755e-36	1.1755e-36	1.1755e-36	8.9437e-18	0.00e+00	0.00e+00	5.8724e+00
7.59452e+17	6.2147e+03	2.633e-22	1.0000e+01	7.4337e+00	9.5741e-08	3.1220e-01	6.8780e-01	3.7064e-01	6.2898e-01	3.7641e-04	3.6789e-11	2.8936e-02	8.9091e-01	8.0158e-02	5.8296e-07	3.6272e-01	6.3626e-01	1.0208e-03	1.1755e-36	1.1755e-36	1.1755e-36	1.1212e-17	0.00e+00	0.00e+00	6.0902e+00
7.70635e+17	6.2120e+03	2.581e-22	1.0000e+01	7.2993e+00	1.0653e-07	3.2513e-01	6.7487e-01	3.7777e-01	6.2186e-01	3.7172e-04	4.2279e-11	2.8857e-02	8.9327e-01	7.7868e-02	5.3697e-07	3.7666e-01	6.2241e-01	9.3796e-04	1.1755e-36	1.1755e-36	1.1755e-36	1.4179e-17	0.00e+00	0.00e+00	6.3226e+00
7.81886e+17	6.2042e+03	2.525e-22	1.0000e+01	7.1590e+00	1.1926e-07	3.3867e-01	6.6133e-01	3.8513e-01	6.1450e-01	3.6702e-04	4.8878e-11	2.8739e-02	8.9568e-01	7.5578e-02	4.9392e-07	3.9116e-01	6.0798e-01	8.6018e-04	1.1755e-36	1.1755e-36	1.1755e-36	1.8145e-17	0.00e+00	0.00e+00	6.5617e+00
7.92711e+17	6.1939e+03	2.469e-22	1.0000e+01	7.0184e+00	1.3331e-07	3.5211e-01	6.4789e-01	3.9231e-01	6.0732e-01	3.6271e-04	5.6373e-11	2.8583e-02	8.9800e-01	7.3413e-02	4.5567e-07	4.0547e-01	5.9374e-01	7.9056e-04	1.1755e-36	1.1755e-36	1.1755e-36	2.3157e-17	0.00e+00	0.00e+00	6.7945e+00
8.02917e+17	6.1817e+03	2.412e-22	1.0000e+01	6.8798e+00	1.4842e-07	3.6513e-01	6.3487e-01	3.9919e-01	6.0045e-01	3.5884e-04	6.4676e-11	2.8393e-02	9.0021e-01	7.1399e-02	4.2216e-07	4.1926e-01	5.8001e-01	7.2927e-04	1.1755e-36	1.1755e-36	1.1755e-36	2.9320e-17	0.00e+00	0.00e+00	7.0237e+00
8.12768e+17	6.1674e+03	2.355e-22	1.0000e+01	6.7432e+00	1.6511e-07	3.7811e-01	6.2189e-01	4.0603e-01	5.9362e-01	3.5507e-04	7.4147e-11	2.8181e-02	9.0236e-01	6.9455e-02	3.9177e-07	4.3291e-01	5.6642e-01	6.7361e-04	1.1755e-36	1.1755e-36	1.1755e-36	3.7100e-17	0.00e+00	0.00e+00	7.2568e+00
8.22476e+17	6.1497e+03	2.296e-22	1.0000e+01	6.6058e+00	1.8411e-07	3.9129e-01	6.0871e-01	4.1294e-01	5.8671e-01	3.5133e-04	8.5234e-11	2.7945e-02	9.0451e-01	6.7542e-02	3.6367e-07	4.4670e-01	5.5268e-01	6.2210e-04	1.1755e-36	1.1755e-36	1.1755e-36	4.7209e-17	0.00e+00	0.00e+00	7.4953e+00
8.31982e+17	6.1286e+03	2.237e-22	1.0000e+01	6.4677e+00	2.0559e-07	4.0452e-01	5.9548e-01	4.1983e-01	5.7982e-01	3.4775e-04	9.8115e-11	2.7682e-02	9.0663e-01	6.5690e-02	3.3799e-07	4.6046e-01	5.3896e-01	5.7491e-04	1.1755e-36	1.1755e-36	1.1755e-36	6.0284e-17	0.00e+00	0.00e+00	7.7343e+00
8.41137e+17	6.1057e+03	2.178e-22	1.0000e+01	6.3310e+00	2.2919e-07	4.1753e-01	5.8247e-01	4.2653e-01	5.7312e-01	3.4443e-04	1.1273e-10	2.7396e-02	9.0867e-01	6.3934e-02	3.1492e-07	4.7391e-01	5.2556e-01	5.3239e-04	1.1755e-36	1.1755e-36	1.1755e-36	7.6786e-17	0.00e+00	0.00e+00	7.9704e+00
8.49964e+17	6.0812e+03	2.120e-22	1.0000e+01	6.1965e+00	2.5508e-07	4.3031e-01	5.6969e-01	4.3310e-01	5.6656e-01	3.4131e-04	1.2931e-10	2.7095e-02	9.1065e-01	6.2257e-02	2.9407e-07	4.8704e-01	5.1246e-01	4.9389e-04	1.1755e-36	1.1755e-36	1.1755e-36	9.7586e-17	0.00e+00	0.00e+00	8.2067e+00
8.58597e+17	6.0546e+03	2.062e-22	1.0000e+01	6.0630e+00	2.8398e-07	4.4306e-01	5.5694e-01	4.3965e-01	5.6002e-01	3.3827e-04	1.4847e-10	2.6777e-02	9.1260e-01	6.0627e-02	2.7489e-07	5.0007e-01	4.9947e-01	4.5848e-04	1.1755e-36	1.1755e-36	1.1755e-36	1.2427e-16	0.00e+00	0.00e+00	8.4464e+00
8.67093e+17	6.0256e+03	2.003e-22	1.0000e+01	5.9298e+00	3.1650e-07	4.5582e-01	5.4418e-01	4.4618e-01	5.5348e-01	3.3532e-04	1.7078e-10	2.6442e-02	9.1452e-01	5.9040e-02	2.5716e-07	5.1305e-01	4.8653e-01	4.2574e-04	1.1755e-36	1.1755e-36	1.1755e-36	1.5885e-16	0.00e+00	0.00e+00	8.6888e+00
8.75401e+17	5.9941e+03	1.945e-22	1.0000e+01	5.7974e+00	3.5292e-07	4.6849e-01	5.3151e-01	4.5264e-01	5.4702e-01	3.3250e-04	1.9660e-10	2.6092e-02	9.1640e-01	5.7508e-02	2.4089e-07	5.2584e-01	4.7376e-01	3.9570e-04	1.1755e-36	1.1755e-36	1.1755e-36	2.0346e-16	0.00e+00	0.00e+00	8.9312e+00
8.83469e+17	5.9611e+03	1.888e-22	1.0000e+01	5.6669e+00	3.9315e-07	4.8093e-01	5.1907e-01	4.5897e-01	5.4070e-01	3.2985e-04	2.2619e-10	2.5731e-02	9.1823e-01	5.6043e-02	2.2607e-07	5.3834e-01	4.6129e-01	3.6832e-04	1.1755e-36	1.1755e-36	1.1755e-36	2.6041e-16	0.00e+00	0.00e+00	9.1724e+00
8.91321e+17	5.9269e+03	1.833e-22	1.0000e+01	5.5385e+00	4.3752e-07	4.9315e-01	5.0685e-01	4.6519e-01	5.3448e-01	3.2733e-04	2.6009e-10	2.5361e-02	9.2000e-01	5.4635e-02	2.1250e-07	5.5056e-01	4.4910e-01	3.4326e-04	1.1755e-36	1.1755e-36	1.1755e-36	3.3306e-16	0.00e+00	0.00e+00	9.4141e+00
8.99028e+17	5.8912e+03	1.777e-22	1.0000e+01	5.4117e+00	4.8690e-07	5.0526e-01	4.9474e-01	4.7136e-01	5.2831e-01	3.2489e-04	2.9931e-10	2.4983e-02	9.2175e-01	5.3269e-02	1.9994e-07	5.6260e-01	4.3708e-01	3.2009e-04	1.1755e-36	1.1755e-36	1.1755e-36	4.2665e-16	0.00e+00	0.00e+00	9.6583e+00
9.06627e+17	5.8537e+03	1.723e-22	1.0000e+01	5.2859e+00	5.4223e-07	5.1730e-01	4.8270e-01	4.7751e-01	5.2217e-01	3.2252e-04	3.4500e-10	2.4596e-02	9.2347e-01	5.1938e-02	1.8826e-07	5.7450e-01	4.2520e-01	2.9860e-04	1.1755e-36	1.1755e-36	1.1755e-36	5.4815e-16	0.00e+00	0.00e+00	9.9047e+00
9.14098e+17	5.8141e+03	1.669e-22	1.0000e+01	5.1615e+00	6.0426e-07	5.2922e-01	4.7078e-01	4.8360e-01	5.1608e-01	3.2023e-04	3.9822e-10	2.4201e-02	9.2515e-01	5.0648e-02	1.7744e-07	5.8621e-01	4.1351e-01	2.7873e-04	1.1755e-36	1.1755e-36	1.1755e-36	7.0620e-16	0.00e+00	0.00e+00	1.0152e+01
9.21397e+17	5.7729e+03	1.616e-22	1.0000e+01	5.0391e+00	6.7325e-07	5.4090e-01	4.5910e-01	4.8958e-01	5.1010e-01	3.1804e-04	4.5975e-10	2.3802e-02	9.2679e-01	4.9408e-02	1.6749e-07	5.9765e-01	4.0209e-01	2.6048e-04	1.1755e-36	1.1755e-36	1.1755e-36	9.1041e-16	0.00e+00	0.00e+00	1.0398e+01
9.28514e+17	5.7309e+03	1.565e-22	1.0000e+01	4.9192e+00	7.4931e-07	5.5231e-01	4.4769e-01	4.9544e-01	5.0425e-01	3.1597e-04	5.3043e-10	2.3401e-02	9.2838e-01	4.8219e-02	1.5833e-07	6.0876e-01	3.9100e-01	2.4373e-04	1.1755e-36	1.1755e-36	1.1755e-36	1.1723e-15	0.00e+00	0.00e+00	1.0643e+01
9.35491e+17	5.6880e+03	1.515e-22	1.0000e+01	4.8016e+00	8.3343e-07	5.6351e-01	4.3649e-01	5.0124e-01	4.9844e-01	3.1390e-04	6.1200e-10	2.3000e-02	9.2993e-01	4.7069e-02	1.4983e-07	6.1960e-01	3.8017e-01	2.2825e-04	1.1755e-36	1.1755e-36	1.1755e-36	1.5094e-15	0.00e+00	0.00e+00	1.0889e+01
9.42384e+17	5.6441e+03	1.467e-22	1.0000e+01	4.6858e+00	9.2707e-07	5.7457e-01	4.2543e-01	5.0699e-01	4.9270e-01	3.1193e-04	7.0677e-10	2.2596e-02	9.3146e-01	4.5948e-02	1.4189e-07	6.3026e-01	3.6952e-01	2.1382e-04	1.1755e-36	1.1755e-36	1.1755e-36	1.9466e-15	0.00e+00	0.00e+00	1.1138e+01
9.49211e+17	5.5987e+03	1.419e-22	1.0000e+01	4.5714e+00	1.0319e-06	5.8552e-01	4.1448e-01	5.1271e-01	4.8698e-01	3.1001e-04	8.1751e-10	2.2189e-02	9.3296e-01	4.4855e-02	1.3444e-07	6.4077e-01	3.5903e-01	2.0035e-04	1.1755e-36	1.1755e-36	1.1755e-36	2.5175e-15	0.00e+00	0.00e+00	1.1389e+01
9.55951e+17	5.5513e+03	1.372e-22	1.0000e+01	4.4586e+00	1.1498e-06	5.9632e-01	4.0368e-01	5.1839e-01	4.8130e-01	3.0813e-04	9.4724e-10	2.1781e-02	9.3443e-01	4.3791e-02	1.2748e-07	6.5108e-01	3.4874e-01	1.8782e-04	1.1755e-36	1.1755e-36	1.1755e-36	3.2663e-15	0.00e+00	0.00e+00	1.1641e+01
9.62555e+17	5.5022e+03	1.327e-22	1.0000e+01	4.3480e+00	1.2814e-06	6.0687e-01	3.9313e-01	5.2397e-01	4.7572e-01	3.0629e-04	1.0982e-09	2.1375e-02	9.3586e-01	4.2768e-02	1.1755e-36	6.6110e-01	3.3872e-01	1.7626e-04	1.1755e-36	1.1755e-36	1.1755e-36	4.2426e-15	0.00e+00	0.00e+00	1.1891e+01
9.68989e+17	5.4528e+03	1.283e-22	1.0000e+01	4.2405e+00	1.4260e-06	6.1708e-01	3.8292e-01	5.2940e-01	4.7029e-01	3.0457e-04	1.2712e-09	2.0973e-02	9.3724e-01	4.1790e-02	1.1755e-36	6.7076e-01	3.2908e-01	1.6565e-04	1.1755e-36	1.1755e-36	1.1755e-36	5.4960e-15	0.00e+00	0.00e+00	1.2138e+01
9.75294e+17	5.4032e+03	1.241e-22	1.0000e+01	4.1360e+00	1.5847e-06	6.2701e-01	3.7299e-01	5.3474e-01	4.6495e-01	3.0288e-04	1.4700e-09	2.0576e-02	9.3858e-01	4.0847e-02	1.1755e-36	6.8011e-01	3.1973e-01	1.5582e-04	1.1755e-36	1.1755e-36	1.1755e-36	7.1046e-15	0.00e+00	0.00e+00	1.2386e+01
9.81552e+17	5.3531e+03	1.200e-22	1.0000e+01	4.0333e+00	1.7604e-06	6.3679e-01	3.6321e-01	5.4007e-01	4.5963e-01	3.0120e-04	1.7006e-09	2.0181e-02	9.3990e-01	3.9923e-02	1.1755e-36	6.8928e-01	3.1057e-01	1.4660e-04	1.1755e-36	1.1755e-36	1.1755e-36	9.1888e-15	0.00e+00	0.00e+00	1.2638e+01
9.87810e+17	5.3025e+03	1.160e-22	1.0000e+01	3.9317e+00	1.9559e-06	6.4649e-01	3.5351e-01	5.4541e-01	4.5429e-01	2.9954e-04	1.9694e-09	1.9786e-02	9.4120e-01	3.9016e-02	1.1755e-36	6.9833e-01	3.0153e-01	1.3789e-04	1.1755e-36	1.1755e-36	1.1755e-36	1.1904e-14	0.00e+00	0.00e+00	1.2893e+01
9.94076e+17	5.2475e+03	1.120e-22	1.0000e+01	3.8295e+00	2.1819e-06	6.5612e-01	3.4388e-01	5.5077e-01	4.4894e-01	2.9786e-04	2.2922e-09	1.9385e-02	9.4249e-01	3.8125e-02	1.1755e-36	7.0729e-01	2.9258e-01	1.2968e-04	1.1755e-36	1.1755e-36	1.1755e-36	1.5564e-14	0.00e+00	0.00e+00	1.3153e+01
1.00024e+18	5.1890e+03	1.082e-22	1.0000e+01	3.7320e+00	2.4419e-06	6.6569e-01	3.3430e-01	5.5620e-01	4.4350e-01	2.9588e-04	2.6799e-09	1.9001e-02	9.4375e-01	3.7245e-02	1.1755e-36	7.1616e-01	2.8371e-01	1.2200e-04	1.1755e-36	1.1755e-36	1.1755e-36	2.0511e-14	0.00e+00	0.00e+00	1.3408e+01
1.00610e+18	5.1370e+03	1.047e-22	1.0000e+01	3.6379e+00	2.7014e-06	6.7442e-01	3.2558e-01	5.6106e-01	4.3864e-01	2.9456e-04	3.0881e-09	1.8620e-02	9.4492e-01	3.6462e-02	1.1755e-36	7.2421e-01	2.7567e-01	1.1520e-04	1.1755e-36	1.1755e-36	1.1755e-36	2.6340e-14	0.00e+00	0.00e+00	1.3650e+01
1.01190e+18	5.0855e+03	1.012e-22	1.0000e+01	3.5477e+00	2.9842e-06	6.8300e-01	3.1700e-01	5.6606e-01	4.3365e-01	2.9300e-04	3.5566e-09	1.8254e-02	9.4607e-01	3.5675e-02	1.1755e-36	7.3209e-01	2.6780e-01	1.0876e-04	1.1755e-36	1.1755e-36	1.1755e-36	3.3764e-14	0.00e+00	0.00e+00	1.3905e+01
1.01798e+18	5.0239e+03	9.765e-23	1.0000e+01	3.4525e+00	3.3378e-06	6.9201e-01	3.0798e-01	5.7143e-01	4.2828e-01	2.9109e-04	4.1617e-09	1.7868e-02	9.4727e-01	3.4858e-02	1.1755e-36	7.4033e-01	2.5957e-01	1.0239e-04	1.1755e-36	1.1755e-36	1.1755e-36	4.4527e-14	0.00e+00	0.00e+00	1.4177e+01
1.02405e+18	4.9685e+03	9.421e-23	1.0000e+01	3.3589e+00	3.6979e-06	7.0061e-01	2.9939e-01	5.7639e-01	4.2332e-01	2.8984e-04	4.7340e-09	1.7479e-02	9.4845e-01	3.4070e-02	1.1755e-36	7.4818e-01	2.5172e-01	9.6471e-05	1.1755e-36	1.1755e-36	1.1755e-36	5.5961e-14	0.00e+00	0.00e+00	1.4438e+01
1.03002e+18	4.9064e+03	9.092e-23	1.0000e+01	3.2701e+00	4.1239e-06	7.0928e-01	2.9071e-01	5.8174e-01	4.1798e-01	2.8780e-04	5.3388e-09	1.7115e-02	9.4965e-01	3.3232e-02	1.1755e-36	7.5607e-01	2.4384e-01	9.0849e-05	1.1755e-36	1.1755e-36	1.1755e-36	6.9382e-14	0.00e+00	0.00e+00	1.4709e+01
1.03598e+18	4.8435e+03	8.774e-23	1.0000e+01	3.1815e+00	4.5918e-06	7.1771e-01	2.8229e-01	5.8689e-01	4.1282e-01	2.8602e-04	6.0029e-09	1.6747e-02	9.5082e-01	3.2430e-02	1.1755e-36	7.6369e-01	2.3622e-01	8.5617e-05	1.1755e-36	1.1755e-36	1.1755e-36	8.5600e-14	0.00e+00	0.00e+00	1.4975e+01
1.04178e+18	4.7806e+03	8.471e-23	1.0000e+01	3.0963e+00	5.0978e-06	7.2578e-01	2.7421e-01	5.9194e-01	4.0778e-01	2.8422e-04	6.7218e-09	1.6392e-02	9.5195e-01	3.1658e-02	1.1755e-36	7.7098e-01	2.2894e-01	8.0799e-05	1.1755e-36	1.1755e-36	1.1755e-36	1.0481e-13	0.00e+00	0.00e+00	1.5238e+01
1.04755e+18	4.7121e+03	8.179e-23	1.0000e+01	3.0126e+00	5.6811e-06	7.3381e-01	2.6619e-01	5.9713e-01	4.0259e-01	2.8211e-04	7.5348e-09	1.6045e-02	9.5307e-01	3.0882e-02	1.1755e-36	7.7820e-01	2.2172e-01	7.6246e-05	1.1755e-36	1.1755e-36	1.1755e-36	1.2860e-13	0.00e+00	0.00e+00	1.5506e+01
1.05327e+18	4.6475e+03	7.897e-23	1.0000e+01	2.9313e+00	6.2836e-06	7.4149e-01	2.5850e-01	6.0210e-01	3.9762e-01	2.8028e-04	8.3889e-09	1.5703e-02	9.5415e-01	3.0145e-02	1.1755e-36	7.8509e-01	2.1483e-01	7.2013e-05	1.1755e-36	1.1755e-36	1.1755e-36	1.5578e-13	0.00e+00	0.00e+00	1.5770e+01
1.05903e+18	4.5800e+03	7.620e-23	1.0000e+01	2.8507e+00	6.9535e-06	7.4914e-01	2.5086e-01	6.0723e-01	3.9249e-01	2.7822e-04	9.3331e-09	1.5364e-02	9.5524e-01	2.9400e-02	1.1755e-36	7.9192e-01	2.0801e-01	6.7957e-05	1.1755e-36	1.1755e-36	1.1755e-36	1.8833e-13	0.00e+00	0.00e+00	1.6049e+01
1.06503e+18	4.5083e+03	7.341e-23	1.0000e+01	2.7684e+00	7.7087e-06	7.5695e-01	2.4304e-01	6.1258e-01	3.8715e-01	2.7603e-04	1.0393e-08	1.5017e-02	9.5635e-01	2.8638e-02	1.1755e-36	7.9889e-01	2.0105e-01	6.3974e-05	1.1755e-36	1.1755e-36	1.1755e-36	2.2793e-13	0.00e+00	0.00e+00	1.6341e+01
1.07120e+18	4.4335e+03	7.063e-23	1.0000e+01	2.6853e+00	8.5419e-06	7.6482e-01	2.3517e-01	6.1805e-01	3.8168e-01	2.7374e-04	1.1556e-08	1.4666e-02	9.5746e-01	2.7870e-02	1.1755e-36	8.0588e-01	1.9406e-01	6.0119e-05	1.1755e-36	1.1755e-36	1.1755e-36	2.7489e-13	0.00e+00	0.00e+00	1.6642e+01
1.07751e+18	4.3571e+03	6.786e-23	1.0000e+01	2.6005e+00	9.4262e-06	7.7256e-01	2.2743e-01	6.2348e-01	3.7625e-01	2.7166e-04	1.2778e-08	1.4303e-02	9.5858e-01	2.7115e-02	1.1755e-36	8.1273e-01	1.8721e-01	5.6448e-05	1.1755e-36	1.1755e-36	1.1755e-36	3.2797e-13	0.00e+00	0.00e+00	1.6953e+01
1.08411e+18	4.2777e+03	6.507e-23	1.0000e+01	2.5150e+00	1.0384e-05	7.8050e-01	2.1949e-01	6.2925e-01	3.7048e-01	2.6929e-04	1.4106e-08	1.3938e-02	9.5973e-01	2.6333e-02	1.1755e-36	8.1972e-01	1.8022e-01	5.2822e-05	1.1755e-36	1.1755e-36	1.1755e-36	3.8945e-13	0.00e+00	0.00e+00	1.7289e+01
1.09121e+18	4.1857e+03	6.219e-23	1.0000e+01	2.4266e+00	1.1510e-05	7.8908e-01	2.1091e-01	6.3578e-01	3.6395e-01	2.6605e-04	1.5623e-08	1.3567e-02	9.6096e-01	2.5478e-02	1.1755e-36	8.2726e-01	1.7268e-01	4.9118e-05	1.1755e-36	1.1755e-36	1.1755e-36	4.6425e-13	0.00e+00	0.00e+00	1.7657e+01
1.09863e+18	4.0897e+03	5.931e-23	1.0000e+01	2.3348e+00	1.2673e-05	7.9767e-01	2.0232e-01	6.4227e-01	3.5746e-01	2.6311e-04	1.7142e-08	1.3178e-02	9.6218e-01	2.4637e-02	1.1755e-36	8.3479e-01	1.6516e-01	4.5563e-05	1.1755e-36	1.1755e-36	1.1755e-36	5.4338e-13	0.00e+00	0.00e+00	1.8032e+01
1.10600e+18	3.9944e+03	5.656e-23	1.0000e+01	2.2454e+00	1.3801e-05	8.0605e-01	1.9394e-01	6.4858e-01	3.5116e-01	2.6034e-04	1.8585e-08	1.2800e-02	9.6336e-01	2.3835e-02	1.1755e-36	8.4210e-01	1.5786e-01	4.2249e-05	1.1755e-36	1.1755e-36	1.1755e-36	6.2154e-13	0.00e+00	0.00e+00	1.8404e+01
###########################
1.88060e+14	6.1970e+03	3.592e-22	1.0000e+01	1.0141e+01	2.2425e-09	6.3099e-02	9.3690e-01	1.5968e-01	8.3950e-01	8.2237e-04	4.6584e-13	1.4838e-02	7.6769e-01	2.1746e-01	1.1751e-05	7.6002e-02	9.0878e-01	1.5218e-02	5.0835e-07	1.1755e-36	1.1755e-36	1.1222e-20	0.00e+00	0.00e+00	1.4988e-03
1.12836e+15	6.1879e+03	3.574e-22	1.0000e+01	1.0103e+01	2.2436e-09	6.2846e-02	9.3715e-01	1.5936e-01	8.3982e-01	8.2466e-04	4.6008e-13	1.4738e-02	7.6738e-01	2.1787e-01	1.1827e-05	7.5702e-02	9.0901e-01	1.5287e-02	5.1202e-07	1.1755e-36	1.1755e-36	1.1016e-20	0.00e+00	0.00e+00	7.4698e-03
4.88955e+15	6.1663e+03	3.555e-22	1.0000e+01	1.0098e+01	2.2922e-09	6.2867e-02	9.3713e-01	1.5997e-01	8.3921e-01	8.2048e-04	4.6172e-13	1.4741e-02	7.6818e-01	2.1707e-01	1.1751e-05	7.5744e-02	9.0899e-01	1.5262e-02	5.0838e-07	1.1755e-36	1.1755e-36	1.1068e-20	0.00e+00	0.00e+00	3.1362e-02
1.99343e+16	6.1034e+03	3.511e-22	1.0000e+01	1.0090e+01	2.4970e-09	6.3570e-02	9.3643e-01	1.6267e-01	8.3653e-01	8.0260e-04	4.7899e-13	1.4906e-02	7.7148e-01	2.1360e-01	1.1354e-05	7.6648e-02	9.0836e-01	1.4994e-02	4.8408e-07	1.1755e-36	1.1755e-36	1.1672e-20	0.00e+00	0.00e+00	1.2800e-01
4.76167e+16	5.8857e+03	3.372e-22	1.0000e+01	1.0091e+01	3.0110e-09	6.2910e-02	9.3709e-01	1.6717e-01	8.3206e-01	7.7397e-04	4.8249e-13	1.4922e-02	7.7723e-01	2.0784e-01	1.1016e-05	7.5987e-02	9.0894e-01	1.5076e-02	4.7657e-07	1.1755e-36	1.1755e-36	1.1854e-20	0.00e+00	0.00e+00	2.5232e-01
7.37472e+16	5.6905e+03	3.259e-22	1.0000e+01	1.0095e+01	3.5660e-09	6.2218e-02	9.3778e-01	1.7077e-01	8.2848e-01	7.5198e-04	4.8498e-13	1.4907e-02	7.8184e-01	2.0324e-01	1.0769e-05	7.5273e-02	9.0955e-01	1.5173e-02	4.7268e-07	1.1755e-36	1.1755e-36	1.2101e-20	0.00e+00	0.00e+00	3.3471e-01
9.23764e+16	5.6006e+03	3.209e-22	1.0000e+01	1.0091e+01	3.9471e-09	6.2491e-02	9.3751e-01	1.7329e-01	8.2597e-01	7.3742e-04	4.9854e-13	1.5008e-02	7.8486e-01	2.0012e-01	1.0484e-05	7.5672e-02	9.0932e-01	1.5008e-02	4.5689e-07	1.1755e-36	1.1755e-36	1.2729e-20	0.00e+00	0.00e+00	3.9900e-01
1.11111e+17	5.5534e+03	3.181e-22	1.0000e+01	1.0083e+01	4.3145e-09	6.3585e-02	9.3642e-01	1.7621e-01	8.2307e-01	7.2161e-04	5.2624e-13	1.5240e-02	7.8803e-01	1.9672e-01	1.0060e-05	7.7053e-02	9.0835e-01	1.4598e-02	4.2785e-07	1.1755e-36	1.1755e-36	1.3894e-20	0.00e+00	0.00e+00	4.8404e-01
1.35465e+17	5.5012e+03	3.152e-22	1.0000e+01	1.0067e+01	4.8436e-09	6.5288e-02	9.3471e-01	1.8014e-01	8.1916e-01	7.0157e-04	5.6943e-13	1.5582e-02	7.9209e-01	1.9232e-01	9.4975e-06	7.9187e-02	9.0680e-01	1.4015e-02	3.8953e-07	1.1755e-36	1.1755e-36	1.5789e-20	0.00e+00	0.00e+00	5.9756e-01
1.67126e+17	5.4539e+03	3.120e-22	1.0000e+01	1.0033e+01	5.5642e-09	6.7834e-02	9.3217e-01	1.8524e-01	8.1408e-01	6.7747e-04	6.3489e-13	1.6063e-02	7.9709e-01	1.8684e-01	8.7852e-06	8.2354e-02	9.0443e-01	1.3213e-02	3.4139e-07	1.1755e-36	1.1755e-36	1.8811e-20	0.00e+00	0.00e+00	7.5088e-01
2.08285e+17	5.4198e+03	3.092e-22	1.0000e+01	9.9891e+00	6.5917e-09	7.1848e-02	9.2815e-01	1.9227e-01	8.0708e-01	6.4745e-04	7.4333e-13	1.6782e-02	8.0349e-01	1.7972e-01	7.8666e-06	8.7309e-02	9.0058e-01	1.2107e-02	2.8226e-07	1.1755e-36	1.1755e-36	2.4170e-20	0.00e+00	0.00e+00	9.6199e-01
2.61792e+17	5.4197e+03	3.063e-22	1.0000e+01	9.9086e+00	8.0066e-09	7.8117e-02	9.2188e-01	2.0184e-01	7.9755e-01	6.1195e-04	9.2512e-13	1.7824e-02	8.1138e-01	1.7079e-01	6.7466e-06	9.4992e-02	8.9436e-01	1.0646e-02	2.1511e-07	1.1755e-36	1.1755e-36	3.4006e-20	0.00e+00	0.00e+00	1.2604e+00
3.25285e+17	5.4490e+03	3.050e-22	1.0000e+01	9.8038e+00	1.0094e-08	8.7551e-02	9.1245e-01	2.1425e-01	7.8518e-01	5.7354e-04	1.2393e-12	1.9233e-02	8.2056e-01	1.6020e-01	5.5180e-06	1.0647e-01	8.8459e-01	8.9464e-03	1.5056e-07	1.1755e-36	1.1755e-36	5.3560e-20	0.00e+00	0.00e+00	1.6281e+00
3.74616e+17	5.5129e+03	3.054e-22	1.0000e+01	9.7094e+00	1.1752e-08	9.6351e-02	9.0365e-01	2.2304e-01	7.7640e-01	5.5390e-04	1.5628e-12	2.0373e-02	8.2645e-01	1.5317e-01	4.7184e-06	1.1708e-01	8.7519e-01	7.7327e-03	1.1755e-36	1.1755e-36	1.1755e-36	7.6521e-20	0.00e+00	0.00e+00	1.8238e+00
4.02095e+17	5.5704e+03	3.057e-22	1.0000e+01	9.6430e+00	1.2717e-08	1.0236e-01	8.9764e-01	2.2882e-01	7.7064e-01	5.4191e-04	1.8034e-12	2.1092e-02	8.2999e-01	1.4891e-01	4.2717e-06	1.2428e-01	8.6868e-01	7.0399e-03	1.1755e-36	1.1755e-36	1.1755e-36	9.4854e-20	0.00e+00	0.00e+00	1.9711e+00
4.28313e+17	5.6159e+03	3.060e-22	1.0000e+01	9.5689e+00	1.4066e-08	1.0917e-01	8.9083e-01	2.3567e-01	7.6380e-01	5.2699e-04	2.1146e-12	2.1857e-02	8.3406e-01	1.4408e-01	3.8274e-06	1.3243e-01	8.6120e-01	6.3698e-03	1.1755e-36	1.1755e-36	1.1755e-36	1.2084e-19	0.00e+00	0.00e+00	2.1755e+00
4.58578e+17	5.6700e+03	3.072e-22	1.0000e+01	9.4991e+00	1.5963e-08	1.1821e-01	8.8179e-01	2.4401e-01	7.5548e-01	5.1026e-04	2.5807e-12	2.2812e-02	8.3888e-01	1.3831e-01	3.3443e-06	1.4318e-01	8.5119e-01	5.6351e-03	1.1755e-36	1.1755e-36	1.1755e-36	1.6396e-19	0.00e+00	0.00e+00	2.4061e+00
4.87024e+17	5.7378e+03	3.069e-22	1.0000e+01	9.3822e+00	1.7658e-08	1.2724e-01	8.7276e-01	2.5152e-01	7.4798e-01	4.9829e-04	3.0787e-12	2.3596e-02	8.4280e-01	1.3360e-01	2.9584e-06	1.5387e-01	8.4112e-01	5.0094e-03	1.1755e-36	1.1755e-36	1.1755e-36	2.1415e-19	0.00e+00	0.00e+00	2.6150e+00
5.13568e+17	5.8035e+03	3.066e-22	1.0000e+01	9.2819e+00	1.9640e-08	1.3710e-01	8.6290e-01	2.5960e-01	7.3991e-01	4.8549e-04	3.6987e-12	2.4408e-02	8.4692e-01	1.2867e-01	2.6046e-06	1.6548e-01	8.3008e-01	4.4426e-03	1.1755e-36	1.1755e-36	1.1755e-36	2.8290e-19	0.00e+00	0.00e+00	2.8495e+00
5.40535e+17	5.8570e+03	3.070e-22	1.0000e+01	9.1829e+00	2.2505e-08	1.4883e-01	8.5117e-01	2.6891e-01	7.3062e-01	4.7115e-04	4.5651e-12	2.5288e-02	8.5146e-01	1.2325e-01	2.2618e-06	1.7922e-01	8.1688e-01	3.8973e-03	1.1755e-36	1.1755e-36	1.1755e-36	3.9195e-19	0.00e+00	0.00e+00	3.1018e+00
5.64500e+17	5.9293e+03	3.051e-22	1.0000e+01	9.0363e+00	2.4635e-08	1.5946e-01	8.4054e-01	2.7638e-01	7.2316e-01	4.6292e-04	5.3866e-12	2.5874e-02	8.5482e-01	1.1931e-01	2.0126e-06	1.9159e-01	8.0494e-01	3.4699e-03	1.1755e-36	1.1755e-36	1.1755e-36	5.0369e-19	0.00e+00	0.00e+00	3.3141e+00
5.87234e+17	5.9746e+03	3.035e-22	1.0000e+01	8.9044e+00	2.7922e-08	1.7141e-01	8.2859e-01	2.8535e-01	7.1420e-01	4.5122e-04	6.5013e-12	2.6505e-02	8.5872e-01	1.1478e-01	1.7725e-06	2.0544e-01	7.9148e-01	3.0753e-03	1.1755e-36	1.1755e-36	1.1755e-36	6.7554e-19	0.00e+00	0.00e+00	3.5780e+00
6.09783e+17	6.0232e+03	3.020e-22	1.0000e+01	8.7786e+00	3.1725e-08	1.8464e-01	8.1536e-01	2.9427e-01	7.0528e-01	4.4100e-04	7.9022e-12	2.7126e-02	8.6258e-01	1.1029e-01	1.5560e-06	2.2067e-01	7.7662e-01	2.7138e-03	1.1755e-36	1.1755e-36	1.1755e-36	9.1762e-19	0.00e+00	0.00e+00	3.8196e+00
6.28781e+17	6.0683e+03	2.996e-22	1.0000e+01	8.6435e+00	3.5227e-08	1.9650e-01	8.0350e-01	3.0196e-01	6.9761e-01	4.3344e-04	9.2968e-12	2.7545e-02	8.6574e-01	1.0672e-01	1.3945e-06	2.3423e-01	7.6334e-01	2.4362e-03	1.1755e-36	1.1755e-36	1.1755e-36	1.1842e-18	0.00e+00	0.00e+00	4.0340e+00
6.46114e+17	6.1083e+03	2.966e-22	1.0000e+01	8.5138e+00	3.8979e-08	2.0826e-01	7.9174e-01	3.0963e-01	6.8994e-01	4.2584e-04	1.0858e-11	2.7903e-02	8.6878e-01	1.0332e-01	1.2556e-06	2.4761e-01	7.5019e-01	2.1975e-03	1.1755e-36	1.1755e-36	1.1755e-36	1.5120e-18	0.00e+00	0.00e+00	4.2626e+00
6.63835e+17	6.1329e+03	2.935e-22	1.0000e+01	8.3743e+00	4.4190e-08	2.2157e-01	7.7843e-01	3.1822e-01	6.8137e-01	4.1724e-04	1.2923e-11	2.8246e-02	8.7210e-01	9.9654e-02	1.1213e-06	2.6267e-01	7.3536e-01	1.9685e-03	1.1755e-36	1.1755e-36	1.1755e-36	2.0010e-18	0.00e+00	0.00e+00	4.5153e+00
6.80520e+17	6.1600e+03	2.899e-22	1.0000e+01	8.2356e+00	4.9628e-08	2.3490e-01	7.6510e-01	3.2623e-01	6.7336e-01	4.1031e-04	1.5239e-11	2.8513e-02	8.7517e-01	9.6317e-02	1.0075e-06	2.7764e-01	7.2058e-01	1.7707e-03	1.1755e-36	1.1755e-36	1.1755e-36	2.6107e-18	0.00e+00	0.00e+00	4.7424e+00
6.95165e+17	6.1821e+03	2.861e-22	1.0000e+01	8.1030e+00	5.5153e-08	2.4735e-01	7.5265e-01	3.3366e-01	6.6593e-01	4.0412e-04	1.7682e-11	2.8694e-02	8.7792e-01	9.3381e-02	9.1517e-07	2.9155e-01	7.0684e-01	1.6088e-03	1.1755e-36	1.1755e-36	1.1755e-36	3.3218e-18	0.00e+00	0.00e+00	4.9607e+00
7.09128e+17	6.2009e+03	2.819e-22	1.0000e+01	7.9696e+00	6.1250e-08	2.5994e-01	7.4006e-01	3.4107e-01	6.5853e-01	3.9821e-04	2.0466e-11	2.8825e-02	8.8063e-01	9.0547e-02	8.3305e-07	3.0553e-01	6.9301e-01	1.4642e-03	1.1755e-36	1.1755e-36	1.1755e-36	4.2153e-18	0.00e+00	0.00e+00	5.1897e+00
7.23111e+17	6.2068e+03	2.774e-22	1.0000e+01	7.8284e+00	6.9088e-08	2.7349e-01	7.2651e-01	3.4903e-01	6.5057e-01	3.9176e-04	2.3959e-11	2.8920e-02	8.8345e-01	8.7631e-02	7.5573e-07	3.2050e-01	6.7817e-01	1.3286e-03	1.1755e-36	1.1755e-36	1.1755e-36	5.4734e-18	0.00e+00	0.00e+00	5.4317e+00
7.36295e+17	6.2128e+03	2.727e-22	1.0000e+01	7.6919e+00	7.7437e-08	2.8692e-01	7.1308e-01	3.5657e-01	6.4304e-01	3.8625e-04	2.7865e-11	2.8969e-02	8.8610e-01	8.4926e-02	6.8890e-07	3.3522e-01	6.6357e-01	1.2101e-03	1.1755e-36	1.1755e-36	1.1755e-36	7.0367e-18	0.00e+00	0.00e+00	5.6556e+00
7.48200e+17	6.2138e+03	2.682e-22	1.0000e+01	7.5654e+00	8.6401e-08	2.9978e-01	7.0022e-01	3.6380e-01	6.3582e-01	3.8094e-04	3.2156e-11	2.8986e-02	8.8858e-01	8.2433e-02	6.3207e-07	3.4925e-01	6.4964e-01	1.1092e-03	1.1755e-36	1.1755e-36	1.1755e-36	8.9435e-18	0.00e+00	0.00e+00	5.8724e+00
7.59451e+17	6.2147e+03	2.633e-22	1.0000e+01	7.4337e+00	9.5740e-08	3.1220e-01	6.8780e-01	3.7064e-01	6.2898e-01	3.7641e-04	3.6789e-11	2.8936e-02	8.9090e-01	8.0158e-02	5.8297e-07	3.6272e-01	6.3626e-01	1.0208e-03	1.1755e-36	1.1755e-36	1.1755e-36	1.1212e-17	0.00e+00	0.00e+00	6.0901e+00
7.70634e+17	6.2120e+03	2.581e-22	1.0000e+01	7.2994e+00	1.0653e-07	3.2513e-01	6.7487e-01	3.7777e-01	6.2186e-01	3.7172e-04	4.2278e-11	2.8858e-02	8.9327e-01	7.7869e-02	5.3697e-07	3.7665e-01	6.2241e-01	9.3797e-04	1.1755e-36	1.1755e-36	1.1755e-36	1.4178e-17	0.00e+00	0.00e+00	6.3226e+00
7.81884e+17	6.2042e+03	2.525e-22	1.0000e+01	7.1590e+00	1.1926e-07	3.3867e-01	6.6133e-01	3.8513e-01	6.1451e-01	3.6702e-04	4.8876e-11	2.8739e-02	8.9568e-01	7.5578e-02	4.9393e-07	3.9116e-01	6.0798e-01	8.6019e-04	1.1755e-36	1.1755e-36	1.1755e-36	1.8144e-17	0.00e+00	0.00e+00	6.5616e+00
7.92709e+17	6.1940e+03	2.469e-22	1.0000e+01	7.0184e+00	1.3330e-07	3.5211e-01	6.4789e-01	3.9231e-01	6.0733e-01	3.6271e-04	5.6372e-11	2.8583e-02	8.9800e-01	7.3413e-02	4.5567e-07	4.0547e-01	5.9374e-01	7.9057e-04	1.1755e-36	1.1755e-36	1.1755e-36	2.3156e-17	0.00e+00	0.00e+00	6.7945e+00
8.02916e+17	6.1817e+03	2.412e-22	1.0000e+01	6.8798e+00	1.4842e-07	3.6513e-01	6.3487e-01	3.9919e-01	6.0045e-01	3.5884e-04	6.4675e-11	2.8393e-02	9.0021e-01	7.1400e-02	4.2216e-07	4.1926e-01	5.8002e-01	7.2928e-04	1.1755e-36	1.1755e-36	1.1755e-36	2.9319e-17	0.00e+00	0.00e+00	7.0237e+00
8.12767e+17	6.1674e+03	2.355e-22	1.0000e+01	6.7433e+00	1.6511e-07	3.7811e-01	6.2189e-01	4.0603e-01	5.9362e-01	3.5507e-04	7.4146e-11	2.8182e-02	9.0236e-01	6.9455e-02	3.9178e-07	4.3291e-01	5.6642e-01	6.7362e-04	1.1755e-36	1.1755e-36	1.1755e-36	3.7099e-17	0.00e+00	0.00e+00	7.2567e+00
8.22475e+17	6.1497e+03	2.296e-22	1.0000e+01	6.6058e+00	1.8411e-07	3.9129e-01	6.0871e-01	4.1294e-01	5.8671e-01	3.5133e-04	8.5232e-11	2.7945e-02	9.0451e-01	6.7543e-02	3.6368e-07	4.4670e-01	5.5268e-01	6.2211e-04	1.1755e-36	1.1755e-36	1.1755e-36	4.7207e-17	0.00e+00	0.00e+00	7.4953e+00
8.31980e+17	6.1286e+03	2.237e-22	1.0000e+01	6.4677e+00	2.0559e-07	4.0452e-01	5.9548e-01	4.1983e-01	5.7982e-01	3.4775e-04	9.8113e-11	2.7682e-02	9.0663e-01	6.5691e-02	3.3799e-07	4.6046e-01	5.3897e-01	5.7491e-04	1.1755e-36	1.1755e-36	1.1755e-36	6.0281e-17	0.00e+00	0.00e+00	7.7342e+00
8.41136e+17	6.1057e+03	2.178e-22	1.0000e+01	6.3310e+00	2.2919e-07	4.1753e-01	5.8247e-01	4.2653e-01	5.7312e-01	3.4443e-04	1.1273e-10	2.7397e-02	9.0867e-01	6.3934e-02	3.1493e-07	4.7390e-01	5.2556e-01	5.3239e-04	1.1755e-36	1.1755e-36	1.1755e-36	7.6783e-17	0.00e+00	0.00e+00	7.9704e+00
8.49963e+17	6.0812e+03	2.120e-22	1.0000e+01	6.1965e+00	2.5507e-07	4.3031e-01	5.6969e-01	4.3310e-01	5.6656e-01	3.4131e-04	1.2931e-10	2.7095e-02	9.1065e-01	6.2257e-02	2.9408e-07	4.8704e-01	5.1246e-01	4.9390e-04	1.1755e-36	1.1755e-36	1.1755e-36	9.7582e-17	0.00e+00	0.00e+00	8.2067e+00
8.58596e+17	6.0546e+03	2.062e-22	1.0000e+01	6.0631e+00	2.8397e-07	4.4306e-01	5.5694e-01	4.3965e-01	5.6002e-01	3.3827e-04	1.4847e-10	2.6777e-02	9.1259e-01	6.0628e-02	2.7489e-07	5.0007e-01	4.9947e-01	4.5848e-04	1.1755e-36	1.1755e-36	1.1755e-36	1.2427e-16	0.00e+00	0.00e+00	8.4464e+00
8.67092e+17	6.0256e+03	2.003e-22	1.0000e+01	5.9298e+00	3.1650e-07	4.5582e-01	5.4418e-01	4.4618e-01	5.5348e-01	3.3532e-04	1.7077e-10	2.6443e-02	9.1452e-01	5.9040e-02	2.5716e-07	5.1304e-01	4.8653e-01	4.2574e-04	1.1755e-36	1.1755e-36	1.1755e-36	1.5884e-16	0.00e+00	0.00e+00	8.6888e+00
8.75400e+17	5.9941e+03	1.945e-22	1.0000e+01	5.7974e+00	3.5291e-07	4.6849e-01	5.3151e-01	4.5264e-01	5.4703e-01	3.3250e-04	1.9660e-10	2.6093e-02	9.1640e-01	5.7509e-02	2.4090e-07	5.2584e-01	4.7376e-01	3.9570e-04	1.1755e-36	1.1755e-36	1.1755e-36	2.0346e-16	0.00e+00	0.00e+00	8.9312e+00
8.83469e+17	5.9611e+03	1.889e-22	1.0000e+01	5.6669e+00	3.9314e-07	4.8092e-01	5.1908e-01	4.5897e-01	5.4070e-01	3.2985e-04	2.2618e-10	2.5731e-02	9.1822e-01	5.6043e-02	2.2608e-07	5.3834e-01	4.6129e-01	3.6832e-04	1.1755e-36	1.1755e-36	1.1755e-36	2.6040e-16	0.00e+00	0.00e+00	9.1724e+00
8.91321e+17	5.9269e+03	1.833e-22	1.0000e+01	5.5385e+00	4.3751e-07	4.9315e-01	5.0685e-01	4.6519e-01	5.3448e-01	3.2733e-04	2.6008e-10	2.5362e-02	9.2000e-01	5.4636e-02	2.1251e-07	5.5056e-01	4.4910e-01	3.4326e-04	1.1755e-36	1.1755e-36	1.1755e-36	3.3305e-16	0.00e+00	0.00e+00	9.4141e+00
8.99028e+17	5.8912e+03	1.777e-22	1.0000e+01	5.4117e+00	4.8689e-07	5.0526e-01	4.9474e-01	4.7136e-01	5.2831e-01	3.2489e-04	2.9931e-10	2.4983e-02	9.2175e-01	5.3269e-02	1.9994e-07	5.6259e-01	4.3709e-01	3.2010e-04	1.1755e-36	1.1755e-36	1.1755e-36	4.2663e-16	0.00e+00	0.00e+00	9.6582e+00
9.06627e+17	5.8537e+03	1.723e-22	1.0000e+01	5.2860e+00	5.4222e-07	5.1730e-01	4.8270e-01	4.7751e-01	5.2217e-01	3.2252e-04	3.4499e-10	2.4596e-02	9.2347e-01	5.1938e-02	1.8827e-07	5.7450e-01	4.2520e-01	2.9861e-04	1.1755e-36	1.1755e-36	1.1755e-36	5.4813e-16	0.00e+00	0.00e+00	9.9047e+00
9.14097e+17	5.8141e+03	1.669e-22	1.0000e+01	5.1615e+00	6.0424e-07	5.2921e-01	4.7079e-01	4.8360e-01	5.1608e-01	3.2023e-04	3.9821e-10	2.4201e-02	9.2515e-01	5.0648e-02	1.7745e-07	5.8621e-01	4.1351e-01	2.7874e-04	1.1755e-36	1.1755e-36	1.1755e-36	7.0617e-16	0.00e+00	0.00e+00	1.0152e+01
9.21397e+17	5.7730e+03	1.616e-22	1.0000e+01	5.0391e+00	6.7324e-07	5.4090e-01	4.5910e-01	4.8958e-01	5.1010e-01	3.1804e-04	4.5974e-10	2.3802e-02	9.2679e-01	4.9408e-02	1.6749e-07	5.9765e-01	4.0209e-01	2.6048e-04	1.1755e-36	1.1755e-36	1.1755e-36	9.1037e-16	0.00e+00	0.00e+00	1.0398e+01
9.28513e+17	5.7309e+03	1.565e-22	1.0000e+01	4.9192e+00	7.4930e-07	5.5231e-01	4.4769e-01	4.9544e-01	5.0425e-01	3.1597e-04	5.3042e-10	2.3401e-02	9.2838e-01	4.8219e-02	1.5833e-07	6.0876e-01	3.9100e-01	2.4373e-04	1.1755e-36	1.1755e-36	1.1755e-36	1.1722e-15	0.00e+00	0.00e+00	1.0643e+01
9.35490e+17	5.6880e+03	1.515e-22	1.0000e+01	4.8017e+00	8.3342e-07	5.6351e-01	4.3649e-01	5.0124e-01	4.9844e-01	3.1390e-04	6.1198e-10	2.3000e-02	9.2993e-01	4.7069e-02	1.4983e-07	6.1960e-01	3.8017e-01	2.2825e-04	1.1755e-36	1.1755e-36	1.1755e-36	1.5093e-15	0.00e+00	0.00e+00	1.0889e+01
9.42383e+17	5.6441e+03	1.467e-22	1.0000e+01	4.6858e+00	9.2706e-07	5.7457e-01	4.2543e-01	5.0699e-01	4.9270e-01	3.1193e-04	7.0676e-10	2.2596e-02	9.3146e-01	4.5948e-02	1.4189e-07	6.3026e-01	3.6952e-01	2.1383e-04	1.1755e-36	1.1755e-36	1.1755e-36	1.9466e-15	0.00e+00	0.00e+00	1.1138e+01
9.49210e+17	5.5987e+03	1.419e-22	1.0000e+01	4.5714e+00	1.0319e-06	5.8552e-01	4.1448e-01	5.1271e-01	4.8698e-01	3.1001e-04	8.1749e-10	2.2189e-02	9.3296e-01	4.4855e-02	1.3444e-07	6.4076e-01	3.5903e-01	2.0035e-04	1.1755e-36	1.1755e-36	1.1755e-36	2.5174e-15	0.00e+00	0.00e+00	1.1389e+01
9.55950e+17	5.5513e+03	1.372e-22	1.0000e+01	4.4586e+00	1.1498e-06	5.9632e-01	4.0368e-01	5.1839e-01	4.8130e-01	3.0813e-04	9.4722e-10	2.1781e-02	9.3443e-01	4.3792e-02	1.2748e-07	6.5107e-01	3.4874e-01	1.8782e-04	1.1755e-36	1.1755e-36	1.1755e-36	3.2662e-15	0.00e+00	0.00e+00	1.1641e+01
9.62554e+17	5.5022e+03	1.327e-22	1.0000e+01	4.3481e+00	1.2814e-06	6.0687e-01	3.9313e-01	5.2397e-01	4.7572e-01	3.0629e-04	1.0982e-09	2.1375e-02	9.3586e-01	4.2768e-02	1.1755e-36	6.6110e-01	3.3872e-01	1.7626e-04	1.1755e-36	1.1755e-36	1.1755e-36	4.2425e-15	0.00e+00	0.00e+00	1.1891e+01
9.68989e+17	5.4528e+03	1.283e-22	1.0000e+01	4.2406e+00	1.4260e-06	6.1708e-01	3.8292e-01	5.2940e-01	4.7029e-01	3.0457e-04	1.2712e-09	2.0973e-02	9.3724e-01	4.1790e-02	1.1755e-36	6.7076e-01	3.2908e-01	1.6565e-04	1.1755e-36	1.1755e-36	1.1755e-36	5.4958e-15	0.00e+00	0.00e+00	1.2138e+01
9.75294e+17	5.4032e+03	1.241e-22	1.0000e+01	4.1360e+00	1.5847e-06	6.2701e-01	3.7299e-01	5.3474e-01	4.6495e-01	3.0288e-04	1.4700e-09	2.0576e-02	9.3858e-01	4.0847e-02	1.1755e-36	6.8011e-01	3.1973e-01	1.5582e-04	1.1755e-36	1.1755e-36	1.1755e-36	7.1043e-15	0.00e+00	0.00e+00	1.2386e+01
9.81552e+17	5.3531e+03	1.200e-22	1.0000e+01	4.0333e+00	1.7604e-06	6.3679e-01	3.6321e-01	5.4007e-01	4.5963e-01	3.0120e-04	1.7005e-09	2.0182e-02	9.3989e-01	3.9924e-02	1.1755e-36	6.8928e-01	3.1057e-01	1.4660e-04	1.1755e-36	1.1755e-36	1.1755e-36	9.1884e-15	0.00e+00	0.00e+00	1.2638e+01
9.87810e+17	5.3025e+03	1.160e-22	1.0000e+01	3.9317e+00	1.9558e-06	6.4648e-01	3.5351e-01	5.4541e-01	4.5430e-01	2.9955e-04	1.9694e-09	1.9786e-02	9.4120e-01	3.9016e-02	1.1755e-36	6.9833e-01	3.0153e-01	1.3789e-04	1.1755e-36	1.1755e-36	1.1755e-36	1.1903e-14	0.00e+00	0.00e+00	1.2893e+01
9.94076e+17	5.2475e+03	1.120e-22	1.0000e+01	3.8295e+00	2.1818e-06	6.5612e-01	3.4388e-01	5.5076e-01	4.4894e-01	2.9786e-04	2.2922e-09	1.9386e-02	9.4249e-01	3.8126e-02	1.1755e-36	7.0729e-01	2.9258e-01	1.2969e-04	1.1755e-36	1.1755e-36	1.1755e-36	1.5563e-14	0.00e+00	0.00e+00	1.3153e+01
1.00024e+18	5.1890e+03	1.082e-22	1.0000e+01	3.7320e+00	2.4419e-06	6.6569e-01	3.3430e-01	5.5620e-01	4.4350e-01	2.9588e-04	2.6799e-09	1.9001e-02	9.4375e-01	3.7245e-02	1.1755e-36	7.1616e-01	2.8371e-01	1.2200e-04	1.1755e-36	1.1755e-36	1.1755e-36	2.0510e-14	0.00e+00	0.00e+00	1.3408e+01
1.00610e+18	5.1370e+03	1.047e-22	1.0000e+01	3.6380e+00	2.7014e-06	6.7442e-01	3.2558e-01	5.6106e-01	4.3864e-01	2.9456e-04	3.0880e-09	1.8621e-02	9.4492e-01	3.6462e-02	1.1755e-36	7.2421e-01	2.7568e-01	1.1520e-04	1.1755e-36	1.1755e-36	1.1755e-36	2.6340e-14	0.00e+00	0.00e+00	1.3650e+01
1.01190e+18	5.0855e+03	1.012e-22	1.0000e+01	3.5477e+00	2.9842e-06	6.8300e-01	3.1700e-01	5.6606e-01	4.3365e-01	2.9300e-04	3.5565e-09	1.8254e-02	9.4607e-01	3.5676e-02	1.1755e-36	7.3209e-01	2.6780e-01	1.0876e-04	1.1755e-36	1.1755e-36	1.1755e-36	3.3763e-14	0.00e+00	0.00e+00	1.3905e+01
1.01798e+18	5.0240e+03	9.765e-23	1.0000e+01	3.4525e+00	3.3374e-06	6.9201e-01	3.0799e-01	5.7143e-01	4.2828e-01	2.9109e-04	4.1611e-09	1.7868e-02	9.4727e-01	3.4858e-02	1.1755e-36	7.4033e-01	2.5957e-01	1.0239e-04	1.1755e-36	1.1755e-36	1.1755e-36	4.4516e-14	0.00e+00	0.00e+00	1.4177e+01
1.02405e+18	4.9685e+03	9.421e-23	1.0000e+01	3.3589e+00	3.6978e-06	7.0061e-01	2.9939e-01	5.7639e-01	4.2332e-01	2.8984e-04	4.7340e-09	1.7479e-02	9.4845e-01	3.4070e-02	1.1755e-36	7.4818e-01	2.5172e-01	9.6469e-05	1.1755e-36	1.1755e-36	1.1755e-36	5.5960e-14	0.00e+00	0.00e+00	1.4438e+01
1.03003e+18	4.9064e+03	9.092e-23	1.0000e+01	3.2700e+00	4.1241e-06	7.0929e-01	2.9071e-01	5.8174e-01	4.1797e-01	2.8780e-04	5.3392e-09	1.7115e-02	9.4965e-01	3.3232e-02	1.1755e-36	7.5607e-01	2.4384e-01	9.0845e-05	1.1755e-36	1.1755e-36	1.1755e-36	6.9392e-14	0.00e+00	0.00e+00	1.4709e+01
1.03598e+18	4.8435e+03	8.774e-23	1.0000e+01	3.1814e+00	4.5919e-06	7.1771e-01	2.8229e-01	5.8689e-01	4.1282e-01	2.8602e-04	6.0031e-09	1.6747e-02	9.5082e-01	3.2430e-02	1.1755e-36	7.6369e-01	2.3622e-01	8.5615e-05	1.1755e-36	1.1755e-36	1.1755e-36	8.5605e-14	0.00e+00	0.00e+00	1.4975e+01
1.04178e+18	4.7806e+03	8.471e-23	1.0000e+01	3.0963e+00	5.0976e-06	7.2578e-01	2.7421e-01	5.9194e-01	4.0778e-01	2.8423e-04	6.7216e-09	1.6392e-02	9.5195e-01	3.1658e-02	1.1755e-36	7.7098e-01	2.2894e-01	8.0800e-05	1.1755e-36	1.1755e-36	1.1755e-36	1.0481e-13	0.00e+00	0.00e+00	1.5238e+01
1.04755e+18	4.7121e+03	8.179e-23	1.0000e+01	3.0127e+00	5.6809e-06	7.3380e-01	2.6619e-01	5.9713e-01	4.0259e-01	2.8212e-04	7.5345e-09	1.6045e-02	9.5307e-01	3.0882e-02	1.1755e-36	7.7820e-01	2.2172e-01	7.6247e-05	1.1755e-36	1.1755e-36	1.1755e-36	1.2859e-13	0.00e+00	0.00e+00	1.5506e+01
1.05327e+18	4.6476e+03	7.897e-23	1.0000e+01	2.9314e+00	6.2834e-06	7.4149e-01	2.5850e-01	6.0210e-01	3.9762e-01	2.8028e-04	8.3887e-09	1.5703e-02	9.5415e-01	3.0146e-02	1.1755e-36	7.8509e-01	2.1483e-01	7.2013e-05	1.1755e-36	1.1755e-36	1.1755e-36	1.5577e-13	0.00e+00	0.00e+00	1.5770e+01
1.05903e+18	4.5800e+03	7.620e-23	1.0000e+01	2.8507e+00	6.9534e-06	7.4914e-01	2.5086e-01	6.0723e-01	3.9249e-01	2.7823e-04	9.3331e-09	1.5364e-02	9.5524e-01	2.9401e-02	1.1755e-36	7.9193e-01	2.0801e-01	6.7957e-05	1.1755e-36	1.1755e-36	1.1755e-36	1.8833e-13	0.00e+00	0.00e+00	1.6049e+01
1.06503e+18	4.5084e+03	7.341e-23	1.0000e+01	2.7684e+00	7.7086e-06	7.5695e-01	2.4304e-01	6.1257e-01	3.8715e-01	2.7603e-04	1.0393e-08	1.5017e-02	9.5634e-01	2.8638e-02	1.1755e-36	7.9889e-01	2.0105e-01	6.3974e-05	1.1755e-36	1.1755e-36	1.1755e-36	2.2792e-13	0.00e+00	0.00e+00	1.6341e+01
1.07120e+18	4.4336e+03	7.063e-23	1.0000e+01	2.6853e+00	8.5416e-06	7.6483e-01	2.3517e-01	6.1805e-01	3.8168e-01	2.7374e-04	1.1556e-08	1.4666e-02	9.5746e-01	2.7870e-02	1.1755e-36	8.0588e-01	1.9406e-01	6.0118e-05	1.1755e-36	1.1755e-36	1.1755e-36	2.7489e-13	0.00e+00	0.00e+00	1.6642e+01
1.07751e+18	4.3571e+03	6.786e-23	1.0000e+01	2.6005e+00	9.4259e-06	7.7256e-01	2.2743e-01	6.2348e-01	3.7625e-01	2.7166e-04	1.2778e-08	1.4304e-02	9.5858e-01	2.7116e-02	1.1755e-36	8.1273e-01	1.8721e-01	5.6447e-05	1.1755e-36	1.1755e-36	1.1755e-36	3.2798e-13	0.00e+00	0.00e+00	1.6953e+01
1.08411e+18	4.2778e+03	6.507e-23	1.0000e+01	2.5150e+00	1.0384e-05	7.8050e-01	2.1949e-01	6.2924e-01	3.7049e-01	2.6930e-04	1.4106e-08	1.3938e-02	9.5973e-01	2.6334e-02	1.1755e-36	8.1972e-01	1.8022e-01	5.2821e-05	1.1755e-36	1.1755e-36	1.1755e-36	3.8946e-13	0.00e+00	0.00e+00	1.7289e+01
1.09121e+18	4.1858e+03	6.219e-23	1.0000e+01	2.4265e+00	1.1510e-05	7.8908e-01	2.1090e-01	6.3578e-01	3.6395e-01	2.6606e-04	1.5624e-08	1.3567e-02	9.6095e-01	2.5479e-02	1.1755e-36	8.2727e-01	1.7268e-01	4.9116e-05	1.1755e-36	1.1755e-36	1.1755e-36	4.6428e-13	0.00e+00	0.00e+00	1.7657e+01
1.09863e+18	4.0898e+03	5.931e-23	1.0000e+01	2.3346e+00	1.2672e-05	7.9768e-01	2.0231e-01	6.4226e-01	3.5748e-01	2.6314e-04	1.7144e-08	1.3178e-02	9.6218e-01	2.4639e-02	1.1755e-36	8.3480e-01	1.6515e-01	4.5558e-05	1.1755e-36	1.1755e-36	1.1755e-36	5.4350e-13	0.00e+00	0.00e+00	1.8032e+01
1.10600e+18	3.9948e+03	5.655e-23	1.0000e+01	2.2449e+00	1.3800e-05	8.0611e-01	1.9388e-01	6.4851e-01	3.5123e-01	2.6047e-04	1.8592e-08	1.2798e-02	9.6336e-01	2.3842e-02	1.1755e-36	8.4215e-01	1.5781e-01	4.2232e-05	1.1755e-36	1.1755e-36	1.1755e-36	6.2217e-13	0.00e+00	0.00e+00	1.8403e+01
