#depth	Te	Htot	hden	eden	2H_2/H	HI	HII	HeI	HeII	HeIII	CO/C	C1	C2	C3	C4	O1	O2	O3	O4	O5	O6	H2O/O	AV(point)	AV(extend)	Tau912
4.12053e+14	6.1716e+03	3.419e-22	1.0000e+01	1.0503e+01	2.0093e-10	2.8763e-02	9.7124e-01	1.1158e-01	8.8796e-01	4.5884e-04	6.5521e-14	5.7741e-03	6.9559e-01	2.9862e-01	2.0018e-05	3.3900e-02	9.3379e-01	3.2306e-02	1.1584e-06	1.1755e-36	1.1755e-36	7.0669e-22	0.00e+00	0.00e+00	1.4969e-03
2.47232e+15	6.1618e+03	3.408e-22	1.0000e+01	1.0484e+01	2.0188e-10	2.8704e-02	9.7130e-01	1.1154e-01	8.8800e-01	4.5881e-04	6.5112e-14	5.7455e-03	6.9556e-01	2.9868e-01	2.0081e-05	3.3832e-02	9.3380e-01	3.2363e-02	1.1594e-06	1.1755e-36	1.1755e-36	6.9913e-22	0.00e+00	0.00e+00	7.4721e-03
1.07134e+16	6.1372e+03	3.391e-22	1.0000e+01	1.0480e+01	2.0717e-10	2.8746e-02	9.7125e-01	1.1212e-01	8.8743e-01	4.5481e-04	6.5452e-14	5.7431e-03	6.9682e-01	2.9742e-01	1.9901e-05	3.3897e-02	9.3388e-01	3.2225e-02	1.1398e-06	1.1755e-36	1.1755e-36	7.0086e-22	0.00e+00	0.00e+00	3.1408e-02
4.36776e+16	6.0632e+03	3.351e-22	1.0000e+01	1.0474e+01	2.2941e-10	2.9191e-02	9.7081e-01	1.1470e-01	8.8486e-01	4.3726e-04	6.8278e-14	5.8187e-03	7.0216e-01	2.9200e-01	1.9026e-05	3.4486e-02	9.3413e-01	3.1379e-02	1.0462e-06	1.1755e-36	1.1755e-36	7.3195e-22	0.00e+00	0.00e+00	1.2863e-01
1.04332e+17	5.8230e+03	3.222e-22	1.0000e+01	1.0472e+01	2.8484e-10	2.9054e-02	9.7095e-01	1.1846e-01	8.8113e-01	4.1477e-04	6.8502e-14	5.8421e-03	7.1018e-01	2.8396e-01	1.8102e-05	3.4424e-02	9.3464e-01	3.0940e-02	9.6736e-07	1.1755e-36	1.1755e-36	7.0791e-22	0.00e+00	0.00e+00	2.5444e-01
1.63252e+17	5.6075e+03	3.117e-22	1.0000e+01	1.0470e+01	3.4886e-10	2.8942e-02	9.7106e-01	1.2171e-01	8.7789e-01	3.9561e-04	6.8652e-14	5.8662e-03	7.1705e-01	2.7707e-01	1.7305e-05	3.4382e-02	9.3509e-01	3.0532e-02	9.0270e-07	1.1755e-36	1.1755e-36	6.8915e-22	0.00e+00	0.00e+00	3.4450e-01
2.07125e+17	5.4976e+03	3.070e-22	1.0000e+01	1.0465e+01	3.9830e-10	2.9227e-02	9.7077e-01	1.2440e-01	8.7522e-01	3.8001e-04	7.0686e-14	5.9340e-03	7.2233e-01	2.7172e-01	1.6559e-05	3.4789e-02	9.3538e-01	2.9834e-02	8.3510e-07	1.1755e-36	1.1755e-36	7.0743e-22	0.00e+00	0.00e+00	4.1551e-01
2.51368e+17	5.4333e+03	3.046e-22	1.0000e+01	1.0455e+01	4.4959e-10	2.9959e-02	9.7004e-01	1.2783e-01	8.7181e-01	3.6176e-04	7.5323e-14	6.0655e-03	7.2847e-01	2.6545e-01	1.5594e-05	3.5736e-02	9.3559e-01	2.8670e-02	7.4544e-07	1.1755e-36	1.1755e-36	7.6559e-22	0.00e+00	0.00e+00	5.1013e-01
3.08884e+17	5.3663e+03	3.024e-22	1.0000e+01	1.0440e+01	5.2346e-10	3.1084e-02	9.6892e-01	1.3260e-01	8.6706e-01	3.3880e-04	8.2694e-14	6.2579e-03	7.3654e-01	2.5719e-01	1.4355e-05	3.7177e-02	9.3575e-01	2.7074e-02	6.3665e-07	1.1755e-36	1.1755e-36	8.6401e-22	0.00e+00	0.00e+00	6.3776e-01
3.83654e+17	5.3026e+03	3.005e-22	1.0000e+01	1.0417e+01	6.3239e-10	3.2830e-02	9.6717e-01	1.3936e-01	8.6033e-01	3.1047e-04	9.4807e-14	6.5411e-03	7.4717e-01	2.4627e-01	1.2791e-05	3.9397e-02	9.3568e-01	2.4919e-02	5.1077e-07	1.1755e-36	1.1755e-36	1.0372e-21	0.00e+00	0.00e+00	8.1299e-01
4.80856e+17	5.2528e+03	2.996e-22	1.0000e+01	1.0393e+01	8.0157e-10	3.5657e-02	9.6434e-01	1.4933e-01	8.5039e-01	2.7630e-04	1.1646e-13	6.9736e-03	7.6141e-01	2.3160e-01	1.0843e-05	4.2964e-02	9.3500e-01	2.2038e-02	3.7351e-07	1.1755e-36	1.1755e-36	1.3760e-21	0.00e+00	0.00e+00	1.0604e+00
6.02091e+17	5.2339e+03	2.992e-22	1.0000e+01	1.0325e+01	1.0565e-09	4.0006e-02	9.5999e-01	1.6332e-01	8.3645e-01	2.3868e-04	1.5419e-13	7.5673e-03	7.7887e-01	2.1355e-01	8.6893e-06	4.8415e-02	9.3304e-01	1.8544e-02	2.4521e-07	1.1755e-36	1.1755e-36	2.0370e-21	0.00e+00	0.00e+00	1.3954e+00
7.31594e+17	5.2676e+03	3.007e-22	1.0000e+01	1.0248e+01	1.3953e-09	4.6131e-02	9.5387e-01	1.8083e-01	8.1897e-01	2.0443e-04	2.1741e-13	8.3014e-03	7.9759e-01	1.9410e-01	6.6695e-06	5.6035e-02	9.2899e-01	1.4977e-02	1.4952e-07	1.1755e-36	1.1755e-36	3.3169e-21	0.00e+00	0.00e+00	1.7637e+00
8.54076e+17	5.3577e+03	3.033e-22	1.0000e+01	1.0150e+01	1.8008e-09	5.4127e-02	9.4587e-01	2.0124e-01	7.9858e-01	1.7595e-04	3.1850e-13	9.1085e-03	8.1593e-01	1.7496e-01	4.9834e-06	6.5908e-02	9.2234e-01	1.1752e-02	1.1755e-36	1.1755e-36	1.1755e-36	5.7146e-21	0.00e+00	0.00e+00	2.1689e+00
9.68233e+17	5.4689e+03	3.071e-22	1.0000e+01	1.0028e+01	2.3587e-09	6.4586e-02	9.3541e-01	2.2512e-01	7.7472e-01	1.5206e-04	4.8592e-13	9.9615e-03	8.3395e-01	1.5608e-01	3.6137e-06	7.8733e-02	9.1229e-01	8.9721e-03	1.1755e-36	1.1755e-36	1.1755e-36	1.0460e-20	0.00e+00	0.00e+00	2.6165e+00
1.07248e+18	5.6060e+03	3.104e-22	1.0000e+01	9.8697e+00	3.0806e-09	7.7811e-02	9.2219e-01	2.5216e-01	7.4771e-01	1.3234e-04	7.5869e-13	1.0785e-02	8.5088e-01	1.3834e-01	2.5675e-06	9.4827e-02	8.9847e-01	6.7062e-03	1.1755e-36	1.1755e-36	1.1755e-36	1.9801e-20	0.00e+00	0.00e+00	3.1016e+00
1.16573e+18	5.7428e+03	3.126e-22	1.0000e+01	9.6791e+00	4.0984e-09	9.4317e-02	9.0568e-01	2.8221e-01	7.1768e-01	1.1601e-04	1.2075e-12	1.1534e-02	8.6661e-01	1.2185e-01	1.7945e-06	1.1474e-01	8.8032e-01	4.9363e-03	1.1755e-36	1.1755e-36	1.1755e-36	3.8634e-20	0.00e+00	0.00e+00	3.6244e+00
1.24734e+18	5.8694e+03	3.129e-22	1.0000e+01	9.4524e+00	5.5310e-09	1.1424e-01	8.8576e-01	3.1435e-01	6.8555e-01	1.0263e-04	1.9312e-12	1.2147e-02	8.8076e-01	1.0709e-01	1.2485e-06	1.3855e-01	8.5784e-01	3.6124e-03	1.1755e-36	1.1755e-36	1.1755e-36	7.6172e-20	0.00e+00	0.00e+00	4.1687e+00
1.31725e+18	5.9733e+03	3.104e-22	1.0000e+01	9.1928e+00	7.5483e-09	1.3730e-01	8.6270e-01	3.4738e-01	6.5252e-01	9.1693e-05	3.0597e-12	1.2587e-02	8.9315e-01	9.4266e-02	8.7542e-07	1.6582e-01	8.3153e-01	2.6559e-03	1.1755e-36	1.1755e-36	1.1755e-36	1.4892e-19	0.00e+00	0.00e+00	4.7267e+00
1.37744e+18	6.0467e+03	3.054e-22	1.0000e+01	8.9145e+00	1.0464e-08	1.6363e-01	8.3637e-01	3.8071e-01	6.1921e-01	8.2678e-05	4.8117e-12	1.2873e-02	9.0404e-01	8.3081e-02	6.1940e-07	1.9657e-01	8.0147e-01	1.9646e-03	1.1755e-36	1.1755e-36	1.1755e-36	2.9041e-19	0.00e+00	0.00e+00	5.3054e+00
1.41549e+18	6.0974e+03	3.002e-22	1.0000e+01	8.6809e+00	1.3124e-08	1.8445e-01	8.1555e-01	4.0310e-01	5.9682e-01	7.7752e-05	6.5688e-12	1.2944e-02	9.1054e-01	7.6516e-02	4.9192e-07	2.2060e-01	7.7780e-01	1.5970e-03	1.1755e-36	1.1755e-36	1.1755e-36	4.6275e-19	0.00e+00	0.00e+00	5.5395e+00
1.43050e+18	6.1147e+03	2.971e-22	1.0000e+01	8.5715e+00	1.4412e-08	1.9341e-01	8.0659e-01	4.1240e-01	5.8752e-01	7.5848e-05	7.4442e-12	1.2939e-02	9.1307e-01	7.3987e-02	4.4805e-07	2.3087e-01	7.6766e-01	1.4671e-03	1.1755e-36	1.1755e-36	1.1755e-36	5.5842e-19	0.00e+00	0.00e+00	5.6606e+00
1.44100e+18	6.1194e+03	2.949e-22	1.0000e+01	8.5002e+00	1.5555e-08	2.0027e-01	7.9973e-01	4.2009e-01	5.7983e-01	7.4050e-05	8.2001e-12	1.2944e-02	9.1505e-01	7.2007e-02	4.1696e-07	2.3871e-01	7.5991e-01	1.3765e-03	1.1755e-36	1.1755e-36	1.1755e-36	6.4579e-19	0.00e+00	0.00e+00	5.8009e+00
1.45376e+18	6.1336e+03	2.915e-22	1.0000e+01	8.4057e+00	1.6911e-08	2.0873e-01	7.9127e-01	4.2899e-01	5.7094e-01	7.2236e-05	9.1849e-12	1.2932e-02	9.1737e-01	6.9701e-02	3.8228e-07	2.4834e-01	7.5038e-01	1.2727e-03	1.1755e-36	1.1755e-36	1.1755e-36	7.6528e-19	0.00e+00	0.00e+00	5.9910e+00
1.46997e+18	6.1263e+03	2.874e-22	1.0000e+01	8.2786e+00	1.9376e-08	2.2063e-01	7.7937e-01	4.4118e-01	5.5875e-01	6.9739e-05	1.0763e-11	1.2911e-02	9.2042e-01	6.6668e-02	3.4033e-07	2.6184e-01	7.3701e-01	1.1480e-03	1.1755e-36	1.1755e-36	1.1755e-36	9.7622e-19	0.00e+00	0.00e+00	6.2417e+00
1.48604e+18	6.1246e+03	2.831e-22	1.0000e+01	8.1572e+00	2.2120e-08	2.3328e-01	7.6672e-01	4.5307e-01	5.4687e-01	6.7506e-05	1.2643e-11	1.2885e-02	9.2333e-01	6.3787e-02	3.0314e-07	2.7609e-01	7.2288e-01	1.0344e-03	1.1755e-36	1.1755e-36	1.1755e-36	1.2519e-18	0.00e+00	0.00e+00	6.4501e+00
1.49881e+18	6.1219e+03	2.793e-22	1.0000e+01	8.0544e+00	2.4676e-08	2.4407e-01	7.5593e-01	4.6287e-01	5.3706e-01	6.5735e-05	1.4440e-11	1.2850e-02	9.2564e-01	6.1509e-02	2.7575e-07	2.8817e-01	7.1088e-01	9.4928e-04	1.1755e-36	1.1755e-36	1.1755e-36	1.5389e-18	0.00e+00	0.00e+00	6.6258e+00
1.51002e+18	6.1171e+03	2.752e-22	1.0000e+01	7.9465e+00	2.7210e-08	2.5380e-01	7.4620e-01	4.7154e-01	5.2840e-01	6.4263e-05	1.6214e-11	1.2788e-02	9.2763e-01	5.9582e-02	2.5375e-07	2.9903e-01	7.0009e-01	8.7937e-04	1.1755e-36	1.1755e-36	1.1755e-36	1.8443e-18	0.00e+00	0.00e+00	6.8022e+00
1.52143e+18	6.1135e+03	2.704e-22	1.0000e+01	7.8228e+00	2.9992e-08	2.6392e-01	7.3608e-01	4.8036e-01	5.1957e-01	6.2846e-05	1.8212e-11	1.2696e-02	9.2960e-01	5.7703e-02	2.3326e-07	3.1025e-01	6.8893e-01	8.1273e-04	1.1755e-36	1.1755e-36	1.1755e-36	2.2117e-18	0.00e+00	0.00e+00	6.9991e+00
1.53371e+18	6.1040e+03	2.652e-22	1.0000e+01	7.6919e+00	3.3605e-08	2.7562e-01	7.2438e-01	4.9034e-01	5.0959e-01	6.1232e-05	2.0810e-11	1.2599e-02	9.3177e-01	5.5634e-02	2.1227e-07	3.2318e-01	6.7607e-01	7.4431e-04	1.1755e-36	1.1755e-36	1.1755e-36	2.7301e-18	0.00e+00	0.00e+00	7.2209e+00
1.54601e+18	6.0894e+03	2.597e-22	1.0000e+01	7.5577e+00	3.7924e-08	2.8807e-01	7.1193e-01	5.0045e-01	4.9949e-01	5.9660e-05	2.3922e-11	1.2492e-02	9.3392e-01	5.3589e-02	1.9283e-07	3.3685e-01	6.6247e-01	6.8023e-04	1.1755e-36	1.1755e-36	1.1755e-36	3.4113e-18	0.00e+00	0.00e+00	7.4365e+00
1.55714e+18	6.0728e+03	2.547e-22	1.0000e+01	7.4366e+00	4.2570e-08	3.0009e-01	6.9991e-01	5.0985e-01	4.9010e-01	5.8231e-05	2.7322e-11	1.2393e-02	9.3587e-01	5.1735e-02	1.7634e-07	3.4999e-01	6.4939e-01	6.2531e-04	1.1755e-36	1.1755e-36	1.1755e-36	4.2266e-18	0.00e+00	0.00e+00	7.6337e+00
1.56711e+18	6.0578e+03	2.496e-22	1.0000e+01	7.3165e+00	4.7196e-08	3.1111e-01	6.8889e-01	5.1818e-01	4.8176e-01	5.7047e-05	3.0762e-11	1.2280e-02	9.3758e-01	5.0141e-02	1.6283e-07	3.6196e-01	6.3746e-01	5.7939e-04	1.1755e-36	1.1755e-36	1.1755e-36	5.1230e-18	0.00e+00	0.00e+00	7.8210e+00
1.57675e+18	6.0406e+03	2.445e-22	1.0000e+01	7.1979e+00	5.2360e-08	3.2227e-01	6.7773e-01	5.2649e-01	4.7345e-01	5.5879e-05	3.4657e-11	1.2164e-02	9.3924e-01	4.8591e-02	1.5045e-07	3.7402e-01	6.2544e-01	5.3704e-04	1.1755e-36	1.1755e-36	1.1755e-36	6.2224e-18	0.00e+00	0.00e+00	8.0190e+00
1.58654e+18	6.0198e+03	2.391e-22	1.0000e+01	7.0739e+00	5.8456e-08	3.3412e-01	6.6588e-01	5.3507e-01	4.6488e-01	5.4698e-05	3.9294e-11	1.2038e-02	9.4093e-01	4.7030e-02	1.3866e-07	3.8676e-01	6.1275e-01	4.9631e-04	1.1755e-36	1.1755e-36	1.1755e-36	7.6500e-18	0.00e+00	0.00e+00	8.2271e+00
1.59621e+18	5.9944e+03	2.336e-22	1.0000e+01	6.9462e+00	6.5540e-08	3.4628e-01	6.5372e-01	5.4358e-01	4.5637e-01	5.3561e-05	4.4676e-11	1.1901e-02	9.4258e-01	4.5520e-02	1.2785e-07	3.9976e-01	5.9978e-01	4.5859e-04	1.1755e-36	1.1755e-36	1.1755e-36	9.4710e-18	0.00e+00	0.00e+00	8.4340e+00
1.60531e+18	5.9689e+03	2.281e-22	1.0000e+01	6.8197e+00	7.3132e-08	3.5806e-01	6.4194e-01	5.5154e-01	4.4841e-01	5.2549e-05	5.0526e-11	1.1758e-02	9.4410e-01	4.4140e-02	1.1755e-36	4.1229e-01	5.8729e-01	4.2526e-04	1.1755e-36	1.1755e-36	1.1755e-36	1.1640e-17	0.00e+00	0.00e+00	8.6318e+00
1.61390e+18	5.9434e+03	2.228e-22	1.0000e+01	6.6968e+00	8.1267e-08	3.6952e-01	6.3048e-01	5.5910e-01	4.4085e-01	5.1617e-05	5.6916e-11	1.1614e-02	9.4553e-01	4.2856e-02	1.1755e-36	4.2441e-01	5.7519e-01	3.9549e-04	1.1755e-36	1.1755e-36	1.1755e-36	1.4225e-17	0.00e+00	0.00e+00	8.8285e+00
1.62233e+18	5.9162e+03	2.174e-22	1.0000e+01	6.5740e+00	9.0407e-08	3.8114e-01	6.1886e-01	5.6662e-01	4.3333e-01	5.0707e-05	6.4223e-11	1.1467e-02	9.4693e-01	4.1605e-02	1.1755e-36	4.3664e-01	5.6299e-01	3.6776e-04	1.1755e-36	1.1755e-36	1.1755e-36	1.7454e-17	0.00e+00	0.00e+00	9.0312e+00
1.63070e+18	5.8814e+03	2.118e-22	1.0000e+01	6.4445e+00	1.0134e-07	3.9305e-01	6.0695e-01	5.7415e-01	4.2580e-01	4.9809e-05	7.2831e-11	1.1307e-02	9.4831e-01	4.0386e-02	1.1755e-36	4.4912e-01	5.5054e-01	3.4185e-04	1.1755e-36	1.1755e-36	1.1755e-36	2.1662e-17	0.00e+00	0.00e+00	9.2379e+00
1.63873e+18	5.8564e+03	2.063e-22	1.0000e+01	6.3192e+00	1.1204e-07	4.0447e-01	5.9553e-01	5.8116e-01	4.1879e-01	4.9027e-05	8.1847e-11	1.1144e-02	9.4958e-01	3.9279e-02	1.1755e-36	4.6100e-01	5.3868e-01	3.1860e-04	1.1755e-36	1.1755e-36	1.1755e-36	2.6430e-17	0.00e+00	0.00e+00	9.4351e+00
1.64663e+18	5.8193e+03	2.008e-22	1.0000e+01	6.1953e+00	1.2558e-07	4.1645e-01	5.8355e-01	5.8835e-01	4.1161e-01	4.8219e-05	9.2994e-11	1.0986e-02	9.5088e-01	3.8136e-02	1.1755e-36	4.7342e-01	5.2628e-01	2.9648e-04	1.1755e-36	1.1755e-36	1.1755e-36	3.2981e-17	0.00e+00	0.00e+00	9.6477e+00
1.65442e+18	5.7812e+03	1.955e-22	1.0000e+01	6.0746e+00	1.4092e-07	4.2866e-01	5.7134e-01	5.9546e-01	4.0449e-01	4.7413e-05	1.0598e-10	1.0828e-02	9.5214e-01	3.7030e-02	1.1755e-36	4.8599e-01	5.1373e-01	2.7586e-04	1.1755e-36	1.1755e-36	1.1755e-36	4.1404e-17	0.00e+00	0.00e+00	9.8506e+00
1.66162e+18	5.7467e+03	1.903e-22	1.0000e+01	5.9549e+00	1.5643e-07	4.3985e-01	5.6015e-01	6.0177e-01	3.9818e-01	4.6768e-05	1.1941e-10	1.0666e-02	9.5327e-01	3.6069e-02	1.1755e-36	4.9746e-01	5.0228e-01	2.5815e-04	1.1755e-36	1.1755e-36	1.1755e-36	5.1006e-17	0.00e+00	0.00e+00	1.0042e+01
1.66854e+18	5.7101e+03	1.852e-22	1.0000e+01	5.8383e+00	1.7373e-07	4.5090e-01	5.4910e-01	6.0798e-01	3.9197e-01	4.6127e-05	1.3464e-10	1.0505e-02	9.5436e-01	3.5139e-02	1.1755e-36	5.0874e-01	4.9102e-01	2.4186e-04	1.1755e-36	1.1755e-36	1.1755e-36	6.2968e-17	0.00e+00	0.00e+00	1.0240e+01
1.67550e+18	5.6733e+03	1.800e-22	1.0000e+01	5.7172e+00	1.9295e-07	4.6206e-01	5.3794e-01	6.1411e-01	3.8585e-01	4.5530e-05	1.5203e-10	1.0335e-02	9.5543e-01	3.4240e-02	1.1755e-36	5.2005e-01	4.7972e-01	2.2646e-04	1.1755e-36	1.1755e-36	1.1755e-36	7.7967e-17	0.00e+00	0.00e+00	1.0443e+01
1.68249e+18	5.6315e+03	1.748e-22	1.0000e+01	5.5970e+00	2.1582e-07	4.7367e-01	5.2633e-01	6.2041e-01	3.7955e-01	4.4896e-05	1.7311e-10	1.0165e-02	9.5651e-01	3.3327e-02	1.1755e-36	5.3178e-01	4.6801e-01	2.1165e-04	1.1755e-36	1.1755e-36	1.1755e-36	9.8075e-17	0.00e+00	0.00e+00	1.0653e+01
1.68930e+18	5.5847e+03	1.698e-22	1.0000e+01	5.4802e+00	2.4258e-07	4.8538e-01	5.1462e-01	6.2661e-01	3.7334e-01	4.4259e-05	1.9816e-10	9.9994e-03	9.5756e-01	3.2437e-02	1.1755e-36	5.4354e-01	4.5626e-01	1.9793e-04	1.1755e-36	1.1755e-36	1.1755e-36	1.2472e-16	0.00e+00	0.00e+00	1.0855e+01
1.69560e+18	5.5491e+03	1.649e-22	1.0000e+01	5.3631e+00	2.6728e-07	4.9567e-01	5.0433e-01	6.3179e-01	3.6816e-01	4.3845e-05	2.2236e-10	9.8251e-03	9.5847e-01	3.1706e-02	1.1755e-36	5.5382e-01	4.4599e-01	1.8631e-04	1.1755e-36	1.1755e-36	1.1755e-36	1.5303e-16	0.00e+00	0.00e+00	1.1043e+01
1.70183e+18	5.5013e+03	1.602e-22	1.0000e+01	5.2504e+00	2.9905e-07	5.0657e-01	4.9343e-01	6.3746e-01	3.6249e-01	4.3296e-05	2.5350e-10	9.6611e-03	9.5942e-01	3.0915e-02	1.1755e-36	5.6467e-01	4.3516e-01	1.7499e-04	1.1755e-36	1.1755e-36	1.1755e-36	1.9343e-16	0.00e+00	0.00e+00	1.1250e+01
1.70813e+18	5.4532e+03	1.555e-22	1.0000e+01	5.1397e+00	3.3521e-07	5.1778e-01	4.8222e-01	6.4312e-01	3.5683e-01	4.2748e-05	2.9039e-10	9.4983e-03	9.6037e-01	3.0136e-02	1.1755e-36	5.7577e-01	4.2406e-01	1.6415e-04	1.1755e-36	1.1755e-36	1.1755e-36	2.4659e-16	0.00e+00	0.00e+00	1.1450e+01
1.71401e+18	5.4090e+03	1.510e-22	1.0000e+01	5.0306e+00	3.7211e-07	5.2804e-01	4.7196e-01	6.4811e-01	3.5184e-01	4.2330e-05	3.2914e-10	9.3337e-03	9.6121e-01	2.9455e-02	1.1755e-36	5.8588e-01	4.1396e-01	1.5471e-04	1.1755e-36	1.1755e-36	1.1755e-36	3.0863e-16	0.00e+00	0.00e+00	1.1638e+01
1.71969e+18	5.3699e+03	1.466e-22	1.0000e+01	4.9236e+00	4.0966e-07	5.3779e-01	4.6221e-01	6.5290e-01	3.4705e-01	4.1948e-05	3.7048e-10	9.1689e-03	9.6201e-01	2.8820e-02	1.1755e-36	5.9544e-01	4.0441e-01	1.4607e-04	1.1755e-36	1.1755e-36	1.1755e-36	3.8105e-16	0.00e+00	0.00e+00	1.1832e+01
1.72565e+18	5.3184e+03	1.421e-22	1.0000e+01	4.8114e+00	4.5909e-07	5.4846e-01	4.5154e-01	6.5809e-01	3.4187e-01	4.1509e-05	4.2524e-10	8.9981e-03	9.6288e-01	2.8127e-02	1.1755e-36	6.0586e-01	3.9401e-01	1.3733e-04	1.1755e-36	1.1755e-36	1.1755e-36	4.8809e-16	0.00e+00	0.00e+00	1.2048e+01
1.73166e+18	5.2674e+03	1.375e-22	1.0000e+01	4.6994e+00	5.1436e-07	5.5920e-01	4.4080e-01	6.6315e-01	3.3681e-01	4.1097e-05	4.8904e-10	8.8254e-03	9.6371e-01	2.7462e-02	1.1755e-36	6.1630e-01	3.8357e-01	1.2905e-04	1.1755e-36	1.1755e-36	1.1755e-36	6.2734e-16	0.00e+00	0.00e+00	1.2252e+01
1.73724e+18	5.2168e+03	1.334e-22	1.0000e+01	4.5947e+00	5.7379e-07	5.6928e-01	4.3072e-01	6.6784e-01	3.3212e-01	4.0720e-05	5.5977e-10	8.6634e-03	9.6448e-01	2.6852e-02	1.1755e-36	6.2605e-01	3.7383e-01	1.2173e-04	1.1755e-36	1.1755e-36	1.1755e-36	7.9980e-16	0.00e+00	0.00e+00	1.2445e+01
1.74252e+18	5.1589e+03	1.295e-22	1.0000e+01	4.4980e+00	6.4490e-07	5.7932e-01	4.2068e-01	6.7263e-01	3.2733e-01	4.0260e-05	6.4613e-10	8.5163e-03	9.6524e-01	2.6243e-02	1.1755e-36	6.3573e-01	3.6415e-01	1.1498e-04	1.1755e-36	1.1755e-36	1.1755e-36	1.0358e-15	0.00e+00	0.00e+00	1.2635e+01
1.74748e+18	5.1191e+03	1.258e-22	1.0000e+01	4.4014e+00	7.0482e-07	5.8783e-01	4.1216e-01	6.7634e-01	3.2362e-01	4.0057e-05	7.2373e-10	8.3610e-03	9.6588e-01	2.5763e-02	1.1755e-36	6.4390e-01	3.5599e-01	1.0925e-04	1.1755e-36	1.1755e-36	1.1755e-36	1.2696e-15	0.00e+00	0.00e+00	1.2810e+01
1.75260e+18	5.0651e+03	1.220e-22	1.0000e+01	4.3038e+00	7.8583e-07	5.9723e-01	4.0277e-01	6.8084e-01	3.1912e-01	3.9677e-05	8.2998e-10	8.2082e-03	9.6659e-01	2.5207e-02	1.1755e-36	6.5288e-01	3.4702e-01	1.0336e-04	1.1755e-36	1.1755e-36	1.1755e-36	1.6233e-15	0.00e+00	0.00e+00	1.3019e+01
1.75806e+18	5.0077e+03	1.181e-22	1.0000e+01	4.2022e+00	8.8217e-07	6.0728e-01	3.9272e-01	6.8545e-01	3.1451e-01	3.9298e-05	9.6186e-10	8.0483e-03	9.6731e-01	2.4639e-02	1.1755e-36	6.6245e-01	3.3746e-01	9.7423e-05	1.1755e-36	1.1755e-36	1.1755e-36	2.1153e-15	0.00e+00	0.00e+00	1.3225e+01
1.76321e+18	4.9512e+03	1.144e-22	1.0000e+01	4.1047e+00	9.8491e-07	6.1669e-01	3.8331e-01	6.8965e-01	3.1031e-01	3.8979e-05	1.0804e-09	7.8939e-03	9.6800e-01	2.4101e-02	1.1755e-36	6.7136e-01	3.2854e-01	9.2153e-05	1.1755e-36	1.1755e-36	1.1755e-36	2.6144e-15	0.00e+00	0.00e+00	1.3417e+01
1.76803e+18	4.8990e+03	1.110e-22	1.0000e+01	4.0115e+00	1.0892e-06	6.2528e-01	3.7472e-01	6.9341e-01	3.0655e-01	3.8735e-05	1.1972e-09	7.7442e-03	9.6864e-01	2.3615e-02	1.1755e-36	6.7948e-01	3.2043e-01	8.7501e-05	1.1755e-36	1.1755e-36	1.1755e-36	3.1544e-15	0.00e+00	0.00e+00	1.3603e+01
1.77285e+18	4.8391e+03	1.076e-22	1.0000e+01	3.9224e+00	1.2167e-06	6.3432e-01	3.6568e-01	6.9761e-01	3.0235e-01	3.8363e-05	1.3378e-09	7.6042e-03	9.6931e-01	2.3090e-02	1.1755e-36	6.8798e-01	3.1193e-01	8.2914e-05	1.1755e-36	1.1755e-36	1.1755e-36	3.8646e-15	0.00e+00	0.00e+00	1.3800e+01
1.77767e+18	4.7808e+03	1.043e-22	1.0000e+01	3.8312e+00	1.3534e-06	6.4306e-01	3.5694e-01	7.0148e-01	2.9848e-01	3.8077e-05	1.4881e-09	7.4584e-03	9.6994e-01	2.2602e-02	1.1755e-36	6.9617e-01	3.0375e-01	7.8643e-05	1.1755e-36	1.1755e-36	1.1755e-36	4.6991e-15	0.00e+00	0.00e+00	1.3991e+01
1.78234e+18	4.7227e+03	1.011e-22	1.0000e+01	3.7434e+00	1.5018e-06	6.5155e-01	3.4845e-01	7.0527e-01	2.9469e-01	3.7790e-05	1.6508e-09	7.3181e-03	9.7055e-01	2.2129e-02	1.1755e-36	7.0411e-01	2.9582e-01	7.4667e-05	1.1755e-36	1.1755e-36	1.1755e-36	5.6841e-15	0.00e+00	0.00e+00	1.4183e+01
1.78703e+18	4.6580e+03	9.803e-23	1.0000e+01	3.6549e+00	1.6767e-06	6.6014e-01	3.3986e-01	7.0915e-01	2.9081e-01	3.7473e-05	1.8364e-09	7.1780e-03	9.7117e-01	2.1650e-02	1.1755e-36	7.1211e-01	2.8782e-01	7.0856e-05	1.1755e-36	1.1755e-36	1.1755e-36	6.9175e-15	0.00e+00	0.00e+00	1.4379e+01
1.79164e+18	4.5973e+03	9.501e-23	1.0000e+01	3.5688e+00	1.8583e-06	6.6843e-01	3.3156e-01	7.1281e-01	2.8715e-01	3.7202e-05	2.0311e-09	7.0399e-03	9.7176e-01	2.1199e-02	1.1755e-36	7.1980e-01	2.8013e-01	6.7299e-05	1.1755e-36	1.1755e-36	1.1755e-36	8.3255e-15	0.00e+00	0.00e+00	1.4570e+01
1.79621e+18	4.5348e+03	9.206e-23	1.0000e+01	3.4842e+00	2.0588e-06	6.7666e-01	3.2334e-01	7.1651e-01	2.8346e-01	3.6914e-05	2.2435e-09	6.9048e-03	9.7235e-01	2.0749e-02	1.1755e-36	7.2740e-01	2.7254e-01	6.3914e-05	1.1755e-36	1.1755e-36	1.1755e-36	9.9947e-15	0.00e+00	0.00e+00	1.4767e+01
1.80090e+18	4.4704e+03	8.907e-23	1.0000e+01	3.3970e+00	2.2795e-06	6.8492e-01	3.1508e-01	7.2017e-01	2.7979e-01	3.6651e-05	2.4748e-09	6.7644e-03	9.7293e-01	2.0303e-02	1.1755e-36	7.3501e-01	2.6493e-01	6.0632e-05	1.1755e-36	1.1755e-36	1.1755e-36	1.1968e-14	0.00e+00	0.00e+00	1.4973e+01
1.80572e+18	4.4013e+03	8.607e-23	1.0000e+01	3.3086e+00	2.5313e-06	6.9346e-01	3.0654e-01	7.2401e-01	2.7595e-01	3.6354e-05	2.7345e-09	6.6231e-03	9.7353e-01	1.9843e-02	1.1755e-36	7.4285e-01	2.5710e-01	5.7394e-05	1.1755e-36	1.1755e-36	1.1755e-36	1.4371e-14	0.00e+00	0.00e+00	1.5187e+01
1.81063e+18	4.3296e+03	8.308e-23	1.0000e+01	3.2194e+00	2.8079e-06	7.0208e-01	2.9792e-01	7.2787e-01	2.7209e-01	3.6060e-05	3.0151e-09	6.4805e-03	9.7414e-01	1.9383e-02	1.1755e-36	7.5073e-01	2.4922e-01	5.4264e-05	1.1755e-36	1.1755e-36	1.1755e-36	1.7184e-14	0.00e+00	0.00e+00	1.5406e+01
1.81560e+18	4.2554e+03	8.013e-23	1.0000e+01	3.1301e+00	3.1073e-06	7.1071e-01	2.8929e-01	7.3176e-01	2.6821e-01	3.5758e-05	3.3124e-09	6.3379e-03	9.7474e-01	1.8926e-02	1.1755e-36	7.5859e-01	2.4136e-01	5.1260e-05	1.1755e-36	1.1755e-36	1.1755e-36	2.0401e-14	0.00e+00	0.00e+00	1.5630e+01
1.82070e+18	4.1789e+03	7.715e-23	1.0000e+01	3.0376e+00	3.4242e-06	7.1931e-01	2.8068e-01	7.3559e-01	2.6437e-01	3.5493e-05	3.6184e-09	6.1895e-03	9.7534e-01	1.8473e-02	1.1755e-36	7.6640e-01	2.3355e-01	4.8366e-05	1.1755e-36	1.1755e-36	1.1755e-36	2.3953e-14	0.00e+00	0.00e+00	1.5866e+01
1.82610e+18	4.0964e+03	7.409e-23	1.0000e+01	2.9438e+00	3.7778e-06	7.2851e-01	2.7149e-01	7.3984e-01	2.6013e-01	3.5148e-05	3.9552e-09	6.0408e-03	9.7597e-01	1.7985e-02	1.1755e-36	7.7472e-01	2.2524e-01	4.5414e-05	1.1755e-36	1.1755e-36	1.1755e-36	2.8107e-14	0.00e+00	0.00e+00	1.6124e+01
1.83190e+18	4.0032e+03	7.089e-23	1.0000e+01	2.8426e+00	4.1696e-06	7.3823e-01	2.6177e-01	7.4432e-01	2.5564e-01	3.4790e-05	4.3058e-09	5.8813e-03	9.7664e-01	1.7475e-02	1.1755e-36	7.8347e-01	2.1648e-01	4.2445e-05	1.1755e-36	1.1755e-36	1.1755e-36	3.2702e-14	0.00e+00	0.00e+00	1.6403e+01
1.83799e+18	3.9040e+03	6.765e-23	1.0000e+01	2.7384e+00	4.5748e-06	7.4826e-01	2.5174e-01	7.4895e-01	2.5101e-01	3.4418e-05	4.6480e-09	5.7182e-03	9.7733e-01	1.6953e-02	1.1755e-36	7.9248e-01	2.0748e-01	3.9526e-05	1.1755e-36	1.1755e-36	1.1755e-36	3.7394e-14	0.00e+00	0.00e+00	1.6695e+01
###########################
4.12053e+14	6.1731e+03	3.419e-22	1.0000e+01	1.0503e+01	2.0025e-10	2.8754e-02	9.7125e-01	1.1156e-01	8.8798e-01	4.5892e-04	6.5365e-14	5.6801e-03	6.9560e-01	2.9870e-01	2.0057e-05	3.3889e-02	9.3380e-01	3.2314e-02	1.1590e-06	1.1755e-36	1.1755e-36	7.0403e-22	0.00e+00	0.00e+00	1.4964e-03
2.47232e+15	6.1638e+03	3.408e-22	1.0000e+01	1.0484e+01	2.0111e-10	2.8692e-02	9.7131e-01	1.1152e-01	8.8802e-01	4.5892e-04	6.4949e-14	5.6553e-03	6.9556e-01	2.9877e-01	2.0107e-05	3.3817e-02	9.3380e-01	3.2377e-02	1.1603e-06	1.1755e-36	1.1755e-36	6.9643e-22	0.00e+00	0.00e+00	7.4693e-03
1.07134e+16	6.1399e+03	3.391e-22	1.0000e+01	1.0480e+01	2.0612e-10	2.8728e-02	9.7127e-01	1.1208e-01	8.8746e-01	4.5497e-04	6.5252e-14	5.6641e-03	6.9679e-01	2.9752e-01	1.9918e-05	3.3873e-02	9.3387e-01	3.2254e-02	1.1415e-06	1.1755e-36	1.1755e-36	6.9762e-22	0.00e+00	0.00e+00	3.1390e-02
4.36776e+16	6.0675e+03	3.352e-22	1.0000e+01	1.0474e+01	2.2767e-10	2.9157e-02	9.7084e-01	1.1464e-01	8.8493e-01	4.3752e-04	6.7994e-14	5.7568e-03	7.0211e-01	2.9212e-01	1.9044e-05	3.4442e-02	9.3412e-01	3.1438e-02	1.0492e-06	1.1755e-36	1.1755e-36	7.2741e-22	0.00e+00	0.00e+00	1.2850e-01
1.04332e+17	5.8260e+03	3.222e-22	1.0000e+01	1.0472e+01	2.8308e-10	2.9027e-02	9.7097e-01	1.1841e-01	8.8118e-01	4.1493e-04	6.8280e-14	5.8044e-03	7.1023e-01	2.8395e-01	1.8101e-05	3.4388e-02	9.3461e-01	3.1002e-02	9.7003e-07	1.1755e-36	1.1755e-36	7.0419e-22	0.00e+00	0.00e+00	2.5419e-01
1.62976e+17	5.6088e+03	3.117e-22	1.0000e+01	1.0470e+01	3.4723e-10	2.8913e-02	9.7109e-01	1.2165e-01	8.7796e-01	3.9587e-04	6.8433e-14	5.8397e-03	7.1713e-01	2.7701e-01	1.7302e-05	3.4344e-02	9.3506e-01	3.0597e-02	9.0579e-07	1.1755e-36	1.1755e-36	6.8546e-22	0.00e+00	0.00e+00	3.4315e-01
2.06215e+17	5.4994e+03	3.070e-22	1.0000e+01	1.0465e+01	3.9603e-10	2.9190e-02	9.7081e-01	1.2430e-01	8.7532e-01	3.8050e-04	7.0422e-14	5.9115e-03	7.2237e-01	2.7170e-01	1.6566e-05	3.4741e-02	9.3535e-01	2.9906e-02	8.3903e-07	1.1755e-36	1.1755e-36	7.0312e-22	0.00e+00	0.00e+00	4.1275e-01
2.49635e+17	5.4356e+03	3.047e-22	1.0000e+01	1.0457e+01	4.4653e-10	2.9912e-02	9.7009e-01	1.2768e-01	8.7196e-01	3.6253e-04	7.5000e-14	6.0453e-03	7.2845e-01	2.6548e-01	1.5611e-05	3.5675e-02	9.3557e-01	2.8753e-02	7.5024e-07	1.1755e-36	1.1755e-36	7.6044e-22	0.00e+00	0.00e+00	5.0547e-01
3.06081e+17	5.3689e+03	3.024e-22	1.0000e+01	1.0441e+01	5.1865e-10	3.1005e-02	9.6900e-01	1.3233e-01	8.6733e-01	3.3996e-04	8.2145e-14	6.2361e-03	7.3637e-01	2.5738e-01	1.4395e-05	3.7077e-02	9.3574e-01	2.7185e-02	6.4288e-07	1.1755e-36	1.1755e-36	8.5536e-22	0.00e+00	0.00e+00	6.3040e-01
3.79461e+17	5.3049e+03	3.005e-22	1.0000e+01	1.0418e+01	6.2515e-10	3.2704e-02	9.6730e-01	1.3894e-01	8.6075e-01	3.1204e-04	9.3909e-14	6.5172e-03	7.4683e-01	2.4664e-01	1.2856e-05	3.9239e-02	9.3570e-01	2.5063e-02	5.1812e-07	1.1755e-36	1.1755e-36	1.0228e-21	0.00e+00	0.00e+00	8.0172e-01
4.74854e+17	5.2553e+03	2.993e-22	1.0000e+01	1.0388e+01	7.8728e-10	3.5417e-02	9.6458e-01	1.4857e-01	8.5115e-01	2.7847e-04	1.1448e-13	6.9375e-03	7.6069e-01	2.3237e-01	1.0953e-05	4.2664e-02	9.3510e-01	2.2240e-02	3.8200e-07	1.1755e-36	1.1755e-36	1.3420e-21	0.00e+00	0.00e+00	1.0429e+00
5.95516e+17	5.2396e+03	2.988e-22	1.0000e+01	1.0327e+01	1.0312e-09	3.9684e-02	9.6032e-01	1.6239e-01	8.3736e-01	2.4064e-04	1.5118e-13	7.5350e-03	7.7811e-01	2.1434e-01	8.7914e-06	4.8014e-02	9.3324e-01	1.8742e-02	2.5152e-07	1.1755e-36	1.1755e-36	1.9784e-21	0.00e+00	0.00e+00	1.3774e+00
7.25412e+17	5.2621e+03	3.005e-22	1.0000e+01	1.0253e+01	1.3790e-09	4.5762e-02	9.5424e-01	1.7989e-01	8.1991e-01	2.0591e-04	2.1342e-13	8.2768e-03	7.9702e-01	1.9470e-01	6.7445e-06	5.5580e-02	9.2927e-01	1.5153e-02	1.5352e-07	1.1755e-36	1.1755e-36	3.2280e-21	0.00e+00	0.00e+00	1.7424e+00
8.47054e+17	5.3489e+03	3.030e-22	1.0000e+01	1.0156e+01	1.7770e-09	5.3568e-02	9.4643e-01	1.9991e-01	7.9991e-01	1.7750e-04	3.1099e-13	9.0825e-03	8.1519e-01	1.7572e-01	5.0604e-06	6.5222e-02	9.2284e-01	1.1936e-02	1.1755e-36	1.1755e-36	1.1755e-36	5.5202e-21	0.00e+00	0.00e+00	2.1382e+00
9.60070e+17	5.4567e+03	3.067e-22	1.0000e+01	1.0035e+01	2.3179e-09	6.3691e-02	9.3631e-01	2.2329e-01	7.7656e-01	1.5353e-04	4.7045e-13	9.9301e-03	8.3298e-01	1.5709e-01	3.6928e-06	7.7642e-02	9.1319e-01	9.1642e-03	1.1755e-36	1.1755e-36	1.1755e-36	9.9804e-21	0.00e+00	0.00e+00	2.5768e+00
1.06429e+18	5.5900e+03	3.100e-22	1.0000e+01	9.8834e+00	3.0267e-09	7.6598e-02	9.2340e-01	2.4993e-01	7.4994e-01	1.3365e-04	7.3179e-13	1.0768e-02	8.4990e-01	1.3933e-01	2.6318e-06	9.3359e-02	8.9977e-01	6.8733e-03	1.1755e-36	1.1755e-36	1.1755e-36	1.8796e-20	0.00e+00	0.00e+00	3.0575e+00
1.15850e+18	5.7278e+03	3.123e-22	1.0000e+01	9.6961e+00	4.0190e-09	9.2827e-02	9.0717e-01	2.7969e-01	7.2019e-01	1.1716e-04	1.1637e-12	1.1539e-02	8.6573e-01	1.2273e-01	1.8403e-06	1.1296e-01	8.8198e-01	5.0632e-03	1.1755e-36	1.1755e-36	1.1755e-36	3.6626e-20	0.00e+00	0.00e+00	3.5794e+00
1.24134e+18	5.8562e+03	3.127e-22	1.0000e+01	9.4714e+00	5.4247e-09	1.1255e-01	8.8745e-01	3.1179e-01	6.8810e-01	1.0354e-04	1.8650e-12	1.2180e-02	8.8003e-01	1.0778e-01	1.2783e-06	1.3655e-01	8.5975e-01	3.7016e-03	1.1755e-36	1.1755e-36	1.1755e-36	7.2426e-20	0.00e+00	0.00e+00	4.1241e+00
1.31220e+18	5.9624e+03	3.105e-22	1.0000e+01	9.2136e+00	7.4033e-09	1.3543e-01	8.6457e-01	3.4483e-01	6.5507e-01	9.2430e-05	2.9615e-12	1.2647e-02	8.9254e-01	9.4814e-02	8.9470e-07	1.6363e-01	8.3366e-01	2.7183e-03	1.1755e-36	1.1755e-36	1.1755e-36	1.4204e-19	0.00e+00	0.00e+00	4.6808e+00
1.37296e+18	6.0380e+03	3.058e-22	1.0000e+01	8.9378e+00	1.0255e-08	1.6152e-01	8.3848e-01	3.7809e-01	6.2183e-01	8.3316e-05	4.6614e-12	1.2956e-02	9.0350e-01	8.3541e-02	6.3252e-07	1.9412e-01	8.0387e-01	2.0101e-03	1.1755e-36	1.1755e-36	1.1755e-36	2.7726e-19	0.00e+00	0.00e+00	5.2561e+00
1.41130e+18	6.0907e+03	3.007e-22	1.0000e+01	8.7065e+00	1.2845e-08	1.8214e-01	8.1786e-01	4.0044e-01	5.9949e-01	7.8342e-05	6.3646e-12	1.3043e-02	9.1001e-01	7.6941e-02	5.0223e-07	2.1795e-01	7.8042e-01	1.6340e-03	1.1755e-36	1.1755e-36	1.1755e-36	4.4174e-19	0.00e+00	0.00e+00	5.4894e+00
1.42648e+18	6.1086e+03	2.977e-22	1.0000e+01	8.5976e+00	1.4108e-08	1.9105e-01	8.0895e-01	4.0976e-01	5.9016e-01	7.6407e-05	7.2176e-12	1.3044e-02	9.1257e-01	7.4386e-02	4.5720e-07	2.2818e-01	7.7032e-01	1.5005e-03	1.1755e-36	1.1755e-36	1.1755e-36	5.3353e-19	0.00e+00	0.00e+00	5.6108e+00
1.43713e+18	6.1139e+03	2.956e-22	1.0000e+01	8.5262e+00	1.5228e-08	1.9789e-01	8.0211e-01	4.1748e-01	5.8244e-01	7.4587e-05	7.9539e-12	1.3054e-02	9.1456e-01	7.2382e-02	4.2524e-07	2.3600e-01	7.6259e-01	1.4074e-03	1.1755e-36	1.1755e-36	1.1755e-36	6.1729e-19	0.00e+00	0.00e+00	5.7512e+00
1.45005e+18	6.1187e+03	2.925e-22	1.0000e+01	8.4330e+00	1.6750e-08	2.0657e-01	7.9343e-01	4.2676e-01	5.7317e-01	7.2603e-05	8.9620e-12	1.3053e-02	9.1698e-01	6.9971e-02	3.8884e-07	2.4590e-01	7.5280e-01	1.2997e-03	1.1755e-36	1.1755e-36	1.1755e-36	7.3932e-19	0.00e+00	0.00e+00	5.9417e+00
1.46539e+18	6.1211e+03	2.887e-22	1.0000e+01	8.3177e+00	1.8852e-08	2.1752e-01	7.8248e-01	4.3779e-01	5.6214e-01	7.0406e-05	1.0365e-11	1.3039e-02	9.1980e-01	6.7162e-02	3.4910e-07	2.5832e-01	7.4050e-01	1.1805e-03	1.1755e-36	1.1755e-36	1.1755e-36	9.2302e-19	0.00e+00	0.00e+00	6.1625e+00
1.48064e+18	6.1211e+03	2.846e-22	1.0000e+01	8.2008e+00	2.1318e-08	2.2923e-01	7.7077e-01	4.4907e-01	5.5086e-01	6.8247e-05	1.2047e-11	1.3015e-02	9.2256e-01	6.4424e-02	3.1298e-07	2.7154e-01	7.2739e-01	1.0700e-03	1.1755e-36	1.1755e-36	1.1755e-36	1.1633e-18	0.00e+00	0.00e+00	6.3712e+00
1.49408e+18	6.1213e+03	2.802e-22	1.0000e+01	8.0817e+00	2.3760e-08	2.4000e-01	7.6000e-01	4.5901e-01	5.4093e-01	6.6476e-05	1.3751e-11	1.2962e-02	9.2492e-01	6.2120e-02	2.8428e-07	2.8363e-01	7.1539e-01	9.7987e-04	1.1755e-36	1.1755e-36	1.1755e-36	1.4273e-18	0.00e+00	0.00e+00	6.5601e+00
1.50637e+18	6.1153e+03	2.763e-22	1.0000e+01	7.9808e+00	2.6537e-08	2.5088e-01	7.4912e-01	4.6887e-01	5.3106e-01	6.4692e-05	1.5701e-11	1.2927e-02	9.2719e-01	5.9887e-02	2.5873e-07	2.9578e-01	7.0332e-01	8.9981e-04	1.1755e-36	1.1755e-36	1.1755e-36	1.7553e-18	0.00e+00	0.00e+00	6.7522e+00
1.51823e+18	6.1114e+03	2.715e-22	1.0000e+01	7.8531e+00	2.9355e-08	2.6124e-01	7.3876e-01	4.7787e-01	5.2207e-01	6.3246e-05	1.7697e-11	1.2835e-02	9.2921e-01	5.7957e-02	2.3731e-07	3.0729e-01	6.9188e-01	8.2996e-04	1.1755e-36	1.1755e-36	1.1755e-36	2.1169e-18	0.00e+00	0.00e+00	6.9433e+00
1.53006e+18	6.1017e+03	2.667e-22	1.0000e+01	7.7331e+00	3.2795e-08	2.7253e-01	7.2747e-01	4.8752e-01	5.1242e-01	6.1658e-05	2.0154e-11	1.2755e-02	9.3131e-01	5.5932e-02	2.1656e-07	3.1978e-01	6.7946e-01	7.6249e-04	1.1755e-36	1.1755e-36	1.1755e-36	2.5992e-18	0.00e+00	0.00e+00	7.1511e+00
1.54185e+18	6.0884e+03	2.616e-22	1.0000e+01	7.6066e+00	3.6803e-08	2.8434e-01	7.1566e-01	4.9721e-01	5.0273e-01	6.0130e-05	2.3025e-11	1.2659e-02	9.3338e-01	5.3958e-02	1.9750e-07	3.3277e-01	6.6653e-01	6.9961e-04	1.1755e-36	1.1755e-36	1.1755e-36	3.2145e-18	0.00e+00	0.00e+00	7.3577e+00
1.55289e+18	6.0756e+03	2.564e-22	1.0000e+01	7.4815e+00	4.1038e-08	2.9585e-01	7.0415e-01	5.0629e-01	4.9365e-01	5.8772e-05	2.6130e-11	1.2553e-02	9.3528e-01	5.2163e-02	1.8109e-07	3.4536e-01	6.5399e-01	6.4449e-04	1.1755e-36	1.1755e-36	1.1755e-36	3.9379e-18	0.00e+00	0.00e+00	7.5552e+00
1.56330e+18	6.0603e+03	2.513e-22	1.0000e+01	7.3593e+00	4.5695e-08	3.0725e-01	6.9275e-01	5.1507e-01	4.8487e-01	5.7489e-05	2.9574e-11	1.2443e-02	9.3708e-01	5.0475e-02	1.6657e-07	3.5777e-01	6.4163e-01	5.9523e-04	1.1755e-36	1.1755e-36	1.1755e-36	4.8107e-18	0.00e+00	0.00e+00	7.7538e+00
1.57344e+18	6.0422e+03	2.460e-22	1.0000e+01	7.2358e+00	5.0966e-08	3.1888e-01	6.8112e-01	5.2377e-01	4.7617e-01	5.6251e-05	3.3505e-11	1.2325e-02	9.3883e-01	4.8845e-02	1.5333e-07	3.7036e-01	6.2909e-01	5.4986e-04	1.1755e-36	1.1755e-36	1.1755e-36	5.8962e-18	0.00e+00	0.00e+00	7.9561e+00
1.58332e+18	6.0213e+03	2.407e-22	1.0000e+01	7.1108e+00	5.6922e-08	3.3068e-01	6.6932e-01	5.3234e-01	4.6761e-01	5.5069e-05	3.7984e-11	1.2199e-02	9.4052e-01	4.7281e-02	1.4130e-07	3.8307e-01	6.1642e-01	5.0819e-04	1.1755e-36	1.1755e-36	1.1755e-36	7.2471e-18	0.00e+00	0.00e+00	8.1590e+00
1.59282e+18	5.9986e+03	2.353e-22	1.0000e+01	6.9855e+00	6.3516e-08	3.4244e-01	6.5756e-01	5.4062e-01	4.5933e-01	5.3966e-05	4.2994e-11	1.2066e-02	9.4213e-01	4.5806e-02	1.3055e-07	3.9567e-01	6.0386e-01	4.7047e-04	1.1755e-36	1.1755e-36	1.1755e-36	8.8994e-18	0.00e+00	0.00e+00	8.3598e+00
1.60194e+18	5.9748e+03	2.299e-22	1.0000e+01	6.8610e+00	7.0760e-08	3.5413e-01	6.4587e-01	5.4861e-01	4.5134e-01	5.2936e-05	4.8577e-11	1.1928e-02	9.4366e-01	4.4415e-02	1.1755e-36	4.0812e-01	5.9145e-01	4.3631e-04	1.1755e-36	1.1755e-36	1.1755e-36	1.0911e-17	0.00e+00	0.00e+00	8.5598e+00
1.61078e+18	5.9491e+03	2.244e-22	1.0000e+01	6.7367e+00	7.8837e-08	3.6585e-01	6.3415e-01	5.5643e-01	4.4352e-01	5.1954e-05	5.4889e-11	1.1785e-02	9.4513e-01	4.3082e-02	1.1755e-36	4.2055e-01	5.7905e-01	4.0498e-04	1.1755e-36	1.1755e-36	1.1755e-36	1.3398e-17	0.00e+00	0.00e+00	8.7616e+00
1.61941e+18	5.9212e+03	2.189e-22	1.0000e+01	6.6118e+00	8.7930e-08	3.7768e-01	6.2232e-01	5.6412e-01	4.3583e-01	5.1014e-05	6.2084e-11	1.1636e-02	9.4656e-01	4.1800e-02	1.1755e-36	4.3302e-01	5.6661e-01	3.7606e-04	1.1755e-36	1.1755e-36	1.1755e-36	1.6504e-17	0.00e+00	0.00e+00	8.9650e+00
1.62780e+18	5.8911e+03	2.135e-22	1.0000e+01	6.4868e+00	9.8123e-08	3.8953e-01	6.1047e-01	5.7161e-01	4.2834e-01	5.0122e-05	7.0249e-11	1.1483e-02	9.4794e-01	4.0576e-02	1.1755e-36	4.4544e-01	5.5421e-01	3.4954e-04	1.1755e-36	1.1755e-36	1.1755e-36	2.0376e-17	0.00e+00	0.00e+00	9.1678e+00
1.63589e+18	5.8595e+03	2.080e-22	1.0000e+01	6.3627e+00	1.0941e-07	4.0126e-01	5.9874e-01	5.7884e-01	4.2111e-01	4.9288e-05	7.9425e-11	1.1327e-02	9.4926e-01	3.9417e-02	1.1755e-36	4.5768e-01	5.4200e-01	3.2539e-04	1.1755e-36	1.1755e-36	1.1755e-36	2.5156e-17	0.00e+00	0.00e+00	9.3689e+00
1.64371e+18	5.8268e+03	2.026e-22	1.0000e+01	6.2398e+00	1.2188e-07	4.1288e-01	5.8712e-01	5.8583e-01	4.1413e-01	4.8504e-05	8.9738e-11	1.1168e-02	9.5052e-01	3.8316e-02	1.1755e-36	4.6973e-01	5.2997e-01	3.0332e-04	1.1755e-36	1.1755e-36	1.1755e-36	3.1058e-17	0.00e+00	0.00e+00	9.5695e+00
1.65131e+18	5.7928e+03	1.973e-22	1.0000e+01	6.1177e+00	1.3576e-07	4.2447e-01	5.7553e-01	5.9264e-01	4.0731e-01	4.7758e-05	1.0144e-10	1.1007e-02	9.5173e-01	3.7261e-02	1.1755e-36	4.8169e-01	5.1803e-01	2.8298e-04	1.1755e-36	1.1755e-36	1.1755e-36	3.8417e-17	0.00e+00	0.00e+00	9.7711e+00
1.65875e+18	5.7570e+03	1.920e-22	1.0000e+01	5.9960e+00	1.5132e-07	4.3606e-01	5.6394e-01	5.9931e-01	4.0064e-01	4.7045e-05	1.1480e-10	1.0844e-02	9.5291e-01	3.6247e-02	1.1755e-36	4.9359e-01	5.0615e-01	2.6416e-04	1.1755e-36	1.1755e-36	1.1755e-36	4.7673e-17	0.00e+00	0.00e+00	9.9736e+00
1.66601e+18	5.7193e+03	1.867e-22	1.0000e+01	5.8749e+00	1.6878e-07	4.4760e-01	5.5240e-01	6.0581e-01	3.9414e-01	4.6366e-05	1.3007e-10	1.0678e-02	9.5405e-01	3.5274e-02	1.1755e-36	5.0538e-01	4.9437e-01	2.4679e-04	1.1755e-36	1.1755e-36	1.1755e-36	5.9336e-17	0.00e+00	0.00e+00	1.0176e+01
1.67304e+18	5.6802e+03	1.815e-22	1.0000e+01	5.7550e+00	1.8821e-07	4.5901e-01	5.4099e-01	6.1210e-01	3.8786e-01	4.5728e-05	1.4739e-10	1.0511e-02	9.5514e-01	3.4348e-02	1.1755e-36	5.1697e-01	4.8280e-01	2.3086e-04	1.1755e-36	1.1755e-36	1.1755e-36	7.3955e-17	0.00e+00	0.00e+00	1.0376e+01
1.67985e+18	5.6402e+03	1.765e-22	1.0000e+01	5.6370e+00	2.0966e-07	4.7022e-01	5.2978e-01	6.1815e-01	3.8181e-01	4.5129e-05	1.6696e-10	1.0343e-02	9.5619e-01	3.3470e-02	1.1755e-36	5.2830e-01	4.7148e-01	2.1627e-04	1.1755e-36	1.1755e-36	1.1755e-36	9.2187e-17	0.00e+00	0.00e+00	1.0575e+01
1.68647e+18	5.5993e+03	1.715e-22	1.0000e+01	5.5207e+00	2.3343e-07	4.8129e-01	5.1871e-01	6.2402e-01	3.7593e-01	4.4562e-05	1.8919e-10	1.0176e-02	9.5720e-01	3.2629e-02	1.1755e-36	5.3945e-01	4.6035e-01	2.0279e-04	1.1755e-36	1.1755e-36	1.1755e-36	1.1505e-16	0.00e+00	0.00e+00	1.0774e+01
1.69296e+18	5.5574e+03	1.666e-22	1.0000e+01	5.4055e+00	2.5994e-07	4.9230e-01	5.0770e-01	6.2976e-01	3.7019e-01	4.4019e-05	2.1463e-10	1.0008e-02	9.5817e-01	3.1818e-02	1.1755e-36	5.5046e-01	4.4935e-01	1.9027e-04	1.1755e-36	1.1755e-36	1.1755e-36	1.4397e-16	0.00e+00	0.00e+00	1.0974e+01
1.69933e+18	5.5140e+03	1.618e-22	1.0000e+01	5.2912e+00	2.8967e-07	5.0324e-01	4.9676e-01	6.3538e-01	3.6458e-01	4.3499e-05	2.4392e-10	9.8402e-03	9.5912e-01	3.1036e-02	1.1755e-36	5.6137e-01	4.3845e-01	1.7861e-04	1.1755e-36	1.1755e-36	1.1755e-36	1.8081e-16	0.00e+00	0.00e+00	1.1174e+01
1.70555e+18	5.4688e+03	1.570e-22	1.0000e+01	5.1782e+00	3.2308e-07	5.1408e-01	4.8592e-01	6.4084e-01	3.5912e-01	4.3002e-05	2.7765e-10	9.6721e-03	9.6004e-01	3.0285e-02	1.1755e-36	5.7211e-01	4.2772e-01	1.6780e-04	1.1755e-36	1.1755e-36	1.1755e-36	2.2788e-16	0.00e+00	0.00e+00	1.1374e+01
1.71159e+18	5.4224e+03	1.524e-22	1.0000e+01	5.0670e+00	3.6025e-07	5.2470e-01	4.7530e-01	6.4611e-01	3.5385e-01	4.2533e-05	3.1617e-10	9.5051e-03	9.6093e-01	2.9569e-02	1.1755e-36	5.8259e-01	4.1725e-01	1.5786e-04	1.1755e-36	1.1755e-36	1.1755e-36	2.8757e-16	0.00e+00	0.00e+00	1.1570e+01
1.71744e+18	5.3756e+03	1.480e-22	1.0000e+01	4.9584e+00	4.0110e-07	5.3505e-01	4.6495e-01	6.5117e-01	3.4879e-01	4.2096e-05	3.5977e-10	9.3401e-03	9.6177e-01	2.8891e-02	1.1755e-36	5.9276e-01	4.0709e-01	1.4872e-04	1.1755e-36	1.1755e-36	1.1755e-36	3.6254e-16	0.00e+00	0.00e+00	1.1765e+01
1.72315e+18	5.3286e+03	1.437e-22	1.0000e+01	4.8519e+00	4.4618e-07	5.4521e-01	4.5479e-01	6.5608e-01	3.4388e-01	4.1679e-05	4.0945e-10	9.1771e-03	9.6258e-01	2.8240e-02	1.1755e-36	6.0270e-01	3.9716e-01	1.4024e-04	1.1755e-36	1.1755e-36	1.1755e-36	4.5722e-16	0.00e+00	0.00e+00	1.1960e+01
1.72877e+18	5.2810e+03	1.394e-22	1.0000e+01	4.7468e+00	4.9628e-07	5.5529e-01	4.4471e-01	6.6090e-01	3.3906e-01	4.1279e-05	4.6656e-10	9.0147e-03	9.6338e-01	2.7608e-02	1.1755e-36	6.1251e-01	3.8735e-01	1.3229e-04	1.1755e-36	1.1755e-36	1.1755e-36	5.7788e-16	0.00e+00	0.00e+00	1.2156e+01
1.73434e+18	5.2307e+03	1.352e-22	1.0000e+01	4.6405e+00	5.5322e-07	5.6527e-01	4.3473e-01	6.6562e-01	3.3434e-01	4.0898e-05	5.3315e-10	8.8498e-03	9.6415e-01	2.7000e-02	1.1755e-36	6.2219e-01	3.7768e-01	1.2484e-04	1.1755e-36	1.1755e-36	1.1755e-36	7.3452e-16	0.00e+00	0.00e+00	1.2354e+01
1.73980e+18	5.1783e+03	1.311e-22	1.0000e+01	4.5392e+00	6.1825e-07	5.7532e-01	4.2467e-01	6.7038e-01	3.2958e-01	4.0482e-05	6.1203e-10	8.6921e-03	9.6491e-01	2.6394e-02	1.1755e-36	6.3189e-01	3.6799e-01	1.1780e-04	1.1755e-36	1.1755e-36	1.1755e-36	9.4113e-16	0.00e+00	0.00e+00	1.2549e+01
1.74506e+18	5.1279e+03	1.272e-22	1.0000e+01	4.4388e+00	6.8717e-07	5.8481e-01	4.1519e-01	6.7472e-01	3.2524e-01	4.0150e-05	6.9845e-10	8.5337e-03	9.6562e-01	2.5844e-02	1.1755e-36	6.4101e-01	3.5888e-01	1.1145e-04	1.1755e-36	1.1755e-36	1.1755e-36	1.1936e-15	0.00e+00	0.00e+00	1.2738e+01
1.75017e+18	5.0768e+03	1.235e-22	1.0000e+01	4.3417e+00	7.6339e-07	5.9411e-01	4.0589e-01	6.7900e-01	3.2096e-01	3.9815e-05	7.9748e-10	8.3801e-03	9.6631e-01	2.5308e-02	1.1755e-36	6.4992e-01	3.4998e-01	1.0553e-04	1.1755e-36	1.1755e-36	1.1755e-36	1.5147e-15	0.00e+00	0.00e+00	1.2930e+01
1.75528e+18	5.0260e+03	1.197e-22	1.0000e+01	4.2453e+00	8.4739e-07	6.0338e-01	3.9662e-01	6.8323e-01	3.1673e-01	3.9494e-05	9.1125e-10	8.2263e-03	9.6699e-01	2.4784e-02	1.1755e-36	6.5875e-01	3.4115e-01	9.9883e-05	1.1755e-36	1.1755e-36	1.1755e-36	1.9241e-15	0.00e+00	0.00e+00	1.3124e+01
1.76041e+18	4.9719e+03	1.160e-22	1.0000e+01	4.1466e+00	9.4341e-07	6.1266e-01	3.8734e-01	6.8746e-01	3.1250e-01	3.9179e-05	1.0308e-09	8.0686e-03	9.6767e-01	2.4259e-02	1.1755e-36	6.6755e-01	3.3236e-01	9.4517e-05	1.1755e-36	1.1755e-36	1.1755e-36	2.4044e-15	0.00e+00	0.00e+00	1.3324e+01
1.76552e+18	4.9182e+03	1.123e-22	1.0000e+01	4.0483e+00	1.0480e-06	6.2178e-01	3.7822e-01	6.9147e-01	3.0849e-01	3.8917e-05	1.1486e-09	7.9094e-03	9.6835e-01	2.3741e-02	1.1755e-36	6.7618e-01	3.2373e-01	8.9457e-05	1.1755e-36	1.1755e-36	1.1755e-36	2.9294e-15	0.00e+00	0.00e+00	1.3523e+01
1.77059e+18	4.8574e+03	1.088e-22	1.0000e+01	3.9547e+00	1.1749e-06	6.3126e-01	3.6874e-01	6.9583e-01	3.0413e-01	3.8541e-05	1.2892e-09	7.7610e-03	9.6904e-01	2.3196e-02	1.1755e-36	6.8511e-01	3.1481e-01	8.4556e-05	1.1755e-36	1.1755e-36	1.1755e-36	3.6178e-15	0.00e+00	0.00e+00	1.3725e+01
1.77548e+18	4.7988e+03	1.054e-22	1.0000e+01	3.8618e+00	1.3086e-06	6.4014e-01	3.5986e-01	6.9974e-01	3.0023e-01	3.8256e-05	1.4362e-09	7.6115e-03	9.6968e-01	2.2705e-02	1.1755e-36	6.9345e-01	3.0647e-01	8.0150e-05	1.1755e-36	1.1755e-36	1.1755e-36	4.4110e-15	0.00e+00	0.00e+00	1.3915e+01
1.78013e+18	4.7416e+03	1.023e-22	1.0000e+01	3.7743e+00	1.4510e-06	6.4859e-01	3.5141e-01	7.0350e-01	2.9646e-01	3.7973e-05	1.5922e-09	7.4704e-03	9.7029e-01	2.2236e-02	1.1755e-36	7.0135e-01	2.9857e-01	7.6130e-05	1.1755e-36	1.1755e-36	1.1755e-36	5.3300e-15	0.00e+00	0.00e+00	1.4104e+01
1.78478e+18	4.6830e+03	9.913e-23	1.0000e+01	3.6873e+00	1.6091e-06	6.5701e-01	3.4299e-01	7.0727e-01	2.9269e-01	3.7686e-05	1.7645e-09	7.3301e-03	9.7090e-01	2.1771e-02	1.1755e-36	7.0919e-01	2.9074e-01	7.2287e-05	1.1755e-36	1.1755e-36	1.1755e-36	6.4359e-15	0.00e+00	0.00e+00	1.4298e+01
1.78951e+18	4.6159e+03	9.602e-23	1.0000e+01	3.5981e+00	1.7997e-06	6.6569e-01	3.3431e-01	7.1120e-01	2.8876e-01	3.7362e-05	1.9649e-09	7.1877e-03	9.7152e-01	2.1292e-02	1.1755e-36	7.1726e-01	2.8267e-01	6.8543e-05	1.1755e-36	1.1755e-36	1.1755e-36	7.8476e-15	0.00e+00	0.00e+00	1.4499e+01
1.79415e+18	4.5541e+03	9.302e-23	1.0000e+01	3.5118e+00	1.9944e-06	6.7400e-01	3.2600e-01	7.1485e-01	2.8512e-01	3.7096e-05	2.1719e-09	7.0479e-03	9.7211e-01	2.0847e-02	1.1755e-36	7.2495e-01	2.7499e-01	6.5076e-05	1.1755e-36	1.1755e-36	1.1755e-36	9.4358e-15	0.00e+00	0.00e+00	1.4690e+01
1.79871e+18	4.4920e+03	9.009e-23	1.0000e+01	3.4267e+00	2.2031e-06	6.8207e-01	3.1793e-01	7.1843e-01	2.8153e-01	3.6838e-05	2.3915e-09	6.9098e-03	9.7268e-01	2.0413e-02	1.1755e-36	7.3239e-01	2.6755e-01	6.1822e-05	1.1755e-36	1.1755e-36	1.1755e-36	1.1261e-14	0.00e+00	0.00e+00	1.4889e+01
1.80345e+18	4.4248e+03	8.710e-23	1.0000e+01	3.3377e+00	2.4415e-06	6.9038e-01	3.0962e-01	7.2212e-01	2.7784e-01	3.6578e-05	2.6367e-09	6.7652e-03	9.7327e-01	1.9968e-02	1.1755e-36	7.4003e-01	2.5991e-01	5.8605e-05	1.1755e-36	1.1755e-36	1.1755e-36	1.3473e-14	0.00e+00	0.00e+00	1.5102e+01
1.80838e+18	4.3530e+03	8.409e-23	1.0000e+01	3.2497e+00	2.7155e-06	6.9920e-01	3.0080e-01	7.2614e-01	2.7383e-01	3.6243e-05	2.9177e-09	6.6241e-03	9.7388e-01	1.9496e-02	1.1755e-36	7.4810e-01	2.5185e-01	5.5366e-05	1.1755e-36	1.1755e-36	1.1755e-36	1.6213e-14	0.00e+00	0.00e+00	1.5322e+01
1.81335e+18	4.2798e+03	8.112e-23	1.0000e+01	3.1600e+00	3.0077e-06	7.0785e-01	2.9214e-01	7.3000e-01	2.6997e-01	3.5951e-05	3.2101e-09	6.4794e-03	9.7448e-01	1.9041e-02	1.1755e-36	7.5599e-01	2.4395e-01	5.2306e-05	1.1755e-36	1.1755e-36	1.1755e-36	1.9305e-14	0.00e+00	0.00e+00	1.5543e+01
1.81837e+18	4.2053e+03	7.816e-23	1.0000e+01	3.0687e+00	3.3142e-06	7.1637e-01	2.8363e-01	7.3377e-01	2.6619e-01	3.5692e-05	3.5089e-09	6.3311e-03	9.7507e-01	1.8598e-02	1.1755e-36	7.6373e-01	2.3622e-01	4.9400e-05	1.1755e-36	1.1755e-36	1.1755e-36	2.2700e-14	0.00e+00	0.00e+00	1.5773e+01
1.82366e+18	4.1263e+03	7.511e-23	1.0000e+01	2.9746e+00	3.6495e-06	7.2529e-01	2.7471e-01	7.3781e-01	2.6215e-01	3.5400e-05	3.8312e-09	6.1788e-03	9.7569e-01	1.8131e-02	1.1755e-36	7.7181e-01	2.2815e-01	4.6471e-05	1.1755e-36	1.1755e-36	1.1755e-36	2.6599e-14	0.00e+00	0.00e+00	1.6025e+01
1.82941e+18	4.0339e+03	7.192e-23	1.0000e+01	2.8756e+00	4.0436e-06	7.3515e-01	2.6485e-01	7.4242e-01	2.5754e-01	3.5000e-05	4.1929e-09	6.0223e-03	9.7637e-01	1.7612e-02	1.1755e-36	7.8070e-01	2.1926e-01	4.3422e-05	1.1755e-36	1.1755e-36	1.1755e-36	3.1254e-14	0.00e+00	0.00e+00	1.6303e+01
1.83547e+18	3.9357e+03	6.865e-23	1.0000e+01	2.7701e+00	4.4512e-06	7.4526e-01	2.5473e-01	7.4698e-01	2.5298e-01	3.4653e-05	4.5447e-09	5.8549e-03	9.7705e-01	1.7098e-02	1.1755e-36	7.8979e-01	2.1017e-01	4.0437e-05	1.1755e-36	1.1755e-36	1.1755e-36	3.6042e-14	0.00e+00	0.00e+00	1.6592e+01
###########################
4.12053e+14	6.1732e+03	3.419e-22	1.0000e+01	1.0503e+01	2.0023e-10	2.8754e-02	9.7125e-01	1.1156e-01	8.8799e-01	4.5892e-04	6.5364e-14	5.6801e-03	6.9560e-01	2.9870e-01	2.0057e-05	3.3889e-02	9.3380e-01	3.2315e-02	1.1590e-06	1.1755e-36	1.1755e-36	7.0402e-22	0.00e+00	0.00e+00	1.4964e-03
2.47232e+15	6.1638e+03	3.408e-22	1.0000e+01	1.0484e+01	2.0111e-10	2.8692e-02	9.7131e-01	1.1152e-01	8.8802e-01	4.5892e-04	6.4948e-14	5.6553e-03	6.9556e-01	2.9877e-01	2.0107e-05	3.3817e-02	9.3380e-01	3.2377e-02	1.1603e-06	1.1755e-36	1.1755e-36	6.9642e-22	0.00e+00	0.00e+00	7.4693e-03
1.07134e+16	6.1399e+03	3.391e-22	1.0000e+01	1.0480e+01	2.0612e-10	2.8728e-02	9.7127e-01	1.1208e-01	8.8746e-01	4.5497e-04	6.5252e-14	5.6642e-03	6.9679e-01	2.9752e-01	1.9918e-05	3.3873e-02	9.3387e-01	3.2254e-02	1.1415e-06	1.1755e-36	1.1755e-36	6.9761e-22	0.00e+00	0.00e+00	3.1390e-02
4.36776e+16	6.0675e+03	3.352e-22	1.0000e+01	1.0474e+01	2.2767e-10	2.9157e-02	9.7084e-01	1.1464e-01	8.8493e-01	4.3752e-04	6.7994e-14	5.7568e-03	7.0211e-01	2.9212e-01	1.9044e-05	3.4442e-02	9.3412e-01	3.1438e-02	1.0492e-06	1.1755e-36	1.1755e-36	7.2740e-22	0.00e+00	0.00e+00	1.2850e-01
1.04332e+17	5.8260e+03	3.222e-22	1.0000e+01	1.0472e+01	2.8308e-10	2.9027e-02	9.7097e-01	1.1841e-01	8.8118e-01	4.1493e-04	6.8280e-14	5.8044e-03	7.1023e-01	2.8395e-01	1.8101e-05	3.4388e-02	9.3461e-01	3.1002e-02	9.7003e-07	1.1755e-36	1.1755e-36	7.0419e-22	0.00e+00	0.00e+00	2.5419e-01
1.62976e+17	5.6088e+03	3.117e-22	1.0000e+01	1.0470e+01	3.4723e-10	2.8913e-02	9.7109e-01	1.2165e-01	8.7796e-01	3.9587e-04	6.8433e-14	5.8397e-03	7.1713e-01	2.7701e-01	1.7302e-05	3.4344e-02	9.3506e-01	3.0597e-02	9.0579e-07	1.1755e-36	1.1755e-36	6.8545e-22	0.00e+00	0.00e+00	3.4315e-01
2.06215e+17	5.4994e+03	3.070e-22	1.0000e+01	1.0465e+01	3.9603e-10	2.9190e-02	9.7081e-01	1.2430e-01	8.7532e-01	3.8050e-04	7.0421e-14	5.9115e-03	7.2237e-01	2.7170e-01	1.6566e-05	3.4741e-02	9.3535e-01	2.9906e-02	8.3903e-07	1.1755e-36	1.1755e-36	7.0311e-22	0.00e+00	0.00e+00	4.1275e-01
2.49635e+17	5.4356e+03	3.047e-22	1.0000e+01	1.0457e+01	4.4653e-10	2.9912e-02	9.7009e-01	1.2768e-01	8.7196e-01	3.6253e-04	7.5000e-14	6.0453e-03	7.2845e-01	2.6548e-01	1.5611e-05	3.5675e-02	9.3557e-01	2.8753e-02	7.5024e-07	1.1755e-36	1.1755e-36	7.6044e-22	0.00e+00	0.00e+00	5.0547e-01
3.06081e+17	5.3689e+03	3.024e-22	1.0000e+01	1.0441e+01	5.1865e-10	3.1005e-02	9.6900e-01	1.3233e-01	8.6733e-01	3.3996e-04	8.2145e-14	6.2361e-03	7.3637e-01	2.5738e-01	1.4395e-05	3.7077e-02	9.3574e-01	2.7185e-02	6.4289e-07	1.1755e-36	1.1755e-36	8.5536e-22	0.00e+00	0.00e+00	6.3040e-01
3.79460e+17	5.3049e+03	3.005e-22	1.0000e+01	1.0418e+01	6.2515e-10	3.2704e-02	9.6730e-01	1.3894e-01	8.6075e-01	3.1204e-04	9.3908e-14	6.5173e-03	7.4683e-01	2.4664e-01	1.2856e-05	3.9239e-02	9.3570e-01	2.5063e-02	5.1812e-07	1.1755e-36	1.1755e-36	1.0228e-21	0.00e+00	0.00e+00	8.0172e-01
4.74854e+17	5.2553e+03	2.993e-22	1.0000e+01	1.0388e+01	7.8728e-10	3.5417e-02	9.6458e-01	1.4857e-01	8.5115e-01	2.7847e-04	1.1448e-13	6.9375e-03	7.6069e-01	2.3237e-01	1.0953e-05	4.2664e-02	9.3510e-01	2.2240e-02	3.8201e-07	1.1755e-36	1.1755e-36	1.3419e-21	0.00e+00	0.00e+00	1.0429e+00
5.95515e+17	5.2396e+03	2.988e-22	1.0000e+01	1.0327e+01	1.0312e-09	3.9684e-02	9.6032e-01	1.6239e-01	8.3736e-01	2.4064e-04	1.5118e-13	7.5351e-03	7.7811e-01	2.1434e-01	8.7914e-06	4.8014e-02	9.3324e-01	1.8742e-02	2.5152e-07	1.1755e-36	1.1755e-36	1.9784e-21	0.00e+00	0.00e+00	1.3774e+00
7.25411e+17	5.2621e+03	3.005e-22	1.0000e+01	1.0253e+01	1.3790e-09	4.5762e-02	9.5424e-01	1.7989e-01	8.1991e-01	2.0591e-04	2.1342e-13	8.2769e-03	7.9702e-01	1.9470e-01	6.7445e-06	5.5580e-02	9.2927e-01	1.5153e-02	1.5352e-07	1.1755e-36	1.1755e-36	3.2280e-21	0.00e+00	0.00e+00	1.7424e+00
8.47053e+17	5.3489e+03	3.030e-22	1.0000e+01	1.0156e+01	1.7770e-09	5.3568e-02	9.4643e-01	1.9991e-01	7.9992e-01	1.7750e-04	3.1099e-13	9.0826e-03	8.1519e-01	1.7572e-01	5.0605e-06	6.5222e-02	9.2284e-01	1.1936e-02	1.1755e-36	1.1755e-36	1.1755e-36	5.5201e-21	0.00e+00	0.00e+00	2.1382e+00
9.60069e+17	5.4567e+03	3.067e-22	1.0000e+01	1.0035e+01	2.3179e-09	6.3691e-02	9.3631e-01	2.2329e-01	7.7656e-01	1.5353e-04	4.7045e-13	9.9301e-03	8.3298e-01	1.5709e-01	3.6928e-06	7.7642e-02	9.1319e-01	9.1642e-03	1.1755e-36	1.1755e-36	1.1755e-36	9.9803e-21	0.00e+00	0.00e+00	2.5768e+00
1.06429e+18	5.5900e+03	3.100e-22	1.0000e+01	9.8834e+00	3.0267e-09	7.6598e-02	9.2340e-01	2.4992e-01	7.4994e-01	1.3365e-04	7.3178e-13	1.0768e-02	8.4990e-01	1.3933e-01	2.6318e-06	9.3359e-02	8.9977e-01	6.8733e-03	1.1755e-36	1.1755e-36	1.1755e-36	1.8796e-20	0.00e+00	0.00e+00	3.0575e+00
1.15850e+18	5.7278e+03	3.123e-22	1.0000e+01	9.6961e+00	4.0189e-09	9.2827e-02	9.0717e-01	2.7969e-01	7.2019e-01	1.1716e-04	1.1637e-12	1.1539e-02	8.6573e-01	1.2273e-01	1.8403e-06	1.1296e-01	8.8198e-01	5.0633e-03	1.1755e-36	1.1755e-36	1.1755e-36	3.6625e-20	0.00e+00	0.00e+00	3.5794e+00
1.24134e+18	5.8562e+03	3.127e-22	1.0000e+01	9.4714e+00	5.4247e-09	1.1255e-01	8.8745e-01	3.1179e-01	6.8810e-01	1.0354e-04	1.8650e-12	1.2180e-02	8.8003e-01	1.0779e-01	1.2783e-06	1.3655e-01	8.5975e-01	3.7016e-03	1.1755e-36	1.1755e-36	1.1755e-36	7.2424e-20	0.00e+00	0.00e+00	4.1241e+00
1.31220e+18	5.9624e+03	3.105e-22	1.0000e+01	9.2136e+00	7.4032e-09	1.3543e-01	8.6457e-01	3.4483e-01	6.5508e-01	9.2430e-05	2.9615e-12	1.2647e-02	8.9254e-01	9.4815e-02	8.9470e-07	1.6363e-01	8.3366e-01	2.7183e-03	1.1755e-36	1.1755e-36	1.1755e-36	1.4203e-19	0.00e+00	0.00e+00	4.6808e+00
1.37296e+18	6.0380e+03	3.058e-22	1.0000e+01	8.9378e+00	1.0255e-08	1.6152e-01	8.3848e-01	3.7809e-01	6.2183e-01	8.3316e-05	4.6613e-12	1.2956e-02	9.0350e-01	8.3541e-02	6.3252e-07	1.9412e-01	8.0387e-01	2.0101e-03	1.1755e-36	1.1755e-36	1.1755e-36	2.7726e-19	0.00e+00	0.00e+00	5.2561e+00
1.41130e+18	6.0907e+03	3.007e-22	1.0000e+01	8.7065e+00	1.2845e-08	1.8214e-01	8.1786e-01	4.0044e-01	5.9949e-01	7.8342e-05	6.3645e-12	1.3044e-02	9.1001e-01	7.6941e-02	5.0223e-07	2.1795e-01	7.8042e-01	1.6340e-03	1.1755e-36	1.1755e-36	1.1755e-36	4.4173e-19	0.00e+00	0.00e+00	5.4894e+00
1.42648e+18	6.1086e+03	2.977e-22	1.0000e+01	8.5976e+00	1.4108e-08	1.9105e-01	8.0895e-01	4.0976e-01	5.9016e-01	7.6407e-05	7.2175e-12	1.3044e-02	9.1257e-01	7.4387e-02	4.5720e-07	2.2818e-01	7.7032e-01	1.5005e-03	1.1755e-36	1.1755e-36	1.1755e-36	5.3352e-19	0.00e+00	0.00e+00	5.6108e+00
1.43713e+18	6.1139e+03	2.956e-22	1.0000e+01	8.5262e+00	1.5228e-08	1.9789e-01	8.0211e-01	4.1748e-01	5.8244e-01	7.4587e-05	7.9538e-12	1.3054e-02	9.1456e-01	7.2382e-02	4.2525e-07	2.3600e-01	7.6259e-01	1.4074e-03	1.1755e-36	1.1755e-36	1.1755e-36	6.1728e-19	0.00e+00	0.00e+00	5.7512e+00
1.45005e+18	6.1187e+03	2.925e-22	1.0000e+01	8.4330e+00	1.6750e-08	2.0657e-01	7.9343e-01	4.2676e-01	5.7317e-01	7.2603e-05	8.9620e-12	1.3053e-02	9.1697e-01	6.9972e-02	3.8884e-07	2.4590e-01	7.5280e-01	1.2997e-03	1.1755e-36	1.1755e-36	1.1755e-36	7.3930e-19	0.00e+00	0.00e+00	5.9417e+00
1.46539e+18	6.1211e+03	2.887e-22	1.0000e+01	8.3177e+00	1.8852e-08	2.1752e-01	7.8248e-01	4.3779e-01	5.6214e-01	7.0407e-05	1.0365e-11	1.3040e-02	9.1980e-01	6.7162e-02	3.4910e-07	2.5832e-01	7.4050e-01	1.1805e-03	1.1755e-36	1.1755e-36	1.1755e-36	9.2301e-19	0.00e+00	0.00e+00	6.1625e+00
1.48064e+18	6.1211e+03	2.846e-22	1.0000e+01	8.2009e+00	2.1318e-08	2.2923e-01	7.7077e-01	4.4907e-01	5.5086e-01	6.8247e-05	1.2047e-11	1.3015e-02	9.2256e-01	6.4425e-02	3.1298e-07	2.7154e-01	7.2739e-01	1.0700e-03	1.1755e-36	1.1755e-36	1.1755e-36	1.1633e-18	0.00e+00	0.00e+00	6.3712e+00
1.49408e+18	6.1213e+03	2.802e-22	1.0000e+01	8.0817e+00	2.3760e-08	2.4000e-01	7.6000e-01	4.5901e-01	5.4093e-01	6.6476e-05	1.3751e-11	1.2963e-02	9.2492e-01	6.2120e-02	2.8428e-07	2.8363e-01	7.1539e-01	9.7987e-04	1.1755e-36	1.1755e-36	1.1755e-36	1.4273e-18	0.00e+00	0.00e+00	6.5601e+00
1.50637e+18	6.1153e+03	2.763e-22	1.0000e+01	7.9808e+00	2.6537e-08	2.5088e-01	7.4912e-01	4.6887e-01	5.3106e-01	6.4692e-05	1.5701e-11	1.2928e-02	9.2718e-01	5.9888e-02	2.5873e-07	2.9578e-01	7.0332e-01	8.9981e-04	1.1755e-36	1.1755e-36	1.1755e-36	1.7553e-18	0.00e+00	0.00e+00	6.7522e+00
1.51823e+18	6.1114e+03	2.715e-22	1.0000e+01	7.8531e+00	2.9354e-08	2.6124e-01	7.3876e-01	4.7787e-01	5.2207e-01	6.3246e-05	1.7697e-11	1.2836e-02	9.2921e-01	5.7958e-02	2.3731e-07	3.0729e-01	6.9188e-01	8.2996e-04	1.1755e-36	1.1755e-36	1.1755e-36	2.1168e-18	0.00e+00	0.00e+00	6.9433e+00
1.53006e+18	6.1017e+03	2.667e-22	1.0000e+01	7.7331e+00	3.2795e-08	2.7253e-01	7.2747e-01	4.8752e-01	5.1242e-01	6.1658e-05	2.0154e-11	1.2755e-02	9.3131e-01	5.5932e-02	2.1656e-07	3.1978e-01	6.7946e-01	7.6249e-04	1.1755e-36	1.1755e-36	1.1755e-36	2.5992e-18	0.00e+00	0.00e+00	7.1511e+00
1.54185e+18	6.0884e+03	2.616e-22	1.0000e+01	7.6066e+00	3.6803e-08	2.8434e-01	7.1566e-01	4.9721e-01	5.0273e-01	6.0130e-05	2.3025e-11	1.2659e-02	9.3338e-01	5.3959e-02	1.9750e-07	3.3277e-01	6.6653e-01	6.9961e-04	1.1755e-36	1.1755e-36	1.1755e-36	3.2145e-18	0.00e+00	0.00e+00	7.3577e+00
1.55289e+18	6.0757e+03	2.564e-22	1.0000e+01	7.4815e+00	4.1038e-08	2.9585e-01	7.0415e-01	5.0629e-01	4.9365e-01	5.8772e-05	2.6130e-11	1.2553e-02	9.3528e-01	5.2164e-02	1.8109e-07	3.4536e-01	6.5399e-01	6.4449e-04	1.1755e-36	1.1755e-36	1.1755e-36	3.9379e-18	0.00e+00	0.00e+00	7.5551e+00
1.56329e+18	6.0603e+03	2.513e-22	1.0000e+01	7.3593e+00	4.5694e-08	3.0725e-01	6.9275e-01	5.1507e-01	4.8487e-01	5.7489e-05	2.9574e-11	1.2443e-02	9.3708e-01	5.0476e-02	1.6657e-07	3.5777e-01	6.4163e-01	5.9524e-04	1.1755e-36	1.1755e-36	1.1755e-36	4.8106e-18	0.00e+00	0.00e+00	7.7538e+00
1.57344e+18	6.0422e+03	2.460e-22	1.0000e+01	7.2358e+00	5.0965e-08	3.1888e-01	6.8112e-01	5.2377e-01	4.7617e-01	5.6251e-05	3.3505e-11	1.2325e-02	9.3883e-01	4.8846e-02	1.5333e-07	3.7036e-01	6.2909e-01	5.4986e-04	1.1755e-36	1.1755e-36	1.1755e-36	5.8961e-18	0.00e+00	0.00e+00	7.9561e+00
1.58332e+18	6.0213e+03	2.407e-22	1.0000e+01	7.1108e+00	5.6921e-08	3.3068e-01	6.6932e-01	5.3234e-01	4.6761e-01	5.5069e-05	3.7983e-11	1.2199e-02	9.4052e-01	4.7282e-02	1.4130e-07	3.8307e-01	6.1642e-01	5.0819e-04	1.1755e-36	1.1755e-36	1.1755e-36	7.2470e-18	0.00e+00	0.00e+00	8.1590e+00
1.59282e+18	5.9986e+03	2.353e-22	1.0000e+01	6.9855e+00	6.3515e-08	3.4244e-01	6.5756e-01	5.4062e-01	4.5933e-01	5.3966e-05	4.2994e-11	1.2066e-02	9.4213e-01	4.5807e-02	1.3055e-07	3.9567e-01	6.0386e-01	4.7047e-04	1.1755e-36	1.1755e-36	1.1755e-36	8.8993e-18	0.00e+00	0.00e+00	8.3598e+00
1.60194e+18	5.9748e+03	2.299e-22	1.0000e+01	6.8610e+00	7.0759e-08	3.5412e-01	6.4588e-01	5.4861e-01	4.5134e-01	5.2936e-05	4.8577e-11	1.1928e-02	9.4366e-01	4.4415e-02	1.1755e-36	4.0812e-01	5.9145e-01	4.3631e-04	1.1755e-36	1.1755e-36	1.1755e-36	1.0911e-17	0.00e+00	0.00e+00	8.5598e+00
1.61078e+18	5.9491e+03	2.244e-22	1.0000e+01	6.7367e+00	7.8836e-08	3.6585e-01	6.3415e-01	5.5643e-01	4.4352e-01	5.1954e-05	5.4889e-11	1.1785e-02	9.4513e-01	4.3083e-02	1.1755e-36	4.2054e-01	5.7905e-01	4.0498e-04	1.1755e-36	1.1755e-36	1.1755e-36	1.3398e-17	0.00e+00	0.00e+00	8.7616e+00
1.61941e+18	5.9212e+03	2.189e-22	1.0000e+01	6.6118e+00	8.7929e-08	3.7768e-01	6.2232e-01	5.6412e-01	4.3583e-01	5.1014e-05	6.2084e-11	1.1637e-02	9.4656e-01	4.1800e-02	1.1755e-36	4.3302e-01	5.6661e-01	3.7606e-04	1.1755e-36	1.1755e-36	1.1755e-36	1.6504e-17	0.00e+00	0.00e+00	8.9650e+00
1.62780e+18	5.8911e+03	2.135e-22	1.0000e+01	6.4868e+00	9.8122e-08	3.8953e-01	6.1047e-01	5.7161e-01	4.2834e-01	5.0122e-05	7.0248e-11	1.1484e-02	9.4794e-01	4.0576e-02	1.1755e-36	4.4543e-01	5.5422e-01	3.4954e-04	1.1755e-36	1.1755e-36	1.1755e-36	2.0375e-17	0.00e+00	0.00e+00	9.1678e+00
1.63589e+18	5.8595e+03	2.080e-22	1.0000e+01	6.3627e+00	1.0941e-07	4.0126e-01	5.9874e-01	5.7884e-01	4.2112e-01	4.9288e-05	7.9424e-11	1.1327e-02	9.4926e-01	3.9417e-02	1.1755e-36	4.5767e-01	5.4200e-01	3.2539e-04	1.1755e-36	1.1755e-36	1.1755e-36	2.5155e-17	0.00e+00	0.00e+00	9.3689e+00
1.64371e+18	5.8268e+03	2.026e-22	1.0000e+01	6.2398e+00	1.2188e-07	4.1288e-01	5.8712e-01	5.8583e-01	4.1413e-01	4.8504e-05	8.9737e-11	1.1169e-02	9.5051e-01	3.8317e-02	1.1755e-36	4.6973e-01	5.2997e-01	3.0332e-04	1.1755e-36	1.1755e-36	1.1755e-36	3.1057e-17	0.00e+00	0.00e+00	9.5695e+00
1.65131e+18	5.7928e+03	1.973e-22	1.0000e+01	6.1177e+00	1.3576e-07	4.2447e-01	5.7553e-01	5.9264e-01	4.0731e-01	4.7758e-05	1.0144e-10	1.1008e-02	9.5173e-01	3.7262e-02	1.1755e-36	4.8169e-01	5.1803e-01	2.8298e-04	1.1755e-36	1.1755e-36	1.1755e-36	3.8416e-17	0.00e+00	0.00e+00	9.7711e+00
1.65875e+18	5.7570e+03	1.920e-22	1.0000e+01	5.9960e+00	1.5132e-07	4.3606e-01	5.6394e-01	5.9931e-01	4.0064e-01	4.7045e-05	1.1480e-10	1.0844e-02	9.5291e-01	3.6247e-02	1.1755e-36	4.9359e-01	5.0615e-01	2.6416e-04	1.1755e-36	1.1755e-36	1.1755e-36	4.7672e-17	0.00e+00	0.00e+00	9.9736e+00
1.66601e+18	5.7193e+03	1.867e-22	1.0000e+01	5.8749e+00	1.6878e-07	4.4760e-01	5.5240e-01	6.0581e-01	3.9414e-01	4.6366e-05	1.3007e-10	1.0678e-02	9.5405e-01	3.5274e-02	1.1755e-36	5.0538e-01	4.9437e-01	2.4679e-04	1.1755e-36	1.1755e-36	1.1755e-36	5.9335e-17	0.00e+00	0.00e+00	1.0176e+01
1.67304e+18	5.6802e+03	1.815e-22	1.0000e+01	5.7550e+00	1.8821e-07	4.5901e-01	5.4099e-01	6.1210e-01	3.8786e-01	4.5728e-05	1.4739e-10	1.0511e-02	9.5514e-01	3.4349e-02	1.1755e-36	5.1697e-01	4.8280e-01	2.3086e-04	1.1755e-36	1.1755e-36	1.1755e-36	7.3954e-17	0.00e+00	0.00e+00	1.0376e+01
1.67985e+18	5.6402e+03	1.765e-22	1.0000e+01	5.6370e+00	2.0966e-07	4.7022e-01	5.2978e-01	6.1815e-01	3.8181e-01	4.5129e-05	1.6696e-10	1.0344e-02	9.5619e-01	3.3470e-02	1.1755e-36	5.2830e-01	4.7148e-01	2.1627e-04	1.1755e-36	1.1755e-36	1.1755e-36	9.2185e-17	0.00e+00	0.00e+00	1.0575e+01
1.68647e+18	5.5993e+03	1.715e-22	1.0000e+01	5.5207e+00	2.3342e-07	4.8129e-01	5.1871e-01	6.2402e-01	3.7593e-01	4.4562e-05	1.8918e-10	1.0177e-02	9.5719e-01	3.2629e-02	1.1755e-36	5.3945e-01	4.6035e-01	2.0279e-04	1.1755e-36	1.1755e-36	1.1755e-36	1.1504e-16	0.00e+00	0.00e+00	1.0774e+01
1.69296e+18	5.5574e+03	1.666e-22	1.0000e+01	5.4055e+00	2.5993e-07	4.9230e-01	5.0770e-01	6.2976e-01	3.7019e-01	4.4019e-05	2.1463e-10	1.0009e-02	9.5817e-01	3.1818e-02	1.1755e-36	5.5046e-01	4.4935e-01	1.9027e-04	1.1755e-36	1.1755e-36	1.1755e-36	1.4396e-16	0.00e+00	0.00e+00	1.0974e+01
1.69933e+18	5.5140e+03	1.618e-22	1.0000e+01	5.2912e+00	2.8967e-07	5.0324e-01	4.9676e-01	6.3538e-01	3.6458e-01	4.3499e-05	2.4392e-10	9.8405e-03	9.5912e-01	3.1036e-02	1.1755e-36	5.6137e-01	4.3845e-01	1.7861e-04	1.1755e-36	1.1755e-36	1.1755e-36	1.8080e-16	0.00e+00	0.00e+00	1.1174e+01
1.70555e+18	5.4688e+03	1.570e-22	1.0000e+01	5.1782e+00	3.2308e-07	5.1408e-01	4.8592e-01	6.4084e-01	3.5912e-01	4.3002e-05	2.7765e-10	9.6724e-03	9.6004e-01	3.0285e-02	1.1755e-36	5.7211e-01	4.2772e-01	1.6780e-04	1.1755e-36	1.1755e-36	1.1755e-36	2.2788e-16	0.00e+00	0.00e+00	1.1374e+01
1.71159e+18	5.4224e+03	1.524e-22	1.0000e+01	5.0670e+00	3.6024e-07	5.2470e-01	4.7530e-01	6.4611e-01	3.5385e-01	4.2533e-05	3.1616e-10	9.5054e-03	9.6092e-01	2.9570e-02	1.1755e-36	5.8259e-01	4.1725e-01	1.5786e-04	1.1755e-36	1.1755e-36	1.1755e-36	2.8757e-16	0.00e+00	0.00e+00	1.1570e+01
1.71744e+18	5.3757e+03	1.480e-22	1.0000e+01	4.9584e+00	4.0109e-07	5.3505e-01	4.6495e-01	6.5117e-01	3.4879e-01	4.2096e-05	3.5976e-10	9.3405e-03	9.6177e-01	2.8891e-02	1.1755e-36	5.9276e-01	4.0709e-01	1.4872e-04	1.1755e-36	1.1755e-36	1.1755e-36	3.6253e-16	0.00e+00	0.00e+00	1.1765e+01
1.72315e+18	5.3286e+03	1.437e-22	1.0000e+01	4.8519e+00	4.4618e-07	5.4521e-01	4.5479e-01	6.5608e-01	3.4388e-01	4.1679e-05	4.0945e-10	9.1774e-03	9.6258e-01	2.8240e-02	1.1755e-36	6.0270e-01	3.9716e-01	1.4024e-04	1.1755e-36	1.1755e-36	1.1755e-36	4.5721e-16	0.00e+00	0.00e+00	1.1960e+01
1.72877e+18	5.2811e+03	1.394e-22	1.0000e+01	4.7468e+00	4.9627e-07	5.5529e-01	4.4471e-01	6.6090e-01	3.3906e-01	4.1279e-05	4.6655e-10	9.0150e-03	9.6338e-01	2.7609e-02	1.1755e-36	6.1251e-01	3.8735e-01	1.3229e-04	1.1755e-36	1.1755e-36	1.1755e-36	5.7787e-16	0.00e+00	0.00e+00	1.2156e+01
1.73434e+18	5.2307e+03	1.352e-22	1.0000e+01	4.6405e+00	5.5322e-07	5.6527e-01	4.3473e-01	6.6562e-01	3.3434e-01	4.0898e-05	5.3315e-10	8.8501e-03	9.6415e-01	2.7000e-02	1.1755e-36	6.2219e-01	3.7768e-01	1.2484e-04	1.1755e-36	1.1755e-36	1.1755e-36	7.3451e-16	0.00e+00	0.00e+00	1.2354e+01
1.73980e+18	5.1783e+03	1.311e-22	1.0000e+01	4.5392e+00	6.1825e-07	5.7532e-01	4.2467e-01	6.7038e-01	3.2958e-01	4.0482e-05	6.1202e-10	8.6924e-03	9.6491e-01	2.6395e-02	1.1755e-36	6.3189e-01	3.6799e-01	1.1780e-04	1.1755e-36	1.1755e-36	1.1755e-36	9.4111e-16	0.00e+00	0.00e+00	1.2549e+01
1.74506e+18	5.1279e+03	1.272e-22	1.0000e+01	4.4388e+00	6.8717e-07	5.8481e-01	4.1519e-01	6.7472e-01	3.2524e-01	4.0150e-05	6.9844e-10	8.5340e-03	9.6562e-01	2.5844e-02	1.1755e-36	6.4101e-01	3.5888e-01	1.1145e-04	1.1755e-36	1.1755e-36	1.1755e-36	1.1935e-15	0.00e+00	0.00e+00	1.2738e+01
1.75017e+18	5.0768e+03	1.235e-22	1.0000e+01	4.3417e+00	7.6338e-07	5.9411e-01	4.0589e-01	6.7900e-01	3.2096e-01	3.9815e-05	7.9747e-10	8.3804e-03	9.6631e-01	2.5309e-02	1.1755e-36	6.4991e-01	3.4998e-01	1.0553e-04	1.1755e-36	1.1755e-36	1.1755e-36	1.5147e-15	0.00e+00	0.00e+00	1.2930e+01
1.75528e+18	5.0260e+03	1.197e-22	1.0000e+01	4.2453e+00	8.4738e-07	6.0338e-01	3.9662e-01	6.8323e-01	3.1673e-01	3.9494e-05	9.1124e-10	8.2266e-03	9.6699e-01	2.4785e-02	1.1755e-36	6.5875e-01	3.4115e-01	9.9883e-05	1.1755e-36	1.1755e-36	1.1755e-36	1.9241e-15	0.00e+00	0.00e+00	1.3125e+01
1.76041e+18	4.9720e+03	1.160e-22	1.0000e+01	4.1466e+00	9.4330e-07	6.1266e-01	3.8734e-01	6.8746e-01	3.1250e-01	3.9180e-05	1.0307e-09	8.0689e-03	9.6767e-01	2.4259e-02	1.1755e-36	6.6755e-01	3.3236e-01	9.4517e-05	1.1755e-36	1.1755e-36	1.1755e-36	2.4040e-15	0.00e+00	0.00e+00	1.3324e+01
1.76553e+18	4.9182e+03	1.123e-22	1.0000e+01	4.0482e+00	1.0480e-06	6.2178e-01	3.7822e-01	6.9147e-01	3.0849e-01	3.8917e-05	1.1486e-09	7.9096e-03	9.6835e-01	2.3741e-02	1.1755e-36	6.7618e-01	3.2373e-01	8.9455e-05	1.1755e-36	1.1755e-36	1.1755e-36	2.9295e-15	0.00e+00	0.00e+00	1.3523e+01
1.77060e+18	4.8573e+03	1.088e-22	1.0000e+01	3.9546e+00	1.1750e-06	6.3127e-01	3.6873e-01	6.9583e-01	3.0413e-01	3.8541e-05	1.2893e-09	7.7612e-03	9.6904e-01	2.3196e-02	1.1755e-36	6.8512e-01	3.1480e-01	8.4551e-05	1.1755e-36	1.1755e-36	1.1755e-36	3.6185e-15	0.00e+00	0.00e+00	1.3725e+01
1.77549e+18	4.7988e+03	1.054e-22	1.0000e+01	3.8618e+00	1.3087e-06	6.4014e-01	3.5986e-01	6.9974e-01	3.0023e-01	3.8256e-05	1.4362e-09	7.6117e-03	9.6968e-01	2.2705e-02	1.1755e-36	6.9345e-01	3.0647e-01	8.0148e-05	1.1755e-36	1.1755e-36	1.1755e-36	4.4113e-15	0.00e+00	0.00e+00	1.3915e+01
1.78013e+18	4.7416e+03	1.023e-22	1.0000e+01	3.7743e+00	1.4510e-06	6.4859e-01	3.5141e-01	7.0350e-01	2.9646e-01	3.7973e-05	1.5921e-09	7.4707e-03	9.7029e-01	2.2237e-02	1.1755e-36	7.0135e-01	2.9858e-01	7.6130e-05	1.1755e-36	1.1755e-36	1.1755e-36	5.3298e-15	0.00e+00	0.00e+00	1.4104e+01
1.78478e+18	4.6830e+03	9.913e-23	1.0000e+01	3.6874e+00	1.6090e-06	6.5701e-01	3.4299e-01	7.0727e-01	2.9269e-01	3.7686e-05	1.7644e-09	7.3304e-03	9.7090e-01	2.1771e-02	1.1755e-36	7.0919e-01	2.9074e-01	7.2287e-05	1.1755e-36	1.1755e-36	1.1755e-36	6.4356e-15	0.00e+00	0.00e+00	1.4298e+01
1.78951e+18	4.6159e+03	9.602e-23	1.0000e+01	3.5981e+00	1.7996e-06	6.6569e-01	3.3431e-01	7.1120e-01	2.8876e-01	3.7362e-05	1.9649e-09	7.1880e-03	9.7152e-01	2.1292e-02	1.1755e-36	7.1726e-01	2.8267e-01	6.8543e-05	1.1755e-36	1.1755e-36	1.1755e-36	7.8476e-15	0.00e+00	0.00e+00	1.4499e+01
1.79415e+18	4.5541e+03	9.302e-23	1.0000e+01	3.5117e+00	1.9944e-06	6.7400e-01	3.2600e-01	7.1485e-01	2.8511e-01	3.7096e-05	2.1720e-09	7.0481e-03	9.7210e-01	2.0847e-02	1.1755e-36	7.2495e-01	2.7499e-01	6.5075e-05	1.1755e-36	1.1755e-36	1.1755e-36	9.4361e-15	0.00e+00	0.00e+00	1.4691e+01
1.79871e+18	4.4920e+03	9.009e-23	1.0000e+01	3.4267e+00	2.2031e-06	6.8207e-01	3.1792e-01	7.1843e-01	2.8153e-01	3.6838e-05	2.3915e-09	6.9100e-03	9.7268e-01	2.0413e-02	1.1755e-36	7.3239e-01	2.6755e-01	6.1821e-05	1.1755e-36	1.1755e-36	1.1755e-36	1.1262e-14	0.00e+00	0.00e+00	1.4889e+01
1.80345e+18	4.4248e+03	8.710e-23	1.0000e+01	3.3377e+00	2.4415e-06	6.9038e-01	3.0961e-01	7.2212e-01	2.7784e-01	3.6578e-05	2.6367e-09	6.7655e-03	9.7327e-01	1.9968e-02	1.1755e-36	7.4003e-01	2.5991e-01	5.8604e-05	1.1755e-36	1.1755e-36	1.1755e-36	1.3473e-14	0.00e+00	0.00e+00	1.5102e+01
1.80838e+18	4.3530e+03	8.409e-23	1.0000e+01	3.2497e+00	2.7155e-06	6.9920e-01	3.0080e-01	7.2614e-01	2.7383e-01	3.6244e-05	2.9177e-09	6.6243e-03	9.7388e-01	1.9497e-02	1.1755e-36	7.4810e-01	2.5185e-01	5.5364e-05	1.1755e-36	1.1755e-36	1.1755e-36	1.6214e-14	0.00e+00	0.00e+00	1.5322e+01
1.81335e+18	4.2798e+03	8.112e-23	1.0000e+01	3.1600e+00	3.0077e-06	7.0786e-01	2.9214e-01	7.3000e-01	2.6997e-01	3.5952e-05	3.2101e-09	6.4796e-03	9.7448e-01	1.9042e-02	1.1755e-36	7.5600e-01	2.4395e-01	5.2305e-05	1.1755e-36	1.1755e-36	1.1755e-36	1.9306e-14	0.00e+00	0.00e+00	1.5543e+01
1.81837e+18	4.2053e+03	7.816e-23	1.0000e+01	3.0686e+00	3.3142e-06	7.1637e-01	2.8363e-01	7.3377e-01	2.6619e-01	3.5693e-05	3.5091e-09	6.3313e-03	9.7507e-01	1.8599e-02	1.1755e-36	7.6374e-01	2.3621e-01	4.9398e-05	1.1755e-36	1.1755e-36	1.1755e-36	2.2702e-14	0.00e+00	0.00e+00	1.5773e+01
1.82366e+18	4.1263e+03	7.511e-23	1.0000e+01	2.9745e+00	3.6495e-06	7.2530e-01	2.7470e-01	7.3781e-01	2.6216e-01	3.5402e-05	3.8314e-09	6.1789e-03	9.7569e-01	1.8132e-02	1.1755e-36	7.7181e-01	2.2814e-01	4.6468e-05	1.1755e-36	1.1755e-36	1.1755e-36	2.6602e-14	0.00e+00	0.00e+00	1.6025e+01
1.82941e+18	4.0340e+03	7.192e-23	1.0000e+01	2.8754e+00	4.0436e-06	7.3517e-01	2.6483e-01	7.4241e-01	2.5755e-01	3.5004e-05	4.1934e-09	6.0223e-03	9.7636e-01	1.7614e-02	1.1755e-36	7.8072e-01	2.1924e-01	4.3417e-05	1.1755e-36	1.1755e-36	1.1755e-36	3.1262e-14	0.00e+00	0.00e+00	1.6303e+01
1.83547e+18	3.9359e+03	6.863e-23	1.0000e+01	2.7695e+00	4.4516e-06	7.4533e-01	2.5467e-01	7.4693e-01	2.5303e-01	3.4669e-05	4.5465e-09	5.8542e-03	9.7704e-01	1.7103e-02	1.1755e-36	7.8985e-01	2.1011e-01	4.0422e-05	1.1755e-36	1.1755e-36	1.1755e-36	3.6077e-14	0.00e+00	0.00e+00	1.6592e+01
