#depth	Te	Htot	hden	eden	2H_2/H	HI	HII	HeI	HeII	HeIII	CO/C	C1	C2	C3	C4	O1	O2	O3	O4	O5	O6	H2O/O	AV(point)	AV(extend)	Tau912
1.98884e+14	6.5679e+03	2.640e-21	2.7826e+01	3.0214e+01	7.5216e-15	1.3273e-03	9.9867e-01	6.2826e-03	9.8641e-01	7.3088e-03	8.3760e-19	3.9871e-05	1.0516e-01	8.9210e-01	2.7067e-03	3.0211e-04	2.6592e-01	7.3144e-01	2.3381e-03	1.1755e-36	1.1755e-36	7.1059e-27	0.00e+00	0.00e+00	9.2740e-05
1.19330e+15	6.5665e+03	2.640e-21	2.7826e+01	3.0212e+01	7.5274e-15	1.3271e-03	9.9867e-01	6.2829e-03	9.8641e-01	7.3029e-03	8.3690e-19	3.9842e-05	1.0516e-01	8.9209e-01	2.7132e-03	3.0196e-04	2.6583e-01	7.3154e-01	2.3300e-03	1.1755e-36	1.1755e-36	7.0975e-27	0.00e+00	0.00e+00	4.6364e-04
5.17097e+15	6.5635e+03	2.639e-21	2.7826e+01	3.0212e+01	7.5409e-15	1.3267e-03	9.9867e-01	6.2848e-03	9.8646e-01	7.2562e-03	8.3642e-19	3.9801e-05	1.0519e-01	8.9206e-01	2.7099e-03	3.0190e-04	2.6583e-01	7.3157e-01	2.2963e-03	1.1755e-36	1.1755e-36	7.0877e-27	0.00e+00	0.00e+00	1.9469e-03
2.10817e+16	6.5537e+03	2.635e-21	2.7826e+01	3.0211e+01	7.5992e-15	1.3267e-03	9.9867e-01	6.2960e-03	9.8669e-01	7.0123e-03	8.3823e-19	3.9778e-05	1.0534e-01	8.9193e-01	2.6881e-03	3.0240e-04	2.6611e-01	7.3142e-01	2.1660e-03	1.1755e-36	1.1755e-36	7.0854e-27	0.00e+00	0.00e+00	7.8798e-03
5.03573e+16	6.5273e+03	2.619e-21	2.7826e+01	3.0211e+01	7.6651e-15	1.3198e-03	9.9868e-01	6.2993e-03	9.8684e-01	6.8644e-03	8.2817e-19	3.9553e-05	1.0542e-01	8.9187e-01	2.6673e-03	3.0125e-04	2.6617e-01	7.3154e-01	1.9908e-03	1.1755e-36	1.1755e-36	6.9285e-27	0.00e+00	0.00e+00	1.5552e-02
8.84157e+16	6.4958e+03	2.603e-21	2.7826e+01	3.0210e+01	7.7606e-15	1.3139e-03	9.9869e-01	6.3108e-03	9.8722e-01	6.4692e-03	8.1967e-19	3.9446e-05	1.0561e-01	8.9173e-01	2.6267e-03	3.0079e-04	2.6656e-01	7.3136e-01	1.7777e-03	1.1755e-36	1.1755e-36	6.7679e-27	0.00e+00	0.00e+00	2.5482e-02
1.37892e+17	6.4607e+03	2.584e-21	2.7826e+01	3.0209e+01	7.8909e-15	1.3083e-03	9.9869e-01	6.3289e-03	9.8783e-01	5.8412e-03	8.1366e-19	3.9396e-05	1.0587e-01	8.9152e-01	2.5684e-03	3.0084e-04	2.6728e-01	7.3089e-01	1.5293e-03	1.1755e-36	1.1755e-36	6.6302e-27	0.00e+00	0.00e+00	3.8335e-02
2.02210e+17	6.4212e+03	2.564e-21	2.7826e+01	3.0207e+01	8.0479e-15	1.3029e-03	9.9870e-01	6.3550e-03	9.8865e-01	4.9921e-03	8.0892e-19	3.9402e-05	1.0625e-01	8.9122e-01	2.4923e-03	3.0163e-04	2.6847e-01	7.2997e-01	1.2528e-03	1.1755e-36	1.1755e-36	6.4878e-27	0.00e+00	0.00e+00	5.4976e-02
2.85824e+17	6.3763e+03	2.540e-21	2.7826e+01	3.0205e+01	8.2374e-15	1.2982e-03	9.9870e-01	6.3916e-03	9.8964e-01	3.9719e-03	8.0594e-19	3.9480e-05	1.0678e-01	8.9078e-01	2.4005e-03	3.0347e-04	2.7032e-01	7.2841e-01	9.6281e-04	1.1755e-36	1.1755e-36	6.3386e-27	0.00e+00	0.00e+00	7.6531e-02
3.94523e+17	6.3257e+03	2.514e-21	2.7826e+01	3.0202e+01	8.4952e-15	1.2946e-03	9.9871e-01	6.4416e-03	9.9068e-01	2.8823e-03	8.0833e-19	3.9658e-05	1.0751e-01	8.9015e-01	2.2978e-03	3.0676e-04	2.7302e-01	7.2599e-01	6.8131e-04	1.1755e-36	1.1755e-36	6.2265e-27	0.00e+00	0.00e+00	1.0447e-01
5.35831e+17	6.2689e+03	2.484e-21	2.7826e+01	3.0199e+01	8.8288e-15	1.2930e-03	9.9871e-01	6.5088e-03	9.9163e-01	1.8622e-03	8.1659e-19	3.9972e-05	1.0852e-01	8.8925e-01	2.1911e-03	3.1195e-04	2.7672e-01	7.2253e-01	4.3394e-04	1.1755e-36	1.1755e-36	6.1427e-27	0.00e+00	0.00e+00	1.4076e-01
7.19531e+17	6.2063e+03	2.451e-21	2.7826e+01	3.0197e+01	9.2451e-15	1.2946e-03	9.9871e-01	6.5998e-03	9.9236e-01	1.0421e-03	8.3152e-19	4.0489e-05	1.0991e-01	8.8796e-01	2.0861e-03	3.1963e-04	2.8158e-01	7.1786e-01	2.4215e-04	1.1755e-36	1.1755e-36	6.0767e-27	0.00e+00	0.00e+00	1.8798e-01
9.58342e+17	6.1388e+03	2.416e-21	2.7826e+01	3.0195e+01	9.7916e-15	1.3012e-03	9.9870e-01	6.7241e-03	9.9279e-01	4.8989e-04	8.5835e-19	4.1295e-05	1.1183e-01	8.8614e-01	1.9846e-03	3.3063e-04	2.8777e-01	7.1178e-01	1.1479e-04	1.1755e-36	1.1755e-36	6.0756e-27	0.00e+00	0.00e+00	2.4969e-01
1.26880e+18	6.0688e+03	2.379e-21	2.7826e+01	3.0193e+01	1.0487e-14	1.3157e-03	9.9868e-01	6.8973e-03	9.9292e-01	1.8720e-04	9.0155e-19	4.2533e-05	1.1449e-01	8.8358e-01	1.8830e-03	3.4647e-04	2.9567e-01	7.0394e-01	4.4704e-05	1.1755e-36	1.1755e-36	6.1497e-27	0.00e+00	0.00e+00	3.3080e-01
1.67239e+18	5.9993e+03	2.341e-21	2.7826e+01	3.0192e+01	1.1448e-14	1.3426e-03	9.9866e-01	7.1453e-03	9.9280e-01	5.6313e-05	9.7698e-19	4.4401e-05	1.1824e-01	8.7994e-01	1.7735e-03	3.6967e-04	3.0593e-01	6.9369e-01	1.3850e-05	1.1755e-36	1.1755e-36	6.4249e-27	0.00e+00	0.00e+00	4.3840e-01
2.19705e+18	5.9482e+03	2.302e-21	2.7826e+01	3.0190e+01	1.2544e-14	1.3869e-03	9.9861e-01	7.4992e-03	9.9249e-01	1.3077e-05	1.0984e-18	4.7256e-05	1.2349e-01	8.7481e-01	1.6503e-03	4.0399e-04	3.1945e-01	6.8015e-01	3.3430e-06	1.1755e-36	1.1755e-36	6.9516e-27	0.00e+00	0.00e+00	5.8290e-01
2.87912e+18	5.9077e+03	2.269e-21	2.7826e+01	3.0185e+01	1.4155e-14	1.4640e-03	9.9854e-01	8.0413e-03	9.9196e-01	2.3633e-06	1.3198e-18	5.1831e-05	1.3135e-01	8.6709e-01	1.5018e-03	4.5896e-04	3.3843e-01	6.6111e-01	6.2983e-07	1.1755e-36	1.1755e-36	8.0372e-27	0.00e+00	0.00e+00	7.8119e-01
3.76581e+18	5.9277e+03	2.237e-21	2.7826e+01	3.0179e+01	1.6030e-14	1.5907e-03	9.9841e-01	8.8888e-03	9.9111e-01	3.5231e-07	1.7503e-18	5.9169e-05	1.4314e-01	8.5547e-01	1.3285e-03	5.4895e-04	3.6515e-01	6.3430e-01	1.1755e-36	1.1755e-36	1.1755e-36	1.0417e-26	0.00e+00	0.00e+00	1.0613e+00
4.66511e+18	5.9802e+03	2.217e-21	2.7826e+01	3.0172e+01	1.7790e-14	1.7436e-03	9.9826e-01	9.8959e-03	9.9010e-01	6.5199e-08	2.3389e-18	6.7964e-05	1.5664e-01	8.4213e-01	1.1713e-03	6.6232e-04	3.9437e-01	6.0496e-01	1.1755e-36	1.1755e-36	1.1755e-36	1.3683e-26	0.00e+00	0.00e+00	1.3052e+00
5.36874e+18	6.0708e+03	2.215e-21	2.7826e+01	3.0164e+01	1.9167e-14	1.9034e-03	9.9810e-01	1.0923e-02	9.8908e-01	2.1416e-08	3.0977e-18	7.6951e-05	1.6976e-01	8.2911e-01	1.0545e-03	7.8359e-04	4.2104e-01	5.7818e-01	1.1755e-36	1.1755e-36	1.1755e-36	1.8207e-26	0.00e+00	0.00e+00	1.5095e+00
5.95796e+18	6.1742e+03	2.221e-21	2.7826e+01	3.0156e+01	2.0706e-14	2.0760e-03	9.9792e-01	1.2036e-02	9.8796e-01	9.2311e-09	4.1463e-18	8.6638e-05	1.8338e-01	8.1558e-01	9.5612e-04	9.2006e-04	4.4728e-01	5.5180e-01	1.1755e-36	1.1755e-36	1.1755e-36	2.4863e-26	0.00e+00	0.00e+00	1.7164e+00
6.55376e+18	6.2963e+03	2.234e-21	2.7826e+01	3.0146e+01	2.2821e-14	2.2943e-03	9.9771e-01	1.3478e-02	9.8652e-01	4.1743e-09	5.8528e-18	9.8947e-05	2.0022e-01	7.9883e-01	8.5483e-04	1.1028e-03	4.7815e-01	5.2074e-01	1.1755e-36	1.1755e-36	1.1755e-36	3.6163e-26	0.00e+00	0.00e+00	1.9680e+00
7.14694e+18	6.4380e+03	2.254e-21	2.7826e+01	3.0134e+01	2.5342e-14	2.5630e-03	9.9744e-01	1.5304e-02	9.8470e-01	2.0141e-09	8.5252e-18	1.1402e-04	2.2037e-01	7.7876e-01	7.5572e-04	1.3422e-03	5.1328e-01	4.8538e-01	1.1755e-36	1.1755e-36	1.1755e-36	5.4480e-26	0.00e+00	0.00e+00	2.2211e+00
7.65663e+18	6.5765e+03	2.278e-21	2.7826e+01	3.0119e+01	2.8246e-14	2.8541e-03	9.9715e-01	1.7361e-02	9.8264e-01	1.1239e-09	1.2298e-17	1.3024e-04	2.4165e-01	7.5755e-01	6.6954e-04	1.6182e-03	5.4827e-01	4.5011e-01	1.1755e-36	1.1755e-36	1.1755e-36	8.1471e-26	0.00e+00	0.00e+00	2.4503e+00
8.07907e+18	6.7006e+03	2.303e-21	2.7826e+01	3.0105e+01	3.1511e-14	3.1543e-03	9.9685e-01	1.9585e-02	9.8041e-01	7.0848e-10	1.7297e-17	1.4690e-04	2.6316e-01	7.3610e-01	5.9593e-04	1.9194e-03	5.8145e-01	4.1663e-01	1.1755e-36	1.1755e-36	1.1755e-36	1.1848e-25	0.00e+00	0.00e+00	2.6652e+00
8.45266e+18	6.8147e+03	2.328e-21	2.7826e+01	3.0089e+01	3.5473e-14	3.4786e-03	9.9652e-01	2.2120e-02	9.7788e-01	4.7650e-10	2.4201e-17	1.6477e-04	2.8595e-01	7.1336e-01	5.2882e-04	2.2616e-03	6.1430e-01	3.8344e-01	1.1755e-36	1.1755e-36	1.1755e-36	1.7155e-25	0.00e+00	0.00e+00	2.8849e+00
8.80451e+18	6.9257e+03	2.356e-21	2.7826e+01	3.0071e+01	4.0382e-14	3.8496e-03	9.9615e-01	2.5186e-02	9.7481e-01	3.3119e-10	3.4163e-17	1.8497e-04	3.1141e-01	6.8794e-01	4.6433e-04	2.6714e-03	6.4840e-01	3.4892e-01	1.1755e-36	1.1755e-36	1.1755e-36	2.5046e-25	0.00e+00	0.00e+00	3.1177e+00
9.13678e+18	7.0334e+03	2.387e-21	2.7826e+01	3.0049e+01	4.6651e-14	4.2781e-03	9.9572e-01	2.8967e-02	9.7103e-01	2.3730e-10	4.8818e-17	2.0785e-04	3.3999e-01	6.5940e-01	4.0257e-04	3.1646e-03	6.8358e-01	3.1326e-01	1.1755e-36	1.1755e-36	1.1755e-36	3.7110e-25	0.00e+00	0.00e+00	3.3584e+00
9.44147e+18	7.1262e+03	2.420e-21	2.7826e+01	3.0023e+01	5.4753e-14	4.7649e-03	9.9524e-01	3.3570e-02	9.6643e-01	1.7593e-10	6.9869e-17	2.3315e-04	3.7127e-01	6.2815e-01	3.4493e-04	3.7445e-03	7.1854e-01	2.7771e-01	1.1755e-36	1.1755e-36	1.1755e-36	5.5007e-25	0.00e+00	0.00e+00	3.6004e+00
9.71648e+18	7.2172e+03	2.453e-21	2.7826e+01	2.9994e+01	6.4282e-14	5.3010e-03	9.9470e-01	3.9120e-02	9.6088e-01	1.3499e-10	9.9222e-17	2.6027e-04	4.0456e-01	5.9489e-01	2.9290e-04	4.4049e-03	7.5207e-01	2.4352e-01	1.1755e-36	1.1755e-36	1.1755e-36	8.0908e-25	0.00e+00	0.00e+00	3.8434e+00
9.96678e+18	7.3032e+03	2.484e-21	2.7826e+01	2.9961e+01	7.5790e-14	5.8958e-03	9.9410e-01	4.5917e-02	9.5408e-01	1.0631e-10	1.4016e-16	2.8939e-04	4.4001e-01	5.5945e-01	2.4577e-04	5.1569e-03	7.8398e-01	2.1087e-01	1.1755e-36	1.1755e-36	1.1755e-36	1.1845e-24	0.00e+00	0.00e+00	4.0916e+00
1.01977e+19	7.3813e+03	2.517e-21	2.7826e+01	2.9934e+01	9.0687e-14	6.5681e-03	9.9343e-01	5.4646e-02	9.4535e-01	8.5467e-11	1.9912e-16	3.2114e-04	4.7813e-01	5.2134e-01	2.0274e-04	6.0239e-03	8.1435e-01	1.7963e-01	1.1755e-36	1.1755e-36	1.1755e-36	1.7564e-24	0.00e+00	0.00e+00	4.3482e+00
1.04115e+19	7.4341e+03	2.553e-21	2.7826e+01	2.9882e+01	1.1019e-13	7.3445e-03	9.9266e-01	6.5824e-02	9.3418e-01	6.9545e-11	2.8137e-16	3.5552e-04	5.1943e-01	4.8005e-01	1.6347e-04	7.0367e-03	8.4292e-01	1.5004e-01	1.1755e-36	1.1755e-36	1.1755e-36	2.5656e-24	0.00e+00	0.00e+00	4.6128e+00
1.06077e+19	7.4860e+03	2.586e-21	2.7826e+01	2.9823e+01	1.3468e-13	8.2165e-03	9.9178e-01	8.0354e-02	9.1965e-01	5.7390e-11	3.9735e-16	3.9165e-04	5.6259e-01	4.3689e-01	1.2907e-04	8.1882e-03	8.6900e-01	1.2282e-01	1.1755e-36	1.1755e-36	1.1755e-36	3.7710e-24	0.00e+00	0.00e+00	4.8833e+00
1.07650e+19	7.5225e+03	2.616e-21	2.7826e+01	2.9753e+01	1.6142e-13	9.0718e-03	9.9093e-01	9.6856e-02	9.0314e-01	4.9153e-11	5.3404e-16	4.2402e-04	6.0158e-01	3.9789e-01	1.0308e-04	9.3247e-03	8.8963e-01	1.0105e-01	1.1755e-36	1.1755e-36	1.1755e-36	5.2455e-24	0.00e+00	0.00e+00	5.0862e+00
1.08752e+19	7.5473e+03	2.636e-21	2.7826e+01	2.9698e+01	1.8582e-13	9.7771e-03	9.9022e-01	1.1273e-01	8.8727e-01	4.3873e-11	6.6748e-16	4.4940e-04	6.3168e-01	3.6778e-01	8.5668e-05	1.0265e-02	9.0373e-01	8.6003e-02	1.1755e-36	1.1755e-36	1.1755e-36	6.7476e-24	0.00e+00	0.00e+00	5.2460e+00
1.09642e+19	7.5616e+03	2.652e-21	2.7826e+01	2.9640e+01	2.1053e-13	1.0424e-02	9.8958e-01	1.2914e-01	8.7086e-01	3.9683e-11	8.0604e-16	4.7099e-04	6.5746e-01	3.4200e-01	7.2274e-05	1.1128e-02	9.1467e-01	7.4199e-02	1.1755e-36	1.1755e-36	1.1755e-36	8.3527e-24	0.00e+00	0.00e+00	5.4018e+00
1.10621e+19	7.5723e+03	2.669e-21	2.7826e+01	2.9567e+01	2.4455e-13	1.1230e-02	9.8877e-01	1.5235e-01	8.4765e-01	3.5118e-11	1.0022e-15	4.9593e-04	6.8708e-01	3.1237e-01	5.8427e-05	1.2201e-02	9.2603e-01	6.1774e-02	1.1755e-36	1.1755e-36	1.1755e-36	1.0706e-23	0.00e+00	0.00e+00	5.6201e+00
1.11636e+19	7.5708e+03	2.690e-21	2.7826e+01	2.9470e+01	2.9101e-13	1.2201e-02	9.8780e-01	1.8479e-01	8.1521e-01	3.0728e-11	1.2699e-15	5.2275e-04	7.1896e-01	2.8048e-01	4.5566e-05	1.3489e-02	9.3702e-01	4.9488e-02	1.1755e-36	1.1755e-36	1.1755e-36	1.4029e-23	0.00e+00	0.00e+00	5.8181e+00
1.12527e+19	7.5838e+03	2.697e-21	2.7826e+01	2.9334e+01	3.3796e-13	1.3157e-02	9.8684e-01	2.2330e-01	7.7670e-01	2.6710e-11	1.5712e-15	5.4583e-04	7.4761e-01	2.5181e-01	3.5440e-05	1.4759e-02	9.4594e-01	3.9302e-02	1.1755e-36	1.1755e-36	1.1755e-36	1.7887e-23	0.00e+00	0.00e+00	6.0168e+00
1.13267e+19	7.5863e+03	2.707e-21	2.7826e+01	2.9241e+01	3.9160e-13	1.4083e-02	9.8592e-01	2.6759e-01	7.3241e-01	2.3606e-11	1.9160e-15	5.6632e-04	7.7195e-01	2.2745e-01	2.7917e-05	1.5981e-02	9.5268e-01	3.1334e-02	1.1755e-36	1.1755e-36	1.1755e-36	2.2606e-23	0.00e+00	0.00e+00	6.1699e+00
1.13810e+19	7.5764e+03	2.709e-21	2.7826e+01	2.9103e+01	4.3743e-13	1.4835e-02	9.8517e-01	3.0881e-01	6.9119e-01	2.1043e-11	2.2022e-15	5.7997e-04	7.8967e-01	2.0973e-01	2.2950e-05	1.6971e-02	9.5715e-01	2.5877e-02	1.1755e-36	1.1755e-36	1.1755e-36	2.6346e-23	0.00e+00	0.00e+00	6.2918e+00
1.14272e+19	7.5730e+03	2.709e-21	2.7826e+01	2.8996e+01	4.8534e-13	1.5529e-02	9.8447e-01	3.5145e-01	6.4855e-01	1.8834e-11	2.5165e-15	5.9160e-04	8.0441e-01	1.9498e-01	1.9118e-05	1.7880e-02	9.6054e-01	2.1577e-02	1.1755e-36	1.1755e-36	1.1755e-36	3.0825e-23	0.00e+00	0.00e+00	6.4161e+00
1.14796e+19	7.5609e+03	2.702e-21	2.7826e+01	2.8817e+01	5.4495e-13	1.6373e-02	9.8363e-01	4.0798e-01	5.9202e-01	1.6017e-11	2.9011e-15	6.0301e-04	8.2024e-01	1.7914e-01	1.5272e-05	1.8982e-02	9.6383e-01	1.7191e-02	1.1755e-36	1.1755e-36	1.1755e-36	3.6039e-23	0.00e+00	0.00e+00	6.5865e+00
1.15368e+19	7.5425e+03	2.695e-21	2.7826e+01	2.8632e+01	6.2874e-13	1.7414e-02	9.8259e-01	4.8260e-01	5.1740e-01	1.3101e-11	3.4412e-15	6.1498e-04	8.3640e-01	1.6297e-01	1.1720e-05	2.0327e-02	9.6670e-01	1.2970e-02	1.1755e-36	1.1755e-36	1.1755e-36	4.3777e-23	0.00e+00	0.00e+00	6.7556e+00
1.15871e+19	7.5216e+03	2.682e-21	2.7826e+01	2.8423e+01	7.1948e-13	1.8425e-02	9.8158e-01	5.5913e-01	4.4087e-01	1.0507e-11	4.0208e-15	6.2366e-04	8.4933e-01	1.5003e-01	9.0980e-06	2.1626e-02	9.6860e-01	9.7772e-03	1.1755e-36	1.1755e-36	1.1755e-36	5.2260e-23	0.00e+00	0.00e+00	6.9022e+00
1.16311e+19	7.4965e+03	2.671e-21	2.7826e+01	2.8248e+01	8.2111e-13	1.9426e-02	9.8057e-01	6.3208e-01	3.6792e-01	8.3205e-12	4.6571e-15	6.3089e-04	8.5964e-01	1.3972e-01	7.1441e-06	2.2900e-02	9.6967e-01	7.4304e-03	1.1755e-36	1.1755e-36	1.1755e-36	6.2032e-23	0.00e+00	0.00e+00	7.0485e+00
1.16804e+19	7.4651e+03	2.657e-21	2.7826e+01	2.8041e+01	9.5712e-13	2.0660e-02	9.7934e-01	7.1328e-01	2.8672e-01	6.0954e-12	5.4939e-15	6.3752e-04	8.6971e-01	1.2965e-01	5.3465e-06	2.4460e-02	9.7020e-01	5.3404e-03	1.1755e-36	1.1755e-36	1.1755e-36	7.5316e-23	0.00e+00	0.00e+00	7.2507e+00
1.17445e+19	7.4270e+03	2.633e-21	2.7826e+01	2.7715e+01	1.1693e-12	2.2427e-02	9.7757e-01	8.0654e-01	1.9346e-01	3.7796e-12	6.7633e-15	6.4264e-04	8.8026e-01	1.1910e-01	3.6118e-06	2.6679e-02	9.6994e-01	3.3808e-03	1.1755e-36	1.1755e-36	1.1755e-36	9.6648e-23	0.00e+00	0.00e+00	7.5360e+00
1.18278e+19	7.3743e+03	2.621e-21	2.7826e+01	2.7406e+01	1.5600e-12	2.5262e-02	9.7474e-01	8.9535e-01	1.0465e-01	1.8479e-12	9.0134e-15	6.5005e-04	8.9147e-01	1.0787e-01	2.0858e-06	3.0206e-02	9.6800e-01	1.7919e-03	1.1755e-36	1.1755e-36	1.1755e-36	1.3999e-22	0.00e+00	0.00e+00	7.9538e+00
1.19360e+19	7.3127e+03	2.630e-21	2.7826e+01	2.7123e+01	2.3458e-12	3.0106e-02	9.6989e-01	9.5685e-01	4.3148e-02	6.7968e-13	1.3377e-14	6.6013e-04	9.0360e-01	9.5739e-02	9.6918e-07	3.6191e-02	9.6305e-01	7.5482e-04	1.1755e-36	1.1755e-36	1.1755e-36	2.4102e-22	0.00e+00	0.00e+00	8.6012e+00
1.20523e+19	7.2503e+03	2.658e-21	2.7826e+01	2.6856e+01	4.0039e-12	3.7814e-02	9.6219e-01	9.8384e-01	1.6155e-02	2.2933e-13	2.2313e-14	6.7093e-04	9.1569e-01	8.3641e-02	4.0243e-07	4.5673e-02	9.5404e-01	2.8521e-04	1.1755e-36	1.1755e-36	1.1755e-36	5.0939e-22	0.00e+00	0.00e+00	9.3332e+00
1.21461e+19	7.1955e+03	2.680e-21	2.7826e+01	2.6567e+01	6.7773e-12	4.7552e-02	9.5245e-01	9.9239e-01	7.6150e-03	1.0016e-13	3.6753e-14	6.7825e-04	9.2592e-01	7.3398e-02	1.8687e-07	5.7612e-02	9.4226e-01	1.2757e-04	1.1755e-36	1.1755e-36	1.1755e-36	1.0670e-21	0.00e+00	0.00e+00	9.9792e+00
1.22133e+19	7.1449e+03	2.690e-21	2.7826e+01	2.6291e+01	1.0617e-11	5.7974e-02	9.4203e-01	9.9541e-01	4.5863e-03	5.7244e-14	5.5932e-14	6.8227e-04	9.3397e-01	6.5343e-02	1.1755e-36	7.0338e-02	9.2959e-01	7.0336e-05	1.1755e-36	1.1755e-36	1.1755e-36	1.9852e-21	0.00e+00	0.00e+00	1.0562e+01
1.22679e+19	7.0983e+03	2.684e-21	2.7826e+01	2.5973e+01	1.6037e-11	6.9583e-02	9.3042e-01	9.9693e-01	3.0744e-03	3.6851e-14	8.2022e-14	6.8336e-04	9.4089e-01	5.8424e-02	1.1755e-36	8.4453e-02	9.1550e-01	4.2372e-05	1.1755e-36	1.1755e-36	1.1755e-36	3.4978e-21	0.00e+00	0.00e+00	1.1196e+01
1.23196e+19	7.0445e+03	2.660e-21	2.7826e+01	2.5570e+01	2.5077e-11	8.4694e-02	9.1531e-01	9.9788e-01	2.1185e-03	2.4501e-14	1.2363e-13	6.8195e-04	9.4780e-01	5.1522e-02	1.1755e-36	1.0272e-01	8.9725e-01	2.5460e-05	1.1755e-36	1.1755e-36	1.1755e-36	6.4266e-21	0.00e+00	0.00e+00	1.1963e+01
1.23684e+19	6.9833e+03	2.612e-21	2.7826e+01	2.5027e+01	4.1209e-11	1.0519e-01	8.9481e-01	9.9850e-01	1.5047e-03	1.6930e-14	1.9413e-13	6.7635e-04	9.5466e-01	4.4668e-02	1.1755e-36	1.2729e-01	8.7269e-01	1.5179e-05	1.1755e-36	1.1755e-36	1.1755e-36	1.2582e-20	0.00e+00	0.00e+00	1.2817e+01
1.24096e+19	6.9194e+03	2.525e-21	2.7826e+01	2.4240e+01	6.7474e-11	1.2998e-01	8.7002e-01	9.9886e-01	1.1376e-03	1.2676e-14	3.0004e-13	6.6280e-04	9.6060e-01	3.8739e-02	1.1755e-36	1.5672e-01	8.4327e-01	9.4585e-06	1.1755e-36	1.1755e-36	1.1755e-36	2.4071e-20	0.00e+00	0.00e+00	1.3642e+01
1.24417e+19	6.8472e+03	2.427e-21	2.7826e+01	2.3470e+01	1.0728e-10	1.5767e-01	8.4233e-01	9.9908e-01	9.1749e-04	1.0197e-14	4.4777e-13	6.4829e-04	9.6559e-01	3.3759e-02	1.1755e-36	1.8917e-01	8.1082e-01	6.2784e-06	1.1755e-36	1.1755e-36	1.1755e-36	4.3856e-20	0.00e+00	0.00e+00	1.4420e+01
1.24674e+19	6.7688e+03	2.314e-21	2.7826e+01	2.2642e+01	1.6485e-10	1.8734e-01	8.1266e-01	9.9923e-01	7.7491e-04	8.6614e-15	6.4042e-13	6.3089e-04	9.6972e-01	2.9646e-02	1.1755e-36	2.2351e-01	7.7649e-01	4.3777e-06	1.1755e-36	1.1755e-36	1.1755e-36	7.5088e-20	0.00e+00	0.00e+00	1.5187e+01
1.24896e+19	6.6736e+03	2.184e-21	2.7826e+01	2.1720e+01	2.5263e-10	2.2041e-01	7.7959e-01	9.9933e-01	6.7036e-04	7.5854e-15	8.9781e-13	6.1029e-04	9.7336e-01	2.6028e-02	1.1755e-36	2.6120e-01	7.3879e-01	3.1153e-06	1.1755e-36	1.1755e-36	1.1755e-36	1.2488e-19	0.00e+00	0.00e+00	1.6002e+01
1.25099e+19	6.5568e+03	2.031e-21	2.7826e+01	2.0653e+01	3.9476e-10	2.5873e-01	7.4127e-01	9.9941e-01	5.9018e-04	6.8154e-15	1.2538e-12	5.8530e-04	9.7671e-01	2.2704e-02	1.1755e-36	3.0417e-01	6.9583e-01	2.2198e-06	1.1755e-36	1.1755e-36	1.1755e-36	2.0681e-19	0.00e+00	0.00e+00	1.6888e+01
1.25272e+19	6.4240e+03	1.868e-21	2.7826e+01	1.9509e+01	6.1271e-10	2.9978e-01	7.0022e-01	9.9947e-01	5.3399e-04	6.3434e-15	1.7055e-12	5.5749e-04	9.7955e-01	1.9889e-02	1.1755e-36	3.4937e-01	6.5063e-01	1.6217e-06	1.1755e-36	1.1755e-36	1.1755e-36	3.2981e-19	0.00e+00	0.00e+00	1.7683e+01
1.25398e+19	6.2978e+03	1.728e-21	2.7826e+01	1.8500e+01	8.8520e-10	3.3601e-01	6.6399e-01	9.9950e-01	4.9914e-04	6.1047e-15	2.1664e-12	5.3233e-04	9.8163e-01	1.7838e-02	1.1755e-36	3.8855e-01	6.1144e-01	1.2654e-06	1.1755e-36	1.1755e-36	1.1755e-36	4.7479e-19	0.00e+00	0.00e+00	1.8291e+01
1.25488e+19	6.1893e+03	1.618e-21	2.7826e+01	1.7704e+01	1.1774e-09	3.6467e-01	6.3533e-01	9.9952e-01	4.7762e-04	5.9885e-15	2.5742e-12	5.1217e-04	9.8308e-01	1.6410e-02	1.1755e-36	4.1911e-01	5.8089e-01	1.0528e-06	1.1755e-36	1.1755e-36	1.1755e-36	6.1813e-19	0.00e+00	0.00e+00	1.8776e+01
1.25559e+19	6.0877e+03	1.525e-21	2.7826e+01	1.7014e+01	1.5057e-09	3.8942e-01	6.1058e-01	9.9954e-01	4.6090e-04	5.9102e-15	2.9575e-12	4.9461e-04	9.8423e-01	1.5278e-02	1.1755e-36	4.4517e-01	5.5483e-01	9.0317e-07	1.1755e-36	1.1755e-36	1.1755e-36	7.6510e-19	0.00e+00	0.00e+00	1.9235e+01
1.25626e+19	5.9789e+03	1.433e-21	2.7826e+01	1.6324e+01	1.9283e-09	4.1412e-01	5.8588e-01	9.9955e-01	4.4621e-04	5.8576e-15	3.3708e-12	4.7695e-04	9.8529e-01	1.4235e-02	1.1755e-36	4.7090e-01	5.2910e-01	7.7870e-07	1.1755e-36	1.1755e-36	1.1755e-36	9.3667e-19	0.00e+00	0.00e+00	1.9717e+01
1.25690e+19	5.8606e+03	1.341e-21	2.7826e+01	1.5616e+01	2.4925e-09	4.3948e-01	5.6052e-01	9.9957e-01	4.3322e-04	5.8337e-15	3.8285e-12	4.5866e-04	9.8629e-01	1.3250e-02	1.1755e-36	4.9703e-01	5.0297e-01	6.7196e-07	1.1755e-36	1.1755e-36	1.1755e-36	1.1431e-18	0.00e+00	0.00e+00	2.0201e+01
1.25749e+19	5.7372e+03	1.255e-21	2.7826e+01	1.4935e+01	3.2161e-09	4.6409e-01	5.3591e-01	9.9958e-01	4.2244e-04	5.8352e-15	4.3100e-12	4.4102e-04	9.8719e-01	1.2367e-02	1.1755e-36	5.2211e-01	4.7789e-01	5.8492e-07	1.1755e-36	1.1755e-36	1.1755e-36	1.3798e-18	0.00e+00	0.00e+00	2.0653e+01
1.25801e+19	5.6175e+03	1.177e-21	2.7826e+01	1.4306e+01	4.0868e-09	4.8667e-01	5.1333e-01	9.9959e-01	4.1394e-04	5.8604e-15	4.7864e-12	4.2464e-04	9.8797e-01	1.1609e-02	1.1755e-36	5.4489e-01	4.5511e-01	5.1623e-07	1.1755e-36	1.1755e-36	1.1755e-36	1.6357e-18	0.00e+00	0.00e+00	2.1067e+01
1.25848e+19	5.4995e+03	1.107e-21	2.7826e+01	1.3724e+01	5.1393e-09	5.0758e-01	4.9242e-01	9.9959e-01	4.0687e-04	5.8975e-15	5.2630e-12	4.0943e-04	9.8865e-01	1.0945e-02	1.1755e-36	5.6578e-01	4.3421e-01	4.6054e-07	1.1755e-36	1.1755e-36	1.1755e-36	1.9158e-18	0.00e+00	0.00e+00	2.1461e+01
1.25891e+19	5.3790e+03	1.042e-21	2.7826e+01	1.3168e+01	6.4543e-09	5.2757e-01	4.7243e-01	9.9960e-01	4.0060e-04	5.9424e-15	5.7580e-12	3.9489e-04	9.8926e-01	1.0341e-02	1.1755e-36	5.8558e-01	4.1442e-01	4.1340e-07	1.1755e-36	1.1755e-36	1.1755e-36	2.2359e-18	0.00e+00	0.00e+00	2.1847e+01
1.25925e+19	5.2806e+03	9.909e-22	2.7826e+01	1.2722e+01	7.7675e-09	5.4361e-01	4.5639e-01	9.9960e-01	3.9676e-04	6.0020e-15	6.1880e-12	3.8311e-04	9.8973e-01	9.8858e-03	1.1755e-36	6.0134e-01	3.9866e-01	3.7955e-07	1.1755e-36	1.1755e-36	1.1755e-36	2.5412e-18	0.00e+00	0.00e+00	2.2106e+01
1.25949e+19	5.2046e+03	9.544e-22	2.7826e+01	1.2396e+01	8.9346e-09	5.5527e-01	4.4473e-01	9.9961e-01	3.9390e-04	6.0454e-15	6.5241e-12	3.7455e-04	9.9006e-01	9.5617e-03	1.1755e-36	6.1273e-01	3.8727e-01	3.5667e-07	1.1755e-36	1.1755e-36	1.1755e-36	2.7996e-18	0.00e+00	0.00e+00	2.2317e+01
1.25972e+19	5.1267e+03	9.200e-22	2.7826e+01	1.2086e+01	1.0282e-08	5.6648e-01	4.3352e-01	9.9961e-01	3.9085e-04	6.0798e-15	6.8732e-12	3.6646e-04	9.9038e-01	9.2543e-03	1.1755e-36	6.2363e-01	3.7637e-01	3.3596e-07	1.1755e-36	1.1755e-36	1.1755e-36	3.0883e-18	0.00e+00	0.00e+00	2.2552e+01
1.25993e+19	5.0579e+03	8.895e-22	2.7826e+01	1.1807e+01	1.1650e-08	5.7653e-01	4.2347e-01	9.9961e-01	3.8861e-04	6.1229e-15	7.2061e-12	3.5911e-04	9.9065e-01	8.9886e-03	1.1755e-36	6.3336e-01	3.6664e-01	3.1842e-07	1.1755e-36	1.1755e-36	1.1755e-36	3.3828e-18	0.00e+00	0.00e+00	2.2734e+01
1.26009e+19	4.9967e+03	8.650e-22	2.7826e+01	1.1577e+01	1.2980e-08	5.8478e-01	4.1522e-01	9.9961e-01	3.8669e-04	6.1558e-15	7.4993e-12	3.5312e-04	9.9087e-01	8.7738e-03	1.1755e-36	6.4133e-01	3.5867e-01	3.0481e-07	1.1755e-36	1.1755e-36	1.1755e-36	3.6596e-18	0.00e+00	0.00e+00	2.2891e+01
1.26024e+19	4.9379e+03	8.427e-22	2.7826e+01	1.1366e+01	1.4367e-08	5.9243e-01	4.0757e-01	9.9962e-01	3.8487e-04	6.1847e-15	7.7613e-12	3.4763e-04	9.9108e-01	8.5677e-03	1.1755e-36	6.4869e-01	3.5131e-01	2.9270e-07	1.1755e-36	1.1755e-36	1.1755e-36	3.9096e-18	0.00e+00	0.00e+00	2.3047e+01
1.26040e+19	4.8834e+03	8.199e-22	2.7826e+01	1.1147e+01	1.5806e-08	5.9986e-01	4.0014e-01	9.9962e-01	3.8355e-04	6.2310e-15	8.0153e-12	3.4184e-04	9.9129e-01	8.3712e-03	1.1755e-36	6.5580e-01	3.4420e-01	2.8112e-07	1.1755e-36	1.1755e-36	1.1755e-36	4.1633e-18	0.00e+00	0.00e+00	2.3210e+01
1.26056e+19	4.8150e+03	7.963e-22	2.7826e+01	1.0922e+01	1.7753e-08	6.0839e-01	3.9161e-01	9.9962e-01	3.8135e-04	6.2560e-15	8.3360e-12	3.3606e-04	9.9152e-01	8.1464e-03	1.1755e-36	6.6394e-01	3.3605e-01	2.6871e-07	1.1755e-36	1.1755e-36	1.1755e-36	4.5019e-18	0.00e+00	0.00e+00	2.3392e+01
1.26072e+19	4.7479e+03	7.729e-22	2.7826e+01	1.0691e+01	1.9875e-08	6.1661e-01	3.8339e-01	9.9962e-01	3.7967e-04	6.2964e-15	8.6503e-12	3.3007e-04	9.9173e-01	7.9350e-03	1.1755e-36	6.7178e-01	3.2822e-01	2.5718e-07	1.1755e-36	1.1755e-36	1.1755e-36	4.8540e-18	0.00e+00	0.00e+00	2.3560e+01
1.26087e+19	4.6838e+03	7.515e-22	2.7826e+01	1.0478e+01	2.2107e-08	6.2429e-01	3.7571e-01	9.9962e-01	3.7812e-04	6.3339e-15	8.9570e-12	3.2456e-04	9.9194e-01	7.7400e-03	1.1755e-36	6.7906e-01	3.2094e-01	2.4684e-07	1.1755e-36	1.1755e-36	1.1755e-36	5.2169e-18	0.00e+00	0.00e+00	2.3719e+01
1.26102e+19	4.6201e+03	7.309e-22	2.7826e+01	1.0271e+01	2.4529e-08	6.3173e-01	3.6827e-01	9.9962e-01	3.7661e-04	6.3708e-15	9.2654e-12	3.1923e-04	9.9213e-01	7.5531e-03	1.1755e-36	6.8611e-01	3.1389e-01	2.3718e-07	1.1755e-36	1.1755e-36	1.1755e-36	5.6021e-18	0.00e+00	0.00e+00	2.3878e+01
1.26116e+19	4.5512e+03	7.106e-22	2.7826e+01	1.0061e+01	2.7364e-08	6.3930e-01	3.6070e-01	9.9963e-01	3.7500e-04	6.4053e-15	9.5924e-12	3.1390e-04	9.9232e-01	7.3653e-03	1.1755e-36	6.9325e-01	3.0675e-01	2.2780e-07	1.1755e-36	1.1755e-36	1.1755e-36	6.0347e-18	0.00e+00	0.00e+00	2.4042e+01
1.26130e+19	4.4847e+03	6.907e-22	2.7826e+01	9.8549e+00	3.0366e-08	6.4670e-01	3.5330e-01	9.9963e-01	3.7356e-04	6.4441e-15	9.9201e-12	3.0864e-04	9.9251e-01	7.1843e-03	1.1755e-36	7.0021e-01	2.9979e-01	2.1889e-07	1.1755e-36	1.1755e-36	1.1755e-36	6.4903e-18	0.00e+00	0.00e+00	2.4202e+01
1.26145e+19	4.4168e+03	6.712e-22	2.7826e+01	9.6511e+00	3.3680e-08	6.5407e-01	3.4593e-01	9.9963e-01	3.7211e-04	6.4821e-15	1.0257e-11	3.0347e-04	9.9269e-01	7.0057e-03	1.1755e-36	7.0713e-01	2.9287e-01	2.1032e-07	1.1755e-36	1.1755e-36	1.1755e-36	6.9828e-18	0.00e+00	0.00e+00	2.4365e+01
1.26159e+19	4.3460e+03	6.517e-22	2.7826e+01	9.4440e+00	3.7387e-08	6.6158e-01	3.3842e-01	9.9963e-01	3.7062e-04	6.5210e-15	1.0606e-11	2.9825e-04	9.9288e-01	6.8264e-03	1.1755e-36	7.1414e-01	2.8586e-01	2.0192e-07	1.1755e-36	1.1755e-36	1.1755e-36	7.5203e-18	0.00e+00	0.00e+00	2.4533e+01
1.26173e+19	4.2775e+03	6.318e-22	2.7826e+01	9.2286e+00	4.1202e-08	6.6884e-01	3.3116e-01	9.9963e-01	3.6965e-04	6.5795e-15	1.0934e-11	2.9272e-04	9.9305e-01	6.6556e-03	1.1755e-36	7.2091e-01	2.7909e-01	1.9392e-07	1.1755e-36	1.1755e-36	1.1755e-36	8.0496e-18	0.00e+00	0.00e+00	2.4704e+01
1.26189e+19	4.2001e+03	6.115e-22	2.7826e+01	9.0068e+00	4.5745e-08	6.7671e-01	3.2329e-01	9.9963e-01	3.6824e-04	6.6282e-15	1.1300e-11	2.8716e-04	9.9324e-01	6.4719e-03	1.1755e-36	7.2823e-01	2.7177e-01	1.8566e-07	1.1755e-36	1.1755e-36	1.1755e-36	8.6658e-18	0.00e+00	0.00e+00	2.4892e+01
1.26204e+19	4.1143e+03	5.911e-22	2.7826e+01	8.7827e+00	5.1012e-08	6.8515e-01	3.1485e-01	9.9963e-01	3.6639e-04	6.6642e-15	1.1700e-11	2.8171e-04	9.9344e-01	6.2773e-03	1.1755e-36	7.3606e-01	2.6394e-01	1.7724e-07	1.1755e-36	1.1755e-36	1.1755e-36	9.3640e-18	0.00e+00	0.00e+00	2.5082e+01
1.26220e+19	4.0279e+03	5.710e-22	2.7826e+01	8.5521e+00	5.6371e-08	6.9321e-01	3.0679e-01	9.9964e-01	3.6501e-04	6.7166e-15	1.2050e-11	2.7608e-04	9.9363e-01	6.0950e-03	1.1755e-36	7.4351e-01	2.5649e-01	1.6947e-07	1.1755e-36	1.1755e-36	1.1755e-36	1.0001e-17	0.00e+00	0.00e+00	2.5269e+01
1.26236e+19	3.9460e+03	5.509e-22	2.7826e+01	8.3294e+00	6.1574e-08	7.0135e-01	2.9865e-01	9.9964e-01	3.6360e-04	6.7696e-15	1.2388e-11	2.7062e-04	9.9382e-01	5.9127e-03	1.1755e-36	7.5098e-01	2.4902e-01	1.6177e-07	1.1755e-36	1.1755e-36	1.1755e-36	1.0617e-17	0.00e+00	0.00e+00	2.5468e+01
###########################
1.98884e+14	6.5808e+03	2.637e-21	2.7826e+01	3.0214e+01	7.2858e-15	1.3244e-03	9.9868e-01	6.2720e-03	9.8641e-01	7.3184e-03	8.1629e-19	3.8760e-05	1.0492e-01	8.9232e-01	2.7205e-03	3.0100e-04	2.6557e-01	7.3179e-01	2.3407e-03	1.1755e-36	1.1755e-36	6.8119e-27	0.00e+00	0.00e+00	9.2540e-05
1.19330e+15	6.5792e+03	2.637e-21	2.7826e+01	3.0212e+01	7.3056e-15	1.3243e-03	9.9868e-01	6.2724e-03	9.8642e-01	7.3122e-03	8.1713e-19	3.8591e-05	1.0494e-01	8.9229e-01	2.7244e-03	3.0083e-04	2.6544e-01	7.3192e-01	2.3327e-03	1.1755e-36	1.1755e-36	6.8277e-27	0.00e+00	0.00e+00	4.6267e-04
5.17097e+15	6.5760e+03	2.636e-21	2.7826e+01	3.0212e+01	7.3158e-15	1.3241e-03	9.9868e-01	6.2744e-03	9.8646e-01	7.2654e-03	8.1611e-19	3.8599e-05	1.0499e-01	8.9225e-01	2.7175e-03	3.0070e-04	2.6535e-01	7.3205e-01	2.2992e-03	1.1755e-36	1.1755e-36	6.8073e-27	0.00e+00	0.00e+00	1.9429e-03
2.10817e+16	6.5657e+03	2.632e-21	2.7826e+01	3.0212e+01	7.3811e-15	1.3243e-03	9.9868e-01	6.2858e-03	9.8669e-01	7.0209e-03	8.1813e-19	3.8690e-05	1.0518e-01	8.9209e-01	2.6932e-03	3.0101e-04	2.6542e-01	7.3210e-01	2.1693e-03	1.1755e-36	1.1755e-36	6.8095e-27	0.00e+00	0.00e+00	7.8648e-03
5.03573e+16	6.5400e+03	2.617e-21	2.7826e+01	3.0211e+01	7.4363e-15	1.3169e-03	9.9868e-01	6.2877e-03	9.8684e-01	6.8736e-03	8.0614e-19	3.8596e-05	1.0524e-01	8.9204e-01	2.6716e-03	2.9913e-04	2.6497e-01	7.3274e-01	1.9954e-03	1.1755e-36	1.1755e-36	6.6406e-27	0.00e+00	0.00e+00	1.5521e-02
8.84157e+16	6.5089e+03	2.601e-21	2.7826e+01	3.0210e+01	7.5224e-15	1.3108e-03	9.9869e-01	6.2984e-03	9.8722e-01	6.4784e-03	7.9623e-19	3.8575e-05	1.0542e-01	8.9191e-01	2.6306e-03	2.9812e-04	2.6496e-01	7.3296e-01	1.7829e-03	1.1755e-36	1.1755e-36	6.4729e-27	0.00e+00	0.00e+00	2.5427e-02
1.37892e+17	6.4740e+03	2.584e-21	2.7826e+01	3.0209e+01	7.6447e-15	1.3050e-03	9.9870e-01	6.3158e-03	9.8783e-01	5.8498e-03	7.8935e-19	3.8599e-05	1.0568e-01	8.9170e-01	2.5719e-03	2.9780e-04	2.6541e-01	7.3275e-01	1.5345e-03	1.1755e-36	1.1755e-36	6.3324e-27	0.00e+00	0.00e+00	3.8248e-02
2.02210e+17	6.4344e+03	2.563e-21	2.7826e+01	3.0207e+01	7.7951e-15	1.2996e-03	9.9870e-01	6.3417e-03	9.8866e-01	4.9997e-03	7.8443e-19	3.8677e-05	1.0606e-01	8.9140e-01	2.4955e-03	2.9844e-04	2.6650e-01	7.3195e-01	1.2573e-03	1.1755e-36	1.1755e-36	6.1934e-27	0.00e+00	0.00e+00	5.4846e-02
2.85824e+17	6.3894e+03	2.540e-21	2.7826e+01	3.0205e+01	7.9881e-15	1.2949e-03	9.9871e-01	6.3784e-03	9.8964e-01	3.9780e-03	7.8294e-19	3.8824e-05	1.0660e-01	8.9096e-01	2.4033e-03	3.0040e-04	2.6844e-01	7.3030e-01	9.6614e-04	1.1755e-36	1.1755e-36	6.0684e-27	0.00e+00	0.00e+00	7.6346e-02
3.94523e+17	6.3385e+03	2.513e-21	2.7826e+01	3.0202e+01	8.2399e-15	1.2914e-03	9.9871e-01	6.4285e-03	9.9068e-01	2.8869e-03	7.8639e-19	3.9061e-05	1.0735e-01	8.9031e-01	2.3003e-03	3.0400e-04	2.7138e-01	7.2763e-01	6.8345e-04	1.1755e-36	1.1755e-36	5.9696e-27	0.00e+00	0.00e+00	1.0422e-01
5.35831e+17	6.2816e+03	2.482e-21	2.7826e+01	3.0199e+01	8.5568e-15	1.2899e-03	9.9871e-01	6.4964e-03	9.9164e-01	1.8652e-03	7.9513e-19	3.9435e-05	1.0838e-01	8.8939e-01	2.1932e-03	3.0965e-04	2.7545e-01	7.2381e-01	4.3508e-04	1.1755e-36	1.1755e-36	5.8869e-27	0.00e+00	0.00e+00	1.4042e-01
7.19531e+17	6.2185e+03	2.449e-21	2.7826e+01	3.0197e+01	8.9659e-15	1.2917e-03	9.9871e-01	6.5880e-03	9.9237e-01	1.0437e-03	8.1143e-19	4.0005e-05	1.0979e-01	8.8808e-01	2.0879e-03	3.1779e-04	2.8068e-01	7.1876e-01	2.4266e-04	1.1755e-36	1.1755e-36	5.8364e-27	0.00e+00	0.00e+00	1.8753e-01
9.58342e+17	6.1504e+03	2.414e-21	2.7826e+01	3.0195e+01	9.5042e-15	1.2984e-03	9.9870e-01	6.7128e-03	9.9280e-01	4.9064e-04	8.3923e-19	4.0861e-05	1.1174e-01	8.8624e-01	1.9861e-03	3.2917e-04	2.8717e-01	7.1239e-01	1.1498e-04	1.1755e-36	1.1755e-36	5.8466e-27	0.00e+00	0.00e+00	2.4911e-01
1.26880e+18	6.0795e+03	2.376e-21	2.7826e+01	3.0193e+01	1.0199e-14	1.3130e-03	9.9869e-01	6.8864e-03	9.9293e-01	1.8747e-04	8.8349e-19	4.2144e-05	1.1442e-01	8.8365e-01	1.8841e-03	3.4524e-04	2.9526e-01	7.0435e-01	4.4766e-05	1.1755e-36	1.1755e-36	5.9364e-27	0.00e+00	0.00e+00	3.3005e-01
1.67239e+18	6.0111e+03	2.338e-21	2.7826e+01	3.0192e+01	1.1111e-14	1.3395e-03	9.9866e-01	7.1321e-03	9.9281e-01	5.6396e-05	9.5709e-19	4.4062e-05	1.1817e-01	8.8001e-01	1.7747e-03	3.6843e-04	3.0560e-01	6.9401e-01	1.3868e-05	1.1755e-36	1.1755e-36	6.1964e-27	0.00e+00	0.00e+00	4.3741e-01
2.19705e+18	5.9540e+03	2.300e-21	2.7826e+01	3.0190e+01	1.2264e-14	1.3846e-03	9.9862e-01	7.4897e-03	9.9250e-01	1.3088e-05	1.0792e-18	4.6941e-05	1.2350e-01	8.7481e-01	1.6501e-03	4.0305e-04	3.1926e-01	6.8033e-01	3.3461e-06	1.1755e-36	1.1755e-36	6.7233e-27	0.00e+00	0.00e+00	5.8167e-01
2.87912e+18	5.9127e+03	2.267e-21	2.7826e+01	3.0185e+01	1.3911e-14	1.4616e-03	9.9854e-01	8.0318e-03	9.9197e-01	2.3650e-06	1.3037e-18	5.1576e-05	1.3140e-01	8.6705e-01	1.5013e-03	4.5804e-04	3.3832e-01	6.6122e-01	6.3032e-07	1.1755e-36	1.1755e-36	7.8489e-27	0.00e+00	0.00e+00	7.7963e-01
3.76581e+18	5.9289e+03	2.236e-21	2.7826e+01	3.0179e+01	1.5851e-14	1.5885e-03	9.9841e-01	8.8810e-03	9.9112e-01	3.5240e-07	1.7349e-18	5.8979e-05	1.4327e-01	8.5535e-01	1.3272e-03	5.4818e-04	3.6514e-01	6.3432e-01	1.1755e-36	1.1755e-36	1.1755e-36	1.0221e-26	0.00e+00	0.00e+00	1.0593e+00
4.66390e+18	5.9771e+03	2.216e-21	2.7826e+01	3.0172e+01	1.7703e-14	1.7415e-03	9.9826e-01	9.8888e-03	9.9011e-01	6.5303e-08	2.3248e-18	6.7850e-05	1.5685e-01	8.4192e-01	1.1696e-03	6.6160e-04	3.9441e-01	6.0492e-01	1.1755e-36	1.1755e-36	1.1755e-36	1.3479e-26	0.00e+00	0.00e+00	1.3022e+00
5.36479e+18	6.0645e+03	2.214e-21	2.7826e+01	3.0164e+01	1.9227e-14	1.9010e-03	9.9810e-01	1.0913e-02	9.8909e-01	2.1532e-08	3.0956e-18	7.6893e-05	1.7000e-01	8.2887e-01	1.0530e-03	7.8248e-04	4.2102e-01	5.7820e-01	1.1755e-36	1.1755e-36	1.1755e-36	1.8126e-26	0.00e+00	0.00e+00	1.5052e+00
5.95221e+18	6.1657e+03	2.221e-21	2.7826e+01	3.0156e+01	2.0874e-14	2.0730e-03	9.9793e-01	1.2023e-02	9.8798e-01	9.2970e-09	4.1573e-18	8.6642e-05	1.8365e-01	8.1531e-01	9.5476e-04	9.1853e-04	4.4721e-01	5.5187e-01	1.1755e-36	1.1755e-36	1.1755e-36	2.4913e-26	0.00e+00	0.00e+00	1.7117e+00
6.54743e+18	6.2863e+03	2.234e-21	2.7826e+01	3.0146e+01	2.3110e-14	2.2909e-03	9.9771e-01	1.3462e-02	9.8654e-01	4.2043e-09	5.8897e-18	9.9045e-05	2.0054e-01	7.9850e-01	8.5355e-04	1.1008e-03	4.7803e-01	5.2086e-01	1.1755e-36	1.1755e-36	1.1755e-36	3.6496e-26	0.00e+00	0.00e+00	1.9626e+00
7.14055e+18	6.4268e+03	2.254e-21	2.7826e+01	3.0134e+01	2.5800e-14	2.5592e-03	9.9744e-01	1.5284e-02	9.8472e-01	2.0274e-09	8.6227e-18	1.1427e-04	2.2076e-01	7.7837e-01	7.5451e-04	1.3396e-03	5.1312e-01	4.8555e-01	1.1755e-36	1.1755e-36	1.1755e-36	5.5532e-26	0.00e+00	0.00e+00	2.2156e+00
7.65085e+18	6.5649e+03	2.277e-21	2.7826e+01	3.0120e+01	2.8843e-14	2.8501e-03	9.9715e-01	1.7338e-02	9.8266e-01	1.1300e-09	1.2480e-17	1.3070e-04	2.4214e-01	7.5706e-01	6.6836e-04	1.6153e-03	5.4810e-01	4.5029e-01	1.1755e-36	1.1755e-36	1.1755e-36	8.3568e-26	0.00e+00	0.00e+00	2.4449e+00
8.07389e+18	6.6890e+03	2.302e-21	2.7826e+01	3.0105e+01	3.2324e-14	3.1501e-03	9.9685e-01	1.9559e-02	9.8044e-01	7.1169e-10	1.7647e-17	1.4759e-04	2.6374e-01	7.3552e-01	5.9479e-04	1.9162e-03	5.8127e-01	4.1682e-01	1.1755e-36	1.1755e-36	1.1755e-36	1.2280e-25	0.00e+00	0.00e+00	2.6597e+00
8.44774e+18	6.8032e+03	2.328e-21	2.7826e+01	3.0090e+01	3.6432e-14	3.4739e-03	9.9653e-01	2.2089e-02	9.7791e-01	4.7848e-10	2.4736e-17	1.6572e-04	2.8661e-01	7.1270e-01	5.2779e-04	2.2577e-03	6.1409e-01	3.8366e-01	1.1755e-36	1.1755e-36	1.1755e-36	1.7843e-25	0.00e+00	0.00e+00	2.8791e+00
8.79962e+18	6.9146e+03	2.355e-21	2.7826e+01	3.0071e+01	4.1613e-14	3.8443e-03	9.9616e-01	2.5144e-02	9.7486e-01	3.3253e-10	3.5060e-17	1.8622e-04	3.1216e-01	6.8719e-01	4.6343e-04	2.6665e-03	6.4814e-01	3.4919e-01	1.1755e-36	1.1755e-36	1.1755e-36	2.6265e-25	0.00e+00	0.00e+00	3.1116e+00
9.13192e+18	7.0227e+03	2.386e-21	2.7826e+01	3.0049e+01	4.8135e-14	4.2717e-03	9.9573e-01	2.8912e-02	9.7109e-01	2.3823e-10	5.0196e-17	2.0947e-04	3.4083e-01	6.5856e-01	4.0180e-04	3.1583e-03	6.8327e-01	3.1358e-01	1.1755e-36	1.1755e-36	1.1755e-36	3.9072e-25	0.00e+00	0.00e+00	3.3520e+00
9.43672e+18	7.1159e+03	2.419e-21	2.7826e+01	3.0024e+01	5.6592e-14	4.7576e-03	9.9524e-01	3.3498e-02	9.6650e-01	1.7659e-10	7.2012e-17	2.3522e-04	3.7223e-01	6.2719e-01	3.4426e-04	3.7369e-03	7.1819e-01	2.7807e-01	1.1755e-36	1.1755e-36	1.1755e-36	5.8189e-25	0.00e+00	0.00e+00	3.5937e+00
9.71188e+18	7.2074e+03	2.452e-21	2.7826e+01	2.9995e+01	6.6583e-14	5.2928e-03	9.9471e-01	3.9026e-02	9.6097e-01	1.3548e-10	1.0256e-16	2.6286e-04	4.0565e-01	5.9380e-01	2.9230e-04	4.3957e-03	7.5170e-01	2.4391e-01	1.1755e-36	1.1755e-36	1.1755e-36	8.6081e-25	0.00e+00	0.00e+00	3.8365e+00
9.96232e+18	7.2942e+03	2.483e-21	2.7826e+01	2.9961e+01	7.8625e-14	5.8863e-03	9.9411e-01	4.5792e-02	9.5421e-01	1.0669e-10	1.4523e-16	2.9252e-04	4.4124e-01	5.5823e-01	2.4524e-04	5.1459e-03	7.8359e-01	2.1127e-01	1.1755e-36	1.1755e-36	1.1755e-36	1.2665e-24	0.00e+00	0.00e+00	4.0845e+00
1.01934e+19	7.3730e+03	2.516e-21	2.7826e+01	2.9934e+01	9.3778e-14	6.5573e-03	9.9344e-01	5.4477e-02	9.4552e-01	8.5763e-11	2.0578e-16	3.2466e-04	4.7952e-01	5.1995e-01	2.0226e-04	6.0109e-03	8.1395e-01	1.8004e-01	1.1755e-36	1.1755e-36	1.1755e-36	1.8676e-24	0.00e+00	0.00e+00	4.3408e+00
1.04073e+19	7.4265e+03	2.550e-21	2.7826e+01	2.9877e+01	1.1441e-13	7.3308e-03	9.9267e-01	6.5507e-02	9.3449e-01	6.9731e-11	2.9213e-16	3.5974e-04	5.2091e-01	4.7857e-01	1.6309e-04	7.0200e-03	8.4250e-01	1.5048e-01	1.1755e-36	1.1755e-36	1.1755e-36	2.7551e-24	0.00e+00	0.00e+00	4.6051e+00
1.06037e+19	7.4787e+03	2.584e-21	2.7826e+01	2.9824e+01	1.4014e-13	8.2029e-03	9.9180e-01	7.9982e-02	9.2002e-01	5.7561e-11	4.1367e-16	3.9685e-04	5.6428e-01	4.3519e-01	1.2870e-04	8.1707e-03	8.6860e-01	1.2323e-01	1.1755e-36	1.1755e-36	1.1755e-36	4.0699e-24	0.00e+00	0.00e+00	4.8756e+00
1.07613e+19	7.5157e+03	2.614e-21	2.7826e+01	2.9755e+01	1.6841e-13	9.0578e-03	9.9094e-01	9.6402e-02	9.0360e-01	4.9312e-11	5.5784e-16	4.3013e-04	6.0348e-01	3.9598e-01	1.0271e-04	9.3063e-03	8.8926e-01	1.0144e-01	1.1755e-36	1.1755e-36	1.1755e-36	5.6977e-24	0.00e+00	0.00e+00	5.0783e+00
1.08715e+19	7.5409e+03	2.634e-21	2.7826e+01	2.9699e+01	1.9385e-13	9.7623e-03	9.9024e-01	1.1217e-01	8.8783e-01	4.4023e-11	6.9742e-16	4.5610e-04	6.3373e-01	3.6573e-01	8.5314e-05	1.0246e-02	9.0338e-01	8.6372e-02	1.1755e-36	1.1755e-36	1.1755e-36	7.3326e-24	0.00e+00	0.00e+00	5.2380e+00
1.09607e+19	7.5554e+03	2.651e-21	2.7826e+01	2.9642e+01	2.1983e-13	1.0410e-02	9.8959e-01	1.2848e-01	8.7152e-01	3.9818e-11	8.4322e-16	4.7829e-04	6.5967e-01	3.3978e-01	7.1916e-05	1.1109e-02	9.1435e-01	7.4537e-02	1.1755e-36	1.1755e-36	1.1755e-36	9.0958e-24	0.00e+00	0.00e+00	5.3941e+00
1.10589e+19	7.5662e+03	2.668e-21	2.7826e+01	2.9570e+01	2.5563e-13	1.1217e-02	9.8878e-01	1.5156e-01	8.4844e-01	3.5234e-11	1.0500e-15	5.0394e-04	6.8955e-01	3.0989e-01	5.8052e-05	1.2184e-02	9.2576e-01	6.2061e-02	1.1755e-36	1.1755e-36	1.1755e-36	1.1687e-23	0.00e+00	0.00e+00	5.6129e+00
1.11608e+19	7.5652e+03	2.688e-21	2.7826e+01	2.9473e+01	3.0458e-13	1.2191e-02	9.8781e-01	1.8383e-01	8.1617e-01	3.0831e-11	1.3328e-15	5.3157e-04	7.2167e-01	2.7775e-01	4.5191e-05	1.3474e-02	9.3680e-01	4.9725e-02	1.1755e-36	1.1755e-36	1.1755e-36	1.5359e-23	0.00e+00	0.00e+00	5.8114e+00
1.12502e+19	7.5783e+03	2.696e-21	2.7826e+01	2.9337e+01	3.5450e-13	1.3149e-02	9.8685e-01	2.2214e-01	7.7786e-01	2.6805e-11	1.6533e-15	5.5542e-04	7.5055e-01	2.4886e-01	3.5078e-05	1.4748e-02	9.4575e-01	3.9500e-02	1.1755e-36	1.1755e-36	1.1755e-36	1.9673e-23	0.00e+00	0.00e+00	6.0103e+00
1.13242e+19	7.5809e+03	2.706e-21	2.7826e+01	2.9245e+01	4.0899e-13	1.4078e-02	9.8592e-01	2.6617e-01	7.3383e-01	2.3698e-11	2.0073e-15	5.7628e-04	7.7506e-01	2.2434e-01	2.7582e-05	1.5973e-02	9.5252e-01	3.1506e-02	1.1755e-36	1.1755e-36	1.1755e-36	2.4639e-23	0.00e+00	0.00e+00	6.1637e+00
1.13787e+19	7.5708e+03	2.708e-21	2.7826e+01	2.9107e+01	4.5953e-13	1.4832e-02	9.8517e-01	3.0719e-01	6.9281e-01	2.1132e-11	2.3212e-15	5.9066e-04	7.9291e-01	2.0648e-01	2.2635e-05	1.6967e-02	9.5701e-01	2.6027e-02	1.1755e-36	1.1755e-36	1.1755e-36	2.9059e-23	0.00e+00	0.00e+00	6.2860e+00
1.14250e+19	7.5679e+03	2.708e-21	2.7826e+01	2.9000e+01	5.0803e-13	1.5528e-02	9.8447e-01	3.4964e-01	6.5036e-01	1.8921e-11	2.6434e-15	6.0255e-04	8.0776e-01	1.9162e-01	1.8824e-05	1.7878e-02	9.6041e-01	2.1707e-02	1.1755e-36	1.1755e-36	1.1755e-36	3.3759e-23	0.00e+00	0.00e+00	6.4106e+00
1.14775e+19	7.5557e+03	2.701e-21	2.7826e+01	2.8822e+01	5.7367e-13	1.6377e-02	9.8362e-01	4.0596e-01	5.9404e-01	1.6101e-11	3.0657e-15	6.1456e-04	8.2374e-01	1.7563e-01	1.5001e-05	1.8986e-02	9.6372e-01	1.7299e-02	1.1755e-36	1.1755e-36	1.1755e-36	3.9934e-23	0.00e+00	0.00e+00	6.5814e+00
1.15348e+19	7.5374e+03	2.694e-21	2.7826e+01	2.8637e+01	6.6274e-13	1.7421e-02	9.8258e-01	4.8035e-01	5.1965e-01	1.3181e-11	3.6416e-15	6.2700e-04	8.4001e-01	1.5935e-01	1.1484e-05	2.0335e-02	9.6661e-01	1.3058e-02	1.1755e-36	1.1755e-36	1.1755e-36	4.8642e-23	0.00e+00	0.00e+00	6.7506e+00
1.15851e+19	7.5167e+03	2.682e-21	2.7826e+01	2.8429e+01	7.5877e-13	1.8434e-02	9.8157e-01	5.5665e-01	4.4335e-01	1.0586e-11	4.2574e-15	6.3606e-04	8.5300e-01	1.4635e-01	8.8984e-06	2.1637e-02	9.6851e-01	9.8510e-03	1.1755e-36	1.1755e-36	1.1755e-36	5.8134e-23	0.00e+00	0.00e+00	6.8972e+00
1.16291e+19	7.4917e+03	2.671e-21	2.7826e+01	2.8254e+01	8.6433e-13	1.9436e-02	9.8056e-01	6.2939e-01	3.7061e-01	8.3976e-12	4.9215e-15	6.4343e-04	8.6333e-01	1.3601e-01	6.9785e-06	2.2912e-02	9.6959e-01	7.4952e-03	1.1755e-36	1.1755e-36	1.1755e-36	6.8744e-23	0.00e+00	0.00e+00	7.0431e+00
1.16782e+19	7.4603e+03	2.656e-21	2.7826e+01	2.8047e+01	1.0074e-12	2.0670e-02	9.7933e-01	7.1052e-01	2.8948e-01	6.1668e-12	5.8048e-15	6.5036e-04	8.7343e-01	1.2591e-01	5.2158e-06	2.4472e-02	9.7013e-01	5.3950e-03	1.1755e-36	1.1755e-36	1.1755e-36	8.3447e-23	0.00e+00	0.00e+00	7.2449e+00
1.17421e+19	7.4224e+03	2.632e-21	2.7826e+01	2.7709e+01	1.2307e-12	2.2425e-02	9.7757e-01	8.0395e-01	1.9605e-01	3.8281e-12	7.1441e-15	6.5555e-04	8.8394e-01	1.1540e-01	3.5219e-06	2.6677e-02	9.6990e-01	3.4227e-03	1.1755e-36	1.1755e-36	1.1755e-36	1.0710e-22	0.00e+00	0.00e+00	7.5294e+00
1.18252e+19	7.3692e+03	2.620e-21	2.7826e+01	2.7410e+01	1.6412e-12	2.5266e-02	9.7473e-01	8.9362e-01	1.0638e-01	1.8818e-12	9.5191e-15	6.6357e-04	8.9514e-01	1.0419e-01	2.0302e-06	3.0212e-02	9.6797e-01	1.8173e-03	1.1755e-36	1.1755e-36	1.1755e-36	1.5496e-22	0.00e+00	0.00e+00	7.9463e+00
1.19332e+19	7.3073e+03	2.629e-21	2.7826e+01	2.7124e+01	2.4653e-12	3.0105e-02	9.6989e-01	9.5603e-01	4.3975e-02	6.9421e-13	1.4108e-14	6.7404e-04	9.0710e-01	9.2227e-02	9.4250e-07	3.6191e-02	9.6304e-01	7.6694e-04	1.1755e-36	1.1755e-36	1.1755e-36	2.6609e-22	0.00e+00	0.00e+00	8.5919e+00
1.20492e+19	7.2447e+03	2.656e-21	2.7826e+01	2.6857e+01	4.1246e-12	3.7802e-02	9.6220e-01	9.8352e-01	1.6479e-02	2.3446e-13	2.3027e-14	6.8538e-04	9.1884e-01	8.0479e-02	3.9147e-07	4.5660e-02	9.5405e-01	2.9020e-04	1.1755e-36	1.1755e-36	1.1755e-36	5.3862e-22	0.00e+00	0.00e+00	9.3223e+00
1.21428e+19	7.1890e+03	2.681e-21	2.7826e+01	2.6587e+01	6.8887e-12	4.7565e-02	9.5244e-01	9.9223e-01	7.7657e-03	1.0234e-13	3.7381e-14	6.9368e-04	9.2874e-01	7.0563e-02	1.8164e-07	5.7628e-02	9.4224e-01	1.2980e-04	1.1755e-36	1.1755e-36	1.1755e-36	1.0956e-21	0.00e+00	0.00e+00	9.9680e+00
1.22100e+19	7.1392e+03	2.689e-21	2.7826e+01	2.6295e+01	1.0723e-11	5.7952e-02	9.4205e-01	9.9532e-01	4.6768e-03	5.8518e-14	5.6477e-14	6.9767e-04	9.3645e-01	6.2850e-02	1.1755e-36	7.0314e-02	9.2961e-01	7.1636e-05	1.1755e-36	1.1755e-36	1.1755e-36	2.0118e-21	0.00e+00	0.00e+00	1.0549e+01
1.22644e+19	7.0931e+03	2.682e-21	2.7826e+01	2.5974e+01	1.6150e-11	6.9533e-02	9.3047e-01	9.9687e-01	3.1343e-03	3.7663e-14	8.2555e-14	6.9891e-04	9.4312e-01	5.6181e-02	1.1755e-36	8.4394e-02	9.1556e-01	4.3174e-05	1.1755e-36	1.1755e-36	1.1755e-36	3.5251e-21	0.00e+00	0.00e+00	1.1182e+01
1.23161e+19	7.0390e+03	2.659e-21	2.7826e+01	2.5571e+01	2.5249e-11	8.4661e-02	9.1534e-01	9.9784e-01	2.1570e-03	2.5006e-14	1.2434e-13	6.9737e-04	9.4980e-01	4.9498e-02	1.1755e-36	1.0268e-01	8.9729e-01	2.5915e-05	1.1755e-36	1.1755e-36	1.1755e-36	6.4673e-21	0.00e+00	0.00e+00	1.1951e+01
1.23651e+19	6.9776e+03	2.610e-21	2.7826e+01	2.5027e+01	4.1518e-11	1.0520e-01	8.9480e-01	9.9847e-01	1.5306e-03	1.7263e-14	1.9527e-13	6.9184e-04	9.5643e-01	4.2882e-02	1.1755e-36	1.2731e-01	8.7267e-01	1.5434e-05	1.1755e-36	1.1755e-36	1.1755e-36	1.2665e-20	0.00e+00	0.00e+00	1.2804e+01
1.24062e+19	6.9140e+03	2.523e-21	2.7826e+01	2.4239e+01	6.7961e-11	1.3001e-01	8.6999e-01	9.9884e-01	1.1571e-03	1.2925e-14	3.0169e-13	6.7847e-04	9.6213e-01	3.7188e-02	1.1755e-36	1.5676e-01	8.4324e-01	9.6170e-06	1.1755e-36	1.1755e-36	1.1755e-36	2.4222e-20	0.00e+00	0.00e+00	1.3628e+01
1.24382e+19	6.8420e+03	2.426e-21	2.7826e+01	2.3471e+01	1.0796e-10	1.5766e-01	8.4234e-01	9.9907e-01	9.3351e-04	1.0401e-14	4.4977e-13	6.6375e-04	9.6692e-01	3.2416e-02	1.1755e-36	1.8917e-01	8.1083e-01	6.3881e-06	1.1755e-36	1.1755e-36	1.1755e-36	4.4075e-20	0.00e+00	0.00e+00	1.4403e+01
1.24638e+19	6.7632e+03	2.313e-21	2.7826e+01	2.2644e+01	1.6586e-10	1.8730e-01	8.1270e-01	9.9921e-01	7.8851e-04	8.8348e-15	6.4280e-13	6.4614e-04	9.7089e-01	2.8469e-02	1.1755e-36	2.2346e-01	7.7654e-01	4.4565e-06	1.1755e-36	1.1755e-36	1.1755e-36	7.5386e-20	0.00e+00	0.00e+00	1.5168e+01
1.24860e+19	6.6685e+03	2.183e-21	2.7826e+01	2.1725e+01	2.5411e-10	2.2038e-01	7.7962e-01	9.9932e-01	6.8186e-04	7.7331e-15	9.0115e-13	6.2529e-04	9.7439e-01	2.4985e-02	1.1755e-36	2.6117e-01	7.3883e-01	3.1710e-06	1.1755e-36	1.1755e-36	1.1755e-36	1.2541e-19	0.00e+00	0.00e+00	1.5984e+01
1.25063e+19	6.5518e+03	2.030e-21	2.7826e+01	2.0654e+01	3.9702e-10	2.5868e-01	7.4132e-01	9.9940e-01	6.0042e-04	6.9510e-15	1.2577e-12	5.9973e-04	9.7761e-01	2.1790e-02	1.1755e-36	3.0412e-01	6.9587e-01	2.2593e-06	1.1755e-36	1.1755e-36	1.1755e-36	2.0750e-19	0.00e+00	0.00e+00	1.6869e+01
1.25235e+19	6.4193e+03	1.868e-21	2.7826e+01	1.9512e+01	6.1582e-10	2.9969e-01	7.0031e-01	9.9946e-01	5.4335e-04	6.4705e-15	1.7097e-12	5.7146e-04	9.8033e-01	1.9100e-02	1.1755e-36	3.4927e-01	6.5073e-01	1.6514e-06	1.1755e-36	1.1755e-36	1.1755e-36	3.3059e-19	0.00e+00	0.00e+00	1.7660e+01
1.25362e+19	6.2936e+03	1.728e-21	2.7826e+01	1.8507e+01	8.8842e-10	3.3578e-01	6.6422e-01	9.9949e-01	5.0796e-04	6.2271e-15	2.1693e-12	5.4595e-04	9.8230e-01	1.7150e-02	1.1755e-36	3.8831e-01	6.1169e-01	1.2897e-06	1.1755e-36	1.1755e-36	1.1755e-36	4.7515e-19	0.00e+00	0.00e+00	1.8266e+01
1.25451e+19	6.1853e+03	1.619e-21	2.7826e+01	1.7720e+01	1.1818e-09	3.6450e-01	6.3550e-01	9.9951e-01	4.8531e-04	6.0957e-15	2.5797e-12	5.2573e-04	9.8370e-01	1.5778e-02	1.1755e-36	4.1893e-01	5.8107e-01	1.0726e-06	1.1755e-36	1.1755e-36	1.1755e-36	6.1960e-19	0.00e+00	0.00e+00	1.8750e+01
1.25523e+19	6.0827e+03	1.524e-21	2.7826e+01	1.7016e+01	1.5139e-09	3.8934e-01	6.1066e-01	9.9953e-01	4.6873e-04	6.0252e-15	2.9634e-12	5.0743e-04	9.8480e-01	1.4689e-02	1.1755e-36	4.4510e-01	5.5490e-01	9.1938e-07	1.1755e-36	1.1755e-36	1.1755e-36	7.6647e-19	0.00e+00	0.00e+00	1.9216e+01
1.25590e+19	5.9736e+03	1.432e-21	2.7826e+01	1.6323e+01	1.9408e-09	4.1416e-01	5.8584e-01	9.9955e-01	4.5385e-04	5.9732e-15	3.3791e-12	4.8934e-04	9.8583e-01	1.3682e-02	1.1755e-36	4.7096e-01	5.2904e-01	7.9220e-07	1.1755e-36	1.1755e-36	1.1755e-36	9.3912e-19	0.00e+00	0.00e+00	1.9695e+01
1.25653e+19	5.8561e+03	1.341e-21	2.7826e+01	1.5620e+01	2.5039e-09	4.3934e-01	5.6066e-01	9.9956e-01	4.4074e-04	5.9492e-15	3.8340e-12	4.7081e-04	9.8679e-01	1.2743e-02	1.1755e-36	4.9690e-01	5.0310e-01	6.8437e-07	1.1755e-36	1.1755e-36	1.1755e-36	1.1443e-18	0.00e+00	0.00e+00	2.0174e+01
1.25712e+19	5.7337e+03	1.255e-21	2.7826e+01	1.4943e+01	3.2256e-09	4.6379e-01	5.3621e-01	9.9957e-01	4.2980e-04	5.9500e-15	4.3124e-12	4.5293e-04	9.8765e-01	1.1901e-02	1.1755e-36	5.2182e-01	4.7818e-01	5.9625e-07	1.1755e-36	1.1755e-36	1.1755e-36	1.3795e-18	0.00e+00	0.00e+00	2.0623e+01
1.25764e+19	5.6139e+03	1.178e-21	2.7826e+01	1.4314e+01	4.0996e-09	4.8638e-01	5.1362e-01	9.9958e-01	4.2112e-04	5.9750e-15	4.7892e-12	4.3621e-04	9.8839e-01	1.1173e-02	1.1755e-36	5.4461e-01	4.5539e-01	5.2616e-07	1.1755e-36	1.1755e-36	1.1755e-36	1.6354e-18	0.00e+00	0.00e+00	2.1039e+01
1.25810e+19	5.4955e+03	1.107e-21	2.7826e+01	1.3730e+01	5.1607e-09	5.0739e-01	4.9261e-01	9.9959e-01	4.1388e-04	6.0127e-15	5.2683e-12	4.2062e-04	9.8905e-01	1.0533e-02	1.1755e-36	5.6560e-01	4.3440e-01	4.6916e-07	1.1755e-36	1.1755e-36	1.1755e-36	1.9169e-18	0.00e+00	0.00e+00	2.1434e+01
1.25853e+19	5.3747e+03	1.042e-21	2.7826e+01	1.3172e+01	6.4854e-09	5.2743e-01	4.7257e-01	9.9959e-01	4.0748e-04	6.0585e-15	5.7651e-12	4.0572e-04	9.8964e-01	9.9513e-03	1.1755e-36	5.8545e-01	4.1455e-01	4.2103e-07	1.1755e-36	1.1755e-36	1.1755e-36	2.2384e-18	0.00e+00	0.00e+00	2.1820e+01
1.25888e+19	5.2765e+03	9.910e-22	2.7826e+01	1.2726e+01	7.8027e-09	5.4345e-01	4.5655e-01	9.9960e-01	4.0357e-04	6.1191e-15	6.1952e-12	3.9374e-04	9.9009e-01	9.5195e-03	1.1755e-36	6.0119e-01	3.9881e-01	3.8659e-07	1.1755e-36	1.1755e-36	1.1755e-36	2.5440e-18	0.00e+00	0.00e+00	2.2078e+01
1.25912e+19	5.2007e+03	9.546e-22	2.7826e+01	1.2401e+01	8.9734e-09	5.5509e-01	4.4491e-01	9.9960e-01	4.0066e-04	6.1629e-15	6.5313e-12	3.8502e-04	9.9040e-01	9.2101e-03	1.1755e-36	6.1257e-01	3.8743e-01	3.6332e-07	1.1755e-36	1.1755e-36	1.1755e-36	2.8027e-18	0.00e+00	0.00e+00	2.2289e+01
1.25935e+19	5.1228e+03	9.202e-22	2.7826e+01	1.2091e+01	1.0328e-08	5.6631e-01	4.3369e-01	9.9960e-01	3.9755e-04	6.1979e-15	6.8813e-12	3.7674e-04	9.9071e-01	8.9133e-03	1.1755e-36	6.2347e-01	3.7653e-01	3.4222e-07	1.1755e-36	1.1755e-36	1.1755e-36	3.0924e-18	0.00e+00	0.00e+00	2.2523e+01
1.25955e+19	5.0540e+03	8.897e-22	2.7826e+01	1.1812e+01	1.1702e-08	5.7636e-01	4.2364e-01	9.9960e-01	3.9526e-04	6.2417e-15	7.2148e-12	3.6925e-04	9.9097e-01	8.6597e-03	1.1755e-36	6.3321e-01	3.6679e-01	3.2435e-07	1.1755e-36	1.1755e-36	1.1755e-36	3.3878e-18	0.00e+00	0.00e+00	2.2705e+01
1.25972e+19	4.9926e+03	8.653e-22	2.7826e+01	1.1582e+01	1.3042e-08	5.8462e-01	4.1538e-01	9.9961e-01	3.9329e-04	6.2747e-15	7.5076e-12	3.6313e-04	9.9118e-01	8.4530e-03	1.1755e-36	6.4118e-01	3.5882e-01	3.1048e-07	1.1755e-36	1.1755e-36	1.1755e-36	3.6637e-18	0.00e+00	0.00e+00	2.2862e+01
1.25987e+19	4.9340e+03	8.431e-22	2.7826e+01	1.1371e+01	1.4432e-08	5.9226e-01	4.0774e-01	9.9961e-01	3.9144e-04	6.3042e-15	7.7694e-12	3.5753e-04	9.9139e-01	8.2551e-03	1.1755e-36	6.4853e-01	3.5147e-01	2.9816e-07	1.1755e-36	1.1755e-36	1.1755e-36	3.9137e-18	0.00e+00	0.00e+00	2.3017e+01
1.26002e+19	4.8796e+03	8.202e-22	2.7826e+01	1.1152e+01	1.5876e-08	5.9968e-01	4.0032e-01	9.9961e-01	3.9010e-04	6.3512e-15	8.0233e-12	3.5161e-04	9.9158e-01	8.0659e-03	1.1755e-36	6.5564e-01	3.4436e-01	2.8637e-07	1.1755e-36	1.1755e-36	1.1755e-36	4.1676e-18	0.00e+00	0.00e+00	2.3180e+01
1.26019e+19	4.8113e+03	7.966e-22	2.7826e+01	1.0927e+01	1.7831e-08	6.0821e-01	3.9179e-01	9.9961e-01	3.8786e-04	6.3767e-15	8.3447e-12	3.4570e-04	9.9181e-01	7.8487e-03	1.1755e-36	6.6379e-01	3.3621e-01	2.7372e-07	1.1755e-36	1.1755e-36	1.1755e-36	4.5071e-18	0.00e+00	0.00e+00	2.3362e+01
1.26035e+19	4.7441e+03	7.732e-22	2.7826e+01	1.0696e+01	1.9965e-08	6.1644e-01	3.8356e-01	9.9961e-01	3.8615e-04	6.4179e-15	8.6596e-12	3.3957e-04	9.9201e-01	7.6456e-03	1.1755e-36	6.7163e-01	3.2837e-01	2.6197e-07	1.1755e-36	1.1755e-36	1.1755e-36	4.8602e-18	0.00e+00	0.00e+00	2.3529e+01
1.26050e+19	4.6800e+03	7.517e-22	2.7826e+01	1.0482e+01	2.2207e-08	6.2412e-01	3.7588e-01	9.9962e-01	3.8456e-04	6.4560e-15	8.9668e-12	3.3393e-04	9.9221e-01	7.4582e-03	1.1755e-36	6.7892e-01	3.2108e-01	2.5144e-07	1.1755e-36	1.1755e-36	1.1755e-36	5.2241e-18	0.00e+00	0.00e+00	2.3688e+01
1.26064e+19	4.6164e+03	7.312e-22	2.7826e+01	1.0275e+01	2.4640e-08	6.3157e-01	3.6843e-01	9.9962e-01	3.8303e-04	6.4935e-15	9.2757e-12	3.2849e-04	9.9239e-01	7.2782e-03	1.1755e-36	6.8597e-01	3.1403e-01	2.4159e-07	1.1755e-36	1.1755e-36	1.1755e-36	5.6102e-18	0.00e+00	0.00e+00	2.3848e+01
1.26079e+19	4.5474e+03	7.109e-22	2.7826e+01	1.0065e+01	2.7487e-08	6.3914e-01	3.6086e-01	9.9962e-01	3.8138e-04	6.5285e-15	9.6032e-12	3.2301e-04	9.9258e-01	7.0972e-03	1.1755e-36	6.9311e-01	3.0688e-01	2.3204e-07	1.1755e-36	1.1755e-36	1.1755e-36	6.0439e-18	0.00e+00	0.00e+00	2.4011e+01
1.26093e+19	4.4810e+03	6.910e-22	2.7826e+01	9.8592e+00	3.0502e-08	6.4655e-01	3.5345e-01	9.9962e-01	3.7992e-04	6.5680e-15	9.9313e-12	3.1764e-04	9.9276e-01	6.9230e-03	1.1755e-36	7.0008e-01	2.9992e-01	2.2296e-07	1.1755e-36	1.1755e-36	1.1755e-36	6.5005e-18	0.00e+00	0.00e+00	2.4171e+01
1.26107e+19	4.4130e+03	6.715e-22	2.7826e+01	9.6551e+00	3.3830e-08	6.5393e-01	3.4607e-01	9.9962e-01	3.7843e-04	6.6065e-15	1.0268e-11	3.1234e-04	9.9294e-01	6.7509e-03	1.1755e-36	7.0700e-01	2.9300e-01	2.1422e-07	1.1755e-36	1.1755e-36	1.1755e-36	6.9941e-18	0.00e+00	0.00e+00	2.4334e+01
1.26121e+19	4.3421e+03	6.519e-22	2.7826e+01	9.4479e+00	3.7553e-08	6.6144e-01	3.3856e-01	9.9962e-01	3.7691e-04	6.6460e-15	1.0618e-11	3.0699e-04	9.9312e-01	6.5780e-03	1.1755e-36	7.1403e-01	2.8597e-01	2.0566e-07	1.1755e-36	1.1755e-36	1.1755e-36	7.5331e-18	0.00e+00	0.00e+00	2.4502e+01
1.26136e+19	4.2737e+03	6.321e-22	2.7826e+01	9.2322e+00	4.1383e-08	6.6871e-01	3.3129e-01	9.9962e-01	3.7592e-04	6.7057e-15	1.0946e-11	3.0133e-04	9.9329e-01	6.4134e-03	1.1755e-36	7.2080e-01	2.7920e-01	1.9751e-07	1.1755e-36	1.1755e-36	1.1755e-36	8.0633e-18	0.00e+00	0.00e+00	2.4673e+01
1.26151e+19	4.1961e+03	6.117e-22	2.7826e+01	9.0099e+00	4.5942e-08	6.7659e-01	3.2341e-01	9.9963e-01	3.7448e-04	6.7553e-15	1.1313e-11	2.9563e-04	9.9347e-01	6.2359e-03	1.1755e-36	7.2813e-01	2.7187e-01	1.8908e-07	1.1755e-36	1.1755e-36	1.1755e-36	8.6804e-18	0.00e+00	0.00e+00	2.4860e+01
1.26167e+19	4.1102e+03	5.912e-22	2.7826e+01	8.7855e+00	5.1233e-08	6.8506e-01	3.1494e-01	9.9963e-01	3.7259e-04	6.7918e-15	1.1713e-11	2.9004e-04	9.9366e-01	6.0481e-03	1.1755e-36	7.3598e-01	2.6402e-01	1.8049e-07	1.1755e-36	1.1755e-36	1.1755e-36	9.3801e-18	0.00e+00	0.00e+00	2.5051e+01
1.26183e+19	4.0236e+03	5.712e-22	2.7826e+01	8.5543e+00	5.6610e-08	6.9313e-01	3.0687e-01	9.9963e-01	3.7118e-04	6.8452e-15	1.2064e-11	2.8426e-04	9.9384e-01	5.8724e-03	1.1755e-36	7.4345e-01	2.5655e-01	1.7256e-07	1.1755e-36	1.1755e-36	1.1755e-36	1.0017e-17	0.00e+00	0.00e+00	2.5238e+01
1.26198e+19	3.9416e+03	5.510e-22	2.7826e+01	8.3310e+00	6.1829e-08	7.0129e-01	2.9871e-01	9.9963e-01	3.6974e-04	6.8993e-15	1.2402e-11	2.7866e-04	9.9403e-01	5.6962e-03	1.1755e-36	7.5095e-01	2.4905e-01	1.6470e-07	1.1755e-36	1.1755e-36	1.1755e-36	1.0633e-17	0.00e+00	0.00e+00	2.5438e+01
###########################
1.98884e+14	6.5807e+03	2.637e-21	2.7826e+01	3.0214e+01	7.2860e-15	1.3244e-03	9.9868e-01	6.2721e-03	9.8641e-01	7.3183e-03	8.1628e-19	3.8761e-05	1.0493e-01	8.9232e-01	2.7204e-03	3.0100e-04	2.6557e-01	7.3179e-01	2.3407e-03	1.1755e-36	1.1755e-36	6.8115e-27	0.00e+00	0.00e+00	9.2541e-05
1.19330e+15	6.5792e+03	2.637e-21	2.7826e+01	3.0212e+01	7.3052e-15	1.3243e-03	9.9868e-01	6.2724e-03	9.8642e-01	7.3122e-03	8.1710e-19	3.8591e-05	1.0494e-01	8.9229e-01	2.7244e-03	3.0083e-04	2.6544e-01	7.3192e-01	2.3327e-03	1.1755e-36	1.1755e-36	6.8273e-27	0.00e+00	0.00e+00	4.6267e-04
5.17097e+15	6.5760e+03	2.636e-21	2.7826e+01	3.0212e+01	7.3155e-15	1.3241e-03	9.9868e-01	6.2744e-03	9.8646e-01	7.2654e-03	8.1608e-19	3.8599e-05	1.0499e-01	8.9225e-01	2.7175e-03	3.0070e-04	2.6535e-01	7.3205e-01	2.2992e-03	1.1755e-36	1.1755e-36	6.8068e-27	0.00e+00	0.00e+00	1.9429e-03
2.10817e+16	6.5656e+03	2.632e-21	2.7826e+01	3.0212e+01	7.3809e-15	1.3243e-03	9.9868e-01	6.2858e-03	9.8669e-01	7.0208e-03	8.1810e-19	3.8690e-05	1.0518e-01	8.9209e-01	2.6932e-03	3.0101e-04	2.6542e-01	7.3210e-01	2.1693e-03	1.1755e-36	1.1755e-36	6.8091e-27	0.00e+00	0.00e+00	7.8648e-03
5.03573e+16	6.5400e+03	2.617e-21	2.7826e+01	3.0211e+01	7.4360e-15	1.3169e-03	9.9868e-01	6.2877e-03	9.8684e-01	6.8736e-03	8.0611e-19	3.8596e-05	1.0524e-01	8.9205e-01	2.6716e-03	2.9913e-04	2.6497e-01	7.3274e-01	1.9954e-03	1.1755e-36	1.1755e-36	6.6401e-27	0.00e+00	0.00e+00	1.5521e-02
8.84157e+16	6.5089e+03	2.601e-21	2.7826e+01	3.0210e+01	7.5222e-15	1.3108e-03	9.9869e-01	6.2984e-03	9.8722e-01	6.4784e-03	7.9621e-19	3.8575e-05	1.0542e-01	8.9191e-01	2.6306e-03	2.9812e-04	2.6496e-01	7.3296e-01	1.7829e-03	1.1755e-36	1.1755e-36	6.4725e-27	0.00e+00	0.00e+00	2.5427e-02
1.37892e+17	6.4740e+03	2.584e-21	2.7826e+01	3.0209e+01	7.6444e-15	1.3050e-03	9.9870e-01	6.3158e-03	9.8783e-01	5.8498e-03	7.8933e-19	3.8599e-05	1.0568e-01	8.9170e-01	2.5719e-03	2.9780e-04	2.6541e-01	7.3275e-01	1.5345e-03	1.1755e-36	1.1755e-36	6.3319e-27	0.00e+00	0.00e+00	3.8248e-02
2.02210e+17	6.4344e+03	2.563e-21	2.7826e+01	3.0207e+01	7.7948e-15	1.2996e-03	9.9870e-01	6.3417e-03	9.8866e-01	4.9997e-03	7.8441e-19	3.8677e-05	1.0606e-01	8.9140e-01	2.4955e-03	2.9844e-04	2.6650e-01	7.3195e-01	1.2573e-03	1.1755e-36	1.1755e-36	6.1930e-27	0.00e+00	0.00e+00	5.4846e-02
2.85824e+17	6.3894e+03	2.540e-21	2.7826e+01	3.0205e+01	7.9878e-15	1.2949e-03	9.9871e-01	6.3784e-03	9.8964e-01	3.9780e-03	7.8291e-19	3.8824e-05	1.0660e-01	8.9096e-01	2.4033e-03	3.0040e-04	2.6844e-01	7.3030e-01	9.6614e-04	1.1755e-36	1.1755e-36	6.0680e-27	0.00e+00	0.00e+00	7.6346e-02
3.94523e+17	6.3385e+03	2.513e-21	2.7826e+01	3.0202e+01	8.2396e-15	1.2914e-03	9.9871e-01	6.4285e-03	9.9068e-01	2.8869e-03	7.8636e-19	3.9061e-05	1.0735e-01	8.9031e-01	2.3003e-03	3.0400e-04	2.7138e-01	7.2763e-01	6.8345e-04	1.1755e-36	1.1755e-36	5.9692e-27	0.00e+00	0.00e+00	1.0422e-01
5.35831e+17	6.2816e+03	2.482e-21	2.7826e+01	3.0199e+01	8.5565e-15	1.2899e-03	9.9871e-01	6.4964e-03	9.9164e-01	1.8652e-03	7.9511e-19	3.9435e-05	1.0838e-01	8.8939e-01	2.1932e-03	3.0965e-04	2.7545e-01	7.2381e-01	4.3508e-04	1.1755e-36	1.1755e-36	5.8865e-27	0.00e+00	0.00e+00	1.4042e-01
7.19531e+17	6.2185e+03	2.449e-21	2.7826e+01	3.0197e+01	8.9656e-15	1.2917e-03	9.9871e-01	6.5880e-03	9.9237e-01	1.0437e-03	8.1140e-19	4.0005e-05	1.0979e-01	8.8808e-01	2.0879e-03	3.1779e-04	2.8068e-01	7.1876e-01	2.4266e-04	1.1755e-36	1.1755e-36	5.8359e-27	0.00e+00	0.00e+00	1.8753e-01
9.58342e+17	6.1504e+03	2.414e-21	2.7826e+01	3.0195e+01	9.5038e-15	1.2984e-03	9.9870e-01	6.7128e-03	9.9280e-01	4.9064e-04	8.3919e-19	4.0861e-05	1.1174e-01	8.8624e-01	1.9861e-03	3.2917e-04	2.8717e-01	7.1239e-01	1.1498e-04	1.1755e-36	1.1755e-36	5.8461e-27	0.00e+00	0.00e+00	2.4911e-01
1.26880e+18	6.0795e+03	2.376e-21	2.7826e+01	3.0193e+01	1.0198e-14	1.3130e-03	9.9869e-01	6.8864e-03	9.9293e-01	1.8747e-04	8.8345e-19	4.2144e-05	1.1442e-01	8.8365e-01	1.8841e-03	3.4524e-04	2.9526e-01	7.0435e-01	4.4766e-05	1.1755e-36	1.1755e-36	5.9359e-27	0.00e+00	0.00e+00	3.3005e-01
1.67239e+18	6.0111e+03	2.338e-21	2.7826e+01	3.0192e+01	1.1110e-14	1.3395e-03	9.9866e-01	7.1321e-03	9.9281e-01	5.6396e-05	9.5704e-19	4.4062e-05	1.1817e-01	8.8001e-01	1.7747e-03	3.6843e-04	3.0560e-01	6.9401e-01	1.3868e-05	1.1755e-36	1.1755e-36	6.1958e-27	0.00e+00	0.00e+00	4.3741e-01
2.19705e+18	5.9540e+03	2.300e-21	2.7826e+01	3.0190e+01	1.2264e-14	1.3846e-03	9.9862e-01	7.4897e-03	9.9250e-01	1.3088e-05	1.0792e-18	4.6941e-05	1.2350e-01	8.7481e-01	1.6501e-03	4.0305e-04	3.1926e-01	6.8033e-01	3.3461e-06	1.1755e-36	1.1755e-36	6.7226e-27	0.00e+00	0.00e+00	5.8167e-01
2.87912e+18	5.9127e+03	2.267e-21	2.7826e+01	3.0185e+01	1.3911e-14	1.4616e-03	9.9854e-01	8.0318e-03	9.9197e-01	2.3650e-06	1.3036e-18	5.1576e-05	1.3140e-01	8.6705e-01	1.5013e-03	4.5804e-04	3.3832e-01	6.6122e-01	6.3032e-07	1.1755e-36	1.1755e-36	7.8480e-27	0.00e+00	0.00e+00	7.7963e-01
3.76581e+18	5.9289e+03	2.236e-21	2.7826e+01	3.0179e+01	1.5850e-14	1.5885e-03	9.9841e-01	8.8810e-03	9.9112e-01	3.5240e-07	1.7348e-18	5.8979e-05	1.4327e-01	8.5535e-01	1.3272e-03	5.4818e-04	3.6514e-01	6.3432e-01	1.1755e-36	1.1755e-36	1.1755e-36	1.0219e-26	0.00e+00	0.00e+00	1.0593e+00
4.66390e+18	5.9771e+03	2.216e-21	2.7826e+01	3.0172e+01	1.7729e-14	1.7415e-03	9.9826e-01	9.8888e-03	9.9011e-01	6.5303e-08	2.3285e-18	6.7850e-05	1.5685e-01	8.4192e-01	1.1696e-03	6.6160e-04	3.9441e-01	6.0492e-01	1.1755e-36	1.1755e-36	1.1755e-36	1.3521e-26	0.00e+00	0.00e+00	1.3022e+00
5.36479e+18	6.0645e+03	2.214e-21	2.7826e+01	3.0164e+01	1.9225e-14	1.9010e-03	9.9810e-01	1.0913e-02	9.8909e-01	2.1532e-08	3.0953e-18	7.6893e-05	1.7000e-01	8.2887e-01	1.0530e-03	7.8248e-04	4.2102e-01	5.7820e-01	1.1755e-36	1.1755e-36	1.1755e-36	1.8121e-26	0.00e+00	0.00e+00	1.5052e+00
5.95221e+18	6.1657e+03	2.221e-21	2.7826e+01	3.0156e+01	2.0871e-14	2.0730e-03	9.9793e-01	1.2023e-02	9.8798e-01	9.2970e-09	4.1567e-18	8.6642e-05	1.8365e-01	8.1531e-01	9.5476e-04	9.1853e-04	4.4721e-01	5.5187e-01	1.1755e-36	1.1755e-36	1.1755e-36	2.4906e-26	0.00e+00	0.00e+00	1.7117e+00
6.54743e+18	6.2863e+03	2.234e-21	2.7826e+01	3.0146e+01	2.3107e-14	2.2909e-03	9.9771e-01	1.3462e-02	9.8654e-01	4.2043e-09	5.8889e-18	9.9045e-05	2.0054e-01	7.9850e-01	8.5355e-04	1.1008e-03	4.7803e-01	5.2086e-01	1.1755e-36	1.1755e-36	1.1755e-36	3.6485e-26	0.00e+00	0.00e+00	1.9626e+00
7.14055e+18	6.4268e+03	2.254e-21	2.7826e+01	3.0134e+01	2.5796e-14	2.5592e-03	9.9744e-01	1.5284e-02	9.8472e-01	2.0274e-09	8.6213e-18	1.1427e-04	2.2076e-01	7.7837e-01	7.5451e-04	1.3396e-03	5.1312e-01	4.8555e-01	1.1755e-36	1.1755e-36	1.1755e-36	5.5514e-26	0.00e+00	0.00e+00	2.2156e+00
7.65085e+18	6.5649e+03	2.277e-21	2.7826e+01	3.0120e+01	2.8839e-14	2.8501e-03	9.9715e-01	1.7338e-02	9.8266e-01	1.1300e-09	1.2478e-17	1.3070e-04	2.4214e-01	7.5706e-01	6.6836e-04	1.6153e-03	5.4810e-01	4.5029e-01	1.1755e-36	1.1755e-36	1.1755e-36	8.3538e-26	0.00e+00	0.00e+00	2.4449e+00
8.07389e+18	6.6890e+03	2.302e-21	2.7826e+01	3.0105e+01	3.2318e-14	3.1501e-03	9.9685e-01	1.9559e-02	9.8044e-01	7.1169e-10	1.7643e-17	1.4759e-04	2.6374e-01	7.3552e-01	5.9479e-04	1.9162e-03	5.8127e-01	4.1682e-01	1.1755e-36	1.1755e-36	1.1755e-36	1.2275e-25	0.00e+00	0.00e+00	2.6597e+00
8.44774e+18	6.8032e+03	2.328e-21	2.7826e+01	3.0090e+01	3.6425e-14	3.4739e-03	9.9653e-01	2.2089e-02	9.7791e-01	4.7848e-10	2.4731e-17	1.6572e-04	2.8661e-01	7.1270e-01	5.2779e-04	2.2577e-03	6.1409e-01	3.8366e-01	1.1755e-36	1.1755e-36	1.1755e-36	1.7836e-25	0.00e+00	0.00e+00	2.8791e+00
8.79962e+18	6.9146e+03	2.355e-21	2.7826e+01	3.0071e+01	4.1605e-14	3.8442e-03	9.9616e-01	2.5144e-02	9.7486e-01	3.3253e-10	3.5053e-17	1.8622e-04	3.1216e-01	6.8719e-01	4.6343e-04	2.6665e-03	6.4814e-01	3.4919e-01	1.1755e-36	1.1755e-36	1.1755e-36	2.6255e-25	0.00e+00	0.00e+00	3.1116e+00
9.13192e+18	7.0227e+03	2.386e-21	2.7826e+01	3.0049e+01	4.8126e-14	4.2717e-03	9.9573e-01	2.8912e-02	9.7109e-01	2.3823e-10	5.0187e-17	2.0947e-04	3.4083e-01	6.5856e-01	4.0180e-04	3.1583e-03	6.8327e-01	3.1358e-01	1.1755e-36	1.1755e-36	1.1755e-36	3.9057e-25	0.00e+00	0.00e+00	3.3520e+00
9.43673e+18	7.1159e+03	2.419e-21	2.7826e+01	3.0024e+01	5.6582e-14	4.7576e-03	9.9524e-01	3.3498e-02	9.6650e-01	1.7659e-10	7.1998e-17	2.3522e-04	3.7223e-01	6.2719e-01	3.4426e-04	3.7369e-03	7.1819e-01	2.7807e-01	1.1755e-36	1.1755e-36	1.1755e-36	5.8166e-25	0.00e+00	0.00e+00	3.5937e+00
9.71188e+18	7.2074e+03	2.452e-21	2.7826e+01	2.9995e+01	6.6571e-14	5.2928e-03	9.9471e-01	3.9026e-02	9.6097e-01	1.3548e-10	1.0254e-16	2.6286e-04	4.0565e-01	5.9380e-01	2.9230e-04	4.3957e-03	7.5170e-01	2.4391e-01	1.1755e-36	1.1755e-36	1.1755e-36	8.6047e-25	0.00e+00	0.00e+00	3.8365e+00
9.96232e+18	7.2942e+03	2.483e-21	2.7826e+01	2.9961e+01	7.8610e-14	5.8863e-03	9.9411e-01	4.5792e-02	9.5421e-01	1.0669e-10	1.4520e-16	2.9252e-04	4.4124e-01	5.5823e-01	2.4524e-04	5.1459e-03	7.8359e-01	2.1127e-01	1.1755e-36	1.1755e-36	1.1755e-36	1.2660e-24	0.00e+00	0.00e+00	4.0845e+00
1.01934e+19	7.3730e+03	2.516e-21	2.7826e+01	2.9934e+01	9.3762e-14	6.5573e-03	9.9344e-01	5.4477e-02	9.4552e-01	8.5763e-11	2.0574e-16	3.2466e-04	4.7952e-01	5.1995e-01	2.0226e-04	6.0109e-03	8.1395e-01	1.8004e-01	1.1755e-36	1.1755e-36	1.1755e-36	1.8670e-24	0.00e+00	0.00e+00	4.3408e+00
1.04073e+19	7.4265e+03	2.550e-21	2.7826e+01	2.9877e+01	1.1439e-13	7.3308e-03	9.9267e-01	6.5507e-02	9.3449e-01	6.9731e-11	2.9207e-16	3.5975e-04	5.2091e-01	4.7857e-01	1.6309e-04	7.0200e-03	8.4250e-01	1.5048e-01	1.1755e-36	1.1755e-36	1.1755e-36	2.7540e-24	0.00e+00	0.00e+00	4.6051e+00
1.06037e+19	7.4787e+03	2.584e-21	2.7826e+01	2.9824e+01	1.4011e-13	8.2029e-03	9.9180e-01	7.9982e-02	9.2002e-01	5.7561e-11	4.1358e-16	3.9685e-04	5.6428e-01	4.3519e-01	1.2870e-04	8.1707e-03	8.6860e-01	1.2323e-01	1.1755e-36	1.1755e-36	1.1755e-36	4.0682e-24	0.00e+00	0.00e+00	4.8756e+00
1.07613e+19	7.5157e+03	2.614e-21	2.7826e+01	2.9755e+01	1.6837e-13	9.0578e-03	9.9094e-01	9.6402e-02	9.0360e-01	4.9312e-11	5.5772e-16	4.3013e-04	6.0348e-01	3.9599e-01	1.0271e-04	9.3063e-03	8.8926e-01	1.0144e-01	1.1755e-36	1.1755e-36	1.1755e-36	5.6953e-24	0.00e+00	0.00e+00	5.0783e+00
1.08715e+19	7.5409e+03	2.634e-21	2.7826e+01	2.9699e+01	1.9381e-13	9.7623e-03	9.9024e-01	1.1217e-01	8.8783e-01	4.4022e-11	6.9727e-16	4.5611e-04	6.3373e-01	3.6573e-01	8.5314e-05	1.0246e-02	9.0338e-01	8.6372e-02	1.1755e-36	1.1755e-36	1.1755e-36	7.3294e-24	0.00e+00	0.00e+00	5.2380e+00
1.09608e+19	7.5554e+03	2.651e-21	2.7826e+01	2.9642e+01	2.1978e-13	1.0410e-02	9.8959e-01	1.2848e-01	8.7152e-01	3.9818e-11	8.4304e-16	4.7830e-04	6.5967e-01	3.3978e-01	7.1916e-05	1.1109e-02	9.1435e-01	7.4537e-02	1.1755e-36	1.1755e-36	1.1755e-36	9.0917e-24	0.00e+00	0.00e+00	5.3941e+00
1.10589e+19	7.5662e+03	2.668e-21	2.7826e+01	2.9570e+01	2.5558e-13	1.1217e-02	9.8878e-01	1.5156e-01	8.4844e-01	3.5234e-11	1.0498e-15	5.0394e-04	6.8955e-01	3.0989e-01	5.8052e-05	1.2184e-02	9.2576e-01	6.2061e-02	1.1755e-36	1.1755e-36	1.1755e-36	1.1681e-23	0.00e+00	0.00e+00	5.6129e+00
1.11608e+19	7.5652e+03	2.688e-21	2.7826e+01	2.9473e+01	3.0451e-13	1.2191e-02	9.8781e-01	1.8383e-01	8.1617e-01	3.0831e-11	1.3325e-15	5.3158e-04	7.2167e-01	2.7775e-01	4.5191e-05	1.3474e-02	9.3680e-01	4.9725e-02	1.1755e-36	1.1755e-36	1.1755e-36	1.5352e-23	0.00e+00	0.00e+00	5.8113e+00
1.12502e+19	7.5783e+03	2.696e-21	2.7826e+01	2.9337e+01	3.5442e-13	1.3149e-02	9.8685e-01	2.2214e-01	7.7786e-01	2.6805e-11	1.6529e-15	5.5543e-04	7.5055e-01	2.4886e-01	3.5078e-05	1.4748e-02	9.4575e-01	3.9500e-02	1.1755e-36	1.1755e-36	1.1755e-36	1.9663e-23	0.00e+00	0.00e+00	6.0103e+00
1.13242e+19	7.5809e+03	2.706e-21	2.7826e+01	2.9245e+01	4.0891e-13	1.4078e-02	9.8592e-01	2.6617e-01	7.3383e-01	2.3698e-11	2.0068e-15	5.7629e-04	7.7506e-01	2.2434e-01	2.7582e-05	1.5973e-02	9.5252e-01	3.1506e-02	1.1755e-36	1.1755e-36	1.1755e-36	2.4628e-23	0.00e+00	0.00e+00	6.1637e+00
1.13787e+19	7.5708e+03	2.708e-21	2.7826e+01	2.9107e+01	4.5942e-13	1.4832e-02	9.8517e-01	3.0719e-01	6.9281e-01	2.1132e-11	2.3206e-15	5.9067e-04	7.9291e-01	2.0648e-01	2.2635e-05	1.6967e-02	9.5701e-01	2.6027e-02	1.1755e-36	1.1755e-36	1.1755e-36	2.9044e-23	0.00e+00	0.00e+00	6.2859e+00
1.14250e+19	7.5679e+03	2.708e-21	2.7826e+01	2.9000e+01	5.0791e-13	1.5528e-02	9.8447e-01	3.4964e-01	6.5036e-01	1.8921e-11	2.6428e-15	6.0256e-04	8.0776e-01	1.9162e-01	1.8824e-05	1.7878e-02	9.6042e-01	2.1707e-02	1.1755e-36	1.1755e-36	1.1755e-36	3.3743e-23	0.00e+00	0.00e+00	6.4105e+00
1.14775e+19	7.5557e+03	2.701e-21	2.7826e+01	2.8822e+01	5.7352e-13	1.6377e-02	9.8362e-01	4.0596e-01	5.9404e-01	1.6100e-11	3.0648e-15	6.1457e-04	8.2374e-01	1.7563e-01	1.5001e-05	1.8986e-02	9.6372e-01	1.7299e-02	1.1755e-36	1.1755e-36	1.1755e-36	3.9911e-23	0.00e+00	0.00e+00	6.5814e+00
1.15348e+19	7.5374e+03	2.694e-21	2.7826e+01	2.8637e+01	6.6255e-13	1.7421e-02	9.8258e-01	4.8035e-01	5.1965e-01	1.3181e-11	3.6405e-15	6.2701e-04	8.4001e-01	1.5935e-01	1.1484e-05	2.0335e-02	9.6661e-01	1.3058e-02	1.1755e-36	1.1755e-36	1.1755e-36	4.8612e-23	0.00e+00	0.00e+00	6.7506e+00
1.15851e+19	7.5167e+03	2.682e-21	2.7826e+01	2.8429e+01	7.5854e-13	1.8434e-02	9.8157e-01	5.5665e-01	4.4335e-01	1.0586e-11	4.2560e-15	6.3606e-04	8.5300e-01	1.4635e-01	8.8985e-06	2.1637e-02	9.6851e-01	9.8510e-03	1.1755e-36	1.1755e-36	1.1755e-36	5.8097e-23	0.00e+00	0.00e+00	6.8972e+00
1.16291e+19	7.4917e+03	2.671e-21	2.7826e+01	2.8254e+01	8.6403e-13	1.9436e-02	9.8056e-01	6.2939e-01	3.7061e-01	8.3976e-12	4.9197e-15	6.4344e-04	8.6333e-01	1.3602e-01	6.9786e-06	2.2912e-02	9.6959e-01	7.4952e-03	1.1755e-36	1.1755e-36	1.1755e-36	6.8694e-23	0.00e+00	0.00e+00	7.0431e+00
1.16782e+19	7.4603e+03	2.656e-21	2.7826e+01	2.8047e+01	1.0071e-12	2.0670e-02	9.7933e-01	7.1052e-01	2.8948e-01	6.1668e-12	5.8029e-15	6.5036e-04	8.7343e-01	1.2591e-01	5.2158e-06	2.4472e-02	9.7013e-01	5.3950e-03	1.1755e-36	1.1755e-36	1.1755e-36	8.3393e-23	0.00e+00	0.00e+00	7.2449e+00
1.17421e+19	7.4224e+03	2.632e-21	2.7826e+01	2.7709e+01	1.2307e-12	2.2425e-02	9.7757e-01	8.0395e-01	1.9605e-01	3.8281e-12	7.1438e-15	6.5556e-04	8.8394e-01	1.1540e-01	3.5219e-06	2.6677e-02	9.6990e-01	3.4227e-03	1.1755e-36	1.1755e-36	1.1755e-36	1.0709e-22	0.00e+00	0.00e+00	7.5294e+00
1.18252e+19	7.3692e+03	2.620e-21	2.7826e+01	2.7410e+01	1.6414e-12	2.5266e-02	9.7473e-01	8.9362e-01	1.0638e-01	1.8818e-12	9.5202e-15	6.6359e-04	8.9514e-01	1.0419e-01	2.0302e-06	3.0211e-02	9.6797e-01	1.8173e-03	1.1755e-36	1.1755e-36	1.1755e-36	1.5500e-22	0.00e+00	0.00e+00	7.9462e+00
1.19332e+19	7.3073e+03	2.629e-21	2.7826e+01	2.7124e+01	2.4659e-12	3.0105e-02	9.6989e-01	9.5602e-01	4.3975e-02	6.9421e-13	1.4111e-14	6.7406e-04	9.0710e-01	9.2227e-02	9.4250e-07	3.6191e-02	9.6304e-01	7.6695e-04	1.1755e-36	1.1755e-36	1.1755e-36	2.6621e-22	0.00e+00	0.00e+00	8.5919e+00
1.20492e+19	7.2447e+03	2.656e-21	2.7826e+01	2.6857e+01	4.1252e-12	3.7802e-02	9.6220e-01	9.8352e-01	1.6479e-02	2.3446e-13	2.3030e-14	6.8539e-04	9.1884e-01	8.0479e-02	3.9147e-07	4.5660e-02	9.5405e-01	2.9021e-04	1.1755e-36	1.1755e-36	1.1755e-36	5.3880e-22	0.00e+00	0.00e+00	9.3223e+00
1.21428e+19	7.1890e+03	2.681e-21	2.7826e+01	2.6587e+01	6.8891e-12	4.7564e-02	9.5244e-01	9.9223e-01	7.7656e-03	1.0234e-13	3.7383e-14	6.9369e-04	9.2874e-01	7.0563e-02	1.8165e-07	5.7628e-02	9.4224e-01	1.2980e-04	1.1755e-36	1.1755e-36	1.1755e-36	1.0958e-21	0.00e+00	0.00e+00	9.9680e+00
1.22100e+19	7.1392e+03	2.689e-21	2.7826e+01	2.6295e+01	1.0724e-11	5.7952e-02	9.4205e-01	9.9532e-01	4.6768e-03	5.8517e-14	5.6478e-14	6.9768e-04	9.3645e-01	6.2850e-02	1.1755e-36	7.0313e-02	9.2962e-01	7.1636e-05	1.1755e-36	1.1755e-36	1.1755e-36	2.0119e-21	0.00e+00	0.00e+00	1.0549e+01
1.22644e+19	7.0931e+03	2.682e-21	2.7826e+01	2.5974e+01	1.6150e-11	6.9532e-02	9.3047e-01	9.9687e-01	3.1343e-03	3.7663e-14	8.2557e-14	6.9892e-04	9.4312e-01	5.6181e-02	1.1755e-36	8.4394e-02	9.1556e-01	4.3174e-05	1.1755e-36	1.1755e-36	1.1755e-36	3.5252e-21	0.00e+00	0.00e+00	1.1182e+01
1.23161e+19	7.0390e+03	2.659e-21	2.7826e+01	2.5571e+01	2.5249e-11	8.4661e-02	9.1534e-01	9.9784e-01	2.1570e-03	2.5006e-14	1.2434e-13	6.9739e-04	9.4980e-01	4.9498e-02	1.1755e-36	1.0268e-01	8.9729e-01	2.5915e-05	1.1755e-36	1.1755e-36	1.1755e-36	6.4677e-21	0.00e+00	0.00e+00	1.1951e+01
1.23651e+19	6.9777e+03	2.610e-21	2.7826e+01	2.5027e+01	4.1518e-11	1.0520e-01	8.9480e-01	9.9847e-01	1.5306e-03	1.7263e-14	1.9526e-13	6.9185e-04	9.5643e-01	4.2882e-02	1.1755e-36	1.2731e-01	8.7267e-01	1.5433e-05	1.1755e-36	1.1755e-36	1.1755e-36	1.2665e-20	0.00e+00	0.00e+00	1.2804e+01
1.24062e+19	6.9140e+03	2.523e-21	2.7826e+01	2.4239e+01	6.7960e-11	1.3001e-01	8.6999e-01	9.9884e-01	1.1571e-03	1.2925e-14	3.0168e-13	6.7848e-04	9.6213e-01	3.7188e-02	1.1755e-36	1.5675e-01	8.4324e-01	9.6169e-06	1.1755e-36	1.1755e-36	1.1755e-36	2.4222e-20	0.00e+00	0.00e+00	1.3628e+01
1.24382e+19	6.8420e+03	2.426e-21	2.7826e+01	2.3471e+01	1.0796e-10	1.5766e-01	8.4234e-01	9.9907e-01	9.3350e-04	1.0401e-14	4.4977e-13	6.6376e-04	9.6692e-01	3.2416e-02	1.1755e-36	1.8917e-01	8.1083e-01	6.3880e-06	1.1755e-36	1.1755e-36	1.1755e-36	4.4074e-20	0.00e+00	0.00e+00	1.4403e+01
1.24638e+19	6.7633e+03	2.313e-21	2.7826e+01	2.2644e+01	1.6585e-10	1.8730e-01	8.1270e-01	9.9921e-01	7.8850e-04	8.8346e-15	6.4279e-13	6.4615e-04	9.7088e-01	2.8469e-02	1.1755e-36	2.2345e-01	7.7654e-01	4.4564e-06	1.1755e-36	1.1755e-36	1.1755e-36	7.5385e-20	0.00e+00	0.00e+00	1.5168e+01
1.24860e+19	6.6685e+03	2.183e-21	2.7826e+01	2.1725e+01	2.5410e-10	2.2038e-01	7.7962e-01	9.9932e-01	6.8185e-04	7.7330e-15	9.0114e-13	6.2530e-04	9.7439e-01	2.4985e-02	1.1755e-36	2.6117e-01	7.3883e-01	3.1709e-06	1.1755e-36	1.1755e-36	1.1755e-36	1.2541e-19	0.00e+00	0.00e+00	1.5984e+01
1.25063e+19	6.5518e+03	2.030e-21	2.7826e+01	2.0654e+01	3.9699e-10	2.5868e-01	7.4132e-01	9.9940e-01	6.0042e-04	6.9510e-15	1.2577e-12	5.9974e-04	9.7761e-01	2.1790e-02	1.1755e-36	3.0412e-01	6.9588e-01	2.2593e-06	1.1755e-36	1.1755e-36	1.1755e-36	2.0750e-19	0.00e+00	0.00e+00	1.6869e+01
1.25235e+19	6.4193e+03	1.868e-21	2.7826e+01	1.9512e+01	6.1580e-10	2.9968e-01	7.0032e-01	9.9946e-01	5.4334e-04	6.4704e-15	1.7097e-12	5.7147e-04	9.8033e-01	1.9100e-02	1.1755e-36	3.4927e-01	6.5073e-01	1.6514e-06	1.1755e-36	1.1755e-36	1.1755e-36	3.3058e-19	0.00e+00	0.00e+00	1.7660e+01
1.25362e+19	6.2936e+03	1.728e-21	2.7826e+01	1.8507e+01	8.8839e-10	3.3577e-01	6.6423e-01	9.9949e-01	5.0795e-04	6.2270e-15	2.1693e-12	5.4596e-04	9.8230e-01	1.7150e-02	1.1755e-36	3.8831e-01	6.1169e-01	1.2897e-06	1.1755e-36	1.1755e-36	1.1755e-36	4.7514e-19	0.00e+00	0.00e+00	1.8266e+01
1.25451e+19	6.1853e+03	1.619e-21	2.7826e+01	1.7720e+01	1.1818e-09	3.6450e-01	6.3550e-01	9.9951e-01	4.8530e-04	6.0956e-15	2.5797e-12	5.2574e-04	9.8370e-01	1.5778e-02	1.1755e-36	4.1893e-01	5.8107e-01	1.0726e-06	1.1755e-36	1.1755e-36	1.1755e-36	6.1960e-19	0.00e+00	0.00e+00	1.8750e+01
1.25523e+19	6.0827e+03	1.524e-21	2.7826e+01	1.7016e+01	1.5138e-09	3.8934e-01	6.1066e-01	9.9953e-01	4.6872e-04	6.0251e-15	2.9634e-12	5.0744e-04	9.8480e-01	1.4689e-02	1.1755e-36	4.4510e-01	5.5490e-01	9.1937e-07	1.1755e-36	1.1755e-36	1.1755e-36	7.6647e-19	0.00e+00	0.00e+00	1.9216e+01
1.25590e+19	5.9736e+03	1.432e-21	2.7826e+01	1.6323e+01	1.9407e-09	4.1416e-01	5.8584e-01	9.9955e-01	4.5384e-04	5.9731e-15	3.3791e-12	4.8934e-04	9.8583e-01	1.3682e-02	1.1755e-36	4.7096e-01	5.2904e-01	7.9219e-07	1.1755e-36	1.1755e-36	1.1755e-36	9.3911e-19	0.00e+00	0.00e+00	1.9695e+01
1.25654e+19	5.8562e+03	1.341e-21	2.7826e+01	1.5620e+01	2.5039e-09	4.3934e-01	5.6066e-01	9.9956e-01	4.4073e-04	5.9490e-15	3.8340e-12	4.7082e-04	9.8679e-01	1.2743e-02	1.1755e-36	4.9690e-01	5.0310e-01	6.8436e-07	1.1755e-36	1.1755e-36	1.1755e-36	1.1442e-18	0.00e+00	0.00e+00	2.0174e+01
1.25712e+19	5.7337e+03	1.255e-21	2.7826e+01	1.4943e+01	3.2256e-09	4.6379e-01	5.3621e-01	9.9957e-01	4.2980e-04	5.9499e-15	4.3124e-12	4.5293e-04	9.8765e-01	1.1901e-02	1.1755e-36	5.2182e-01	4.7818e-01	5.9624e-07	1.1755e-36	1.1755e-36	1.1755e-36	1.3795e-18	0.00e+00	0.00e+00	2.0623e+01
1.25764e+19	5.6140e+03	1.178e-21	2.7826e+01	1.4314e+01	4.0995e-09	4.8638e-01	5.1362e-01	9.9958e-01	4.2111e-04	5.9749e-15	4.7892e-12	4.3621e-04	9.8839e-01	1.1173e-02	1.1755e-36	5.4461e-01	4.5539e-01	5.2616e-07	1.1755e-36	1.1755e-36	1.1755e-36	1.6354e-18	0.00e+00	0.00e+00	2.1039e+01
1.25810e+19	5.4955e+03	1.107e-21	2.7826e+01	1.3730e+01	5.1605e-09	5.0738e-01	4.9262e-01	9.9959e-01	4.1387e-04	6.0126e-15	5.2682e-12	4.2062e-04	9.8905e-01	1.0533e-02	1.1755e-36	5.6560e-01	4.3440e-01	4.6915e-07	1.1755e-36	1.1755e-36	1.1755e-36	1.9169e-18	0.00e+00	0.00e+00	2.1434e+01
1.25853e+19	5.3747e+03	1.042e-21	2.7826e+01	1.3172e+01	6.4853e-09	5.2743e-01	4.7257e-01	9.9959e-01	4.0748e-04	6.0583e-15	5.7651e-12	4.0573e-04	9.8964e-01	9.9513e-03	1.1755e-36	5.8545e-01	4.1455e-01	4.2102e-07	1.1755e-36	1.1755e-36	1.1755e-36	2.2384e-18	0.00e+00	0.00e+00	2.1820e+01
1.25888e+19	5.2766e+03	9.910e-22	2.7826e+01	1.2726e+01	7.8025e-09	5.4345e-01	4.5655e-01	9.9960e-01	4.0356e-04	6.1189e-15	6.1951e-12	3.9375e-04	9.9009e-01	9.5195e-03	1.1755e-36	6.0119e-01	3.9881e-01	3.8659e-07	1.1755e-36	1.1755e-36	1.1755e-36	2.5440e-18	0.00e+00	0.00e+00	2.2078e+01
1.25912e+19	5.2007e+03	9.546e-22	2.7826e+01	1.2401e+01	8.9732e-09	5.5509e-01	4.4491e-01	9.9960e-01	4.0065e-04	6.1628e-15	6.5313e-12	3.8502e-04	9.9040e-01	9.2101e-03	1.1755e-36	6.1257e-01	3.8743e-01	3.6332e-07	1.1755e-36	1.1755e-36	1.1755e-36	2.8026e-18	0.00e+00	0.00e+00	2.2289e+01
1.25935e+19	5.1228e+03	9.202e-22	2.7826e+01	1.2091e+01	1.0328e-08	5.6631e-01	4.3369e-01	9.9960e-01	3.9754e-04	6.1978e-15	6.8813e-12	3.7675e-04	9.9071e-01	8.9133e-03	1.1755e-36	6.2347e-01	3.7653e-01	3.4221e-07	1.1755e-36	1.1755e-36	1.1755e-36	3.0924e-18	0.00e+00	0.00e+00	2.2523e+01
1.25955e+19	5.0540e+03	8.897e-22	2.7826e+01	1.1812e+01	1.1702e-08	5.7636e-01	4.2364e-01	9.9960e-01	3.9525e-04	6.2416e-15	7.2148e-12	3.6925e-04	9.9097e-01	8.6597e-03	1.1755e-36	6.3321e-01	3.6679e-01	3.2435e-07	1.1755e-36	1.1755e-36	1.1755e-36	3.3878e-18	0.00e+00	0.00e+00	2.2705e+01
1.25972e+19	4.9926e+03	8.653e-22	2.7826e+01	1.1582e+01	1.3042e-08	5.8462e-01	4.1538e-01	9.9961e-01	3.9329e-04	6.2746e-15	7.5076e-12	3.6314e-04	9.9118e-01	8.4530e-03	1.1755e-36	6.4118e-01	3.5882e-01	3.1047e-07	1.1755e-36	1.1755e-36	1.1755e-36	3.6637e-18	0.00e+00	0.00e+00	2.2862e+01
1.25987e+19	4.9340e+03	8.431e-22	2.7826e+01	1.1371e+01	1.4432e-08	5.9226e-01	4.0774e-01	9.9961e-01	3.9144e-04	6.3040e-15	7.7693e-12	3.5753e-04	9.9139e-01	8.2552e-03	1.1755e-36	6.4853e-01	3.5147e-01	2.9816e-07	1.1755e-36	1.1755e-36	1.1755e-36	3.9137e-18	0.00e+00	0.00e+00	2.3017e+01
1.26002e+19	4.8796e+03	8.202e-22	2.7826e+01	1.1152e+01	1.5875e-08	5.9968e-01	4.0032e-01	9.9961e-01	3.9010e-04	6.3511e-15	8.0233e-12	3.5162e-04	9.9158e-01	8.0659e-03	1.1755e-36	6.5564e-01	3.4436e-01	2.8637e-07	1.1755e-36	1.1755e-36	1.1755e-36	4.1676e-18	0.00e+00	0.00e+00	2.3180e+01
1.26019e+19	4.8113e+03	7.966e-22	2.7826e+01	1.0927e+01	1.7831e-08	6.0821e-01	3.9179e-01	9.9961e-01	3.8785e-04	6.3766e-15	8.3446e-12	3.4571e-04	9.9181e-01	7.8487e-03	1.1755e-36	6.6379e-01	3.3621e-01	2.7372e-07	1.1755e-36	1.1755e-36	1.1755e-36	4.5071e-18	0.00e+00	0.00e+00	2.3362e+01
1.26035e+19	4.7441e+03	7.732e-22	2.7826e+01	1.0696e+01	1.9964e-08	6.1644e-01	3.8356e-01	9.9961e-01	3.8614e-04	6.4177e-15	8.6596e-12	3.3957e-04	9.9201e-01	7.6457e-03	1.1755e-36	6.7163e-01	3.2837e-01	2.6196e-07	1.1755e-36	1.1755e-36	1.1755e-36	4.8601e-18	0.00e+00	0.00e+00	2.3529e+01
1.26050e+19	4.6800e+03	7.517e-22	2.7826e+01	1.0482e+01	2.2206e-08	6.2412e-01	3.7588e-01	9.9962e-01	3.8456e-04	6.4558e-15	8.9668e-12	3.3394e-04	9.9221e-01	7.4582e-03	1.1755e-36	6.7892e-01	3.2108e-01	2.5143e-07	1.1755e-36	1.1755e-36	1.1755e-36	5.2240e-18	0.00e+00	0.00e+00	2.3688e+01
1.26064e+19	4.6164e+03	7.312e-22	2.7826e+01	1.0275e+01	2.4640e-08	6.3157e-01	3.6843e-01	9.9962e-01	3.8302e-04	6.4933e-15	9.2756e-12	3.2849e-04	9.9239e-01	7.2782e-03	1.1755e-36	6.8597e-01	3.1403e-01	2.4159e-07	1.1755e-36	1.1755e-36	1.1755e-36	5.6101e-18	0.00e+00	0.00e+00	2.3848e+01
1.26079e+19	4.5474e+03	7.109e-22	2.7826e+01	1.0065e+01	2.7487e-08	6.3914e-01	3.6086e-01	9.9962e-01	3.8137e-04	6.5283e-15	9.6032e-12	3.2302e-04	9.9258e-01	7.0973e-03	1.1755e-36	6.9311e-01	3.0689e-01	2.3203e-07	1.1755e-36	1.1755e-36	1.1755e-36	6.0438e-18	0.00e+00	0.00e+00	2.4011e+01
1.26093e+19	4.4810e+03	6.910e-22	2.7826e+01	9.8592e+00	3.0501e-08	6.4654e-01	3.5346e-01	9.9962e-01	3.7991e-04	6.5678e-15	9.9313e-12	3.1764e-04	9.9276e-01	6.9231e-03	1.1755e-36	7.0008e-01	2.9992e-01	2.2295e-07	1.1755e-36	1.1755e-36	1.1755e-36	6.5005e-18	0.00e+00	0.00e+00	2.4171e+01
1.26107e+19	4.4130e+03	6.715e-22	2.7826e+01	9.6552e+00	3.3829e-08	6.5393e-01	3.4607e-01	9.9962e-01	3.7842e-04	6.6064e-15	1.0268e-11	3.1235e-04	9.9294e-01	6.7510e-03	1.1755e-36	7.0700e-01	2.9300e-01	2.1422e-07	1.1755e-36	1.1755e-36	1.1755e-36	6.9940e-18	0.00e+00	0.00e+00	2.4334e+01
1.26122e+19	4.3421e+03	6.519e-22	2.7826e+01	9.4479e+00	3.7552e-08	6.6144e-01	3.3856e-01	9.9962e-01	3.7691e-04	6.6459e-15	1.0618e-11	3.0701e-04	9.9311e-01	6.5780e-03	1.1755e-36	7.1403e-01	2.8597e-01	2.0566e-07	1.1755e-36	1.1755e-36	1.1755e-36	7.5330e-18	0.00e+00	0.00e+00	2.4502e+01
1.26136e+19	4.2737e+03	6.321e-22	2.7826e+01	9.2322e+00	4.1382e-08	6.6871e-01	3.3129e-01	9.9962e-01	3.7591e-04	6.7055e-15	1.0946e-11	3.0134e-04	9.9329e-01	6.4134e-03	1.1755e-36	7.2080e-01	2.7920e-01	1.9750e-07	1.1755e-36	1.1755e-36	1.1755e-36	8.0632e-18	0.00e+00	0.00e+00	2.4673e+01
1.26151e+19	4.1961e+03	6.117e-22	2.7826e+01	9.0100e+00	4.5941e-08	6.7659e-01	3.2341e-01	9.9963e-01	3.7448e-04	6.7552e-15	1.1313e-11	2.9564e-04	9.9347e-01	6.2360e-03	1.1755e-36	7.2813e-01	2.7187e-01	1.8908e-07	1.1755e-36	1.1755e-36	1.1755e-36	8.6803e-18	0.00e+00	0.00e+00	2.4860e+01
1.26167e+19	4.1102e+03	5.912e-22	2.7826e+01	8.7855e+00	5.1232e-08	6.8506e-01	3.1494e-01	9.9963e-01	3.7258e-04	6.7917e-15	1.1713e-11	2.9005e-04	9.9366e-01	6.0482e-03	1.1755e-36	7.3598e-01	2.6402e-01	1.8048e-07	1.1755e-36	1.1755e-36	1.1755e-36	9.3800e-18	0.00e+00	0.00e+00	2.5051e+01
1.26183e+19	4.0236e+03	5.712e-22	2.7826e+01	8.5543e+00	5.6610e-08	6.9313e-01	3.0687e-01	9.9963e-01	3.7118e-04	6.8451e-15	1.2064e-11	2.8427e-04	9.9384e-01	5.8725e-03	1.1755e-36	7.4344e-01	2.5656e-01	1.7256e-07	1.1755e-36	1.1755e-36	1.1755e-36	1.0017e-17	0.00e+00	0.00e+00	2.5238e+01
1.26198e+19	3.9416e+03	5.510e-22	2.7826e+01	8.3310e+00	6.1829e-08	7.0129e-01	2.9871e-01	9.9963e-01	3.6973e-04	6.8992e-15	1.2402e-11	2.7868e-04	9.9403e-01	5.6963e-03	1.1755e-36	7.5095e-01	2.4905e-01	1.6469e-07	1.1755e-36	1.1755e-36	1.1755e-36	1.0633e-17	0.00e+00	0.00e+00	2.5438e+01
