#depth	Te	Htot	hden	eden	2H_2/H	HI	HII	HeI	HeII	HeIII	CO/C	C1	C2	C3	C4	O1	O2	O3	O4	O5	O6	H2O/O	AV(point)	AV(extend)	Tau912
1.90297e+14	6.0766e+03	2.280e-21	2.7826e+01	2.9683e+01	6.1061e-12	1.2361e-02	9.8764e-01	9.8703e-02	9.0122e-01	8.0947e-05	8.1638e-15	2.1403e-03	6.6779e-01	3.3006e-01	9.6450e-06	1.4311e-02	9.5078e-01	3.4910e-02	4.0909e-07	1.1755e-36	1.1755e-36	4.5009e-23	0.00e+00	0.00e+00	8.2665e-04
1.14178e+15	6.0681e+03	2.277e-21	2.7826e+01	2.9658e+01	6.1465e-12	1.2352e-02	9.8765e-01	9.8732e-02	9.0119e-01	8.0836e-05	8.1442e-15	2.1337e-03	6.6789e-01	3.2996e-01	9.6573e-06	1.4302e-02	9.5079e-01	3.4912e-02	4.0786e-07	1.1755e-36	1.1755e-36	4.4777e-23	0.00e+00	0.00e+00	4.1309e-03
4.94773e+15	6.0555e+03	2.268e-21	2.7826e+01	2.9649e+01	6.2249e-12	1.2356e-02	9.8764e-01	9.9066e-02	9.0085e-01	8.0095e-05	8.1575e-15	2.1309e-03	6.6877e-01	3.2908e-01	9.5895e-06	1.4313e-02	9.5094e-01	3.4751e-02	3.9977e-07	1.1755e-36	1.1755e-36	4.4705e-23	0.00e+00	0.00e+00	1.7352e-02
2.01715e+16	6.0049e+03	2.250e-21	2.7826e+01	2.9641e+01	6.6575e-12	1.2468e-02	9.8753e-01	1.0096e-01	8.9896e-01	7.6491e-05	8.3730e-15	2.1485e-03	6.7345e-01	3.2439e-01	9.2428e-06	1.4471e-02	9.5161e-01	3.3916e-02	3.6478e-07	1.1755e-36	1.1755e-36	4.5597e-23	0.00e+00	0.00e+00	7.0716e-02
4.81833e+16	5.8418e+03	2.186e-21	2.7826e+01	2.9639e+01	7.6900e-12	1.2386e-02	9.8761e-01	1.0285e-01	8.9708e-01	7.2538e-05	8.2897e-15	2.1474e-03	6.7867e-01	3.1918e-01	8.8440e-06	1.4420e-02	9.5248e-01	3.3103e-02	3.2683e-07	1.1755e-36	1.1755e-36	4.3396e-23	0.00e+00	0.00e+00	1.3963e-01
8.10226e+16	5.6800e+03	2.131e-21	2.7826e+01	2.9632e+01	9.0801e-12	1.2403e-02	9.8760e-01	1.0567e-01	8.9426e-01	6.7179e-05	8.3616e-15	2.1652e-03	6.8583e-01	3.1200e-01	8.3294e-06	1.4493e-02	9.5353e-01	3.1975e-02	2.8408e-07	1.1755e-36	1.1755e-36	4.2236e-23	0.00e+00	0.00e+00	2.1376e-01
1.15940e+17	5.5410e+03	2.090e-21	2.7826e+01	2.9620e+01	1.0766e-11	1.2545e-02	9.8745e-01	1.0952e-01	8.9042e-01	6.1005e-05	8.6337e-15	2.2013e-03	6.9473e-01	3.0306e-01	7.7389e-06	1.4713e-02	9.5472e-01	3.0569e-02	2.4041e-07	1.1755e-36	1.1755e-36	4.2485e-23	0.00e+00	0.00e+00	2.9273e-01
1.55265e+17	5.4202e+03	2.061e-21	2.7826e+01	2.9598e+01	1.2929e-11	1.2852e-02	9.8715e-01	1.1504e-01	8.8491e-01	5.3896e-05	9.1988e-15	2.2616e-03	7.0635e-01	2.9138e-01	7.0367e-06	1.5136e-02	9.5611e-01	2.8755e-02	1.9445e-07	1.1755e-36	1.1755e-36	4.4565e-23	0.00e+00	0.00e+00	3.8944e-01
2.04519e+17	5.2995e+03	2.038e-21	2.7826e+01	2.9563e+01	1.6166e-11	1.3386e-02	9.8661e-01	1.2348e-01	8.7648e-01	4.5552e-05	1.0219e-14	2.3566e-03	7.2239e-01	2.7525e-01	6.1639e-06	1.5845e-02	9.5782e-01	2.6339e-02	1.4561e-07	1.1755e-36	1.1755e-36	4.9175e-23	0.00e+00	0.00e+00	5.2041e-01
2.68549e+17	5.1715e+03	2.020e-21	2.7826e+01	2.9510e+01	2.1515e-11	1.4268e-02	9.8573e-01	1.3694e-01	8.6303e-01	3.6186e-05	1.2025e-14	2.5021e-03	7.4468e-01	2.5281e-01	5.1002e-06	1.6996e-02	9.5983e-01	2.3173e-02	1.1755e-36	1.1755e-36	1.1755e-36	5.8109e-23	0.00e+00	0.00e+00	7.0187e-01
3.48620e+17	5.0456e+03	2.010e-21	2.7826e+01	2.9423e+01	3.0582e-11	1.5659e-02	9.8434e-01	1.5845e-01	8.4152e-01	2.6781e-05	1.5232e-14	2.7132e-03	7.7409e-01	2.2319e-01	3.9144e-06	1.8792e-02	9.6189e-01	1.9319e-02	1.1755e-36	1.1755e-36	1.1755e-36	7.5192e-23	0.00e+00	0.00e+00	9.4336e-01
4.33707e+17	4.9480e+03	2.009e-21	2.7826e+01	2.9301e+01	4.3913e-11	1.7527e-02	9.8247e-01	1.8914e-01	8.1084e-01	1.9198e-05	2.0270e-14	2.9689e-03	8.0667e-01	1.9036e-01	2.8399e-06	2.1184e-02	9.6335e-01	1.5463e-02	1.1755e-36	1.1755e-36	1.1755e-36	1.0388e-22	0.00e+00	0.00e+00	1.1972e+00
5.09252e+17	4.9042e+03	2.018e-21	2.7826e+01	2.9164e+01	5.9741e-11	1.9733e-02	9.8027e-01	2.2760e-01	7.7238e-01	1.4044e-05	2.7469e-14	3.2336e-03	8.3709e-01	1.5968e-01	2.0213e-06	2.3986e-02	9.6383e-01	1.2182e-02	1.1755e-36	1.1755e-36	1.1755e-36	1.4829e-22	0.00e+00	0.00e+00	1.4353e+00
5.73258e+17	4.8993e+03	2.029e-21	2.7826e+01	2.8970e+01	7.7031e-11	2.2158e-02	9.7784e-01	2.7221e-01	7.2778e-01	1.0521e-05	3.7138e-14	3.4815e-03	8.6329e-01	1.3323e-01	1.4353e-06	2.7051e-02	9.6340e-01	9.5465e-03	1.1755e-36	1.1755e-36	1.1755e-36	2.1207e-22	0.00e+00	0.00e+00	1.6663e+00
6.30763e+17	4.9238e+03	2.041e-21	2.7826e+01	2.8760e+01	9.6076e-11	2.4924e-02	9.7508e-01	3.2555e-01	6.7445e-01	7.9110e-06	5.0825e-14	3.7206e-03	8.8644e-01	1.0984e-01	9.9984e-07	3.0531e-02	9.6211e-01	7.3631e-03	1.1755e-36	1.1755e-36	1.1755e-36	3.0810e-22	0.00e+00	0.00e+00	1.9102e+00
6.85011e+17	4.9504e+03	2.059e-21	2.7826e+01	2.8544e+01	1.2219e-10	2.8316e-02	9.7168e-01	3.9236e-01	6.0763e-01	5.8728e-06	7.2082e-14	3.9614e-03	9.0757e-01	8.8466e-02	6.6704e-07	3.4783e-02	9.5971e-01	5.5087e-03	1.1755e-36	1.1755e-36	1.1755e-36	4.6467e-22	0.00e+00	0.00e+00	2.1730e+00
7.34996e+17	5.0030e+03	2.067e-21	2.7826e+01	2.8221e+01	1.5067e-10	3.2178e-02	9.6782e-01	4.6925e-01	5.3075e-01	4.2534e-06	1.0327e-13	4.1729e-03	9.2531e-01	7.0515e-02	4.3532e-07	3.9606e-02	9.5636e-01	4.0353e-03	1.1755e-36	1.1755e-36	1.1755e-36	7.0303e-22	0.00e+00	0.00e+00	2.4396e+00
7.80181e+17	5.0666e+03	2.075e-21	2.7826e+01	2.7895e+01	1.8404e-10	3.6629e-02	9.6337e-01	5.5301e-01	4.4699e-01	3.0307e-06	1.5021e-13	4.3601e-03	9.3961e-01	5.6027e-02	2.7964e-07	4.5141e-02	9.5195e-01	2.9049e-03	1.1755e-36	1.1755e-36	1.1755e-36	1.0739e-21	0.00e+00	0.00e+00	2.7177e+00
8.22206e+17	5.1268e+03	2.088e-21	2.7826e+01	2.7585e+01	2.3004e-10	4.2031e-02	9.5797e-01	6.4054e-01	3.5946e-01	2.0951e-06	2.2499e-13	4.5324e-03	9.5107e-01	4.4399e-02	1.7556e-07	5.1834e-02	9.4612e-01	2.0415e-03	1.1755e-36	1.1755e-36	1.1755e-36	1.6913e-21	0.00e+00	0.00e+00	3.0193e+00
8.62161e+17	5.2099e+03	2.090e-21	2.7826e+01	2.7161e+01	2.8254e-10	4.8425e-02	9.5157e-01	7.2412e-01	2.7588e-01	1.3821e-06	3.3991e-13	4.6655e-03	9.5977e-01	3.5560e-02	1.1755e-36	5.9721e-02	9.3888e-01	1.4015e-03	1.1755e-36	1.1755e-36	1.1755e-36	2.6913e-21	0.00e+00	0.00e+00	3.3518e+00
9.00968e+17	5.2981e+03	2.098e-21	2.7826e+01	2.6754e+01	3.5654e-10	5.6628e-02	9.4337e-01	7.9931e-01	2.0069e-01	8.7387e-07	5.2920e-13	4.7851e-03	9.6644e-01	2.8774e-02	1.1755e-36	6.9792e-02	9.2928e-01	9.3137e-04	1.1755e-36	1.1755e-36	1.1755e-36	4.5110e-21	0.00e+00	0.00e+00	3.7352e+00
9.37296e+17	5.3993e+03	2.106e-21	2.7826e+01	2.6330e+01	4.5286e-10	6.6841e-02	9.3316e-01	8.5816e-01	1.4184e-01	5.4545e-07	8.2527e-13	4.8770e-03	9.7120e-01	2.3919e-02	1.1755e-36	8.2260e-02	9.1713e-01	6.1172e-04	1.1755e-36	1.1755e-36	1.1755e-36	7.8045e-21	0.00e+00	0.00e+00	4.1359e+00
9.68548e+17	5.4942e+03	2.114e-21	2.7826e+01	2.5907e+01	5.7677e-10	7.8639e-02	9.2136e-01	8.9791e-01	1.0209e-01	3.5466e-07	1.2439e-12	4.9364e-03	9.7442e-01	2.0644e-02	1.1755e-36	9.6578e-02	9.0301e-01	4.1249e-04	1.1755e-36	1.1755e-36	1.1755e-36	1.3367e-20	0.00e+00	0.00e+00	4.5281e+00
9.94797e+17	5.5722e+03	2.118e-21	2.7826e+01	2.5502e+01	7.3741e-10	9.1772e-02	9.0823e-01	9.2371e-01	7.6293e-02	2.4433e-07	1.8051e-12	4.9703e-03	9.7669e-01	1.8338e-02	1.1755e-36	1.1242e-01	8.8729e-01	2.8824e-04	1.1755e-36	1.1755e-36	1.1755e-36	2.2354e-20	0.00e+00	0.00e+00	4.9170e+00
1.01769e+18	5.6454e+03	2.112e-21	2.7826e+01	2.5056e+01	9.3791e-10	1.0637e-01	8.9363e-01	9.4129e-01	5.8710e-02	1.7570e-07	2.5505e-12	4.9744e-03	9.7844e-01	1.6588e-02	1.1755e-36	1.2990e-01	8.6990e-01	2.0608e-04	1.1755e-36	1.1755e-36	1.1755e-36	3.6709e-20	0.00e+00	0.00e+00	5.3218e+00
1.03874e+18	5.7100e+03	2.098e-21	2.7826e+01	2.4586e+01	1.2119e-09	1.2351e-01	8.7649e-01	9.5411e-01	4.5888e-02	1.2933e-07	3.5976e-12	4.9614e-03	9.7995e-01	1.5091e-02	1.1755e-36	1.5027e-01	8.4958e-01	1.4783e-04	1.1755e-36	1.1755e-36	1.1755e-36	6.1034e-20	0.00e+00	0.00e+00	5.7652e+00
1.05846e+18	5.7589e+03	2.067e-21	2.7826e+01	2.3974e+01	1.6047e-09	1.4371e-01	8.5629e-01	9.6368e-01	3.6321e-02	9.7255e-08	5.0656e-12	4.9090e-03	9.8130e-01	1.3786e-02	1.1755e-36	1.7406e-01	8.2583e-01	1.0610e-04	1.1755e-36	1.1755e-36	1.1755e-36	1.0224e-19	0.00e+00	0.00e+00	6.2454e+00
1.07669e+18	5.7962e+03	2.020e-21	2.7826e+01	2.3270e+01	2.1595e-09	1.6723e-01	8.3277e-01	9.7080e-01	2.9196e-02	7.4925e-08	7.1255e-12	4.8273e-03	9.8255e-01	1.2618e-02	1.1755e-36	2.0148e-01	7.9844e-01	7.6355e-05	1.1755e-36	1.1755e-36	1.1755e-36	1.7276e-19	0.00e+00	0.00e+00	6.7579e+00
1.09341e+18	5.8118e+03	1.958e-21	2.7826e+01	2.2498e+01	2.9806e-09	1.9450e-01	8.0550e-01	9.7610e-01	2.3904e-02	5.9242e-08	1.0039e-11	4.7221e-03	9.8374e-01	1.1537e-02	1.1755e-36	2.3290e-01	7.6705e-01	5.5146e-05	1.1755e-36	1.1755e-36	1.1755e-36	2.9557e-19	0.00e+00	0.00e+00	7.3042e+00
1.10875e+18	5.8045e+03	1.878e-21	2.7826e+01	2.1620e+01	4.2069e-09	2.2559e-01	7.7441e-01	9.8011e-01	1.9889e-02	4.7995e-08	1.4116e-11	4.5870e-03	9.8487e-01	1.0539e-02	1.1755e-36	2.6823e-01	7.3173e-01	3.9996e-05	1.1755e-36	1.1755e-36	1.1755e-36	5.0907e-19	0.00e+00	0.00e+00	7.8870e+00
1.12300e+18	5.7697e+03	1.778e-21	2.7826e+01	2.0634e+01	6.1159e-09	2.6105e-01	7.3895e-01	9.8321e-01	1.6787e-02	3.9729e-08	1.9906e-11	4.4227e-03	9.8598e-01	9.5953e-03	1.1755e-36	3.0790e-01	6.9207e-01	2.9016e-05	1.1755e-36	1.1755e-36	1.1755e-36	8.9115e-19	0.00e+00	0.00e+00	8.5198e+00
1.13567e+18	5.7086e+03	1.665e-21	2.7826e+01	1.9565e+01	8.9926e-09	2.9897e-01	7.0103e-01	9.8549e-01	1.4514e-02	3.4021e-08	2.7670e-11	4.2339e-03	9.8701e-01	8.7582e-03	1.1755e-36	3.4962e-01	6.5036e-01	2.1417e-05	1.1755e-36	1.1755e-36	1.1755e-36	1.5455e-18	0.00e+00	0.00e+00	9.1262e+00
1.14567e+18	5.6328e+03	1.557e-21	2.7826e+01	1.8585e+01	1.2763e-08	3.3403e-01	6.6597e-01	9.8701e-01	1.2993e-02	3.0399e-08	3.6671e-11	4.0545e-03	9.8785e-01	8.0940e-03	1.1755e-36	3.8755e-01	6.1243e-01	1.6619e-05	1.1755e-36	1.1755e-36	1.1755e-36	2.5104e-18	0.00e+00	0.00e+00	9.6221e+00
1.15132e+18	5.5761e+03	1.492e-21	2.7826e+01	1.7991e+01	1.5889e-08	3.5598e-01	6.4402e-01	9.8768e-01	1.2316e-02	2.8872e-08	4.3433e-11	3.9440e-03	9.8832e-01	7.7339e-03	1.1755e-36	4.1100e-01	5.8899e-01	1.4393e-05	1.1755e-36	1.1755e-36	1.1755e-36	3.3881e-18	0.00e+00	0.00e+00	9.8010e+00
1.15348e+18	5.5550e+03	1.464e-21	2.7826e+01	1.7738e+01	1.7240e-08	3.6434e-01	6.3566e-01	9.8796e-01	1.2039e-02	2.8285e-08	4.6219e-11	3.8955e-03	9.8850e-01	7.6033e-03	1.1755e-36	4.1986e-01	5.8013e-01	1.3618e-05	1.1755e-36	1.1755e-36	1.1755e-36	3.7871e-18	0.00e+00	0.00e+00	9.8940e+00
1.15514e+18	5.5345e+03	1.443e-21	2.7826e+01	1.7544e+01	1.8495e-08	3.7129e-01	6.2871e-01	9.8819e-01	1.1813e-02	2.7770e-08	4.8705e-11	3.8591e-03	9.8865e-01	7.4869e-03	1.1755e-36	4.2720e-01	5.7279e-01	1.2997e-05	1.1755e-36	1.1755e-36	1.1755e-36	4.1631e-18	0.00e+00	0.00e+00	1.0015e+01
1.15727e+18	5.5011e+03	1.416e-21	2.7826e+01	1.7312e+01	2.0476e-08	3.8091e-01	6.1909e-01	9.8849e-01	1.1509e-02	2.7028e-08	5.2473e-11	3.8166e-03	9.8886e-01	7.3231e-03	1.1755e-36	4.3734e-01	5.6265e-01	1.2212e-05	1.1755e-36	1.1755e-36	1.1755e-36	4.7705e-18	0.00e+00	0.00e+00	1.0176e+01
1.15972e+18	5.4692e+03	1.382e-21	2.7826e+01	1.6994e+01	2.2729e-08	3.9122e-01	6.0878e-01	9.8879e-01	1.1208e-02	2.6400e-08	5.6596e-11	3.7552e-03	9.8908e-01	7.1661e-03	1.1755e-36	4.4815e-01	5.5184e-01	1.1412e-05	1.1755e-36	1.1755e-36	1.1755e-36	5.4839e-18	0.00e+00	0.00e+00	1.0348e+01
1.16222e+18	5.4331e+03	1.347e-21	2.7826e+01	1.6683e+01	2.5458e-08	4.0236e-01	5.9764e-01	9.8909e-01	1.0907e-02	2.5744e-08	6.1496e-11	3.6957e-03	9.8931e-01	6.9966e-03	1.1755e-36	4.5978e-01	5.4021e-01	1.0628e-05	1.1755e-36	1.1755e-36	1.1755e-36	6.4010e-18	0.00e+00	0.00e+00	1.0525e+01
1.16465e+18	5.3927e+03	1.314e-21	2.7826e+01	1.6387e+01	2.8661e-08	4.1371e-01	5.8629e-01	9.8938e-01	1.0620e-02	2.5103e-08	6.7014e-11	3.6392e-03	9.8953e-01	6.8268e-03	1.1755e-36	4.7156e-01	5.2843e-01	9.9040e-06	1.1755e-36	1.1755e-36	1.1755e-36	7.5280e-18	0.00e+00	0.00e+00	1.0696e+01
1.16688e+18	5.3562e+03	1.281e-21	2.7826e+01	1.6091e+01	3.1889e-08	4.2397e-01	5.7603e-01	9.8962e-01	1.0380e-02	2.4612e-08	7.2344e-11	3.5820e-03	9.8974e-01	6.6817e-03	1.1755e-36	4.8216e-01	5.1783e-01	9.2924e-06	1.1755e-36	1.1755e-36	1.1755e-36	8.7123e-18	0.00e+00	0.00e+00	1.0852e+01
1.16896e+18	5.3185e+03	1.251e-21	2.7826e+01	1.5810e+01	3.5448e-08	4.3396e-01	5.6604e-01	9.8985e-01	1.0153e-02	2.4141e-08	7.8025e-11	3.5278e-03	9.8993e-01	6.5416e-03	1.1755e-36	4.9245e-01	5.0755e-01	8.7395e-06	1.1755e-36	1.1755e-36	1.1755e-36	1.0081e-17	0.00e+00	0.00e+00	1.1010e+01
1.17103e+18	5.2803e+03	1.220e-21	2.7826e+01	1.5529e+01	3.9439e-08	4.4407e-01	5.5593e-01	9.9007e-01	9.9348e-03	2.3694e-08	8.4268e-11	3.4732e-03	9.9012e-01	6.4030e-03	1.1755e-36	5.0279e-01	4.9720e-01	8.2177e-06	1.1755e-36	1.1755e-36	1.1755e-36	1.1711e-17	0.00e+00	0.00e+00	1.1171e+01
1.17308e+18	5.2391e+03	1.188e-21	2.7826e+01	1.5234e+01	4.4022e-08	4.5415e-01	5.4585e-01	9.9028e-01	9.7216e-03	2.3277e-08	9.1076e-11	3.4159e-03	9.9031e-01	6.2693e-03	1.1755e-36	5.1307e-01	4.8692e-01	7.7316e-06	1.1755e-36	1.1755e-36	1.1755e-36	1.3651e-17	0.00e+00	0.00e+00	1.1334e+01
1.17509e+18	5.1945e+03	1.158e-21	2.7826e+01	1.4950e+01	4.9351e-08	4.6435e-01	5.3565e-01	9.9047e-01	9.5257e-03	2.2883e-08	9.8757e-11	3.3609e-03	9.9050e-01	6.1351e-03	1.1755e-36	5.2343e-01	4.7656e-01	7.2773e-06	1.1755e-36	1.1755e-36	1.1755e-36	1.6042e-17	0.00e+00	0.00e+00	1.1494e+01
1.17697e+18	5.1506e+03	1.129e-21	2.7826e+01	1.4687e+01	5.5165e-08	4.7426e-01	5.2574e-01	9.9066e-01	9.3416e-03	2.2505e-08	1.0703e-10	3.3099e-03	9.9068e-01	6.0064e-03	1.1755e-36	5.3345e-01	4.6654e-01	6.8667e-06	1.1755e-36	1.1755e-36	1.1755e-36	1.8853e-17	0.00e+00	0.00e+00	1.1646e+01
1.17874e+18	5.1151e+03	1.101e-21	2.7826e+01	1.4420e+01	6.0684e-08	4.8314e-01	5.1686e-01	9.9081e-01	9.1853e-03	2.2239e-08	1.1486e-10	3.2569e-03	9.9085e-01	5.8973e-03	1.1755e-36	5.4238e-01	4.5761e-01	6.5096e-06	1.1755e-36	1.1755e-36	1.1755e-36	2.1730e-17	0.00e+00	0.00e+00	1.1792e+01
1.18055e+18	5.0671e+03	1.073e-21	2.7826e+01	1.4149e+01	6.8127e-08	4.9290e-01	5.0710e-01	9.9099e-01	9.0142e-03	2.1903e-08	1.2482e-10	3.2042e-03	9.9102e-01	5.7749e-03	1.1755e-36	5.5216e-01	4.4783e-01	6.1499e-06	1.1755e-36	1.1755e-36	1.1755e-36	2.5754e-17	0.00e+00	0.00e+00	1.1956e+01
1.18236e+18	5.0168e+03	1.044e-21	2.7826e+01	1.3878e+01	7.6755e-08	5.0279e-01	4.9721e-01	9.9115e-01	8.8515e-03	2.1586e-08	1.3617e-10	3.1519e-03	9.9119e-01	5.6542e-03	1.1755e-36	5.6204e-01	4.3796e-01	5.8104e-06	1.1755e-36	1.1755e-36	1.1755e-36	3.0794e-17	0.00e+00	0.00e+00	1.2109e+01
1.18400e+18	4.9705e+03	1.019e-21	2.7826e+01	1.3635e+01	8.5613e-08	5.1185e-01	4.8815e-01	9.9129e-01	8.7083e-03	2.1308e-08	1.4687e-10	3.1046e-03	9.9135e-01	5.5428e-03	1.1755e-36	5.7105e-01	4.2894e-01	5.5170e-06	1.1755e-36	1.1755e-36	1.1755e-36	3.5966e-17	0.00e+00	0.00e+00	1.2248e+01
1.18552e+18	4.9324e+03	9.943e-22	2.7826e+01	1.3394e+01	9.3985e-08	5.1988e-01	4.8012e-01	9.9141e-01	8.5882e-03	2.1121e-08	1.5640e-10	3.0567e-03	9.9150e-01	5.4472e-03	1.1755e-36	5.7900e-01	4.2100e-01	5.2625e-06	1.1755e-36	1.1755e-36	1.1755e-36	4.0930e-17	0.00e+00	0.00e+00	1.2384e+01
1.18710e+18	4.8818e+03	9.691e-22	2.7826e+01	1.3145e+01	1.0537e-07	5.2887e-01	4.7113e-01	9.9155e-01	8.4499e-03	2.0860e-08	1.6841e-10	3.0083e-03	9.9165e-01	5.3369e-03	1.1755e-36	5.8788e-01	4.1212e-01	4.9987e-06	1.1755e-36	1.1755e-36	1.1755e-36	4.7748e-17	0.00e+00	0.00e+00	1.2539e+01
1.18871e+18	4.8318e+03	9.436e-22	2.7826e+01	1.2892e+01	1.1810e-07	5.3790e-01	4.6210e-01	9.9168e-01	8.3208e-03	2.0632e-08	1.8152e-10	2.9590e-03	9.9181e-01	5.2295e-03	1.1755e-36	5.9676e-01	4.0323e-01	4.7472e-06	1.1755e-36	1.1755e-36	1.1755e-36	5.5848e-17	0.00e+00	0.00e+00	1.2686e+01
1.19020e+18	4.7787e+03	9.203e-22	2.7826e+01	1.2657e+01	1.3267e-07	5.4657e-01	4.5343e-01	9.9180e-01	8.1983e-03	2.0400e-08	1.9558e-10	2.9137e-03	9.9196e-01	5.1262e-03	1.1755e-36	6.0526e-01	3.9474e-01	4.5220e-06	1.1755e-36	1.1755e-36	1.1755e-36	6.5378e-17	0.00e+00	0.00e+00	1.2823e+01
1.19158e+18	4.7364e+03	8.984e-22	2.7826e+01	1.2439e+01	1.4618e-07	5.5426e-01	4.4574e-01	9.9190e-01	8.0951e-03	2.0233e-08	2.0875e-10	2.8707e-03	9.9209e-01	5.0374e-03	1.1755e-36	6.1277e-01	3.8723e-01	4.3259e-06	1.1755e-36	1.1755e-36	1.1755e-36	7.4994e-17	0.00e+00	0.00e+00	1.2951e+01
1.19294e+18	4.6835e+03	8.769e-22	2.7826e+01	1.2215e+01	1.6370e-07	5.6234e-01	4.3766e-01	9.9201e-01	7.9856e-03	2.0030e-08	2.2439e-10	2.8279e-03	9.9223e-01	4.9423e-03	1.1755e-36	6.2063e-01	3.7936e-01	4.1340e-06	1.1755e-36	1.1755e-36	1.1755e-36	8.7509e-17	0.00e+00	0.00e+00	1.3091e+01
1.19431e+18	4.6321e+03	8.557e-22	2.7826e+01	1.2001e+01	1.8305e-07	5.7050e-01	4.2950e-01	9.9212e-01	7.8783e-03	1.9827e-08	2.4154e-10	2.7866e-03	9.9237e-01	4.8474e-03	1.1755e-36	6.2855e-01	3.7145e-01	3.9488e-06	1.1755e-36	1.1755e-36	1.1755e-36	1.0238e-16	0.00e+00	0.00e+00	1.3223e+01
1.19559e+18	4.5847e+03	8.353e-22	2.7826e+01	1.1789e+01	2.0284e-07	5.7795e-01	4.2205e-01	9.9221e-01	7.7865e-03	1.9681e-08	2.5841e-10	2.7454e-03	9.9249e-01	4.7633e-03	1.1755e-36	6.3574e-01	3.6425e-01	3.7848e-06	1.1755e-36	1.1755e-36	1.1755e-36	1.1830e-16	0.00e+00	0.00e+00	1.3350e+01
1.19686e+18	4.5373e+03	8.153e-22	2.7826e+01	1.1582e+01	2.2469e-07	5.8538e-01	4.1462e-01	9.9231e-01	7.6947e-03	1.9531e-08	2.7667e-10	2.7051e-03	9.9262e-01	4.6792e-03	1.1755e-36	6.4290e-01	3.5709e-01	3.6272e-06	1.1755e-36	1.1755e-36	1.1755e-36	1.3692e-16	0.00e+00	0.00e+00	1.3482e+01
1.19816e+18	4.4807e+03	7.951e-22	2.7826e+01	1.1365e+01	2.5251e-07	5.9324e-01	4.0676e-01	9.9240e-01	7.5960e-03	1.9353e-08	2.9832e-10	2.6639e-03	9.9275e-01	4.5902e-03	1.1755e-36	6.5046e-01	3.4954e-01	3.4706e-06	1.1755e-36	1.1755e-36	1.1755e-36	1.6114e-16	0.00e+00	0.00e+00	1.3620e+01
1.19942e+18	4.4303e+03	7.757e-22	2.7826e+01	1.1160e+01	2.8067e-07	6.0068e-01	3.9932e-01	9.9249e-01	7.5093e-03	1.9211e-08	3.2019e-10	2.6243e-03	9.9287e-01	4.5076e-03	1.1755e-36	6.5758e-01	3.4241e-01	3.3267e-06	1.1755e-36	1.1755e-36	1.1755e-36	1.8762e-16	0.00e+00	0.00e+00	1.3746e+01
1.20061e+18	4.3813e+03	7.572e-22	2.7826e+01	1.0961e+01	3.1065e-07	6.0775e-01	3.9225e-01	9.9257e-01	7.4280e-03	1.9085e-08	3.4269e-10	2.5860e-03	9.9298e-01	4.4297e-03	1.1755e-36	6.6433e-01	3.3567e-01	3.1944e-06	1.1755e-36	1.1755e-36	1.1755e-36	2.1720e-16	0.00e+00	0.00e+00	1.3873e+01
1.20183e+18	4.3335e+03	7.380e-22	2.7826e+01	1.0752e+01	3.4274e-07	6.1469e-01	3.8531e-01	9.9265e-01	7.3524e-03	1.8995e-08	3.6615e-10	2.5451e-03	9.9310e-01	4.3549e-03	1.1755e-36	6.7094e-01	3.2906e-01	3.0670e-06	1.1755e-36	1.1755e-36	1.1755e-36	2.5053e-16	0.00e+00	0.00e+00	1.4007e+01
1.20311e+18	4.2751e+03	7.186e-22	2.7826e+01	1.0542e+01	3.8487e-07	6.2253e-01	3.7747e-01	9.9274e-01	7.2603e-03	1.8830e-08	3.9566e-10	2.5054e-03	9.9323e-01	4.2682e-03	1.1755e-36	6.7837e-01	3.2162e-01	2.9328e-06	1.1755e-36	1.1755e-36	1.1755e-36	2.9618e-16	0.00e+00	0.00e+00	1.4151e+01
1.20437e+18	4.2180e+03	6.996e-22	2.7826e+01	1.0332e+01	4.3001e-07	6.3005e-01	3.6995e-01	9.9282e-01	7.1788e-03	1.8705e-08	4.2609e-10	2.4654e-03	9.9335e-01	4.1872e-03	1.1755e-36	6.8549e-01	3.1451e-01	2.8087e-06	1.1755e-36	1.1755e-36	1.1755e-36	3.4765e-16	0.00e+00	0.00e+00	1.4285e+01
1.20555e+18	4.1600e+03	6.822e-22	2.7826e+01	1.0135e+01	4.7938e-07	6.3724e-01	3.6276e-01	9.9290e-01	7.0989e-03	1.8567e-08	4.5776e-10	2.4288e-03	9.9346e-01	4.1093e-03	1.1755e-36	6.9228e-01	3.0772e-01	2.6958e-06	1.1755e-36	1.1755e-36	1.1755e-36	4.0606e-16	0.00e+00	0.00e+00	1.4413e+01
1.20668e+18	4.1089e+03	6.653e-22	2.7826e+01	9.9457e+00	5.2731e-07	6.4392e-01	3.5608e-01	9.9297e-01	7.0298e-03	1.8471e-08	4.8828e-10	2.3927e-03	9.9357e-01	4.0383e-03	1.1755e-36	6.9856e-01	3.0144e-01	2.5922e-06	1.1755e-36	1.1755e-36	1.1755e-36	4.6665e-16	0.00e+00	0.00e+00	1.4540e+01
1.20785e+18	4.0463e+03	6.481e-22	2.7826e+01	9.7475e+00	5.8856e-07	6.5122e-01	3.4878e-01	9.9305e-01	6.9482e-03	1.8323e-08	5.2454e-10	2.3566e-03	9.9368e-01	3.9593e-03	1.1755e-36	7.0542e-01	2.9458e-01	2.4857e-06	1.1755e-36	1.1755e-36	1.1755e-36	5.4502e-16	0.00e+00	0.00e+00	1.4680e+01
1.20906e+18	3.9854e+03	6.306e-22	2.7826e+01	9.5455e+00	6.5295e-07	6.5847e-01	3.4153e-01	9.9313e-01	6.8726e-03	1.8204e-08	5.6165e-10	2.3193e-03	9.9380e-01	3.8827e-03	1.1755e-36	7.1220e-01	2.8780e-01	2.3827e-06	1.1755e-36	1.1755e-36	1.1755e-36	6.3171e-16	0.00e+00	0.00e+00	1.4817e+01
###########################
1.90297e+14	6.0784e+03	2.280e-21	2.7826e+01	2.9684e+01	6.0783e-12	1.2356e-02	9.8764e-01	9.8681e-02	9.0124e-01	8.0964e-05	8.1381e-15	2.1019e-03	6.6774e-01	3.3015e-01	9.6645e-06	1.4305e-02	9.5077e-01	3.4920e-02	4.0932e-07	1.1755e-36	1.1755e-36	4.4773e-23	0.00e+00	0.00e+00	8.2632e-04
1.14178e+15	6.0704e+03	2.277e-21	2.7826e+01	2.9659e+01	6.1154e-12	1.2346e-02	9.8765e-01	9.8705e-02	9.0121e-01	8.0858e-05	8.1176e-15	2.0962e-03	6.6783e-01	3.3007e-01	9.6690e-06	1.4294e-02	9.5078e-01	3.4926e-02	4.0816e-07	1.1755e-36	1.1755e-36	4.4539e-23	0.00e+00	0.00e+00	4.1289e-03
4.94773e+15	6.0582e+03	2.269e-21	2.7826e+01	2.9649e+01	6.1896e-12	1.2348e-02	9.8765e-01	9.9035e-02	9.0088e-01	8.0120e-05	8.1293e-15	2.0974e-03	6.6871e-01	3.2918e-01	9.5956e-06	1.4303e-02	9.5092e-01	3.4774e-02	4.0020e-07	1.1755e-36	1.1755e-36	4.4458e-23	0.00e+00	0.00e+00	1.7342e-02
2.01715e+16	6.0087e+03	2.250e-21	2.7826e+01	2.9642e+01	6.6094e-12	1.2457e-02	9.8754e-01	1.0092e-01	8.9901e-01	7.6526e-05	8.3407e-15	2.1208e-03	6.7339e-01	3.2448e-01	9.2474e-06	1.4456e-02	9.5159e-01	3.3951e-02	3.6538e-07	1.1755e-36	1.1755e-36	4.5324e-23	0.00e+00	0.00e+00	7.0659e-02
4.81833e+16	5.8446e+03	2.186e-21	2.7826e+01	2.9640e+01	7.6435e-12	1.2376e-02	9.8762e-01	1.0281e-01	8.9712e-01	7.2564e-05	8.2636e-15	2.1273e-03	6.7873e-01	3.1913e-01	8.8416e-06	1.4408e-02	9.5245e-01	3.3140e-02	3.2737e-07	1.1755e-36	1.1755e-36	4.3164e-23	0.00e+00	0.00e+00	1.3952e-01
8.09243e+16	5.6816e+03	2.131e-21	2.7826e+01	2.9633e+01	9.0366e-12	1.2394e-02	9.8761e-01	1.0563e-01	8.9431e-01	6.7225e-05	8.3376e-15	2.1495e-03	6.8595e-01	3.1189e-01	8.3251e-06	1.4481e-02	9.5351e-01	3.2013e-02	2.8469e-07	1.1755e-36	1.1755e-36	4.2020e-23	0.00e+00	0.00e+00	2.1317e-01
1.15519e+17	5.5428e+03	2.090e-21	2.7826e+01	2.9620e+01	1.0708e-11	1.2533e-02	9.8747e-01	1.0942e-01	8.9051e-01	6.1112e-05	8.6057e-15	2.1880e-03	6.9482e-01	3.0299e-01	7.7388e-06	1.4698e-02	9.5468e-01	3.0617e-02	2.4136e-07	1.1755e-36	1.1755e-36	4.2252e-23	0.00e+00	0.00e+00	2.9107e-01
1.54385e+17	5.4229e+03	2.061e-21	2.7826e+01	2.9599e+01	1.2846e-11	1.2836e-02	9.8716e-01	1.1487e-01	8.8508e-01	5.4068e-05	9.1677e-15	2.2501e-03	7.0635e-01	2.9139e-01	7.0426e-06	1.5115e-02	9.5607e-01	2.8817e-02	1.9566e-07	1.1755e-36	1.1755e-36	4.4338e-23	0.00e+00	0.00e+00	3.8661e-01
2.03099e+17	5.3025e+03	2.038e-21	2.7826e+01	2.9565e+01	1.6031e-11	1.3362e-02	9.8664e-01	1.2319e-01	8.7677e-01	4.5787e-05	1.0169e-14	2.3461e-03	7.2225e-01	2.7540e-01	6.1773e-06	1.5814e-02	9.5776e-01	2.6422e-02	1.4701e-07	1.1755e-36	1.1755e-36	4.8832e-23	0.00e+00	0.00e+00	5.1591e-01
2.66426e+17	5.1747e+03	2.020e-21	2.7826e+01	2.9513e+01	2.1298e-11	1.4229e-02	9.8577e-01	1.3642e-01	8.6354e-01	3.6472e-05	1.1945e-14	2.4918e-03	7.4433e-01	2.5318e-01	5.1222e-06	1.6946e-02	9.5977e-01	2.3285e-02	1.1755e-36	1.1755e-36	1.1755e-36	5.7605e-23	0.00e+00	0.00e+00	6.9490e-01
3.45691e+17	5.0484e+03	2.010e-21	2.7826e+01	2.9427e+01	3.0204e-11	1.5596e-02	9.8440e-01	1.5754e-01	8.4243e-01	2.7083e-05	1.5083e-14	2.7026e-03	7.7346e-01	2.2383e-01	3.9435e-06	1.8711e-02	9.6183e-01	1.9461e-02	1.1755e-36	1.1755e-36	1.1755e-36	7.4243e-23	0.00e+00	0.00e+00	9.3316e-01
4.30454e+17	4.9491e+03	2.008e-21	2.7826e+01	2.9307e+01	4.3407e-11	1.7442e-02	9.8256e-01	1.8777e-01	8.1221e-01	1.9447e-05	2.0040e-14	2.9596e-03	8.0594e-01	1.9110e-01	2.8671e-06	2.1076e-02	9.6332e-01	1.5608e-02	1.1755e-36	1.1755e-36	1.1755e-36	1.0239e-22	0.00e+00	0.00e+00	1.1863e+00
5.06337e+17	4.9050e+03	2.018e-21	2.7826e+01	2.9199e+01	5.9158e-11	1.9647e-02	9.8035e-01	2.2612e-01	7.7386e-01	1.4233e-05	2.7227e-14	3.2308e-03	8.3660e-01	1.6016e-01	2.0377e-06	2.3878e-02	9.6383e-01	1.2296e-02	1.1755e-36	1.1755e-36	1.1755e-36	1.4676e-22	0.00e+00	0.00e+00	1.4251e+00
5.70526e+17	4.8965e+03	2.028e-21	2.7826e+01	2.8979e+01	7.6515e-11	2.2043e-02	9.7796e-01	2.7015e-01	7.2984e-01	1.0655e-05	3.6696e-14	3.4789e-03	8.6282e-01	1.3370e-01	1.4492e-06	2.6908e-02	9.6344e-01	9.6507e-03	1.1755e-36	1.1755e-36	1.1755e-36	2.0889e-22	0.00e+00	0.00e+00	1.6544e+00
6.28109e+17	4.9195e+03	2.039e-21	2.7826e+01	2.8770e+01	9.5554e-11	2.4787e-02	9.7521e-01	3.2290e-01	6.7709e-01	8.0152e-06	5.0164e-14	3.7213e-03	8.8605e-01	1.1023e-01	1.0103e-06	3.0360e-02	9.6219e-01	7.4540e-03	1.1755e-36	1.1755e-36	1.1755e-36	3.0313e-22	0.00e+00	0.00e+00	1.8982e+00
6.82697e+17	4.9454e+03	2.057e-21	2.7826e+01	2.8555e+01	1.2173e-10	2.8167e-02	9.7183e-01	3.8937e-01	6.1062e-01	5.9487e-06	7.1174e-14	3.9673e-03	9.0737e-01	8.8658e-02	6.7318e-07	3.4599e-02	9.5982e-01	5.5784e-03	1.1755e-36	1.1755e-36	1.1755e-36	4.5764e-22	0.00e+00	0.00e+00	2.1615e+00
7.32978e+17	4.9973e+03	2.066e-21	2.7826e+01	2.8233e+01	1.5033e-10	3.2018e-02	9.6798e-01	4.6605e-01	5.3394e-01	4.3089e-06	1.0202e-13	4.1844e-03	9.2529e-01	7.0523e-02	4.3847e-07	3.9408e-02	9.5651e-01	4.0870e-03	1.1755e-36	1.1755e-36	1.1755e-36	6.9323e-22	0.00e+00	0.00e+00	2.4279e+00
7.78282e+17	5.0562e+03	2.075e-21	2.7826e+01	2.7908e+01	1.8497e-10	3.6466e-02	9.6353e-01	5.4972e-01	4.5028e-01	3.0714e-06	1.4856e-13	4.3777e-03	9.3974e-01	5.5882e-02	2.8094e-07	4.4941e-02	9.5211e-01	2.9443e-03	1.1755e-36	1.1755e-36	1.1755e-36	1.0608e-21	0.00e+00	0.00e+00	2.7051e+00
8.20251e+17	5.1204e+03	2.087e-21	2.7826e+01	2.7600e+01	2.2940e-10	4.1793e-02	9.5821e-01	6.3680e-01	3.6320e-01	2.1314e-06	2.2175e-13	4.5536e-03	9.5123e-01	4.4216e-02	1.7647e-07	5.1541e-02	9.4639e-01	2.0740e-03	1.1755e-36	1.1755e-36	1.1755e-36	1.6649e-21	0.00e+00	0.00e+00	3.0038e+00
8.60159e+17	5.2019e+03	2.089e-21	2.7826e+01	2.7179e+01	2.8184e-10	4.8118e-02	9.5188e-01	7.2040e-01	2.7960e-01	1.4102e-06	3.3444e-13	4.6917e-03	9.6001e-01	3.5303e-02	1.1755e-36	5.9345e-02	9.3923e-01	1.4269e-03	1.1755e-36	1.1755e-36	1.1755e-36	2.6433e-21	0.00e+00	0.00e+00	3.3347e+00
8.99113e+17	5.2903e+03	2.097e-21	2.7826e+01	2.6772e+01	3.5541e-10	5.6256e-02	9.4374e-01	7.9629e-01	2.0371e-01	8.9240e-07	5.2086e-13	4.8167e-03	9.6675e-01	2.8429e-02	1.1755e-36	6.9339e-02	9.2971e-01	9.4851e-04	1.1755e-36	1.1755e-36	1.1755e-36	4.4286e-21	0.00e+00	0.00e+00	3.7180e+00
9.35700e+17	5.3833e+03	2.107e-21	2.7826e+01	2.6345e+01	4.5703e-10	6.6501e-02	9.3350e-01	8.5627e-01	1.4373e-01	5.5460e-07	8.1616e-13	4.9157e-03	9.7160e-01	2.3484e-02	1.1755e-36	8.1853e-02	9.1753e-01	6.2191e-04	1.1755e-36	1.1755e-36	1.1755e-36	7.6952e-21	0.00e+00	0.00e+00	4.1198e+00
9.67060e+17	5.4883e+03	2.112e-21	2.7826e+01	2.5923e+01	5.7401e-10	7.8157e-02	9.2184e-01	8.9644e-01	1.0356e-01	3.6143e-07	1.2282e-12	4.9783e-03	9.7480e-01	2.0219e-02	1.1755e-36	9.5997e-02	9.0358e-01	4.1931e-04	1.1755e-36	1.1755e-36	1.1755e-36	1.3147e-20	0.00e+00	0.00e+00	4.5088e+00
9.93344e+17	5.5636e+03	2.119e-21	2.7826e+01	2.5544e+01	7.3712e-10	9.1280e-02	9.0872e-01	9.2264e-01	7.7360e-02	2.4872e-07	1.7883e-12	5.0213e-03	9.7708e-01	1.7898e-02	1.1755e-36	1.1183e-01	8.8788e-01	2.9285e-04	1.1755e-36	1.1755e-36	1.1755e-36	2.2082e-20	0.00e+00	0.00e+00	4.8976e+00
1.01629e+18	5.6381e+03	2.111e-21	2.7826e+01	2.5077e+01	9.3393e-10	1.0571e-01	8.9429e-01	9.4047e-01	5.9533e-02	1.7889e-07	2.5192e-12	5.0248e-03	9.7880e-01	1.6174e-02	1.1755e-36	1.2912e-01	8.7068e-01	2.0953e-04	1.1755e-36	1.1755e-36	1.1755e-36	3.6053e-20	0.00e+00	0.00e+00	5.2999e+00
1.03740e+18	5.7032e+03	2.097e-21	2.7826e+01	2.4609e+01	1.2050e-09	1.2272e-01	8.7728e-01	9.5350e-01	4.6501e-02	1.3153e-07	3.5517e-12	5.0136e-03	9.8029e-01	1.4693e-02	1.1755e-36	1.4935e-01	8.5050e-01	1.5030e-04	1.1755e-36	1.1755e-36	1.1755e-36	5.9846e-20	0.00e+00	0.00e+00	5.7431e+00
1.05725e+18	5.7526e+03	2.067e-21	2.7826e+01	2.3998e+01	1.5960e-09	1.4287e-01	8.5713e-01	9.6325e-01	3.6751e-02	9.8708e-08	5.0074e-12	4.9652e-03	9.8163e-01	1.3402e-02	1.1755e-36	1.7309e-01	8.2680e-01	1.0773e-04	1.1755e-36	1.1755e-36	1.1755e-36	1.0039e-19	0.00e+00	0.00e+00	6.2238e+00
1.07558e+18	5.7906e+03	2.021e-21	2.7826e+01	2.3295e+01	2.1477e-09	1.6634e-01	8.3366e-01	9.7049e-01	2.9511e-02	7.5939e-08	7.0504e-12	4.8857e-03	9.8286e-01	1.2254e-02	1.1755e-36	2.0046e-01	7.9946e-01	7.7460e-05	1.1755e-36	1.1755e-36	1.1755e-36	1.6982e-19	0.00e+00	0.00e+00	6.7352e+00
1.09232e+18	5.8069e+03	1.960e-21	2.7826e+01	2.2527e+01	2.9615e-09	1.9347e-01	8.0653e-01	9.7584e-01	2.4155e-02	6.0017e-08	9.9320e-12	4.7827e-03	9.8402e-01	1.1198e-02	1.1755e-36	2.3172e-01	7.6822e-01	5.5956e-05	1.1755e-36	1.1755e-36	1.1755e-36	2.9042e-19	0.00e+00	0.00e+00	7.2784e+00
1.10765e+18	5.8003e+03	1.880e-21	2.7826e+01	2.1662e+01	4.1767e-09	2.2441e-01	7.7559e-01	9.7991e-01	2.0089e-02	4.8573e-08	1.3970e-11	4.6510e-03	9.8513e-01	1.0224e-02	1.1755e-36	2.6690e-01	7.3306e-01	4.0600e-05	1.1755e-36	1.1755e-36	1.1755e-36	5.0033e-19	0.00e+00	0.00e+00	7.8578e+00
1.12189e+18	5.7669e+03	1.781e-21	2.7826e+01	2.0675e+01	6.0550e-09	2.5956e-01	7.4044e-01	9.8304e-01	1.6963e-02	4.0234e-08	1.9664e-11	4.4869e-03	9.8620e-01	9.3105e-03	1.1755e-36	3.0626e-01	6.9371e-01	2.9487e-05	1.1755e-36	1.1755e-36	1.1755e-36	8.7288e-19	0.00e+00	0.00e+00	8.4865e+00
1.13456e+18	5.7072e+03	1.669e-21	2.7826e+01	1.9613e+01	8.8847e-09	2.9723e-01	7.0277e-01	9.8534e-01	1.4664e-02	3.4439e-08	2.7313e-11	4.2993e-03	9.8720e-01	8.5004e-03	1.1755e-36	3.4773e-01	6.5225e-01	2.1780e-05	1.1755e-36	1.1755e-36	1.1755e-36	1.5112e-18	0.00e+00	0.00e+00	9.0897e+00
1.14460e+18	5.6324e+03	1.562e-21	2.7826e+01	1.8635e+01	1.2607e-08	3.3225e-01	6.6775e-01	9.8688e-01	1.3117e-02	3.0740e-08	3.6219e-11	4.1198e-03	9.8802e-01	7.8569e-03	1.1755e-36	3.8565e-01	6.1434e-01	1.6889e-05	1.1755e-36	1.1755e-36	1.1755e-36	2.4556e-18	0.00e+00	0.00e+00	9.5878e+00
1.15032e+18	5.5762e+03	1.496e-21	2.7826e+01	1.8038e+01	1.5709e-08	3.5431e-01	6.4569e-01	9.8758e-01	1.2425e-02	2.9174e-08	4.2952e-11	4.0080e-03	9.8848e-01	7.5136e-03	1.1755e-36	4.0923e-01	5.9076e-01	1.4609e-05	1.1755e-36	1.1755e-36	1.1755e-36	3.3206e-18	0.00e+00	0.00e+00	9.7677e+00
1.15249e+18	5.5551e+03	1.468e-21	2.7826e+01	1.7784e+01	1.7051e-08	3.6271e-01	6.3729e-01	9.8785e-01	1.2145e-02	2.8578e-08	4.5722e-11	3.9597e-03	9.8865e-01	7.3886e-03	1.1755e-36	4.1814e-01	5.8185e-01	1.3817e-05	1.1755e-36	1.1755e-36	1.1755e-36	3.7134e-18	0.00e+00	0.00e+00	9.8610e+00
1.15415e+18	5.5348e+03	1.447e-21	2.7826e+01	1.7590e+01	1.8291e-08	3.6966e-01	6.3034e-01	9.8809e-01	1.1915e-02	2.8051e-08	4.8189e-11	3.9230e-03	9.8880e-01	7.2744e-03	1.1755e-36	4.2549e-01	5.7449e-01	1.3186e-05	1.1755e-36	1.1755e-36	1.1755e-36	4.0825e-18	0.00e+00	0.00e+00	9.9818e+00
1.15629e+18	5.5017e+03	1.420e-21	2.7826e+01	1.7358e+01	2.0245e-08	3.7927e-01	6.2073e-01	9.8839e-01	1.1607e-02	2.7298e-08	5.1914e-11	3.8801e-03	9.8901e-01	7.1143e-03	1.1755e-36	4.3563e-01	5.6436e-01	1.2389e-05	1.1755e-36	1.1755e-36	1.1755e-36	4.6769e-18	0.00e+00	0.00e+00	1.0143e+01
1.15875e+18	5.4710e+03	1.386e-21	2.7826e+01	1.7040e+01	2.2445e-08	3.8957e-01	6.1043e-01	9.8870e-01	1.1302e-02	2.6662e-08	5.5983e-11	3.8184e-03	9.8922e-01	6.9617e-03	1.1755e-36	4.4642e-01	5.5356e-01	1.1575e-05	1.1755e-36	1.1755e-36	1.1755e-36	5.3727e-18	0.00e+00	0.00e+00	1.0314e+01
1.16128e+18	5.4365e+03	1.351e-21	2.7826e+01	1.6723e+01	2.5100e-08	4.0069e-01	5.9931e-01	9.8900e-01	1.0997e-02	2.6005e-08	6.0797e-11	3.7570e-03	9.8945e-01	6.7979e-03	1.1755e-36	4.5804e-01	5.4195e-01	1.0774e-05	1.1755e-36	1.1755e-36	1.1755e-36	6.2625e-18	0.00e+00	0.00e+00	1.0494e+01
1.16377e+18	5.3949e+03	1.316e-21	2.7826e+01	1.6410e+01	2.8321e-08	4.1215e-01	5.8785e-01	9.8930e-01	1.0704e-02	2.5362e-08	6.6278e-11	3.6970e-03	9.8967e-01	6.6330e-03	1.1755e-36	4.6995e-01	5.3004e-01	1.0031e-05	1.1755e-36	1.1755e-36	1.1755e-36	7.3709e-18	0.00e+00	0.00e+00	1.0669e+01
1.16604e+18	5.3555e+03	1.284e-21	2.7826e+01	1.6124e+01	3.1710e-08	4.2290e-01	5.7710e-01	9.8955e-01	1.0448e-02	2.4803e-08	7.1905e-11	3.6416e-03	9.8988e-01	6.4828e-03	1.1755e-36	4.8107e-01	5.1893e-01	9.3901e-06	1.1755e-36	1.1755e-36	1.1755e-36	8.6107e-18	0.00e+00	0.00e+00	1.0827e+01
1.16809e+18	5.3257e+03	1.253e-21	2.7826e+01	1.5838e+01	3.4812e-08	4.3229e-01	5.6771e-01	9.8976e-01	1.0236e-02	2.4403e-08	7.7030e-11	3.5850e-03	9.9006e-01	6.3592e-03	1.1755e-36	4.9073e-01	5.0926e-01	8.8520e-06	1.1755e-36	1.1755e-36	1.1755e-36	9.8254e-18	0.00e+00	0.00e+00	1.0978e+01
1.17020e+18	5.2815e+03	1.222e-21	2.7826e+01	1.5548e+01	3.9092e-08	4.4277e-01	5.5723e-01	9.9000e-01	1.0001e-02	2.3904e-08	8.3527e-11	3.5287e-03	9.9025e-01	6.2170e-03	1.1755e-36	5.0148e-01	4.9851e-01	8.3074e-06	1.1755e-36	1.1755e-36	1.1755e-36	1.1511e-17	0.00e+00	0.00e+00	1.1151e+01
1.17234e+18	5.2361e+03	1.190e-21	2.7826e+01	1.5255e+01	4.4016e-08	4.5349e-01	5.4651e-01	9.9022e-01	9.7804e-03	2.3447e-08	9.0834e-11	3.4718e-03	9.9045e-01	6.0775e-03	1.1755e-36	5.1241e-01	4.8758e-01	7.7935e-06	1.1755e-36	1.1755e-36	1.1755e-36	1.3583e-17	0.00e+00	0.00e+00	1.1313e+01
1.17426e+18	5.1939e+03	1.161e-21	2.7826e+01	1.4990e+01	4.9117e-08	4.6341e-01	5.3659e-01	9.9041e-01	9.5868e-03	2.3046e-08	9.8287e-11	3.4200e-03	9.9063e-01	5.9510e-03	1.1755e-36	5.2248e-01	4.7751e-01	7.3504e-06	1.1755e-36	1.1755e-36	1.1755e-36	1.5888e-17	0.00e+00	0.00e+00	1.1462e+01
1.17605e+18	5.1626e+03	1.132e-21	2.7826e+01	1.4724e+01	5.3724e-08	4.7215e-01	5.2785e-01	9.9057e-01	9.4264e-03	2.2775e-08	1.0510e-10	3.3665e-03	9.9079e-01	5.8455e-03	1.1755e-36	5.3131e-01	4.6868e-01	6.9686e-06	1.1755e-36	1.1755e-36	1.1755e-36	1.8155e-17	0.00e+00	0.00e+00	1.1607e+01
1.17795e+18	5.1120e+03	1.103e-21	2.7826e+01	1.4442e+01	6.0657e-08	4.8236e-01	5.1764e-01	9.9077e-01	9.2343e-03	2.2382e-08	1.1448e-10	3.3117e-03	9.9097e-01	5.7173e-03	1.1755e-36	5.4161e-01	4.5839e-01	6.5650e-06	1.1755e-36	1.1755e-36	1.1755e-36	2.1597e-17	0.00e+00	0.00e+00	1.1780e+01
1.17987e+18	5.0650e+03	1.073e-21	2.7826e+01	1.4160e+01	6.8153e-08	4.9248e-01	5.0752e-01	9.9094e-01	9.0618e-03	2.2055e-08	1.2467e-10	3.2560e-03	9.9115e-01	5.5971e-03	1.1755e-36	5.5176e-01	4.4824e-01	6.1892e-06	1.1755e-36	1.1755e-36	1.1755e-36	2.5687e-17	0.00e+00	0.00e+00	1.1935e+01
1.18157e+18	5.0155e+03	1.047e-21	2.7826e+01	1.3915e+01	7.6571e-08	5.0204e-01	4.9796e-01	9.9110e-01	8.9008e-03	2.1717e-08	1.3576e-10	3.2084e-03	9.9131e-01	5.4824e-03	1.1755e-36	5.6131e-01	4.3868e-01	5.8621e-06	1.1755e-36	1.1755e-36	1.1755e-36	3.0598e-17	0.00e+00	0.00e+00	1.2079e+01
1.18313e+18	4.9773e+03	1.022e-21	2.7826e+01	1.3674e+01	8.4156e-08	5.1025e-01	4.8975e-01	9.9123e-01	8.7723e-03	2.1502e-08	1.4513e-10	3.1603e-03	9.9145e-01	5.3879e-03	1.1755e-36	5.6947e-01	4.3053e-01	5.5869e-06	1.1755e-36	1.1755e-36	1.1755e-36	3.5078e-17	0.00e+00	0.00e+00	1.2211e+01
1.18469e+18	4.9250e+03	9.980e-22	2.7826e+01	1.3435e+01	9.4555e-08	5.1928e-01	4.8072e-01	9.9137e-01	8.6265e-03	2.1201e-08	1.5632e-10	3.1139e-03	9.9161e-01	5.2773e-03	1.1755e-36	5.7842e-01	4.2157e-01	5.3093e-06	1.1755e-36	1.1755e-36	1.1755e-36	4.0917e-17	0.00e+00	0.00e+00	1.2361e+01
1.18625e+18	4.8864e+03	9.724e-22	2.7826e+01	1.3183e+01	1.0399e-07	5.2751e-01	4.7249e-01	9.9149e-01	8.5100e-03	2.1037e-08	1.6678e-10	3.0630e-03	9.9175e-01	5.1851e-03	1.1755e-36	5.8654e-01	4.1345e-01	5.0576e-06	1.1755e-36	1.1755e-36	1.1755e-36	4.6773e-17	0.00e+00	0.00e+00	1.2499e+01
1.18782e+18	4.8350e+03	9.473e-22	2.7826e+01	1.2932e+01	1.1671e-07	5.3646e-01	4.6354e-01	9.9162e-01	8.3766e-03	2.0791e-08	1.7971e-10	3.0138e-03	9.9191e-01	5.0801e-03	1.1755e-36	5.9536e-01	4.0464e-01	4.8055e-06	1.1755e-36	1.1755e-36	1.1755e-36	5.4692e-17	0.00e+00	0.00e+00	1.2654e+01
1.18940e+18	4.7796e+03	9.227e-22	2.7826e+01	1.2684e+01	1.3182e-07	5.4559e-01	4.5441e-01	9.9175e-01	8.2470e-03	2.0547e-08	1.9434e-10	2.9654e-03	9.9206e-01	4.9751e-03	1.1755e-36	6.0431e-01	3.9569e-01	4.5654e-06	1.1755e-36	1.1755e-36	1.1755e-36	6.4520e-17	0.00e+00	0.00e+00	1.2799e+01
1.19081e+18	4.7315e+03	9.006e-22	2.7826e+01	1.2463e+01	1.4676e-07	5.5376e-01	4.4624e-01	9.9186e-01	8.1363e-03	2.0345e-08	2.0857e-10	2.9220e-03	9.9220e-01	4.8828e-03	1.1755e-36	6.1229e-01	3.8771e-01	4.3597e-06	1.1755e-36	1.1755e-36	1.1755e-36	7.4908e-17	0.00e+00	0.00e+00	1.2927e+01
1.19212e+18	4.6904e+03	8.795e-22	2.7826e+01	1.2249e+01	1.6113e-07	5.6105e-01	4.3895e-01	9.9196e-01	8.0392e-03	2.0198e-08	2.2204e-10	2.8793e-03	9.9232e-01	4.8024e-03	1.1755e-36	6.1939e-01	3.8061e-01	4.1791e-06	1.1755e-36	1.1755e-36	1.1755e-36	8.5510e-17	0.00e+00	0.00e+00	1.3054e+01
1.19349e+18	4.6399e+03	8.576e-22	2.7826e+01	1.2023e+01	1.7986e-07	5.6909e-01	4.3091e-01	9.9207e-01	7.9341e-03	2.0019e-08	2.3856e-10	2.8347e-03	9.9245e-01	4.7121e-03	1.1755e-36	6.2718e-01	3.7281e-01	3.9920e-06	1.1755e-36	1.1755e-36	1.1755e-36	9.9672e-17	0.00e+00	0.00e+00	1.3199e+01
1.19491e+18	4.5886e+03	8.351e-22	2.7826e+01	1.1791e+01	2.0115e-07	5.7732e-01	4.2268e-01	9.9217e-01	7.8313e-03	1.9854e-08	2.5695e-10	2.7889e-03	9.9259e-01	4.6220e-03	1.1755e-36	6.3514e-01	3.6485e-01	3.8087e-06	1.1755e-36	1.1755e-36	1.1755e-36	1.1680e-16	0.00e+00	0.00e+00	1.3341e+01
1.19626e+18	4.5369e+03	8.139e-22	2.7826e+01	1.1569e+01	2.2468e-07	5.8525e-01	4.1475e-01	9.9227e-01	7.7340e-03	1.9694e-08	2.7644e-10	2.7454e-03	9.9272e-01	4.5357e-03	1.1755e-36	6.4278e-01	3.5721e-01	3.6408e-06	1.1755e-36	1.1755e-36	1.1755e-36	1.3664e-16	0.00e+00	0.00e+00	1.3476e+01
1.19755e+18	4.4856e+03	7.939e-22	2.7826e+01	1.1357e+01	2.5036e-07	5.9285e-01	4.0715e-01	9.9236e-01	7.6421e-03	1.9543e-08	2.9693e-10	2.7040e-03	9.9284e-01	4.4535e-03	1.1755e-36	6.5008e-01	3.4991e-01	3.4871e-06	1.1755e-36	1.1755e-36	1.1755e-36	1.5936e-16	0.00e+00	0.00e+00	1.3607e+01
1.19879e+18	4.4315e+03	7.749e-22	2.7826e+01	1.1156e+01	2.7992e-07	6.0044e-01	3.9956e-01	9.9245e-01	7.5476e-03	1.9365e-08	3.1956e-10	2.6654e-03	9.9296e-01	4.3706e-03	1.1755e-36	6.5736e-01	3.4264e-01	3.3416e-06	1.1755e-36	1.1755e-36	1.1755e-36	1.8673e-16	0.00e+00	0.00e+00	1.3736e+01
1.19998e+18	4.3837e+03	7.563e-22	2.7826e+01	1.0954e+01	3.0900e-07	6.0734e-01	3.9266e-01	9.9253e-01	7.4712e-03	1.9261e-08	3.4133e-10	2.6256e-03	9.9308e-01	4.2981e-03	1.1755e-36	6.6394e-01	3.3605e-01	3.2113e-06	1.1755e-36	1.1755e-36	1.1755e-36	2.1525e-16	0.00e+00	0.00e+00	1.3860e+01
1.20118e+18	4.3294e+03	7.381e-22	2.7826e+01	1.0759e+01	3.4478e-07	6.1474e-01	3.8526e-01	9.9262e-01	7.3814e-03	1.9093e-08	3.6717e-10	2.5884e-03	9.9319e-01	4.2178e-03	1.1755e-36	6.7099e-01	3.2901e-01	3.0795e-06	1.1755e-36	1.1755e-36	1.1755e-36	2.5199e-16	0.00e+00	0.00e+00	1.3993e+01
1.20239e+18	4.2756e+03	7.197e-22	2.7826e+01	1.0557e+01	3.8359e-07	6.2197e-01	3.7803e-01	9.9270e-01	7.3003e-03	1.8965e-08	3.9423e-10	2.5493e-03	9.9331e-01	4.1417e-03	1.1755e-36	6.7786e-01	3.2214e-01	2.9544e-06	1.1755e-36	1.1755e-36	1.1755e-36	2.9385e-16	0.00e+00	0.00e+00	1.4123e+01
1.20357e+18	4.2219e+03	7.019e-22	2.7826e+01	1.0360e+01	4.2596e-07	6.2908e-01	3.7092e-01	9.9278e-01	7.2214e-03	1.8838e-08	4.2284e-10	2.5114e-03	9.9342e-01	4.0671e-03	1.1755e-36	6.8458e-01	3.1541e-01	2.8362e-06	1.1755e-36	1.1755e-36	1.1755e-36	3.4190e-16	0.00e+00	0.00e+00	1.4252e+01
1.20475e+18	4.1669e+03	6.842e-22	2.7826e+01	1.0163e+01	4.7288e-07	6.3618e-01	3.6382e-01	9.9286e-01	7.1435e-03	1.8714e-08	4.5348e-10	2.4737e-03	9.9353e-01	3.9929e-03	1.1755e-36	6.9129e-01	3.0871e-01	2.7222e-06	1.1755e-36	1.1755e-36	1.1755e-36	3.9767e-16	0.00e+00	0.00e+00	1.4384e+01
1.20593e+18	4.1059e+03	6.667e-22	2.7826e+01	9.9618e+00	5.2826e-07	6.4346e-01	3.5654e-01	9.9294e-01	7.0628e-03	1.8575e-08	4.8748e-10	2.4359e-03	9.9365e-01	3.9170e-03	1.1755e-36	6.9814e-01	3.0186e-01	2.6113e-06	1.1755e-36	1.1755e-36	1.1755e-36	4.6521e-16	0.00e+00	0.00e+00	1.4519e+01
1.20709e+18	4.0489e+03	6.496e-22	2.7826e+01	9.7667e+00	5.8476e-07	6.5045e-01	3.4955e-01	9.9301e-01	6.9891e-03	1.8460e-08	5.2149e-10	2.3990e-03	9.9376e-01	3.8453e-03	1.1755e-36	7.0470e-01	2.9530e-01	2.5073e-06	1.1755e-36	1.1755e-36	1.1755e-36	5.3819e-16	0.00e+00	0.00e+00	1.4648e+01
1.20825e+18	3.9899e+03	6.328e-22	2.7826e+01	9.5728e+00	6.4690e-07	6.5749e-01	3.4251e-01	9.9309e-01	6.9140e-03	1.8337e-08	5.5742e-10	2.3628e-03	9.9386e-01	3.7728e-03	1.1755e-36	7.1129e-01	2.8871e-01	2.4064e-06	1.1755e-36	1.1755e-36	1.1755e-36	6.2142e-16	0.00e+00	0.00e+00	1.4784e+01
###########################
1.90297e+14	6.0784e+03	2.280e-21	2.7826e+01	2.9684e+01	6.0783e-12	1.2356e-02	9.8764e-01	9.8681e-02	9.0124e-01	8.0964e-05	8.1381e-15	2.1019e-03	6.6774e-01	3.3015e-01	9.6644e-06	1.4305e-02	9.5077e-01	3.4920e-02	4.0932e-07	1.1755e-36	1.1755e-36	4.4772e-23	0.00e+00	0.00e+00	8.2632e-04
1.14178e+15	6.0704e+03	2.277e-21	2.7826e+01	2.9659e+01	6.1153e-12	1.2346e-02	9.8765e-01	9.8705e-02	9.0121e-01	8.0858e-05	8.1175e-15	2.0962e-03	6.6783e-01	3.3007e-01	9.6690e-06	1.4294e-02	9.5078e-01	3.4926e-02	4.0816e-07	1.1755e-36	1.1755e-36	4.4539e-23	0.00e+00	0.00e+00	4.1289e-03
4.94773e+15	6.0582e+03	2.269e-21	2.7826e+01	2.9649e+01	6.1896e-12	1.2348e-02	9.8765e-01	9.9035e-02	9.0088e-01	8.0120e-05	8.1293e-15	2.0974e-03	6.6871e-01	3.2918e-01	9.5956e-06	1.4303e-02	9.5092e-01	3.4774e-02	4.0020e-07	1.1755e-36	1.1755e-36	4.4457e-23	0.00e+00	0.00e+00	1.7342e-02
2.01715e+16	6.0087e+03	2.250e-21	2.7826e+01	2.9643e+01	6.6097e-12	1.2457e-02	9.8754e-01	1.0092e-01	8.9900e-01	7.6524e-05	8.3414e-15	2.1206e-03	6.7339e-01	3.2448e-01	9.2471e-06	1.4457e-02	9.5159e-01	3.3950e-02	3.6537e-07	1.1755e-36	1.1755e-36	4.5330e-23	0.00e+00	0.00e+00	7.0660e-02
4.81833e+16	5.8445e+03	2.186e-21	2.7826e+01	2.9640e+01	7.6436e-12	1.2377e-02	9.8762e-01	1.0281e-01	8.9712e-01	7.2564e-05	8.2636e-15	2.1273e-03	6.7873e-01	3.1913e-01	8.8416e-06	1.4408e-02	9.5245e-01	3.3140e-02	3.2737e-07	1.1755e-36	1.1755e-36	4.3164e-23	0.00e+00	0.00e+00	1.3952e-01
8.09233e+16	5.6816e+03	2.131e-21	2.7826e+01	2.9633e+01	9.0365e-12	1.2394e-02	9.8761e-01	1.0562e-01	8.9431e-01	6.7225e-05	8.3376e-15	2.1495e-03	6.8595e-01	3.1189e-01	8.3251e-06	1.4481e-02	9.5351e-01	3.2013e-02	2.8469e-07	1.1755e-36	1.1755e-36	4.2019e-23	0.00e+00	0.00e+00	2.1317e-01
1.15517e+17	5.5428e+03	2.090e-21	2.7826e+01	2.9620e+01	1.0708e-11	1.2533e-02	9.8747e-01	1.0942e-01	8.9052e-01	6.1113e-05	8.6056e-15	2.1880e-03	6.9482e-01	3.0299e-01	7.7389e-06	1.4698e-02	9.5468e-01	3.0617e-02	2.4136e-07	1.1755e-36	1.1755e-36	4.2252e-23	0.00e+00	0.00e+00	2.9107e-01
1.54384e+17	5.4229e+03	2.061e-21	2.7826e+01	2.9599e+01	1.2845e-11	1.2836e-02	9.8716e-01	1.1487e-01	8.8508e-01	5.4068e-05	9.1676e-15	2.2501e-03	7.0635e-01	2.9139e-01	7.0426e-06	1.5115e-02	9.5607e-01	2.8817e-02	1.9566e-07	1.1755e-36	1.1755e-36	4.4338e-23	0.00e+00	0.00e+00	3.8661e-01
2.03099e+17	5.3025e+03	2.038e-21	2.7826e+01	2.9565e+01	1.6031e-11	1.3362e-02	9.8664e-01	1.2319e-01	8.7677e-01	4.5787e-05	1.0169e-14	2.3461e-03	7.2225e-01	2.7540e-01	6.1772e-06	1.5815e-02	9.5776e-01	2.6422e-02	1.4700e-07	1.1755e-36	1.1755e-36	4.8832e-23	0.00e+00	0.00e+00	5.1591e-01
2.66430e+17	5.1747e+03	2.020e-21	2.7826e+01	2.9513e+01	2.1298e-11	1.4229e-02	9.8577e-01	1.3642e-01	8.6354e-01	3.6471e-05	1.1946e-14	2.4918e-03	7.4433e-01	2.5317e-01	5.1222e-06	1.6946e-02	9.5977e-01	2.3285e-02	1.1755e-36	1.1755e-36	1.1755e-36	5.7606e-23	0.00e+00	0.00e+00	6.9491e-01
3.45697e+17	5.0484e+03	2.010e-21	2.7826e+01	2.9427e+01	3.0205e-11	1.5596e-02	9.8440e-01	1.5754e-01	8.4243e-01	2.7083e-05	1.5083e-14	2.7026e-03	7.7346e-01	2.2383e-01	3.9434e-06	1.8712e-02	9.6183e-01	1.9461e-02	1.1755e-36	1.1755e-36	1.1755e-36	7.4244e-23	0.00e+00	0.00e+00	9.3318e-01
4.30459e+17	4.9491e+03	2.008e-21	2.7826e+01	2.9307e+01	4.3407e-11	1.7442e-02	9.8256e-01	1.8777e-01	8.1221e-01	1.9447e-05	2.0040e-14	2.9596e-03	8.0594e-01	1.9110e-01	2.8670e-06	2.1076e-02	9.6332e-01	1.5607e-02	1.1755e-36	1.1755e-36	1.1755e-36	1.0240e-22	0.00e+00	0.00e+00	1.1863e+00
5.06340e+17	4.9050e+03	2.018e-21	2.7826e+01	2.9199e+01	5.9158e-11	1.9647e-02	9.8035e-01	2.2613e-01	7.7386e-01	1.4232e-05	2.7227e-14	3.2308e-03	8.3660e-01	1.6016e-01	2.0377e-06	2.3878e-02	9.6383e-01	1.2296e-02	1.1755e-36	1.1755e-36	1.1755e-36	1.4676e-22	0.00e+00	0.00e+00	1.4251e+00
5.70528e+17	4.8965e+03	2.028e-21	2.7826e+01	2.8979e+01	7.6516e-11	2.2043e-02	9.7796e-01	2.7016e-01	7.2983e-01	1.0655e-05	3.6697e-14	3.4789e-03	8.6282e-01	1.3369e-01	1.4492e-06	2.6908e-02	9.6344e-01	9.6506e-03	1.1755e-36	1.1755e-36	1.1755e-36	2.0889e-22	0.00e+00	0.00e+00	1.6544e+00
6.28112e+17	4.9195e+03	2.039e-21	2.7826e+01	2.8770e+01	9.5555e-11	2.4787e-02	9.7521e-01	3.2290e-01	6.7709e-01	8.0150e-06	5.0165e-14	3.7214e-03	8.8605e-01	1.1023e-01	1.0103e-06	3.0361e-02	9.6219e-01	7.4539e-03	1.1755e-36	1.1755e-36	1.1755e-36	3.0313e-22	0.00e+00	0.00e+00	1.8982e+00
6.82700e+17	4.9454e+03	2.057e-21	2.7826e+01	2.8555e+01	1.2173e-10	2.8168e-02	9.7183e-01	3.8938e-01	6.1062e-01	5.9486e-06	7.1175e-14	3.9674e-03	9.0738e-01	8.8657e-02	6.7316e-07	3.4599e-02	9.5982e-01	5.5783e-03	1.1755e-36	1.1755e-36	1.1755e-36	4.5765e-22	0.00e+00	0.00e+00	2.1615e+00
7.32981e+17	4.9973e+03	2.066e-21	2.7826e+01	2.8233e+01	1.5033e-10	3.2018e-02	9.6798e-01	4.6606e-01	5.3394e-01	4.3088e-06	1.0202e-13	4.1845e-03	9.2529e-01	7.0522e-02	4.3845e-07	3.9408e-02	9.5651e-01	4.0869e-03	1.1755e-36	1.1755e-36	1.1755e-36	6.9324e-22	0.00e+00	0.00e+00	2.4279e+00
7.78284e+17	5.0558e+03	2.075e-21	2.7826e+01	2.7908e+01	1.8507e-10	3.6468e-02	9.6353e-01	5.4973e-01	4.5026e-01	3.0712e-06	1.4857e-13	4.3778e-03	9.3974e-01	5.5879e-02	2.8091e-07	4.4944e-02	9.5211e-01	2.9442e-03	1.1755e-36	1.1755e-36	1.1755e-36	1.0609e-21	0.00e+00	0.00e+00	2.7051e+00
8.20248e+17	5.1204e+03	2.087e-21	2.7826e+01	2.7600e+01	2.2939e-10	4.1793e-02	9.5821e-01	6.3679e-01	3.6320e-01	2.1315e-06	2.2175e-13	4.5537e-03	9.5123e-01	4.4216e-02	1.7647e-07	5.1541e-02	9.4639e-01	2.0740e-03	1.1755e-36	1.1755e-36	1.1755e-36	1.6649e-21	0.00e+00	0.00e+00	3.0038e+00
8.60153e+17	5.2019e+03	2.089e-21	2.7826e+01	2.7179e+01	2.8184e-10	4.8117e-02	9.5188e-01	7.2039e-01	2.7961e-01	1.4103e-06	3.3443e-13	4.6917e-03	9.6000e-01	3.5304e-02	1.1755e-36	5.9344e-02	9.3923e-01	1.4270e-03	1.1755e-36	1.1755e-36	1.1755e-36	2.6431e-21	0.00e+00	0.00e+00	3.3346e+00
8.99112e+17	5.2903e+03	2.097e-21	2.7826e+01	2.6772e+01	3.5540e-10	5.6256e-02	9.4374e-01	7.9629e-01	2.0371e-01	8.9240e-07	5.2085e-13	4.8167e-03	9.6675e-01	2.8429e-02	1.1755e-36	6.9339e-02	9.2971e-01	9.4851e-04	1.1755e-36	1.1755e-36	1.1755e-36	4.4285e-21	0.00e+00	0.00e+00	3.7180e+00
9.35702e+17	5.3833e+03	2.107e-21	2.7826e+01	2.6345e+01	4.5708e-10	6.6504e-02	9.3350e-01	8.5628e-01	1.4372e-01	5.5456e-07	8.1622e-13	4.9157e-03	9.7160e-01	2.3484e-02	1.1755e-36	8.1855e-02	9.1752e-01	6.2187e-04	1.1755e-36	1.1755e-36	1.1755e-36	7.6958e-21	0.00e+00	0.00e+00	4.1199e+00
9.67062e+17	5.4884e+03	2.112e-21	2.7826e+01	2.5923e+01	5.7402e-10	7.8159e-02	9.2184e-01	8.9645e-01	1.0355e-01	3.6142e-07	1.2283e-12	4.9784e-03	9.7480e-01	2.0219e-02	1.1755e-36	9.6000e-02	9.0358e-01	4.1929e-04	1.1755e-36	1.1755e-36	1.1755e-36	1.3148e-20	0.00e+00	0.00e+00	4.5089e+00
9.93344e+17	5.5636e+03	2.119e-21	2.7826e+01	2.5544e+01	7.3713e-10	9.1282e-02	9.0872e-01	9.2264e-01	7.7359e-02	2.4871e-07	1.7883e-12	5.0213e-03	9.7708e-01	1.7898e-02	1.1755e-36	1.1183e-01	8.8787e-01	2.9285e-04	1.1755e-36	1.1755e-36	1.1755e-36	2.2083e-20	0.00e+00	0.00e+00	4.8977e+00
1.01629e+18	5.6381e+03	2.111e-21	2.7826e+01	2.5077e+01	9.3394e-10	1.0571e-01	8.9429e-01	9.4047e-01	5.9533e-02	1.7889e-07	2.5193e-12	5.0248e-03	9.7880e-01	1.6174e-02	1.1755e-36	1.2912e-01	8.7067e-01	2.0953e-04	1.1755e-36	1.1755e-36	1.1755e-36	3.6054e-20	0.00e+00	0.00e+00	5.2999e+00
1.03740e+18	5.7032e+03	2.097e-21	2.7826e+01	2.4609e+01	1.2050e-09	1.2273e-01	8.7727e-01	9.5350e-01	4.6501e-02	1.3153e-07	3.5518e-12	5.0136e-03	9.8029e-01	1.4693e-02	1.1755e-36	1.4935e-01	8.5050e-01	1.5030e-04	1.1755e-36	1.1755e-36	1.1755e-36	5.9849e-20	0.00e+00	0.00e+00	5.7431e+00
1.05725e+18	5.7526e+03	2.067e-21	2.7826e+01	2.3998e+01	1.5961e-09	1.4288e-01	8.5712e-01	9.6325e-01	3.6751e-02	9.8707e-08	5.0076e-12	4.9653e-03	9.8163e-01	1.3402e-02	1.1755e-36	1.7310e-01	8.2680e-01	1.0773e-04	1.1755e-36	1.1755e-36	1.1755e-36	1.0040e-19	0.00e+00	0.00e+00	6.2239e+00
1.07558e+18	5.7906e+03	2.021e-21	2.7826e+01	2.3295e+01	2.1478e-09	1.6634e-01	8.3366e-01	9.7049e-01	2.9510e-02	7.5938e-08	7.0507e-12	4.8857e-03	9.8286e-01	1.2254e-02	1.1755e-36	2.0046e-01	7.9946e-01	7.7457e-05	1.1755e-36	1.1755e-36	1.1755e-36	1.6983e-19	0.00e+00	0.00e+00	6.7353e+00
1.09231e+18	5.8069e+03	1.960e-21	2.7826e+01	2.2527e+01	2.9616e-09	1.9347e-01	8.0653e-01	9.7584e-01	2.4155e-02	6.0017e-08	9.9324e-12	4.7827e-03	9.8402e-01	1.1198e-02	1.1755e-36	2.3173e-01	7.6822e-01	5.5954e-05	1.1755e-36	1.1755e-36	1.1755e-36	2.9044e-19	0.00e+00	0.00e+00	7.2785e+00
1.10765e+18	5.8003e+03	1.880e-21	2.7826e+01	2.1662e+01	4.1769e-09	2.2441e-01	7.7559e-01	9.7991e-01	2.0089e-02	4.8573e-08	1.3970e-11	4.6510e-03	9.8513e-01	1.0224e-02	1.1755e-36	2.6690e-01	7.3306e-01	4.0599e-05	1.1755e-36	1.1755e-36	1.1755e-36	5.0036e-19	0.00e+00	0.00e+00	7.8579e+00
1.12189e+18	5.7669e+03	1.781e-21	2.7826e+01	2.0675e+01	6.0553e-09	2.5957e-01	7.4043e-01	9.8304e-01	1.6963e-02	4.0234e-08	1.9665e-11	4.4870e-03	9.8620e-01	9.3105e-03	1.1755e-36	3.0626e-01	6.9371e-01	2.9486e-05	1.1755e-36	1.1755e-36	1.1755e-36	8.7294e-19	0.00e+00	0.00e+00	8.4866e+00
1.13456e+18	5.7072e+03	1.669e-21	2.7826e+01	1.9613e+01	8.8851e-09	2.9724e-01	7.0276e-01	9.8534e-01	1.4664e-02	3.4439e-08	2.7315e-11	4.2993e-03	9.8720e-01	8.5003e-03	1.1755e-36	3.4774e-01	6.5224e-01	2.1780e-05	1.1755e-36	1.1755e-36	1.1755e-36	1.5113e-18	0.00e+00	0.00e+00	9.0898e+00
1.14460e+18	5.6324e+03	1.562e-21	2.7826e+01	1.8635e+01	1.2607e-08	3.3226e-01	6.6774e-01	9.8688e-01	1.3117e-02	3.0740e-08	3.6220e-11	4.1198e-03	9.8802e-01	7.8568e-03	1.1755e-36	3.8565e-01	6.1433e-01	1.6888e-05	1.1755e-36	1.1755e-36	1.1755e-36	2.4558e-18	0.00e+00	0.00e+00	9.5879e+00
1.15031e+18	5.5762e+03	1.496e-21	2.7826e+01	1.8038e+01	1.5709e-08	3.5432e-01	6.4568e-01	9.8758e-01	1.2425e-02	2.9174e-08	4.2953e-11	4.0080e-03	9.8848e-01	7.5136e-03	1.1755e-36	4.0923e-01	5.9075e-01	1.4609e-05	1.1755e-36	1.1755e-36	1.1755e-36	3.3207e-18	0.00e+00	0.00e+00	9.7678e+00
1.15249e+18	5.5551e+03	1.468e-21	2.7826e+01	1.7783e+01	1.7053e-08	3.6272e-01	6.3728e-01	9.8785e-01	1.2145e-02	2.8579e-08	4.5724e-11	3.9598e-03	9.8865e-01	7.3885e-03	1.1755e-36	4.1814e-01	5.8185e-01	1.3817e-05	1.1755e-36	1.1755e-36	1.1755e-36	3.7137e-18	0.00e+00	0.00e+00	9.8611e+00
1.15415e+18	5.5348e+03	1.447e-21	2.7826e+01	1.7590e+01	1.8291e-08	3.6966e-01	6.3034e-01	9.8809e-01	1.1915e-02	2.8052e-08	4.8189e-11	3.9230e-03	9.8880e-01	7.2744e-03	1.1755e-36	4.2549e-01	5.7449e-01	1.3186e-05	1.1755e-36	1.1755e-36	1.1755e-36	4.0826e-18	0.00e+00	0.00e+00	9.9817e+00
1.15629e+18	5.5018e+03	1.420e-21	2.7826e+01	1.7358e+01	2.0243e-08	3.7926e-01	6.2074e-01	9.8839e-01	1.1607e-02	2.7300e-08	5.1910e-11	3.8802e-03	9.8901e-01	7.1145e-03	1.1755e-36	4.3562e-01	5.6437e-01	1.2389e-05	1.1755e-36	1.1755e-36	1.1755e-36	4.6764e-18	0.00e+00	0.00e+00	1.0143e+01
1.15875e+18	5.4714e+03	1.386e-21	2.7826e+01	1.7040e+01	2.2433e-08	3.8955e-01	6.1045e-01	9.8870e-01	1.1303e-02	2.6665e-08	5.5972e-11	3.8185e-03	9.8922e-01	6.9621e-03	1.1755e-36	4.4641e-01	5.5358e-01	1.1576e-05	1.1755e-36	1.1755e-36	1.1755e-36	5.3706e-18	0.00e+00	0.00e+00	1.0314e+01
1.16128e+18	5.4364e+03	1.351e-21	2.7826e+01	1.6723e+01	2.5105e-08	4.0071e-01	5.9929e-01	9.8900e-01	1.0996e-02	2.6004e-08	6.0805e-11	3.7570e-03	9.8945e-01	6.7976e-03	1.1755e-36	4.5806e-01	5.4193e-01	1.0773e-05	1.1755e-36	1.1755e-36	1.1755e-36	6.2641e-18	0.00e+00	0.00e+00	1.0495e+01
1.16377e+18	5.3948e+03	1.316e-21	2.7826e+01	1.6410e+01	2.8330e-08	4.1218e-01	5.8782e-01	9.8930e-01	1.0703e-02	2.5361e-08	6.6293e-11	3.6969e-03	9.8967e-01	6.6326e-03	1.1755e-36	4.6998e-01	5.3001e-01	1.0029e-05	1.1755e-36	1.1755e-36	1.1755e-36	7.3741e-18	0.00e+00	0.00e+00	1.0669e+01
1.16604e+18	5.3555e+03	1.284e-21	2.7826e+01	1.6124e+01	3.1710e-08	4.2290e-01	5.7710e-01	9.8955e-01	1.0448e-02	2.4804e-08	7.1906e-11	3.6416e-03	9.8988e-01	6.4828e-03	1.1755e-36	4.8107e-01	5.1892e-01	9.3900e-06	1.1755e-36	1.1755e-36	1.1755e-36	8.6108e-18	0.00e+00	0.00e+00	1.0827e+01
1.16809e+18	5.3260e+03	1.253e-21	2.7826e+01	1.5839e+01	3.4795e-08	4.3228e-01	5.6772e-01	9.8976e-01	1.0236e-02	2.4406e-08	7.7014e-11	3.5851e-03	9.9006e-01	6.3595e-03	1.1755e-36	4.9071e-01	5.0928e-01	8.8526e-06	1.1755e-36	1.1755e-36	1.1755e-36	9.8210e-18	0.00e+00	0.00e+00	1.0978e+01
1.17020e+18	5.2815e+03	1.222e-21	2.7826e+01	1.5547e+01	3.9100e-08	4.4279e-01	5.5721e-01	9.9000e-01	1.0000e-02	2.3904e-08	8.3540e-11	3.5287e-03	9.9025e-01	6.2166e-03	1.1755e-36	5.0150e-01	4.9849e-01	8.3064e-06	1.1755e-36	1.1755e-36	1.1755e-36	1.1514e-17	0.00e+00	0.00e+00	1.1152e+01
1.17234e+18	5.2359e+03	1.190e-21	2.7826e+01	1.5254e+01	4.4036e-08	4.5353e-01	5.4647e-01	9.9022e-01	9.7797e-03	2.3446e-08	9.0864e-11	3.4716e-03	9.9045e-01	6.0770e-03	1.1755e-36	5.1245e-01	4.8754e-01	7.7917e-06	1.1755e-36	1.1755e-36	1.1755e-36	1.3591e-17	0.00e+00	0.00e+00	1.1314e+01
1.17427e+18	5.1938e+03	1.161e-21	2.7826e+01	1.4989e+01	4.9127e-08	4.6343e-01	5.3657e-01	9.9041e-01	9.5867e-03	2.3046e-08	9.8301e-11	3.4199e-03	9.9063e-01	5.9508e-03	1.1755e-36	5.2250e-01	4.7749e-01	7.3495e-06	1.1755e-36	1.1755e-36	1.1755e-36	1.5893e-17	0.00e+00	0.00e+00	1.1462e+01
1.17605e+18	5.1624e+03	1.132e-21	2.7826e+01	1.4724e+01	5.3739e-08	4.7216e-01	5.2784e-01	9.9057e-01	9.4262e-03	2.2775e-08	1.0512e-10	3.3665e-03	9.9079e-01	5.8454e-03	1.1755e-36	5.3133e-01	4.6867e-01	6.9683e-06	1.1755e-36	1.1755e-36	1.1755e-36	1.8161e-17	0.00e+00	0.00e+00	1.1607e+01
1.17795e+18	5.1120e+03	1.103e-21	2.7826e+01	1.4442e+01	6.0657e-08	4.8236e-01	5.1764e-01	9.9077e-01	9.2344e-03	2.2382e-08	1.1448e-10	3.3117e-03	9.9097e-01	5.7174e-03	1.1755e-36	5.4161e-01	4.5839e-01	6.5651e-06	1.1755e-36	1.1755e-36	1.1755e-36	2.1598e-17	0.00e+00	0.00e+00	1.1780e+01
1.17986e+18	5.0650e+03	1.073e-21	2.7826e+01	1.4160e+01	6.8151e-08	4.9248e-01	5.0752e-01	9.9094e-01	9.0619e-03	2.2055e-08	1.2466e-10	3.2561e-03	9.9115e-01	5.5972e-03	1.1755e-36	5.5175e-01	4.4824e-01	6.1893e-06	1.1755e-36	1.1755e-36	1.1755e-36	2.5686e-17	0.00e+00	0.00e+00	1.1935e+01
1.18157e+18	5.0154e+03	1.047e-21	2.7826e+01	1.3915e+01	7.6581e-08	5.0205e-01	4.9795e-01	9.9110e-01	8.9007e-03	2.1717e-08	1.3577e-10	3.2084e-03	9.9131e-01	5.4823e-03	1.1755e-36	5.6132e-01	4.3867e-01	5.8618e-06	1.1755e-36	1.1755e-36	1.1755e-36	3.0604e-17	0.00e+00	0.00e+00	1.2079e+01
1.18313e+18	4.9772e+03	1.022e-21	2.7826e+01	1.3674e+01	8.4167e-08	5.1026e-01	4.8974e-01	9.9123e-01	8.7722e-03	2.1503e-08	1.4514e-10	3.1603e-03	9.9145e-01	5.3878e-03	1.1755e-36	5.6948e-01	4.3052e-01	5.5867e-06	1.1755e-36	1.1755e-36	1.1755e-36	3.5084e-17	0.00e+00	0.00e+00	1.2211e+01
1.18469e+18	4.9250e+03	9.980e-22	2.7826e+01	1.3434e+01	9.4562e-08	5.1928e-01	4.8072e-01	9.9137e-01	8.6265e-03	2.1202e-08	1.5633e-10	3.1139e-03	9.9161e-01	5.2773e-03	1.1755e-36	5.7843e-01	4.2156e-01	5.3091e-06	1.1755e-36	1.1755e-36	1.1755e-36	4.0922e-17	0.00e+00	0.00e+00	1.2361e+01
1.18625e+18	4.8863e+03	9.723e-22	2.7826e+01	1.3182e+01	1.0401e-07	5.2752e-01	4.7248e-01	9.9149e-01	8.5099e-03	2.1037e-08	1.6679e-10	3.0630e-03	9.9175e-01	5.1850e-03	1.1755e-36	5.8655e-01	4.1344e-01	5.0574e-06	1.1755e-36	1.1755e-36	1.1755e-36	4.6782e-17	0.00e+00	0.00e+00	1.2499e+01
1.18782e+18	4.8350e+03	9.473e-22	2.7826e+01	1.2932e+01	1.1672e-07	5.3647e-01	4.6353e-01	9.9162e-01	8.3766e-03	2.0791e-08	1.7972e-10	3.0138e-03	9.9191e-01	5.0800e-03	1.1755e-36	5.9536e-01	4.0463e-01	4.8053e-06	1.1755e-36	1.1755e-36	1.1755e-36	5.4699e-17	0.00e+00	0.00e+00	1.2654e+01
1.18940e+18	4.7796e+03	9.227e-22	2.7826e+01	1.2684e+01	1.3183e-07	5.4559e-01	4.5441e-01	9.9175e-01	8.2471e-03	2.0547e-08	1.9435e-10	2.9654e-03	9.9206e-01	4.9751e-03	1.1755e-36	6.0431e-01	3.9568e-01	4.5653e-06	1.1755e-36	1.1755e-36	1.1755e-36	6.4525e-17	0.00e+00	0.00e+00	1.2799e+01
1.19081e+18	4.7315e+03	9.006e-22	2.7826e+01	1.2463e+01	1.4677e-07	5.5376e-01	4.4624e-01	9.9186e-01	8.1363e-03	2.0345e-08	2.0858e-10	2.9220e-03	9.9220e-01	4.8828e-03	1.1755e-36	6.1229e-01	3.8770e-01	4.3597e-06	1.1755e-36	1.1755e-36	1.1755e-36	7.4916e-17	0.00e+00	0.00e+00	1.2927e+01
1.19211e+18	4.6905e+03	8.795e-22	2.7826e+01	1.2249e+01	1.6110e-07	5.6105e-01	4.3895e-01	9.9196e-01	8.0394e-03	2.0199e-08	2.2203e-10	2.8793e-03	9.9232e-01	4.8025e-03	1.1755e-36	6.1939e-01	3.8061e-01	4.1790e-06	1.1755e-36	1.1755e-36	1.1755e-36	8.5499e-17	0.00e+00	0.00e+00	1.3055e+01
1.19349e+18	4.6398e+03	8.575e-22	2.7826e+01	1.2022e+01	1.7989e-07	5.6911e-01	4.3089e-01	9.9207e-01	7.9339e-03	2.0020e-08	2.3860e-10	2.8346e-03	9.9245e-01	4.7119e-03	1.1755e-36	6.2720e-01	3.7279e-01	3.9916e-06	1.1755e-36	1.1755e-36	1.1755e-36	9.9703e-17	0.00e+00	0.00e+00	1.3200e+01
1.19491e+18	4.5884e+03	8.350e-22	2.7826e+01	1.1790e+01	2.0122e-07	5.7735e-01	4.2265e-01	9.9217e-01	7.8311e-03	1.9854e-08	2.5701e-10	2.7888e-03	9.9259e-01	4.6217e-03	1.1755e-36	6.3517e-01	3.6483e-01	3.8082e-06	1.1755e-36	1.1755e-36	1.1755e-36	1.1686e-16	0.00e+00	0.00e+00	1.3341e+01
1.19626e+18	4.5368e+03	8.139e-22	2.7826e+01	1.1569e+01	2.2474e-07	5.8527e-01	4.1473e-01	9.9227e-01	7.7339e-03	1.9694e-08	2.7649e-10	2.7453e-03	9.9272e-01	4.5356e-03	1.1755e-36	6.4280e-01	3.5720e-01	3.6406e-06	1.1755e-36	1.1755e-36	1.1755e-36	1.3669e-16	0.00e+00	0.00e+00	1.3476e+01
1.19755e+18	4.4855e+03	7.939e-22	2.7826e+01	1.1357e+01	2.5039e-07	5.9285e-01	4.0715e-01	9.9236e-01	7.6421e-03	1.9543e-08	2.9694e-10	2.7040e-03	9.9284e-01	4.4534e-03	1.1755e-36	6.5009e-01	3.4991e-01	3.4870e-06	1.1755e-36	1.1755e-36	1.1755e-36	1.5938e-16	0.00e+00	0.00e+00	1.3607e+01
1.19879e+18	4.4315e+03	7.749e-22	2.7826e+01	1.1156e+01	2.7992e-07	6.0044e-01	3.9956e-01	9.9245e-01	7.5477e-03	1.9365e-08	3.1957e-10	2.6655e-03	9.9296e-01	4.3706e-03	1.1755e-36	6.5736e-01	3.4264e-01	3.3416e-06	1.1755e-36	1.1755e-36	1.1755e-36	1.8673e-16	0.00e+00	0.00e+00	1.3736e+01
1.19998e+18	4.3837e+03	7.563e-22	2.7826e+01	1.0954e+01	3.0902e-07	6.0734e-01	3.9266e-01	9.9253e-01	7.4713e-03	1.9262e-08	3.4134e-10	2.6256e-03	9.9308e-01	4.2980e-03	1.1755e-36	6.6395e-01	3.3605e-01	3.2112e-06	1.1755e-36	1.1755e-36	1.1755e-36	2.1527e-16	0.00e+00	0.00e+00	1.3860e+01
1.20118e+18	4.3293e+03	7.381e-22	2.7826e+01	1.0759e+01	3.4484e-07	6.1475e-01	3.8525e-01	9.9262e-01	7.3813e-03	1.9093e-08	3.6721e-10	2.5884e-03	9.9319e-01	4.2177e-03	1.1755e-36	6.7100e-01	3.2899e-01	3.0793e-06	1.1755e-36	1.1755e-36	1.1755e-36	2.5205e-16	0.00e+00	0.00e+00	1.3993e+01
1.20239e+18	4.2756e+03	7.197e-22	2.7826e+01	1.0557e+01	3.8366e-07	6.2199e-01	3.7801e-01	9.9270e-01	7.3003e-03	1.8965e-08	3.9428e-10	2.5493e-03	9.9331e-01	4.1416e-03	1.1755e-36	6.7787e-01	3.2213e-01	2.9543e-06	1.1755e-36	1.1755e-36	1.1755e-36	2.9393e-16	0.00e+00	0.00e+00	1.4123e+01
1.20357e+18	4.2218e+03	7.018e-22	2.7826e+01	1.0360e+01	4.2602e-07	6.2909e-01	3.7091e-01	9.9278e-01	7.2214e-03	1.8839e-08	4.2288e-10	2.5114e-03	9.9342e-01	4.0670e-03	1.1755e-36	6.8459e-01	3.1541e-01	2.8361e-06	1.1755e-36	1.1755e-36	1.1755e-36	3.4197e-16	0.00e+00	0.00e+00	1.4252e+01
1.20474e+18	4.1669e+03	6.842e-22	2.7826e+01	1.0163e+01	4.7293e-07	6.3619e-01	3.6381e-01	9.9286e-01	7.1435e-03	1.8714e-08	4.5352e-10	2.4737e-03	9.9353e-01	3.9929e-03	1.1755e-36	6.9129e-01	3.0870e-01	2.7221e-06	1.1755e-36	1.1755e-36	1.1755e-36	3.9774e-16	0.00e+00	0.00e+00	1.4384e+01
1.20593e+18	4.1059e+03	6.667e-22	2.7826e+01	9.9616e+00	5.2832e-07	6.4346e-01	3.5654e-01	9.9294e-01	7.0628e-03	1.8575e-08	4.8751e-10	2.4359e-03	9.9365e-01	3.9169e-03	1.1755e-36	6.9815e-01	3.0185e-01	2.6112e-06	1.1755e-36	1.1755e-36	1.1755e-36	4.6529e-16	0.00e+00	0.00e+00	1.4519e+01
1.20709e+18	4.0488e+03	6.496e-22	2.7826e+01	9.7665e+00	5.8484e-07	6.5046e-01	3.4954e-01	9.9301e-01	6.9891e-03	1.8461e-08	5.2154e-10	2.3990e-03	9.9376e-01	3.8452e-03	1.1755e-36	7.0471e-01	2.9529e-01	2.5072e-06	1.1755e-36	1.1755e-36	1.1755e-36	5.3829e-16	0.00e+00	0.00e+00	1.4648e+01
1.20824e+18	3.9898e+03	6.327e-22	2.7826e+01	9.5724e+00	6.4700e-07	6.5750e-01	3.4250e-01	9.9309e-01	6.9140e-03	1.8338e-08	5.5748e-10	2.3628e-03	9.9386e-01	3.7727e-03	1.1755e-36	7.1130e-01	2.8870e-01	2.4063e-06	1.1755e-36	1.1755e-36	1.1755e-36	6.2156e-16	0.00e+00	0.00e+00	1.4784e+01
