#depth	Te	Htot	hden	eden	2H_2/H	HI	HII	HeI	HeII	HeIII	CO/C	C1	C2	C3	C4	O1	O2	O3	O4	O5	O6	H2O/O	AV(point)	AV(extend)	Tau912
1.98915e+14	6.9623e+03	2.799e-21	2.7826e+01	3.0170e+01	5.9907e-14	2.9322e-03	9.9707e-01	9.8390e-03	9.7907e-01	1.1088e-02	2.0483e-17	1.3973e-04	1.5661e-01	8.4036e-01	2.8904e-03	9.9175e-04	3.3841e-01	6.5818e-01	2.4153e-03	1.1755e-36	1.1755e-36	1.7447e-25	0.00e+00	0.00e+00	2.0492e-04
1.19349e+15	6.9597e+03	2.798e-21	2.7826e+01	3.0167e+01	5.9992e-14	2.9314e-03	9.9707e-01	9.8402e-03	9.7908e-01	1.1079e-02	2.0463e-17	1.3958e-04	1.5662e-01	8.4034e-01	2.8972e-03	9.9122e-04	3.3831e-01	6.5829e-01	2.4074e-03	1.1755e-36	1.1755e-36	1.7419e-25	0.00e+00	0.00e+00	1.0244e-03
5.17178e+15	6.9536e+03	2.796e-21	2.7826e+01	3.0166e+01	6.0218e-14	2.9305e-03	9.9707e-01	9.8478e-03	9.7914e-01	1.1008e-02	2.0461e-17	1.3940e-04	1.5672e-01	8.4025e-01	2.8921e-03	9.9128e-04	3.3838e-01	6.5825e-01	2.3732e-03	1.1755e-36	1.1755e-36	1.7392e-25	0.00e+00	0.00e+00	4.3012e-03
2.10850e+16	6.9417e+03	2.786e-21	2.7826e+01	3.0165e+01	6.0702e-14	2.9296e-03	9.9707e-01	9.8762e-03	9.7948e-01	1.0649e-02	2.0511e-17	1.3938e-04	1.5708e-01	8.3992e-01	2.8642e-03	9.9338e-04	3.3892e-01	6.5784e-01	2.2405e-03	1.1755e-36	1.1755e-36	1.7365e-25	0.00e+00	0.00e+00	1.7405e-02
5.03652e+16	6.8860e+03	2.755e-21	2.7826e+01	3.0165e+01	6.1970e-14	2.9039e-03	9.9710e-01	9.9091e-03	9.7968e-01	1.0413e-02	2.0146e-17	1.3857e-04	1.5755e-01	8.3948e-01	2.8343e-03	9.8631e-04	3.3906e-01	6.5788e-01	2.0678e-03	1.1755e-36	1.1755e-36	1.6734e-25	0.00e+00	0.00e+00	3.4289e-02
8.84295e+16	6.8285e+03	2.724e-21	2.7826e+01	3.0164e+01	6.3563e-14	2.8829e-03	9.9712e-01	9.9592e-03	9.8023e-01	9.8118e-03	1.9895e-17	1.3831e-04	1.5822e-01	8.3887e-01	2.7799e-03	9.8279e-04	3.3977e-01	6.5739e-01	1.8536e-03	1.1755e-36	1.1755e-36	1.6214e-25	0.00e+00	0.00e+00	5.6080e-02
1.37913e+17	6.7680e+03	2.692e-21	2.7826e+01	3.0162e+01	6.5479e-14	2.8644e-03	9.9714e-01	1.0022e-02	9.8111e-01	8.8637e-03	1.9608e-17	1.3835e-04	1.5902e-01	8.3814e-01	2.7024e-03	9.7719e-04	3.3937e-01	6.5805e-01	1.6047e-03	1.1755e-36	1.1755e-36	1.5669e-25	0.00e+00	0.00e+00	8.4228e-02
2.02242e+17	6.6992e+03	2.657e-21	2.7826e+01	3.0160e+01	6.8121e-14	2.8519e-03	9.9715e-01	1.0119e-02	9.8230e-01	7.5818e-03	1.9542e-17	1.3888e-04	1.6023e-01	8.3703e-01	2.5998e-03	9.8081e-04	3.4126e-01	6.5644e-01	1.3192e-03	1.1755e-36	1.1755e-36	1.5273e-25	0.00e+00	0.00e+00	1.2066e-01
2.85869e+17	6.6279e+03	2.618e-21	2.7826e+01	3.0157e+01	7.1356e-14	2.8452e-03	9.9715e-01	1.0245e-02	9.8371e-01	6.0452e-03	1.9644e-17	1.4000e-04	1.6182e-01	8.3556e-01	2.4765e-03	9.9083e-04	3.4443e-01	6.5357e-01	1.0167e-03	1.1755e-36	1.1755e-36	1.4998e-25	0.00e+00	0.00e+00	1.6791e-01
3.94585e+17	6.5515e+03	2.577e-21	2.7826e+01	3.0153e+01	7.5711e-14	2.8491e-03	9.9715e-01	1.0415e-02	9.8518e-01	4.4021e-03	2.0032e-17	1.4194e-04	1.6400e-01	8.3352e-01	2.3377e-03	1.0104e-03	3.4930e-01	6.4897e-01	7.2056e-04	1.1755e-36	1.1755e-36	1.4938e-25	0.00e+00	0.00e+00	2.2942e-01
5.35915e+17	6.4765e+03	2.533e-21	2.7826e+01	3.0147e+01	8.1057e-14	2.8676e-03	9.9713e-01	1.0636e-02	9.8650e-01	2.8614e-03	2.0765e-17	1.4507e-04	1.6689e-01	8.3077e-01	2.1932e-03	1.0424e-03	3.5619e-01	6.4231e-01	4.5909e-04	1.1755e-36	1.1755e-36	1.5110e-25	0.00e+00	0.00e+00	3.0990e-01
7.19644e+17	6.4001e+03	2.489e-21	2.7826e+01	3.0141e+01	8.8502e-14	2.9115e-03	9.9709e-01	1.0939e-02	9.8744e-01	1.6160e-03	2.2120e-17	1.4992e-04	1.7088e-01	8.2692e-01	2.0482e-03	1.0933e-03	3.6555e-01	6.3311e-01	2.5576e-04	1.1755e-36	1.1755e-36	1.5728e-25	0.00e+00	0.00e+00	4.1613e-01
9.58492e+17	6.3295e+03	2.449e-21	2.7826e+01	3.0137e+01	9.8739e-14	2.9947e-03	9.9701e-01	1.1363e-02	9.8787e-01	7.7115e-04	2.4470e-17	1.5741e-04	1.7644e-01	8.2150e-01	1.9048e-03	1.1723e-03	3.7802e-01	6.2069e-01	1.2075e-04	1.1755e-36	1.1755e-36	1.7065e-25	0.00e+00	0.00e+00	5.5817e-01
1.26899e+18	6.2834e+03	2.412e-21	2.7826e+01	3.0129e+01	1.1224e-13	3.1372e-03	9.9686e-01	1.1958e-02	9.8774e-01	3.0239e-04	2.8598e-17	1.6909e-04	1.8416e-01	8.1391e-01	1.7594e-03	1.2953e-03	3.9472e-01	6.0393e-01	4.6719e-05	1.1755e-36	1.1755e-36	1.9782e-25	0.00e+00	0.00e+00	7.5161e-01
1.67265e+18	6.2727e+03	2.386e-21	2.7826e+01	3.0118e+01	1.3136e-13	3.3835e-03	9.9662e-01	1.2848e-02	9.8706e-01	9.5030e-05	3.6362e-17	1.8770e-04	1.9540e-01	8.0281e-01	1.5985e-03	1.4982e-03	4.1802e-01	5.8046e-01	1.4311e-05	1.1755e-36	1.1755e-36	2.5372e-25	0.00e+00	0.00e+00	1.0228e+00
2.12731e+18	6.3075e+03	2.373e-21	2.7826e+01	3.0105e+01	1.5435e-13	3.7309e-03	9.9627e-01	1.3978e-02	9.8599e-01	2.7546e-05	4.8801e-17	2.1245e-04	2.0918e-01	7.8917e-01	1.4372e-03	1.7872e-03	4.4621e-01	5.5200e-01	4.0233e-06	1.1755e-36	1.1755e-36	3.5024e-25	0.00e+00	0.00e+00	1.3197e+00
2.54929e+18	6.3969e+03	2.382e-21	2.7826e+01	3.0090e+01	1.7850e-13	4.1659e-03	9.9583e-01	1.5253e-02	9.8474e-01	9.7144e-06	6.7605e-17	2.4154e-04	2.2408e-01	7.7438e-01	1.2938e-03	2.1563e-03	4.7619e-01	5.2165e-01	1.3355e-06	1.1755e-36	1.1755e-36	5.1099e-25	0.00e+00	0.00e+00	1.6059e+00
2.90228e+18	6.5124e+03	2.406e-21	2.7826e+01	3.0073e+01	2.0308e-13	4.6502e-03	9.9535e-01	1.6582e-02	9.8341e-01	4.4389e-06	9.3407e-17	2.7228e-04	2.3888e-01	7.5967e-01	1.1731e-03	2.5822e-03	5.0542e-01	4.9200e-01	5.5984e-07	1.1755e-36	1.1755e-36	7.5116e-25	0.00e+00	0.00e+00	1.8632e+00
3.19028e+18	6.6293e+03	2.436e-21	2.7826e+01	3.0054e+01	2.2935e-13	5.1599e-03	9.9484e-01	1.7932e-02	9.8207e-01	2.4694e-06	1.2701e-16	3.0312e-04	2.5324e-01	7.4538e-01	1.0707e-03	3.0498e-03	5.3304e-01	4.6391e-01	2.8196e-07	1.1755e-36	1.1755e-36	1.0880e-24	0.00e+00	0.00e+00	2.0998e+00
3.43784e+18	6.7424e+03	2.469e-21	2.7826e+01	3.0036e+01	2.5949e-13	5.7087e-03	9.9429e-01	1.9340e-02	9.8066e-01	1.5362e-06	1.7156e-16	3.3519e-04	2.6775e-01	7.3094e-01	9.7815e-04	3.5755e-03	5.6011e-01	4.3631e-01	1.5717e-07	1.1755e-36	1.1755e-36	1.5656e-24	0.00e+00	0.00e+00	2.3346e+00
3.66495e+18	6.8546e+03	2.505e-21	2.7826e+01	3.0014e+01	2.9618e-13	6.3291e-03	9.9367e-01	2.0915e-02	9.7908e-01	1.0140e-06	2.3325e-16	3.6996e-04	2.8318e-01	7.1556e-01	8.8954e-04	4.1947e-03	5.8789e-01	4.0792e-01	1.1755e-36	1.1755e-36	1.1755e-36	2.2720e-24	0.00e+00	0.00e+00	2.5793e+00
3.87772e+18	6.9664e+03	2.546e-21	2.7826e+01	2.9990e+01	3.4171e-13	7.0448e-03	9.9296e-01	2.2687e-02	9.7731e-01	6.9911e-07	3.2022e-16	4.0820e-04	2.9983e-01	6.9896e-01	8.0335e-04	4.9370e-03	6.1664e-01	3.7843e-01	1.1755e-36	1.1755e-36	1.1755e-36	3.3369e-24	0.00e+00	0.00e+00	2.8336e+00
4.07429e+18	7.0747e+03	2.590e-21	2.7826e+01	2.9962e+01	3.9838e-13	7.8613e-03	9.9214e-01	2.4672e-02	9.7533e-01	5.0294e-07	4.4198e-16	4.4944e-04	3.1752e-01	6.8131e-01	7.2099e-04	5.8143e-03	6.4570e-01	3.4849e-01	1.1755e-36	1.1755e-36	1.1755e-36	4.9373e-24	0.00e+00	0.00e+00	3.0928e+00
4.25368e+18	7.1762e+03	2.635e-21	2.7826e+01	2.9929e+01	4.6849e-13	8.7818e-03	9.9122e-01	2.6881e-02	9.7312e-01	3.7605e-07	6.1016e-16	4.9322e-04	3.3609e-01	6.6277e-01	6.4346e-04	6.8358e-03	6.7441e-01	3.1876e-01	1.1755e-36	1.1755e-36	1.1755e-36	7.3076e-24	0.00e+00	0.00e+00	3.3568e+00
4.41843e+18	7.2699e+03	2.682e-21	2.7826e+01	2.9894e+01	5.5683e-13	9.8263e-03	9.9017e-01	2.9343e-02	9.7066e-01	2.8993e-07	8.4420e-16	5.3984e-04	3.5566e-01	6.4323e-01	5.7036e-04	8.0278e-03	7.0258e-01	2.8939e-01	1.1755e-36	1.1755e-36	1.1755e-36	1.0852e-23	0.00e+00	0.00e+00	3.6303e+00
4.55618e+18	7.3533e+03	2.727e-21	2.7826e+01	2.9862e+01	6.5378e-13	1.0893e-02	9.8911e-01	3.1766e-02	9.6823e-01	2.3619e-07	1.1309e-15	5.8400e-04	3.7393e-01	6.2498e-01	5.0916e-04	9.2716e-03	7.2718e-01	2.6355e-01	1.1755e-36	1.1755e-36	1.1755e-36	1.5529e-23	0.00e+00	0.00e+00	3.8543e+00
4.66418e+18	7.4125e+03	2.766e-21	2.7826e+01	2.9825e+01	7.5631e-13	1.1900e-02	9.8810e-01	3.4064e-02	9.6594e-01	2.0088e-07	1.4498e-15	6.2308e-04	3.9018e-01	6.0874e-01	4.5995e-04	1.0465e-02	7.4728e-01	2.4225e-01	1.1755e-36	1.1755e-36	1.1755e-36	2.1022e-23	0.00e+00	0.00e+00	4.0611e+00
4.77794e+18	7.4687e+03	2.806e-21	2.7826e+01	2.9783e+01	9.0119e-13	1.3158e-02	9.8684e-01	3.6955e-02	9.6304e-01	1.6785e-07	1.9267e-15	6.6996e-04	4.0955e-01	5.8937e-01	4.0681e-04	1.1984e-02	7.6910e-01	2.1892e-01	1.1755e-36	1.1755e-36	1.1755e-36	2.9725e-23	0.00e+00	0.00e+00	4.3584e+00
4.90106e+18	7.5372e+03	2.854e-21	2.7826e+01	2.9745e+01	1.1061e-12	1.4799e-02	9.8520e-01	4.0565e-02	9.5943e-01	1.4008e-07	2.6741e-15	7.2516e-04	4.3219e-01	5.6673e-01	3.5147e-04	1.3987e-02	7.9255e-01	1.9346e-01	1.1755e-36	1.1755e-36	1.1755e-36	4.4610e-23	0.00e+00	0.00e+00	4.6643e+00
5.00757e+18	7.5780e+03	2.903e-21	2.7826e+01	2.9672e+01	1.3628e-12	1.6585e-02	9.8342e-01	4.4468e-02	9.5553e-01	1.2004e-07	3.6302e-15	7.7974e-04	4.5462e-01	5.4430e-01	3.0363e-04	1.6184e-02	8.1288e-01	1.7093e-01	1.1755e-36	1.1755e-36	1.1755e-36	6.4780e-23	0.00e+00	0.00e+00	4.9422e+00
5.09807e+18	7.6197e+03	2.944e-21	2.7826e+01	2.9609e+01	1.6532e-12	1.8421e-02	9.8158e-01	4.8426e-02	9.5157e-01	1.0524e-07	4.8148e-15	8.3113e-04	4.7571e-01	5.2319e-01	2.6383e-04	1.8465e-02	8.2990e-01	1.5163e-01	1.1755e-36	1.1755e-36	1.1755e-36	9.1868e-23	0.00e+00	0.00e+00	5.2194e+00
5.19655e+18	7.6602e+03	2.986e-21	2.7826e+01	2.9530e+01	2.0883e-12	2.0847e-02	9.7915e-01	5.3648e-02	9.4635e-01	9.0528e-08	6.7057e-15	8.9326e-04	5.0132e-01	4.9757e-01	2.2153e-04	2.1499e-02	8.4774e-01	1.3076e-01	1.1755e-36	1.1755e-36	1.1755e-36	1.3851e-22	0.00e+00	0.00e+00	5.6271e+00
5.30262e+18	7.6818e+03	3.043e-21	2.7826e+01	2.9432e+01	2.8170e-12	2.4228e-02	9.7577e-01	6.0619e-02	9.3938e-01	7.7539e-08	9.9336e-15	9.6875e-04	5.3207e-01	4.6678e-01	1.7836e-04	2.5729e-02	8.6546e-01	1.0882e-01	1.1755e-36	1.1755e-36	1.1755e-36	2.2629e-22	0.00e+00	0.00e+00	6.0562e+00
5.39423e+18	7.6991e+03	3.092e-21	2.7826e+01	2.9311e+01	3.7841e-12	2.8071e-02	9.7193e-01	6.8305e-02	9.3169e-01	6.7928e-08	1.4489e-14	1.0411e-03	5.6200e-01	4.3682e-01	1.4320e-04	3.0546e-02	8.7918e-01	9.0272e-02	1.1755e-36	1.1755e-36	1.1755e-36	3.6413e-22	0.00e+00	0.00e+00	6.4627e+00
5.47090e+18	7.7061e+03	3.133e-21	2.7826e+01	2.9176e+01	5.0189e-12	3.2225e-02	9.6777e-01	7.6415e-02	9.2359e-01	6.0658e-08	2.0537e-14	1.1077e-03	5.8989e-01	4.0889e-01	1.1566e-04	3.5750e-02	8.8892e-01	7.5332e-02	1.1755e-36	1.1755e-36	1.1755e-36	5.6688e-22	0.00e+00	0.00e+00	6.8642e+00
5.53881e+18	7.7126e+03	3.162e-21	2.7826e+01	2.9001e+01	6.6041e-12	3.6846e-02	9.6315e-01	8.5337e-02	9.1466e-01	5.4620e-08	2.8670e-14	1.1693e-03	6.1666e-01	3.8207e-01	9.3307e-05	4.1535e-02	8.9566e-01	6.2807e-02	1.1755e-36	1.1755e-36	1.1755e-36	8.6804e-22	0.00e+00	0.00e+00	7.2843e+00
5.60158e+18	7.6977e+03	3.193e-21	2.7826e+01	2.8823e+01	8.9009e-12	4.2354e-02	9.5765e-01	9.5551e-02	9.0445e-01	4.9461e-08	4.0426e-14	1.2322e-03	6.4391e-01	3.5478e-01	7.4159e-05	4.8406e-02	8.9977e-01	5.1828e-02	1.1755e-36	1.1755e-36	1.1755e-36	1.3502e-21	0.00e+00	0.00e+00	7.7357e+00
5.65894e+18	7.6900e+03	3.213e-21	2.7826e+01	2.8617e+01	1.1991e-11	4.8763e-02	9.5124e-01	1.0693e-01	8.9307e-01	4.5190e-08	5.6988e-14	1.2915e-03	6.7056e-01	3.2809e-01	5.8428e-05	5.6373e-02	9.0119e-01	4.2439e-02	1.1755e-36	1.1755e-36	1.1755e-36	2.1103e-21	0.00e+00	0.00e+00	8.1990e+00
5.70967e+18	7.6775e+03	3.225e-21	2.7826e+01	2.8384e+01	1.6141e-11	5.6027e-02	9.4397e-01	1.1929e-01	8.8071e-01	4.1615e-08	7.9638e-14	1.3453e-03	6.9579e-01	3.0281e-01	4.5936e-05	6.5366e-02	8.9993e-01	3.4706e-02	1.1755e-36	1.1755e-36	1.1755e-36	3.2737e-21	0.00e+00	0.00e+00	8.6652e+00
5.75437e+18	7.6554e+03	3.229e-21	2.7826e+01	2.8125e+01	2.1756e-11	6.4207e-02	9.3579e-01	1.3261e-01	8.6739e-01	3.8571e-08	1.1031e-13	1.3934e-03	7.1949e-01	2.7909e-01	3.6090e-05	7.5442e-02	8.9617e-01	2.8391e-02	1.1755e-36	1.1755e-36	1.1755e-36	5.0358e-21	0.00e+00	0.00e+00	9.1394e+00
5.79437e+18	7.6319e+03	3.224e-21	2.7826e+01	2.7833e+01	2.9266e-11	7.3452e-02	9.2655e-01	1.4696e-01	8.5304e-01	3.5943e-08	1.5175e-13	1.4354e-03	7.4176e-01	2.5678e-01	2.8301e-05	8.6771e-02	8.9004e-01	2.3189e-02	1.1755e-36	1.1755e-36	1.1755e-36	7.7036e-21	0.00e+00	0.00e+00	9.6294e+00
5.83066e+18	7.5978e+03	3.211e-21	2.7826e+01	2.7502e+01	3.9717e-11	8.4085e-02	9.1591e-01	1.6261e-01	8.3739e-01	3.3596e-08	2.0866e-13	1.4720e-03	7.6294e-01	2.3557e-01	2.2071e-05	9.9725e-02	8.8142e-01	1.8860e-02	1.1755e-36	1.1755e-36	1.1755e-36	1.1809e-20	0.00e+00	0.00e+00	1.0141e+01
5.86366e+18	7.5649e+03	3.196e-21	2.7826e+01	2.7227e+01	5.4267e-11	9.6562e-02	9.0344e-01	1.7974e-01	8.2026e-01	3.1519e-08	2.8970e-13	1.5089e-03	7.8342e-01	2.1505e-01	1.7041e-05	1.1482e-01	8.6996e-01	1.5218e-02	1.1755e-36	1.1755e-36	1.1755e-36	1.8459e-20	0.00e+00	0.00e+00	1.0673e+01
5.89305e+18	7.5471e+03	3.147e-21	2.7826e+01	2.6729e+01	7.2145e-11	1.0982e-01	8.9018e-01	1.9684e-01	8.0316e-01	2.9833e-08	3.8962e-13	1.5243e-03	8.0100e-01	1.9747e-01	1.3346e-05	1.3076e-01	8.5688e-01	1.2361e-02	1.1755e-36	1.1755e-36	1.1755e-36	2.7636e-20	0.00e+00	0.00e+00	1.1202e+01
5.91983e+18	7.5098e+03	3.097e-21	2.7826e+01	2.6258e+01	9.7599e-11	1.2514e-01	8.7486e-01	2.1550e-01	7.8450e-01	2.8202e-08	5.2786e-13	1.5391e-03	8.1792e-01	1.8053e-01	1.0372e-05	1.4903e-01	8.4098e-01	9.9885e-03	1.1755e-36	1.1755e-36	1.1755e-36	4.1924e-20	0.00e+00	0.00e+00	1.1777e+01
5.94501e+18	7.4718e+03	3.036e-21	2.7826e+01	2.5754e+01	1.3352e-10	1.4320e-01	8.5680e-01	2.3579e-01	7.6421e-01	2.6707e-08	7.2285e-13	1.5489e-03	8.3419e-01	1.6425e-01	7.9686e-06	1.7038e-01	8.2164e-01	7.9771e-03	1.1755e-36	1.1755e-36	1.1755e-36	6.4833e-20	0.00e+00	0.00e+00	1.2386e+01
5.96791e+18	7.4340e+03	2.956e-21	2.7826e+01	2.5148e+01	1.8220e-10	1.6344e-01	8.3656e-01	2.5662e-01	7.4338e-01	2.5418e-08	9.8251e-13	1.5474e-03	8.4887e-01	1.4958e-01	6.1371e-06	1.9407e-01	7.9957e-01	6.3575e-03	1.1755e-36	1.1755e-36	1.1755e-36	9.9544e-20	0.00e+00	0.00e+00	1.3006e+01
5.98847e+18	7.3922e+03	2.862e-21	2.7826e+01	2.4482e+01	2.4756e-10	1.8570e-01	8.1430e-01	2.7772e-01	7.2228e-01	2.4288e-08	1.3221e-12	1.5374e-03	8.6205e-01	1.3641e-01	4.7522e-06	2.1985e-01	7.7508e-01	5.0730e-03	1.1755e-36	1.1755e-36	1.1755e-36	1.5115e-19	0.00e+00	0.00e+00	1.3644e+01
6.00738e+18	7.3459e+03	2.755e-21	2.7826e+01	2.3747e+01	3.3656e-10	2.1043e-01	7.8957e-01	2.9928e-01	7.0072e-01	2.3289e-08	1.7702e-12	1.5190e-03	8.7407e-01	1.2440e-01	3.6849e-06	2.4816e-01	7.4781e-01	4.0366e-03	1.1755e-36	1.1755e-36	1.1755e-36	2.2857e-19	0.00e+00	0.00e+00	1.4319e+01
6.02512e+18	7.2847e+03	2.627e-21	2.7826e+01	2.2851e+01	4.6189e-10	2.3780e-01	7.6220e-01	3.2126e-01	6.7874e-01	2.2402e-08	2.3530e-12	1.4870e-03	8.8494e-01	1.1357e-01	2.8638e-06	2.7911e-01	7.1769e-01	3.2000e-03	1.1755e-36	1.1755e-36	1.1755e-36	3.4244e-19	0.00e+00	0.00e+00	1.5038e+01
6.04197e+18	7.2306e+03	2.485e-21	2.7826e+01	2.1928e+01	6.3312e-10	2.6882e-01	7.3118e-01	3.4374e-01	6.5626e-01	2.1668e-08	3.1402e-12	1.4494e-03	8.9518e-01	1.0337e-01	2.2130e-06	3.1368e-01	6.8382e-01	2.5089e-03	1.1755e-36	1.1755e-36	1.1755e-36	5.1887e-19	0.00e+00	0.00e+00	1.5817e+01
6.05787e+18	7.1677e+03	2.328e-21	2.7826e+01	2.0906e+01	8.7509e-10	3.0326e-01	6.9674e-01	3.6650e-01	6.3350e-01	2.1031e-08	4.1874e-12	1.4023e-03	9.0452e-01	9.4072e-02	1.7107e-06	3.5146e-01	6.4659e-01	1.9527e-03	1.1755e-36	1.1755e-36	1.1755e-36	7.8887e-19	0.00e+00	0.00e+00	1.6633e+01
6.07180e+18	7.0825e+03	2.175e-21	2.7826e+01	1.9876e+01	1.2078e-09	3.3893e-01	6.6107e-01	3.8743e-01	6.1257e-01	2.0574e-08	5.4765e-12	1.3509e-03	9.1247e-01	8.6175e-02	1.3474e-06	3.8997e-01	6.0849e-01	1.5358e-03	1.1755e-36	1.1755e-36	1.1755e-36	1.1699e-18	0.00e+00	0.00e+00	1.7380e+01
6.08292e+18	7.0060e+03	2.039e-21	2.7826e+01	1.8956e+01	1.5848e-09	3.7090e-01	6.2910e-01	4.0426e-01	5.9574e-01	2.0338e-08	6.8228e-12	1.3017e-03	9.1855e-01	8.0149e-02	1.1068e-06	4.2393e-01	5.7482e-01	1.2510e-03	1.1755e-36	1.1755e-36	1.1755e-36	1.6216e-18	0.00e+00	0.00e+00	1.8011e+01
6.09175e+18	6.9478e+03	1.922e-21	2.7826e+01	1.8159e+01	1.9640e-09	3.9775e-01	6.0225e-01	4.1764e-01	5.8236e-01	2.0231e-08	8.1028e-12	1.2566e-03	9.2312e-01	7.5626e-02	9.4578e-07	4.5206e-01	5.4688e-01	1.0563e-03	1.1755e-36	1.1755e-36	1.1755e-36	2.0986e-18	0.00e+00	0.00e+00	1.8568e+01
6.09937e+18	6.8731e+03	1.821e-21	2.7826e+01	1.7465e+01	2.4210e-09	4.2293e-01	5.7707e-01	4.3007e-01	5.6993e-01	2.0096e-08	9.4807e-12	1.2176e-03	9.2716e-01	7.1618e-02	8.2044e-07	4.7815e-01	5.2094e-01	9.0623e-04	1.1755e-36	1.1755e-36	1.1755e-36	2.6612e-18	0.00e+00	0.00e+00	1.9108e+01
6.10666e+18	6.8038e+03	1.718e-21	2.7826e+01	1.6752e+01	2.9529e-09	4.4751e-01	5.5249e-01	4.4190e-01	5.5810e-01	2.0018e-08	1.0980e-11	1.1762e-03	9.3084e-01	6.7980e-02	7.1648e-07	5.0332e-01	4.9590e-01	7.8028e-04	1.1755e-36	1.1755e-36	1.1755e-36	3.3305e-18	0.00e+00	0.00e+00	1.9683e+01
6.11376e+18	6.7339e+03	1.615e-21	2.7826e+01	1.6018e+01	3.5886e-09	4.7210e-01	5.2790e-01	4.5296e-01	5.4704e-01	2.0033e-08	1.2623e-11	1.1317e-03	9.3420e-01	6.4670e-02	6.2888e-07	5.2823e-01	4.7110e-01	6.7236e-04	1.1755e-36	1.1755e-36	1.1755e-36	4.1304e-18	0.00e+00	0.00e+00	2.0254e+01
6.12020e+18	6.6614e+03	1.523e-21	2.7826e+01	1.5359e+01	4.3258e-09	4.9570e-01	5.0430e-01	4.6323e-01	5.3677e-01	2.0051e-08	1.4393e-11	1.0919e-03	9.3722e-01	6.1683e-02	5.5718e-07	5.5186e-01	4.4755e-01	5.8416e-04	1.1755e-36	1.1755e-36	1.1755e-36	5.0726e-18	0.00e+00	0.00e+00	2.0777e+01
6.12600e+18	6.5909e+03	1.439e-21	2.7826e+01	1.4737e+01	5.1317e-09	5.1702e-01	4.8298e-01	4.7232e-01	5.2768e-01	2.0121e-08	1.6130e-11	1.0534e-03	9.3983e-01	5.9113e-02	5.0005e-07	5.7300e-01	4.2648e-01	5.1394e-04	1.1755e-36	1.1755e-36	1.1755e-36	6.0710e-18	0.00e+00	0.00e+00	2.1286e+01
6.13145e+18	6.5212e+03	1.360e-21	2.7826e+01	1.4149e+01	6.0409e-09	5.3730e-01	4.6270e-01	4.8085e-01	5.1915e-01	2.0209e-08	1.7935e-11	1.0166e-03	9.4222e-01	5.6762e-02	4.5164e-07	5.9293e-01	4.0662e-01	4.5468e-04	1.1755e-36	1.1755e-36	1.1755e-36	7.1923e-18	0.00e+00	0.00e+00	2.1786e+01
6.13580e+18	6.4794e+03	1.298e-21	2.7826e+01	1.3663e+01	6.7851e-09	5.5303e-01	4.4697e-01	4.8650e-01	5.1350e-01	2.0404e-08	1.9388e-11	9.8480e-04	9.4385e-01	5.5166e-02	4.1895e-07	6.0823e-01	3.9136e-01	4.1281e-04	1.1755e-36	1.1755e-36	1.1755e-36	8.1630e-18	0.00e+00	0.00e+00	2.2116e+01
6.13888e+18	6.4333e+03	1.255e-21	2.7826e+01	1.3333e+01	7.4776e-09	5.6463e-01	4.3537e-01	4.9125e-01	5.0875e-01	2.0471e-08	2.0575e-11	9.6395e-04	9.4513e-01	5.3905e-02	3.9580e-07	6.1947e-01	3.8014e-01	3.8476e-04	1.1755e-36	1.1755e-36	1.1755e-36	8.9946e-18	0.00e+00	0.00e+00	2.2390e+01
6.14176e+18	6.3760e+03	1.216e-21	2.7826e+01	1.3021e+01	8.2957e-09	5.7573e-01	4.2427e-01	4.9616e-01	5.0383e-01	2.0497e-08	2.1790e-11	9.4450e-04	9.4641e-01	5.2649e-02	3.7438e-07	6.3018e-01	3.6946e-01	3.5982e-04	1.1755e-36	1.1755e-36	1.1755e-36	9.8815e-18	0.00e+00	0.00e+00	2.2694e+01
6.14496e+18	6.3361e+03	1.171e-21	2.7826e+01	1.2680e+01	9.0972e-09	5.8734e-01	4.1266e-01	5.0118e-01	4.9882e-01	2.0580e-08	2.3094e-11	9.2244e-04	9.4771e-01	5.1366e-02	3.5271e-07	6.4133e-01	3.5834e-01	3.3412e-04	1.1755e-36	1.1755e-36	1.1755e-36	1.0880e-17	0.00e+00	0.00e+00	2.3044e+01
6.14848e+18	6.2782e+03	1.124e-21	2.7826e+01	1.2301e+01	1.0200e-08	6.0039e-01	3.9960e-01	5.0673e-01	4.9327e-01	2.0675e-08	2.4657e-11	8.9804e-04	9.4914e-01	4.9965e-02	3.3028e-07	6.5376e-01	3.4593e-01	3.0780e-04	1.1755e-36	1.1755e-36	1.1755e-36	1.2146e-17	0.00e+00	0.00e+00	2.3428e+01
6.15198e+18	6.2221e+03	1.078e-21	2.7826e+01	1.1929e+01	1.1415e-08	6.1333e-01	3.8667e-01	5.1205e-01	4.8795e-01	2.0791e-08	2.6306e-11	8.7385e-04	9.5049e-01	4.8634e-02	3.0971e-07	6.6603e-01	3.3369e-01	2.8350e-04	1.1755e-36	1.1755e-36	1.1755e-36	1.3564e-17	0.00e+00	0.00e+00	2.3790e+01
6.15524e+18	6.1617e+03	1.036e-21	2.7826e+01	1.1585e+01	1.2773e-08	6.2547e-01	3.7453e-01	5.1718e-01	4.8282e-01	2.0885e-08	2.7976e-11	8.5157e-04	9.5176e-01	4.7389e-02	2.9151e-07	6.7748e-01	3.2226e-01	2.6237e-04	1.1755e-36	1.1755e-36	1.1755e-36	1.5092e-17	0.00e+00	0.00e+00	2.4138e+01
6.15831e+18	6.1178e+03	9.967e-22	2.7826e+01	1.1265e+01	1.4005e-08	6.3634e-01	3.6366e-01	5.2164e-01	4.7836e-01	2.1024e-08	2.9519e-11	8.3030e-04	9.5287e-01	4.6296e-02	2.7584e-07	6.8767e-01	3.1209e-01	2.4408e-04	1.1755e-36	1.1755e-36	1.1755e-36	1.6580e-17	0.00e+00	0.00e+00	2.4471e+01
6.16143e+18	6.0565e+03	9.581e-22	2.7826e+01	1.0939e+01	1.5631e-08	6.4761e-01	3.5239e-01	5.2665e-01	4.7335e-01	2.1118e-08	3.1273e-11	8.0906e-04	9.5406e-01	4.5132e-02	2.6026e-07	6.9820e-01	3.0157e-01	2.2654e-04	1.1755e-36	1.1755e-36	1.1755e-36	1.8376e-17	0.00e+00	0.00e+00	2.4842e+01
6.16463e+18	5.9918e+03	9.200e-22	2.7826e+01	1.0612e+01	1.7529e-08	6.5912e-01	3.4088e-01	5.3167e-01	4.6833e-01	2.1223e-08	3.3200e-11	7.8760e-04	9.5523e-01	4.3980e-02	2.4541e-07	7.0890e-01	2.9089e-01	2.0981e-04	1.1755e-36	1.1755e-36	1.1755e-36	2.0485e-17	0.00e+00	0.00e+00	2.5205e+01
6.16764e+18	5.9335e+03	8.850e-22	2.7826e+01	1.0313e+01	1.9475e-08	6.6979e-01	3.3021e-01	5.3636e-01	4.6364e-01	2.1328e-08	3.5118e-11	7.6793e-04	9.5631e-01	4.2921e-02	2.3226e-07	7.1877e-01	2.8104e-01	1.9510e-04	1.1755e-36	1.1755e-36	1.1755e-36	2.2725e-17	0.00e+00	0.00e+00	2.5545e+01
6.17054e+18	5.8874e+03	8.516e-22	2.7826e+01	1.0023e+01	2.1299e-08	6.7939e-01	3.2061e-01	5.4055e-01	4.5945e-01	2.1481e-08	3.6884e-11	7.4820e-04	9.5728e-01	4.1969e-02	2.2062e-07	7.2761e-01	2.7221e-01	1.8213e-04	1.1755e-36	1.1755e-36	1.1755e-36	2.4901e-17	0.00e+00	0.00e+00	2.5891e+01
6.17368e+18	5.8226e+03	8.164e-22	2.7826e+01	9.7119e+00	2.3834e-08	6.8999e-01	3.1001e-01	5.4553e-01	4.5447e-01	2.1600e-08	3.9059e-11	7.2755e-04	9.5838e-01	4.0891e-02	2.0827e-07	7.3731e-01	2.6252e-01	1.6886e-04	1.1755e-36	1.1755e-36	1.1755e-36	2.7778e-17	0.00e+00	0.00e+00	2.6301e+01
6.17696e+18	5.7535e+03	7.817e-22	2.7826e+01	9.4026e+00	2.6860e-08	7.0110e-01	2.9890e-01	5.5073e-01	4.4927e-01	2.1711e-08	4.1585e-11	7.0701e-04	9.5949e-01	3.9799e-02	1.9626e-07	7.4744e-01	2.5240e-01	1.5592e-04	1.1755e-36	1.1755e-36	1.1755e-36	3.1378e-17	0.00e+00	0.00e+00	2.6693e+01
6.17996e+18	5.6938e+03	7.507e-22	2.7826e+01	9.1155e+00	2.9807e-08	7.1067e-01	2.8933e-01	5.5503e-01	4.4497e-01	2.1872e-08	4.3872e-11	6.8765e-04	9.6043e-01	3.8878e-02	1.8628e-07	7.5613e-01	2.4372e-01	1.4518e-04	1.1755e-36	1.1755e-36	1.1755e-36	3.4895e-17	0.00e+00	0.00e+00	2.7046e+01
6.18280e+18	5.6349e+03	7.222e-22	2.7826e+01	8.8541e+00	3.2981e-08	7.1964e-01	2.8036e-01	5.5941e-01	4.4059e-01	2.1991e-08	4.6251e-11	6.7008e-04	9.6135e-01	3.7985e-02	1.7709e-07	7.6424e-01	2.3562e-01	1.3560e-04	1.1755e-36	1.1755e-36	1.1755e-36	3.8801e-17	0.00e+00	0.00e+00	2.7407e+01
6.18571e+18	5.5684e+03	6.942e-22	2.7826e+01	8.5981e+00	3.6850e-08	7.2893e-01	2.7107e-01	5.6427e-01	4.3573e-01	2.2063e-08	4.9050e-11	6.5301e-04	9.6230e-01	3.7047e-02	1.6795e-07	7.7260e-01	2.2727e-01	1.2630e-04	1.1755e-36	1.1755e-36	1.1755e-36	4.3737e-17	0.00e+00	0.00e+00	2.7787e+01
6.18861e+18	5.5036e+03	6.673e-22	2.7826e+01	8.3408e+00	4.1039e-08	7.3770e-01	2.6230e-01	5.6872e-01	4.3128e-01	2.2182e-08	5.1892e-11	6.3565e-04	9.6318e-01	3.6181e-02	1.5964e-07	7.8048e-01	2.1941e-01	1.1783e-04	1.1755e-36	1.1755e-36	1.1755e-36	4.9168e-17	0.00e+00	0.00e+00	2.8153e+01
6.19141e+18	5.4409e+03	6.421e-22	2.7826e+01	8.1005e+00	4.5535e-08	7.4599e-01	2.5401e-01	5.7310e-01	4.2690e-01	2.2286e-08	5.4876e-11	6.1940e-04	9.6403e-01	3.5352e-02	1.5199e-07	7.8788e-01	2.1201e-01	1.1018e-04	1.1755e-36	1.1755e-36	1.1755e-36	5.5286e-17	0.00e+00	0.00e+00	2.8516e+01
6.19419e+18	5.3702e+03	6.180e-22	2.7826e+01	7.8641e+00	5.0963e-08	7.5416e-01	2.4584e-01	5.7767e-01	4.2233e-01	2.2362e-08	5.8259e-11	6.0356e-04	9.6487e-01	3.4528e-02	1.4468e-07	7.9517e-01	2.0472e-01	1.0304e-04	1.1755e-36	1.1755e-36	1.1755e-36	6.2807e-17	0.00e+00	0.00e+00	2.8887e+01
6.19691e+18	5.3125e+03	5.952e-22	2.7826e+01	7.6412e+00	5.6118e-08	7.6167e-01	2.3833e-01	5.8177e-01	4.1823e-01	2.2481e-08	6.1534e-11	5.8828e-04	9.6564e-01	3.3775e-02	1.3809e-07	8.0184e-01	1.9807e-01	9.6611e-05	1.1755e-36	1.1755e-36	1.1755e-36	7.0575e-17	0.00e+00	0.00e+00	2.9240e+01
6.19966e+18	5.2450e+03	5.729e-22	2.7826e+01	7.4196e+00	6.2491e-08	7.6923e-01	2.3077e-01	5.8628e-01	4.1372e-01	2.2557e-08	6.5390e-11	5.7328e-04	9.6643e-01	3.2994e-02	1.3157e-07	8.0853e-01	1.9138e-01	9.0462e-05	1.1755e-36	1.1755e-36	1.1755e-36	8.0451e-17	0.00e+00	0.00e+00	2.9627e+01
6.20250e+18	5.1720e+03	5.509e-22	2.7826e+01	7.1968e+00	7.0076e-08	7.7690e-01	2.2310e-01	5.9093e-01	4.0907e-01	2.2625e-08	6.9878e-11	5.5823e-04	9.6723e-01	3.2215e-02	1.2526e-07	8.1530e-01	1.8461e-01	8.4544e-05	1.1755e-36	1.1755e-36	1.1755e-36	9.2909e-17	0.00e+00	0.00e+00	3.0011e+01
6.20520e+18	5.1099e+03	5.307e-22	2.7826e+01	6.9915e+00	7.7408e-08	7.8382e-01	2.1618e-01	5.9511e-01	4.0489e-01	2.2720e-08	7.4268e-11	5.4415e-04	9.6794e-01	3.1511e-02	1.1755e-36	8.2138e-01	1.7854e-01	7.9330e-05	1.1755e-36	1.1755e-36	1.1755e-36	1.0600e-16	0.00e+00	0.00e+00	3.0368e+01
6.20787e+18	5.0386e+03	5.115e-22	2.7826e+01	6.7932e+00	8.6361e-08	7.9064e-01	2.0936e-01	5.9966e-01	4.0034e-01	2.2756e-08	7.9470e-11	5.3077e-04	9.6867e-01	3.0797e-02	1.1755e-36	8.2738e-01	1.7255e-01	7.4453e-05	1.1755e-36	1.1755e-36	1.1755e-36	1.2277e-16	0.00e+00	0.00e+00	3.0749e+01
6.21057e+18	4.9695e+03	4.929e-22	2.7826e+01	6.5986e+00	9.5962e-08	7.9726e-01	2.0274e-01	6.0407e-01	3.9593e-01	2.2810e-08	8.4569e-11	5.1755e-04	9.6941e-01	3.0076e-02	1.1755e-36	8.3316e-01	1.6677e-01	6.9884e-05	1.1755e-36	1.1755e-36	1.1755e-36	1.4041e-16	0.00e+00	0.00e+00	3.1119e+01
6.21321e+18	4.8989e+03	4.753e-22	2.7826e+01	6.4120e+00	1.0658e-07	8.0360e-01	1.9640e-01	6.0852e-01	3.9148e-01	2.2843e-08	8.9313e-11	5.0495e-04	9.7017e-01	2.9328e-02	1.1755e-36	8.3869e-01	1.6125e-01	6.5677e-05	1.1755e-36	1.1755e-36	1.1755e-36	1.5797e-16	0.00e+00	0.00e+00	3.1492e+01
6.21586e+18	4.8271e+03	4.583e-22	2.7826e+01	6.2301e+00	1.1836e-07	8.0976e-01	1.9024e-01	6.1301e-01	3.8699e-01	2.2867e-08	9.4319e-11	4.9267e-04	9.7092e-01	2.8590e-02	1.1755e-36	8.4405e-01	1.5588e-01	6.1729e-05	1.1755e-36	1.1755e-36	1.1755e-36	1.7781e-16	0.00e+00	0.00e+00	3.1870e+01
6.21852e+18	4.7540e+03	4.419e-22	2.7826e+01	6.0524e+00	1.3141e-07	8.1577e-01	1.8423e-01	6.1755e-01	3.8245e-01	2.2879e-08	9.9589e-11	4.8070e-04	9.7166e-01	2.7860e-02	1.1755e-36	8.4927e-01	1.5067e-01	5.8016e-05	1.1755e-36	1.1755e-36	1.1755e-36	2.0016e-16	0.00e+00	0.00e+00	3.2252e+01
6.22119e+18	4.6795e+03	4.260e-22	2.7826e+01	5.8784e+00	1.4581e-07	8.2165e-01	1.7835e-01	6.2217e-01	3.7783e-01	2.2880e-08	1.0512e-10	4.6899e-04	9.7239e-01	2.7138e-02	1.1755e-36	8.5436e-01	1.4559e-01	5.4519e-05	1.1755e-36	1.1755e-36	1.1755e-36	2.2521e-16	0.00e+00	0.00e+00	3.2639e+01
6.22389e+18	4.6032e+03	4.106e-22	2.7826e+01	5.7075e+00	1.6167e-07	8.2740e-01	1.7260e-01	6.2687e-01	3.7313e-01	2.2868e-08	1.1088e-10	4.5753e-04	9.7312e-01	2.6419e-02	1.1755e-36	8.5933e-01	1.4062e-01	5.1209e-05	1.1755e-36	1.1755e-36	1.1755e-36	2.5311e-16	0.00e+00	0.00e+00	3.3034e+01
6.22664e+18	4.5259e+03	3.955e-22	2.7826e+01	5.5358e+00	1.7875e-07	8.3295e-01	1.6705e-01	6.3153e-01	3.6847e-01	2.2869e-08	1.1668e-10	4.4597e-04	9.7384e-01	2.5714e-02	1.1755e-36	8.6412e-01	1.3583e-01	4.8092e-05	1.1755e-36	1.1755e-36	1.1755e-36	2.8303e-16	0.00e+00	0.00e+00	3.3440e+01
6.22947e+18	4.4477e+03	3.805e-22	2.7826e+01	5.3664e+00	1.9712e-07	8.3853e-01	1.6147e-01	6.3644e-01	3.6356e-01	2.2850e-08	1.2267e-10	4.3457e-04	9.7457e-01	2.4995e-02	1.1755e-36	8.6892e-01	1.3104e-01	4.5064e-05	1.1755e-36	1.1755e-36	1.1755e-36	3.1574e-16	0.00e+00	0.00e+00	3.3867e+01
6.23248e+18	4.3589e+03	3.653e-22	2.7826e+01	5.1949e+00	2.1894e-07	8.4444e-01	1.5556e-01	6.4198e-01	3.5802e-01	2.2768e-08	1.2933e-10	4.2326e-04	9.7535e-01	2.4223e-02	1.1755e-36	8.7399e-01	1.2597e-01	4.2026e-05	1.1755e-36	1.1755e-36	1.1755e-36	3.5424e-16	0.00e+00	0.00e+00	3.4328e+01
6.23559e+18	4.2700e+03	3.503e-22	2.7826e+01	5.0201e+00	2.4134e-07	8.5022e-01	1.4978e-01	6.4744e-01	3.5256e-01	2.2715e-08	1.3562e-10	4.1163e-04	9.7612e-01	2.3467e-02	1.1755e-36	8.7893e-01	1.2103e-01	3.9141e-05	1.1755e-36	1.1755e-36	1.1755e-36	3.9276e-16	0.00e+00	0.00e+00	3.4795e+01
6.23883e+18	4.1730e+03	3.353e-22	2.7826e+01	4.8438e+00	2.6578e-07	8.5606e-01	1.4394e-01	6.5335e-01	3.4665e-01	2.2617e-08	1.4175e-10	4.0008e-04	9.7692e-01	2.2682e-02	1.1755e-36	8.8392e-01	1.1604e-01	3.6342e-05	1.1755e-36	1.1755e-36	1.1755e-36	4.3211e-16	0.00e+00	0.00e+00	3.5300e+01
6.24235e+18	4.0632e+03	3.199e-22	2.7826e+01	4.6582e+00	2.9254e-07	8.6220e-01	1.3780e-01	6.5987e-01	3.4013e-01	2.2477e-08	1.4748e-10	3.8813e-04	9.7776e-01	2.1848e-02	1.1755e-36	8.8917e-01	1.1080e-01	3.3534e-05	1.1755e-36	1.1755e-36	1.1755e-36	4.7037e-16	0.00e+00	0.00e+00	3.5854e+01
6.24601e+18	3.9525e+03	3.047e-22	2.7826e+01	4.4728e+00	3.1754e-07	8.6831e-01	1.3169e-01	6.6649e-01	3.3351e-01	2.2339e-08	1.5192e-10	3.7619e-04	9.7860e-01	2.1022e-02	1.1755e-36	8.9436e-01	1.0561e-01	3.0853e-05	1.1755e-36	1.1755e-36	1.1755e-36	5.0022e-16	0.00e+00	0.00e+00	3.6415e+01
###########################
1.98915e+14	6.9680e+03	2.798e-21	2.7826e+01	3.0170e+01	5.9056e-14	2.9291e-03	9.9707e-01	9.8311e-03	9.7908e-01	1.1094e-02	2.0234e-17	1.3615e-04	1.5646e-01	8.4050e-01	2.9020e-03	9.8991e-04	3.3817e-01	6.5842e-01	2.4173e-03	1.1755e-36	1.1755e-36	1.7100e-25	0.00e+00	0.00e+00	2.0471e-04
1.19349e+15	6.9654e+03	2.797e-21	2.7826e+01	3.0167e+01	5.9137e-14	2.9284e-03	9.9707e-01	9.8322e-03	9.7908e-01	1.1085e-02	2.0213e-17	1.3602e-04	1.5648e-01	8.4048e-01	2.9057e-03	9.8931e-04	3.3805e-01	6.5855e-01	2.4095e-03	1.1755e-36	1.1755e-36	1.7070e-25	0.00e+00	0.00e+00	1.0233e-03
5.17178e+15	6.9592e+03	2.795e-21	2.7826e+01	3.0166e+01	5.9361e-14	2.9276e-03	9.9707e-01	9.8396e-03	9.7915e-01	1.1014e-02	2.0208e-17	1.3602e-04	1.5659e-01	8.4038e-01	2.8969e-03	9.8918e-04	3.3804e-01	6.5859e-01	2.3755e-03	1.1755e-36	1.1755e-36	1.7038e-25	0.00e+00	0.00e+00	4.2969e-03
2.10850e+16	6.9473e+03	2.785e-21	2.7826e+01	3.0165e+01	5.9838e-14	2.9266e-03	9.9707e-01	9.8677e-03	9.7948e-01	1.0654e-02	2.0246e-17	1.3634e-04	1.5696e-01	8.4004e-01	2.8666e-03	9.9057e-04	3.3837e-01	6.5839e-01	2.2435e-03	1.1755e-36	1.1755e-36	1.7002e-25	0.00e+00	0.00e+00	1.7387e-02
5.03652e+16	6.8926e+03	2.755e-21	2.7826e+01	3.0165e+01	6.0979e-14	2.8995e-03	9.9710e-01	9.8980e-03	9.7968e-01	1.0420e-02	1.9831e-17	1.3597e-04	1.5741e-01	8.3962e-01	2.8360e-03	9.8138e-04	3.3800e-01	6.5895e-01	2.0726e-03	1.1755e-36	1.1755e-36	1.6334e-25	0.00e+00	0.00e+00	3.4246e-02
8.84295e+16	6.8364e+03	2.725e-21	2.7826e+01	3.0164e+01	6.2430e-14	2.8775e-03	9.9712e-01	9.9452e-03	9.8023e-01	9.8199e-03	1.9538e-17	1.3598e-04	1.5805e-01	8.3904e-01	2.7815e-03	9.7599e-04	3.3821e-01	6.5895e-01	1.8596e-03	1.1755e-36	1.1755e-36	1.5789e-25	0.00e+00	0.00e+00	5.5996e-02
1.37913e+17	6.7741e+03	2.694e-21	2.7826e+01	3.0163e+01	6.4381e-14	2.8590e-03	9.9714e-01	1.0007e-02	9.8112e-01	8.8697e-03	1.9193e-17	1.3626e-04	1.5883e-01	8.3833e-01	2.7032e-03	9.6737e-04	3.3678e-01	6.6064e-01	1.6124e-03	1.1755e-36	1.1755e-36	1.5208e-25	0.00e+00	0.00e+00	8.4090e-02
2.02242e+17	6.7077e+03	2.658e-21	2.7826e+01	3.0160e+01	6.6815e-14	2.8457e-03	9.9715e-01	1.0100e-02	9.8231e-01	7.5892e-03	1.9117e-17	1.3702e-04	1.6001e-01	8.3725e-01	2.6010e-03	9.7061e-04	3.3861e-01	6.5909e-01	1.3258e-03	1.1755e-36	1.1755e-36	1.4817e-25	0.00e+00	0.00e+00	1.2044e-01
2.85869e+17	6.6358e+03	2.619e-21	2.7826e+01	3.0156e+01	7.0037e-14	2.8394e-03	9.9716e-01	1.0226e-02	9.8372e-01	6.0510e-03	1.9248e-17	1.3837e-04	1.6164e-01	8.3574e-01	2.4772e-03	9.8167e-04	3.4209e-01	6.5591e-01	1.0213e-03	1.1755e-36	1.1755e-36	1.4573e-25	0.00e+00	0.00e+00	1.6760e-01
3.94585e+17	6.5595e+03	2.576e-21	2.7826e+01	3.0152e+01	7.4337e-14	2.8436e-03	9.9716e-01	1.0397e-02	9.8520e-01	4.4065e-03	1.9675e-17	1.4053e-04	1.6385e-01	8.3367e-01	2.3381e-03	1.0029e-03	3.4749e-01	6.5079e-01	7.2327e-04	1.1755e-36	1.1755e-36	1.4551e-25	0.00e+00	0.00e+00	2.2899e-01
5.35915e+17	6.4812e+03	2.532e-21	2.7826e+01	3.0146e+01	7.9894e-14	2.8634e-03	9.9714e-01	1.0623e-02	9.8651e-01	2.8632e-03	2.0471e-17	1.4385e-04	1.6683e-01	8.3084e-01	2.1923e-03	1.0372e-03	3.5500e-01	6.4350e-01	4.6028e-04	1.1755e-36	1.1755e-36	1.4770e-25	0.00e+00	0.00e+00	3.0935e-01
7.19644e+17	6.4041e+03	2.489e-21	2.7826e+01	3.0141e+01	8.7337e-14	2.9078e-03	9.9709e-01	1.0929e-02	9.8745e-01	1.6170e-03	2.1868e-17	1.4892e-04	1.7088e-01	8.2692e-01	2.0469e-03	1.0899e-03	3.6493e-01	6.3372e-01	2.5618e-04	1.1755e-36	1.1755e-36	1.5418e-25	0.00e+00	0.00e+00	4.1544e-01
9.58492e+17	6.3323e+03	2.448e-21	2.7826e+01	3.0137e+01	9.7651e-14	2.9913e-03	9.9701e-01	1.1356e-02	9.8787e-01	7.7149e-04	2.4254e-17	1.5652e-04	1.7649e-01	8.2145e-01	1.9031e-03	1.1701e-03	3.7778e-01	6.2093e-01	1.2087e-04	1.1755e-36	1.1755e-36	1.6781e-25	0.00e+00	0.00e+00	5.5733e-01
1.26899e+18	6.2855e+03	2.411e-21	2.7826e+01	3.0129e+01	1.1110e-13	3.1338e-03	9.9687e-01	1.1952e-02	9.8775e-01	3.0249e-04	2.8383e-17	1.6844e-04	1.8427e-01	8.1380e-01	1.7574e-03	1.2939e-03	3.9474e-01	6.0392e-01	4.6746e-05	1.1755e-36	1.1755e-36	1.9475e-25	0.00e+00	0.00e+00	7.5056e-01
1.67265e+18	6.2732e+03	2.385e-21	2.7826e+01	3.0119e+01	1.3040e-13	3.3801e-03	9.9662e-01	1.2843e-02	9.8706e-01	9.5046e-05	3.6168e-17	1.8724e-04	1.9558e-01	8.0264e-01	1.5962e-03	1.4972e-03	4.1818e-01	5.8031e-01	1.4315e-05	1.1755e-36	1.1755e-36	2.5057e-25	0.00e+00	0.00e+00	1.0215e+00
2.12678e+18	6.3059e+03	2.372e-21	2.7826e+01	3.0106e+01	1.5380e-13	3.7271e-03	9.9627e-01	1.3973e-02	9.8600e-01	2.7577e-05	4.8653e-17	2.1219e-04	2.0942e-01	7.8894e-01	1.4347e-03	1.7862e-03	4.4640e-01	5.5181e-01	4.0291e-06	1.1755e-36	1.1755e-36	3.4726e-25	0.00e+00	0.00e+00	1.3174e+00
2.54763e+18	6.3935e+03	2.381e-21	2.7826e+01	3.0090e+01	1.7823e-13	4.1608e-03	9.9584e-01	1.5246e-02	9.8474e-01	9.7492e-06	6.7435e-17	2.4146e-04	2.2435e-01	7.7412e-01	1.2917e-03	2.1542e-03	4.7634e-01	5.2151e-01	1.3410e-06	1.1755e-36	1.1755e-36	5.0713e-25	0.00e+00	0.00e+00	1.6023e+00
2.89999e+18	6.5075e+03	2.405e-21	2.7826e+01	3.0073e+01	2.0325e-13	4.6439e-03	9.9536e-01	1.6572e-02	9.8342e-01	4.4588e-06	9.3295e-17	2.7243e-04	2.3918e-01	7.5938e-01	1.1711e-03	2.5791e-03	5.0552e-01	4.9190e-01	5.6282e-07	1.1755e-36	1.1755e-36	7.4739e-25	0.00e+00	0.00e+00	1.8593e+00
3.18821e+18	6.6236e+03	2.434e-21	2.7826e+01	3.0054e+01	2.3019e-13	5.1533e-03	9.9485e-01	1.7923e-02	9.8207e-01	2.4783e-06	1.2718e-16	3.0358e-04	2.5359e-01	7.4503e-01	1.0687e-03	3.0466e-03	5.3316e-01	4.6380e-01	2.8322e-07	1.1755e-36	1.1755e-36	1.0877e-24	0.00e+00	0.00e+00	2.0960e+00
3.43618e+18	6.7364e+03	2.467e-21	2.7826e+01	3.0036e+01	2.6079e-13	5.7022e-03	9.9430e-01	1.9332e-02	9.8067e-01	1.5402e-06	1.7204e-16	3.3604e-04	2.6816e-01	7.3053e-01	9.7615e-04	3.5723e-03	5.6024e-01	4.3618e-01	1.5770e-07	1.1755e-36	1.1755e-36	1.5690e-24	0.00e+00	0.00e+00	2.3309e+00
3.66346e+18	6.8484e+03	2.504e-21	2.7826e+01	3.0014e+01	2.9801e-13	6.3223e-03	9.9368e-01	2.0907e-02	9.7909e-01	1.0162e-06	2.3421e-16	3.7119e-04	2.8364e-01	7.1510e-01	8.8765e-04	4.1913e-03	5.8802e-01	4.0779e-01	1.1755e-36	1.1755e-36	1.1755e-36	2.2824e-24	0.00e+00	0.00e+00	2.5753e+00
3.87616e+18	6.9601e+03	2.544e-21	2.7826e+01	2.9990e+01	3.4426e-13	7.0370e-03	9.9296e-01	2.2677e-02	9.7732e-01	7.0063e-07	3.2195e-16	4.0987e-04	3.0031e-01	6.9847e-01	8.0166e-04	4.9324e-03	6.1674e-01	3.7833e-01	1.1755e-36	1.1755e-36	1.1755e-36	3.3612e-24	0.00e+00	0.00e+00	2.8292e+00
4.07264e+18	7.0683e+03	2.588e-21	2.7826e+01	2.9962e+01	4.0163e-13	7.8522e-03	9.9215e-01	2.4659e-02	9.7534e-01	5.0405e-07	4.4469e-16	4.5161e-04	3.1803e-01	6.8079e-01	7.1951e-04	5.8082e-03	6.4576e-01	3.4843e-01	1.1755e-36	1.1755e-36	1.1755e-36	4.9813e-24	0.00e+00	0.00e+00	3.0880e+00
4.25203e+18	7.1698e+03	2.633e-21	2.7826e+01	2.9930e+01	4.7294e-13	8.7715e-03	9.9123e-01	2.6865e-02	9.7314e-01	3.7685e-07	6.1484e-16	4.9598e-04	3.3664e-01	6.6222e-01	6.4215e-04	6.8283e-03	6.7445e-01	3.1873e-01	1.1755e-36	1.1755e-36	1.1755e-36	7.3957e-24	0.00e+00	0.00e+00	3.3517e+00
4.41682e+18	7.2636e+03	2.680e-21	2.7826e+01	2.9894e+01	5.6246e-13	9.8149e-03	9.9019e-01	2.9323e-02	9.7068e-01	2.9051e-07	8.5136e-16	5.4327e-04	3.5625e-01	6.4264e-01	5.6919e-04	8.0189e-03	7.0261e-01	2.8937e-01	1.1755e-36	1.1755e-36	1.1755e-36	1.1001e-23	0.00e+00	0.00e+00	3.6250e+00
4.55463e+18	7.3471e+03	2.725e-21	2.7826e+01	2.9862e+01	6.6084e-13	1.0881e-02	9.8912e-01	3.1743e-02	9.6826e-01	2.3664e-07	1.1415e-15	5.8813e-04	3.7455e-01	6.2436e-01	5.0812e-04	9.2615e-03	7.2720e-01	2.6354e-01	1.1755e-36	1.1755e-36	1.1755e-36	1.5771e-23	0.00e+00	0.00e+00	3.8489e+00
4.66271e+18	7.4066e+03	2.764e-21	2.7826e+01	2.9825e+01	7.6528e-13	1.1887e-02	9.8811e-01	3.4039e-02	9.6596e-01	2.0123e-07	1.4653e-15	6.2791e-04	3.9083e-01	6.0808e-01	4.5897e-04	1.0455e-02	7.4730e-01	2.4225e-01	1.1755e-36	1.1755e-36	1.1755e-36	2.1403e-23	0.00e+00	0.00e+00	4.0557e+00
4.77658e+18	7.4629e+03	2.804e-21	2.7826e+01	2.9783e+01	9.1255e-13	1.3146e-02	9.8685e-01	3.6929e-02	9.6307e-01	1.6811e-07	1.9492e-15	6.7559e-04	4.1026e-01	5.8866e-01	4.0588e-04	1.1973e-02	7.6912e-01	2.1890e-01	1.1755e-36	1.1755e-36	1.1755e-36	3.0317e-23	0.00e+00	0.00e+00	4.3530e+00
4.89976e+18	7.5318e+03	2.852e-21	2.7826e+01	2.9745e+01	1.1193e-12	1.4787e-02	9.8521e-01	4.0535e-02	9.5947e-01	1.4029e-07	2.7041e-15	7.3140e-04	4.3294e-01	5.6598e-01	3.5063e-04	1.3976e-02	7.9258e-01	1.9344e-01	1.1755e-36	1.1755e-36	1.1755e-36	4.5456e-23	0.00e+00	0.00e+00	4.6586e+00
5.00628e+18	7.5717e+03	2.901e-21	2.7826e+01	2.9673e+01	1.3834e-12	1.6573e-02	9.8343e-01	4.4437e-02	9.5556e-01	1.2020e-07	3.6812e-15	7.8756e-04	4.5541e-01	5.4350e-01	3.0285e-04	1.6173e-02	8.1291e-01	1.7092e-01	1.1755e-36	1.1755e-36	1.1755e-36	6.6363e-23	0.00e+00	0.00e+00	4.9364e+00
5.09672e+18	7.6145e+03	2.942e-21	2.7826e+01	2.9609e+01	1.6780e-12	1.8406e-02	9.8159e-01	4.8382e-02	9.5162e-01	1.0540e-07	4.8850e-15	8.3986e-04	4.7650e-01	5.2240e-01	2.6318e-04	1.8450e-02	8.2991e-01	1.5164e-01	1.1755e-36	1.1755e-36	1.1755e-36	9.4254e-23	0.00e+00	0.00e+00	5.2129e+00
5.19506e+18	7.6552e+03	2.984e-21	2.7826e+01	2.9531e+01	2.1204e-12	2.0828e-02	9.7917e-01	5.3588e-02	9.4641e-01	9.0690e-08	6.8063e-15	9.0313e-04	5.0211e-01	4.9677e-01	2.2101e-04	2.1479e-02	8.4772e-01	1.3080e-01	1.1755e-36	1.1755e-36	1.1755e-36	1.4227e-22	0.00e+00	0.00e+00	5.6197e+00
5.30103e+18	7.6769e+03	3.041e-21	2.7826e+01	2.9433e+01	2.8611e-12	2.4204e-02	9.7580e-01	6.0538e-02	9.3946e-01	7.7688e-08	1.0085e-14	9.7999e-04	5.3285e-01	4.6599e-01	1.7797e-04	2.5702e-02	8.6543e-01	1.0887e-01	1.1755e-36	1.1755e-36	1.1755e-36	2.3265e-22	0.00e+00	0.00e+00	6.0482e+00
5.39260e+18	7.6946e+03	3.090e-21	2.7826e+01	2.9312e+01	3.8459e-12	2.8042e-02	9.7196e-01	6.8202e-02	9.3180e-01	6.8065e-08	1.4721e-14	1.0539e-03	5.6277e-01	4.3603e-01	1.4289e-04	3.0512e-02	8.7915e-01	9.0333e-02	1.1755e-36	1.1755e-36	1.1755e-36	3.7504e-22	0.00e+00	0.00e+00	6.4540e+00
5.46927e+18	7.7017e+03	3.131e-21	2.7826e+01	2.9177e+01	5.1051e-12	3.2193e-02	9.6781e-01	7.6293e-02	9.2371e-01	6.0779e-08	2.0886e-14	1.1220e-03	5.9067e-01	4.0809e-01	1.1540e-04	3.5714e-02	8.8890e-01	7.5388e-02	1.1755e-36	1.1755e-36	1.1755e-36	5.8500e-22	0.00e+00	0.00e+00	6.8555e+00
5.53723e+18	7.7083e+03	3.161e-21	2.7826e+01	2.9002e+01	6.7252e-12	3.6815e-02	9.6318e-01	8.5201e-02	9.1480e-01	5.4726e-08	2.9195e-14	1.1852e-03	6.1746e-01	3.8126e-01	9.3070e-05	4.1499e-02	8.9565e-01	6.2849e-02	1.1755e-36	1.1755e-36	1.1755e-36	8.9798e-22	0.00e+00	0.00e+00	7.2756e+00
5.60005e+18	7.6916e+03	3.192e-21	2.7826e+01	2.8829e+01	9.0904e-12	4.2341e-02	9.5766e-01	9.5389e-02	9.0461e-01	4.9589e-08	4.1252e-14	1.2500e-03	6.4479e-01	3.5389e-01	7.3912e-05	4.8391e-02	8.9976e-01	5.1846e-02	1.1755e-36	1.1755e-36	1.1755e-36	1.4015e-21	0.00e+00	0.00e+00	7.7270e+00
5.65736e+18	7.6850e+03	3.212e-21	2.7826e+01	2.8618e+01	1.2240e-11	4.8738e-02	9.5126e-01	1.0674e-01	8.9326e-01	4.5284e-08	5.8136e-14	1.3103e-03	6.7136e-01	3.2727e-01	5.8254e-05	5.6344e-02	9.0119e-01	4.2467e-02	1.1755e-36	1.1755e-36	1.1755e-36	2.1909e-21	0.00e+00	0.00e+00	8.1889e+00
5.70801e+18	7.6732e+03	3.223e-21	2.7826e+01	2.8386e+01	1.6473e-11	5.5989e-02	9.4401e-01	1.1906e-01	8.8094e-01	4.1705e-08	8.1253e-14	1.3654e-03	6.9653e-01	3.0206e-01	4.5810e-05	6.5321e-02	8.9994e-01	3.4740e-02	1.1755e-36	1.1755e-36	1.1755e-36	3.4013e-21	0.00e+00	0.00e+00	8.6548e+00
5.75275e+18	7.6514e+03	3.228e-21	2.7826e+01	2.8126e+01	2.2213e-11	6.4173e-02	9.3583e-01	1.3236e-01	8.6764e-01	3.8654e-08	1.1261e-13	1.4147e-03	7.2021e-01	2.7834e-01	3.5982e-05	7.5402e-02	8.9618e-01	2.8416e-02	1.1755e-36	1.1755e-36	1.1755e-36	5.2381e-21	0.00e+00	0.00e+00	9.1295e+00
5.79280e+18	7.6285e+03	3.223e-21	2.7826e+01	2.7834e+01	2.9895e-11	7.3429e-02	9.2657e-01	1.4668e-01	8.5332e-01	3.6021e-08	1.5504e-13	1.4578e-03	7.4248e-01	2.5604e-01	2.8204e-05	8.6745e-02	8.9005e-01	2.3203e-02	1.1755e-36	1.1755e-36	1.1755e-36	8.0251e-21	0.00e+00	0.00e+00	9.6198e+00
5.82911e+18	7.5945e+03	3.210e-21	2.7826e+01	2.7503e+01	4.0598e-11	8.4074e-02	9.1593e-01	1.6230e-01	8.3770e-01	3.3671e-08	2.1333e-13	1.4955e-03	7.6364e-01	2.3485e-01	2.1989e-05	9.9713e-02	8.8142e-01	1.8869e-02	1.1755e-36	1.1755e-36	1.1755e-36	1.2318e-20	0.00e+00	0.00e+00	1.0131e+01
5.86208e+18	7.5617e+03	3.195e-21	2.7826e+01	2.7228e+01	5.5472e-11	9.6555e-02	9.0344e-01	1.7939e-01	8.2061e-01	3.1592e-08	2.9615e-13	1.5330e-03	7.8407e-01	2.1438e-01	1.6977e-05	1.1481e-01	8.6996e-01	1.5227e-02	1.1755e-36	1.1755e-36	1.1755e-36	1.9254e-20	0.00e+00	0.00e+00	1.0663e+01
5.89144e+18	7.5443e+03	3.146e-21	2.7826e+01	2.6730e+01	7.3785e-11	1.0981e-01	8.9019e-01	1.9643e-01	8.0357e-01	2.9908e-08	3.9857e-13	1.5495e-03	8.0159e-01	1.9684e-01	1.3298e-05	1.3074e-01	8.5689e-01	1.2370e-02	1.1755e-36	1.1755e-36	1.1755e-36	2.8877e-20	0.00e+00	0.00e+00	1.1191e+01
5.91821e+18	7.5069e+03	3.096e-21	2.7826e+01	2.6259e+01	9.9878e-11	1.2513e-01	8.7487e-01	2.1504e-01	7.8496e-01	2.8275e-08	5.4026e-13	1.5651e-03	8.1848e-01	1.7995e-01	1.0334e-05	1.4902e-01	8.4098e-01	9.9963e-03	1.1755e-36	1.1755e-36	1.1755e-36	4.3855e-20	0.00e+00	0.00e+00	1.1766e+01
5.94339e+18	7.4690e+03	3.035e-21	2.7826e+01	2.5755e+01	1.3674e-10	1.4321e-01	8.5679e-01	2.3528e-01	7.6472e-01	2.6778e-08	7.4035e-13	1.5752e-03	8.3470e-01	1.6371e-01	7.9384e-06	1.7039e-01	8.2162e-01	7.9829e-03	1.1755e-36	1.1755e-36	1.1755e-36	6.7921e-20	0.00e+00	0.00e+00	1.2375e+01
5.96628e+18	7.4313e+03	2.955e-21	2.7826e+01	2.5149e+01	1.8670e-10	1.6347e-01	8.3653e-01	2.5606e-01	7.4394e-01	2.5490e-08	1.0069e-12	1.5741e-03	8.4933e-01	1.4909e-01	6.1138e-06	1.9410e-01	7.9954e-01	6.3621e-03	1.1755e-36	1.1755e-36	1.1755e-36	1.0442e-19	0.00e+00	0.00e+00	1.2994e+01
5.98682e+18	7.3897e+03	2.862e-21	2.7826e+01	2.4483e+01	2.5380e-10	1.8573e-01	8.1427e-01	2.7711e-01	7.2289e-01	2.4360e-08	1.3556e-12	1.5643e-03	8.6246e-01	1.3597e-01	4.7347e-06	2.1988e-01	7.7504e-01	5.0771e-03	1.1755e-36	1.1755e-36	1.1755e-36	1.5875e-19	0.00e+00	0.00e+00	1.3632e+01
6.00572e+18	7.3436e+03	2.754e-21	2.7826e+01	2.3748e+01	3.4521e-10	2.1046e-01	7.8954e-01	2.9861e-01	7.0139e-01	2.3362e-08	1.8160e-12	1.5460e-03	8.7444e-01	1.2401e-01	3.6719e-06	2.4820e-01	7.4776e-01	4.0402e-03	1.1755e-36	1.1755e-36	1.1755e-36	2.4039e-19	0.00e+00	0.00e+00	1.4307e+01
6.02345e+18	7.2825e+03	2.627e-21	2.7826e+01	2.2852e+01	4.7379e-10	2.3785e-01	7.6215e-01	3.2053e-01	6.7947e-01	2.2475e-08	2.4140e-12	1.5143e-03	8.8526e-01	1.1322e-01	2.8540e-06	2.7917e-01	7.1763e-01	3.2031e-03	1.1755e-36	1.1755e-36	1.1755e-36	3.6021e-19	0.00e+00	0.00e+00	1.5026e+01
6.04028e+18	7.2286e+03	2.485e-21	2.7826e+01	2.1928e+01	6.4994e-10	2.6888e-01	7.3112e-01	3.4295e-01	6.5705e-01	2.1743e-08	3.2245e-12	1.4761e-03	8.9545e-01	1.0307e-01	2.2059e-06	3.1374e-01	6.8374e-01	2.5114e-03	1.1755e-36	1.1755e-36	1.1755e-36	5.4687e-19	0.00e+00	0.00e+00	1.5804e+01
6.05617e+18	7.1659e+03	2.328e-21	2.7826e+01	2.0906e+01	8.9849e-10	3.0333e-01	6.9667e-01	3.6566e-01	6.3434e-01	2.1106e-08	4.3007e-12	1.4289e-03	9.0475e-01	9.3816e-02	1.7056e-06	3.5154e-01	6.4651e-01	1.9548e-03	1.1755e-36	1.1755e-36	1.1755e-36	8.3194e-19	0.00e+00	0.00e+00	1.6620e+01
6.07009e+18	7.0810e+03	2.175e-21	2.7826e+01	1.9876e+01	1.2406e-09	3.3900e-01	6.6100e-01	3.8654e-01	6.1345e-01	2.0651e-08	5.6278e-12	1.3771e-03	9.1266e-01	8.5965e-02	1.3439e-06	3.9004e-01	6.0842e-01	1.5377e-03	1.1755e-36	1.1755e-36	1.1755e-36	1.2354e-18	0.00e+00	0.00e+00	1.7366e+01
6.08119e+18	7.0047e+03	2.040e-21	2.7826e+01	1.8957e+01	1.6286e-09	3.7096e-01	6.2904e-01	4.0334e-01	5.9666e-01	2.0417e-08	7.0161e-12	1.3275e-03	9.1869e-01	7.9977e-02	1.1044e-06	4.2399e-01	5.7475e-01	1.2527e-03	1.1755e-36	1.1755e-36	1.1755e-36	1.7151e-18	0.00e+00	0.00e+00	1.7996e+01
6.09002e+18	6.9474e+03	1.922e-21	2.7826e+01	1.8159e+01	2.0175e-09	3.9779e-01	6.0221e-01	4.1669e-01	5.8331e-01	2.0313e-08	8.3336e-12	1.2819e-03	9.2323e-01	7.5485e-02	9.4408e-07	4.5210e-01	5.4684e-01	1.0578e-03	1.1755e-36	1.1755e-36	1.1755e-36	2.2207e-18	0.00e+00	0.00e+00	1.8554e+01
6.09764e+18	6.8720e+03	1.821e-21	2.7826e+01	1.7466e+01	2.4880e-09	4.2300e-01	5.7700e-01	4.2913e-01	5.7087e-01	2.0176e-08	9.7497e-12	1.2423e-03	9.2727e-01	7.1491e-02	8.1902e-07	4.7823e-01	5.2087e-01	9.0752e-04	1.1755e-36	1.1755e-36	1.1755e-36	2.8152e-18	0.00e+00	0.00e+00	1.9094e+01
6.10493e+18	6.8029e+03	1.718e-21	2.7826e+01	1.6752e+01	3.0290e-09	4.4759e-01	5.5241e-01	4.4094e-01	5.5906e-01	2.0101e-08	1.1270e-11	1.2002e-03	9.3093e-01	6.7871e-02	7.1536e-07	5.0341e-01	4.9581e-01	7.8136e-04	1.1755e-36	1.1755e-36	1.1755e-36	3.5103e-18	0.00e+00	0.00e+00	1.9669e+01
6.11203e+18	6.7340e+03	1.615e-21	2.7826e+01	1.6018e+01	3.6720e-09	4.7217e-01	5.2783e-01	4.5196e-01	5.4804e-01	2.0120e-08	1.2933e-11	1.1554e-03	9.3426e-01	6.4582e-02	6.2811e-07	5.2829e-01	4.7104e-01	6.7334e-04	1.1755e-36	1.1755e-36	1.1755e-36	4.3378e-18	0.00e+00	0.00e+00	2.0240e+01
6.11846e+18	6.6624e+03	1.523e-21	2.7826e+01	1.5360e+01	4.4171e-09	4.9572e-01	5.0428e-01	4.6221e-01	5.3779e-01	2.0140e-08	1.4724e-11	1.1149e-03	9.3727e-01	6.1617e-02	5.5672e-07	5.5188e-01	4.4753e-01	5.8512e-04	1.1755e-36	1.1755e-36	1.1755e-36	5.3119e-18	0.00e+00	0.00e+00	2.0762e+01
6.12426e+18	6.5917e+03	1.439e-21	2.7826e+01	1.4739e+01	5.2357e-09	5.1706e-01	4.8294e-01	4.7131e-01	5.2869e-01	2.0209e-08	1.6484e-11	1.0759e-03	9.3987e-01	5.9056e-02	4.9968e-07	5.7304e-01	4.2644e-01	5.1477e-04	1.1755e-36	1.1755e-36	1.1755e-36	6.3445e-18	0.00e+00	0.00e+00	2.1271e+01
6.12972e+18	6.5213e+03	1.361e-21	2.7826e+01	1.4150e+01	6.1620e-09	5.3738e-01	4.6262e-01	4.7986e-01	5.2014e-01	2.0296e-08	1.8315e-11	1.0386e-03	9.4225e-01	5.6711e-02	4.5130e-07	5.9301e-01	4.0654e-01	4.5535e-04	1.1755e-36	1.1755e-36	1.1755e-36	7.5041e-18	0.00e+00	0.00e+00	2.1772e+01
6.13408e+18	6.4707e+03	1.299e-21	2.7826e+01	1.3670e+01	6.9774e-09	5.5349e-01	4.4651e-01	4.8588e-01	5.1412e-01	2.0449e-08	1.9849e-11	1.0075e-03	9.4393e-01	5.5066e-02	4.1806e-07	6.0869e-01	3.9090e-01	4.1302e-04	1.1755e-36	1.1755e-36	1.1755e-36	8.5492e-18	0.00e+00	0.00e+00	2.2102e+01
6.13712e+18	6.4282e+03	1.257e-21	2.7826e+01	1.3350e+01	7.6604e-09	5.6502e-01	4.3498e-01	4.9058e-01	5.0942e-01	2.0516e-08	2.1054e-11	9.8696e-04	9.4519e-01	5.3821e-02	3.9517e-07	6.1985e-01	3.7977e-01	3.8511e-04	1.1755e-36	1.1755e-36	1.1755e-36	9.4145e-18	0.00e+00	0.00e+00	2.2370e+01
6.13994e+18	6.3884e+03	1.217e-21	2.7826e+01	1.3032e+01	8.3366e-09	5.7518e-01	4.2482e-01	4.9485e-01	5.0515e-01	2.0606e-08	2.2123e-11	9.6618e-04	9.4633e-01	5.2702e-02	3.7529e-07	6.2965e-01	3.6999e-01	3.6126e-04	1.1755e-36	1.1755e-36	1.1755e-36	1.0206e-17	0.00e+00	0.00e+00	2.2668e+01
6.14323e+18	6.3343e+03	1.172e-21	2.7826e+01	1.2678e+01	9.2764e-09	5.8746e-01	4.1254e-01	5.0029e-01	4.9971e-01	2.0666e-08	2.3533e-11	9.4329e-04	9.4773e-01	5.1324e-02	3.5245e-07	6.4142e-01	3.5824e-01	3.3458e-04	1.1755e-36	1.1755e-36	1.1755e-36	1.1303e-17	0.00e+00	0.00e+00	2.3043e+01
6.14690e+18	6.2777e+03	1.122e-21	2.7826e+01	1.2286e+01	1.0410e-08	6.0100e-01	3.9900e-01	5.0596e-01	4.9404e-01	2.0775e-08	2.5171e-11	9.1756e-04	9.4919e-01	4.9892e-02	3.2933e-07	6.5433e-01	3.4536e-01	3.0717e-04	1.1755e-36	1.1755e-36	1.1755e-36	1.2654e-17	0.00e+00	0.00e+00	2.3433e+01
6.15043e+18	6.2205e+03	1.076e-21	2.7826e+01	1.1909e+01	1.1662e-08	6.1406e-01	3.8594e-01	5.1133e-01	4.8867e-01	2.0894e-08	2.6859e-11	8.9276e-04	9.5055e-01	4.8556e-02	3.0867e-07	6.6672e-01	3.3300e-01	2.8269e-04	1.1755e-36	1.1755e-36	1.1755e-36	1.4135e-17	0.00e+00	0.00e+00	2.3797e+01
6.15370e+18	6.1561e+03	1.034e-21	2.7826e+01	1.1574e+01	1.3106e-08	6.2648e-01	3.7352e-01	5.1673e-01	4.8327e-01	2.0955e-08	2.8633e-11	8.7086e-04	9.5185e-01	4.7276e-02	2.9022e-07	6.7843e-01	3.2131e-01	2.6137e-04	1.1755e-36	1.1755e-36	1.1755e-36	1.5795e-17	0.00e+00	0.00e+00	2.4144e+01
6.15670e+18	6.1116e+03	9.961e-22	2.7826e+01	1.1256e+01	1.4357e-08	6.3708e-01	3.6292e-01	5.2102e-01	4.7898e-01	2.1100e-08	3.0151e-11	8.4949e-04	9.5292e-01	4.6228e-02	2.7512e-07	6.8836e-01	3.1140e-01	2.4361e-04	1.1755e-36	1.1755e-36	1.1755e-36	1.7293e-17	0.00e+00	0.00e+00	2.4464e+01
6.15973e+18	6.0467e+03	9.589e-22	2.7826e+01	1.0944e+01	1.6064e-08	6.4828e-01	3.5172e-01	5.2615e-01	4.7385e-01	2.1161e-08	3.1960e-11	8.2895e-04	9.5411e-01	4.5060e-02	2.5970e-07	6.9883e-01	3.0095e-01	2.2638e-04	1.1755e-36	1.1755e-36	1.1755e-36	1.9189e-17	0.00e+00	0.00e+00	2.4829e+01
6.16285e+18	6.0036e+03	9.207e-22	2.7826e+01	1.0619e+01	1.7576e-08	6.5877e-01	3.4123e-01	5.3038e-01	4.6962e-01	2.1350e-08	3.3623e-11	8.0672e-04	9.5515e-01	4.4039e-02	2.4597e-07	7.0856e-01	2.9123e-01	2.1046e-04	1.1755e-36	1.1755e-36	1.1755e-36	2.1026e-17	0.00e+00	0.00e+00	2.5179e+01
6.16602e+18	5.9404e+03	8.834e-22	2.7826e+01	1.0296e+01	1.9652e-08	6.6988e-01	3.3012e-01	5.3541e-01	4.6459e-01	2.1463e-08	3.5619e-11	7.8504e-04	9.5630e-01	4.2911e-02	2.3200e-07	7.1884e-01	2.8097e-01	1.9500e-04	1.1755e-36	1.1755e-36	1.1755e-36	2.3382e-17	0.00e+00	0.00e+00	2.5571e+01
6.16927e+18	5.8780e+03	8.466e-22	2.7826e+01	9.9748e+00	2.1977e-08	6.8103e-01	3.1897e-01	5.4035e-01	4.5965e-01	2.1598e-08	3.7771e-11	7.6328e-04	9.5742e-01	4.1818e-02	2.1885e-07	7.2910e-01	2.7072e-01	1.8039e-04	1.1755e-36	1.1755e-36	1.1755e-36	2.6104e-17	0.00e+00	0.00e+00	2.5949e+01
6.17234e+18	5.8181e+03	8.130e-22	2.7826e+01	9.6760e+00	2.4440e-08	6.9137e-01	3.0863e-01	5.4501e-01	4.5499e-01	2.1730e-08	3.9925e-11	7.4296e-04	9.5845e-01	4.0805e-02	2.0716e-07	7.3856e-01	2.6127e-01	1.6758e-04	1.1755e-36	1.1755e-36	1.1755e-36	2.9023e-17	0.00e+00	0.00e+00	2.6311e+01
6.17531e+18	5.7570e+03	7.813e-22	2.7826e+01	9.3916e+00	2.7164e-08	7.0121e-01	2.9879e-01	5.4961e-01	4.5039e-01	2.1850e-08	4.2161e-11	7.2360e-04	9.5944e-01	3.9832e-02	1.9640e-07	7.4753e-01	2.5231e-01	1.5601e-04	1.1755e-36	1.1755e-36	1.1755e-36	3.2269e-17	0.00e+00	0.00e+00	2.6676e+01
6.17827e+18	5.6924e+03	7.510e-22	2.7826e+01	9.1179e+00	3.0309e-08	7.1097e-01	2.8903e-01	5.5440e-01	4.4560e-01	2.1943e-08	4.4624e-11	7.0503e-04	9.6043e-01	3.8861e-02	1.8615e-07	7.5639e-01	2.4346e-01	1.4520e-04	1.1755e-36	1.1755e-36	1.1755e-36	3.6107e-17	0.00e+00	0.00e+00	2.7045e+01
6.18117e+18	5.6336e+03	7.219e-22	2.7826e+01	8.8472e+00	3.3535e-08	7.1998e-01	2.8002e-01	5.5867e-01	4.4133e-01	2.2089e-08	4.7011e-11	6.8635e-04	9.6134e-01	3.7978e-02	1.7697e-07	7.6455e-01	2.3531e-01	1.3552e-04	1.1755e-36	1.1755e-36	1.1755e-36	4.0104e-17	0.00e+00	0.00e+00	2.7405e+01
6.18407e+18	5.5685e+03	6.940e-22	2.7826e+01	8.5920e+00	3.7394e-08	7.2919e-01	2.7081e-01	5.6347e-01	4.3653e-01	2.2168e-08	4.9805e-11	6.6894e-04	9.6228e-01	3.7051e-02	1.6790e-07	7.7283e-01	2.2704e-01	1.2627e-04	1.1755e-36	1.1755e-36	1.1755e-36	4.5110e-17	0.00e+00	0.00e+00	2.7783e+01
6.18698e+18	5.5039e+03	6.669e-22	2.7826e+01	8.3347e+00	4.1639e-08	7.3800e-01	2.6200e-01	5.6799e-01	4.3201e-01	2.2285e-08	5.2699e-11	6.5120e-04	9.6317e-01	3.6179e-02	1.5954e-07	7.8074e-01	2.1914e-01	1.1776e-04	1.1755e-36	1.1755e-36	1.1755e-36	5.0721e-17	0.00e+00	0.00e+00	2.8155e+01
6.18982e+18	5.4403e+03	6.414e-22	2.7826e+01	8.0911e+00	4.6259e-08	7.4640e-01	2.5360e-01	5.7245e-01	4.2755e-01	2.2390e-08	5.5762e-11	6.3438e-04	9.6402e-01	3.5341e-02	1.5179e-07	7.8824e-01	2.1165e-01	1.1001e-04	1.1755e-36	1.1755e-36	1.1755e-36	5.7103e-17	0.00e+00	0.00e+00	2.8524e+01
6.19263e+18	5.3691e+03	6.172e-22	2.7826e+01	7.8528e+00	5.1811e-08	7.5462e-01	2.4538e-01	5.7705e-01	4.2295e-01	2.2469e-08	5.9219e-11	6.1803e-04	9.6487e-01	3.4514e-02	1.4445e-07	7.9558e-01	2.0431e-01	1.0282e-04	1.1755e-36	1.1755e-36	1.1755e-36	6.4920e-17	0.00e+00	0.00e+00	2.8897e+01
6.19535e+18	5.3115e+03	5.944e-22	2.7826e+01	7.6302e+00	5.7031e-08	7.6211e-01	2.3789e-01	5.8115e-01	4.1885e-01	2.2589e-08	6.2533e-11	6.0245e-04	9.6563e-01	3.3765e-02	1.3789e-07	8.0223e-01	1.9768e-01	9.6403e-05	1.1755e-36	1.1755e-36	1.1755e-36	7.2916e-17	0.00e+00	0.00e+00	2.9248e+01
6.19810e+18	5.2441e+03	5.721e-22	2.7826e+01	7.4092e+00	6.3488e-08	7.6965e-01	2.3035e-01	5.8567e-01	4.1433e-01	2.2664e-08	6.6440e-11	5.8715e-04	9.6643e-01	3.2986e-02	1.3139e-07	8.0890e-01	1.9101e-01	9.0272e-05	1.1755e-36	1.1755e-36	1.1755e-36	8.3088e-17	0.00e+00	0.00e+00	2.9636e+01
6.20094e+18	5.1711e+03	5.502e-22	2.7826e+01	7.1864e+00	7.1194e-08	7.7732e-01	2.2268e-01	5.9035e-01	4.0965e-01	2.2732e-08	7.1000e-11	5.7175e-04	9.6722e-01	3.2206e-02	1.2508e-07	8.1567e-01	1.8424e-01	8.4355e-05	1.1755e-36	1.1755e-36	1.1755e-36	9.5955e-17	0.00e+00	0.00e+00	3.0022e+01
6.20366e+18	5.1088e+03	5.300e-22	2.7826e+01	6.9808e+00	7.8650e-08	7.8425e-01	2.1575e-01	5.9456e-01	4.0544e-01	2.2826e-08	7.5467e-11	5.5735e-04	9.6794e-01	3.1502e-02	1.1755e-36	8.2176e-01	1.7816e-01	7.9137e-05	1.1755e-36	1.1755e-36	1.1755e-36	1.0949e-16	0.00e+00	0.00e+00	3.0381e+01
6.20634e+18	5.0373e+03	5.107e-22	2.7826e+01	6.7823e+00	8.7758e-08	7.9108e-01	2.0892e-01	5.9914e-01	4.0086e-01	2.2862e-08	8.0761e-11	5.4364e-04	9.6867e-01	3.0787e-02	1.1755e-36	8.2775e-01	1.7217e-01	7.4258e-05	1.1755e-36	1.1755e-36	1.1755e-36	1.2684e-16	0.00e+00	0.00e+00	3.0763e+01
6.20904e+18	4.9682e+03	4.921e-22	2.7826e+01	6.5877e+00	9.7513e-08	7.9769e-01	2.0231e-01	6.0357e-01	3.9643e-01	2.2915e-08	8.5922e-11	5.3012e-04	9.6940e-01	3.0066e-02	1.1755e-36	8.3354e-01	1.6639e-01	6.9693e-05	1.1755e-36	1.1755e-36	1.1755e-36	1.4499e-16	0.00e+00	0.00e+00	3.1135e+01
6.21169e+18	4.8975e+03	4.745e-22	2.7826e+01	6.4013e+00	1.0830e-07	8.0402e-01	1.9598e-01	6.0803e-01	3.9197e-01	2.2948e-08	9.0739e-11	5.1723e-04	9.7016e-01	2.9318e-02	1.1755e-36	8.3906e-01	1.6088e-01	6.5493e-05	1.1755e-36	1.1755e-36	1.1755e-36	1.6311e-16	0.00e+00	0.00e+00	3.1509e+01
6.21434e+18	4.8256e+03	4.575e-22	2.7826e+01	6.2195e+00	1.2027e-07	8.1018e-01	1.8982e-01	6.1255e-01	3.8745e-01	2.2970e-08	9.5823e-11	5.0468e-04	9.7091e-01	2.8580e-02	1.1755e-36	8.4442e-01	1.5552e-01	6.1551e-05	1.1755e-36	1.1755e-36	1.1755e-36	1.8359e-16	0.00e+00	0.00e+00	3.1887e+01
6.21701e+18	4.7525e+03	4.412e-22	2.7826e+01	6.0418e+00	1.3352e-07	8.1619e-01	1.8381e-01	6.1712e-01	3.8288e-01	2.2982e-08	1.0118e-10	4.9242e-04	9.7166e-01	2.7851e-02	1.1755e-36	8.4963e-01	1.5031e-01	5.7842e-05	1.1755e-36	1.1755e-36	1.1755e-36	2.0666e-16	0.00e+00	0.00e+00	3.2270e+01
6.21969e+18	4.6779e+03	4.253e-22	2.7826e+01	5.8679e+00	1.4816e-07	8.2206e-01	1.7794e-01	6.2175e-01	3.7825e-01	2.2982e-08	1.0679e-10	4.8045e-04	9.7239e-01	2.7128e-02	1.1755e-36	8.5471e-01	1.4524e-01	5.4349e-05	1.1755e-36	1.1755e-36	1.1755e-36	2.3252e-16	0.00e+00	0.00e+00	3.2659e+01
6.22240e+18	4.6015e+03	4.099e-22	2.7826e+01	5.6971e+00	1.6427e-07	8.2781e-01	1.7219e-01	6.2648e-01	3.7352e-01	2.2969e-08	1.1265e-10	4.6871e-04	9.7312e-01	2.6410e-02	1.1755e-36	8.5968e-01	1.4027e-01	5.1043e-05	1.1755e-36	1.1755e-36	1.1755e-36	2.6131e-16	0.00e+00	0.00e+00	3.3055e+01
6.22515e+18	4.5241e+03	3.948e-22	2.7826e+01	5.5254e+00	1.8162e-07	8.3336e-01	1.6664e-01	6.3117e-01	3.6883e-01	2.2969e-08	1.1853e-10	4.5687e-04	9.7384e-01	2.5705e-02	1.1755e-36	8.6447e-01	1.3548e-01	4.7929e-05	1.1755e-36	1.1755e-36	1.1755e-36	2.9219e-16	0.00e+00	0.00e+00	3.3462e+01
6.22799e+18	4.4459e+03	3.798e-22	2.7826e+01	5.3560e+00	2.0028e-07	8.3893e-01	1.6107e-01	6.3610e-01	3.6390e-01	2.2950e-08	1.2463e-10	4.4519e-04	9.7457e-01	2.4986e-02	1.1755e-36	8.6926e-01	1.3069e-01	4.4905e-05	1.1755e-36	1.1755e-36	1.1755e-36	3.2594e-16	0.00e+00	0.00e+00	3.3891e+01
6.23101e+18	4.3570e+03	3.646e-22	2.7826e+01	5.1844e+00	2.2243e-07	8.4485e-01	1.5515e-01	6.4167e-01	3.5833e-01	2.2866e-08	1.3138e-10	4.3360e-04	9.7535e-01	2.4213e-02	1.1755e-36	8.7433e-01	1.2563e-01	4.1869e-05	1.1755e-36	1.1755e-36	1.1755e-36	3.6565e-16	0.00e+00	0.00e+00	3.4354e+01
6.23413e+18	4.2680e+03	3.496e-22	2.7826e+01	5.0093e+00	2.4517e-07	8.5063e-01	1.4937e-01	6.4715e-01	3.5285e-01	2.2813e-08	1.3778e-10	4.2166e-04	9.7612e-01	2.3458e-02	1.1755e-36	8.7928e-01	1.2068e-01	3.8984e-05	1.1755e-36	1.1755e-36	1.1755e-36	4.0537e-16	0.00e+00	0.00e+00	3.4823e+01
6.23739e+18	4.1708e+03	3.346e-22	2.7826e+01	4.8325e+00	2.6997e-07	8.5649e-01	1.4351e-01	6.5309e-01	3.4691e-01	2.2716e-08	1.4400e-10	4.0978e-04	9.7692e-01	2.2673e-02	1.1755e-36	8.8428e-01	1.1568e-01	3.6181e-05	1.1755e-36	1.1755e-36	1.1755e-36	4.4594e-16	0.00e+00	0.00e+00	3.5331e+01
6.24092e+18	4.0609e+03	3.191e-22	2.7826e+01	4.6461e+00	2.9708e-07	8.6266e-01	1.3734e-01	6.5962e-01	3.4038e-01	2.2580e-08	1.4982e-10	3.9743e-04	9.7776e-01	2.1840e-02	1.1755e-36	8.8955e-01	1.1042e-01	3.3365e-05	1.1755e-36	1.1755e-36	1.1755e-36	4.8536e-16	0.00e+00	0.00e+00	3.5889e+01
6.24460e+18	3.9516e+03	3.038e-22	2.7826e+01	4.4587e+00	3.2210e-07	8.6885e-01	1.3115e-01	6.6611e-01	3.3389e-01	2.2467e-08	1.5435e-10	3.8499e-04	9.7859e-01	2.1026e-02	1.1755e-36	8.9481e-01	1.0516e-01	3.0665e-05	1.1755e-36	1.1755e-36	1.1755e-36	5.1628e-16	0.00e+00	0.00e+00	3.6449e+01
###########################
1.98915e+14	6.9680e+03	2.798e-21	2.7826e+01	3.0170e+01	5.9057e-14	2.9291e-03	9.9707e-01	9.8311e-03	9.7908e-01	1.1094e-02	2.0234e-17	1.3615e-04	1.5646e-01	8.4050e-01	2.9020e-03	9.8991e-04	3.3818e-01	6.5842e-01	2.4173e-03	1.1755e-36	1.1755e-36	1.7099e-25	0.00e+00	0.00e+00	2.0471e-04
1.19349e+15	6.9654e+03	2.797e-21	2.7826e+01	3.0167e+01	5.9135e-14	2.9284e-03	9.9707e-01	9.8321e-03	9.7908e-01	1.1085e-02	2.0213e-17	1.3602e-04	1.5648e-01	8.4048e-01	2.9057e-03	9.8931e-04	3.3805e-01	6.5855e-01	2.4095e-03	1.1755e-36	1.1755e-36	1.7069e-25	0.00e+00	0.00e+00	1.0233e-03
5.17178e+15	6.9593e+03	2.795e-21	2.7826e+01	3.0166e+01	5.9359e-14	2.9276e-03	9.9707e-01	9.8396e-03	9.7915e-01	1.1014e-02	2.0208e-17	1.3602e-04	1.5659e-01	8.4038e-01	2.8969e-03	9.8918e-04	3.3804e-01	6.5859e-01	2.3755e-03	1.1755e-36	1.1755e-36	1.7038e-25	0.00e+00	0.00e+00	4.2969e-03
2.10850e+16	6.9473e+03	2.785e-21	2.7826e+01	3.0165e+01	5.9837e-14	2.9266e-03	9.9707e-01	9.8677e-03	9.7948e-01	1.0654e-02	2.0246e-17	1.3634e-04	1.5696e-01	8.4004e-01	2.8666e-03	9.9057e-04	3.3837e-01	6.5839e-01	2.2435e-03	1.1755e-36	1.1755e-36	1.7001e-25	0.00e+00	0.00e+00	1.7387e-02
5.03652e+16	6.8926e+03	2.755e-21	2.7826e+01	3.0165e+01	6.0978e-14	2.8995e-03	9.9710e-01	9.8980e-03	9.7968e-01	1.0420e-02	1.9831e-17	1.3597e-04	1.5741e-01	8.3962e-01	2.8360e-03	9.8138e-04	3.3800e-01	6.5895e-01	2.0726e-03	1.1755e-36	1.1755e-36	1.6333e-25	0.00e+00	0.00e+00	3.4246e-02
8.84295e+16	6.8364e+03	2.725e-21	2.7826e+01	3.0164e+01	6.2429e-14	2.8775e-03	9.9712e-01	9.9452e-03	9.8023e-01	9.8199e-03	1.9538e-17	1.3598e-04	1.5805e-01	8.3904e-01	2.7815e-03	9.7599e-04	3.3821e-01	6.5895e-01	1.8596e-03	1.1755e-36	1.1755e-36	1.5789e-25	0.00e+00	0.00e+00	5.5996e-02
1.37913e+17	6.7741e+03	2.694e-21	2.7826e+01	3.0163e+01	6.4380e-14	2.8590e-03	9.9714e-01	1.0007e-02	9.8112e-01	8.8697e-03	1.9193e-17	1.3626e-04	1.5883e-01	8.3833e-01	2.7032e-03	9.6737e-04	3.3678e-01	6.6064e-01	1.6124e-03	1.1755e-36	1.1755e-36	1.5207e-25	0.00e+00	0.00e+00	8.4090e-02
2.02242e+17	6.7077e+03	2.658e-21	2.7826e+01	3.0160e+01	6.6813e-14	2.8457e-03	9.9715e-01	1.0100e-02	9.8231e-01	7.5892e-03	1.9117e-17	1.3702e-04	1.6001e-01	8.3725e-01	2.6010e-03	9.7061e-04	3.3861e-01	6.5909e-01	1.3258e-03	1.1755e-36	1.1755e-36	1.4816e-25	0.00e+00	0.00e+00	1.2044e-01
2.85869e+17	6.6358e+03	2.619e-21	2.7826e+01	3.0156e+01	7.0035e-14	2.8394e-03	9.9716e-01	1.0226e-02	9.8372e-01	6.0510e-03	1.9247e-17	1.3837e-04	1.6164e-01	8.3574e-01	2.4772e-03	9.8167e-04	3.4209e-01	6.5591e-01	1.0213e-03	1.1755e-36	1.1755e-36	1.4573e-25	0.00e+00	0.00e+00	1.6760e-01
3.94585e+17	6.5595e+03	2.576e-21	2.7826e+01	3.0152e+01	7.4336e-14	2.8436e-03	9.9716e-01	1.0397e-02	9.8520e-01	4.4065e-03	1.9675e-17	1.4053e-04	1.6385e-01	8.3367e-01	2.3381e-03	1.0029e-03	3.4749e-01	6.5079e-01	7.2327e-04	1.1755e-36	1.1755e-36	1.4550e-25	0.00e+00	0.00e+00	2.2899e-01
5.35915e+17	6.4812e+03	2.532e-21	2.7826e+01	3.0146e+01	7.9892e-14	2.8634e-03	9.9714e-01	1.0623e-02	9.8651e-01	2.8632e-03	2.0471e-17	1.4385e-04	1.6683e-01	8.3084e-01	2.1923e-03	1.0372e-03	3.5500e-01	6.4350e-01	4.6028e-04	1.1755e-36	1.1755e-36	1.4769e-25	0.00e+00	0.00e+00	3.0935e-01
7.19644e+17	6.4041e+03	2.489e-21	2.7826e+01	3.0141e+01	8.7335e-14	2.9078e-03	9.9709e-01	1.0929e-02	9.8745e-01	1.6170e-03	2.1867e-17	1.4892e-04	1.7088e-01	8.2692e-01	2.0469e-03	1.0899e-03	3.6493e-01	6.3372e-01	2.5618e-04	1.1755e-36	1.1755e-36	1.5417e-25	0.00e+00	0.00e+00	4.1544e-01
9.58492e+17	6.3323e+03	2.448e-21	2.7826e+01	3.0137e+01	9.7649e-14	2.9913e-03	9.9701e-01	1.1356e-02	9.8787e-01	7.7149e-04	2.4253e-17	1.5652e-04	1.7649e-01	8.2145e-01	1.9031e-03	1.1701e-03	3.7778e-01	6.2093e-01	1.2087e-04	1.1755e-36	1.1755e-36	1.6780e-25	0.00e+00	0.00e+00	5.5733e-01
1.26899e+18	6.2855e+03	2.411e-21	2.7826e+01	3.0129e+01	1.1110e-13	3.1338e-03	9.9687e-01	1.1952e-02	9.8775e-01	3.0249e-04	2.8382e-17	1.6844e-04	1.8427e-01	8.1380e-01	1.7574e-03	1.2939e-03	3.9474e-01	6.0392e-01	4.6746e-05	1.1755e-36	1.1755e-36	1.9474e-25	0.00e+00	0.00e+00	7.5056e-01
1.67265e+18	6.2732e+03	2.385e-21	2.7826e+01	3.0119e+01	1.3040e-13	3.3801e-03	9.9662e-01	1.2843e-02	9.8706e-01	9.5046e-05	3.6167e-17	1.8724e-04	1.9558e-01	8.0264e-01	1.5962e-03	1.4972e-03	4.1818e-01	5.8031e-01	1.4315e-05	1.1755e-36	1.1755e-36	2.5055e-25	0.00e+00	0.00e+00	1.0215e+00
2.12678e+18	6.3059e+03	2.372e-21	2.7826e+01	3.0106e+01	1.5380e-13	3.7271e-03	9.9627e-01	1.3973e-02	9.8600e-01	2.7577e-05	4.8651e-17	2.1219e-04	2.0942e-01	7.8894e-01	1.4347e-03	1.7862e-03	4.4640e-01	5.5181e-01	4.0291e-06	1.1755e-36	1.1755e-36	3.4723e-25	0.00e+00	0.00e+00	1.3174e+00
2.54763e+18	6.3934e+03	2.381e-21	2.7826e+01	3.0090e+01	1.7822e-13	4.1608e-03	9.9584e-01	1.5246e-02	9.8474e-01	9.7492e-06	6.7432e-17	2.4146e-04	2.2435e-01	7.7412e-01	1.2917e-03	2.1542e-03	4.7634e-01	5.2151e-01	1.3410e-06	1.1755e-36	1.1755e-36	5.0709e-25	0.00e+00	0.00e+00	1.6023e+00
2.89999e+18	6.5075e+03	2.405e-21	2.7826e+01	3.0073e+01	2.0324e-13	4.6439e-03	9.9536e-01	1.6572e-02	9.8342e-01	4.4588e-06	9.3290e-17	2.7243e-04	2.3918e-01	7.5938e-01	1.1711e-03	2.5791e-03	5.0552e-01	4.9190e-01	5.6282e-07	1.1755e-36	1.1755e-36	7.4731e-25	0.00e+00	0.00e+00	1.8593e+00
3.18821e+18	6.6236e+03	2.434e-21	2.7826e+01	3.0054e+01	2.3018e-13	5.1533e-03	9.9485e-01	1.7923e-02	9.8207e-01	2.4783e-06	1.2718e-16	3.0358e-04	2.5359e-01	7.4503e-01	1.0687e-03	3.0466e-03	5.3316e-01	4.6380e-01	2.8322e-07	1.1755e-36	1.1755e-36	1.0875e-24	0.00e+00	0.00e+00	2.0960e+00
3.43618e+18	6.7364e+03	2.467e-21	2.7826e+01	3.0036e+01	2.6077e-13	5.7022e-03	9.9430e-01	1.9332e-02	9.8067e-01	1.5402e-06	1.7203e-16	3.3604e-04	2.6816e-01	7.3053e-01	9.7615e-04	3.5723e-03	5.6024e-01	4.3618e-01	1.5770e-07	1.1755e-36	1.1755e-36	1.5688e-24	0.00e+00	0.00e+00	2.3309e+00
3.66346e+18	6.8484e+03	2.504e-21	2.7826e+01	3.0014e+01	2.9799e-13	6.3223e-03	9.9368e-01	2.0907e-02	9.7909e-01	1.0162e-06	2.3420e-16	3.7119e-04	2.8364e-01	7.1510e-01	8.8765e-04	4.1913e-03	5.8802e-01	4.0779e-01	1.1755e-36	1.1755e-36	1.1755e-36	2.2821e-24	0.00e+00	0.00e+00	2.5753e+00
3.87616e+18	6.9601e+03	2.544e-21	2.7826e+01	2.9990e+01	3.4423e-13	7.0371e-03	9.9296e-01	2.2677e-02	9.7732e-01	7.0063e-07	3.2193e-16	4.0987e-04	3.0031e-01	6.9847e-01	8.0166e-04	4.9324e-03	6.1674e-01	3.7833e-01	1.1755e-36	1.1755e-36	1.1755e-36	3.3608e-24	0.00e+00	0.00e+00	2.8292e+00
4.07264e+18	7.0683e+03	2.588e-21	2.7826e+01	2.9962e+01	4.0160e-13	7.8522e-03	9.9215e-01	2.4659e-02	9.7534e-01	5.0405e-07	4.4466e-16	4.5161e-04	3.1803e-01	6.8079e-01	7.1951e-04	5.8082e-03	6.4576e-01	3.4843e-01	1.1755e-36	1.1755e-36	1.1755e-36	4.9805e-24	0.00e+00	0.00e+00	3.0880e+00
4.25202e+18	7.1698e+03	2.633e-21	2.7826e+01	2.9930e+01	4.7290e-13	8.7715e-03	9.9123e-01	2.6865e-02	9.7314e-01	3.7685e-07	6.1477e-16	4.9598e-04	3.3664e-01	6.6222e-01	6.4215e-04	6.8283e-03	6.7445e-01	3.1873e-01	1.1755e-36	1.1755e-36	1.1755e-36	7.3942e-24	0.00e+00	0.00e+00	3.3517e+00
4.41682e+18	7.2636e+03	2.680e-21	2.7826e+01	2.9894e+01	5.6242e-13	9.8149e-03	9.9019e-01	2.9323e-02	9.7068e-01	2.9051e-07	8.5129e-16	5.4327e-04	3.5625e-01	6.4264e-01	5.6919e-04	8.0189e-03	7.0261e-01	2.8937e-01	1.1755e-36	1.1755e-36	1.1755e-36	1.0999e-23	0.00e+00	0.00e+00	3.6250e+00
4.55462e+18	7.3471e+03	2.725e-21	2.7826e+01	2.9862e+01	6.6087e-13	1.0881e-02	9.8912e-01	3.1743e-02	9.6826e-01	2.3664e-07	1.1416e-15	5.8813e-04	3.7455e-01	6.2436e-01	5.0812e-04	9.2615e-03	7.2720e-01	2.6354e-01	1.1755e-36	1.1755e-36	1.1755e-36	1.5772e-23	0.00e+00	0.00e+00	3.8489e+00
4.66271e+18	7.4066e+03	2.764e-21	2.7826e+01	2.9825e+01	7.6522e-13	1.1887e-02	9.8811e-01	3.4039e-02	9.6596e-01	2.0123e-07	1.4651e-15	6.2791e-04	3.9083e-01	6.0808e-01	4.5897e-04	1.0455e-02	7.4730e-01	2.4225e-01	1.1755e-36	1.1755e-36	1.1755e-36	2.1400e-23	0.00e+00	0.00e+00	4.0557e+00
4.77658e+18	7.4629e+03	2.804e-21	2.7826e+01	2.9783e+01	9.1248e-13	1.3146e-02	9.8685e-01	3.6929e-02	9.6307e-01	1.6811e-07	1.9491e-15	6.7559e-04	4.1026e-01	5.8866e-01	4.0588e-04	1.1973e-02	7.6912e-01	2.1890e-01	1.1755e-36	1.1755e-36	1.1755e-36	3.0312e-23	0.00e+00	0.00e+00	4.3530e+00
4.89976e+18	7.5318e+03	2.852e-21	2.7826e+01	2.9745e+01	1.1192e-12	1.4787e-02	9.8521e-01	4.0535e-02	9.5947e-01	1.4029e-07	2.7039e-15	7.3140e-04	4.3294e-01	5.6598e-01	3.5063e-04	1.3976e-02	7.9258e-01	1.9344e-01	1.1755e-36	1.1755e-36	1.1755e-36	4.5449e-23	0.00e+00	0.00e+00	4.6586e+00
5.00628e+18	7.5717e+03	2.901e-21	2.7826e+01	2.9673e+01	1.3833e-12	1.6573e-02	9.8343e-01	4.4437e-02	9.5556e-01	1.2020e-07	3.6809e-15	7.8756e-04	4.5541e-01	5.4350e-01	3.0285e-04	1.6173e-02	8.1291e-01	1.7092e-01	1.1755e-36	1.1755e-36	1.1755e-36	6.6351e-23	0.00e+00	0.00e+00	4.9364e+00
5.09672e+18	7.6145e+03	2.942e-21	2.7826e+01	2.9609e+01	1.6778e-12	1.8406e-02	9.8159e-01	4.8382e-02	9.5162e-01	1.0540e-07	4.8845e-15	8.3986e-04	4.7650e-01	5.2240e-01	2.6318e-04	1.8450e-02	8.2991e-01	1.5164e-01	1.1755e-36	1.1755e-36	1.1755e-36	9.4236e-23	0.00e+00	0.00e+00	5.2129e+00
5.19506e+18	7.6552e+03	2.984e-21	2.7826e+01	2.9531e+01	2.1202e-12	2.0828e-02	9.7917e-01	5.3588e-02	9.4641e-01	9.0690e-08	6.8056e-15	9.0313e-04	5.0211e-01	4.9677e-01	2.2101e-04	2.1479e-02	8.4772e-01	1.3080e-01	1.1755e-36	1.1755e-36	1.1755e-36	1.4225e-22	0.00e+00	0.00e+00	5.6197e+00
5.30103e+18	7.6769e+03	3.041e-21	2.7826e+01	2.9433e+01	2.8608e-12	2.4204e-02	9.7580e-01	6.0538e-02	9.3946e-01	7.7688e-08	1.0085e-14	9.7999e-04	5.3286e-01	4.6599e-01	1.7796e-04	2.5702e-02	8.6543e-01	1.0887e-01	1.1755e-36	1.1755e-36	1.1755e-36	2.3261e-22	0.00e+00	0.00e+00	6.0482e+00
5.39260e+18	7.6946e+03	3.090e-21	2.7826e+01	2.9312e+01	3.8455e-12	2.8042e-02	9.7196e-01	6.8202e-02	9.3180e-01	6.8065e-08	1.4720e-14	1.0539e-03	5.6277e-01	4.3603e-01	1.4289e-04	3.0512e-02	8.7916e-01	9.0333e-02	1.1755e-36	1.1755e-36	1.1755e-36	3.7497e-22	0.00e+00	0.00e+00	6.4540e+00
5.46927e+18	7.7017e+03	3.131e-21	2.7826e+01	2.9177e+01	5.1046e-12	3.2193e-02	9.6781e-01	7.6293e-02	9.2371e-01	6.0779e-08	2.0884e-14	1.1220e-03	5.9067e-01	4.0809e-01	1.1540e-04	3.5714e-02	8.8890e-01	7.5387e-02	1.1755e-36	1.1755e-36	1.1755e-36	5.8488e-22	0.00e+00	0.00e+00	6.8555e+00
5.53724e+18	7.7083e+03	3.161e-21	2.7826e+01	2.9002e+01	6.7245e-12	3.6815e-02	9.6318e-01	8.5201e-02	9.1480e-01	5.4726e-08	2.9192e-14	1.1852e-03	6.1746e-01	3.8126e-01	9.3070e-05	4.1499e-02	8.9565e-01	6.2849e-02	1.1755e-36	1.1755e-36	1.1755e-36	8.9779e-22	0.00e+00	0.00e+00	7.2756e+00
5.60005e+18	7.6916e+03	3.192e-21	2.7826e+01	2.8829e+01	9.0895e-12	4.2341e-02	9.5766e-01	9.5389e-02	9.0461e-01	4.9589e-08	4.1248e-14	1.2500e-03	6.4479e-01	3.5389e-01	7.3912e-05	4.8391e-02	8.9976e-01	5.1846e-02	1.1755e-36	1.1755e-36	1.1755e-36	1.4012e-21	0.00e+00	0.00e+00	7.7270e+00
5.65736e+18	7.6850e+03	3.212e-21	2.7826e+01	2.8618e+01	1.2239e-11	4.8738e-02	9.5126e-01	1.0674e-01	8.9325e-01	4.5284e-08	5.8130e-14	1.3103e-03	6.7136e-01	3.2727e-01	5.8254e-05	5.6344e-02	9.0119e-01	4.2467e-02	1.1755e-36	1.1755e-36	1.1755e-36	2.1904e-21	0.00e+00	0.00e+00	8.1889e+00
5.70801e+18	7.6732e+03	3.223e-21	2.7826e+01	2.8386e+01	1.6472e-11	5.5989e-02	9.4401e-01	1.1906e-01	8.8094e-01	4.1705e-08	8.1244e-14	1.3654e-03	6.9653e-01	3.0206e-01	4.5809e-05	6.5321e-02	8.9994e-01	3.4740e-02	1.1755e-36	1.1755e-36	1.1755e-36	3.4005e-21	0.00e+00	0.00e+00	8.6548e+00
5.75275e+18	7.6514e+03	3.228e-21	2.7826e+01	2.8126e+01	2.2211e-11	6.4173e-02	9.3583e-01	1.3236e-01	8.6764e-01	3.8654e-08	1.1259e-13	1.4147e-03	7.2021e-01	2.7834e-01	3.5982e-05	7.5402e-02	8.9618e-01	2.8416e-02	1.1755e-36	1.1755e-36	1.1755e-36	5.2369e-21	0.00e+00	0.00e+00	9.1295e+00
5.79280e+18	7.6285e+03	3.223e-21	2.7826e+01	2.7834e+01	2.9891e-11	7.3429e-02	9.2657e-01	1.4668e-01	8.5332e-01	3.6021e-08	1.5502e-13	1.4578e-03	7.4248e-01	2.5604e-01	2.8204e-05	8.6745e-02	8.9005e-01	2.3203e-02	1.1755e-36	1.1755e-36	1.1755e-36	8.0232e-21	0.00e+00	0.00e+00	9.6198e+00
5.82911e+18	7.5945e+03	3.210e-21	2.7826e+01	2.7503e+01	4.0593e-11	8.4074e-02	9.1593e-01	1.6230e-01	8.3770e-01	3.3671e-08	2.1330e-13	1.4955e-03	7.6364e-01	2.3485e-01	2.1989e-05	9.9713e-02	8.8142e-01	1.8869e-02	1.1755e-36	1.1755e-36	1.1755e-36	1.2315e-20	0.00e+00	0.00e+00	1.0131e+01
5.86208e+18	7.5617e+03	3.195e-21	2.7826e+01	2.7228e+01	5.5465e-11	9.6555e-02	9.0344e-01	1.7939e-01	8.2061e-01	3.1592e-08	2.9612e-13	1.5330e-03	7.8407e-01	2.1438e-01	1.6977e-05	1.1481e-01	8.6996e-01	1.5227e-02	1.1755e-36	1.1755e-36	1.1755e-36	1.9250e-20	0.00e+00	0.00e+00	1.0663e+01
5.89144e+18	7.5443e+03	3.146e-21	2.7826e+01	2.6730e+01	7.3775e-11	1.0981e-01	8.9019e-01	1.9643e-01	8.0357e-01	2.9908e-08	3.9853e-13	1.5495e-03	8.0159e-01	1.9684e-01	1.3298e-05	1.3074e-01	8.5689e-01	1.2370e-02	1.1755e-36	1.1755e-36	1.1755e-36	2.8870e-20	0.00e+00	0.00e+00	1.1191e+01
5.91821e+18	7.5070e+03	3.096e-21	2.7826e+01	2.6259e+01	9.9864e-11	1.2513e-01	8.7487e-01	2.1504e-01	7.8496e-01	2.8275e-08	5.4019e-13	1.5651e-03	8.1848e-01	1.7995e-01	1.0334e-05	1.4902e-01	8.4098e-01	9.9962e-03	1.1755e-36	1.1755e-36	1.1755e-36	4.3843e-20	0.00e+00	0.00e+00	1.1766e+01
5.94339e+18	7.4690e+03	3.035e-21	2.7826e+01	2.5755e+01	1.3672e-10	1.4321e-01	8.5679e-01	2.3528e-01	7.6472e-01	2.6779e-08	7.4025e-13	1.5752e-03	8.3470e-01	1.6371e-01	7.9384e-06	1.7039e-01	8.2162e-01	7.9829e-03	1.1755e-36	1.1755e-36	1.1755e-36	6.7901e-20	0.00e+00	0.00e+00	1.2375e+01
5.96628e+18	7.4314e+03	2.955e-21	2.7826e+01	2.5149e+01	1.8667e-10	1.6347e-01	8.3653e-01	2.5606e-01	7.4394e-01	2.5490e-08	1.0068e-12	1.5741e-03	8.4933e-01	1.4909e-01	6.1138e-06	1.9410e-01	7.9954e-01	6.3621e-03	1.1755e-36	1.1755e-36	1.1755e-36	1.0439e-19	0.00e+00	0.00e+00	1.2994e+01
5.98683e+18	7.3897e+03	2.862e-21	2.7826e+01	2.4483e+01	2.5376e-10	1.8573e-01	8.1427e-01	2.7711e-01	7.2289e-01	2.4360e-08	1.3554e-12	1.5643e-03	8.6246e-01	1.3597e-01	4.7347e-06	2.1988e-01	7.7504e-01	5.0771e-03	1.1755e-36	1.1755e-36	1.1755e-36	1.5870e-19	0.00e+00	0.00e+00	1.3632e+01
6.00572e+18	7.3437e+03	2.754e-21	2.7826e+01	2.3748e+01	3.4515e-10	2.1046e-01	7.8954e-01	2.9861e-01	7.0139e-01	2.3362e-08	1.8157e-12	1.5460e-03	8.7444e-01	1.2401e-01	3.6719e-06	2.4820e-01	7.4776e-01	4.0402e-03	1.1755e-36	1.1755e-36	1.1755e-36	2.4031e-19	0.00e+00	0.00e+00	1.4307e+01
6.02345e+18	7.2825e+03	2.627e-21	2.7826e+01	2.2852e+01	4.7371e-10	2.3785e-01	7.6215e-01	3.2053e-01	6.7947e-01	2.2475e-08	2.4136e-12	1.5142e-03	8.8526e-01	1.1322e-01	2.8540e-06	2.7917e-01	7.1763e-01	3.2030e-03	1.1755e-36	1.1755e-36	1.1755e-36	3.6009e-19	0.00e+00	0.00e+00	1.5026e+01
6.04028e+18	7.2287e+03	2.485e-21	2.7826e+01	2.1928e+01	6.4982e-10	2.6888e-01	7.3112e-01	3.4295e-01	6.5705e-01	2.1743e-08	3.2240e-12	1.4761e-03	8.9545e-01	1.0307e-01	2.2059e-06	3.1374e-01	6.8374e-01	2.5114e-03	1.1755e-36	1.1755e-36	1.1755e-36	5.4667e-19	0.00e+00	0.00e+00	1.5804e+01
6.05617e+18	7.1659e+03	2.328e-21	2.7826e+01	2.0906e+01	8.9828e-10	3.0333e-01	6.9667e-01	3.6566e-01	6.3433e-01	2.1106e-08	4.2997e-12	1.4289e-03	9.0475e-01	9.3816e-02	1.7056e-06	3.5154e-01	6.4651e-01	1.9548e-03	1.1755e-36	1.1755e-36	1.1755e-36	8.3156e-19	0.00e+00	0.00e+00	1.6620e+01
6.07009e+18	7.0810e+03	2.175e-21	2.7826e+01	1.9876e+01	1.2403e-09	3.3900e-01	6.6100e-01	3.8655e-01	6.1345e-01	2.0651e-08	5.6265e-12	1.3771e-03	9.1266e-01	8.5965e-02	1.3439e-06	3.9005e-01	6.0842e-01	1.5377e-03	1.1755e-36	1.1755e-36	1.1755e-36	1.2348e-18	0.00e+00	0.00e+00	1.7366e+01
6.08120e+18	7.0048e+03	2.040e-21	2.7826e+01	1.8957e+01	1.6282e-09	3.7096e-01	6.2904e-01	4.0334e-01	5.9666e-01	2.0417e-08	7.0143e-12	1.3274e-03	9.1869e-01	7.9977e-02	1.1044e-06	4.2399e-01	5.7475e-01	1.2527e-03	1.1755e-36	1.1755e-36	1.1755e-36	1.7142e-18	0.00e+00	0.00e+00	1.7996e+01
6.09002e+18	6.9475e+03	1.922e-21	2.7826e+01	1.8159e+01	2.0170e-09	3.9779e-01	6.0221e-01	4.1669e-01	5.8331e-01	2.0313e-08	8.3314e-12	1.2819e-03	9.2323e-01	7.5485e-02	9.4408e-07	4.5210e-01	5.4684e-01	1.0578e-03	1.1755e-36	1.1755e-36	1.1755e-36	2.2195e-18	0.00e+00	0.00e+00	1.8554e+01
6.09764e+18	6.8720e+03	1.821e-21	2.7826e+01	1.7466e+01	2.4874e-09	4.2300e-01	5.7700e-01	4.2913e-01	5.7087e-01	2.0176e-08	9.7472e-12	1.2423e-03	9.2727e-01	7.1490e-02	8.1902e-07	4.7823e-01	5.2087e-01	9.0751e-04	1.1755e-36	1.1755e-36	1.1755e-36	2.8138e-18	0.00e+00	0.00e+00	1.9094e+01
6.10493e+18	6.8029e+03	1.718e-21	2.7826e+01	1.6752e+01	3.0283e-09	4.4759e-01	5.5241e-01	4.4094e-01	5.5906e-01	2.0101e-08	1.1268e-11	1.2002e-03	9.3093e-01	6.7871e-02	7.1535e-07	5.0341e-01	4.9581e-01	7.8136e-04	1.1755e-36	1.1755e-36	1.1755e-36	3.5087e-18	0.00e+00	0.00e+00	1.9669e+01
6.11203e+18	6.7341e+03	1.615e-21	2.7826e+01	1.6018e+01	3.6712e-09	4.7217e-01	5.2783e-01	4.5196e-01	5.4804e-01	2.0120e-08	1.2931e-11	1.1554e-03	9.3426e-01	6.4582e-02	6.2810e-07	5.2829e-01	4.7104e-01	6.7334e-04	1.1755e-36	1.1755e-36	1.1755e-36	4.3361e-18	0.00e+00	0.00e+00	2.0240e+01
6.11847e+18	6.6625e+03	1.523e-21	2.7826e+01	1.5360e+01	4.4163e-09	4.9572e-01	5.0428e-01	4.6221e-01	5.3779e-01	2.0140e-08	1.4722e-11	1.1149e-03	9.3727e-01	6.1617e-02	5.5671e-07	5.5188e-01	4.4753e-01	5.8512e-04	1.1755e-36	1.1755e-36	1.1755e-36	5.3102e-18	0.00e+00	0.00e+00	2.0762e+01
6.12427e+18	6.5918e+03	1.439e-21	2.7826e+01	1.4739e+01	5.2349e-09	5.1706e-01	4.8294e-01	4.7131e-01	5.2869e-01	2.0209e-08	1.6482e-11	1.0759e-03	9.3987e-01	5.9056e-02	4.9968e-07	5.7304e-01	4.2644e-01	5.1477e-04	1.1755e-36	1.1755e-36	1.1755e-36	6.3429e-18	0.00e+00	0.00e+00	2.1271e+01
6.12972e+18	6.5213e+03	1.361e-21	2.7826e+01	1.4150e+01	6.1612e-09	5.3738e-01	4.6262e-01	4.7986e-01	5.2014e-01	2.0296e-08	1.8313e-11	1.0386e-03	9.4225e-01	5.6711e-02	4.5130e-07	5.9301e-01	4.0654e-01	4.5534e-04	1.1755e-36	1.1755e-36	1.1755e-36	7.5026e-18	0.00e+00	0.00e+00	2.1772e+01
6.13408e+18	6.4707e+03	1.299e-21	2.7826e+01	1.3670e+01	6.9768e-09	5.5349e-01	4.4651e-01	4.8588e-01	5.1412e-01	2.0449e-08	1.9847e-11	1.0075e-03	9.4393e-01	5.5066e-02	4.1806e-07	6.0869e-01	3.9090e-01	4.1302e-04	1.1755e-36	1.1755e-36	1.1755e-36	8.5479e-18	0.00e+00	0.00e+00	2.2102e+01
6.13712e+18	6.4282e+03	1.257e-21	2.7826e+01	1.3350e+01	7.6598e-09	5.6502e-01	4.3498e-01	4.9058e-01	5.0941e-01	2.0516e-08	2.1053e-11	9.8695e-04	9.4519e-01	5.3821e-02	3.9517e-07	6.1985e-01	3.7977e-01	3.8510e-04	1.1755e-36	1.1755e-36	1.1755e-36	9.4132e-18	0.00e+00	0.00e+00	2.2370e+01
6.13994e+18	6.3885e+03	1.217e-21	2.7826e+01	1.3032e+01	8.3354e-09	5.7518e-01	4.2482e-01	4.9484e-01	5.0516e-01	2.0606e-08	2.2121e-11	9.6617e-04	9.4633e-01	5.2702e-02	3.7529e-07	6.2965e-01	3.6999e-01	3.6126e-04	1.1755e-36	1.1755e-36	1.1755e-36	1.0204e-17	0.00e+00	0.00e+00	2.2668e+01
6.14324e+18	6.3343e+03	1.171e-21	2.7826e+01	1.2678e+01	9.2758e-09	5.8746e-01	4.1254e-01	5.0029e-01	4.9971e-01	2.0667e-08	2.3532e-11	9.4328e-04	9.4773e-01	5.1324e-02	3.5244e-07	6.4143e-01	3.5824e-01	3.3458e-04	1.1755e-36	1.1755e-36	1.1755e-36	1.1302e-17	0.00e+00	0.00e+00	2.3043e+01
6.14690e+18	6.2777e+03	1.122e-21	2.7826e+01	1.2285e+01	1.0410e-08	6.0100e-01	3.9900e-01	5.0596e-01	4.9404e-01	2.0775e-08	2.5170e-11	9.1755e-04	9.4919e-01	4.9891e-02	3.2932e-07	6.5434e-01	3.4536e-01	3.0716e-04	1.1755e-36	1.1755e-36	1.1755e-36	1.2653e-17	0.00e+00	0.00e+00	2.3433e+01
6.15043e+18	6.2205e+03	1.076e-21	2.7826e+01	1.1909e+01	1.1662e-08	6.1407e-01	3.8593e-01	5.1133e-01	4.8867e-01	2.0894e-08	2.6858e-11	8.9275e-04	9.5055e-01	4.8556e-02	3.0867e-07	6.6672e-01	3.3300e-01	2.8269e-04	1.1755e-36	1.1755e-36	1.1755e-36	1.4135e-17	0.00e+00	0.00e+00	2.3797e+01
6.15370e+18	6.1561e+03	1.034e-21	2.7826e+01	1.1574e+01	1.3106e-08	6.2648e-01	3.7352e-01	5.1672e-01	4.8327e-01	2.0955e-08	2.8632e-11	8.7085e-04	9.5185e-01	4.7276e-02	2.9022e-07	6.7843e-01	3.2131e-01	2.6137e-04	1.1755e-36	1.1755e-36	1.1755e-36	1.5794e-17	0.00e+00	0.00e+00	2.4144e+01
6.15670e+18	6.1116e+03	9.961e-22	2.7826e+01	1.1256e+01	1.4356e-08	6.3707e-01	3.6293e-01	5.2102e-01	4.7898e-01	2.1100e-08	3.0150e-11	8.4948e-04	9.5292e-01	4.6228e-02	2.7512e-07	6.8836e-01	3.1140e-01	2.4361e-04	1.1755e-36	1.1755e-36	1.1755e-36	1.7292e-17	0.00e+00	0.00e+00	2.4464e+01
6.15973e+18	6.0467e+03	9.589e-22	2.7826e+01	1.0944e+01	1.6064e-08	6.4828e-01	3.5172e-01	5.2615e-01	4.7385e-01	2.1161e-08	3.1960e-11	8.2894e-04	9.5411e-01	4.5060e-02	2.5970e-07	6.9883e-01	3.0095e-01	2.2638e-04	1.1755e-36	1.1755e-36	1.1755e-36	1.9188e-17	0.00e+00	0.00e+00	2.4829e+01
6.16285e+18	6.0037e+03	9.207e-22	2.7826e+01	1.0619e+01	1.7576e-08	6.5877e-01	3.4123e-01	5.3037e-01	4.6962e-01	2.1350e-08	3.3623e-11	8.0672e-04	9.5515e-01	4.4039e-02	2.4597e-07	7.0856e-01	2.9123e-01	2.1046e-04	1.1755e-36	1.1755e-36	1.1755e-36	2.1026e-17	0.00e+00	0.00e+00	2.5179e+01
6.16602e+18	5.9405e+03	8.834e-22	2.7826e+01	1.0296e+01	1.9652e-08	6.6988e-01	3.3012e-01	5.3541e-01	4.6459e-01	2.1463e-08	3.5619e-11	7.8504e-04	9.5630e-01	4.2911e-02	2.3200e-07	7.1884e-01	2.8097e-01	1.9500e-04	1.1755e-36	1.1755e-36	1.1755e-36	2.3382e-17	0.00e+00	0.00e+00	2.5571e+01
6.16927e+18	5.8780e+03	8.466e-22	2.7826e+01	9.9748e+00	2.1977e-08	6.8103e-01	3.1897e-01	5.4035e-01	4.5965e-01	2.1598e-08	3.7771e-11	7.6328e-04	9.5742e-01	4.1818e-02	2.1885e-07	7.2910e-01	2.7072e-01	1.8039e-04	1.1755e-36	1.1755e-36	1.1755e-36	2.6104e-17	0.00e+00	0.00e+00	2.5949e+01
6.17234e+18	5.8181e+03	8.130e-22	2.7826e+01	9.6761e+00	2.4439e-08	6.9136e-01	3.0864e-01	5.4500e-01	4.5500e-01	2.1730e-08	3.9925e-11	7.4296e-04	9.5845e-01	4.0806e-02	2.0716e-07	7.3856e-01	2.6127e-01	1.6758e-04	1.1755e-36	1.1755e-36	1.1755e-36	2.9023e-17	0.00e+00	0.00e+00	2.6311e+01
6.17531e+18	5.7571e+03	7.813e-22	2.7826e+01	9.3917e+00	2.7163e-08	7.0120e-01	2.9880e-01	5.4961e-01	4.5039e-01	2.1850e-08	4.2161e-11	7.2360e-04	9.5944e-01	3.9833e-02	1.9640e-07	7.4753e-01	2.5231e-01	1.5601e-04	1.1755e-36	1.1755e-36	1.1755e-36	3.2269e-17	0.00e+00	0.00e+00	2.6676e+01
6.17827e+18	5.6924e+03	7.510e-22	2.7826e+01	9.1181e+00	3.0308e-08	7.1096e-01	2.8904e-01	5.5439e-01	4.4561e-01	2.1943e-08	4.4623e-11	7.0504e-04	9.6043e-01	3.8862e-02	1.8616e-07	7.5639e-01	2.4346e-01	1.4521e-04	1.1755e-36	1.1755e-36	1.1755e-36	3.6106e-17	0.00e+00	0.00e+00	2.7044e+01
6.18116e+18	5.6336e+03	7.219e-22	2.7826e+01	8.8474e+00	3.3534e-08	7.1998e-01	2.8002e-01	5.5866e-01	4.4134e-01	2.2089e-08	4.7011e-11	6.8636e-04	9.6134e-01	3.7978e-02	1.7697e-07	7.6455e-01	2.3532e-01	1.3552e-04	1.1755e-36	1.1755e-36	1.1755e-36	4.0104e-17	0.00e+00	0.00e+00	2.7404e+01
6.18407e+18	5.5686e+03	6.940e-22	2.7826e+01	8.5921e+00	3.7392e-08	7.2918e-01	2.7082e-01	5.6347e-01	4.3653e-01	2.2168e-08	4.9805e-11	6.6894e-04	9.6228e-01	3.7051e-02	1.6791e-07	7.7283e-01	2.2705e-01	1.2628e-04	1.1755e-36	1.1755e-36	1.1755e-36	4.5110e-17	0.00e+00	0.00e+00	2.7783e+01
6.18698e+18	5.5039e+03	6.669e-22	2.7826e+01	8.3348e+00	4.1638e-08	7.3800e-01	2.6200e-01	5.6798e-01	4.3202e-01	2.2285e-08	5.2699e-11	6.5120e-04	9.6317e-01	3.6179e-02	1.5955e-07	7.8073e-01	2.1915e-01	1.1776e-04	1.1755e-36	1.1755e-36	1.1755e-36	5.0721e-17	0.00e+00	0.00e+00	2.8155e+01
6.18982e+18	5.4404e+03	6.414e-22	2.7826e+01	8.0913e+00	4.6258e-08	7.4639e-01	2.5361e-01	5.7244e-01	4.2756e-01	2.2390e-08	5.5762e-11	6.3438e-04	9.6402e-01	3.5341e-02	1.5180e-07	7.8824e-01	2.1165e-01	1.1001e-04	1.1755e-36	1.1755e-36	1.1755e-36	5.7104e-17	0.00e+00	0.00e+00	2.8523e+01
6.19263e+18	5.3691e+03	6.172e-22	2.7826e+01	7.8530e+00	5.1809e-08	7.5462e-01	2.4538e-01	5.7704e-01	4.2296e-01	2.2469e-08	5.9219e-11	6.1804e-04	9.6487e-01	3.4515e-02	1.4446e-07	7.9558e-01	2.0432e-01	1.0282e-04	1.1755e-36	1.1755e-36	1.1755e-36	6.4920e-17	0.00e+00	0.00e+00	2.8896e+01
6.19535e+18	5.3115e+03	5.944e-22	2.7826e+01	7.6304e+00	5.7028e-08	7.6211e-01	2.3789e-01	5.8114e-01	4.1886e-01	2.2589e-08	6.2533e-11	6.0246e-04	9.6563e-01	3.3766e-02	1.3790e-07	8.0222e-01	1.9768e-01	9.6407e-05	1.1755e-36	1.1755e-36	1.1755e-36	7.2916e-17	0.00e+00	0.00e+00	2.9248e+01
6.19810e+18	5.2442e+03	5.722e-22	2.7826e+01	7.4094e+00	6.3485e-08	7.6965e-01	2.3035e-01	5.8567e-01	4.1433e-01	2.2664e-08	6.6440e-11	5.8716e-04	9.6643e-01	3.2986e-02	1.3140e-07	8.0890e-01	1.9101e-01	9.0276e-05	1.1755e-36	1.1755e-36	1.1755e-36	8.3087e-17	0.00e+00	0.00e+00	2.9636e+01
6.20094e+18	5.1711e+03	5.502e-22	2.7826e+01	7.1865e+00	7.1191e-08	7.7732e-01	2.2268e-01	5.9034e-01	4.0966e-01	2.2732e-08	7.1001e-11	5.7176e-04	9.6722e-01	3.2207e-02	1.2509e-07	8.1567e-01	1.8425e-01	8.4359e-05	1.1755e-36	1.1755e-36	1.1755e-36	9.5954e-17	0.00e+00	0.00e+00	3.0022e+01
6.20366e+18	5.1089e+03	5.300e-22	2.7826e+01	6.9810e+00	7.8647e-08	7.8424e-01	2.1576e-01	5.9456e-01	4.0544e-01	2.2826e-08	7.5467e-11	5.5735e-04	9.6794e-01	3.1503e-02	1.1755e-36	8.2175e-01	1.7817e-01	7.9141e-05	1.1755e-36	1.1755e-36	1.1755e-36	1.0949e-16	0.00e+00	0.00e+00	3.0381e+01
6.20634e+18	5.0374e+03	5.107e-22	2.7826e+01	6.7825e+00	8.7755e-08	7.9108e-01	2.0892e-01	5.9913e-01	4.0087e-01	2.2862e-08	8.0761e-11	5.4365e-04	9.6867e-01	3.0788e-02	1.1755e-36	8.2775e-01	1.7218e-01	7.4262e-05	1.1755e-36	1.1755e-36	1.1755e-36	1.2684e-16	0.00e+00	0.00e+00	3.0763e+01
6.20904e+18	4.9683e+03	4.921e-22	2.7826e+01	6.5878e+00	9.7509e-08	7.9769e-01	2.0231e-01	6.0357e-01	3.9643e-01	2.2915e-08	8.5923e-11	5.3012e-04	9.6940e-01	3.0067e-02	1.1755e-36	8.3353e-01	1.6640e-01	6.9697e-05	1.1755e-36	1.1755e-36	1.1755e-36	1.4499e-16	0.00e+00	0.00e+00	3.1134e+01
6.21168e+18	4.8976e+03	4.745e-22	2.7826e+01	6.4015e+00	1.0830e-07	8.0402e-01	1.9598e-01	6.0803e-01	3.9197e-01	2.2948e-08	9.0740e-11	5.1724e-04	9.7016e-01	2.9319e-02	1.1755e-36	8.3905e-01	1.6088e-01	6.5496e-05	1.1755e-36	1.1755e-36	1.1755e-36	1.6312e-16	0.00e+00	0.00e+00	3.1508e+01
6.21434e+18	4.8257e+03	4.576e-22	2.7826e+01	6.2197e+00	1.2026e-07	8.1017e-01	1.8983e-01	6.1254e-01	3.8746e-01	2.2970e-08	9.5825e-11	5.0469e-04	9.7091e-01	2.8581e-02	1.1755e-36	8.4441e-01	1.5553e-01	6.1554e-05	1.1755e-36	1.1755e-36	1.1755e-36	1.8360e-16	0.00e+00	0.00e+00	3.1887e+01
6.21700e+18	4.7526e+03	4.412e-22	2.7826e+01	6.0420e+00	1.3352e-07	8.1618e-01	1.8382e-01	6.1711e-01	3.8289e-01	2.2982e-08	1.0118e-10	4.9243e-04	9.7166e-01	2.7851e-02	1.1755e-36	8.4962e-01	1.5032e-01	5.7845e-05	1.1755e-36	1.1755e-36	1.1755e-36	2.0667e-16	0.00e+00	0.00e+00	3.2270e+01
6.21969e+18	4.6780e+03	4.253e-22	2.7826e+01	5.8681e+00	1.4815e-07	8.2205e-01	1.7795e-01	6.2175e-01	3.7825e-01	2.2982e-08	1.0679e-10	4.8045e-04	9.7239e-01	2.7129e-02	1.1755e-36	8.5470e-01	1.4524e-01	5.4352e-05	1.1755e-36	1.1755e-36	1.1755e-36	2.3253e-16	0.00e+00	0.00e+00	3.2659e+01
6.22239e+18	4.6016e+03	4.099e-22	2.7826e+01	5.6972e+00	1.6426e-07	8.2780e-01	1.7220e-01	6.2648e-01	3.7352e-01	2.2969e-08	1.1265e-10	4.6872e-04	9.7312e-01	2.6410e-02	1.1755e-36	8.5967e-01	1.4028e-01	5.1047e-05	1.1755e-36	1.1755e-36	1.1755e-36	2.6132e-16	0.00e+00	0.00e+00	3.3055e+01
6.22515e+18	4.5242e+03	3.948e-22	2.7826e+01	5.5256e+00	1.8162e-07	8.3335e-01	1.6665e-01	6.3116e-01	3.6884e-01	2.2969e-08	1.1854e-10	4.5688e-04	9.7384e-01	2.5706e-02	1.1755e-36	8.6446e-01	1.3549e-01	4.7932e-05	1.1755e-36	1.1755e-36	1.1755e-36	2.9220e-16	0.00e+00	0.00e+00	3.3462e+01
6.22799e+18	4.4460e+03	3.798e-22	2.7826e+01	5.3561e+00	2.0027e-07	8.3893e-01	1.6107e-01	6.3609e-01	3.6391e-01	2.2950e-08	1.2463e-10	4.4520e-04	9.7457e-01	2.4987e-02	1.1755e-36	8.6926e-01	1.3070e-01	4.4908e-05	1.1755e-36	1.1755e-36	1.1755e-36	3.2596e-16	0.00e+00	0.00e+00	3.3890e+01
6.23100e+18	4.3571e+03	3.646e-22	2.7826e+01	5.1846e+00	2.2242e-07	8.4484e-01	1.5516e-01	6.4166e-01	3.5834e-01	2.2866e-08	1.3139e-10	4.3361e-04	9.7535e-01	2.4214e-02	1.1755e-36	8.7433e-01	1.2563e-01	4.1872e-05	1.1755e-36	1.1755e-36	1.1755e-36	3.6567e-16	0.00e+00	0.00e+00	3.4354e+01
6.23413e+18	4.2681e+03	3.496e-22	2.7826e+01	5.0094e+00	2.4516e-07	8.5063e-01	1.4937e-01	6.4715e-01	3.5285e-01	2.2814e-08	1.3778e-10	4.2167e-04	9.7612e-01	2.3459e-02	1.1755e-36	8.7927e-01	1.2069e-01	3.8987e-05	1.1755e-36	1.1755e-36	1.1755e-36	4.0540e-16	0.00e+00	0.00e+00	3.4822e+01
6.23739e+18	4.1710e+03	3.346e-22	2.7826e+01	4.8327e+00	2.6996e-07	8.5648e-01	1.4352e-01	6.5308e-01	3.4692e-01	2.2717e-08	1.4401e-10	4.0979e-04	9.7692e-01	2.2675e-02	1.1755e-36	8.8428e-01	1.1569e-01	3.6184e-05	1.1755e-36	1.1755e-36	1.1755e-36	4.4599e-16	0.00e+00	0.00e+00	3.5331e+01
6.24092e+18	4.0611e+03	3.191e-22	2.7826e+01	4.6462e+00	2.9707e-07	8.6266e-01	1.3734e-01	6.5961e-01	3.4039e-01	2.2581e-08	1.4983e-10	3.9744e-04	9.7776e-01	2.1841e-02	1.1755e-36	8.8955e-01	1.1042e-01	3.3367e-05	1.1755e-36	1.1755e-36	1.1755e-36	4.8542e-16	0.00e+00	0.00e+00	3.5888e+01
6.24459e+18	3.9520e+03	3.038e-22	2.7826e+01	4.4585e+00	3.2206e-07	8.6886e-01	1.3114e-01	6.6608e-01	3.3392e-01	2.2472e-08	1.5437e-10	3.8496e-04	9.7859e-01	2.1029e-02	1.1755e-36	8.9481e-01	1.0516e-01	3.0664e-05	1.1755e-36	1.1755e-36	1.1755e-36	5.1643e-16	0.00e+00	0.00e+00	3.6448e+01
