#depth	Te	Htot	hden	eden	2H_2/H	HI	HII	HeI	HeII	HeIII	CO/C	C1	C2	C3	C4	O1	O2	O3	O4	O5	O6	H2O/O	AV(point)	AV(extend)	Tau912
5.59737e+14	6.6436e+03	3.637e-22	1.0000e+01	1.0867e+01	1.8328e-14	1.3810e-03	9.9862e-01	5.1278e-03	9.7866e-01	1.6211e-02	6.4561e-19	3.5734e-05	8.8063e-02	9.0654e-01	5.3606e-03	2.2274e-04	1.9276e-01	8.0129e-01	5.7287e-03	1.1755e-36	1.1755e-36	6.3594e-27	0.00e+00	0.00e+00	9.7594e-05
3.35842e+15	6.6421e+03	3.637e-22	1.0000e+01	1.0866e+01	1.8342e-14	1.3807e-03	9.9862e-01	5.1280e-03	9.7867e-01	1.6199e-02	6.4495e-19	3.5707e-05	8.8063e-02	9.0653e-01	5.3740e-03	2.2259e-04	1.9267e-01	8.0140e-01	5.7092e-03	1.1755e-36	1.1755e-36	6.3506e-27	0.00e+00	0.00e+00	4.8791e-04
1.45532e+16	6.6389e+03	3.635e-22	1.0000e+01	1.0866e+01	1.8376e-14	1.3804e-03	9.9862e-01	5.1299e-03	9.7877e-01	1.6099e-02	6.4442e-19	3.5670e-05	8.8085e-02	9.0651e-01	5.3679e-03	2.2251e-04	1.9263e-01	8.0152e-01	5.6282e-03	1.1755e-36	1.1755e-36	6.3402e-27	0.00e+00	0.00e+00	2.0487e-03
5.93321e+16	6.6282e+03	3.629e-22	1.0000e+01	1.0866e+01	1.8520e-14	1.3803e-03	9.9862e-01	5.1401e-03	9.7929e-01	1.5573e-02	6.4524e-19	3.5644e-05	8.8209e-02	9.0643e-01	5.3233e-03	2.2276e-04	1.9275e-01	8.0171e-01	5.3145e-03	1.1755e-36	1.1755e-36	6.3326e-27	0.00e+00	0.00e+00	8.2915e-03
1.41725e+17	6.5989e+03	3.606e-22	1.0000e+01	1.0865e+01	1.8667e-14	1.3728e-03	9.9863e-01	5.1466e-03	9.7959e-01	1.5264e-02	6.3573e-19	3.5456e-05	8.8316e-02	9.0637e-01	5.2822e-03	2.2163e-04	1.9259e-01	8.0230e-01	4.8921e-03	1.1755e-36	1.1755e-36	6.1605e-27	0.00e+00	0.00e+00	1.6363e-02
2.48837e+17	6.5642e+03	3.583e-22	1.0000e+01	1.0865e+01	1.8930e-14	1.3664e-03	9.9863e-01	5.1608e-03	9.8043e-01	1.4410e-02	6.2886e-19	3.5366e-05	8.8502e-02	9.0626e-01	5.1983e-03	2.2100e-04	1.9267e-01	8.0273e-01	4.3775e-03	1.1755e-36	1.1755e-36	6.0168e-27	0.00e+00	0.00e+00	2.6808e-02
3.88081e+17	6.5258e+03	3.557e-22	1.0000e+01	1.0864e+01	1.9242e-14	1.3602e-03	9.9864e-01	5.1817e-03	9.8178e-01	1.3040e-02	6.2257e-19	3.5325e-05	8.8757e-02	9.0613e-01	5.0761e-03	2.2077e-04	1.9301e-01	8.0299e-01	3.7755e-03	1.1755e-36	1.1755e-36	5.8693e-27	0.00e+00	0.00e+00	4.0324e-02
5.69099e+17	6.4826e+03	3.528e-22	1.0000e+01	1.0862e+01	1.9674e-14	1.3543e-03	9.9865e-01	5.2105e-03	9.8362e-01	1.1174e-02	6.1898e-19	3.5336e-05	8.9104e-02	9.0594e-01	4.9160e-03	2.2112e-04	1.9374e-01	8.0294e-01	3.1024e-03	1.1755e-36	1.1755e-36	5.7512e-27	0.00e+00	0.00e+00	5.7819e-02
8.04422e+17	6.4336e+03	3.494e-22	1.0000e+01	1.0861e+01	2.0159e-14	1.3491e-03	9.9865e-01	5.2489e-03	9.8583e-01	8.9177e-03	6.1592e-19	3.5412e-05	8.9579e-02	9.0566e-01	4.7228e-03	2.2235e-04	1.9503e-01	8.0236e-01	2.3929e-03	1.1755e-36	1.1755e-36	5.6099e-27	0.00e+00	0.00e+00	8.0474e-02
1.11034e+18	6.3781e+03	3.457e-22	1.0000e+01	1.0858e+01	2.0823e-14	1.3451e-03	9.9865e-01	5.2986e-03	9.8821e-01	6.4920e-03	6.1730e-19	3.5579e-05	9.0225e-02	9.0523e-01	4.5081e-03	2.2480e-04	1.9705e-01	8.0102e-01	1.7005e-03	1.1755e-36	1.1755e-36	5.5052e-27	0.00e+00	0.00e+00	1.0984e-01
1.50804e+18	6.3159e+03	3.416e-22	1.0000e+01	1.0856e+01	2.1631e-14	1.3435e-03	9.9866e-01	5.3616e-03	9.9043e-01	4.2079e-03	6.2180e-19	3.5867e-05	9.1099e-02	9.0458e-01	4.2884e-03	2.2881e-04	1.9991e-01	7.9877e-01	1.0887e-03	1.1755e-36	1.1755e-36	5.3987e-27	0.00e+00	0.00e+00	1.4797e-01
2.02504e+18	6.2470e+03	3.371e-22	1.0000e+01	1.0854e+01	2.2769e-14	1.3454e-03	9.9865e-01	5.4417e-03	9.9220e-01	2.3629e-03	6.3472e-19	3.6338e-05	9.2279e-02	9.0361e-01	4.0781e-03	2.3478e-04	2.0369e-01	7.9547e-01	6.1152e-04	1.1755e-36	1.1755e-36	5.3653e-27	0.00e+00	0.00e+00	1.9761e-01
2.69715e+18	6.1724e+03	3.324e-22	1.0000e+01	1.0853e+01	2.4193e-14	1.3530e-03	9.9865e-01	5.5448e-03	9.9334e-01	1.1160e-03	6.5465e-19	3.7064e-05	9.3871e-02	9.0221e-01	3.8828e-03	2.4327e-04	2.0842e-01	7.9105e-01	2.9265e-04	1.1755e-36	1.1755e-36	5.3556e-27	0.00e+00	0.00e+00	2.6250e-01
3.57089e+18	6.0950e+03	3.277e-22	1.0000e+01	1.0852e+01	2.6048e-14	1.3692e-03	9.9863e-01	5.6813e-03	9.9389e-01	4.2999e-04	6.8708e-19	3.8162e-05	9.6023e-02	9.0024e-01	3.6963e-03	2.5530e-04	2.1428e-01	7.8535e-01	1.1571e-04	1.1755e-36	1.1755e-36	5.4223e-27	0.00e+00	0.00e+00	3.4787e-01
4.70675e+18	6.0200e+03	3.229e-22	1.0000e+01	1.0851e+01	2.8546e-14	1.3987e-03	9.9860e-01	5.8680e-03	9.9400e-01	1.3151e-04	7.4232e-19	3.9820e-05	9.8969e-02	8.9749e-01	3.5036e-03	2.7271e-04	2.2172e-01	7.7798e-01	3.6785e-05	1.1755e-36	1.1755e-36	5.6586e-27	0.00e+00	0.00e+00	4.6125e-01
6.18337e+18	5.9551e+03	3.185e-22	1.0000e+01	1.0851e+01	3.1824e-14	1.4490e-03	9.9855e-01	6.1318e-03	9.9384e-01	3.1523e-05	8.3433e-19	4.2319e-05	1.0308e-01	8.9359e-01	3.2882e-03	2.9884e-04	2.3147e-01	7.6822e-01	9.2717e-06	1.1755e-36	1.1755e-36	6.1483e-27	0.00e+00	0.00e+00	6.1394e-01
8.10298e+18	5.9129e+03	3.147e-22	1.0000e+01	1.0849e+01	3.6354e-14	1.5336e-03	9.9847e-01	6.5169e-03	9.9348e-01	6.0412e-06	1.0017e-18	4.6261e-05	1.0897e-01	8.8794e-01	3.0360e-03	3.4008e-04	2.4491e-01	7.5475e-01	1.8740e-06	1.1755e-36	1.1755e-36	7.2028e-27	0.00e+00	0.00e+00	8.2403e-01
1.05985e+19	5.9289e+03	3.117e-22	1.0000e+01	1.0847e+01	4.1978e-14	1.6741e-03	9.9833e-01	7.0983e-03	9.9290e-01	9.8260e-07	1.3219e-18	5.2526e-05	1.1761e-01	8.7960e-01	2.7415e-03	4.0827e-04	2.6382e-01	7.3577e-01	3.1471e-07	1.1755e-36	1.1755e-36	9.4381e-27	0.00e+00	0.00e+00	1.1222e+00
1.32022e+19	5.9885e+03	3.105e-22	1.0000e+01	1.0845e+01	4.7690e-14	1.8535e-03	9.9815e-01	7.7804e-03	9.9222e-01	1.9242e-07	1.7839e-18	6.0213e-05	1.2748e-01	8.6999e-01	2.4659e-03	4.9878e-04	2.8521e-01	7.1429e-01	1.1755e-36	1.1755e-36	1.1755e-36	1.2826e-26	0.00e+00	0.00e+00	1.4014e+00
1.53490e+19	6.0949e+03	3.116e-22	1.0000e+01	1.0842e+01	5.2773e-14	2.0531e-03	9.9795e-01	8.4858e-03	9.9151e-01	6.1786e-08	2.4271e-18	6.8391e-05	1.3734e-01	8.6034e-01	2.2508e-03	6.0307e-04	3.0594e-01	6.9346e-01	1.1755e-36	1.1755e-36	1.1755e-36	1.8020e-26	0.00e+00	0.00e+00	1.6486e+00
1.71176e+19	6.2158e+03	3.139e-22	1.0000e+01	1.0839e+01	5.8016e-14	2.2663e-03	9.9773e-01	9.2158e-03	9.9078e-01	2.6812e-08	3.3045e-18	7.6928e-05	1.4722e-01	8.5063e-01	2.0737e-03	7.2101e-04	3.2632e-01	6.7296e-01	1.1755e-36	1.1755e-36	1.1755e-36	2.5637e-26	0.00e+00	0.00e+00	1.8818e+00
1.86704e+19	6.3423e+03	3.169e-22	1.0000e+01	1.0836e+01	6.3924e-14	2.5005e-03	9.9750e-01	1.0006e-02	9.8999e-01	1.3613e-08	4.5247e-18	8.6155e-05	1.5759e-01	8.4041e-01	1.9150e-03	8.5939e-04	3.4747e-01	6.5167e-01	1.1755e-36	1.1755e-36	1.1755e-36	3.6867e-26	0.00e+00	0.00e+00	2.1147e+00
2.00789e+19	6.4721e+03	3.204e-22	1.0000e+01	1.0832e+01	7.0857e-14	2.7623e-03	9.9724e-01	1.0879e-02	9.8912e-01	7.6479e-09	6.2483e-18	9.6259e-05	1.6872e-01	8.2942e-01	1.7673e-03	1.0250e-03	3.6997e-01	6.2900e-01	1.1755e-36	1.1755e-36	1.1755e-36	5.3669e-26	0.00e+00	0.00e+00	2.3487e+00
2.13510e+19	6.6018e+03	3.243e-22	1.0000e+01	1.0828e+01	7.8940e-14	3.0520e-03	9.9695e-01	1.1833e-02	9.8817e-01	4.6738e-09	8.6538e-18	1.0719e-04	1.8054e-01	8.1772e-01	1.6296e-03	1.2212e-03	3.9369e-01	6.0509e-01	1.1755e-36	1.1755e-36	1.1755e-36	7.8462e-26	0.00e+00	0.00e+00	2.5804e+00
2.24897e+19	6.7272e+03	3.284e-22	1.0000e+01	1.0824e+01	8.8326e-14	3.3679e-03	9.9663e-01	1.2872e-02	9.8713e-01	3.0676e-09	1.1957e-17	1.1882e-04	1.9296e-01	8.0542e-01	1.5016e-03	1.4501e-03	4.1832e-01	5.8023e-01	1.1755e-36	1.1755e-36	1.1755e-36	1.1436e-25	0.00e+00	0.00e+00	2.8090e+00
2.35143e+19	6.8471e+03	3.326e-22	1.0000e+01	1.0819e+01	9.9305e-14	3.7121e-03	9.9629e-01	1.4006e-02	9.8599e-01	2.1291e-09	1.6477e-17	1.3116e-04	2.0603e-01	7.9246e-01	1.3817e-03	1.7165e-03	4.4386e-01	5.5443e-01	1.1755e-36	1.1755e-36	1.1755e-36	1.6604e-25	0.00e+00	0.00e+00	3.0373e+00
2.44491e+19	6.9618e+03	3.370e-22	1.0000e+01	1.0814e+01	1.1238e-13	4.0908e-03	9.9591e-01	1.5254e-02	9.8475e-01	1.5414e-09	2.2713e-17	1.4437e-04	2.1989e-01	7.7870e-01	1.2679e-03	2.0282e-03	4.7044e-01	5.2753e-01	1.1755e-36	1.1755e-36	1.1755e-36	2.4116e-25	0.00e+00	0.00e+00	3.2685e+00
2.53107e+19	7.0715e+03	3.414e-22	1.0000e+01	1.0809e+01	1.2800e-13	4.5107e-03	9.9549e-01	1.6642e-02	9.8336e-01	1.1539e-09	3.1344e-17	1.5857e-04	2.3469e-01	7.6399e-01	1.1589e-03	2.3949e-03	4.9817e-01	4.9944e-01	1.1755e-36	1.1755e-36	1.1755e-36	3.5035e-25	0.00e+00	0.00e+00	3.5042e+00
2.61067e+19	7.1760e+03	3.458e-22	1.0000e+01	1.0803e+01	1.4682e-13	4.9774e-03	9.9502e-01	1.8190e-02	9.8181e-01	8.8882e-10	4.3314e-17	1.7383e-04	2.5051e-01	7.4827e-01	1.0546e-03	2.8258e-03	5.2693e-01	4.7025e-01	1.1755e-36	1.1755e-36	1.1755e-36	5.0957e-25	0.00e+00	0.00e+00	3.7444e+00
2.68416e+19	7.2743e+03	3.503e-22	1.0000e+01	1.0796e+01	1.6946e-13	5.4960e-03	9.9450e-01	1.9920e-02	9.8008e-01	7.0204e-10	5.9840e-17	1.9016e-04	2.6735e-01	7.3150e-01	9.5523e-04	3.3300e-03	5.5648e-01	4.4019e-01	1.1755e-36	1.1755e-36	1.1755e-36	7.4028e-25	0.00e+00	0.00e+00	3.9892e+00
2.75212e+19	7.3660e+03	3.549e-22	1.0000e+01	1.0788e+01	1.9709e-13	6.0735e-03	9.9393e-01	2.1859e-02	9.7814e-01	5.6659e-10	8.2729e-17	2.0760e-04	2.8529e-01	7.1364e-01	8.6065e-04	3.9188e-03	5.8661e-01	4.0947e-01	1.1755e-36	1.1755e-36	1.1755e-36	1.0766e-24	0.00e+00	0.00e+00	4.2398e+00
2.81520e+19	7.4510e+03	3.594e-22	1.0000e+01	1.0780e+01	2.3095e-13	6.7200e-03	9.9328e-01	2.4047e-02	9.7595e-01	4.6574e-10	1.1446e-16	2.2629e-04	3.0443e-01	6.9457e-01	7.7071e-04	4.6067e-03	6.1713e-01	3.7826e-01	1.1755e-36	1.1755e-36	1.1755e-36	1.5667e-24	0.00e+00	0.00e+00	4.4979e+00
2.87398e+19	7.5345e+03	3.638e-22	1.0000e+01	1.0773e+01	2.7269e-13	7.4439e-03	9.9256e-01	2.6518e-02	9.7348e-01	3.8919e-10	1.5899e-16	2.4624e-04	3.2470e-01	6.7436e-01	6.8584e-04	5.4079e-03	6.4778e-01	3.4681e-01	1.1755e-36	1.1755e-36	1.1755e-36	2.3007e-24	0.00e+00	0.00e+00	4.7645e+00
2.92886e+19	7.5956e+03	3.687e-22	1.0000e+01	1.0761e+01	3.2691e-13	8.2757e-03	9.9172e-01	2.9384e-02	9.7062e-01	3.2899e-10	2.2083e-16	2.6793e-04	3.4681e-01	6.5232e-01	6.0433e-04	6.3563e-03	6.7849e-01	3.1516e-01	1.1755e-36	1.1755e-36	1.1755e-36	3.3539e-24	0.00e+00	0.00e+00	5.0415e+00
2.98014e+19	7.6502e+03	3.736e-22	1.0000e+01	1.0749e+01	3.9666e-13	9.2227e-03	9.9078e-01	3.2683e-02	9.6732e-01	2.8146e-10	3.0849e-16	2.9111e-04	3.7034e-01	6.2884e-01	5.2786e-04	7.4678e-03	7.0877e-01	2.8376e-01	1.1755e-36	1.1755e-36	1.1755e-36	4.9422e-24	0.00e+00	0.00e+00	5.3300e+00
3.02808e+19	7.7199e+03	3.777e-22	1.0000e+01	1.0737e+01	4.7920e-13	1.0284e-02	9.8972e-01	3.6436e-02	9.6356e-01	2.4400e-10	4.3116e-16	3.1537e-04	3.9498e-01	6.0425e-01	4.5782e-04	8.7497e-03	7.3809e-01	2.5316e-01	1.1755e-36	1.1755e-36	1.1755e-36	7.3325e-24	0.00e+00	0.00e+00	5.6309e+00
3.07297e+19	7.7582e+03	3.824e-22	1.0000e+01	1.0716e+01	5.9145e-13	1.1526e-02	9.8847e-01	4.0859e-02	9.5914e-01	2.1261e-10	6.0293e-16	3.4147e-04	4.2172e-01	5.7755e-01	3.9178e-04	1.0272e-02	7.6637e-01	2.2336e-01	1.1755e-36	1.1755e-36	1.1755e-36	1.0801e-23	0.00e+00	0.00e+00	5.9470e+00
3.11520e+19	7.7935e+03	3.871e-22	1.0000e+01	1.0699e+01	7.4156e-13	1.2975e-02	9.8703e-01	4.6092e-02	9.5391e-01	1.8704e-10	8.5359e-16	3.6981e-04	4.5025e-01	5.4904e-01	3.3077e-04	1.2076e-02	7.9334e-01	1.9458e-01	1.1755e-36	1.1755e-36	1.1755e-36	1.6270e-23	0.00e+00	0.00e+00	6.2831e+00
3.15173e+19	7.8180e+03	3.914e-22	1.0000e+01	1.0677e+01	9.2394e-13	1.4534e-02	9.8547e-01	5.1742e-02	9.4826e-01	1.6768e-10	1.1794e-15	3.9695e-04	4.7797e-01	5.2136e-01	2.7978e-04	1.4037e-02	8.1658e-01	1.6938e-01	1.1755e-36	1.1755e-36	1.1755e-36	2.3844e-23	0.00e+00	0.00e+00	6.5771e+00
3.18162e+19	7.8332e+03	3.951e-22	1.0000e+01	1.0658e+01	1.1324e-12	1.6097e-02	9.8390e-01	5.7487e-02	9.4251e-01	1.5300e-10	1.5736e-15	4.2216e-04	5.0338e-01	4.9595e-01	2.3902e-04	1.6016e-02	8.3532e-01	1.4867e-01	1.1755e-36	1.1755e-36	1.1755e-36	3.3644e-23	0.00e+00	0.00e+00	6.8589e+00
3.21351e+19	7.8377e+03	3.989e-22	1.0000e+01	1.0633e+01	1.4439e-12	1.8117e-02	9.8188e-01	6.5119e-02	9.3488e-01	1.3759e-10	2.1882e-15	4.5198e-04	5.3358e-01	4.6577e-01	1.9696e-04	1.8585e-02	8.5446e-01	1.2695e-01	1.1755e-36	1.1755e-36	1.1755e-36	4.9933e-23	0.00e+00	0.00e+00	7.2714e+00
3.24819e+19	7.8340e+03	4.035e-22	1.0000e+01	1.0598e+01	1.9475e-12	2.0916e-02	9.7908e-01	7.5651e-02	9.2435e-01	1.2294e-10	3.2289e-15	4.8751e-04	5.6965e-01	4.2971e-01	1.5481e-04	2.2150e-02	8.7380e-01	1.0405e-01	1.1755e-36	1.1755e-36	1.1755e-36	8.0015e-23	0.00e+00	0.00e+00	7.7110e+00
3.27841e+19	7.8202e+03	4.076e-22	1.0000e+01	1.0556e+01	2.6404e-12	2.4146e-02	9.7585e-01	8.7823e-02	9.1218e-01	1.1116e-10	4.7168e-15	5.2207e-04	6.0504e-01	3.9432e-01	1.2064e-04	2.6258e-02	8.8908e-01	8.4661e-02	1.1755e-36	1.1755e-36	1.1755e-36	1.2735e-22	0.00e+00	0.00e+00	8.1250e+00
3.30221e+19	7.7994e+03	4.107e-22	1.0000e+01	1.0508e+01	3.4782e-12	2.7436e-02	9.7256e-01	1.0020e-01	8.9980e-01	1.0224e-10	6.5556e-15	5.5127e-04	6.3567e-01	3.6368e-01	9.5915e-05	3.0435e-02	8.9952e-01	7.0048e-02	1.1755e-36	1.1755e-36	1.1755e-36	1.9148e-22	0.00e+00	0.00e+00	8.4793e+00
3.32125e+19	7.7751e+03	4.134e-22	1.0000e+01	1.0473e+01	4.4824e-12	3.0741e-02	9.6926e-01	1.1274e-01	8.8726e-01	9.5329e-11	8.8052e-15	5.7753e-04	6.6233e-01	3.3701e-01	7.7599e-05	3.4617e-02	9.0647e-01	5.8913e-02	1.1755e-36	1.1755e-36	1.1755e-36	2.7823e-22	0.00e+00	0.00e+00	8.8215e+00
3.33863e+19	7.7453e+03	4.155e-22	1.0000e+01	1.0429e+01	5.7641e-12	3.4419e-02	9.6558e-01	1.2673e-01	8.7327e-01	8.8984e-11	1.1704e-14	6.0209e-04	6.8817e-01	3.1116e-01	6.2395e-05	3.9258e-02	9.1136e-01	4.9378e-02	1.1755e-36	1.1755e-36	1.1755e-36	3.9866e-22	0.00e+00	0.00e+00	9.1937e+00
3.35554e+19	7.7122e+03	4.165e-22	1.0000e+01	1.0364e+01	7.4985e-12	3.8788e-02	9.6121e-01	1.4323e-01	8.5677e-01	8.2594e-11	1.5656e-14	6.2550e-04	7.1443e-01	2.8490e-01	4.9207e-05	4.4754e-02	9.1449e-01	4.0760e-02	1.1755e-36	1.1755e-36	1.1755e-36	5.7540e-22	0.00e+00	0.00e+00	9.6026e+00
3.37157e+19	7.6734e+03	4.173e-22	1.0000e+01	1.0296e+01	9.9711e-12	4.4010e-02	9.5599e-01	1.6265e-01	8.3735e-01	7.6671e-11	2.1304e-14	6.4885e-04	7.4057e-01	2.5874e-01	3.8085e-05	5.1291e-02	9.1555e-01	3.3162e-02	1.1755e-36	1.1755e-36	1.1755e-36	8.5575e-22	0.00e+00	0.00e+00	1.0029e+01
3.38592e+19	7.6290e+03	4.179e-22	1.0000e+01	1.0232e+01	1.3359e-11	5.0004e-02	9.5000e-01	1.8440e-01	8.1560e-01	7.1350e-11	2.9023e-14	6.7113e-04	7.6526e-01	2.3404e-01	2.9253e-05	5.8755e-02	9.1440e-01	2.6846e-02	1.1755e-36	1.1755e-36	1.1755e-36	1.2819e-21	0.00e+00	0.00e+00	1.0451e+01
3.39839e+19	7.5892e+03	4.171e-22	1.0000e+01	1.0153e+01	1.7624e-11	5.6474e-02	9.4353e-01	2.0725e-01	7.9275e-01	6.6661e-11	3.8758e-14	6.8909e-04	7.8723e-01	2.1206e-01	2.2615e-05	6.6777e-02	9.1138e-01	2.1842e-02	1.1755e-36	1.1755e-36	1.1755e-36	1.8756e-21	0.00e+00	0.00e+00	1.0864e+01
3.40948e+19	7.5474e+03	4.154e-22	1.0000e+01	1.0064e+01	2.3155e-11	6.3595e-02	9.3640e-01	2.3166e-01	7.6834e-01	6.2318e-11	5.1253e-14	7.0424e-04	8.0724e-01	1.9204e-01	1.7494e-05	7.5562e-02	9.0665e-01	1.7792e-02	1.1755e-36	1.1755e-36	1.1755e-36	2.7166e-21	0.00e+00	0.00e+00	1.1290e+01
3.41982e+19	7.5019e+03	4.120e-22	1.0000e+01	9.9440e+00	3.0549e-11	7.1669e-02	9.2833e-01	2.5833e-01	7.4167e-01	5.8122e-11	6.7535e-14	7.1541e-04	8.2588e-01	1.7339e-01	1.3439e-05	8.5476e-02	9.0012e-01	1.4408e-02	1.1755e-36	1.1755e-36	1.1755e-36	3.9190e-21	0.00e+00	0.00e+00	1.1745e+01
3.42962e+19	7.4540e+03	4.086e-22	1.0000e+01	9.8425e+00	4.1133e-11	8.1408e-02	9.1859e-01	2.8864e-01	7.1136e-01	5.3996e-11	9.0915e-14	7.2760e-04	8.4409e-01	1.5517e-01	1.0113e-05	9.7358e-02	8.9115e-01	1.1490e-02	1.1755e-36	1.1755e-36	1.1755e-36	5.8602e-21	0.00e+00	0.00e+00	1.2235e+01
3.43862e+19	7.4059e+03	4.025e-22	1.0000e+01	9.6882e+00	5.5246e-11	9.2372e-02	9.0763e-01	3.2048e-01	6.7952e-01	5.0147e-11	1.2104e-13	7.3330e-04	8.6038e-01	1.3888e-01	7.6032e-06	1.1066e-01	8.8021e-01	9.1297e-03	1.1755e-36	1.1755e-36	1.1755e-36	8.6266e-21	0.00e+00	0.00e+00	1.2729e+01
3.44672e+19	7.3551e+03	3.957e-22	1.0000e+01	9.5344e+00	7.4474e-11	1.0479e-01	8.9521e-01	3.5375e-01	6.4625e-01	4.6522e-11	1.6123e-13	7.3728e-04	8.7512e-01	1.2414e-01	5.7017e-06	1.2562e-01	8.6714e-01	7.2393e-03	1.1755e-36	1.1755e-36	1.1755e-36	1.2769e-20	0.00e+00	0.00e+00	1.3241e+01
3.45417e+19	7.3009e+03	3.875e-22	1.0000e+01	9.3652e+00	1.0096e-10	1.1899e-01	8.8101e-01	3.8838e-01	6.1162e-01	4.3099e-11	2.1492e-13	7.3842e-04	8.8852e-01	1.1074e-01	4.2555e-06	1.4260e-01	8.5169e-01	5.7118e-03	1.1755e-36	1.1755e-36	1.1755e-36	1.8976e-20	0.00e+00	0.00e+00	1.3778e+01
3.46105e+19	7.2428e+03	3.777e-22	1.0000e+01	9.1736e+00	1.3792e-10	1.3530e-01	8.6470e-01	4.2405e-01	5.7595e-01	3.9882e-11	2.8700e-13	7.3625e-04	9.0067e-01	9.8592e-02	3.1587e-06	1.6196e-01	8.3357e-01	4.4777e-03	1.1755e-36	1.1755e-36	1.1755e-36	2.8354e-20	0.00e+00	0.00e+00	1.4345e+01
3.46745e+19	7.1794e+03	3.662e-22	1.0000e+01	8.9579e+00	1.9016e-10	1.5412e-01	8.4588e-01	4.6033e-01	5.3967e-01	3.6869e-11	3.8424e-13	7.3069e-04	9.1167e-01	8.7596e-02	2.3317e-06	1.8407e-01	8.1244e-01	3.4856e-03	1.1755e-36	1.1755e-36	1.1755e-36	4.2656e-20	0.00e+00	0.00e+00	1.4944e+01
3.47338e+19	7.1099e+03	3.527e-22	1.0000e+01	8.7137e+00	2.6460e-10	1.7573e-01	8.2427e-01	4.9653e-01	5.0347e-01	3.4096e-11	5.1505e-13	7.2142e-04	9.2156e-01	7.7719e-02	1.7143e-06	2.0923e-01	7.8807e-01	2.6953e-03	1.1755e-36	1.1755e-36	1.1755e-36	6.4496e-20	0.00e+00	0.00e+00	1.5577e+01
3.47889e+19	7.0359e+03	3.366e-22	1.0000e+01	8.4208e+00	3.7188e-10	2.0008e-01	7.9992e-01	5.3163e-01	4.6837e-01	3.1633e-11	6.9061e-13	7.0668e-04	9.3025e-01	6.9037e-02	1.2621e-06	2.3726e-01	7.6067e-01	2.0756e-03	1.1755e-36	1.1755e-36	1.1755e-36	9.8167e-20	0.00e+00	0.00e+00	1.6248e+01
3.48407e+19	6.9594e+03	3.184e-22	1.0000e+01	8.0984e+00	5.2671e-10	2.2792e-01	7.7208e-01	5.6592e-01	4.3408e-01	2.9382e-11	9.2804e-13	6.8814e-04	9.3808e-01	6.1230e-02	9.2555e-07	2.6889e-01	7.2953e-01	1.5849e-03	1.1755e-36	1.1755e-36	1.1755e-36	1.5064e-19	0.00e+00	0.00e+00	1.6973e+01
3.48897e+19	6.8507e+03	2.986e-22	1.0000e+01	7.7464e+00	7.7253e-10	2.6066e-01	7.3934e-01	5.9953e-01	4.0047e-01	2.7313e-11	1.2589e-12	6.6646e-04	9.4529e-01	5.4045e-02	6.7197e-07	3.0555e-01	6.9325e-01	1.1947e-03	1.1755e-36	1.1755e-36	1.1755e-36	2.3513e-19	0.00e+00	0.00e+00	1.7757e+01
3.49344e+19	6.7365e+03	2.771e-22	1.0000e+01	7.3600e+00	1.1329e-09	2.9680e-01	7.0320e-01	6.2966e-01	3.7034e-01	2.5701e-11	1.6889e-12	6.4040e-04	9.5147e-01	4.7888e-02	4.9244e-07	3.4538e-01	6.5372e-01	8.9970e-04	1.1755e-36	1.1755e-36	1.1755e-36	3.6296e-19	0.00e+00	0.00e+00	1.8542e+01
3.49713e+19	6.6226e+03	2.567e-22	1.0000e+01	6.9815e+00	1.6059e-09	3.3221e-01	6.6779e-01	6.5346e-01	3.4654e-01	2.4630e-11	2.1776e-12	6.1328e-04	9.5624e-01	4.3151e-02	3.7638e-07	3.8375e-01	6.1555e-01	6.9734e-04	1.1755e-36	1.1755e-36	1.1755e-36	5.3088e-19	0.00e+00	0.00e+00	1.9212e+01
3.49991e+19	6.5210e+03	2.399e-22	1.0000e+01	6.6642e+00	2.1351e-09	3.6247e-01	6.3753e-01	6.7076e-01	3.2924e-01	2.3953e-11	2.6532e-12	5.8972e-04	9.5965e-01	3.9764e-02	3.0518e-07	4.1604e-01	5.8339e-01	5.6834e-04	1.1755e-36	1.1755e-36	1.1755e-36	7.1621e-19	0.00e+00	0.00e+00	1.9751e+01
3.50207e+19	6.4293e+03	2.260e-22	1.0000e+01	6.3971e+00	2.7029e-09	3.8800e-01	6.1200e-01	6.8401e-01	3.1599e-01	2.3486e-11	3.0985e-12	5.6953e-04	9.6222e-01	3.7207e-02	2.5794e-07	4.4295e-01	5.5657e-01	4.8115e-04	1.1755e-36	1.1755e-36	1.1755e-36	9.0838e-19	0.00e+00	0.00e+00	2.0236e+01
3.50401e+19	6.3359e+03	2.130e-22	1.0000e+01	6.1446e+00	3.3756e-09	4.1221e-01	5.8779e-01	6.9573e-01	3.0427e-01	2.3104e-11	3.5605e-12	5.5017e-04	9.6447e-01	3.4984e-02	2.2120e-07	4.6817e-01	5.3142e-01	4.1251e-04	1.1755e-36	1.1755e-36	1.1755e-36	1.1267e-18	0.00e+00	0.00e+00	2.0729e+01
3.50588e+19	6.2360e+03	2.000e-22	1.0000e+01	5.8873e+00	4.2297e-09	4.3690e-01	5.6310e-01	7.0670e-01	2.9330e-01	2.2795e-11	4.0747e-12	5.3015e-04	9.6655e-01	3.2922e-02	1.9033e-07	4.9362e-01	5.0603e-01	3.5381e-04	1.1755e-36	1.1755e-36	1.1755e-36	1.3932e-18	0.00e+00	0.00e+00	2.1238e+01
3.50765e+19	6.1322e+03	1.875e-22	1.0000e+01	5.6320e+00	5.2909e-09	4.6150e-01	5.3850e-01	7.1652e-01	2.8348e-01	2.2594e-11	4.6328e-12	5.1000e-04	9.6842e-01	3.1067e-02	1.6500e-07	5.1868e-01	4.8101e-01	3.0464e-04	1.1755e-36	1.1755e-36	1.1755e-36	1.7119e-18	0.00e+00	0.00e+00	2.1730e+01
3.50924e+19	6.0267e+03	1.761e-22	1.0000e+01	5.3943e+00	6.5600e-09	4.8476e-01	5.1524e-01	7.2512e-01	2.7488e-01	2.2454e-11	5.2117e-12	4.9111e-04	9.7005e-01	2.9455e-02	1.4490e-07	5.4215e-01	4.5759e-01	2.6513e-04	1.1755e-36	1.1755e-36	1.1755e-36	2.0773e-18	0.00e+00	0.00e+00	2.2187e+01
3.51066e+19	5.9259e+03	1.658e-22	1.0000e+01	5.1742e+00	8.0046e-09	5.0614e-01	4.9386e-01	7.3246e-01	2.6754e-01	2.2392e-11	5.7894e-12	4.7342e-04	9.7146e-01	2.8069e-02	1.2896e-07	5.6349e-01	4.3628e-01	2.3353e-04	1.1755e-36	1.1755e-36	1.1755e-36	2.4797e-18	0.00e+00	0.00e+00	2.2619e+01
3.51197e+19	5.8251e+03	1.563e-22	1.0000e+01	4.9665e+00	9.6961e-09	5.2636e-01	4.7364e-01	7.3905e-01	2.6095e-01	2.2372e-11	6.3852e-12	4.5661e-04	9.7271e-01	2.6829e-02	1.1755e-36	5.8349e-01	4.1630e-01	2.0721e-04	1.1755e-36	1.1755e-36	1.1755e-36	2.9377e-18	0.00e+00	0.00e+00	2.3042e+01
3.51302e+19	5.7462e+03	1.489e-22	1.0000e+01	4.7970e+00	1.1277e-08	5.4259e-01	4.5741e-01	7.4356e-01	2.5644e-01	2.2470e-11	6.8949e-12	4.4264e-04	9.7362e-01	2.5940e-02	1.1755e-36	5.9941e-01	4.0041e-01	1.8834e-04	1.1755e-36	1.1755e-36	1.1755e-36	3.3673e-18	0.00e+00	0.00e+00	2.3322e+01
3.51372e+19	5.6813e+03	1.440e-22	1.0000e+01	4.6839e+00	1.2640e-08	5.5390e-01	4.4610e-01	7.4681e-01	2.5319e-01	2.2493e-11	7.2856e-12	4.3348e-04	9.7425e-01	2.5321e-02	1.1755e-36	6.1044e-01	3.8938e-01	1.7640e-04	1.1755e-36	1.1755e-36	1.1755e-36	3.7232e-18	0.00e+00	0.00e+00	2.3526e+01
3.51428e+19	5.6386e+03	1.400e-22	1.0000e+01	4.5920e+00	1.3702e-08	5.6258e-01	4.3742e-01	7.4927e-01	2.5073e-01	2.2556e-11	7.5891e-12	4.2585e-04	9.7473e-01	2.4847e-02	1.1755e-36	6.1886e-01	3.8097e-01	1.6740e-04	1.1755e-36	1.1755e-36	1.1755e-36	4.0131e-18	0.00e+00	0.00e+00	2.3718e+01
3.51490e+19	5.5768e+03	1.355e-22	1.0000e+01	4.4900e+00	1.5218e-08	5.7261e-01	4.2739e-01	7.5244e-01	2.4756e-01	2.2547e-11	7.9745e-12	4.1761e-04	9.7530e-01	2.4279e-02	1.1755e-36	6.2857e-01	3.7127e-01	1.5773e-04	1.1755e-36	1.1755e-36	1.1755e-36	4.4045e-18	0.00e+00	0.00e+00	2.3971e+01
3.51560e+19	5.5128e+03	1.306e-22	1.0000e+01	4.3746e+00	1.7019e-08	5.8373e-01	4.1627e-01	7.5558e-01	2.4442e-01	2.2609e-11	8.4191e-12	4.0811e-04	9.7590e-01	2.3690e-02	1.1755e-36	6.3928e-01	3.6057e-01	1.4755e-04	1.1755e-36	1.1755e-36	1.1755e-36	4.8850e-18	0.00e+00	0.00e+00	2.4229e+01
3.51628e+19	5.4430e+03	1.260e-22	1.0000e+01	4.2640e+00	1.9137e-08	5.9493e-01	4.0507e-01	7.5875e-01	2.4125e-01	2.2641e-11	8.9118e-12	3.9909e-04	9.7649e-01	2.3112e-02	1.1755e-36	6.5001e-01	3.4985e-01	1.3809e-04	1.1755e-36	1.1755e-36	1.1755e-36	5.4576e-18	0.00e+00	0.00e+00	2.4478e+01
3.51691e+19	5.3825e+03	1.217e-22	1.0000e+01	4.1578e+00	2.1202e-08	6.0491e-01	3.9509e-01	7.6129e-01	2.3871e-01	2.2751e-11	9.3648e-12	3.9026e-04	9.7699e-01	2.2622e-02	1.1755e-36	6.5952e-01	3.4035e-01	1.2999e-04	1.1755e-36	1.1755e-36	1.1755e-36	6.0213e-18	0.00e+00	0.00e+00	2.4706e+01
3.51752e+19	5.3151e+03	1.176e-22	1.0000e+01	4.0592e+00	2.3652e-08	6.1497e-01	3.8503e-01	7.6410e-01	2.3590e-01	2.2784e-11	9.8803e-12	3.8221e-04	9.7750e-01	2.2118e-02	1.1755e-36	6.6908e-01	3.3080e-01	1.2240e-04	1.1755e-36	1.1755e-36	1.1755e-36	6.7081e-18	0.00e+00	0.00e+00	2.4945e+01
3.51812e+19	5.2498e+03	1.136e-22	1.0000e+01	3.9588e+00	2.6282e-08	6.2475e-01	3.7525e-01	7.6663e-01	2.3337e-01	2.2870e-11	1.0408e-11	3.7391e-04	9.7798e-01	2.1649e-02	1.1755e-36	6.7832e-01	3.2156e-01	1.1534e-04	1.1755e-36	1.1755e-36	1.1755e-36	7.4624e-18	0.00e+00	0.00e+00	2.5179e+01
3.51872e+19	5.1837e+03	1.097e-22	1.0000e+01	3.8609e+00	2.9189e-08	6.3437e-01	3.6563e-01	7.6912e-01	2.3088e-01	2.2956e-11	1.0974e-11	3.6582e-04	9.7844e-01	2.1193e-02	1.1755e-36	6.8738e-01	3.1251e-01	1.0874e-04	1.1755e-36	1.1755e-36	1.1755e-36	8.3264e-18	0.00e+00	0.00e+00	2.5416e+01
3.51931e+19	5.1157e+03	1.059e-22	1.0000e+01	3.7630e+00	3.2451e-08	6.4400e-01	3.5600e-01	7.7157e-01	2.2843e-01	2.3049e-11	1.1589e-11	3.5771e-04	9.7890e-01	2.0746e-02	1.1755e-36	6.9641e-01	3.0349e-01	1.0247e-04	1.1755e-36	1.1755e-36	1.1755e-36	9.3334e-18	0.00e+00	0.00e+00	2.5658e+01
3.51990e+19	5.0414e+03	1.022e-22	1.0000e+01	3.6642e+00	3.6269e-08	6.5368e-01	3.4632e-01	7.7403e-01	2.2597e-01	2.3139e-11	1.2277e-11	3.4960e-04	9.7934e-01	2.0306e-02	1.1755e-36	7.0545e-01	2.9445e-01	9.6537e-05	1.1755e-36	1.1755e-36	1.1755e-36	1.0547e-17	0.00e+00	0.00e+00	2.5902e+01
3.52048e+19	4.9702e+03	9.864e-23	1.0000e+01	3.5699e+00	4.0279e-08	6.6303e-01	3.3697e-01	7.7636e-01	2.2364e-01	2.3238e-11	1.2938e-11	3.4181e-04	9.7978e-01	1.9876e-02	1.1755e-36	7.1415e-01	2.8576e-01	9.1063e-05	1.1755e-36	1.1755e-36	1.1755e-36	1.1783e-17	0.00e+00	0.00e+00	2.6138e+01
3.52104e+19	4.8974e+03	9.521e-23	1.0000e+01	3.4769e+00	4.4641e-08	6.7210e-01	3.2790e-01	7.7860e-01	2.2140e-01	2.3343e-11	1.3530e-11	3.3415e-04	9.8022e-01	1.9443e-02	1.1755e-36	7.2256e-01	2.7735e-01	8.6000e-05	1.1755e-36	1.1755e-36	1.1755e-36	1.2946e-17	0.00e+00	0.00e+00	2.6377e+01
3.52161e+19	4.8199e+03	9.181e-23	1.0000e+01	3.3829e+00	4.9600e-08	6.8130e-01	3.1870e-01	7.8089e-01	2.1911e-01	2.3447e-11	1.4155e-11	3.2643e-04	9.8067e-01	1.9006e-02	1.1755e-36	7.3105e-01	2.6887e-01	8.1123e-05	1.1755e-36	1.1755e-36	1.1755e-36	1.4249e-17	0.00e+00	0.00e+00	2.6626e+01
3.52219e+19	4.7451e+03	8.842e-23	1.0000e+01	3.2872e+00	5.4762e-08	6.9027e-01	3.0973e-01	7.8297e-01	2.1703e-01	2.3605e-11	1.4765e-11	3.1848e-04	9.8109e-01	1.8591e-02	1.1755e-36	7.3930e-01	2.6062e-01	7.6511e-05	1.1755e-36	1.1755e-36	1.1755e-36	1.5597e-17	0.00e+00	0.00e+00	2.6878e+01
3.52279e+19	4.6615e+03	8.503e-23	1.0000e+01	3.1907e+00	6.0826e-08	6.9969e-01	3.0030e-01	7.8529e-01	2.1471e-01	2.3729e-11	1.5434e-11	3.1057e-04	9.8154e-01	1.8150e-02	1.1755e-36	7.4794e-01	2.5199e-01	7.1947e-05	1.1755e-36	1.1755e-36	1.1755e-36	1.7156e-17	0.00e+00	0.00e+00	2.7149e+01
3.52340e+19	4.5759e+03	8.163e-23	1.0000e+01	3.0934e+00	6.7420e-08	7.0932e-01	2.9068e-01	7.8763e-01	2.1237e-01	2.3862e-11	1.6123e-11	3.0258e-04	9.8199e-01	1.7706e-02	1.1755e-36	7.5671e-01	2.4322e-01	6.7500e-05	1.1755e-36	1.1755e-36	1.1755e-36	1.8846e-17	0.00e+00	0.00e+00	2.7425e+01
3.52403e+19	4.4896e+03	7.827e-23	1.0000e+01	2.9952e+00	7.4298e-08	7.1883e-01	2.8117e-01	7.8988e-01	2.1012e-01	2.4028e-11	1.6786e-11	2.9448e-04	9.8243e-01	1.7273e-02	1.1755e-36	7.6535e-01	2.3459e-01	6.3283e-05	1.1755e-36	1.1755e-36	1.1755e-36	2.0555e-17	0.00e+00	0.00e+00	2.7710e+01
3.52468e+19	4.3913e+03	7.485e-23	1.0000e+01	2.8945e+00	8.2262e-08	7.2900e-01	2.7100e-01	7.9246e-01	2.0754e-01	2.4148e-11	1.7493e-11	2.8633e-04	9.8291e-01	1.6803e-02	1.1755e-36	7.7455e-01	2.2539e-01	5.9042e-05	1.1755e-36	1.1755e-36	1.1755e-36	2.2450e-17	0.00e+00	0.00e+00	2.8023e+01
3.52536e+19	4.2885e+03	7.140e-23	1.0000e+01	2.7893e+00	9.0501e-08	7.3926e-01	2.6074e-01	7.9495e-01	2.0505e-01	2.4320e-11	1.8139e-11	2.7780e-04	9.8338e-01	1.6340e-02	1.1755e-36	7.8380e-01	2.1614e-01	5.4958e-05	1.1755e-36	1.1755e-36	1.1755e-36	2.4241e-17	0.00e+00	0.00e+00	2.8343e+01
3.52604e+19	4.1855e+03	6.811e-23	1.0000e+01	2.6871e+00	9.8467e-08	7.4927e-01	2.5073e-01	7.9737e-01	2.0263e-01	2.4496e-11	1.8693e-11	2.6955e-04	9.8384e-01	1.5892e-02	1.1755e-36	7.9277e-01	2.0718e-01	5.1173e-05	1.1755e-36	1.1755e-36	1.1755e-36	2.5789e-17	0.00e+00	0.00e+00	2.8659e+01
3.52670e+19	4.0833e+03	6.501e-23	1.0000e+01	2.5892e+00	1.0581e-07	7.5886e-01	2.4114e-01	7.9971e-01	2.0029e-01	2.4670e-11	1.9129e-11	2.6170e-04	9.8427e-01	1.5465e-02	1.1755e-36	8.0134e-01	1.9861e-01	4.7714e-05	1.1755e-36	1.1755e-36	1.1755e-36	2.6976e-17	0.00e+00	0.00e+00	2.8971e+01
3.52735e+19	3.9809e+03	6.207e-23	1.0000e+01	2.4946e+00	1.1238e-07	7.6812e-01	2.3188e-01	8.0202e-01	1.9798e-01	2.4839e-11	1.9441e-11	2.5419e-04	9.8469e-01	1.5052e-02	1.1755e-36	8.0959e-01	1.9037e-01	4.4521e-05	1.1755e-36	1.1755e-36	1.1755e-36	2.7742e-17	0.00e+00	0.00e+00	2.9285e+01
###########################
5.59737e+14	6.6515e+03	3.636e-22	1.0000e+01	1.0868e+01	1.7838e-14	1.3788e-03	9.9862e-01	5.1218e-03	9.7866e-01	1.6223e-02	6.2988e-19	3.4058e-05	8.7905e-02	9.0667e-01	5.3880e-03	2.2206e-04	1.9253e-01	8.0152e-01	5.7328e-03	1.1755e-36	1.1755e-36	6.0982e-27	0.00e+00	0.00e+00	9.7442e-05
3.35842e+15	6.6500e+03	3.635e-22	1.0000e+01	1.0867e+01	1.7848e-14	1.3787e-03	9.9862e-01	5.1220e-03	9.7867e-01	1.6212e-02	6.2907e-19	3.4222e-05	8.7923e-02	9.0665e-01	5.3942e-03	2.2191e-04	1.9241e-01	8.0166e-01	5.7135e-03	1.1755e-36	1.1755e-36	6.0842e-27	0.00e+00	0.00e+00	4.8717e-04
1.45532e+16	6.6465e+03	3.634e-22	1.0000e+01	1.0866e+01	1.7886e-14	1.3784e-03	9.9862e-01	5.1238e-03	9.7876e-01	1.6112e-02	6.2843e-19	3.4253e-05	8.7967e-02	9.0662e-01	5.3809e-03	2.2172e-04	1.9227e-01	8.0188e-01	5.6331e-03	1.1755e-36	1.1755e-36	6.0713e-27	0.00e+00	0.00e+00	2.0458e-03
5.93321e+16	6.6388e+03	3.627e-22	1.0000e+01	1.0866e+01	1.7986e-14	1.3780e-03	9.9862e-01	5.1323e-03	9.7928e-01	1.5590e-02	6.2829e-19	3.4384e-05	8.8084e-02	9.0655e-01	5.3331e-03	2.2161e-04	1.9211e-01	8.0235e-01	5.3215e-03	1.1755e-36	1.1755e-36	6.0579e-27	0.00e+00	0.00e+00	8.2784e-03
1.41725e+17	6.6070e+03	3.606e-22	1.0000e+01	1.0865e+01	1.8193e-14	1.3705e-03	9.9863e-01	5.1387e-03	9.7958e-01	1.5277e-02	6.1819e-19	3.4417e-05	8.8190e-02	9.0649e-01	5.2878e-03	2.1980e-04	1.9140e-01	8.0348e-01	4.9018e-03	1.1755e-36	1.1755e-36	5.8940e-27	0.00e+00	0.00e+00	1.6337e-02
2.48837e+17	6.5728e+03	3.584e-22	1.0000e+01	1.0865e+01	1.8401e-14	1.3638e-03	9.9864e-01	5.1517e-03	9.8043e-01	1.4423e-02	6.0855e-19	3.4452e-05	8.8359e-02	9.0640e-01	5.2031e-03	2.1853e-04	1.9102e-01	8.0437e-01	4.3892e-03	1.1755e-36	1.1755e-36	5.7195e-27	0.00e+00	0.00e+00	2.6761e-02
3.88081e+17	6.5347e+03	3.558e-22	1.0000e+01	1.0864e+01	1.8692e-14	1.3573e-03	9.9864e-01	5.1715e-03	9.8178e-01	1.3053e-02	6.0112e-19	3.4513e-05	8.8602e-02	9.0628e-01	5.0803e-03	2.1783e-04	1.9101e-01	8.0498e-01	3.7874e-03	1.1755e-36	1.1755e-36	5.5677e-27	0.00e+00	0.00e+00	4.0248e-02
5.69099e+17	6.4916e+03	3.529e-22	1.0000e+01	1.0862e+01	1.9105e-14	1.3512e-03	9.9865e-01	5.1998e-03	9.8361e-01	1.1186e-02	5.9709e-19	3.4618e-05	8.8946e-02	9.0610e-01	4.9195e-03	2.1795e-04	1.9156e-01	8.0510e-01	3.1130e-03	1.1755e-36	1.1755e-36	5.4510e-27	0.00e+00	0.00e+00	5.7703e-02
8.04422e+17	6.4425e+03	3.496e-22	1.0000e+01	1.0861e+01	1.9579e-14	1.3460e-03	9.9865e-01	5.2383e-03	9.8583e-01	8.9272e-03	5.9454e-19	3.4783e-05	8.9428e-02	9.0581e-01	4.7256e-03	2.1925e-04	1.9291e-01	8.0447e-01	2.4010e-03	1.1755e-36	1.1755e-36	5.3211e-27	0.00e+00	0.00e+00	8.0306e-02
1.11034e+18	6.3869e+03	3.458e-22	1.0000e+01	1.0858e+01	2.0233e-14	1.3422e-03	9.9866e-01	5.2883e-03	9.8821e-01	6.4991e-03	5.9716e-19	3.5020e-05	9.0089e-02	9.0537e-01	4.5104e-03	2.2202e-04	1.9519e-01	8.0288e-01	1.7058e-03	1.1755e-36	1.1755e-36	5.2337e-27	0.00e+00	0.00e+00	1.0961e-01
1.50804e+18	6.3244e+03	3.416e-22	1.0000e+01	1.0856e+01	2.1033e-14	1.3407e-03	9.9866e-01	5.3524e-03	9.9044e-01	4.2125e-03	6.0359e-19	3.5376e-05	9.0989e-02	9.0469e-01	4.2900e-03	2.2657e-04	1.9849e-01	8.0019e-01	1.0914e-03	1.1755e-36	1.1755e-36	5.1508e-27	0.00e+00	0.00e+00	1.4766e-01
2.02504e+18	6.2551e+03	3.370e-22	1.0000e+01	1.0854e+01	2.2163e-14	1.3429e-03	9.9866e-01	5.4336e-03	9.9220e-01	2.3655e-03	6.1841e-19	3.5905e-05	9.2197e-02	9.0369e-01	4.0790e-03	2.3313e-04	2.0273e-01	7.9642e-01	6.1268e-04	1.1755e-36	1.1755e-36	5.1390e-27	0.00e+00	0.00e+00	1.9720e-01
2.69715e+18	6.1801e+03	3.323e-22	1.0000e+01	1.0853e+01	2.3576e-14	1.3506e-03	9.9865e-01	5.5376e-03	9.9335e-01	1.1172e-03	6.3986e-19	3.6684e-05	9.3815e-02	9.0227e-01	3.8831e-03	2.4210e-04	2.0784e-01	7.9162e-01	2.9305e-04	1.1755e-36	1.1755e-36	5.1473e-27	0.00e+00	0.00e+00	2.6198e-01
3.57089e+18	6.1020e+03	3.275e-22	1.0000e+01	1.0852e+01	2.5497e-14	1.3670e-03	9.9863e-01	5.6747e-03	9.9389e-01	4.3041e-04	6.7540e-19	3.7830e-05	9.5992e-02	9.0027e-01	3.6959e-03	2.5444e-04	2.1396e-01	7.8567e-01	1.1583e-04	1.1755e-36	1.1755e-36	5.2603e-27	0.00e+00	0.00e+00	3.4722e-01
4.70675e+18	6.0261e+03	3.227e-22	1.0000e+01	1.0851e+01	2.7938e-14	1.3965e-03	9.9860e-01	5.8618e-03	9.9401e-01	1.3162e-04	7.2982e-19	3.9533e-05	9.8962e-02	8.9750e-01	3.5026e-03	2.7204e-04	2.2154e-01	7.7815e-01	3.6815e-05	1.1755e-36	1.1755e-36	5.4828e-27	0.00e+00	0.00e+00	4.6041e-01
6.18337e+18	5.9596e+03	3.183e-22	1.0000e+01	1.0851e+01	3.1275e-14	1.4470e-03	9.9855e-01	6.1261e-03	9.9384e-01	3.1544e-05	8.2319e-19	4.2054e-05	1.0310e-01	8.9357e-01	3.2865e-03	2.9826e-04	2.3138e-01	7.6831e-01	9.2777e-06	1.1755e-36	1.1755e-36	5.9916e-27	0.00e+00	0.00e+00	6.1289e-01
8.10298e+18	5.9164e+03	3.145e-22	1.0000e+01	1.0849e+01	3.5779e-14	1.5315e-03	9.9847e-01	6.5114e-03	9.9348e-01	6.0443e-06	9.8966e-19	4.6058e-05	1.0903e-01	8.8789e-01	3.0336e-03	3.3959e-04	2.4490e-01	7.5476e-01	1.8750e-06	1.1755e-36	1.1755e-36	7.0293e-27	0.00e+00	0.00e+00	8.2268e-01
1.05985e+19	5.9298e+03	3.115e-22	1.0000e+01	1.0847e+01	4.1586e-14	1.6720e-03	9.9833e-01	7.0940e-03	9.9291e-01	9.8277e-07	1.3128e-18	5.2379e-05	1.1772e-01	8.7949e-01	2.7381e-03	4.0790e-04	2.6390e-01	7.3569e-01	3.1480e-07	1.1755e-36	1.1755e-36	9.2902e-27	0.00e+00	0.00e+00	1.1205e+00
1.31991e+19	5.9862e+03	3.103e-22	1.0000e+01	1.0845e+01	4.7528e-14	1.8514e-03	9.9815e-01	7.7766e-03	9.9222e-01	1.9269e-07	1.7783e-18	6.0131e-05	1.2765e-01	8.6983e-01	2.4620e-03	4.9845e-04	2.8534e-01	7.1416e-01	1.1755e-36	1.1755e-36	1.1755e-36	1.2705e-26	0.00e+00	0.00e+00	1.3987e+00
1.53390e+19	6.0903e+03	3.115e-22	1.0000e+01	1.0842e+01	5.2824e-14	2.0504e-03	9.9795e-01	8.4804e-03	9.9152e-01	6.2071e-08	2.4254e-18	6.8357e-05	1.3753e-01	8.6015e-01	2.2472e-03	6.0245e-04	3.0605e-01	6.9335e-01	1.1755e-36	1.1755e-36	1.1755e-36	1.7935e-26	0.00e+00	0.00e+00	1.6445e+00
1.71031e+19	6.2093e+03	3.138e-22	1.0000e+01	1.0839e+01	5.8284e-14	2.2629e-03	9.9774e-01	9.2091e-03	9.9079e-01	2.6975e-08	3.3096e-18	7.6952e-05	1.4743e-01	8.5042e-01	2.0704e-03	7.2007e-04	3.2640e-01	6.7288e-01	1.1755e-36	1.1755e-36	1.1755e-36	2.5630e-26	0.00e+00	0.00e+00	1.8772e+00
1.86568e+19	6.3345e+03	3.168e-22	1.0000e+01	1.0836e+01	6.4476e-14	2.4971e-03	9.9750e-01	9.9995e-03	9.9000e-01	1.3681e-08	4.5479e-18	8.6275e-05	1.5785e-01	8.4015e-01	1.9115e-03	8.5840e-04	3.4757e-01	6.5157e-01	1.1755e-36	1.1755e-36	1.1755e-36	3.7099e-26	0.00e+00	0.00e+00	2.1103e+00
2.00682e+19	6.4635e+03	3.203e-22	1.0000e+01	1.0832e+01	7.1648e-14	2.7592e-03	9.9724e-01	1.0874e-02	9.8913e-01	7.6737e-09	6.2956e-18	9.6510e-05	1.6905e-01	8.2909e-01	1.7635e-03	1.0242e-03	3.7012e-01	6.2886e-01	1.1755e-36	1.1755e-36	1.1755e-36	5.4220e-26	0.00e+00	0.00e+00	2.3445e+00
2.13419e+19	6.5930e+03	3.242e-22	1.0000e+01	1.0829e+01	7.9986e-14	3.0489e-03	9.9695e-01	1.1829e-02	9.8817e-01	4.6861e-09	8.7407e-18	1.0758e-04	1.8092e-01	8.1735e-01	1.6259e-03	1.2204e-03	3.9384e-01	6.0494e-01	1.1755e-36	1.1755e-36	1.1755e-36	7.9632e-26	0.00e+00	0.00e+00	2.5760e+00
2.24806e+19	6.7182e+03	3.283e-22	1.0000e+01	1.0824e+01	8.9677e-14	3.3646e-03	9.9664e-01	1.2867e-02	9.8713e-01	3.0754e-09	1.2103e-17	1.1936e-04	1.9338e-01	8.0500e-01	1.4982e-03	1.4492e-03	4.1846e-01	5.8009e-01	1.1755e-36	1.1755e-36	1.1755e-36	1.1655e-25	0.00e+00	0.00e+00	2.8042e+00
2.35047e+19	6.8379e+03	3.325e-22	1.0000e+01	1.0820e+01	1.0099e-13	3.7084e-03	9.9629e-01	1.3999e-02	9.8600e-01	2.1345e-09	1.6706e-17	1.3188e-04	2.0649e-01	7.9200e-01	1.3786e-03	1.7152e-03	4.4397e-01	5.5431e-01	1.1755e-36	1.1755e-36	1.1755e-36	1.6981e-25	0.00e+00	0.00e+00	3.0322e+00
2.44396e+19	6.9525e+03	3.368e-22	1.0000e+01	1.0814e+01	1.1440e-13	4.0866e-03	9.9591e-01	1.5246e-02	9.8475e-01	1.5452e-09	2.3056e-17	1.4528e-04	2.2039e-01	7.7820e-01	1.2649e-03	2.0265e-03	4.7053e-01	5.2744e-01	1.1755e-36	1.1755e-36	1.1755e-36	2.4722e-25	0.00e+00	0.00e+00	3.2634e+00
2.53015e+19	7.0624e+03	3.412e-22	1.0000e+01	1.0809e+01	1.3044e-13	4.5063e-03	9.9549e-01	1.6632e-02	9.8337e-01	1.1565e-09	3.1863e-17	1.5972e-04	2.3524e-01	7.6344e-01	1.1562e-03	2.3930e-03	4.9824e-01	4.9936e-01	1.1755e-36	1.1755e-36	1.1755e-36	3.6017e-25	0.00e+00	0.00e+00	3.4990e+00
2.60977e+19	7.1671e+03	3.457e-22	1.0000e+01	1.0803e+01	1.4982e-13	4.9727e-03	9.9503e-01	1.8178e-02	9.8182e-01	8.9074e-10	4.4109e-17	1.7523e-04	2.5111e-01	7.4767e-01	1.0521e-03	2.8235e-03	5.2698e-01	4.7019e-01	1.1755e-36	1.1755e-36	1.1755e-36	5.2569e-25	0.00e+00	0.00e+00	3.7389e+00
2.68326e+19	7.2656e+03	3.502e-22	1.0000e+01	1.0796e+01	1.7312e-13	5.4908e-03	9.9451e-01	1.9905e-02	9.8009e-01	7.0355e-10	6.1028e-17	1.9185e-04	2.6800e-01	7.3086e-01	9.5300e-04	3.3271e-03	5.5651e-01	4.4017e-01	1.1755e-36	1.1755e-36	1.1755e-36	7.6602e-25	0.00e+00	0.00e+00	3.9835e+00
2.75120e+19	7.3576e+03	3.547e-22	1.0000e+01	1.0788e+01	2.0157e-13	6.0676e-03	9.9393e-01	2.1841e-02	9.7816e-01	5.6783e-10	8.4487e-17	2.0961e-04	2.8598e-01	7.1295e-01	8.5868e-04	3.9150e-03	5.8660e-01	4.0949e-01	1.1755e-36	1.1755e-36	1.1755e-36	1.1172e-24	0.00e+00	0.00e+00	4.2338e+00
2.81427e+19	7.4428e+03	3.592e-22	1.0000e+01	1.0780e+01	2.3638e-13	6.7134e-03	9.9329e-01	2.4023e-02	9.7598e-01	4.6678e-10	1.1701e-16	2.2865e-04	3.0517e-01	6.9383e-01	7.6897e-04	4.6019e-03	6.1709e-01	3.7831e-01	1.1755e-36	1.1755e-36	1.1755e-36	1.6295e-24	0.00e+00	0.00e+00	4.4915e+00
2.87304e+19	7.5268e+03	3.636e-22	1.0000e+01	1.0773e+01	2.7869e-13	7.4364e-03	9.9256e-01	2.6489e-02	9.7351e-01	3.9007e-10	1.6234e-16	2.4883e-04	3.2550e-01	6.7357e-01	6.8431e-04	5.4019e-03	6.4771e-01	3.4689e-01	1.1755e-36	1.1755e-36	1.1755e-36	2.3874e-24	0.00e+00	0.00e+00	4.7578e+00
2.92791e+19	7.5882e+03	3.685e-22	1.0000e+01	1.0761e+01	3.3499e-13	8.2672e-03	9.9173e-01	2.9347e-02	9.7065e-01	3.2975e-10	2.2618e-16	2.7111e-04	3.4765e-01	6.5147e-01	6.0299e-04	6.3489e-03	6.7839e-01	3.1526e-01	1.1755e-36	1.1755e-36	1.1755e-36	3.5023e-24	0.00e+00	0.00e+00	5.0345e+00
2.97917e+19	7.6438e+03	3.734e-22	1.0000e+01	1.0749e+01	4.0649e-13	9.2125e-03	9.9079e-01	3.2636e-02	9.6736e-01	2.8215e-10	3.1615e-16	2.9475e-04	3.7123e-01	6.2795e-01	5.2674e-04	7.4582e-03	7.0864e-01	2.8390e-01	1.1755e-36	1.1755e-36	1.1755e-36	5.1688e-24	0.00e+00	0.00e+00	5.3226e+00
3.02710e+19	7.7126e+03	3.775e-22	1.0000e+01	1.0737e+01	4.9082e-13	1.0273e-02	9.8973e-01	3.6379e-02	9.6362e-01	2.4458e-10	4.4145e-16	3.1936e-04	3.9593e-01	6.0330e-01	4.5680e-04	8.7389e-03	7.3794e-01	2.5332e-01	1.1755e-36	1.1755e-36	1.1755e-36	7.6528e-24	0.00e+00	0.00e+00	5.6231e+00
3.07198e+19	7.7517e+03	3.821e-22	1.0000e+01	1.0716e+01	6.0764e-13	1.1514e-02	9.8849e-01	4.0789e-02	9.5921e-01	2.1320e-10	6.1961e-16	3.4630e-04	4.2274e-01	5.7653e-01	3.9088e-04	1.0259e-02	7.6621e-01	2.2353e-01	1.1755e-36	1.1755e-36	1.1755e-36	1.1358e-23	0.00e+00	0.00e+00	5.9388e+00
3.11419e+19	7.7874e+03	3.868e-22	1.0000e+01	1.0700e+01	7.6195e-13	1.2960e-02	9.8704e-01	4.6001e-02	9.5400e-01	1.8756e-10	8.7740e-16	3.7522e-04	4.5130e-01	5.4800e-01	3.3004e-04	1.2060e-02	7.9316e-01	1.9478e-01	1.1755e-36	1.1755e-36	1.1755e-36	1.7123e-23	0.00e+00	0.00e+00	6.2742e+00
3.15069e+19	7.8122e+03	3.911e-22	1.0000e+01	1.0678e+01	9.5053e-13	1.4516e-02	9.8548e-01	5.1625e-02	9.4837e-01	1.6814e-10	1.2140e-15	4.0305e-04	4.7902e-01	5.2029e-01	2.7919e-04	1.4016e-02	8.1638e-01	1.6961e-01	1.1755e-36	1.1755e-36	1.1755e-36	2.5173e-23	0.00e+00	0.00e+00	6.5676e+00
3.18055e+19	7.8277e+03	3.948e-22	1.0000e+01	1.0658e+01	1.1647e-12	1.6076e-02	9.8392e-01	5.7341e-02	9.4266e-01	1.5344e-10	1.6194e-15	4.2880e-04	5.0445e-01	4.9488e-01	2.3855e-04	1.5990e-02	8.3510e-01	1.4891e-01	1.1755e-36	1.1755e-36	1.1755e-36	3.5523e-23	0.00e+00	0.00e+00	6.8488e+00
3.21241e+19	7.8324e+03	3.987e-22	1.0000e+01	1.0633e+01	1.4852e-12	1.8091e-02	9.8191e-01	6.4932e-02	9.3507e-01	1.3801e-10	2.2523e-15	4.5927e-04	5.3467e-01	4.6467e-01	1.9659e-04	1.8553e-02	8.5424e-01	1.2721e-01	1.1755e-36	1.1755e-36	1.1755e-36	5.2752e-23	0.00e+00	0.00e+00	7.2601e+00
3.24704e+19	7.8290e+03	4.033e-22	1.0000e+01	1.0598e+01	2.0037e-12	2.0882e-02	9.7912e-01	7.5398e-02	9.2460e-01	1.2334e-10	3.3244e-15	4.9561e-04	5.7073e-01	4.2862e-01	1.5456e-04	2.2107e-02	8.7357e-01	1.0433e-01	1.1755e-36	1.1755e-36	1.1755e-36	8.4620e-23	0.00e+00	0.00e+00	7.6985e+00
3.27721e+19	7.8156e+03	4.074e-22	1.0000e+01	1.0557e+01	2.7167e-12	2.4100e-02	9.7590e-01	8.7481e-02	9.1252e-01	1.1155e-10	4.8567e-15	5.3099e-04	6.0607e-01	3.9328e-01	1.2049e-04	2.6200e-02	8.8886e-01	8.4944e-02	1.1755e-36	1.1755e-36	1.1755e-36	1.3481e-22	0.00e+00	0.00e+00	8.1110e+00
3.30101e+19	7.7950e+03	4.105e-22	1.0000e+01	1.0509e+01	3.5812e-12	2.7380e-02	9.7262e-01	9.9770e-02	9.0023e-01	1.0260e-10	6.7553e-15	5.6103e-04	6.3668e-01	3.6266e-01	9.5817e-05	3.0363e-02	8.9932e-01	7.0319e-02	1.1755e-36	1.1755e-36	1.1755e-36	2.0310e-22	0.00e+00	0.00e+00	8.4651e+00
3.32010e+19	7.7708e+03	4.132e-22	1.0000e+01	1.0474e+01	4.6028e-12	3.0684e-02	9.6932e-01	1.1226e-01	8.8774e-01	9.5664e-11	9.0487e-15	5.8766e-04	6.6340e-01	3.3594e-01	7.7486e-05	3.4544e-02	9.0632e-01	5.9140e-02	1.1755e-36	1.1755e-36	1.1755e-36	2.9343e-22	0.00e+00	0.00e+00	8.8079e+00
3.33753e+19	7.7412e+03	4.153e-22	1.0000e+01	1.0430e+01	5.9233e-12	3.4365e-02	9.6563e-01	1.2620e-01	8.7380e-01	8.9290e-11	1.2039e-14	6.1297e-04	6.8931e-01	3.1002e-01	6.2262e-05	3.9189e-02	9.1125e-01	4.9559e-02	1.1755e-36	1.1755e-36	1.1755e-36	4.2104e-22	0.00e+00	0.00e+00	9.1804e+00
3.35446e+19	7.7082e+03	4.164e-22	1.0000e+01	1.0365e+01	7.7356e-12	3.8735e-02	9.6127e-01	1.4263e-01	8.5737e-01	8.2884e-11	1.6170e-14	6.3748e-04	7.1560e-01	2.8372e-01	4.9079e-05	4.4686e-02	9.1440e-01	4.0911e-02	1.1755e-36	1.1755e-36	1.1755e-36	6.1272e-22	0.00e+00	0.00e+00	9.5890e+00
3.37050e+19	7.6696e+03	4.172e-22	1.0000e+01	1.0297e+01	1.0289e-11	4.3951e-02	9.5605e-01	1.6194e-01	8.3806e-01	7.6954e-11	2.2010e-14	6.6154e-04	7.4172e-01	2.5758e-01	3.7978e-05	5.1216e-02	9.1549e-01	3.3294e-02	1.1755e-36	1.1755e-36	1.1755e-36	9.1187e-22	0.00e+00	0.00e+00	1.0015e+01
3.38486e+19	7.6254e+03	4.178e-22	1.0000e+01	1.0234e+01	1.3772e-11	4.9937e-02	9.5006e-01	1.8355e-01	8.1645e-01	7.1628e-11	2.9956e-14	6.8422e-04	7.6638e-01	2.3291e-01	2.9167e-05	5.8670e-02	9.1437e-01	2.6962e-02	1.1755e-36	1.1755e-36	1.1755e-36	1.3638e-21	0.00e+00	0.00e+00	1.0437e+01
3.39733e+19	7.5857e+03	4.170e-22	1.0000e+01	1.0154e+01	1.8177e-11	5.6404e-02	9.4360e-01	2.0628e-01	7.9372e-01	6.6932e-11	4.0021e-14	7.0280e-04	7.8833e-01	2.1094e-01	2.2541e-05	6.6688e-02	9.1137e-01	2.1941e-02	1.1755e-36	1.1755e-36	1.1755e-36	1.9971e-21	0.00e+00	0.00e+00	1.0849e+01
3.40844e+19	7.5441e+03	4.153e-22	1.0000e+01	1.0066e+01	2.3893e-11	6.3526e-02	9.3647e-01	2.3057e-01	7.6943e-01	6.2582e-11	5.2949e-14	7.1852e-04	8.0833e-01	1.9094e-01	1.7429e-05	7.5474e-02	9.0665e-01	1.7874e-02	1.1755e-36	1.1755e-36	1.1755e-36	2.8956e-21	0.00e+00	0.00e+00	1.1276e+01
3.41879e+19	7.5007e+03	4.126e-22	1.0000e+01	9.9658e+00	3.1628e-11	7.1721e-02	9.2828e-01	2.5742e-01	7.4258e-01	5.8389e-11	7.0285e-14	7.3204e-04	8.2721e-01	1.7205e-01	1.3340e-05	8.5533e-02	9.0002e-01	1.4448e-02	1.1755e-36	1.1755e-36	1.1755e-36	4.2299e-21	0.00e+00	0.00e+00	1.1731e+01
3.42850e+19	7.4510e+03	4.076e-22	1.0000e+01	9.8172e+00	4.2207e-11	8.1073e-02	9.1893e-01	2.8655e-01	7.1345e-01	5.4291e-11	9.3028e-14	7.4045e-04	8.4463e-01	1.5462e-01	1.0138e-05	9.6954e-02	8.9145e-01	1.1596e-02	1.1755e-36	1.1755e-36	1.1755e-36	6.1577e-21	0.00e+00	0.00e+00	1.2211e+01
3.43755e+19	7.3990e+03	4.033e-22	1.0000e+01	9.7089e+00	5.7400e-11	9.2396e-02	9.0760e-01	3.1923e-01	6.8077e-01	5.0332e-11	1.2592e-13	7.5074e-04	8.6154e-01	1.3770e-01	7.5491e-06	1.1068e-01	8.8014e-01	9.1732e-03	1.1755e-36	1.1755e-36	1.1755e-36	9.3090e-21	0.00e+00	0.00e+00	1.2721e+01
3.44575e+19	7.3562e+03	3.949e-22	1.0000e+01	9.5176e+00	7.6749e-11	1.0461e-01	8.9539e-01	3.5196e-01	6.4804e-01	4.6699e-11	1.6638e-13	7.5181e-04	8.7592e-01	1.2333e-01	5.6825e-06	1.2540e-01	8.6732e-01	7.2801e-03	1.1755e-36	1.1755e-36	1.1755e-36	1.3609e-20	0.00e+00	0.00e+00	1.3226e+01
3.45317e+19	7.2991e+03	3.870e-22	1.0000e+01	9.3534e+00	1.0429e-10	1.1879e-01	8.8121e-01	3.8647e-01	6.1353e-01	4.3303e-11	2.2199e-13	7.5367e-04	8.8931e-01	1.0994e-01	4.2388e-06	1.4237e-01	8.5189e-01	5.7480e-03	1.1755e-36	1.1755e-36	1.1755e-36	2.0258e-20	0.00e+00	0.00e+00	1.3766e+01
3.46011e+19	7.2377e+03	3.777e-22	1.0000e+01	9.1738e+00	1.4347e-10	1.3541e-01	8.6459e-01	4.2256e-01	5.7744e-01	4.0054e-11	2.9849e-13	7.5269e-04	9.0162e-01	9.7620e-02	3.1303e-06	1.6208e-01	8.3343e-01	4.4931e-03	1.1755e-36	1.1755e-36	1.1755e-36	3.0594e-20	0.00e+00	0.00e+00	1.4337e+01
3.46649e+19	7.1761e+03	3.662e-22	1.0000e+01	8.9575e+00	1.9764e-10	1.5422e-01	8.4578e-01	4.5856e-01	5.4144e-01	3.7089e-11	3.9962e-13	7.4708e-04	9.1251e-01	8.6737e-02	2.3120e-06	1.8419e-01	8.1231e-01	3.4993e-03	1.1755e-36	1.1755e-36	1.1755e-36	4.6059e-20	0.00e+00	0.00e+00	1.4928e+01
3.47235e+19	7.1084e+03	3.528e-22	1.0000e+01	8.7166e+00	2.7390e-10	1.7558e-01	8.2442e-01	4.9423e-01	5.0577e-01	3.4352e-11	5.3406e-13	7.3792e-04	9.2222e-01	7.7041e-02	1.7058e-06	2.0905e-01	7.8823e-01	2.7148e-03	1.1755e-36	1.1755e-36	1.1755e-36	6.9385e-20	0.00e+00	0.00e+00	1.5554e+01
3.47782e+19	7.0347e+03	3.369e-22	1.0000e+01	8.4265e+00	3.8253e-10	1.9974e-01	8.0026e-01	5.2909e-01	4.7091e-01	3.1894e-11	7.1156e-13	7.2338e-04	9.3082e-01	6.8456e-02	1.2579e-06	2.3686e-01	7.6104e-01	2.0947e-03	1.1755e-36	1.1755e-36	1.1755e-36	1.0439e-19	0.00e+00	0.00e+00	1.6223e+01
3.48301e+19	6.9504e+03	3.187e-22	1.0000e+01	8.1012e+00	5.4278e-10	2.2771e-01	7.7229e-01	5.6357e-01	4.3643e-01	2.9609e-11	9.5220e-13	7.0452e-04	9.3864e-01	6.0652e-02	9.2099e-07	2.6865e-01	7.2975e-01	1.5989e-03	1.1755e-36	1.1755e-36	1.1755e-36	1.5860e-19	0.00e+00	0.00e+00	1.6952e+01
3.48793e+19	6.8492e+03	2.988e-22	1.0000e+01	7.7499e+00	7.8865e-10	2.6045e-01	7.3955e-01	5.9716e-01	4.0284e-01	2.7553e-11	1.2860e-12	6.8245e-04	9.4579e-01	5.3529e-02	6.6839e-07	3.0532e-01	6.9347e-01	1.2043e-03	1.1755e-36	1.1755e-36	1.1755e-36	2.4550e-19	0.00e+00	0.00e+00	1.7736e+01
3.49241e+19	6.7349e+03	2.773e-22	1.0000e+01	7.3633e+00	1.1533e-09	2.9666e-01	7.0334e-01	6.2739e-01	3.7261e-01	2.5930e-11	1.7200e-12	6.5601e-04	9.5193e-01	4.7417e-02	4.8951e-07	3.4523e-01	6.5386e-01	9.0656e-04	1.1755e-36	1.1755e-36	1.1755e-36	3.7655e-19	0.00e+00	0.00e+00	1.8523e+01
3.49612e+19	6.6209e+03	2.568e-22	1.0000e+01	6.9834e+00	1.6325e-09	3.3220e-01	6.6780e-01	6.5132e-01	3.4868e-01	2.4853e-11	2.2136e-12	6.2836e-04	9.5665e-01	4.2724e-02	3.7394e-07	3.8374e-01	6.1556e-01	7.0211e-04	1.1755e-36	1.1755e-36	1.1755e-36	5.4849e-19	0.00e+00	0.00e+00	1.9195e+01
3.49890e+19	6.5194e+03	2.400e-22	1.0000e+01	6.6677e+00	2.1687e-09	3.6262e-01	6.3738e-01	6.6888e-01	3.3112e-01	2.4140e-11	2.6958e-12	6.0460e-04	9.6003e-01	3.9369e-02	3.0307e-07	4.1620e-01	5.8323e-01	5.7181e-04	1.1755e-36	1.1755e-36	1.1755e-36	7.3899e-19	0.00e+00	0.00e+00	1.9735e+01
3.50107e+19	6.4272e+03	2.260e-22	1.0000e+01	6.3972e+00	2.7431e-09	3.8816e-01	6.1184e-01	6.8203e-01	3.1797e-01	2.3701e-11	3.1425e-12	5.8376e-04	9.6257e-01	3.6848e-02	2.5621e-07	4.4311e-01	5.5640e-01	4.8403e-04	1.1755e-36	1.1755e-36	1.1755e-36	9.3398e-19	0.00e+00	0.00e+00	2.0222e+01
3.50301e+19	6.3342e+03	2.130e-22	1.0000e+01	6.1446e+00	3.4216e-09	4.1238e-01	5.8762e-01	6.9373e-01	3.0627e-01	2.3326e-11	3.6073e-12	5.6405e-04	9.6478e-01	3.4658e-02	2.1982e-07	4.6834e-01	5.3124e-01	4.1501e-04	1.1755e-36	1.1755e-36	1.1755e-36	1.1561e-18	0.00e+00	0.00e+00	2.0712e+01
3.50486e+19	6.2351e+03	2.001e-22	1.0000e+01	5.8890e+00	4.2767e-09	4.3691e-01	5.6309e-01	7.0465e-01	2.9535e-01	2.3020e-11	4.1205e-12	5.4381e-04	9.6682e-01	3.2637e-02	1.8940e-07	4.9363e-01	5.0601e-01	3.5635e-04	1.1755e-36	1.1755e-36	1.1755e-36	1.4248e-18	0.00e+00	0.00e+00	2.1218e+01
3.50662e+19	6.1319e+03	1.876e-22	1.0000e+01	5.6347e+00	5.3401e-09	4.6140e-01	5.3860e-01	7.1448e-01	2.8552e-01	2.2819e-11	4.6785e-12	5.2338e-04	9.6866e-01	3.0813e-02	1.6433e-07	5.1859e-01	4.8110e-01	3.0703e-04	1.1755e-36	1.1755e-36	1.1755e-36	1.7465e-18	0.00e+00	0.00e+00	2.1709e+01
3.50821e+19	6.0265e+03	1.763e-22	1.0000e+01	5.3966e+00	6.6177e-09	4.8470e-01	5.1530e-01	7.2312e-01	2.7688e-01	2.2679e-11	5.2604e-12	5.0411e-04	9.7027e-01	2.9221e-02	1.4434e-07	5.4208e-01	4.5765e-01	2.6717e-04	1.1755e-36	1.1755e-36	1.1755e-36	2.1169e-18	0.00e+00	0.00e+00	2.2167e+01
3.50964e+19	5.9255e+03	1.659e-22	1.0000e+01	5.1758e+00	8.0750e-09	5.0615e-01	4.9385e-01	7.3052e-01	2.6948e-01	2.2619e-11	5.8424e-12	4.8602e-04	9.7166e-01	2.7852e-02	1.2847e-07	5.6350e-01	4.3627e-01	2.3523e-04	1.1755e-36	1.1755e-36	1.1755e-36	2.5257e-18	0.00e+00	0.00e+00	2.2601e+01
3.51095e+19	5.8248e+03	1.564e-22	1.0000e+01	4.9677e+00	9.7779e-09	5.2640e-01	4.7360e-01	7.3714e-01	2.6286e-01	2.2601e-11	6.4415e-12	4.6887e-04	9.7290e-01	2.6629e-02	1.1755e-36	5.8353e-01	4.1626e-01	2.0868e-04	1.1755e-36	1.1755e-36	1.1755e-36	2.9902e-18	0.00e+00	0.00e+00	2.3023e+01
3.51200e+19	5.7462e+03	1.490e-22	1.0000e+01	4.7985e+00	1.1364e-08	5.4261e-01	4.5739e-01	7.4167e-01	2.5833e-01	2.2701e-11	6.9524e-12	4.5467e-04	9.7379e-01	2.5760e-02	1.1755e-36	5.9942e-01	4.0039e-01	1.8971e-04	1.1755e-36	1.1755e-36	1.1755e-36	3.4243e-18	0.00e+00	0.00e+00	2.3303e+01
3.51270e+19	5.6816e+03	1.441e-22	1.0000e+01	4.6854e+00	1.2731e-08	5.5390e-01	4.4610e-01	7.4493e-01	2.5507e-01	2.2725e-11	7.3443e-12	4.4534e-04	9.7440e-01	2.5153e-02	1.1755e-36	6.1045e-01	3.8938e-01	1.7770e-04	1.1755e-36	1.1755e-36	1.1755e-36	3.7842e-18	0.00e+00	0.00e+00	2.3507e+01
3.51326e+19	5.6379e+03	1.400e-22	1.0000e+01	4.5931e+00	1.3816e-08	5.6265e-01	4.3735e-01	7.4744e-01	2.5256e-01	2.2785e-11	7.6524e-12	4.3752e-04	9.7488e-01	2.4681e-02	1.1755e-36	6.1893e-01	3.8090e-01	1.6858e-04	1.1755e-36	1.1755e-36	1.1755e-36	4.0810e-18	0.00e+00	0.00e+00	2.3701e+01
3.51388e+19	5.5731e+03	1.357e-22	1.0000e+01	4.4908e+00	1.5395e-08	5.7278e-01	4.2722e-01	7.5065e-01	2.4935e-01	2.2769e-11	8.0468e-12	4.2909e-04	9.7546e-01	2.4114e-02	1.1755e-36	6.2874e-01	3.7110e-01	1.5882e-04	1.1755e-36	1.1755e-36	1.1755e-36	4.4861e-18	0.00e+00	0.00e+00	2.3952e+01
3.51457e+19	5.5144e+03	1.308e-22	1.0000e+01	4.3783e+00	1.7099e-08	5.8357e-01	4.1643e-01	7.5368e-01	2.4632e-01	2.2843e-11	8.4756e-12	4.1955e-04	9.7603e-01	2.3555e-02	1.1755e-36	6.3912e-01	3.6073e-01	1.4881e-04	1.1755e-36	1.1755e-36	1.1755e-36	4.9518e-18	0.00e+00	0.00e+00	2.4201e+01
3.51524e+19	5.4453e+03	1.262e-22	1.0000e+01	4.2682e+00	1.9206e-08	5.9470e-01	4.0530e-01	7.5688e-01	2.4312e-01	2.2873e-11	8.9664e-12	4.1036e-04	9.7661e-01	2.2984e-02	1.1755e-36	6.4978e-01	3.5008e-01	1.3930e-04	1.1755e-36	1.1755e-36	1.1755e-36	5.5255e-18	0.00e+00	0.00e+00	2.4456e+01
3.51589e+19	5.3797e+03	1.218e-22	1.0000e+01	4.1605e+00	2.1429e-08	6.0516e-01	3.9484e-01	7.5966e-01	2.4034e-01	2.2954e-11	9.4539e-12	4.0126e-04	9.7713e-01	2.2472e-02	1.1755e-36	6.5976e-01	3.4011e-01	1.3082e-04	1.1755e-36	1.1755e-36	1.1755e-36	6.1374e-18	0.00e+00	0.00e+00	2.4692e+01
3.51650e+19	5.3160e+03	1.177e-22	1.0000e+01	4.0598e+00	2.3792e-08	6.1501e-01	3.8499e-01	7.6228e-01	2.3772e-01	2.3030e-11	9.9495e-12	3.9276e-04	9.7761e-01	2.1996e-02	1.1755e-36	6.6911e-01	3.3076e-01	1.2327e-04	1.1755e-36	1.1755e-36	1.1755e-36	6.8032e-18	0.00e+00	0.00e+00	2.4923e+01
3.51710e+19	5.2512e+03	1.137e-22	1.0000e+01	3.9607e+00	2.6416e-08	6.2473e-01	3.7527e-01	7.6485e-01	2.3515e-01	2.3110e-11	1.0478e-11	3.8438e-04	9.7808e-01	2.1533e-02	1.1755e-36	6.7830e-01	3.2158e-01	1.1621e-04	1.1755e-36	1.1755e-36	1.1755e-36	7.5626e-18	0.00e+00	0.00e+00	2.5160e+01
3.51770e+19	5.1842e+03	1.098e-22	1.0000e+01	3.8611e+00	2.9380e-08	6.3451e-01	3.6549e-01	7.6739e-01	2.3261e-01	2.3199e-11	1.1055e-11	3.7594e-04	9.7855e-01	2.1076e-02	1.1755e-36	6.8751e-01	3.1238e-01	1.0945e-04	1.1755e-36	1.1755e-36	1.1755e-36	8.4499e-18	0.00e+00	0.00e+00	2.5402e+01
3.51830e+19	5.1155e+03	1.059e-22	1.0000e+01	3.7619e+00	3.2697e-08	6.4426e-01	3.5574e-01	7.6987e-01	2.3013e-01	2.3297e-11	1.1681e-11	3.6753e-04	9.7900e-01	2.0631e-02	1.1755e-36	6.9664e-01	3.0325e-01	1.0307e-04	1.1755e-36	1.1755e-36	1.1755e-36	9.4826e-18	0.00e+00	0.00e+00	2.5646e+01
3.51890e+19	5.0413e+03	1.022e-22	1.0000e+01	3.6629e+00	3.6543e-08	6.5395e-01	3.4605e-01	7.7235e-01	2.2765e-01	2.3390e-11	1.2373e-11	3.5918e-04	9.7944e-01	2.0197e-02	1.1755e-36	7.0570e-01	2.9420e-01	9.7087e-05	1.1755e-36	1.1755e-36	1.1755e-36	1.0715e-17	0.00e+00	0.00e+00	2.5890e+01
3.51947e+19	4.9747e+03	9.861e-23	1.0000e+01	3.5683e+00	4.0362e-08	6.6309e-01	3.3691e-01	7.7454e-01	2.2546e-01	2.3522e-11	1.3014e-11	3.5108e-04	9.7986e-01	1.9789e-02	1.1755e-36	7.1419e-01	2.8571e-01	9.1640e-05	1.1755e-36	1.1755e-36	1.1755e-36	1.1918e-17	0.00e+00	0.00e+00	2.6124e+01
3.52005e+19	4.8954e+03	9.512e-23	1.0000e+01	3.4730e+00	4.5075e-08	6.7254e-01	3.2746e-01	7.7699e-01	2.2301e-01	2.3602e-11	1.3644e-11	3.4312e-04	9.8032e-01	1.9337e-02	1.1755e-36	7.2296e-01	2.7695e-01	8.6385e-05	1.1755e-36	1.1755e-36	1.1755e-36	1.3169e-17	0.00e+00	0.00e+00	2.6376e+01
3.52063e+19	4.8185e+03	9.169e-23	1.0000e+01	3.3784e+00	5.0066e-08	6.8185e-01	3.1815e-01	7.7928e-01	2.2072e-01	2.3715e-11	1.4279e-11	3.3513e-04	9.8076e-01	1.8905e-02	1.1755e-36	7.3155e-01	2.6837e-01	8.1423e-05	1.1755e-36	1.1755e-36	1.1755e-36	1.4504e-17	0.00e+00	0.00e+00	2.6620e+01
3.52120e+19	4.7445e+03	8.837e-23	1.0000e+01	3.2846e+00	5.5208e-08	6.9069e-01	3.0931e-01	7.8136e-01	2.1864e-01	2.3868e-11	1.4886e-11	3.2714e-04	9.8117e-01	1.8501e-02	1.1755e-36	7.3968e-01	2.6024e-01	7.6865e-05	1.1755e-36	1.1755e-36	1.1755e-36	1.5857e-17	0.00e+00	0.00e+00	2.6868e+01
3.52179e+19	4.6617e+03	8.501e-23	1.0000e+01	3.1889e+00	6.1257e-08	7.0001e-01	2.9999e-01	7.8368e-01	2.1632e-01	2.3993e-11	1.5553e-11	3.1909e-04	9.8161e-01	1.8070e-02	1.1755e-36	7.4822e-01	2.5171e-01	7.2321e-05	1.1755e-36	1.1755e-36	1.1755e-36	1.7424e-17	0.00e+00	0.00e+00	2.7138e+01
3.52240e+19	4.5760e+03	8.161e-23	1.0000e+01	3.0916e+00	6.7895e-08	7.0964e-01	2.9036e-01	7.8604e-01	2.1396e-01	2.4128e-11	1.6247e-11	3.1089e-04	9.8206e-01	1.7631e-02	1.1755e-36	7.5700e-01	2.4293e-01	6.7847e-05	1.1755e-36	1.1755e-36	1.1755e-36	1.9139e-17	0.00e+00	0.00e+00	2.7415e+01
3.52303e+19	4.4895e+03	7.823e-23	1.0000e+01	2.9928e+00	7.4842e-08	7.1919e-01	2.8081e-01	7.8831e-01	2.1169e-01	2.4299e-11	1.6918e-11	3.0253e-04	9.8249e-01	1.7203e-02	1.1755e-36	7.6567e-01	2.3426e-01	6.3584e-05	1.1755e-36	1.1755e-36	1.1755e-36	2.0882e-17	0.00e+00	0.00e+00	2.7703e+01
3.52368e+19	4.3911e+03	7.480e-23	1.0000e+01	2.8918e+00	8.2876e-08	7.2940e-01	2.7060e-01	7.9091e-01	2.0909e-01	2.4423e-11	1.7632e-11	2.9414e-04	9.8297e-01	1.6738e-02	1.1755e-36	7.7491e-01	2.2503e-01	5.9305e-05	1.1755e-36	1.1755e-36	1.1755e-36	2.2812e-17	0.00e+00	0.00e+00	2.8017e+01
3.52437e+19	4.2886e+03	7.136e-23	1.0000e+01	2.7866e+00	9.1153e-08	7.3966e-01	2.6034e-01	7.9340e-01	2.0660e-01	2.4600e-11	1.8282e-11	2.8537e-04	9.8343e-01	1.6282e-02	1.1755e-36	7.8415e-01	2.1579e-01	5.5199e-05	1.1755e-36	1.1755e-36	1.1755e-36	2.4629e-17	0.00e+00	0.00e+00	2.8336e+01
3.52504e+19	4.1861e+03	6.807e-23	1.0000e+01	2.6847e+00	9.9134e-08	7.4964e-01	2.5036e-01	7.9582e-01	2.0418e-01	2.4780e-11	1.8839e-11	2.7691e-04	9.8388e-01	1.5843e-02	1.1755e-36	7.9310e-01	2.0685e-01	5.1402e-05	1.1755e-36	1.1755e-36	1.1755e-36	2.6198e-17	0.00e+00	0.00e+00	2.8651e+01
3.52570e+19	4.0844e+03	6.498e-23	1.0000e+01	2.5869e+00	1.0650e-07	7.5922e-01	2.4078e-01	7.9817e-01	2.0183e-01	2.4960e-11	1.9279e-11	2.6885e-04	9.8431e-01	1.5423e-02	1.1755e-36	8.0165e-01	1.9830e-01	4.7928e-05	1.1755e-36	1.1755e-36	1.1755e-36	2.7406e-17	0.00e+00	0.00e+00	2.8964e+01
3.52635e+19	3.9826e+03	6.203e-23	1.0000e+01	2.4920e+00	1.1310e-07	7.6851e-01	2.3149e-01	8.0046e-01	1.9954e-01	2.5142e-11	1.9598e-11	2.6110e-04	9.8472e-01	1.5020e-02	1.1755e-36	8.0992e-01	1.9004e-01	4.4709e-05	1.1755e-36	1.1755e-36	1.1755e-36	2.8198e-17	0.00e+00	0.00e+00	2.9278e+01
###########################
5.59737e+14	6.6516e+03	3.636e-22	1.0000e+01	1.0867e+01	1.7829e-14	1.3788e-03	9.9862e-01	5.1217e-03	9.7865e-01	1.6224e-02	6.2953e-19	3.4237e-05	8.7907e-02	9.0667e-01	5.3868e-03	2.2206e-04	1.9253e-01	8.0152e-01	5.7330e-03	1.1755e-36	1.1755e-36	6.0911e-27	0.00e+00	0.00e+00	9.7440e-05
3.35842e+15	6.6499e+03	3.635e-22	1.0000e+01	1.0866e+01	1.7847e-14	1.3787e-03	9.9862e-01	5.1219e-03	9.7867e-01	1.6212e-02	6.2901e-19	3.4221e-05	8.7922e-02	9.0665e-01	5.3942e-03	2.2190e-04	1.9241e-01	8.0166e-01	5.7136e-03	1.1755e-36	1.1755e-36	6.0832e-27	0.00e+00	0.00e+00	4.8716e-04
1.45532e+16	6.6465e+03	3.634e-22	1.0000e+01	1.0866e+01	1.7886e-14	1.3784e-03	9.9862e-01	5.1238e-03	9.7876e-01	1.6112e-02	6.2839e-19	3.4253e-05	8.7966e-02	9.0662e-01	5.3809e-03	2.2172e-04	1.9227e-01	8.0188e-01	5.6331e-03	1.1755e-36	1.1755e-36	6.0707e-27	0.00e+00	0.00e+00	2.0458e-03
5.93321e+16	6.6388e+03	3.627e-22	1.0000e+01	1.0866e+01	1.7986e-14	1.3780e-03	9.9862e-01	5.1323e-03	9.7928e-01	1.5590e-02	6.2826e-19	3.4384e-05	8.8084e-02	9.0655e-01	5.3331e-03	2.2161e-04	1.9211e-01	8.0235e-01	5.3215e-03	1.1755e-36	1.1755e-36	6.0574e-27	0.00e+00	0.00e+00	8.2784e-03
1.41725e+17	6.6070e+03	3.606e-22	1.0000e+01	1.0865e+01	1.8192e-14	1.3705e-03	9.9863e-01	5.1387e-03	9.7958e-01	1.5277e-02	6.1817e-19	3.4417e-05	8.8190e-02	9.0649e-01	5.2878e-03	2.1980e-04	1.9140e-01	8.0348e-01	4.9018e-03	1.1755e-36	1.1755e-36	5.8936e-27	0.00e+00	0.00e+00	1.6337e-02
2.48837e+17	6.5728e+03	3.584e-22	1.0000e+01	1.0865e+01	1.8400e-14	1.3638e-03	9.9864e-01	5.1517e-03	9.8043e-01	1.4423e-02	6.0853e-19	3.4452e-05	8.8359e-02	9.0640e-01	5.2031e-03	2.1854e-04	1.9102e-01	8.0437e-01	4.3892e-03	1.1755e-36	1.1755e-36	5.7190e-27	0.00e+00	0.00e+00	2.6761e-02
3.88081e+17	6.5347e+03	3.558e-22	1.0000e+01	1.0864e+01	1.8691e-14	1.3573e-03	9.9864e-01	5.1715e-03	9.8178e-01	1.3053e-02	6.0109e-19	3.4513e-05	8.8602e-02	9.0628e-01	5.0803e-03	2.1783e-04	1.9101e-01	8.0498e-01	3.7874e-03	1.1755e-36	1.1755e-36	5.5672e-27	0.00e+00	0.00e+00	4.0248e-02
5.69099e+17	6.4916e+03	3.529e-22	1.0000e+01	1.0862e+01	1.9104e-14	1.3512e-03	9.9865e-01	5.1998e-03	9.8361e-01	1.1186e-02	5.9706e-19	3.4618e-05	8.8946e-02	9.0610e-01	4.9195e-03	2.1795e-04	1.9156e-01	8.0510e-01	3.1130e-03	1.1755e-36	1.1755e-36	5.4506e-27	0.00e+00	0.00e+00	5.7703e-02
8.04422e+17	6.4425e+03	3.496e-22	1.0000e+01	1.0861e+01	1.9578e-14	1.3460e-03	9.9865e-01	5.2383e-03	9.8583e-01	8.9272e-03	5.9452e-19	3.4783e-05	8.9428e-02	9.0581e-01	4.7256e-03	2.1925e-04	1.9291e-01	8.0447e-01	2.4010e-03	1.1755e-36	1.1755e-36	5.3206e-27	0.00e+00	0.00e+00	8.0306e-02
1.11034e+18	6.3869e+03	3.458e-22	1.0000e+01	1.0858e+01	2.0232e-14	1.3422e-03	9.9866e-01	5.2883e-03	9.8821e-01	6.4991e-03	5.9713e-19	3.5020e-05	9.0089e-02	9.0537e-01	4.5104e-03	2.2202e-04	1.9519e-01	8.0288e-01	1.7058e-03	1.1755e-36	1.1755e-36	5.2332e-27	0.00e+00	0.00e+00	1.0961e-01
1.50804e+18	6.3244e+03	3.416e-22	1.0000e+01	1.0856e+01	2.1032e-14	1.3407e-03	9.9866e-01	5.3524e-03	9.9044e-01	4.2125e-03	6.0356e-19	3.5376e-05	9.0989e-02	9.0469e-01	4.2900e-03	2.2657e-04	1.9849e-01	8.0019e-01	1.0914e-03	1.1755e-36	1.1755e-36	5.1503e-27	0.00e+00	0.00e+00	1.4766e-01
2.02504e+18	6.2551e+03	3.370e-22	1.0000e+01	1.0854e+01	2.2162e-14	1.3429e-03	9.9866e-01	5.4336e-03	9.9220e-01	2.3655e-03	6.1838e-19	3.5905e-05	9.2197e-02	9.0369e-01	4.0790e-03	2.3313e-04	2.0273e-01	7.9642e-01	6.1268e-04	1.1755e-36	1.1755e-36	5.1385e-27	0.00e+00	0.00e+00	1.9720e-01
2.69715e+18	6.1801e+03	3.323e-22	1.0000e+01	1.0853e+01	2.3575e-14	1.3506e-03	9.9865e-01	5.5376e-03	9.9335e-01	1.1172e-03	6.3983e-19	3.6684e-05	9.3815e-02	9.0227e-01	3.8831e-03	2.4210e-04	2.0784e-01	7.9162e-01	2.9305e-04	1.1755e-36	1.1755e-36	5.1468e-27	0.00e+00	0.00e+00	2.6198e-01
3.57089e+18	6.1020e+03	3.275e-22	1.0000e+01	1.0852e+01	2.5496e-14	1.3670e-03	9.9863e-01	5.6747e-03	9.9389e-01	4.3041e-04	6.7537e-19	3.7830e-05	9.5992e-02	9.0027e-01	3.6959e-03	2.5444e-04	2.1396e-01	7.8567e-01	1.1583e-04	1.1755e-36	1.1755e-36	5.2598e-27	0.00e+00	0.00e+00	3.4721e-01
4.70675e+18	6.0261e+03	3.227e-22	1.0000e+01	1.0851e+01	2.7937e-14	1.3965e-03	9.9860e-01	5.8618e-03	9.9401e-01	1.3162e-04	7.2979e-19	3.9533e-05	9.8962e-02	8.9750e-01	3.5026e-03	2.7204e-04	2.2154e-01	7.7815e-01	3.6815e-05	1.1755e-36	1.1755e-36	5.4822e-27	0.00e+00	0.00e+00	4.6041e-01
6.18337e+18	5.9596e+03	3.183e-22	1.0000e+01	1.0851e+01	3.1308e-14	1.4470e-03	9.9855e-01	6.1261e-03	9.9384e-01	3.1544e-05	8.2410e-19	4.2054e-05	1.0310e-01	8.9357e-01	3.2865e-03	2.9826e-04	2.3138e-01	7.6831e-01	9.2777e-06	1.1755e-36	1.1755e-36	6.0050e-27	0.00e+00	0.00e+00	6.1289e-01
8.10298e+18	5.9164e+03	3.145e-22	1.0000e+01	1.0849e+01	3.5777e-14	1.5315e-03	9.9847e-01	6.5114e-03	9.9348e-01	6.0443e-06	9.8960e-19	4.6058e-05	1.0903e-01	8.8789e-01	3.0336e-03	3.3959e-04	2.4490e-01	7.5476e-01	1.8750e-06	1.1755e-36	1.1755e-36	7.0285e-27	0.00e+00	0.00e+00	8.2268e-01
1.05985e+19	5.9298e+03	3.115e-22	1.0000e+01	1.0847e+01	4.1583e-14	1.6720e-03	9.9833e-01	7.0940e-03	9.9291e-01	9.8277e-07	1.3127e-18	5.2379e-05	1.1772e-01	8.7949e-01	2.7381e-03	4.0790e-04	2.6390e-01	7.3569e-01	3.1480e-07	1.1755e-36	1.1755e-36	9.2889e-27	0.00e+00	0.00e+00	1.1205e+00
1.31991e+19	5.9862e+03	3.103e-22	1.0000e+01	1.0845e+01	4.7525e-14	1.8514e-03	9.9815e-01	7.7766e-03	9.9222e-01	1.9269e-07	1.7781e-18	6.0131e-05	1.2765e-01	8.6983e-01	2.4620e-03	4.9845e-04	2.8534e-01	7.1416e-01	1.1755e-36	1.1755e-36	1.1755e-36	1.2703e-26	0.00e+00	0.00e+00	1.3987e+00
1.53390e+19	6.0903e+03	3.115e-22	1.0000e+01	1.0842e+01	5.2819e-14	2.0504e-03	9.9795e-01	8.4804e-03	9.9152e-01	6.2071e-08	2.4252e-18	6.8356e-05	1.3753e-01	8.6015e-01	2.2472e-03	6.0245e-04	3.0605e-01	6.9335e-01	1.1755e-36	1.1755e-36	1.1755e-36	1.7932e-26	0.00e+00	0.00e+00	1.6445e+00
1.71031e+19	6.2093e+03	3.138e-22	1.0000e+01	1.0839e+01	5.8279e-14	2.2629e-03	9.9774e-01	9.2091e-03	9.9079e-01	2.6975e-08	3.3093e-18	7.6952e-05	1.4743e-01	8.5042e-01	2.0704e-03	7.2007e-04	3.2640e-01	6.7288e-01	1.1755e-36	1.1755e-36	1.1755e-36	2.5625e-26	0.00e+00	0.00e+00	1.8772e+00
1.86568e+19	6.3345e+03	3.168e-22	1.0000e+01	1.0836e+01	6.4470e-14	2.4971e-03	9.9750e-01	9.9995e-03	9.9000e-01	1.3681e-08	4.5475e-18	8.6274e-05	1.5785e-01	8.4015e-01	1.9115e-03	8.5840e-04	3.4757e-01	6.5157e-01	1.1755e-36	1.1755e-36	1.1755e-36	3.7091e-26	0.00e+00	0.00e+00	2.1103e+00
2.00682e+19	6.4636e+03	3.203e-22	1.0000e+01	1.0832e+01	7.1632e-14	2.7592e-03	9.9724e-01	1.0874e-02	9.8913e-01	7.6738e-09	6.2946e-18	9.6509e-05	1.6905e-01	8.2909e-01	1.7635e-03	1.0242e-03	3.7011e-01	6.2886e-01	1.1755e-36	1.1755e-36	1.1755e-36	5.4206e-26	0.00e+00	0.00e+00	2.3445e+00
2.13419e+19	6.5930e+03	3.242e-22	1.0000e+01	1.0829e+01	7.9976e-14	3.0489e-03	9.9695e-01	1.1829e-02	9.8817e-01	4.6860e-09	8.7397e-18	1.0758e-04	1.8092e-01	8.1735e-01	1.6259e-03	1.2204e-03	3.9384e-01	6.0494e-01	1.1755e-36	1.1755e-36	1.1755e-36	7.9613e-26	0.00e+00	0.00e+00	2.5760e+00
2.24806e+19	6.7182e+03	3.283e-22	1.0000e+01	1.0824e+01	8.9667e-14	3.3646e-03	9.9664e-01	1.2867e-02	9.8713e-01	3.0754e-09	1.2101e-17	1.1936e-04	1.9338e-01	8.0500e-01	1.4982e-03	1.4492e-03	4.1846e-01	5.8009e-01	1.1755e-36	1.1755e-36	1.1755e-36	1.1652e-25	0.00e+00	0.00e+00	2.8042e+00
2.35048e+19	6.8379e+03	3.325e-22	1.0000e+01	1.0820e+01	1.0097e-13	3.7084e-03	9.9629e-01	1.3999e-02	9.8600e-01	2.1345e-09	1.6704e-17	1.3188e-04	2.0649e-01	7.9200e-01	1.3786e-03	1.7152e-03	4.4397e-01	5.5431e-01	1.1755e-36	1.1755e-36	1.1755e-36	1.6977e-25	0.00e+00	0.00e+00	3.0322e+00
2.44396e+19	6.9525e+03	3.368e-22	1.0000e+01	1.0814e+01	1.1438e-13	4.0866e-03	9.9591e-01	1.5246e-02	9.8475e-01	1.5452e-09	2.3053e-17	1.4528e-04	2.2039e-01	7.7820e-01	1.2649e-03	2.0265e-03	4.7053e-01	5.2744e-01	1.1755e-36	1.1755e-36	1.1755e-36	2.4715e-25	0.00e+00	0.00e+00	3.2634e+00
2.53015e+19	7.0624e+03	3.412e-22	1.0000e+01	1.0809e+01	1.3042e-13	4.5063e-03	9.9549e-01	1.6632e-02	9.8337e-01	1.1565e-09	3.1859e-17	1.5972e-04	2.3524e-01	7.6344e-01	1.1562e-03	2.3930e-03	4.9824e-01	4.9936e-01	1.1755e-36	1.1755e-36	1.1755e-36	3.6007e-25	0.00e+00	0.00e+00	3.4990e+00
2.60978e+19	7.1671e+03	3.457e-22	1.0000e+01	1.0803e+01	1.4980e-13	4.9727e-03	9.9503e-01	1.8178e-02	9.8182e-01	8.9073e-10	4.4103e-17	1.7523e-04	2.5111e-01	7.4767e-01	1.0521e-03	2.8235e-03	5.2698e-01	4.7019e-01	1.1755e-36	1.1755e-36	1.1755e-36	5.2554e-25	0.00e+00	0.00e+00	3.7389e+00
2.68327e+19	7.2656e+03	3.502e-22	1.0000e+01	1.0796e+01	1.7310e-13	5.4908e-03	9.9451e-01	1.9905e-02	9.8009e-01	7.0355e-10	6.1019e-17	1.9185e-04	2.6800e-01	7.3086e-01	9.5300e-04	3.3271e-03	5.5651e-01	4.4017e-01	1.1755e-36	1.1755e-36	1.1755e-36	7.6580e-25	0.00e+00	0.00e+00	3.9835e+00
2.75120e+19	7.3576e+03	3.547e-22	1.0000e+01	1.0788e+01	2.0154e-13	6.0676e-03	9.9393e-01	2.1841e-02	9.7816e-01	5.6783e-10	8.4474e-17	2.0961e-04	2.8598e-01	7.1295e-01	8.5868e-04	3.9150e-03	5.8660e-01	4.0949e-01	1.1755e-36	1.1755e-36	1.1755e-36	1.1169e-24	0.00e+00	0.00e+00	4.2338e+00
2.81427e+19	7.4428e+03	3.592e-22	1.0000e+01	1.0780e+01	2.3634e-13	6.7134e-03	9.9329e-01	2.4023e-02	9.7598e-01	4.6677e-10	1.1700e-16	2.2865e-04	3.0517e-01	6.9383e-01	7.6897e-04	4.6019e-03	6.1709e-01	3.7831e-01	1.1755e-36	1.1755e-36	1.1755e-36	1.6290e-24	0.00e+00	0.00e+00	4.4915e+00
2.87304e+19	7.5268e+03	3.636e-22	1.0000e+01	1.0773e+01	2.7865e-13	7.4364e-03	9.9256e-01	2.6489e-02	9.7351e-01	3.9007e-10	1.6232e-16	2.4883e-04	3.2550e-01	6.7357e-01	6.8431e-04	5.4019e-03	6.4771e-01	3.4689e-01	1.1755e-36	1.1755e-36	1.1755e-36	2.3868e-24	0.00e+00	0.00e+00	4.7578e+00
2.92791e+19	7.5882e+03	3.685e-22	1.0000e+01	1.0761e+01	3.3494e-13	8.2672e-03	9.9173e-01	2.9347e-02	9.7065e-01	3.2975e-10	2.2615e-16	2.7111e-04	3.4765e-01	6.5147e-01	6.0299e-04	6.3489e-03	6.7839e-01	3.1526e-01	1.1755e-36	1.1755e-36	1.1755e-36	3.5012e-24	0.00e+00	0.00e+00	5.0345e+00
2.97918e+19	7.6438e+03	3.734e-22	1.0000e+01	1.0749e+01	4.0639e-13	9.2125e-03	9.9079e-01	3.2636e-02	9.6736e-01	2.8215e-10	3.1608e-16	2.9475e-04	3.7123e-01	6.2795e-01	5.2674e-04	7.4582e-03	7.0864e-01	2.8390e-01	1.1755e-36	1.1755e-36	1.1755e-36	5.1663e-24	0.00e+00	0.00e+00	5.3226e+00
3.02711e+19	7.7126e+03	3.775e-22	1.0000e+01	1.0737e+01	4.9075e-13	1.0273e-02	9.8973e-01	3.6379e-02	9.6362e-01	2.4458e-10	4.4138e-16	3.1936e-04	3.9593e-01	6.0330e-01	4.5680e-04	8.7389e-03	7.3794e-01	2.5332e-01	1.1755e-36	1.1755e-36	1.1755e-36	7.6503e-24	0.00e+00	0.00e+00	5.6231e+00
3.07198e+19	7.7517e+03	3.821e-22	1.0000e+01	1.0716e+01	6.0754e-13	1.1514e-02	9.8849e-01	4.0789e-02	9.5921e-01	2.1320e-10	6.1950e-16	3.4630e-04	4.2274e-01	5.7653e-01	3.9088e-04	1.0259e-02	7.6621e-01	2.2353e-01	1.1755e-36	1.1755e-36	1.1755e-36	1.1354e-23	0.00e+00	0.00e+00	5.9388e+00
3.11419e+19	7.7874e+03	3.868e-22	1.0000e+01	1.0700e+01	7.6182e-13	1.2960e-02	9.8704e-01	4.6001e-02	9.5400e-01	1.8755e-10	8.7725e-16	3.7521e-04	4.5130e-01	5.4800e-01	3.3004e-04	1.2060e-02	7.9316e-01	1.9478e-01	1.1755e-36	1.1755e-36	1.1755e-36	1.7117e-23	0.00e+00	0.00e+00	6.2742e+00
3.15069e+19	7.8122e+03	3.911e-22	1.0000e+01	1.0678e+01	9.5037e-13	1.4516e-02	9.8548e-01	5.1625e-02	9.4837e-01	1.6814e-10	1.2138e-15	4.0305e-04	4.7902e-01	5.2029e-01	2.7919e-04	1.4016e-02	8.1638e-01	1.6961e-01	1.1755e-36	1.1755e-36	1.1755e-36	2.5164e-23	0.00e+00	0.00e+00	6.5676e+00
3.18055e+19	7.8277e+03	3.948e-22	1.0000e+01	1.0658e+01	1.1645e-12	1.6076e-02	9.8392e-01	5.7341e-02	9.4266e-01	1.5344e-10	1.6192e-15	4.2880e-04	5.0445e-01	4.9488e-01	2.3855e-04	1.5990e-02	8.3510e-01	1.4891e-01	1.1755e-36	1.1755e-36	1.1755e-36	3.5510e-23	0.00e+00	0.00e+00	6.8488e+00
3.21241e+19	7.8324e+03	3.987e-22	1.0000e+01	1.0633e+01	1.4850e-12	1.8091e-02	9.8191e-01	6.4932e-02	9.3507e-01	1.3801e-10	2.2519e-15	4.5927e-04	5.3467e-01	4.6467e-01	1.9659e-04	1.8553e-02	8.5424e-01	1.2721e-01	1.1755e-36	1.1755e-36	1.1755e-36	5.2732e-23	0.00e+00	0.00e+00	7.2601e+00
3.24704e+19	7.8290e+03	4.033e-22	1.0000e+01	1.0598e+01	2.0033e-12	2.0882e-02	9.7912e-01	7.5398e-02	9.2460e-01	1.2334e-10	3.3237e-15	4.9560e-04	5.7073e-01	4.2862e-01	1.5456e-04	2.2107e-02	8.7357e-01	1.0433e-01	1.1755e-36	1.1755e-36	1.1755e-36	8.4588e-23	0.00e+00	0.00e+00	7.6985e+00
3.27722e+19	7.8156e+03	4.074e-22	1.0000e+01	1.0557e+01	2.7162e-12	2.4100e-02	9.7590e-01	8.7481e-02	9.1252e-01	1.1155e-10	4.8558e-15	5.3099e-04	6.0607e-01	3.9328e-01	1.2049e-04	2.6200e-02	8.8886e-01	8.4943e-02	1.1755e-36	1.1755e-36	1.1755e-36	1.3476e-22	0.00e+00	0.00e+00	8.1110e+00
3.30101e+19	7.7950e+03	4.105e-22	1.0000e+01	1.0509e+01	3.5805e-12	2.7380e-02	9.7262e-01	9.9770e-02	9.0023e-01	1.0260e-10	6.7540e-15	5.6103e-04	6.3668e-01	3.6266e-01	9.5817e-05	3.0363e-02	8.9932e-01	7.0318e-02	1.1755e-36	1.1755e-36	1.1755e-36	2.0302e-22	0.00e+00	0.00e+00	8.4651e+00
3.32010e+19	7.7708e+03	4.132e-22	1.0000e+01	1.0474e+01	4.6019e-12	3.0684e-02	9.6932e-01	1.1226e-01	8.8774e-01	9.5663e-11	9.0471e-15	5.8766e-04	6.6340e-01	3.3594e-01	7.7485e-05	3.4544e-02	9.0632e-01	5.9139e-02	1.1755e-36	1.1755e-36	1.1755e-36	2.9332e-22	0.00e+00	0.00e+00	8.8079e+00
3.33753e+19	7.7412e+03	4.153e-22	1.0000e+01	1.0430e+01	5.9222e-12	3.4365e-02	9.6563e-01	1.2620e-01	8.7380e-01	8.9289e-11	1.2036e-14	6.1297e-04	6.8931e-01	3.1002e-01	6.2261e-05	3.9189e-02	9.1125e-01	4.9559e-02	1.1755e-36	1.1755e-36	1.1755e-36	4.2088e-22	0.00e+00	0.00e+00	9.1804e+00
3.35447e+19	7.7083e+03	4.164e-22	1.0000e+01	1.0365e+01	7.7340e-12	3.8735e-02	9.6127e-01	1.4263e-01	8.5737e-01	8.2883e-11	1.6167e-14	6.3748e-04	7.1560e-01	2.8372e-01	4.9079e-05	4.4686e-02	9.1440e-01	4.0911e-02	1.1755e-36	1.1755e-36	1.1755e-36	6.1245e-22	0.00e+00	0.00e+00	9.5890e+00
3.37050e+19	7.6696e+03	4.172e-22	1.0000e+01	1.0297e+01	1.0286e-11	4.3951e-02	9.5605e-01	1.6194e-01	8.3806e-01	7.6953e-11	2.2005e-14	6.6154e-04	7.4172e-01	2.5758e-01	3.7978e-05	5.1216e-02	9.1549e-01	3.3294e-02	1.1755e-36	1.1755e-36	1.1755e-36	9.1147e-22	0.00e+00	0.00e+00	1.0015e+01
3.38486e+19	7.6254e+03	4.178e-22	1.0000e+01	1.0234e+01	1.3769e-11	4.9937e-02	9.5006e-01	1.8355e-01	8.1645e-01	7.1627e-11	2.9950e-14	6.8422e-04	7.6638e-01	2.3291e-01	2.9167e-05	5.8670e-02	9.1437e-01	2.6962e-02	1.1755e-36	1.1755e-36	1.1755e-36	1.3632e-21	0.00e+00	0.00e+00	1.0437e+01
3.39734e+19	7.5857e+03	4.170e-22	1.0000e+01	1.0154e+01	1.8173e-11	5.6404e-02	9.4360e-01	2.0628e-01	7.9372e-01	6.6931e-11	4.0012e-14	7.0280e-04	7.8833e-01	2.1094e-01	2.2541e-05	6.6688e-02	9.1137e-01	2.1941e-02	1.1755e-36	1.1755e-36	1.1755e-36	1.9962e-21	0.00e+00	0.00e+00	1.0849e+01
3.40844e+19	7.5441e+03	4.153e-22	1.0000e+01	1.0066e+01	2.3888e-11	6.3526e-02	9.3647e-01	2.3058e-01	7.6942e-01	6.2582e-11	5.2937e-14	7.1852e-04	8.0833e-01	1.9094e-01	1.7429e-05	7.5474e-02	9.0665e-01	1.7874e-02	1.1755e-36	1.1755e-36	1.1755e-36	2.8942e-21	0.00e+00	0.00e+00	1.1276e+01
3.41879e+19	7.5007e+03	4.126e-22	1.0000e+01	9.9658e+00	3.1621e-11	7.1721e-02	9.2828e-01	2.5742e-01	7.4258e-01	5.8388e-11	7.0268e-14	7.3204e-04	8.2721e-01	1.7205e-01	1.3340e-05	8.5533e-02	9.0002e-01	1.4448e-02	1.1755e-36	1.1755e-36	1.1755e-36	4.2279e-21	0.00e+00	0.00e+00	1.1731e+01
3.42850e+19	7.4510e+03	4.076e-22	1.0000e+01	9.8172e+00	4.2196e-11	8.1073e-02	9.1893e-01	2.8655e-01	7.1345e-01	5.4290e-11	9.3004e-14	7.4046e-04	8.4463e-01	1.5462e-01	1.0138e-05	9.6954e-02	8.9145e-01	1.1596e-02	1.1755e-36	1.1755e-36	1.1755e-36	6.1545e-21	0.00e+00	0.00e+00	1.2211e+01
3.43756e+19	7.3990e+03	4.033e-22	1.0000e+01	9.7089e+00	5.7381e-11	9.2396e-02	9.0760e-01	3.1923e-01	6.8077e-01	5.0332e-11	1.2588e-13	7.5075e-04	8.6154e-01	1.3770e-01	7.5491e-06	1.1068e-01	8.8014e-01	9.1732e-03	1.1755e-36	1.1755e-36	1.1755e-36	9.3029e-21	0.00e+00	0.00e+00	1.2721e+01
3.44575e+19	7.3562e+03	3.949e-22	1.0000e+01	9.5176e+00	7.6724e-11	1.0461e-01	8.9539e-01	3.5196e-01	6.4804e-01	4.6699e-11	1.6632e-13	7.5182e-04	8.7592e-01	1.2333e-01	5.6825e-06	1.2540e-01	8.6732e-01	7.2801e-03	1.1755e-36	1.1755e-36	1.1755e-36	1.3600e-20	0.00e+00	0.00e+00	1.3226e+01
3.45318e+19	7.2991e+03	3.870e-22	1.0000e+01	9.3534e+00	1.0425e-10	1.1879e-01	8.8121e-01	3.8647e-01	6.1353e-01	4.3303e-11	2.2191e-13	7.5368e-04	8.8931e-01	1.0994e-01	4.2387e-06	1.4237e-01	8.5189e-01	5.7479e-03	1.1755e-36	1.1755e-36	1.1755e-36	2.0243e-20	0.00e+00	0.00e+00	1.3766e+01
3.46012e+19	7.2377e+03	3.777e-22	1.0000e+01	9.1738e+00	1.4343e-10	1.3541e-01	8.6459e-01	4.2256e-01	5.7744e-01	4.0054e-11	2.9840e-13	7.5269e-04	9.0162e-01	9.7620e-02	3.1302e-06	1.6208e-01	8.3343e-01	4.4930e-03	1.1755e-36	1.1755e-36	1.1755e-36	3.0576e-20	0.00e+00	0.00e+00	1.4337e+01
3.46649e+19	7.1761e+03	3.662e-22	1.0000e+01	8.9575e+00	1.9758e-10	1.5422e-01	8.4578e-01	4.5856e-01	5.4144e-01	3.7088e-11	3.9950e-13	7.4708e-04	9.1251e-01	8.6737e-02	2.3119e-06	1.8419e-01	8.1231e-01	3.4993e-03	1.1755e-36	1.1755e-36	1.1755e-36	4.6032e-20	0.00e+00	0.00e+00	1.4928e+01
3.47235e+19	7.1084e+03	3.528e-22	1.0000e+01	8.7166e+00	2.7383e-10	1.7558e-01	8.2442e-01	4.9423e-01	5.0577e-01	3.4351e-11	5.3393e-13	7.3792e-04	9.2222e-01	7.7041e-02	1.7058e-06	2.0905e-01	7.8823e-01	2.7147e-03	1.1755e-36	1.1755e-36	1.1755e-36	6.9351e-20	0.00e+00	0.00e+00	1.5554e+01
3.47782e+19	7.0347e+03	3.369e-22	1.0000e+01	8.4265e+00	3.8248e-10	1.9974e-01	8.0026e-01	5.2909e-01	4.7091e-01	3.1894e-11	7.1146e-13	7.2338e-04	9.3082e-01	6.8456e-02	1.2579e-06	2.3686e-01	7.6104e-01	2.0947e-03	1.1755e-36	1.1755e-36	1.1755e-36	1.0436e-19	0.00e+00	0.00e+00	1.6223e+01
3.48301e+19	6.9504e+03	3.187e-22	1.0000e+01	8.1012e+00	5.4274e-10	2.2771e-01	7.7229e-01	5.6357e-01	4.3643e-01	2.9609e-11	9.5215e-13	7.0452e-04	9.3864e-01	6.0652e-02	9.2098e-07	2.6865e-01	7.2975e-01	1.5989e-03	1.1755e-36	1.1755e-36	1.1755e-36	1.5858e-19	0.00e+00	0.00e+00	1.6952e+01
3.48793e+19	6.8492e+03	2.988e-22	1.0000e+01	7.7499e+00	7.8863e-10	2.6045e-01	7.3955e-01	5.9716e-01	4.0284e-01	2.7553e-11	1.2860e-12	6.8245e-04	9.4579e-01	5.3529e-02	6.6838e-07	3.0532e-01	6.9347e-01	1.2043e-03	1.1755e-36	1.1755e-36	1.1755e-36	2.4550e-19	0.00e+00	0.00e+00	1.7736e+01
3.49242e+19	6.7349e+03	2.773e-22	1.0000e+01	7.3633e+00	1.1533e-09	2.9666e-01	7.0334e-01	6.2740e-01	3.7260e-01	2.5930e-11	1.7200e-12	6.5601e-04	9.5193e-01	4.7417e-02	4.8951e-07	3.4523e-01	6.5386e-01	9.0655e-04	1.1755e-36	1.1755e-36	1.1755e-36	3.7656e-19	0.00e+00	0.00e+00	1.8524e+01
3.49612e+19	6.6209e+03	2.568e-22	1.0000e+01	6.9834e+00	1.6325e-09	3.3220e-01	6.6780e-01	6.5132e-01	3.4868e-01	2.4852e-11	2.2136e-12	6.2836e-04	9.5665e-01	4.2724e-02	3.7394e-07	3.8374e-01	6.1556e-01	7.0211e-04	1.1755e-36	1.1755e-36	1.1755e-36	5.4852e-19	0.00e+00	0.00e+00	1.9195e+01
3.49890e+19	6.5194e+03	2.400e-22	1.0000e+01	6.6677e+00	2.1687e-09	3.6262e-01	6.3738e-01	6.6888e-01	3.3112e-01	2.4140e-11	2.6959e-12	6.0460e-04	9.6003e-01	3.9369e-02	3.0307e-07	4.1619e-01	5.8323e-01	5.7181e-04	1.1755e-36	1.1755e-36	1.1755e-36	7.3904e-19	0.00e+00	0.00e+00	1.9735e+01
3.50107e+19	6.4272e+03	2.260e-22	1.0000e+01	6.3972e+00	2.7431e-09	3.8816e-01	6.1184e-01	6.8204e-01	3.1796e-01	2.3701e-11	3.1426e-12	5.8376e-04	9.6257e-01	3.6848e-02	2.5621e-07	4.4311e-01	5.5640e-01	4.8403e-04	1.1755e-36	1.1755e-36	1.1755e-36	9.3406e-19	0.00e+00	0.00e+00	2.0222e+01
3.50301e+19	6.3342e+03	2.130e-22	1.0000e+01	6.1446e+00	3.4217e-09	4.1238e-01	5.8762e-01	6.9373e-01	3.0627e-01	2.3326e-11	3.6075e-12	5.6405e-04	9.6478e-01	3.4658e-02	2.1982e-07	4.6834e-01	5.3124e-01	4.1501e-04	1.1755e-36	1.1755e-36	1.1755e-36	1.1562e-18	0.00e+00	0.00e+00	2.0712e+01
3.50487e+19	6.2351e+03	2.001e-22	1.0000e+01	5.8890e+00	4.2768e-09	4.3691e-01	5.6309e-01	7.0465e-01	2.9535e-01	2.3019e-11	4.1207e-12	5.4380e-04	9.6682e-01	3.2637e-02	1.8940e-07	4.9363e-01	5.0601e-01	3.5635e-04	1.1755e-36	1.1755e-36	1.1755e-36	1.4249e-18	0.00e+00	0.00e+00	2.1218e+01
3.50662e+19	6.1319e+03	1.876e-22	1.0000e+01	5.6347e+00	5.3402e-09	4.6140e-01	5.3860e-01	7.1448e-01	2.8552e-01	2.2818e-11	4.6787e-12	5.2338e-04	9.6866e-01	3.0813e-02	1.6433e-07	5.1859e-01	4.8111e-01	3.0702e-04	1.1755e-36	1.1755e-36	1.1755e-36	1.7466e-18	0.00e+00	0.00e+00	2.1709e+01
3.50822e+19	6.0265e+03	1.763e-22	1.0000e+01	5.3966e+00	6.6179e-09	4.8470e-01	5.1530e-01	7.2312e-01	2.7688e-01	2.2678e-11	5.2606e-12	5.0410e-04	9.7027e-01	2.9221e-02	1.4434e-07	5.4208e-01	4.5765e-01	2.6717e-04	1.1755e-36	1.1755e-36	1.1755e-36	2.1171e-18	0.00e+00	0.00e+00	2.2167e+01
3.50964e+19	5.9255e+03	1.659e-22	1.0000e+01	5.1758e+00	8.0752e-09	5.0615e-01	4.9385e-01	7.3052e-01	2.6948e-01	2.2618e-11	5.8427e-12	4.8602e-04	9.7166e-01	2.7852e-02	1.2847e-07	5.6350e-01	4.3627e-01	2.3522e-04	1.1755e-36	1.1755e-36	1.1755e-36	2.5260e-18	0.00e+00	0.00e+00	2.2601e+01
3.51096e+19	5.8248e+03	1.564e-22	1.0000e+01	4.9677e+00	9.7781e-09	5.2640e-01	4.7360e-01	7.3714e-01	2.6286e-01	2.2601e-11	6.4418e-12	4.6886e-04	9.7290e-01	2.6629e-02	1.1755e-36	5.8353e-01	4.1626e-01	2.0868e-04	1.1755e-36	1.1755e-36	1.1755e-36	2.9904e-18	0.00e+00	0.00e+00	2.3023e+01
3.51200e+19	5.7462e+03	1.490e-22	1.0000e+01	4.7985e+00	1.1364e-08	5.4261e-01	4.5739e-01	7.4167e-01	2.5833e-01	2.2701e-11	6.9527e-12	4.5467e-04	9.7379e-01	2.5760e-02	1.1755e-36	5.9942e-01	4.0039e-01	1.8971e-04	1.1755e-36	1.1755e-36	1.1755e-36	3.4246e-18	0.00e+00	0.00e+00	2.3303e+01
3.51270e+19	5.6816e+03	1.441e-22	1.0000e+01	4.6854e+00	1.2732e-08	5.5390e-01	4.4610e-01	7.4494e-01	2.5506e-01	2.2725e-11	7.3446e-12	4.4534e-04	9.7440e-01	2.5153e-02	1.1755e-36	6.1045e-01	3.8938e-01	1.7770e-04	1.1755e-36	1.1755e-36	1.1755e-36	3.7845e-18	0.00e+00	0.00e+00	2.3507e+01
3.51327e+19	5.6380e+03	1.400e-22	1.0000e+01	4.5931e+00	1.3817e-08	5.6265e-01	4.3735e-01	7.4744e-01	2.5256e-01	2.2784e-11	7.6528e-12	4.3752e-04	9.7488e-01	2.4681e-02	1.1755e-36	6.1893e-01	3.8090e-01	1.6858e-04	1.1755e-36	1.1755e-36	1.1755e-36	4.0813e-18	0.00e+00	0.00e+00	2.3701e+01
3.51388e+19	5.5731e+03	1.357e-22	1.0000e+01	4.4908e+00	1.5396e-08	5.7278e-01	4.2722e-01	7.5065e-01	2.4935e-01	2.2769e-11	8.0472e-12	4.2909e-04	9.7546e-01	2.4114e-02	1.1755e-36	6.2874e-01	3.7110e-01	1.5882e-04	1.1755e-36	1.1755e-36	1.1755e-36	4.4865e-18	0.00e+00	0.00e+00	2.3952e+01
3.51457e+19	5.5144e+03	1.308e-22	1.0000e+01	4.3783e+00	1.7099e-08	5.8357e-01	4.1643e-01	7.5368e-01	2.4632e-01	2.2843e-11	8.4760e-12	4.1955e-04	9.7603e-01	2.3555e-02	1.1755e-36	6.3912e-01	3.6073e-01	1.4881e-04	1.1755e-36	1.1755e-36	1.1755e-36	4.9522e-18	0.00e+00	0.00e+00	2.4201e+01
3.51525e+19	5.4453e+03	1.262e-22	1.0000e+01	4.2682e+00	1.9207e-08	5.9470e-01	4.0530e-01	7.5688e-01	2.4312e-01	2.2873e-11	8.9668e-12	4.1036e-04	9.7661e-01	2.2984e-02	1.1755e-36	6.4978e-01	3.5008e-01	1.3930e-04	1.1755e-36	1.1755e-36	1.1755e-36	5.5260e-18	0.00e+00	0.00e+00	2.4456e+01
3.51590e+19	5.3797e+03	1.218e-22	1.0000e+01	4.1605e+00	2.1430e-08	6.0516e-01	3.9484e-01	7.5967e-01	2.4033e-01	2.2953e-11	9.4543e-12	4.0126e-04	9.7713e-01	2.2472e-02	1.1755e-36	6.5976e-01	3.4011e-01	1.3082e-04	1.1755e-36	1.1755e-36	1.1755e-36	6.1379e-18	0.00e+00	0.00e+00	2.4692e+01
3.51650e+19	5.3160e+03	1.177e-22	1.0000e+01	4.0598e+00	2.3793e-08	6.1501e-01	3.8499e-01	7.6228e-01	2.3772e-01	2.3030e-11	9.9500e-12	3.9276e-04	9.7761e-01	2.1996e-02	1.1755e-36	6.6911e-01	3.3076e-01	1.2327e-04	1.1755e-36	1.1755e-36	1.1755e-36	6.8037e-18	0.00e+00	0.00e+00	2.4923e+01
3.51710e+19	5.2512e+03	1.137e-22	1.0000e+01	3.9607e+00	2.6417e-08	6.2473e-01	3.7527e-01	7.6485e-01	2.3515e-01	2.3110e-11	1.0478e-11	3.8438e-04	9.7808e-01	2.1533e-02	1.1755e-36	6.7830e-01	3.2158e-01	1.1620e-04	1.1755e-36	1.1755e-36	1.1755e-36	7.5632e-18	0.00e+00	0.00e+00	2.5160e+01
3.51770e+19	5.1842e+03	1.098e-22	1.0000e+01	3.8611e+00	2.9381e-08	6.3451e-01	3.6549e-01	7.6739e-01	2.3261e-01	2.3198e-11	1.1055e-11	3.7594e-04	9.7855e-01	2.1076e-02	1.1755e-36	6.8751e-01	3.1238e-01	1.0945e-04	1.1755e-36	1.1755e-36	1.1755e-36	8.4506e-18	0.00e+00	0.00e+00	2.5402e+01
3.51830e+19	5.1155e+03	1.059e-22	1.0000e+01	3.7619e+00	3.2698e-08	6.4426e-01	3.5574e-01	7.6988e-01	2.3012e-01	2.3296e-11	1.1681e-11	3.6753e-04	9.7900e-01	2.0631e-02	1.1755e-36	6.9664e-01	3.0325e-01	1.0307e-04	1.1755e-36	1.1755e-36	1.1755e-36	9.4833e-18	0.00e+00	0.00e+00	2.5646e+01
3.51890e+19	5.0413e+03	1.022e-22	1.0000e+01	3.6629e+00	3.6544e-08	6.5395e-01	3.4605e-01	7.7235e-01	2.2765e-01	2.3390e-11	1.2374e-11	3.5918e-04	9.7944e-01	2.0197e-02	1.1755e-36	7.0570e-01	2.9420e-01	9.7086e-05	1.1755e-36	1.1755e-36	1.1755e-36	1.0716e-17	0.00e+00	0.00e+00	2.5890e+01
3.51947e+19	4.9747e+03	9.861e-23	1.0000e+01	3.5683e+00	4.0363e-08	6.6309e-01	3.3691e-01	7.7455e-01	2.2545e-01	2.3521e-11	1.3014e-11	3.5108e-04	9.7986e-01	1.9789e-02	1.1755e-36	7.1419e-01	2.8571e-01	9.1639e-05	1.1755e-36	1.1755e-36	1.1755e-36	1.1919e-17	0.00e+00	0.00e+00	2.6124e+01
3.52005e+19	4.8954e+03	9.512e-23	1.0000e+01	3.4730e+00	4.5076e-08	6.7254e-01	3.2746e-01	7.7700e-01	2.2300e-01	2.3601e-11	1.3645e-11	3.4312e-04	9.8032e-01	1.9337e-02	1.1755e-36	7.2296e-01	2.7695e-01	8.6384e-05	1.1755e-36	1.1755e-36	1.1755e-36	1.3170e-17	0.00e+00	0.00e+00	2.6376e+01
3.52063e+19	4.8186e+03	9.169e-23	1.0000e+01	3.3784e+00	5.0067e-08	6.8185e-01	3.1815e-01	7.7928e-01	2.2072e-01	2.3715e-11	1.4280e-11	3.3513e-04	9.8076e-01	1.8905e-02	1.1755e-36	7.3155e-01	2.6837e-01	8.1422e-05	1.1755e-36	1.1755e-36	1.1755e-36	1.4505e-17	0.00e+00	0.00e+00	2.6620e+01
3.52120e+19	4.7445e+03	8.837e-23	1.0000e+01	3.2846e+00	5.5209e-08	6.9069e-01	3.0931e-01	7.8137e-01	2.1863e-01	2.3868e-11	1.4887e-11	3.2714e-04	9.8117e-01	1.8501e-02	1.1755e-36	7.3968e-01	2.6024e-01	7.6864e-05	1.1755e-36	1.1755e-36	1.1755e-36	1.5858e-17	0.00e+00	0.00e+00	2.6868e+01
3.52179e+19	4.6617e+03	8.501e-23	1.0000e+01	3.1889e+00	6.1259e-08	7.0001e-01	2.9999e-01	7.8368e-01	2.1632e-01	2.3993e-11	1.5553e-11	3.1909e-04	9.8161e-01	1.8070e-02	1.1755e-36	7.4822e-01	2.5171e-01	7.2321e-05	1.1755e-36	1.1755e-36	1.1755e-36	1.7426e-17	0.00e+00	0.00e+00	2.7138e+01
3.52240e+19	4.5760e+03	8.161e-23	1.0000e+01	3.0916e+00	6.7897e-08	7.0964e-01	2.9036e-01	7.8604e-01	2.1396e-01	2.4128e-11	1.6247e-11	3.1089e-04	9.8206e-01	1.7632e-02	1.1755e-36	7.5700e-01	2.4293e-01	6.7846e-05	1.1755e-36	1.1755e-36	1.1755e-36	1.9141e-17	0.00e+00	0.00e+00	2.7415e+01
3.52303e+19	4.4895e+03	7.823e-23	1.0000e+01	2.9928e+00	7.4844e-08	7.1919e-01	2.8081e-01	7.8831e-01	2.1169e-01	2.4299e-11	1.6919e-11	3.0254e-04	9.8249e-01	1.7203e-02	1.1755e-36	7.6567e-01	2.3426e-01	6.3584e-05	1.1755e-36	1.1755e-36	1.1755e-36	2.0884e-17	0.00e+00	0.00e+00	2.7703e+01
3.52369e+19	4.3911e+03	7.480e-23	1.0000e+01	2.8918e+00	8.2879e-08	7.2940e-01	2.7060e-01	7.9091e-01	2.0909e-01	2.4423e-11	1.7633e-11	2.9414e-04	9.8297e-01	1.6738e-02	1.1755e-36	7.7491e-01	2.2503e-01	5.9304e-05	1.1755e-36	1.1755e-36	1.1755e-36	2.2814e-17	0.00e+00	0.00e+00	2.8016e+01
3.52437e+19	4.2886e+03	7.136e-23	1.0000e+01	2.7866e+00	9.1155e-08	7.3967e-01	2.6033e-01	7.9340e-01	2.0660e-01	2.4600e-11	1.8283e-11	2.8537e-04	9.8343e-01	1.6282e-02	1.1755e-36	7.8415e-01	2.1579e-01	5.5198e-05	1.1755e-36	1.1755e-36	1.1755e-36	2.4632e-17	0.00e+00	0.00e+00	2.8336e+01
3.52504e+19	4.1861e+03	6.807e-23	1.0000e+01	2.6846e+00	9.9135e-08	7.4964e-01	2.5036e-01	7.9582e-01	2.0418e-01	2.4781e-11	1.8840e-11	2.7691e-04	9.8388e-01	1.5844e-02	1.1755e-36	7.9310e-01	2.0685e-01	5.1400e-05	1.1755e-36	1.1755e-36	1.1755e-36	2.6202e-17	0.00e+00	0.00e+00	2.8651e+01
3.52570e+19	4.0845e+03	6.498e-23	1.0000e+01	2.5868e+00	1.0650e-07	7.5922e-01	2.4078e-01	7.9816e-01	2.0184e-01	2.4962e-11	1.9281e-11	2.6885e-04	9.8431e-01	1.5425e-02	1.1755e-36	8.0166e-01	1.9830e-01	4.7925e-05	1.1755e-36	1.1755e-36	1.1755e-36	2.7411e-17	0.00e+00	0.00e+00	2.8964e+01
3.52635e+19	3.9829e+03	6.203e-23	1.0000e+01	2.4916e+00	1.1309e-07	7.6856e-01	2.3144e-01	8.0042e-01	1.9958e-01	2.5153e-11	1.9602e-11	2.6105e-04	9.8472e-01	1.5024e-02	1.1755e-36	8.0996e-01	1.9000e-01	4.4696e-05	1.1755e-36	1.1755e-36	1.1755e-36	2.8211e-17	0.00e+00	0.00e+00	2.9277e+01
