#depth	Te	Htot	hden	eden	2H_2/H	HI	HII	HeI	HeII	HeIII	CO/C	C1	C2	C3	C4	O1	O2	O3	O4	O5	O6	H2O/O	AV(point)	AV(extend)	Tau912
1.96199e+14	7.1603e+03	2.804e-21	2.7826e+01	3.0044e+01	4.9224e-13	6.2829e-03	9.9372e-01	1.9105e-02	9.7363e-01	7.2683e-03	4.3548e-16	5.2318e-04	2.6666e-01	7.3154e-01	1.2732e-03	3.9444e-03	5.6115e-01	4.3421e-01	6.9098e-04	1.1755e-36	1.1755e-36	3.6982e-24	0.00e+00	0.00e+00	4.3313e-04
1.17719e+15	7.1558e+03	2.803e-21	2.7826e+01	3.0038e+01	4.9338e-13	6.2801e-03	9.9372e-01	1.9110e-02	9.7363e-01	7.2615e-03	4.3492e-16	5.2233e-04	2.6671e-01	7.3149e-01	1.2760e-03	3.9418e-03	5.6101e-01	4.3436e-01	6.8898e-04	1.1755e-36	1.1755e-36	3.6891e-24	0.00e+00	0.00e+00	2.1649e-03
5.10117e+15	7.1449e+03	2.798e-21	2.7826e+01	3.0037e+01	4.9693e-13	6.2783e-03	9.9372e-01	1.9140e-02	9.7365e-01	7.2116e-03	4.3522e-16	5.2169e-04	2.6702e-01	7.3119e-01	1.2725e-03	3.9428e-03	5.6119e-01	4.3419e-01	6.7910e-04	1.1755e-36	1.1755e-36	3.6826e-24	0.00e+00	0.00e+00	9.0899e-03
2.07971e+16	7.1246e+03	2.780e-21	2.7826e+01	3.0035e+01	5.0495e-13	6.2816e-03	9.9372e-01	1.9245e-02	9.7379e-01	6.9695e-03	4.3802e-16	5.2272e-04	2.6810e-01	7.3012e-01	1.2562e-03	3.9568e-03	5.6236e-01	4.3305e-01	6.3990e-04	1.1755e-36	1.1755e-36	3.6847e-24	0.00e+00	0.00e+00	3.6804e-02
4.96775e+16	7.0316e+03	2.725e-21	2.7826e+01	3.0036e+01	5.2351e-13	6.1926e-03	9.9381e-01	1.9382e-02	9.7383e-01	6.7862e-03	4.2631e-16	5.1950e-04	2.6961e-01	7.2863e-01	1.2405e-03	3.9039e-03	5.6198e-01	4.3352e-01	5.9464e-04	1.1755e-36	1.1755e-36	3.4798e-24	0.00e+00	0.00e+00	7.2323e-02
8.72221e+16	6.9421e+03	2.674e-21	2.7826e+01	3.0037e+01	5.4701e-13	6.1338e-03	9.9387e-01	1.9574e-02	9.7406e-01	6.3704e-03	4.2017e-16	5.1986e-04	2.7165e-01	7.2662e-01	1.2112e-03	3.8802e-03	5.6292e-01	4.3267e-01	5.3445e-04	1.1755e-36	1.1755e-36	3.3363e-24	0.00e+00	0.00e+00	1.1806e-01
1.36030e+17	6.8511e+03	2.623e-21	2.7826e+01	3.0036e+01	5.7811e-13	6.1023e-03	9.9390e-01	1.9840e-02	9.7443e-01	5.7349e-03	4.1930e-16	5.2335e-04	2.7439e-01	7.2391e-01	1.1682e-03	3.8858e-03	5.6533e-01	4.3032e-01	4.6058e-04	1.1755e-36	1.1755e-36	3.2419e-24	0.00e+00	0.00e+00	1.7721e-01
1.99481e+17	6.7567e+03	2.573e-21	2.7826e+01	3.0033e+01	6.2097e-13	6.1053e-03	9.9389e-01	2.0196e-02	9.7491e-01	4.8924e-03	4.2417e-16	5.3039e-04	2.7802e-01	7.2034e-01	1.1111e-03	3.9177e-03	5.6807e-01	4.2763e-01	3.7715e-04	1.1755e-36	1.1755e-36	3.2003e-24	0.00e+00	0.00e+00	2.5414e-01
2.81966e+17	6.6647e+03	2.522e-21	2.7826e+01	3.0029e+01	6.7843e-13	6.1584e-03	9.9384e-01	2.0697e-02	9.7541e-01	3.8944e-03	4.4104e-16	5.4300e-04	2.8307e-01	7.1535e-01	1.0405e-03	4.0166e-03	5.7529e-01	4.2041e-01	2.8604e-04	1.1755e-36	1.1755e-36	3.2574e-24	0.00e+00	0.00e+00	3.5503e-01
3.89197e+17	6.5786e+03	2.473e-21	2.7826e+01	3.0020e+01	7.5758e-13	6.2863e-03	9.9371e-01	2.1391e-02	9.7577e-01	2.8372e-03	4.7443e-16	5.6348e-04	2.8998e-01	7.0850e-01	9.5837e-04	4.1973e-03	5.8626e-01	4.0935e-01	1.9722e-04	1.1755e-36	1.1755e-36	3.4496e-24	0.00e+00	0.00e+00	4.8890e-01
5.28598e+17	6.5042e+03	2.432e-21	2.7826e+01	3.0012e+01	8.7239e-13	6.5350e-03	9.9347e-01	2.2391e-02	9.7576e-01	1.8497e-03	5.3750e-16	5.9626e-04	2.9967e-01	6.9887e-01	8.6693e-04	4.5076e-03	6.0220e-01	3.9317e-01	1.2005e-04	1.1755e-36	1.1755e-36	3.8913e-24	0.00e+00	0.00e+00	6.6983e-01
7.09818e+17	6.4636e+03	2.399e-21	2.7826e+01	2.9993e+01	1.0332e-12	6.9730e-03	9.9303e-01	2.3833e-02	9.7511e-01	1.0538e-03	6.5401e-16	6.4874e-04	3.1326e-01	6.8532e-01	7.6889e-04	5.0256e-03	6.2477e-01	3.7015e-01	6.2204e-05	1.1755e-36	1.1755e-36	4.8006e-24	0.00e+00	0.00e+00	9.2079e-01
9.34089e+17	6.4631e+03	2.384e-21	2.7826e+01	2.9963e+01	1.2727e-12	7.6985e-03	9.9230e-01	2.5903e-02	9.7357e-01	5.2674e-04	8.7094e-16	7.2860e-04	3.3187e-01	6.6673e-01	6.6666e-04	5.8629e-03	6.5461e-01	3.3950e-01	2.7259e-05	1.1755e-36	1.1755e-36	6.6605e-24	0.00e+00	0.00e+00	1.2504e+00
1.16535e+18	6.5157e+03	2.394e-21	2.7826e+01	2.9930e+01	1.5750e-12	8.7036e-03	9.9130e-01	2.8409e-02	9.7133e-01	2.6016e-04	1.2226e-15	8.2979e-04	3.5308e-01	6.4551e-01	5.7387e-04	7.0201e-03	6.8746e-01	3.0551e-01	1.1497e-05	1.1755e-36	1.1755e-36	1.0013e-23	0.00e+00	0.00e+00	1.5850e+00
1.34095e+18	6.6004e+03	2.423e-21	2.7826e+01	2.9894e+01	1.8553e-12	9.7308e-03	9.9027e-01	3.0640e-02	9.6920e-01	1.5593e-04	1.6441e-15	9.2305e-04	3.7088e-01	6.2769e-01	5.0783e-04	8.2066e-03	7.1423e-01	2.7755e-01	5.9464e-06	1.1755e-36	1.1755e-36	1.4513e-23	0.00e+00	0.00e+00	1.8113e+00
1.45624e+18	6.6738e+03	2.454e-21	2.7826e+01	2.9864e+01	2.1026e-12	1.0616e-02	9.8938e-01	3.2492e-02	9.6740e-01	1.1287e-04	2.0743e-15	9.9920e-04	3.8478e-01	6.1376e-01	4.6262e-04	9.2392e-03	7.3370e-01	2.5706e-01	3.7919e-06	1.1755e-36	1.1755e-36	1.9472e-23	0.00e+00	0.00e+00	1.9945e+00
1.56919e+18	6.7478e+03	2.488e-21	2.7826e+01	2.9831e+01	2.4436e-12	1.1702e-02	9.8830e-01	3.4777e-02	9.6514e-01	8.1925e-05	2.7058e-15	1.0907e-03	4.0122e-01	5.9728e-01	4.1505e-04	1.0527e-02	7.5456e-01	2.3491e-01	2.3574e-06	1.1755e-36	1.1755e-36	2.7182e-23	0.00e+00	0.00e+00	2.2570e+00
1.69061e+18	6.8340e+03	2.536e-21	2.7826e+01	2.9784e+01	2.9097e-12	1.3112e-02	9.8689e-01	3.7574e-02	9.6237e-01	5.8878e-05	3.6581e-15	1.1992e-03	4.2008e-01	5.7836e-01	3.6555e-04	1.2216e-02	7.7706e-01	2.1072e-01	1.4097e-06	1.1755e-36	1.1755e-36	3.9844e-23	0.00e+00	0.00e+00	2.5223e+00
1.79483e+18	6.9180e+03	2.586e-21	2.7826e+01	2.9732e+01	3.4428e-12	1.4625e-02	9.8537e-01	4.0452e-02	9.5950e-01	4.4737e-05	4.8695e-15	1.3069e-03	4.3818e-01	5.6019e-01	3.2286e-04	1.4046e-02	7.9686e-01	1.8910e-01	8.9133e-07	1.1755e-36	1.1755e-36	5.7450e-23	0.00e+00	0.00e+00	2.7620e+00
1.88292e+18	6.9968e+03	2.632e-21	2.7826e+01	2.9694e+01	4.0386e-12	1.6198e-02	9.8380e-01	4.3286e-02	9.5668e-01	3.5608e-05	6.3632e-15	1.4104e-03	4.5533e-01	5.4297e-01	2.8639e-04	1.5966e-02	8.1387e-01	1.7016e-01	5.9221e-07	1.1755e-36	1.1755e-36	8.1102e-23	0.00e+00	0.00e+00	2.9979e+00
1.96559e+18	7.0475e+03	2.685e-21	2.7826e+01	2.9626e+01	4.8730e-12	1.8023e-02	9.8198e-01	4.6619e-02	9.5335e-01	2.8676e-05	8.3783e-15	1.5238e-03	4.7378e-01	5.2445e-01	2.5145e-04	1.8206e-02	8.2984e-01	1.5195e-01	3.9408e-07	1.1755e-36	1.1755e-36	1.1500e-22	0.00e+00	0.00e+00	3.2590e+00
2.06040e+18	7.1274e+03	2.741e-21	2.7826e+01	2.9553e+01	6.0950e-12	2.0570e-02	9.7943e-01	5.1113e-02	9.4886e-01	2.2367e-05	1.1799e-14	1.6695e-03	4.9720e-01	5.0092e-01	2.1233e-04	2.1363e-02	8.4767e-01	1.3097e-01	2.3910e-07	1.1755e-36	1.1755e-36	1.7843e-22	0.00e+00	0.00e+00	3.6463e+00
2.15826e+18	7.2060e+03	2.815e-21	2.7826e+01	2.9450e+01	7.9747e-12	2.3988e-02	9.7601e-01	5.6723e-02	9.4326e-01	1.7551e-05	1.7384e-14	1.8375e-03	5.2376e-01	4.7423e-01	1.7388e-04	2.5603e-02	8.6464e-01	1.0975e-01	1.3942e-07	1.1755e-36	1.1755e-36	2.9466e-22	0.00e+00	0.00e+00	4.0196e+00
2.23731e+18	7.2633e+03	2.880e-21	2.7826e+01	2.9318e+01	1.0326e-11	2.7635e-02	9.7237e-01	6.2554e-02	9.3743e-01	1.4458e-05	2.4709e-14	1.9915e-03	5.4819e-01	4.4968e-01	1.4374e-04	3.0136e-02	8.7710e-01	9.2768e-02	1.1755e-36	1.1755e-36	1.1755e-36	4.6506e-22	0.00e+00	0.00e+00	4.3572e+00
2.30514e+18	7.3140e+03	2.937e-21	2.7826e+01	2.9195e+01	1.3244e-11	3.1610e-02	9.6839e-01	6.8646e-02	9.3134e-01	1.2224e-05	3.4475e-14	2.1407e-03	5.7172e-01	4.2602e-01	1.1897e-04	3.5086e-02	8.8635e-01	7.8567e-02	1.1755e-36	1.1755e-36	1.1755e-36	7.1785e-22	0.00e+00	0.00e+00	4.7244e+00
2.38116e+18	7.3558e+03	2.998e-21	2.7826e+01	2.9014e+01	1.8255e-11	3.7298e-02	9.6270e-01	7.7260e-02	9.2273e-01	1.0044e-05	5.1864e-14	2.3241e-03	6.0111e-01	3.9648e-01	9.3110e-05	4.2171e-02	8.9433e-01	6.3503e-02	1.1755e-36	1.1755e-36	1.1755e-36	1.2221e-21	0.00e+00	0.00e+00	5.2876e+00
2.45989e+18	7.3948e+03	3.074e-21	2.7826e+01	2.8843e+01	2.7032e-11	4.5516e-02	9.5448e-01	8.8547e-02	9.1144e-01	8.2808e-06	8.4226e-14	2.5409e-03	6.3509e-01	3.6230e-01	6.8897e-05	5.2358e-02	8.9870e-01	4.8940e-02	1.1755e-36	1.1755e-36	1.1755e-36	2.3207e-21	0.00e+00	0.00e+00	5.8594e+00
2.52008e+18	7.4266e+03	3.126e-21	2.7826e+01	2.8596e+01	3.8388e-11	5.4312e-02	9.4569e-01	9.9810e-02	9.0018e-01	7.1689e-06	1.2853e-13	2.7159e-03	6.6396e-01	3.3327e-01	5.2360e-05	6.3216e-02	8.9822e-01	3.8569e-02	1.1755e-36	1.1755e-36	1.1755e-36	4.0776e-21	0.00e+00	0.00e+00	6.3258e+00
2.56356e+18	7.4514e+03	3.141e-21	2.7826e+01	2.8236e+01	5.0570e-11	6.2345e-02	9.3765e-01	1.0986e-01	8.9013e-01	6.4446e-06	1.7772e-13	2.8302e-03	6.8583e-01	3.1130e-01	4.1954e-05	7.3101e-02	8.9512e-01	3.1779e-02	1.1755e-36	1.1755e-36	1.1755e-36	6.2816e-21	0.00e+00	0.00e+00	6.7431e+00
2.60736e+18	7.4635e+03	3.153e-21	2.7826e+01	2.7915e+01	6.9298e-11	7.2604e-02	9.2740e-01	1.2238e-01	8.7762e-01	5.7265e-06	2.5562e-13	2.9612e-03	7.1034e-01	2.8667e-01	3.2423e-05	8.5665e-02	8.8885e-01	2.5483e-02	1.1755e-36	1.1755e-36	1.1755e-36	1.0221e-20	0.00e+00	0.00e+00	7.3747e+00
2.65332e+18	7.4744e+03	3.153e-21	2.7826e+01	2.7480e+01	1.0065e-10	8.6830e-02	9.1317e-01	1.3813e-01	8.6187e-01	5.0915e-06	3.9004e-13	3.0918e-03	7.3706e-01	2.5983e-01	2.3900e-05	1.0296e-01	8.7746e-01	1.9586e-02	1.1755e-36	1.1755e-36	1.1755e-36	1.8126e-20	0.00e+00	0.00e+00	8.0214e+00
2.68979e+18	7.4634e+03	3.141e-21	2.7826e+01	2.7014e+01	1.4379e-10	1.0229e-01	8.9771e-01	1.5391e-01	8.4609e-01	4.6287e-06	5.7340e-13	3.1902e-03	7.5993e-01	2.3686e-01	1.8004e-05	1.2160e-01	8.6306e-01	1.5333e-02	1.1755e-36	1.1755e-36	1.1755e-36	3.0670e-20	0.00e+00	0.00e+00	8.5708e+00
2.71717e+18	7.4539e+03	3.118e-21	2.7826e+01	2.6615e+01	1.9380e-10	1.1723e-01	8.8277e-01	1.6806e-01	8.3194e-01	4.3074e-06	7.9149e-13	3.2604e-03	7.7817e-01	2.1856e-01	1.4141e-05	1.3947e-01	8.4810e-01	1.2436e-02	1.1755e-36	1.1755e-36	1.1755e-36	4.7818e-20	0.00e+00	0.00e+00	9.0688e+00
2.74072e+18	7.4422e+03	3.078e-21	2.7826e+01	2.6160e+01	2.5528e-10	1.3269e-01	8.6731e-01	1.8214e-01	8.1785e-01	4.0379e-06	1.0608e-12	3.3062e-03	7.9412e-01	2.0256e-01	1.1287e-05	1.5782e-01	8.3197e-01	1.0213e-02	1.1755e-36	1.1755e-36	1.1755e-36	7.1670e-20	0.00e+00	0.00e+00	9.6031e+00
2.76707e+18	7.4207e+03	3.007e-21	2.7826e+01	2.5518e+01	3.5516e-10	1.5335e-01	8.4665e-01	2.0046e-01	7.9953e-01	3.7388e-06	1.4960e-12	3.3376e-03	8.1236e-01	1.8429e-01	8.5842e-06	1.8213e-01	8.0983e-01	8.0332e-03	1.1755e-36	1.1755e-36	1.1755e-36	1.1532e-19	0.00e+00	0.00e+00	1.0406e+01
2.79444e+18	7.3943e+03	2.905e-21	2.7826e+01	2.4663e+01	5.2137e-10	1.8106e-01	8.1894e-01	2.2205e-01	7.7795e-01	3.4711e-06	2.2174e-12	3.3388e-03	8.3098e-01	1.6567e-01	6.2853e-06	2.1432e-01	7.7961e-01	6.0625e-03	1.1755e-36	1.1755e-36	1.1755e-36	2.0031e-19	0.00e+00	0.00e+00	1.1200e+01
2.81596e+18	7.3624e+03	2.800e-21	2.7826e+01	2.3855e+01	7.3841e-10	2.0953e-01	7.9047e-01	2.4209e-01	7.5791e-01	3.2736e-06	3.1511e-12	3.3181e-03	8.4611e-01	1.5057e-01	4.7641e-06	2.4694e-01	7.4836e-01	4.6954e-03	1.1755e-36	1.1755e-36	1.1755e-36	3.3015e-19	0.00e+00	0.00e+00	1.1865e+01
2.83243e+18	7.3275e+03	2.698e-21	2.7826e+01	2.3120e+01	9.8775e-10	2.3577e-01	7.6423e-01	2.5931e-01	7.4069e-01	3.1344e-06	4.2001e-12	3.2830e-03	8.5781e-01	1.3890e-01	3.7856e-06	2.7661e-01	7.1961e-01	3.7844e-03	1.1755e-36	1.1755e-36	1.1755e-36	4.9820e-19	0.00e+00	0.00e+00	1.2481e+01
2.84921e+18	7.2835e+03	2.561e-21	2.7826e+01	2.2174e+01	1.3378e-09	2.6524e-01	7.3476e-01	2.7862e-01	7.2138e-01	2.9928e-06	5.6066e-12	3.2132e-03	8.6944e-01	1.2735e-01	2.9717e-06	3.0951e-01	6.8749e-01	3.0047e-03	1.1755e-36	1.1755e-36	1.1755e-36	7.5272e-19	0.00e+00	0.00e+00	1.3352e+01
2.86733e+18	7.2222e+03	2.397e-21	2.7826e+01	2.1057e+01	1.9219e-09	3.0383e-01	6.9617e-01	3.0108e-01	6.9892e-01	2.8601e-06	7.8826e-12	3.1167e-03	8.8166e-01	1.1522e-01	2.2486e-06	3.5186e-01	6.4585e-01	2.2821e-03	1.1755e-36	1.1755e-36	1.1755e-36	1.2362e-18	0.00e+00	0.00e+00	1.4288e+01
2.88270e+18	7.1670e+03	2.230e-21	2.7826e+01	1.9921e+01	2.6697e-09	3.4252e-01	6.5748e-01	3.2090e-01	6.7910e-01	2.7798e-06	1.0696e-11	2.9994e-03	8.9154e-01	1.0545e-01	1.7539e-06	3.9356e-01	6.0467e-01	1.7642e-03	1.1755e-36	1.1755e-36	1.1755e-36	1.9431e-18	0.00e+00	0.00e+00	1.5083e+01
2.89394e+18	7.1021e+03	2.097e-21	2.7826e+01	1.8997e+01	3.4902e-09	3.7469e-01	6.2531e-01	3.3625e-01	6.6375e-01	2.7302e-06	1.3526e-11	2.8970e-03	8.9864e-01	9.8458e-02	1.4507e-06	4.2767e-01	5.7088e-01	1.4412e-03	1.1755e-36	1.1755e-36	1.1755e-36	2.7636e-18	0.00e+00	0.00e+00	1.5694e+01
2.90239e+18	7.0547e+03	1.990e-21	2.7826e+01	1.8264e+01	4.2617e-09	4.0004e-01	5.9996e-01	3.4816e-01	6.5184e-01	2.6993e-06	1.6115e-11	2.8109e-03	9.0385e-01	9.3334e-02	1.2554e-06	4.5419e-01	5.4458e-01	1.2315e-03	1.1755e-36	1.1755e-36	1.1755e-36	3.6031e-18	0.00e+00	0.00e+00	1.6230e+01
2.91000e+18	6.9901e+03	1.892e-21	2.7826e+01	1.7592e+01	5.2015e-09	4.2432e-01	5.7568e-01	3.5991e-01	6.4009e-01	2.6641e-06	1.8998e-11	2.7318e-03	9.0868e-01	8.8588e-02	1.0961e-06	4.7932e-01	5.1961e-01	1.0629e-03	1.1755e-36	1.1755e-36	1.1755e-36	4.6323e-18	0.00e+00	0.00e+00	1.6796e+01
2.91778e+18	6.9295e+03	1.786e-21	2.7826e+01	1.6864e+01	6.3440e-09	4.4964e-01	5.5036e-01	3.7191e-01	6.2809e-01	2.6349e-06	2.2399e-11	2.6418e-03	9.1337e-01	8.3984e-02	9.5480e-07	5.0522e-01	4.9387e-01	9.1147e-04	1.1755e-36	1.1755e-36	1.1755e-36	5.9734e-18	0.00e+00	0.00e+00	1.7425e+01
2.92545e+18	6.8693e+03	1.679e-21	2.7826e+01	1.6120e+01	7.7232e-09	4.7549e-01	5.2451e-01	3.8350e-01	6.1649e-01	2.6169e-06	2.6343e-11	2.5458e-03	9.1776e-01	7.9698e-02	8.3386e-07	5.3134e-01	4.6788e-01	7.8002e-04	1.1755e-36	1.1755e-36	1.1755e-36	7.7038e-18	0.00e+00	0.00e+00	1.8041e+01
2.93233e+18	6.8053e+03	1.583e-21	2.7826e+01	1.5423e+01	9.2851e-09	4.9931e-01	5.0069e-01	3.9387e-01	6.0612e-01	2.6073e-06	3.0458e-11	2.4538e-03	9.2153e-01	7.6015e-02	7.3865e-07	5.5516e-01	4.4416e-01	6.7624e-04	1.1755e-36	1.1755e-36	1.1755e-36	9.7040e-18	0.00e+00	0.00e+00	1.8601e+01
2.93835e+18	6.7528e+03	1.497e-21	2.7826e+01	1.4791e+01	1.0850e-08	5.1992e-01	4.8008e-01	4.0278e-01	5.9721e-01	2.6053e-06	3.4404e-11	2.3675e-03	9.2465e-01	7.2977e-02	6.6554e-07	5.7557e-01	4.2384e-01	5.9635e-04	1.1755e-36	1.1755e-36	1.1755e-36	1.1805e-17	0.00e+00	0.00e+00	1.9118e+01
2.94314e+18	6.7125e+03	1.431e-21	2.7826e+01	1.4305e+01	1.2268e-08	5.3664e-01	4.6336e-01	4.0951e-01	5.9049e-01	2.6108e-06	3.7950e-11	2.3000e-03	9.2703e-01	7.0670e-02	6.1325e-07	5.9195e-01	4.0751e-01	5.3885e-04	1.1755e-36	1.1755e-36	1.1755e-36	1.3864e-17	0.00e+00	0.00e+00	1.9488e+01
2.94661e+18	6.6599e+03	1.385e-21	2.7826e+01	1.3963e+01	1.3689e-08	5.4942e-01	4.5058e-01	4.1522e-01	5.8478e-01	2.6042e-06	4.1019e-11	2.2546e-03	9.2890e-01	6.8841e-02	5.7589e-07	6.0443e-01	3.9507e-01	4.9961e-04	1.1755e-36	1.1755e-36	1.1755e-36	1.5766e-17	0.00e+00	0.00e+00	1.9779e+01
2.94958e+18	6.6350e+03	1.344e-21	2.7826e+01	1.3650e+01	1.4728e-08	5.5928e-01	4.4072e-01	4.1960e-01	5.8039e-01	2.6062e-06	4.3405e-11	2.2102e-03	9.3034e-01	6.7445e-02	5.4748e-07	6.1398e-01	3.8555e-01	4.6925e-04	1.1755e-36	1.1755e-36	1.1755e-36	1.7309e-17	0.00e+00	0.00e+00	2.0065e+01
2.95289e+18	6.5862e+03	1.299e-21	2.7826e+01	1.3317e+01	1.6301e-08	5.7107e-01	4.2893e-01	4.2543e-01	5.7457e-01	2.5988e-06	4.6620e-11	2.1649e-03	9.3217e-01	6.5668e-02	5.1471e-07	6.2538e-01	3.7418e-01	4.3609e-04	1.1755e-36	1.1755e-36	1.1755e-36	1.9498e-17	0.00e+00	0.00e+00	2.0438e+01
2.95668e+18	6.5371e+03	1.249e-21	2.7826e+01	1.2935e+01	1.8188e-08	5.8430e-01	4.1570e-01	4.3162e-01	5.6838e-01	2.5961e-06	5.0451e-11	2.1115e-03	9.3409e-01	6.3797e-02	4.8092e-07	6.3809e-01	3.6151e-01	4.0124e-04	1.1755e-36	1.1755e-36	1.1755e-36	2.2281e-17	0.00e+00	0.00e+00	2.0834e+01
2.96043e+18	6.4867e+03	1.200e-21	2.7826e+01	1.2570e+01	2.0313e-08	5.9759e-01	4.0241e-01	4.3788e-01	5.6212e-01	2.5925e-06	5.4687e-11	2.0605e-03	9.3598e-01	6.1958e-02	4.4942e-07	6.5078e-01	3.4885e-01	3.6897e-04	1.1755e-36	1.1755e-36	1.1755e-36	2.5581e-17	0.00e+00	0.00e+00	2.1217e+01
2.96396e+18	6.4462e+03	1.154e-21	2.7826e+01	1.2206e+01	2.2338e-08	6.0931e-01	3.9069e-01	4.4316e-01	5.5684e-01	2.5992e-06	5.8553e-11	2.0077e-03	9.3760e-01	6.0397e-02	4.2307e-07	6.6190e-01	3.3776e-01	3.4165e-04	1.1755e-36	1.1755e-36	1.1755e-36	2.8792e-17	0.00e+00	0.00e+00	2.1582e+01
2.96745e+18	6.3920e+03	1.110e-21	2.7826e+01	1.1861e+01	2.4872e-08	6.2131e-01	3.7869e-01	4.4904e-01	5.5096e-01	2.5975e-06	6.3023e-11	1.9587e-03	9.3929e-01	5.8748e-02	3.9736e-07	6.7324e-01	3.2645e-01	3.1598e-04	1.1755e-36	1.1755e-36	1.1755e-36	3.2759e-17	0.00e+00	0.00e+00	2.1972e+01
2.97099e+18	6.3384e+03	1.067e-21	2.7826e+01	1.1523e+01	2.7704e-08	6.3344e-01	3.6656e-01	4.5505e-01	5.4495e-01	2.5952e-06	6.7982e-11	1.9105e-03	9.4098e-01	5.7105e-02	3.7288e-07	6.8464e-01	3.1507e-01	2.9170e-04	1.1755e-36	1.1755e-36	1.1755e-36	3.7477e-17	0.00e+00	0.00e+00	2.2362e+01
2.97445e+18	6.2875e+03	1.026e-21	2.7826e+01	1.1187e+01	3.0702e-08	6.4489e-01	3.5511e-01	4.6068e-01	5.3931e-01	2.5973e-06	7.2997e-11	1.8617e-03	9.4256e-01	5.5579e-02	3.5087e-07	6.9534e-01	3.0439e-01	2.6993e-04	1.1755e-36	1.1755e-36	1.1755e-36	4.2599e-17	0.00e+00	0.00e+00	2.2750e+01
2.97792e+18	6.2341e+03	9.849e-22	2.7826e+01	1.0857e+01	3.4094e-08	6.5622e-01	3.4378e-01	4.6647e-01	5.3353e-01	2.5982e-06	7.8454e-11	1.8136e-03	9.4413e-01	5.4060e-02	3.3000e-07	7.0588e-01	2.9387e-01	2.4965e-04	1.1755e-36	1.1755e-36	1.1755e-36	4.8580e-17	0.00e+00	0.00e+00	2.3154e+01
2.98144e+18	6.1807e+03	9.448e-22	2.7826e+01	1.0529e+01	3.7867e-08	6.6749e-01	3.3251e-01	4.7232e-01	5.2768e-01	2.5998e-06	8.4399e-11	1.7654e-03	9.4568e-01	5.2558e-02	3.1020e-07	7.1630e-01	2.8347e-01	2.3060e-04	1.1755e-36	1.1755e-36	1.1755e-36	5.5584e-17	0.00e+00	0.00e+00	2.3568e+01
2.98497e+18	6.1213e+03	9.057e-22	2.7826e+01	1.0200e+01	4.2292e-08	6.7864e-01	3.2136e-01	4.7824e-01	5.2176e-01	2.6010e-06	9.0924e-11	1.7170e-03	9.4720e-01	5.1084e-02	2.9161e-07	7.2655e-01	2.7323e-01	2.1298e-04	1.1755e-36	1.1755e-36	1.1755e-36	6.3923e-17	0.00e+00	0.00e+00	2.3990e+01
2.98843e+18	6.0585e+03	8.691e-22	2.7826e+01	9.8915e+00	4.7333e-08	6.8952e-01	3.1048e-01	4.8423e-01	5.1577e-01	2.5993e-06	9.8110e-11	1.6717e-03	9.4869e-01	4.9641e-02	2.7431e-07	7.3655e-01	2.6325e-01	1.9685e-04	1.1755e-36	1.1755e-36	1.1755e-36	7.3877e-17	0.00e+00	0.00e+00	2.4400e+01
2.99171e+18	6.0187e+03	8.346e-22	2.7826e+01	9.5983e+00	5.1548e-08	6.9890e-01	3.0110e-01	4.8921e-01	5.1079e-01	2.6085e-06	1.0444e-10	1.6270e-03	9.4996e-01	4.8411e-02	2.5965e-07	7.4509e-01	2.5472e-01	1.8308e-04	1.1755e-36	1.1755e-36	1.1755e-36	8.3209e-17	0.00e+00	0.00e+00	2.4790e+01
2.99513e+18	5.9487e+03	8.004e-22	2.7826e+01	9.3038e+00	5.8034e-08	7.0928e-01	2.9072e-01	4.9560e-01	5.0440e-01	2.6017e-06	1.1304e-10	1.5837e-03	9.5143e-01	4.6982e-02	2.4407e-07	7.5453e-01	2.4530e-01	1.6927e-04	1.1755e-36	1.1755e-36	1.1755e-36	9.7048e-17	0.00e+00	0.00e+00	2.5248e+01
2.99862e+18	5.8886e+03	7.668e-22	2.7826e+01	9.0063e+00	6.4658e-08	7.1919e-01	2.8081e-01	5.0127e-01	4.9873e-01	2.6052e-06	1.2180e-10	1.5388e-03	9.5277e-01	4.5689e-02	2.3009e-07	7.6349e-01	2.3635e-01	1.5662e-04	1.1755e-36	1.1755e-36	1.1755e-36	1.1242e-16	0.00e+00	0.00e+00	2.5663e+01
3.00186e+18	5.8299e+03	7.366e-22	2.7826e+01	8.7394e+00	7.1702e-08	7.2826e-01	2.7174e-01	5.0688e-01	4.9312e-01	2.6045e-06	1.3094e-10	1.4986e-03	9.5403e-01	4.4467e-02	2.1754e-07	7.7167e-01	2.2819e-01	1.4561e-04	1.1755e-36	1.1755e-36	1.1755e-36	1.2976e-16	0.00e+00	0.00e+00	2.6074e+01
3.00510e+18	5.7636e+03	7.078e-22	2.7826e+01	8.4833e+00	8.0161e-08	7.3732e-01	2.6268e-01	5.1286e-01	4.8714e-01	2.5978e-06	1.4157e-10	1.4604e-03	9.5531e-01	4.3231e-02	2.0547e-07	7.7980e-01	2.2007e-01	1.3529e-04	1.1755e-36	1.1755e-36	1.1755e-36	1.5169e-16	0.00e+00	0.00e+00	2.6497e+01
3.00828e+18	5.7044e+03	6.802e-22	2.7826e+01	8.2301e+00	8.8750e-08	7.4561e-01	2.5439e-01	5.1823e-01	4.8176e-01	2.5984e-06	1.5217e-10	1.4218e-03	9.5647e-01	4.2111e-02	1.9471e-07	7.8722e-01	2.1266e-01	1.2610e-04	1.1755e-36	1.1755e-36	1.1755e-36	1.7550e-16	0.00e+00	0.00e+00	2.6902e+01
3.01143e+18	5.6394e+03	6.540e-22	2.7826e+01	7.9893e+00	9.8873e-08	7.5378e-01	2.4622e-01	5.2397e-01	4.7603e-01	2.5930e-06	1.6440e-10	1.3854e-03	9.5763e-01	4.0980e-02	1.8436e-07	7.9450e-01	2.0538e-01	1.1753e-04	1.1755e-36	1.1755e-36	1.1755e-36	2.0531e-16	0.00e+00	0.00e+00	2.7326e+01
3.01459e+18	5.5747e+03	6.286e-22	2.7826e+01	7.7541e+00	1.1010e-07	7.6174e-01	2.3826e-01	5.2965e-01	4.7035e-01	2.5880e-06	1.7790e-10	1.3497e-03	9.5877e-01	3.9884e-02	1.7464e-07	8.0157e-01	1.9832e-01	1.0955e-04	1.1755e-36	1.1755e-36	1.1755e-36	2.4113e-16	0.00e+00	0.00e+00	2.7744e+01
3.01769e+18	5.5102e+03	6.048e-22	2.7826e+01	7.5301e+00	1.2246e-07	7.6930e-01	2.3070e-01	5.3527e-01	4.6473e-01	2.5819e-06	1.9263e-10	1.3156e-03	9.5985e-01	3.8833e-02	1.6563e-07	8.0827e-01	1.9163e-01	1.0229e-04	1.1755e-36	1.1755e-36	1.1755e-36	2.8370e-16	0.00e+00	0.00e+00	2.8158e+01
3.02074e+18	5.4422e+03	5.822e-22	2.7826e+01	7.3187e+00	1.3672e-07	7.7671e-01	2.2329e-01	5.4108e-01	4.5892e-01	2.5712e-06	2.0957e-10	1.2836e-03	9.6092e-01	3.7797e-02	1.5711e-07	8.1480e-01	1.8511e-01	9.5556e-05	1.1755e-36	1.1755e-36	1.1755e-36	3.3707e-16	0.00e+00	0.00e+00	2.8572e+01
3.02371e+18	5.3794e+03	5.609e-22	2.7826e+01	7.1112e+00	1.5142e-07	7.8342e-01	2.1658e-01	5.4637e-01	4.5363e-01	2.5662e-06	2.2686e-10	1.2517e-03	9.6189e-01	3.6853e-02	1.4947e-07	8.2071e-01	1.7920e-01	8.9568e-05	1.1755e-36	1.1755e-36	1.1755e-36	3.9657e-16	0.00e+00	0.00e+00	2.8973e+01
3.02666e+18	5.3111e+03	5.406e-22	2.7826e+01	6.9173e+00	1.6888e-07	7.9020e-01	2.0980e-01	5.5215e-01	4.4785e-01	2.5529e-06	2.4761e-10	1.2223e-03	9.6289e-01	3.5885e-02	1.4201e-07	8.2665e-01	1.7327e-01	8.3882e-05	1.1755e-36	1.1755e-36	1.1755e-36	4.7418e-16	0.00e+00	0.00e+00	2.9389e+01
3.02961e+18	5.2444e+03	5.210e-22	2.7826e+01	6.7253e+00	1.8786e-07	7.9661e-01	2.0339e-01	5.5768e-01	4.4232e-01	2.5426e-06	2.7016e-10	1.1929e-03	9.6383e-01	3.4972e-02	1.3510e-07	8.3226e-01	1.6766e-01	7.8652e-05	1.1755e-36	1.1755e-36	1.1755e-36	5.6650e-16	0.00e+00	0.00e+00	2.9795e+01
3.03250e+18	5.1776e+03	5.026e-22	2.7826e+01	6.5426e+00	2.0879e-07	8.0271e-01	1.9729e-01	5.6317e-01	4.3682e-01	2.5308e-06	2.9521e-10	1.1649e-03	9.6474e-01	3.4094e-02	1.2866e-07	8.3758e-01	1.6234e-01	7.3862e-05	1.1755e-36	1.1755e-36	1.1755e-36	6.7843e-16	0.00e+00	0.00e+00	3.0200e+01
3.03537e+18	5.1057e+03	4.850e-22	2.7826e+01	6.3647e+00	2.3331e-07	8.0866e-01	1.9134e-01	5.6878e-01	4.3122e-01	2.5162e-06	3.2449e-10	1.1379e-03	9.6563e-01	3.3236e-02	1.1755e-36	8.4278e-01	1.5715e-01	6.9396e-05	1.1755e-36	1.1755e-36	1.1755e-36	8.2206e-16	0.00e+00	0.00e+00	3.0607e+01
3.03816e+18	5.0431e+03	4.684e-22	2.7826e+01	6.1975e+00	2.5754e-07	8.1415e-01	1.8585e-01	5.7403e-01	4.2597e-01	2.5047e-06	3.5445e-10	1.1121e-03	9.6645e-01	3.2438e-02	1.1755e-36	8.4754e-01	1.5239e-01	6.5353e-05	1.1755e-36	1.1755e-36	1.1755e-36	9.8189e-16	0.00e+00	0.00e+00	3.0996e+01
3.04097e+18	4.9681e+03	4.523e-22	2.7826e+01	6.0318e+00	2.8829e-07	8.1970e-01	1.8030e-01	5.7974e-01	4.2025e-01	2.4862e-06	3.8831e-10	1.0871e-03	9.6733e-01	3.1580e-02	1.1755e-36	8.5236e-01	1.4757e-01	6.1485e-05	1.1755e-36	1.1755e-36	1.1755e-36	1.1800e-15	0.00e+00	0.00e+00	3.1413e+01
3.04378e+18	4.8971e+03	4.369e-22	2.7826e+01	5.8711e+00	3.2063e-07	8.2500e-01	1.7500e-01	5.8519e-01	4.1481e-01	2.4704e-06	4.1871e-10	1.0626e-03	9.6822e-01	3.0718e-02	1.1755e-36	8.5695e-01	1.4299e-01	5.7903e-05	1.1755e-36	1.1755e-36	1.1755e-36	1.3743e-15	0.00e+00	0.00e+00	3.1807e+01
3.04648e+18	4.8266e+03	4.225e-22	2.7826e+01	5.7200e+00	3.5572e-07	8.2997e-01	1.7003e-01	5.9057e-01	4.0942e-01	2.4528e-06	4.5054e-10	1.0397e-03	9.6907e-01	2.9892e-02	1.1755e-36	8.6125e-01	1.3870e-01	5.4653e-05	1.1755e-36	1.1755e-36	1.1755e-36	1.5936e-15	0.00e+00	0.00e+00	3.2199e+01
3.04919e+18	4.7543e+03	4.086e-22	2.7826e+01	5.5722e+00	3.9496e-07	8.3483e-01	1.6517e-01	5.9605e-01	4.0395e-01	2.4336e-06	4.8492e-10	1.0173e-03	9.6991e-01	2.9074e-02	1.1755e-36	8.6543e-01	1.3451e-01	5.1582e-05	1.1755e-36	1.1755e-36	1.1755e-36	1.8489e-15	0.00e+00	0.00e+00	3.2600e+01
3.05193e+18	4.6804e+03	3.950e-22	2.7826e+01	5.4266e+00	4.3870e-07	8.3961e-01	1.6039e-01	6.0159e-01	3.9841e-01	2.4132e-06	5.2197e-10	9.9537e-04	9.7074e-01	2.8265e-02	1.1755e-36	8.6955e-01	1.3041e-01	4.8665e-05	1.1755e-36	1.1755e-36	1.1755e-36	2.1453e-15	0.00e+00	0.00e+00	3.3005e+01
3.05468e+18	4.6051e+03	3.818e-22	2.7826e+01	5.2839e+00	4.8687e-07	8.4427e-01	1.5572e-01	6.0718e-01	3.9282e-01	2.3917e-06	5.6130e-10	9.7388e-04	9.7156e-01	2.7470e-02	1.1755e-36	8.7355e-01	1.2640e-01	4.5907e-05	1.1755e-36	1.1755e-36	1.1755e-36	2.4839e-15	0.00e+00	0.00e+00	3.3413e+01
3.05745e+18	4.5292e+03	3.691e-22	2.7826e+01	5.1409e+00	5.3881e-07	8.4872e-01	1.5128e-01	6.1269e-01	3.8731e-01	2.3713e-06	6.0168e-10	9.5229e-04	9.7235e-01	2.6694e-02	1.1755e-36	8.7740e-01	1.2256e-01	4.3309e-05	1.1755e-36	1.1755e-36	1.1755e-36	2.8571e-15	0.00e+00	0.00e+00	3.3828e+01
3.06028e+18	4.4530e+03	3.563e-22	2.7826e+01	5.0006e+00	5.9493e-07	8.5322e-01	1.4678e-01	6.1841e-01	3.8158e-01	2.3487e-06	6.4442e-10	9.3111e-04	9.7315e-01	2.5915e-02	1.1755e-36	8.8123e-01	1.1873e-01	4.0807e-05	1.1755e-36	1.1755e-36	1.1755e-36	3.2782e-15	0.00e+00	0.00e+00	3.4261e+01
3.06326e+18	4.3674e+03	3.435e-22	2.7826e+01	4.8595e+00	6.6139e-07	8.5794e-01	1.4206e-01	6.2472e-01	3.7527e-01	2.3193e-06	6.9243e-10	9.1028e-04	9.7400e-01	2.5091e-02	1.1755e-36	8.8526e-01	1.1470e-01	3.8297e-05	1.1755e-36	1.1755e-36	1.1755e-36	3.7844e-15	0.00e+00	0.00e+00	3.4723e+01
3.06631e+18	4.2807e+03	3.309e-22	2.7826e+01	4.7127e+00	7.3087e-07	8.6247e-01	1.3753e-01	6.3080e-01	3.6920e-01	2.2943e-06	7.3902e-10	8.8835e-04	9.7481e-01	2.4300e-02	1.1755e-36	8.8914e-01	1.1082e-01	3.5936e-05	1.1755e-36	1.1755e-36	1.1755e-36	4.3092e-15	0.00e+00	0.00e+00	3.5185e+01
3.06944e+18	4.1888e+03	3.185e-22	2.7826e+01	4.5728e+00	8.0721e-07	8.6718e-01	1.3282e-01	6.3749e-01	3.6251e-01	2.2607e-06	7.8788e-10	8.6804e-04	9.7566e-01	2.3476e-02	1.1755e-36	8.9314e-01	1.0683e-01	3.3620e-05	1.1755e-36	1.1755e-36	1.1755e-36	4.8895e-15	0.00e+00	0.00e+00	3.5673e+01
3.07273e+18	4.0904e+03	3.059e-22	2.7826e+01	4.4249e+00	8.8782e-07	8.7189e-01	1.2811e-01	6.4436e-01	3.5564e-01	2.2273e-06	8.3415e-10	8.4658e-04	9.7651e-01	2.2644e-02	1.1755e-36	8.9715e-01	1.0282e-01	3.1364e-05	1.1755e-36	1.1755e-36	1.1755e-36	5.4669e-15	0.00e+00	0.00e+00	3.6192e+01
3.07630e+18	3.9829e+03	2.928e-22	2.7826e+01	4.2698e+00	9.7251e-07	8.7683e-01	1.2317e-01	6.5186e-01	3.4814e-01	2.1891e-06	8.7719e-10	8.2437e-04	9.7741e-01	2.1767e-02	1.1755e-36	9.0135e-01	9.8618e-02	2.9087e-05	1.1755e-36	1.1755e-36	1.1755e-36	6.0195e-15	0.00e+00	0.00e+00	3.6767e+01
###########################
1.96199e+14	7.1624e+03	2.804e-21	2.7826e+01	3.0044e+01	4.8876e-13	6.2797e-03	9.9372e-01	1.9098e-02	9.7363e-01	7.2698e-03	4.3265e-16	5.1250e-04	2.6657e-01	7.3164e-01	1.2770e-03	3.9412e-03	5.6101e-01	4.3435e-01	6.9141e-04	1.1755e-36	1.1755e-36	3.6571e-24	0.00e+00	0.00e+00	4.3291e-04
1.17719e+15	7.1580e+03	2.803e-21	2.7826e+01	3.0038e+01	4.8979e-13	6.2767e-03	9.9372e-01	1.9102e-02	9.7363e-01	7.2630e-03	4.3202e-16	5.1169e-04	2.6662e-01	7.3159e-01	1.2785e-03	3.9382e-03	5.6085e-01	4.3452e-01	6.8947e-04	1.1755e-36	1.1755e-36	3.6473e-24	0.00e+00	0.00e+00	2.1637e-03
5.10117e+15	7.1471e+03	2.798e-21	2.7826e+01	3.0037e+01	4.9326e-13	6.2747e-03	9.9373e-01	1.9132e-02	9.7366e-01	7.2131e-03	4.3221e-16	5.1155e-04	2.6692e-01	7.3130e-01	1.2737e-03	3.9383e-03	5.6092e-01	4.3446e-01	6.7977e-04	1.1755e-36	1.1755e-36	3.6399e-24	0.00e+00	0.00e+00	9.0847e-03
2.07971e+16	7.1271e+03	2.781e-21	2.7826e+01	3.0035e+01	5.0094e-13	6.2767e-03	9.9372e-01	1.9236e-02	9.7379e-01	6.9712e-03	4.3462e-16	5.1394e-04	2.6801e-01	7.3022e-01	1.2565e-03	3.9493e-03	5.6180e-01	4.3361e-01	6.4103e-04	1.1755e-36	1.1755e-36	3.6383e-24	0.00e+00	0.00e+00	3.6778e-02
4.96775e+16	7.0353e+03	2.727e-21	2.7826e+01	3.0037e+01	5.1824e-13	6.1842e-03	9.9382e-01	1.9367e-02	9.7384e-01	6.7888e-03	4.2200e-16	5.1213e-04	2.6948e-01	7.2877e-01	1.2407e-03	3.8898e-03	5.6087e-01	4.3465e-01	5.9667e-04	1.1755e-36	1.1755e-36	3.4265e-24	0.00e+00	0.00e+00	7.2248e-02
8.72221e+16	6.9454e+03	2.676e-21	2.7826e+01	3.0037e+01	5.4145e-13	6.1250e-03	9.9388e-01	1.9557e-02	9.7407e-01	6.3726e-03	4.1568e-16	5.1357e-04	2.7152e-01	7.2676e-01	1.2111e-03	3.8634e-03	5.6145e-01	4.3415e-01	5.3674e-04	1.1755e-36	1.1755e-36	3.2833e-24	0.00e+00	0.00e+00	1.1792e-01
1.36030e+17	6.8537e+03	2.624e-21	2.7826e+01	3.0036e+01	5.7265e-13	6.0942e-03	9.9391e-01	1.9823e-02	9.7444e-01	5.7366e-03	4.1489e-16	5.1805e-04	2.7429e-01	7.2402e-01	1.1678e-03	3.8685e-03	5.6371e-01	4.3196e-01	4.6271e-04	1.1755e-36	1.1755e-36	3.1911e-24	0.00e+00	0.00e+00	1.7699e-01
1.99481e+17	6.7582e+03	2.574e-21	2.7826e+01	3.0033e+01	6.1594e-13	6.0981e-03	9.9390e-01	2.0177e-02	9.7493e-01	4.8934e-03	4.1971e-16	5.2580e-04	2.7793e-01	7.2044e-01	1.1105e-03	3.8988e-03	5.6612e-01	4.2960e-01	3.7917e-04	1.1755e-36	1.1755e-36	3.1505e-24	0.00e+00	0.00e+00	2.5383e-01
2.81966e+17	6.6656e+03	2.523e-21	2.7826e+01	3.0028e+01	6.7364e-13	6.1521e-03	9.9385e-01	2.0680e-02	9.7543e-01	3.8950e-03	4.3716e-16	5.3925e-04	2.8305e-01	7.1538e-01	1.0396e-03	4.0016e-03	5.7381e-01	4.2190e-01	2.8725e-04	1.1755e-36	1.1755e-36	3.2124e-24	0.00e+00	0.00e+00	3.5462e-01
3.89197e+17	6.5791e+03	2.474e-21	2.7826e+01	3.0020e+01	7.5291e-13	6.2808e-03	9.9372e-01	2.1380e-02	9.7578e-01	2.8375e-03	4.7120e-16	5.6059e-04	2.9005e-01	7.0843e-01	9.5721e-04	4.1868e-03	5.8535e-01	4.1026e-01	1.9777e-04	1.1755e-36	1.1755e-36	3.4090e-24	0.00e+00	0.00e+00	4.8838e-01
5.28598e+17	6.5038e+03	2.432e-21	2.7826e+01	3.0013e+01	8.6823e-13	6.5302e-03	9.9347e-01	2.2384e-02	9.7577e-01	1.8497e-03	5.3478e-16	5.9388e-04	2.9982e-01	6.9872e-01	8.6561e-04	4.5008e-03	6.0177e-01	3.9361e-01	1.2024e-04	1.1755e-36	1.1755e-36	3.8525e-24	0.00e+00	0.00e+00	6.6917e-01
7.09818e+17	6.4631e+03	2.398e-21	2.7826e+01	2.9994e+01	1.0291e-12	6.9681e-03	9.9303e-01	2.3828e-02	9.7512e-01	1.0538e-03	6.5172e-16	6.4733e-04	3.1351e-01	6.8508e-01	7.6752e-04	5.0216e-03	6.2473e-01	3.7019e-01	6.2242e-05	1.1755e-36	1.1755e-36	4.7615e-24	0.00e+00	0.00e+00	9.1996e-01
9.34175e+17	6.4618e+03	2.383e-21	2.7826e+01	2.9964e+01	1.2697e-12	7.6941e-03	9.9231e-01	2.5903e-02	9.7357e-01	5.2656e-04	8.6934e-16	7.2808e-04	3.3222e-01	6.6639e-01	6.6523e-04	5.8612e-03	6.5479e-01	3.3932e-01	2.7249e-05	1.1755e-36	1.1755e-36	6.6207e-24	0.00e+00	0.00e+00	1.2496e+00
1.14039e+18	6.5123e+03	2.386e-21	2.7826e+01	2.9933e+01	1.5080e-12	8.5270e-03	9.9147e-01	2.7956e-02	9.7176e-01	2.8031e-04	1.1503e-15	8.1250e-04	3.4980e-01	6.4880e-01	5.8598e-04	6.8229e-03	6.8280e-01	3.1037e-01	1.2796e-05	1.1755e-36	1.1755e-36	9.2918e-24	0.00e+00	0.00e+00	1.5021e+00
1.28637e+18	6.5771e+03	2.409e-21	2.7826e+01	2.9905e+01	1.7332e-12	9.3432e-03	9.9066e-01	2.9787e-02	9.7003e-01	1.8291e-04	1.4725e-15	8.8913e-04	3.6463e-01	6.3395e-01	5.2960e-04	7.7621e-03	7.0512e-01	2.8711e-01	7.3905e-06	1.1755e-36	1.1755e-36	1.2634e-23	0.00e+00	0.00e+00	1.7047e+00
1.40429e+18	6.6376e+03	2.438e-21	2.7826e+01	2.9878e+01	1.9825e-12	1.0186e-02	9.8981e-01	3.1618e-02	9.6825e-01	1.3040e-04	1.8614e-15	9.6494e-04	3.7875e-01	6.1980e-01	4.8210e-04	8.7410e-03	7.2494e-01	2.6632e-01	4.6527e-06	1.1755e-36	1.1755e-36	1.6933e-23	0.00e+00	0.00e+00	1.9059e+00
1.53357e+18	6.7151e+03	2.475e-21	2.7826e+01	2.9840e+01	2.3440e-12	1.1335e-02	9.8867e-01	3.4100e-02	9.6581e-01	9.0116e-05	2.4949e-15	1.0645e-03	3.9685e-01	6.0165e-01	4.2804e-04	1.0098e-02	7.4834e-01	2.4156e-01	2.7216e-06	1.1755e-36	1.1755e-36	2.4425e-23	0.00e+00	0.00e+00	2.1969e+00
1.66542e+18	6.8113e+03	2.524e-21	2.7826e+01	2.9793e+01	2.8011e-12	1.2768e-02	9.8723e-01	3.6942e-02	9.6300e-01	6.2977e-05	3.4210e-15	1.1779e-03	4.1638e-01	5.8207e-01	3.7532e-04	1.1808e-02	7.7229e-01	2.1590e-01	1.5742e-06	1.1755e-36	1.1755e-36	3.6515e-23	0.00e+00	0.00e+00	2.4607e+00
1.76904e+18	6.8951e+03	2.572e-21	2.7826e+01	2.9746e+01	3.2922e-12	1.4197e-02	9.8580e-01	3.9654e-02	9.6030e-01	4.7940e-05	4.5181e-15	1.2824e-03	4.3383e-01	5.6456e-01	3.3314e-04	1.3531e-02	7.9188e-01	1.9459e-01	1.0046e-06	1.1755e-36	1.1755e-36	5.2152e-23	0.00e+00	0.00e+00	2.6844e+00
1.85474e+18	6.9705e+03	2.615e-21	2.7826e+01	2.9710e+01	3.8265e-12	1.5639e-02	9.8436e-01	4.2281e-02	9.5768e-01	3.8336e-05	5.8258e-15	1.3803e-03	4.5006e-01	5.4826e-01	2.9764e-04	1.5287e-02	8.0844e-01	1.7628e-01	6.7813e-07	1.1755e-36	1.1755e-36	7.2334e-23	0.00e+00	0.00e+00	2.9088e+00
1.94868e+18	7.0299e+03	2.668e-21	2.7826e+01	2.9635e+01	4.7026e-12	1.7590e-02	9.8241e-01	4.5982e-02	9.5399e-01	2.9762e-05	7.9256e-15	1.5082e-03	4.7081e-01	5.2743e-01	2.5759e-04	1.7685e-02	8.2676e-01	1.5555e-01	4.2641e-07	1.1755e-36	1.1755e-36	1.0680e-22	0.00e+00	0.00e+00	3.2371e+00
2.04855e+18	7.1137e+03	2.732e-21	2.7826e+01	2.9554e+01	5.9159e-12	2.0169e-02	9.7983e-01	5.0465e-02	9.4951e-01	2.3106e-05	1.1256e-14	1.6569e-03	4.9438e-01	5.0375e-01	2.1719e-04	2.0870e-02	8.4535e-01	1.3378e-01	2.5663e-07	1.1755e-36	1.1755e-36	1.6787e-22	0.00e+00	0.00e+00	3.5686e+00
2.13304e+18	7.1919e+03	2.794e-21	2.7826e+01	2.9491e+01	7.3885e-12	2.2985e-02	9.7701e-01	5.5038e-02	9.4494e-01	1.8774e-05	1.5692e-14	1.7994e-03	5.1680e-01	4.8122e-01	1.8360e-04	2.4360e-02	8.6040e-01	1.1524e-01	1.6198e-07	1.1755e-36	1.1755e-36	2.5881e-22	0.00e+00	0.00e+00	3.8731e+00
2.20529e+18	7.2398e+03	2.852e-21	2.7826e+01	2.9368e+01	9.2824e-12	2.6024e-02	9.7398e-01	6.0033e-02	9.3995e-01	1.5666e-05	2.1398e-14	1.9400e-03	5.3851e-01	4.5939e-01	1.5549e-04	2.8138e-02	8.7229e-01	9.9576e-02	1.1755e-36	1.1755e-36	1.1755e-36	3.8605e-22	0.00e+00	0.00e+00	4.1890e+00
2.28473e+18	7.2886e+03	2.914e-21	2.7826e+01	2.9240e+01	1.2332e-11	3.0240e-02	9.6976e-01	6.6739e-02	9.3325e-01	1.2764e-05	3.1187e-14	2.1127e-03	5.6545e-01	4.3232e-01	1.2577e-04	3.3393e-02	8.8383e-01	8.2778e-02	1.1755e-36	1.1755e-36	1.1755e-36	6.2865e-22	0.00e+00	0.00e+00	4.6662e+00
2.37148e+18	7.3413e+03	2.994e-21	2.7826e+01	2.9107e+01	1.7628e-11	3.6440e-02	9.6356e-01	7.5901e-02	9.2409e-01	1.0293e-05	4.9445e-14	2.3249e-03	5.9801e-01	3.9957e-01	9.5984e-05	4.1104e-02	8.9347e-01	6.5429e-02	1.1755e-36	1.1755e-36	1.1755e-36	1.1505e-21	0.00e+00	0.00e+00	5.2019e+00
2.44453e+18	7.3879e+03	3.061e-21	2.7826e+01	2.8905e+01	2.5059e-11	4.3707e-02	9.5629e-01	8.5926e-02	9.1407e-01	8.6353e-06	7.6841e-14	2.5218e-03	6.2875e-01	3.6866e-01	7.3173e-05	5.0118e-02	8.9824e-01	5.1646e-02	1.1755e-36	1.1755e-36	1.1755e-36	2.0616e-21	0.00e+00	0.00e+00	5.6814e+00
2.49973e+18	7.4285e+03	3.097e-21	2.7826e+01	2.8605e+01	3.3644e-11	5.0889e-02	9.4911e-01	9.5469e-02	9.0452e-01	7.5645e-06	1.1041e-13	2.6708e-03	6.5379e-01	3.4348e-01	5.7850e-05	5.9005e-02	8.9896e-01	4.2035e-02	1.1755e-36	1.1755e-36	1.1755e-36	3.3362e-21	0.00e+00	0.00e+00	6.1103e+00
2.54591e+18	7.4398e+03	3.129e-21	2.7826e+01	2.8351e+01	4.5154e-11	5.8698e-02	9.4130e-01	1.0547e-01	8.9452e-01	6.7263e-06	1.5534e-13	2.8087e-03	6.7716e-01	3.1999e-01	4.6025e-05	6.8627e-02	8.9685e-01	3.4525e-02	1.1755e-36	1.1755e-36	1.1755e-36	5.2551e-21	0.00e+00	0.00e+00	6.5679e+00
2.58944e+18	7.4622e+03	3.146e-21	2.7826e+01	2.8058e+01	6.0654e-11	6.7935e-02	9.3207e-01	1.1672e-01	8.8328e-01	6.0195e-06	2.1999e-13	2.9390e-03	7.0045e-01	2.9657e-01	3.6160e-05	7.9960e-02	8.9201e-01	2.8034e-02	1.1755e-36	1.1755e-36	1.1755e-36	8.3858e-21	0.00e+00	0.00e+00	7.0776e+00
2.63041e+18	7.4658e+03	3.156e-21	2.7826e+01	2.7714e+01	8.3793e-11	7.9194e-02	9.2081e-01	1.2965e-01	8.7034e-01	5.4110e-06	3.1641e-13	3.0633e-03	7.2395e-01	2.7296e-01	2.7920e-05	9.3694e-02	8.8386e-01	2.2451e-02	1.1755e-36	1.1755e-36	1.1755e-36	1.3692e-20	0.00e+00	0.00e+00	7.6234e+00
2.66692e+18	7.4607e+03	3.152e-21	2.7826e+01	2.7321e+01	1.1626e-10	9.2212e-02	9.0779e-01	1.4361e-01	8.5639e-01	4.9188e-06	4.5325e-13	3.1702e-03	7.4613e-01	2.5067e-01	2.1491e-05	1.0947e-01	8.7261e-01	1.7927e-02	1.1755e-36	1.1755e-36	1.1755e-36	2.2311e-20	0.00e+00	0.00e+00	8.1710e+00
2.69834e+18	7.4532e+03	3.138e-21	2.7826e+01	2.6940e+01	1.5954e-10	1.0668e-01	8.9332e-01	1.5807e-01	8.4193e-01	4.5260e-06	6.4025e-13	3.2610e-03	7.6643e-01	2.3029e-01	1.6635e-05	1.2687e-01	8.5875e-01	1.4378e-02	1.1755e-36	1.1755e-36	1.1755e-36	3.5827e-20	0.00e+00	0.00e+00	8.7156e+00
2.72573e+18	7.4449e+03	3.105e-21	2.7826e+01	2.6478e+01	2.1547e-10	1.2234e-01	8.7766e-01	1.7283e-01	8.2716e-01	4.2046e-06	8.8463e-13	3.3242e-03	7.8451e-01	2.1215e-01	1.3014e-05	1.4556e-01	8.4283e-01	1.1612e-02	1.1755e-36	1.1755e-36	1.1755e-36	5.5947e-20	0.00e+00	0.00e+00	9.2682e+00
2.75060e+18	7.4315e+03	3.056e-21	2.7826e+01	2.5958e+01	2.9080e-10	1.3989e-01	8.6011e-01	1.8846e-01	8.1154e-01	3.9254e-06	1.2150e-12	3.3680e-03	8.0139e-01	1.9524e-01	1.0182e-05	1.6633e-01	8.2431e-01	9.3636e-03	1.1755e-36	1.1755e-36	1.1755e-36	8.6859e-20	0.00e+00	0.00e+00	9.8590e+00
2.77391e+18	7.4124e+03	2.990e-21	2.7826e+01	2.5364e+01	3.9610e-10	1.6017e-01	8.3983e-01	2.0536e-01	7.9464e-01	3.6771e-06	1.6762e-12	3.3930e-03	8.1752e-01	1.7908e-01	7.9122e-06	1.9009e-01	8.0242e-01	7.4869e-03	1.1755e-36	1.1755e-36	1.1755e-36	1.3612e-19	0.00e+00	0.00e+00	1.0495e+01
2.79553e+18	7.3868e+03	2.907e-21	2.7826e+01	2.4685e+01	5.4313e-10	1.8332e-01	8.1668e-01	2.2325e-01	7.7675e-01	3.4612e-06	2.3141e-12	3.3960e-03	8.3263e-01	1.6397e-01	6.1287e-06	2.1693e-01	7.7713e-01	5.9481e-03	1.1755e-36	1.1755e-36	1.1755e-36	2.1424e-19	0.00e+00	0.00e+00	1.1160e+01
2.81519e+18	7.3558e+03	2.807e-21	2.7826e+01	2.3932e+01	7.4341e-10	2.0893e-01	7.9107e-01	2.4160e-01	7.5839e-01	3.2782e-06	3.1704e-12	3.3759e-03	8.4641e-01	1.5021e-01	4.7647e-06	2.4627e-01	7.4901e-01	4.7205e-03	1.1755e-36	1.1755e-36	1.1755e-36	3.3479e-19	0.00e+00	0.00e+00	1.1845e+01
2.83307e+18	7.3256e+03	2.685e-21	2.7826e+01	2.3037e+01	1.0034e-09	2.3614e-01	7.6386e-01	2.5972e-01	7.4028e-01	3.1305e-06	4.2540e-12	3.3212e-03	8.5848e-01	1.3820e-01	3.7473e-06	2.7704e-01	7.1920e-01	3.7606e-03	1.1755e-36	1.1755e-36	1.1755e-36	5.0894e-19	0.00e+00	0.00e+00	1.2555e+01
2.84991e+18	7.2885e+03	2.553e-21	2.7826e+01	2.2132e+01	1.3647e-09	2.6673e-01	7.3327e-01	2.7899e-01	7.2100e-01	2.9919e-06	5.7447e-12	3.2570e-03	8.7006e-01	1.2668e-01	2.9326e-06	3.1115e-01	6.8588e-01	2.9710e-03	1.1755e-36	1.1755e-36	1.1755e-36	7.8489e-19	0.00e+00	0.00e+00	1.3331e+01
2.86597e+18	7.2254e+03	2.408e-21	2.7826e+01	2.1134e+01	1.8991e-09	3.0128e-01	6.9872e-01	2.9907e-01	7.0093e-01	2.8737e-06	7.8007e-12	3.1719e-03	8.8102e-01	1.1581e-01	2.2848e-06	3.4909e-01	6.4859e-01	2.3243e-03	1.1755e-36	1.1755e-36	1.1755e-36	1.2249e-18	0.00e+00	0.00e+00	1.4154e+01
2.88032e+18	7.1738e+03	2.255e-21	2.7826e+01	2.0095e+01	2.5729e-09	3.3656e-01	6.6344e-01	3.1765e-01	6.8235e-01	2.7931e-06	1.0343e-11	3.0660e-03	8.9033e-01	1.0660e-01	1.8134e-06	3.8719e-01	6.1097e-01	1.8335e-03	1.1755e-36	1.1755e-36	1.1755e-36	1.8583e-18	0.00e+00	0.00e+00	1.4933e+01
2.89200e+18	7.1081e+03	2.119e-21	2.7826e+01	1.9156e+01	3.3855e-09	3.6915e-01	6.3085e-01	3.3364e-01	6.6636e-01	2.7360e-06	1.3165e-11	2.9630e-03	8.9775e-01	9.9288e-02	1.4908e-06	4.2184e-01	5.7667e-01	1.4908e-03	1.1755e-36	1.1755e-36	1.1755e-36	2.6658e-18	0.00e+00	0.00e+00	1.5593e+01
2.90125e+18	7.0478e+03	2.005e-21	2.7826e+01	1.8383e+01	4.2513e-09	3.9723e-01	6.0277e-01	3.4695e-01	6.5305e-01	2.6965e-06	1.6041e-11	2.8738e-03	9.0360e-01	9.3527e-02	1.2695e-06	4.5128e-01	5.4747e-01	1.2540e-03	1.1755e-36	1.1755e-36	1.1755e-36	3.5962e-18	0.00e+00	0.00e+00	1.6173e+01
2.90936e+18	7.0011e+03	1.896e-21	2.7826e+01	1.7622e+01	5.1455e-09	4.2196e-01	5.7804e-01	3.5865e-01	6.4134e-01	2.6681e-06	1.8895e-11	2.7797e-03	9.0838e-01	8.8838e-02	1.1056e-06	4.7690e-01	5.2202e-01	1.0757e-03	1.1755e-36	1.1755e-36	1.1755e-36	4.6148e-18	0.00e+00	0.00e+00	1.6759e+01
2.91697e+18	6.9368e+03	1.794e-21	2.7826e+01	1.6910e+01	6.2783e-09	4.4698e-01	5.5302e-01	3.7012e-01	6.2988e-01	2.6436e-06	2.2226e-11	2.6911e-03	9.1293e-01	8.4375e-02	9.6646e-07	5.0251e-01	4.9656e-01	9.2558e-04	1.1755e-36	1.1755e-36	1.1755e-36	5.9296e-18	0.00e+00	0.00e+00	1.7334e+01
2.92411e+18	6.8742e+03	1.696e-21	2.7826e+01	1.6235e+01	7.5868e-09	4.7136e-01	5.2864e-01	3.8127e-01	6.1873e-01	2.6217e-06	2.5940e-11	2.6046e-03	9.1714e-01	8.0253e-02	8.5010e-07	5.2720e-01	4.7200e-01	7.9998e-04	1.1755e-36	1.1755e-36	1.1755e-36	7.5513e-18	0.00e+00	0.00e+00	1.7910e+01
2.93093e+18	6.8126e+03	1.600e-21	2.7826e+01	1.5553e+01	9.0880e-09	4.9484e-01	5.0516e-01	3.9176e-01	6.0824e-01	2.6091e-06	2.9949e-11	2.5142e-03	9.2096e-01	7.6523e-02	7.5299e-07	5.5072e-01	4.4858e-01	6.9451e-04	1.1755e-36	1.1755e-36	1.1755e-36	9.4802e-18	0.00e+00	0.00e+00	1.8492e+01
2.93733e+18	6.7490e+03	1.510e-21	2.7826e+01	1.4900e+01	1.0810e-08	5.1725e-01	4.8275e-01	4.0156e-01	5.9843e-01	2.6019e-06	3.4257e-11	2.4257e-03	9.2441e-01	7.3164e-02	6.7232e-07	5.7294e-01	4.2646e-01	6.0685e-04	1.1755e-36	1.1755e-36	1.1755e-36	1.1764e-17	0.00e+00	0.00e+00	1.9047e+01
2.94230e+18	6.7163e+03	1.441e-21	2.7826e+01	1.4374e+01	1.2170e-08	5.3415e-01	4.6585e-01	4.0808e-01	5.9192e-01	2.6126e-06	3.7726e-11	2.3510e-03	9.2671e-01	7.0937e-02	6.1960e-07	5.8952e-01	4.0993e-01	5.4717e-04	1.1755e-36	1.1755e-36	1.1755e-36	1.3775e-17	0.00e+00	0.00e+00	1.9407e+01
2.94568e+18	6.6817e+03	1.395e-21	2.7826e+01	1.4035e+01	1.3329e-08	5.4601e-01	4.5399e-01	4.1314e-01	5.8686e-01	2.6137e-06	4.0459e-11	2.3038e-03	9.2842e-01	6.9275e-02	5.8426e-07	6.0110e-01	3.9839e-01	5.0906e-04	1.1755e-36	1.1755e-36	1.1755e-36	1.5457e-17	0.00e+00	0.00e+00	1.9687e+01
2.94871e+18	6.6326e+03	1.354e-21	2.7826e+01	1.3727e+01	1.4687e-08	5.5696e-01	4.4304e-01	4.1838e-01	5.8162e-01	2.6059e-06	4.3232e-11	2.2621e-03	9.3009e-01	6.7648e-02	5.5254e-07	6.1175e-01	3.8777e-01	4.7646e-04	1.1755e-36	1.1755e-36	1.1755e-36	1.7246e-17	0.00e+00	0.00e+00	1.9994e+01
2.95197e+18	6.5934e+03	1.310e-21	2.7826e+01	1.3404e+01	1.6106e-08	5.6846e-01	4.3154e-01	4.2383e-01	5.7617e-01	2.6012e-06	4.6310e-11	2.2167e-03	9.3181e-01	6.5969e-02	5.2074e-07	6.2287e-01	3.7669e-01	4.4350e-04	1.1755e-36	1.1755e-36	1.1755e-36	1.9339e-17	0.00e+00	0.00e+00	2.0333e+01
2.95553e+18	6.5496e+03	1.262e-21	2.7826e+01	1.3041e+01	1.7804e-08	5.8075e-01	4.1925e-01	4.2963e-01	5.7037e-01	2.5987e-06	4.9801e-11	2.1656e-03	9.3362e-01	6.4215e-02	4.8863e-07	6.3470e-01	3.6488e-01	4.1028e-04	1.1755e-36	1.1755e-36	1.1755e-36	2.1851e-17	0.00e+00	0.00e+00	2.0712e+01
2.95928e+18	6.4982e+03	1.213e-21	2.7826e+01	1.2672e+01	1.9899e-08	5.9405e-01	4.0595e-01	4.3595e-01	5.6405e-01	2.5943e-06	5.3966e-11	2.1133e-03	9.3553e-01	6.2356e-02	4.5651e-07	6.4740e-01	3.5222e-01	3.7734e-04	1.1755e-36	1.1755e-36	1.1755e-36	2.5060e-17	0.00e+00	0.00e+00	2.1107e+01
2.96294e+18	6.4493e+03	1.166e-21	2.7826e+01	1.2302e+01	2.2125e-08	6.0667e-01	3.9333e-01	4.4177e-01	5.5823e-01	2.5960e-06	5.8176e-11	2.0599e-03	9.3728e-01	6.0659e-02	4.2801e-07	6.5940e-01	3.4025e-01	3.4795e-04	1.1755e-36	1.1755e-36	1.1755e-36	2.8536e-17	0.00e+00	0.00e+00	2.1485e+01
2.96645e+18	6.4009e+03	1.121e-21	2.7826e+01	1.1952e+01	2.4506e-08	6.1858e-01	3.8142e-01	4.4741e-01	5.5259e-01	2.5977e-06	6.2496e-11	2.0091e-03	9.3893e-01	5.9056e-02	4.0239e-07	6.7067e-01	3.2901e-01	3.2189e-04	1.1755e-36	1.1755e-36	1.1755e-36	3.2344e-17	0.00e+00	0.00e+00	2.1861e+01
2.96995e+18	6.3511e+03	1.078e-21	2.7826e+01	1.1609e+01	2.7163e-08	6.3038e-01	3.6962e-01	4.5318e-01	5.4682e-01	2.5984e-06	6.7169e-11	1.9590e-03	9.4058e-01	5.7463e-02	3.7817e-07	6.8177e-01	3.1793e-01	2.9764e-04	1.1755e-36	1.1755e-36	1.1755e-36	3.6744e-17	0.00e+00	0.00e+00	2.2253e+01
2.97351e+18	6.3015e+03	1.035e-21	2.7826e+01	1.1260e+01	3.0110e-08	6.4213e-01	3.5787e-01	4.5897e-01	5.4103e-01	2.6011e-06	7.2196e-11	1.9079e-03	9.4220e-01	5.5891e-02	3.5519e-07	6.9277e-01	3.0695e-01	2.7480e-04	1.1755e-36	1.1755e-36	1.1755e-36	4.1811e-17	0.00e+00	0.00e+00	2.2659e+01
2.97713e+18	6.2421e+03	9.921e-22	2.7826e+01	1.0916e+01	3.3721e-08	6.5418e-01	3.4582e-01	4.6512e-01	5.3488e-01	2.6001e-06	7.7976e-11	1.8574e-03	9.4386e-01	5.4285e-02	3.3304e-07	7.0398e-01	2.9576e-01	2.5319e-04	1.1755e-36	1.1755e-36	1.1755e-36	4.8107e-17	0.00e+00	0.00e+00	2.3077e+01
2.98065e+18	6.1852e+03	9.522e-22	2.7826e+01	1.0587e+01	3.7591e-08	6.6563e-01	3.3437e-01	4.7096e-01	5.2903e-01	2.6012e-06	8.3986e-11	1.8085e-03	9.4541e-01	5.2786e-02	3.1311e-07	7.1459e-01	2.8518e-01	2.3386e-04	1.1755e-36	1.1755e-36	1.1755e-36	5.5178e-17	0.00e+00	0.00e+00	2.3474e+01
2.98400e+18	6.1400e+03	9.146e-22	2.7826e+01	1.0274e+01	4.1258e-08	6.7588e-01	3.2411e-01	4.7625e-01	5.2375e-01	2.6072e-06	8.9698e-11	1.7612e-03	9.4680e-01	5.1437e-02	2.9565e-07	7.2405e-01	2.7573e-01	2.1702e-04	1.1755e-36	1.1755e-36	1.1755e-36	6.2354e-17	0.00e+00	0.00e+00	2.3866e+01
2.98747e+18	6.0804e+03	8.770e-22	2.7826e+01	9.9577e+00	4.6010e-08	6.8666e-01	3.1334e-01	4.8223e-01	5.1777e-01	2.6070e-06	9.6552e-11	1.7140e-03	9.4830e-01	4.9984e-02	2.7805e-07	7.3392e-01	2.6587e-01	2.0065e-04	1.1755e-36	1.1755e-36	1.1755e-36	7.1668e-17	0.00e+00	0.00e+00	2.4305e+01
2.99105e+18	6.0214e+03	8.397e-22	2.7826e+01	9.6404e+00	5.1344e-08	6.9749e-01	3.0251e-01	4.8820e-01	5.1180e-01	2.6089e-06	1.0414e-10	1.6660e-03	9.4978e-01	4.8558e-02	2.6133e-07	7.4382e-01	2.5600e-01	1.8510e-04	1.1755e-36	1.1755e-36	1.1755e-36	8.2835e-17	0.00e+00	0.00e+00	2.4736e+01
2.99450e+18	5.9575e+03	8.053e-22	2.7826e+01	9.3453e+00	5.7481e-08	7.0793e-01	2.9207e-01	4.9428e-01	5.0572e-01	2.6061e-06	1.1252e-10	1.6217e-03	9.5120e-01	4.7175e-02	2.4595e-07	7.5331e-01	2.4652e-01	1.7111e-04	1.1755e-36	1.1755e-36	1.1755e-36	9.6260e-17	0.00e+00	0.00e+00	2.5157e+01
2.99778e+18	5.8902e+03	7.740e-22	2.7826e+01	9.0687e+00	6.4391e-08	7.1766e-01	2.8234e-01	5.0012e-01	4.9988e-01	2.6024e-06	1.2142e-10	1.5800e-03	9.5253e-01	4.5887e-02	2.3223e-07	7.6213e-01	2.3771e-01	1.5885e-04	1.1755e-36	1.1755e-36	1.1755e-36	1.1187e-16	0.00e+00	0.00e+00	2.5558e+01
3.00084e+18	5.8415e+03	7.450e-22	2.7826e+01	8.8102e+00	7.0441e-08	7.2598e-01	2.7402e-01	5.0503e-01	4.9496e-01	2.6072e-06	1.2938e-10	1.5402e-03	9.5368e-01	4.4783e-02	2.2060e-07	7.6962e-01	2.3023e-01	1.4846e-04	1.1755e-36	1.1755e-36	1.1755e-36	1.2682e-16	0.00e+00	0.00e+00	2.5935e+01
3.00404e+18	5.7803e+03	7.156e-22	2.7826e+01	8.5508e+00	7.8237e-08	7.3475e-01	2.6525e-01	5.1087e-01	4.8913e-01	2.6030e-06	1.3923e-10	1.5005e-03	9.5494e-01	4.3557e-02	2.0847e-07	7.7751e-01	2.2236e-01	1.3811e-04	1.1755e-36	1.1755e-36	1.1755e-36	1.4677e-16	0.00e+00	0.00e+00	2.6379e+01
3.00749e+18	5.7132e+03	6.856e-22	2.7826e+01	8.2845e+00	8.7765e-08	7.4417e-01	2.5583e-01	5.1717e-01	4.8283e-01	2.5969e-06	1.5126e-10	1.4599e-03	9.5626e-01	4.2278e-02	1.9628e-07	7.8592e-01	2.1395e-01	1.2773e-04	1.1755e-36	1.1755e-36	1.1755e-36	1.7332e-16	0.00e+00	0.00e+00	2.6831e+01
3.01081e+18	5.6474e+03	6.579e-22	2.7826e+01	8.0288e+00	9.8066e-08	7.5281e-01	2.4719e-01	5.2296e-01	4.7703e-01	2.5941e-06	1.6381e-10	1.4204e-03	9.5746e-01	4.1118e-02	1.8551e-07	7.9363e-01	2.0625e-01	1.1863e-04	1.1755e-36	1.1755e-36	1.1755e-36	2.0377e-16	0.00e+00	0.00e+00	2.7251e+01
3.01392e+18	5.5844e+03	6.330e-22	2.7826e+01	7.7970e+00	1.0892e-07	7.6066e-01	2.3934e-01	5.2852e-01	4.7148e-01	2.5896e-06	1.7691e-10	1.3847e-03	9.5857e-01	4.0044e-02	1.7593e-07	8.0060e-01	1.9929e-01	1.1072e-04	1.1755e-36	1.1755e-36	1.1755e-36	2.3833e-16	0.00e+00	0.00e+00	2.7656e+01
3.01695e+18	5.5211e+03	6.094e-22	2.7826e+01	7.5769e+00	1.2090e-07	7.6811e-01	2.3189e-01	5.3409e-01	4.6591e-01	2.5830e-06	1.9122e-10	1.3506e-03	9.5964e-01	3.9004e-02	1.6699e-07	8.0720e-01	1.9269e-01	1.0350e-04	1.1755e-36	1.1755e-36	1.1755e-36	2.7935e-16	0.00e+00	0.00e+00	2.8066e+01
3.02000e+18	5.4492e+03	5.866e-22	2.7826e+01	7.3587e+00	1.3552e-07	7.7552e-01	2.2448e-01	5.3988e-01	4.6012e-01	2.5731e-06	2.0817e-10	1.3172e-03	9.6071e-01	3.7970e-02	1.5842e-07	8.1376e-01	1.8615e-01	9.6711e-05	1.1755e-36	1.1755e-36	1.1755e-36	3.3263e-16	0.00e+00	0.00e+00	2.8484e+01
3.02296e+18	5.3913e+03	5.653e-22	2.7826e+01	7.1553e+00	1.4928e-07	7.8223e-01	2.1777e-01	5.4510e-01	4.5489e-01	2.5685e-06	2.2475e-10	1.2852e-03	9.6168e-01	3.7031e-02	1.5077e-07	8.1966e-01	1.8025e-01	9.0664e-05	1.1755e-36	1.1755e-36	1.1755e-36	3.8893e-16	0.00e+00	0.00e+00	2.8875e+01
3.02592e+18	5.3235e+03	5.445e-22	2.7826e+01	6.9552e+00	1.6632e-07	7.8894e-01	2.1106e-01	5.5080e-01	4.4920e-01	2.5576e-06	2.4479e-10	1.2542e-03	9.6268e-01	3.6066e-02	1.4325e-07	8.2554e-01	1.7437e-01	8.4929e-05	1.1755e-36	1.1755e-36	1.1755e-36	4.6318e-16	0.00e+00	0.00e+00	2.9303e+01
3.02897e+18	5.2549e+03	5.242e-22	2.7826e+01	6.7559e+00	1.8562e-07	7.9562e-01	2.0438e-01	5.5652e-01	4.4347e-01	2.5470e-06	2.6773e-10	1.2232e-03	9.6366e-01	3.5118e-02	1.3604e-07	8.3139e-01	1.6853e-01	7.9446e-05	1.1755e-36	1.1755e-36	1.1755e-36	5.5613e-16	0.00e+00	0.00e+00	2.9724e+01
3.03193e+18	5.1871e+03	5.052e-22	2.7826e+01	6.5680e+00	2.0667e-07	8.0189e-01	1.9811e-01	5.6210e-01	4.3790e-01	2.5356e-06	2.9292e-10	1.1939e-03	9.6458e-01	3.4223e-02	1.2944e-07	8.3687e-01	1.6305e-01	7.4498e-05	1.1755e-36	1.1755e-36	1.1755e-36	6.6784e-16	0.00e+00	0.00e+00	3.0132e+01
3.03480e+18	5.1198e+03	4.875e-22	2.7826e+01	6.3904e+00	2.2971e-07	8.0780e-01	1.9220e-01	5.6759e-01	4.3240e-01	2.5230e-06	3.2072e-10	1.1662e-03	9.6546e-01	3.3370e-02	1.1755e-36	8.4202e-01	1.5791e-01	7.0002e-05	1.1755e-36	1.1755e-36	1.1755e-36	8.0257e-16	0.00e+00	0.00e+00	3.0535e+01
3.03763e+18	5.0474e+03	4.706e-22	2.7826e+01	6.2182e+00	2.5666e-07	8.1355e-01	1.8645e-01	5.7319e-01	4.2680e-01	2.5073e-06	3.5326e-10	1.1395e-03	9.6632e-01	3.2538e-02	1.1755e-36	8.4703e-01	1.5291e-01	6.5822e-05	1.1755e-36	1.1755e-36	1.1755e-36	9.7570e-16	0.00e+00	0.00e+00	3.0940e+01
3.04040e+18	4.9841e+03	4.547e-22	2.7826e+01	6.0562e+00	2.8321e-07	8.1886e-01	1.8114e-01	5.7843e-01	4.2157e-01	2.4948e-06	3.8461e-10	1.1141e-03	9.6714e-01	3.1744e-02	1.1755e-36	8.5162e-01	1.4832e-01	6.2037e-05	1.1755e-36	1.1755e-36	1.1755e-36	1.1571e-15	0.00e+00	0.00e+00	3.1329e+01
3.04319e+18	4.9068e+03	4.392e-22	2.7826e+01	5.8949e+00	3.1741e-07	8.2426e-01	1.7574e-01	5.8420e-01	4.1580e-01	2.4746e-06	4.1627e-10	1.0894e-03	9.6806e-01	3.0846e-02	1.1755e-36	8.5631e-01	1.4363e-01	5.8397e-05	1.1755e-36	1.1755e-36	1.1755e-36	1.3581e-15	0.00e+00	0.00e+00	3.1746e+01
3.04597e+18	4.8361e+03	4.244e-22	2.7826e+01	5.7392e+00	3.5249e-07	8.2937e-01	1.7063e-01	5.8960e-01	4.1040e-01	2.4583e-06	4.4838e-10	1.0653e-03	9.6892e-01	3.0011e-02	1.1755e-36	8.6073e-01	1.3922e-01	5.5044e-05	1.1755e-36	1.1755e-36	1.1755e-36	1.5782e-15	0.00e+00	0.00e+00	3.2135e+01
3.04865e+18	4.7651e+03	4.106e-22	2.7826e+01	5.5927e+00	3.9075e-07	8.3418e-01	1.6582e-01	5.9499e-01	4.0501e-01	2.4396e-06	4.8209e-10	1.0427e-03	9.6975e-01	2.9203e-02	1.1755e-36	8.6487e-01	1.3507e-01	5.1988e-05	1.1755e-36	1.1755e-36	1.1755e-36	1.8271e-15	0.00e+00	0.00e+00	3.2529e+01
3.05136e+18	4.6917e+03	3.970e-22	2.7826e+01	5.4478e+00	4.3379e-07	8.3894e-01	1.6106e-01	6.0051e-01	3.9948e-01	2.4192e-06	5.1873e-10	1.0205e-03	9.7058e-01	2.8396e-02	1.1755e-36	8.6897e-01	1.3098e-01	4.9068e-05	1.1755e-36	1.1755e-36	1.1755e-36	2.1185e-15	0.00e+00	0.00e+00	3.2933e+01
3.05412e+18	4.6165e+03	3.838e-22	2.7826e+01	5.3043e+00	4.8159e-07	8.4363e-01	1.5637e-01	6.0612e-01	3.9388e-01	2.3977e-06	5.5801e-10	9.9845e-04	9.7140e-01	2.7597e-02	1.1755e-36	8.7300e-01	1.2695e-01	4.6281e-05	1.1755e-36	1.1755e-36	1.1755e-36	2.4545e-15	0.00e+00	0.00e+00	3.3343e+01
3.05689e+18	4.5408e+03	3.709e-22	2.7826e+01	5.1606e+00	5.3315e-07	8.4811e-01	1.5189e-01	6.1164e-01	3.8836e-01	2.3775e-06	5.9839e-10	9.7632e-04	9.7220e-01	2.6820e-02	1.1755e-36	8.7687e-01	1.2309e-01	4.3654e-05	1.1755e-36	1.1755e-36	1.1755e-36	2.8256e-15	0.00e+00	0.00e+00	3.3758e+01
3.05972e+18	4.4649e+03	3.581e-22	2.7826e+01	5.0200e+00	5.8878e-07	8.5262e-01	1.4738e-01	6.1735e-01	3.8265e-01	2.3551e-06	6.4109e-10	9.5467e-04	9.7300e-01	2.6041e-02	1.1755e-36	8.8071e-01	1.1925e-01	4.1133e-05	1.1755e-36	1.1755e-36	1.1755e-36	3.2442e-15	0.00e+00	0.00e+00	3.4190e+01
3.06269e+18	4.3800e+03	3.453e-22	2.7826e+01	4.8787e+00	6.5459e-07	8.5734e-01	1.4265e-01	6.2363e-01	3.7637e-01	2.3262e-06	6.8906e-10	9.3338e-04	9.7385e-01	2.5219e-02	1.1755e-36	8.8475e-01	1.1521e-01	3.8610e-05	1.1755e-36	1.1755e-36	1.1755e-36	3.7476e-15	0.00e+00	0.00e+00	3.4649e+01
3.06573e+18	4.2940e+03	3.327e-22	2.7826e+01	4.7320e+00	7.2351e-07	8.6188e-01	1.3812e-01	6.2967e-01	3.7032e-01	2.3016e-06	7.3580e-10	9.1101e-04	9.7466e-01	2.4430e-02	1.1755e-36	8.8863e-01	1.1133e-01	3.6237e-05	1.1755e-36	1.1755e-36	1.1755e-36	4.2722e-15	0.00e+00	0.00e+00	3.5108e+01
3.06884e+18	4.2032e+03	3.203e-22	2.7826e+01	4.5922e+00	7.9915e-07	8.6658e-01	1.3342e-01	6.3630e-01	3.6370e-01	2.2688e-06	7.8493e-10	8.9024e-04	9.7550e-01	2.3612e-02	1.1755e-36	8.9263e-01	1.0734e-01	3.3911e-05	1.1755e-36	1.1755e-36	1.1755e-36	4.8541e-15	0.00e+00	0.00e+00	3.5593e+01
3.07211e+18	4.1062e+03	3.077e-22	2.7826e+01	4.4442e+00	8.7928e-07	8.7130e-01	1.2870e-01	6.4308e-01	3.5691e-01	2.2364e-06	8.3190e-10	8.6825e-04	9.7634e-01	2.2787e-02	1.1755e-36	8.9664e-01	1.0332e-01	3.1643e-05	1.1755e-36	1.1755e-36	1.1755e-36	5.4397e-15	0.00e+00	0.00e+00	3.6107e+01
3.07564e+18	4.0013e+03	2.945e-22	2.7826e+01	4.2884e+00	9.6333e-07	8.7629e-01	1.2371e-01	6.5038e-01	3.4962e-01	2.2010e-06	8.7633e-10	8.4525e-04	9.7723e-01	2.1925e-02	1.1755e-36	9.0088e-01	9.9088e-02	2.9343e-05	1.1755e-36	1.1755e-36	1.1755e-36	6.0128e-15	0.00e+00	0.00e+00	3.6676e+01
3.07951e+18	3.8949e+03	2.800e-22	2.7826e+01	4.1055e+00	1.0440e-06	8.8229e-01	1.1771e-01	6.5721e-01	3.4279e-01	2.1809e-06	9.1815e-10	8.1735e-04	9.7810e-01	2.1085e-02	1.1755e-36	9.0594e-01	9.4033e-02	2.6794e-05	1.1755e-36	1.1755e-36	1.1755e-36	6.5716e-15	0.00e+00	0.00e+00	3.7305e+01
###########################
1.96199e+14	7.1624e+03	2.804e-21	2.7826e+01	3.0044e+01	4.8875e-13	6.2797e-03	9.9372e-01	1.9098e-02	9.7363e-01	7.2698e-03	4.3264e-16	5.1250e-04	2.6657e-01	7.3164e-01	1.2770e-03	3.9412e-03	5.6101e-01	4.3435e-01	6.9141e-04	1.1755e-36	1.1755e-36	3.6570e-24	0.00e+00	0.00e+00	4.3291e-04
1.17719e+15	7.1580e+03	2.803e-21	2.7826e+01	3.0038e+01	4.8978e-13	6.2767e-03	9.9372e-01	1.9102e-02	9.7363e-01	7.2630e-03	4.3201e-16	5.1169e-04	2.6662e-01	7.3159e-01	1.2785e-03	3.9382e-03	5.6085e-01	4.3452e-01	6.8947e-04	1.1755e-36	1.1755e-36	3.6472e-24	0.00e+00	0.00e+00	2.1637e-03
5.10117e+15	7.1471e+03	2.798e-21	2.7826e+01	3.0037e+01	4.9325e-13	6.2747e-03	9.9373e-01	1.9132e-02	9.7366e-01	7.2131e-03	4.3220e-16	5.1155e-04	2.6692e-01	7.3130e-01	1.2737e-03	3.9383e-03	5.6092e-01	4.3446e-01	6.7977e-04	1.1755e-36	1.1755e-36	3.6398e-24	0.00e+00	0.00e+00	9.0847e-03
2.07971e+16	7.1271e+03	2.781e-21	2.7826e+01	3.0035e+01	5.0093e-13	6.2767e-03	9.9372e-01	1.9236e-02	9.7379e-01	6.9712e-03	4.3461e-16	5.1394e-04	2.6801e-01	7.3022e-01	1.2565e-03	3.9493e-03	5.6180e-01	4.3361e-01	6.4103e-04	1.1755e-36	1.1755e-36	3.6382e-24	0.00e+00	0.00e+00	3.6778e-02
4.96775e+16	7.0353e+03	2.727e-21	2.7826e+01	3.0037e+01	5.1823e-13	6.1842e-03	9.9382e-01	1.9367e-02	9.7384e-01	6.7888e-03	4.2199e-16	5.1213e-04	2.6948e-01	7.2877e-01	1.2407e-03	3.8898e-03	5.6087e-01	4.3465e-01	5.9667e-04	1.1755e-36	1.1755e-36	3.4264e-24	0.00e+00	0.00e+00	7.2248e-02
8.72221e+16	6.9454e+03	2.676e-21	2.7826e+01	3.0037e+01	5.4144e-13	6.1250e-03	9.9388e-01	1.9557e-02	9.7407e-01	6.3726e-03	4.1567e-16	5.1357e-04	2.7152e-01	7.2676e-01	1.2111e-03	3.8634e-03	5.6145e-01	4.3415e-01	5.3674e-04	1.1755e-36	1.1755e-36	3.2832e-24	0.00e+00	0.00e+00	1.1792e-01
1.36030e+17	6.8537e+03	2.624e-21	2.7826e+01	3.0036e+01	5.7264e-13	6.0942e-03	9.9391e-01	1.9823e-02	9.7444e-01	5.7366e-03	4.1488e-16	5.1805e-04	2.7429e-01	7.2402e-01	1.1678e-03	3.8685e-03	5.6371e-01	4.3196e-01	4.6271e-04	1.1755e-36	1.1755e-36	3.1910e-24	0.00e+00	0.00e+00	1.7699e-01
1.99481e+17	6.7582e+03	2.574e-21	2.7826e+01	3.0033e+01	6.1593e-13	6.0981e-03	9.9390e-01	2.0177e-02	9.7493e-01	4.8934e-03	4.1971e-16	5.2580e-04	2.7793e-01	7.2044e-01	1.1105e-03	3.8988e-03	5.6612e-01	4.2960e-01	3.7917e-04	1.1755e-36	1.1755e-36	3.1504e-24	0.00e+00	0.00e+00	2.5383e-01
2.81966e+17	6.6656e+03	2.523e-21	2.7826e+01	3.0028e+01	6.7363e-13	6.1521e-03	9.9385e-01	2.0680e-02	9.7543e-01	3.8950e-03	4.3716e-16	5.3925e-04	2.8305e-01	7.1538e-01	1.0396e-03	4.0016e-03	5.7381e-01	4.2190e-01	2.8725e-04	1.1755e-36	1.1755e-36	3.2123e-24	0.00e+00	0.00e+00	3.5462e-01
3.89197e+17	6.5791e+03	2.474e-21	2.7826e+01	3.0020e+01	7.5289e-13	6.2808e-03	9.9372e-01	2.1380e-02	9.7578e-01	2.8375e-03	4.7119e-16	5.6058e-04	2.9005e-01	7.0843e-01	9.5721e-04	4.1868e-03	5.8535e-01	4.1026e-01	1.9777e-04	1.1755e-36	1.1755e-36	3.4089e-24	0.00e+00	0.00e+00	4.8838e-01
5.28598e+17	6.5038e+03	2.432e-21	2.7826e+01	3.0013e+01	8.6821e-13	6.5301e-03	9.9347e-01	2.2384e-02	9.7577e-01	1.8497e-03	5.3477e-16	5.9388e-04	2.9982e-01	6.9872e-01	8.6561e-04	4.5008e-03	6.0177e-01	3.9361e-01	1.2024e-04	1.1755e-36	1.1755e-36	3.8524e-24	0.00e+00	0.00e+00	6.6917e-01
7.09818e+17	6.4631e+03	2.398e-21	2.7826e+01	2.9994e+01	1.0290e-12	6.9681e-03	9.9303e-01	2.3828e-02	9.7512e-01	1.0538e-03	6.5171e-16	6.4733e-04	3.1351e-01	6.8508e-01	7.6753e-04	5.0216e-03	6.2473e-01	3.7019e-01	6.2242e-05	1.1755e-36	1.1755e-36	4.7614e-24	0.00e+00	0.00e+00	9.1995e-01
9.34175e+17	6.4618e+03	2.383e-21	2.7826e+01	2.9964e+01	1.2697e-12	7.6941e-03	9.9231e-01	2.5903e-02	9.7357e-01	5.2656e-04	8.6932e-16	7.2807e-04	3.3222e-01	6.6639e-01	6.6523e-04	5.8612e-03	6.5479e-01	3.3932e-01	2.7249e-05	1.1755e-36	1.1755e-36	6.6204e-24	0.00e+00	0.00e+00	1.2496e+00
1.14039e+18	6.5123e+03	2.386e-21	2.7826e+01	2.9933e+01	1.5080e-12	8.5270e-03	9.9147e-01	2.7956e-02	9.7176e-01	2.8031e-04	1.1503e-15	8.1250e-04	3.4980e-01	6.4880e-01	5.8598e-04	6.8229e-03	6.8280e-01	3.1037e-01	1.2796e-05	1.1755e-36	1.1755e-36	9.2914e-24	0.00e+00	0.00e+00	1.5021e+00
1.28638e+18	6.5771e+03	2.409e-21	2.7826e+01	2.9905e+01	1.7332e-12	9.3432e-03	9.9066e-01	2.9787e-02	9.7003e-01	1.8291e-04	1.4724e-15	8.8912e-04	3.6463e-01	6.3395e-01	5.2960e-04	7.7621e-03	7.0512e-01	2.8711e-01	7.3904e-06	1.1755e-36	1.1755e-36	1.2633e-23	0.00e+00	0.00e+00	1.7047e+00
1.40429e+18	6.6376e+03	2.438e-21	2.7826e+01	2.9878e+01	1.9824e-12	1.0186e-02	9.8981e-01	3.1618e-02	9.6825e-01	1.3040e-04	1.8613e-15	9.6493e-04	3.7875e-01	6.1980e-01	4.8210e-04	8.7410e-03	7.2494e-01	2.6632e-01	4.6526e-06	1.1755e-36	1.1755e-36	1.6932e-23	0.00e+00	0.00e+00	1.9059e+00
1.53357e+18	6.7151e+03	2.475e-21	2.7826e+01	2.9840e+01	2.3439e-12	1.1335e-02	9.8867e-01	3.4100e-02	9.6581e-01	9.0115e-05	2.4949e-15	1.0645e-03	3.9685e-01	6.0165e-01	4.2804e-04	1.0098e-02	7.4834e-01	2.4155e-01	2.7215e-06	1.1755e-36	1.1755e-36	2.4424e-23	0.00e+00	0.00e+00	2.1969e+00
1.66542e+18	6.8113e+03	2.524e-21	2.7826e+01	2.9793e+01	2.8010e-12	1.2769e-02	9.8723e-01	3.6942e-02	9.6300e-01	6.2977e-05	3.4209e-15	1.1779e-03	4.1638e-01	5.8207e-01	3.7532e-04	1.1808e-02	7.7229e-01	2.1590e-01	1.5742e-06	1.1755e-36	1.1755e-36	3.6513e-23	0.00e+00	0.00e+00	2.4607e+00
1.76905e+18	6.8951e+03	2.572e-21	2.7826e+01	2.9746e+01	3.2921e-12	1.4197e-02	9.8580e-01	3.9654e-02	9.6030e-01	4.7939e-05	4.5180e-15	1.2824e-03	4.3383e-01	5.6456e-01	3.3314e-04	1.3531e-02	7.9188e-01	1.9459e-01	1.0045e-06	1.1755e-36	1.1755e-36	5.2149e-23	0.00e+00	0.00e+00	2.6844e+00
1.85474e+18	6.9705e+03	2.615e-21	2.7826e+01	2.9710e+01	3.8264e-12	1.5639e-02	9.8436e-01	4.2281e-02	9.5768e-01	3.8335e-05	5.8257e-15	1.3803e-03	4.5006e-01	5.4826e-01	2.9764e-04	1.5287e-02	8.0844e-01	1.7628e-01	6.7813e-07	1.1755e-36	1.1755e-36	7.2330e-23	0.00e+00	0.00e+00	2.9089e+00
1.94868e+18	7.0298e+03	2.668e-21	2.7826e+01	2.9635e+01	4.7024e-12	1.7590e-02	9.8241e-01	4.5982e-02	9.5399e-01	2.9762e-05	7.9253e-15	1.5082e-03	4.7081e-01	5.2743e-01	2.5759e-04	1.7685e-02	8.2676e-01	1.5555e-01	4.2641e-07	1.1755e-36	1.1755e-36	1.0679e-22	0.00e+00	0.00e+00	3.2371e+00
2.04856e+18	7.1137e+03	2.732e-21	2.7826e+01	2.9554e+01	5.9157e-12	2.0169e-02	9.7983e-01	5.0466e-02	9.4951e-01	2.3106e-05	1.1255e-14	1.6569e-03	4.9438e-01	5.0374e-01	2.1719e-04	2.0870e-02	8.4535e-01	1.3378e-01	2.5662e-07	1.1755e-36	1.1755e-36	1.6785e-22	0.00e+00	0.00e+00	3.5686e+00
2.13304e+18	7.1919e+03	2.794e-21	2.7826e+01	2.9491e+01	7.3882e-12	2.2985e-02	9.7701e-01	5.5038e-02	9.4494e-01	1.8774e-05	1.5692e-14	1.7994e-03	5.1680e-01	4.8122e-01	1.8360e-04	2.4361e-02	8.6040e-01	1.1524e-01	1.6198e-07	1.1755e-36	1.1755e-36	2.5880e-22	0.00e+00	0.00e+00	3.8731e+00
2.20529e+18	7.2398e+03	2.852e-21	2.7826e+01	2.9368e+01	9.2820e-12	2.6024e-02	9.7398e-01	6.0034e-02	9.3995e-01	1.5666e-05	2.1398e-14	1.9399e-03	5.3852e-01	4.5939e-01	1.5549e-04	2.8138e-02	8.7229e-01	9.9576e-02	1.1755e-36	1.1755e-36	1.1755e-36	3.8602e-22	0.00e+00	0.00e+00	4.1890e+00
2.28474e+18	7.2886e+03	2.914e-21	2.7826e+01	2.9240e+01	1.2331e-11	3.0241e-02	9.6976e-01	6.6739e-02	9.3325e-01	1.2764e-05	3.1184e-14	2.1127e-03	5.6545e-01	4.3231e-01	1.2577e-04	3.3394e-02	8.8383e-01	8.2778e-02	1.1755e-36	1.1755e-36	1.1755e-36	6.2855e-22	0.00e+00	0.00e+00	4.6662e+00
2.37148e+18	7.3413e+03	2.994e-21	2.7826e+01	2.9107e+01	1.7627e-11	3.6441e-02	9.6356e-01	7.5901e-02	9.2409e-01	1.0293e-05	4.9443e-14	2.3248e-03	5.9801e-01	3.9957e-01	9.5984e-05	4.1104e-02	8.9347e-01	6.5428e-02	1.1755e-36	1.1755e-36	1.1755e-36	1.1504e-21	0.00e+00	0.00e+00	5.2020e+00
2.44453e+18	7.3879e+03	3.061e-21	2.7826e+01	2.8905e+01	2.5058e-11	4.3708e-02	9.5629e-01	8.5926e-02	9.1407e-01	8.6353e-06	7.6837e-14	2.5217e-03	6.2875e-01	3.6866e-01	7.3173e-05	5.0119e-02	8.9824e-01	5.1646e-02	1.1755e-36	1.1755e-36	1.1755e-36	2.0614e-21	0.00e+00	0.00e+00	5.6814e+00
2.49973e+18	7.4285e+03	3.097e-21	2.7826e+01	2.8605e+01	3.3642e-11	5.0889e-02	9.4911e-01	9.5469e-02	9.0452e-01	7.5644e-06	1.1041e-13	2.6707e-03	6.5379e-01	3.4348e-01	5.7850e-05	5.9005e-02	8.9896e-01	4.2035e-02	1.1755e-36	1.1755e-36	1.1755e-36	3.3358e-21	0.00e+00	0.00e+00	6.1103e+00
2.54591e+18	7.4399e+03	3.129e-21	2.7826e+01	2.8351e+01	4.5151e-11	5.8698e-02	9.4130e-01	1.0547e-01	8.9452e-01	6.7263e-06	1.5533e-13	2.8086e-03	6.7716e-01	3.1999e-01	4.6025e-05	6.8628e-02	8.9685e-01	3.4525e-02	1.1755e-36	1.1755e-36	1.1755e-36	5.2545e-21	0.00e+00	0.00e+00	6.5679e+00
2.58944e+18	7.4622e+03	3.146e-21	2.7826e+01	2.8058e+01	6.0651e-11	6.7935e-02	9.3207e-01	1.1672e-01	8.8328e-01	6.0194e-06	2.1997e-13	2.9389e-03	7.0046e-01	2.9657e-01	3.6160e-05	7.9960e-02	8.9201e-01	2.8034e-02	1.1755e-36	1.1755e-36	1.1755e-36	8.3848e-21	0.00e+00	0.00e+00	7.0777e+00
2.63041e+18	7.4658e+03	3.156e-21	2.7826e+01	2.7714e+01	8.3788e-11	7.9195e-02	9.2081e-01	1.2965e-01	8.7034e-01	5.4110e-06	3.1639e-13	3.0631e-03	7.2395e-01	2.7296e-01	2.7920e-05	9.3694e-02	8.8385e-01	2.2451e-02	1.1755e-36	1.1755e-36	1.1755e-36	1.3691e-20	0.00e+00	0.00e+00	7.6234e+00
2.66692e+18	7.4607e+03	3.152e-21	2.7826e+01	2.7321e+01	1.1625e-10	9.2212e-02	9.0779e-01	1.4361e-01	8.5639e-01	4.9187e-06	4.5322e-13	3.1700e-03	7.4613e-01	2.5067e-01	2.1491e-05	1.0947e-01	8.7261e-01	1.7926e-02	1.1755e-36	1.1755e-36	1.1755e-36	2.2308e-20	0.00e+00	0.00e+00	8.1710e+00
2.69835e+18	7.4532e+03	3.138e-21	2.7826e+01	2.6940e+01	1.5953e-10	1.0668e-01	8.9332e-01	1.5807e-01	8.4193e-01	4.5260e-06	6.4021e-13	3.2609e-03	7.6643e-01	2.3029e-01	1.6635e-05	1.2687e-01	8.5875e-01	1.4378e-02	1.1755e-36	1.1755e-36	1.1755e-36	3.5823e-20	0.00e+00	0.00e+00	8.7156e+00
2.72573e+18	7.4449e+03	3.105e-21	2.7826e+01	2.6478e+01	2.1546e-10	1.2234e-01	8.7766e-01	1.7283e-01	8.2716e-01	4.2046e-06	8.8457e-13	3.3240e-03	7.8451e-01	2.1215e-01	1.3014e-05	1.4556e-01	8.4283e-01	1.1612e-02	1.1755e-36	1.1755e-36	1.1755e-36	5.5939e-20	0.00e+00	0.00e+00	9.2682e+00
2.75060e+18	7.4315e+03	3.056e-21	2.7826e+01	2.5958e+01	2.9078e-10	1.3989e-01	8.6011e-01	1.8846e-01	8.1154e-01	3.9254e-06	1.2149e-12	3.3678e-03	8.0139e-01	1.9524e-01	1.0182e-05	1.6633e-01	8.2431e-01	9.3635e-03	1.1755e-36	1.1755e-36	1.1755e-36	8.6847e-20	0.00e+00	0.00e+00	9.8590e+00
2.77391e+18	7.4124e+03	2.990e-21	2.7826e+01	2.5364e+01	3.9606e-10	1.6017e-01	8.3983e-01	2.0536e-01	7.9464e-01	3.6771e-06	1.6760e-12	3.3928e-03	8.1752e-01	1.7908e-01	7.9121e-06	1.9009e-01	8.0242e-01	7.4868e-03	1.1755e-36	1.1755e-36	1.1755e-36	1.3609e-19	0.00e+00	0.00e+00	1.0495e+01
2.79554e+18	7.3868e+03	2.907e-21	2.7826e+01	2.4685e+01	5.4308e-10	1.8332e-01	8.1668e-01	2.2325e-01	7.7675e-01	3.4612e-06	2.3139e-12	3.3958e-03	8.3263e-01	1.6397e-01	6.1287e-06	2.1693e-01	7.7713e-01	5.9481e-03	1.1755e-36	1.1755e-36	1.1755e-36	2.1420e-19	0.00e+00	0.00e+00	1.1160e+01
2.81519e+18	7.3558e+03	2.807e-21	2.7826e+01	2.3932e+01	7.4334e-10	2.0893e-01	7.9107e-01	2.4160e-01	7.5839e-01	3.2782e-06	3.1701e-12	3.3757e-03	8.4641e-01	1.5021e-01	4.7647e-06	2.4627e-01	7.4901e-01	4.7204e-03	1.1755e-36	1.1755e-36	1.1755e-36	3.3473e-19	0.00e+00	0.00e+00	1.1845e+01
2.83307e+18	7.3256e+03	2.685e-21	2.7826e+01	2.3037e+01	1.0033e-09	2.3614e-01	7.6386e-01	2.5972e-01	7.4028e-01	3.1305e-06	4.2536e-12	3.3209e-03	8.5848e-01	1.3820e-01	3.7473e-06	2.7704e-01	7.1920e-01	3.7606e-03	1.1755e-36	1.1755e-36	1.1755e-36	5.0884e-19	0.00e+00	0.00e+00	1.2555e+01
2.84991e+18	7.2885e+03	2.553e-21	2.7826e+01	2.2132e+01	1.3645e-09	2.6673e-01	7.3327e-01	2.7899e-01	7.2100e-01	2.9919e-06	5.7442e-12	3.2567e-03	8.7006e-01	1.2668e-01	2.9325e-06	3.1115e-01	6.8588e-01	2.9710e-03	1.1755e-36	1.1755e-36	1.1755e-36	7.8474e-19	0.00e+00	0.00e+00	1.3331e+01
2.86597e+18	7.2255e+03	2.408e-21	2.7826e+01	2.1134e+01	1.8989e-09	3.0128e-01	6.9872e-01	2.9907e-01	7.0093e-01	2.8737e-06	7.7999e-12	3.1716e-03	8.8102e-01	1.1581e-01	2.2848e-06	3.4909e-01	6.4859e-01	2.3243e-03	1.1755e-36	1.1755e-36	1.1755e-36	1.2247e-18	0.00e+00	0.00e+00	1.4154e+01
2.88032e+18	7.1738e+03	2.255e-21	2.7826e+01	2.0095e+01	2.5726e-09	3.3656e-01	6.6344e-01	3.1764e-01	6.8235e-01	2.7931e-06	1.0341e-11	3.0657e-03	8.9034e-01	1.0660e-01	1.8134e-06	3.8720e-01	6.1097e-01	1.8335e-03	1.1755e-36	1.1755e-36	1.1755e-36	1.8579e-18	0.00e+00	0.00e+00	1.4933e+01
2.89200e+18	7.1081e+03	2.119e-21	2.7826e+01	1.9156e+01	3.3850e-09	3.6915e-01	6.3085e-01	3.3364e-01	6.6636e-01	2.7360e-06	1.3164e-11	2.9627e-03	8.9775e-01	9.9288e-02	1.4908e-06	4.2184e-01	5.7667e-01	1.4908e-03	1.1755e-36	1.1755e-36	1.1755e-36	2.6652e-18	0.00e+00	0.00e+00	1.5593e+01
2.90125e+18	7.0478e+03	2.005e-21	2.7826e+01	1.8383e+01	4.2507e-09	3.9723e-01	6.0277e-01	3.4694e-01	6.5305e-01	2.6965e-06	1.6040e-11	2.8735e-03	9.0360e-01	9.3527e-02	1.2695e-06	4.5128e-01	5.4746e-01	1.2540e-03	1.1755e-36	1.1755e-36	1.1755e-36	3.5953e-18	0.00e+00	0.00e+00	1.6173e+01
2.90936e+18	7.0012e+03	1.895e-21	2.7826e+01	1.7622e+01	5.1444e-09	4.2196e-01	5.7804e-01	3.5865e-01	6.4135e-01	2.6681e-06	1.8892e-11	2.7794e-03	9.0838e-01	8.8838e-02	1.1056e-06	4.7690e-01	5.2203e-01	1.0757e-03	1.1755e-36	1.1755e-36	1.1755e-36	4.6134e-18	0.00e+00	0.00e+00	1.6759e+01
2.91697e+18	6.9368e+03	1.793e-21	2.7826e+01	1.6910e+01	6.2773e-09	4.4698e-01	5.5302e-01	3.7012e-01	6.2988e-01	2.6436e-06	2.2223e-11	2.6908e-03	9.1293e-01	8.4375e-02	9.6645e-07	5.0251e-01	4.9656e-01	9.2558e-04	1.1755e-36	1.1755e-36	1.1755e-36	5.9281e-18	0.00e+00	0.00e+00	1.7334e+01
2.92411e+18	6.8742e+03	1.696e-21	2.7826e+01	1.6235e+01	7.5858e-09	4.7136e-01	5.2864e-01	3.8127e-01	6.1873e-01	2.6217e-06	2.5937e-11	2.6043e-03	9.1714e-01	8.0252e-02	8.5010e-07	5.2720e-01	4.7200e-01	7.9997e-04	1.1755e-36	1.1755e-36	1.1755e-36	7.5495e-18	0.00e+00	0.00e+00	1.7910e+01
2.93094e+18	6.8126e+03	1.600e-21	2.7826e+01	1.5553e+01	9.0869e-09	4.9484e-01	5.0516e-01	3.9176e-01	6.0824e-01	2.6091e-06	2.9946e-11	2.5139e-03	9.2096e-01	7.6522e-02	7.5298e-07	5.5072e-01	4.4858e-01	6.9451e-04	1.1755e-36	1.1755e-36	1.1755e-36	9.4779e-18	0.00e+00	0.00e+00	1.8492e+01
2.93733e+18	6.7490e+03	1.510e-21	2.7826e+01	1.4900e+01	1.0809e-08	5.1725e-01	4.8275e-01	4.0156e-01	5.9843e-01	2.6019e-06	3.4253e-11	2.4254e-03	9.2441e-01	7.3164e-02	6.7232e-07	5.7294e-01	4.2646e-01	6.0685e-04	1.1755e-36	1.1755e-36	1.1755e-36	1.1761e-17	0.00e+00	0.00e+00	1.9047e+01
2.94230e+18	6.7155e+03	1.441e-21	2.7826e+01	1.4374e+01	1.2177e-08	5.3417e-01	4.6583e-01	4.0809e-01	5.9190e-01	2.6124e-06	3.7728e-11	2.3507e-03	9.2671e-01	7.0934e-02	6.1957e-07	5.8954e-01	4.0991e-01	5.4716e-04	1.1755e-36	1.1755e-36	1.1755e-36	1.3776e-17	0.00e+00	0.00e+00	1.9407e+01
2.94568e+18	6.6730e+03	1.396e-21	2.7826e+01	1.4040e+01	1.3440e-08	5.4635e-01	4.5365e-01	4.1345e-01	5.8654e-01	2.6085e-06	4.0595e-11	2.3052e-03	9.2849e-01	6.9208e-02	5.8346e-07	6.0144e-01	3.9805e-01	5.0866e-04	1.1755e-36	1.1755e-36	1.1755e-36	1.5544e-17	0.00e+00	0.00e+00	1.9687e+01
2.94866e+18	6.6439e+03	1.354e-21	2.7826e+01	1.3733e+01	1.4525e-08	5.5652e-01	4.4348e-01	4.1805e-01	5.8195e-01	2.6097e-06	4.3068e-11	2.2617e-03	9.3001e-01	6.7729e-02	5.5364e-07	6.1131e-01	3.8821e-01	4.7716e-04	1.1755e-36	1.1755e-36	1.1755e-36	1.7135e-17	0.00e+00	0.00e+00	1.9985e+01
2.95208e+18	6.5955e+03	1.308e-21	2.7826e+01	1.3385e+01	1.6092e-08	5.6857e-01	4.3143e-01	4.2395e-01	5.7605e-01	2.6024e-06	4.6295e-11	2.2136e-03	9.3186e-01	6.5930e-02	5.1987e-07	6.2299e-01	3.7657e-01	4.4264e-04	1.1755e-36	1.1755e-36	1.1755e-36	1.9319e-17	0.00e+00	0.00e+00	2.0364e+01
2.95592e+18	6.5478e+03	1.256e-21	2.7826e+01	1.2997e+01	1.7947e-08	5.8198e-01	4.1802e-01	4.3016e-01	5.6983e-01	2.6003e-06	5.0122e-11	2.1587e-03	9.3380e-01	6.4046e-02	4.8545e-07	6.3586e-01	3.6373e-01	4.0689e-04	1.1755e-36	1.1755e-36	1.1755e-36	2.2087e-17	0.00e+00	0.00e+00	2.0761e+01
2.95969e+18	6.5004e+03	1.207e-21	2.7826e+01	1.2619e+01	1.9974e-08	5.9505e-01	4.0495e-01	4.3615e-01	5.6385e-01	2.6008e-06	5.4163e-11	2.1045e-03	9.3563e-01	6.2264e-02	4.5424e-07	6.4835e-01	3.5127e-01	3.7447e-04	1.1755e-36	1.1755e-36	1.1755e-36	2.5214e-17	0.00e+00	0.00e+00	2.1142e+01
2.96324e+18	6.4448e+03	1.162e-21	2.7826e+01	1.2274e+01	2.2327e-08	6.0772e-01	3.9228e-01	4.4224e-01	5.5775e-01	2.5959e-06	5.8547e-11	2.0556e-03	9.3742e-01	6.0527e-02	4.2583e-07	6.6040e-01	3.3925e-01	3.4567e-04	1.1755e-36	1.1755e-36	1.1755e-36	2.8855e-17	0.00e+00	0.00e+00	2.1512e+01
2.96662e+18	6.4052e+03	1.119e-21	2.7826e+01	1.1930e+01	2.4458e-08	6.1886e-01	3.8114e-01	4.4734e-01	5.5266e-01	2.6024e-06	6.2494e-11	2.0051e-03	9.3894e-01	5.9051e-02	4.0188e-07	6.7092e-01	3.2876e-01	3.2103e-04	1.1755e-36	1.1755e-36	1.1755e-36	3.2338e-17	0.00e+00	0.00e+00	2.1869e+01
2.97005e+18	6.3502e+03	1.076e-21	2.7826e+01	1.1592e+01	2.7213e-08	6.3057e-01	3.6943e-01	4.5322e-01	5.4678e-01	2.6003e-06	6.7191e-11	1.9563e-03	9.4060e-01	5.7444e-02	3.7776e-07	6.8194e-01	3.1776e-01	2.9716e-04	1.1755e-36	1.1755e-36	1.1755e-36	3.6767e-17	0.00e+00	0.00e+00	2.2266e+01
2.97361e+18	6.2946e+03	1.034e-21	2.7826e+01	1.1256e+01	3.0368e-08	6.4269e-01	3.5731e-01	4.5932e-01	5.4068e-01	2.5978e-06	7.2541e-11	1.9073e-03	9.4228e-01	5.5815e-02	3.5434e-07	6.9329e-01	3.0643e-01	2.7406e-04	1.1755e-36	1.1755e-36	1.1755e-36	4.2186e-17	0.00e+00	0.00e+00	2.2666e+01
2.97709e+18	6.2430e+03	9.930e-22	2.7826e+01	1.0923e+01	3.3665e-08	6.5403e-01	3.4597e-01	4.6496e-01	5.3504e-01	2.6006e-06	7.7894e-11	1.8579e-03	9.4382e-01	5.4321e-02	3.3348e-07	7.0385e-01	2.9590e-01	2.5353e-04	1.1755e-36	1.1755e-36	1.1755e-36	4.8021e-17	0.00e+00	0.00e+00	2.3057e+01
2.98053e+18	6.1885e+03	9.535e-22	2.7826e+01	1.0598e+01	3.7385e-08	6.6513e-01	3.3487e-01	4.7073e-01	5.2927e-01	2.6017e-06	8.3684e-11	1.8098e-03	9.4535e-01	5.2842e-02	3.1384e-07	7.1413e-01	2.8564e-01	2.3459e-04	1.1755e-36	1.1755e-36	1.1755e-36	5.4802e-17	0.00e+00	0.00e+00	2.3464e+01
2.98402e+18	6.1342e+03	9.147e-22	2.7826e+01	1.0277e+01	4.1519e-08	6.7614e-01	3.2386e-01	4.7656e-01	5.2344e-01	2.6032e-06	8.9992e-11	1.7618e-03	9.4686e-01	5.1380e-02	2.9522e-07	7.2428e-01	2.7550e-01	2.1681e-04	1.1755e-36	1.1755e-36	1.1755e-36	6.2751e-17	0.00e+00	0.00e+00	2.3879e+01
2.98752e+18	6.0766e+03	8.768e-22	2.7826e+01	9.9569e+00	4.6235e-08	6.8697e-01	3.1303e-01	4.8241e-01	5.1758e-01	2.6050e-06	9.6841e-11	1.7139e-03	9.4834e-01	4.9951e-02	2.7775e-07	7.3420e-01	2.6560e-01	2.0037e-04	1.1755e-36	1.1755e-36	1.1755e-36	7.2094e-17	0.00e+00	0.00e+00	2.4303e+01
2.99099e+18	6.0140e+03	8.406e-22	2.7826e+01	9.6444e+00	5.1694e-08	6.9752e-01	3.0248e-01	4.8827e-01	5.1172e-01	2.6060e-06	1.0434e-10	1.6669e-03	9.4977e-01	4.8558e-02	2.6146e-07	7.4385e-01	2.5596e-01	1.8528e-04	1.1755e-36	1.1755e-36	1.1755e-36	8.3215e-17	0.00e+00	0.00e+00	2.4725e+01
2.99435e+18	5.9537e+03	8.072e-22	2.7826e+01	9.3587e+00	5.7580e-08	7.0761e-01	2.9239e-01	4.9411e-01	5.0589e-01	2.6042e-06	1.1241e-10	1.6237e-03	9.5115e-01	4.7223e-02	2.4656e-07	7.5303e-01	2.4680e-01	1.7170e-04	1.1755e-36	1.1755e-36	1.1755e-36	9.6152e-17	0.00e+00	0.00e+00	2.5130e+01
2.99757e+18	5.9046e+03	7.756e-22	2.7826e+01	9.0840e+00	6.3204e-08	7.1667e-01	2.8333e-01	4.9942e-01	5.0058e-01	2.6074e-06	1.2014e-10	1.5816e-03	9.5241e-01	4.6012e-02	2.3335e-07	7.6123e-01	2.3861e-01	1.5977e-04	1.1755e-36	1.1755e-36	1.1755e-36	1.0945e-16	0.00e+00	0.00e+00	2.5531e+01
3.00096e+18	5.8410e+03	7.434e-22	2.7826e+01	8.8002e+00	7.0554e-08	7.2618e-01	2.7382e-01	5.0541e-01	4.9459e-01	2.6058e-06	1.2957e-10	1.5383e-03	9.5375e-01	4.4708e-02	2.1991e-07	7.6980e-01	2.3005e-01	1.4804e-04	1.1755e-36	1.1755e-36	1.1755e-36	1.2711e-16	0.00e+00	0.00e+00	2.5989e+01
3.00447e+18	5.7723e+03	7.120e-22	2.7826e+01	8.5224e+00	7.9381e-08	7.3608e-01	2.6392e-01	5.1175e-01	4.8824e-01	2.6003e-06	1.4086e-10	1.4961e-03	9.5512e-01	4.3384e-02	2.0684e-07	7.7869e-01	2.2118e-01	1.3670e-04	1.1755e-36	1.1755e-36	1.1755e-36	1.5017e-16	0.00e+00	0.00e+00	2.6433e+01
3.00773e+18	5.7119e+03	6.836e-22	2.7826e+01	8.2600e+00	8.8085e-08	7.4461e-01	2.5539e-01	5.1716e-01	4.8284e-01	2.6024e-06	1.5158e-10	1.4555e-03	9.5629e-01	4.2251e-02	1.9583e-07	7.8632e-01	2.1355e-01	1.2719e-04	1.1755e-36	1.1755e-36	1.1755e-36	1.7416e-16	0.00e+00	0.00e+00	2.6838e+01
3.01085e+18	5.6475e+03	6.576e-22	2.7826e+01	8.0217e+00	9.8020e-08	7.5274e-01	2.4726e-01	5.2283e-01	4.7717e-01	2.5970e-06	1.6360e-10	1.4190e-03	9.5745e-01	4.1132e-02	1.8555e-07	7.9357e-01	2.0631e-01	1.1863e-04	1.1755e-36	1.1755e-36	1.1755e-36	2.0333e-16	0.00e+00	0.00e+00	2.7252e+01
3.01396e+18	5.5838e+03	6.326e-22	2.7826e+01	7.7896e+00	1.0897e-07	7.6060e-01	2.3940e-01	5.2844e-01	4.7155e-01	2.5918e-06	1.7676e-10	1.3832e-03	9.5857e-01	4.0048e-02	1.7591e-07	8.0056e-01	1.9933e-01	1.1070e-04	1.1755e-36	1.1755e-36	1.1755e-36	2.3804e-16	0.00e+00	0.00e+00	2.7665e+01
3.01704e+18	5.5197e+03	6.086e-22	2.7826e+01	7.5655e+00	1.2111e-07	7.6815e-01	2.3185e-01	5.3405e-01	4.6595e-01	2.5859e-06	1.9124e-10	1.3485e-03	9.5965e-01	3.8998e-02	1.6686e-07	8.0725e-01	1.9265e-01	1.0339e-04	1.1755e-36	1.1755e-36	1.1755e-36	2.7955e-16	0.00e+00	0.00e+00	2.8080e+01
3.02011e+18	5.4519e+03	5.858e-22	2.7826e+01	7.3515e+00	1.3522e-07	7.7563e-01	2.2437e-01	5.3989e-01	4.6011e-01	2.5754e-06	2.0801e-10	1.3156e-03	9.6073e-01	3.7952e-02	1.5823e-07	8.1385e-01	1.8606e-01	9.6539e-05	1.1755e-36	1.1755e-36	1.1755e-36	3.3198e-16	0.00e+00	0.00e+00	2.8497e+01
3.02311e+18	5.3889e+03	5.641e-22	2.7826e+01	7.1411e+00	1.4984e-07	7.8244e-01	2.1756e-01	5.4523e-01	4.5477e-01	2.5706e-06	2.2523e-10	1.2827e-03	9.6172e-01	3.6998e-02	1.5046e-07	8.1985e-01	1.8006e-01	9.0425e-05	1.1755e-36	1.1755e-36	1.1755e-36	3.9077e-16	0.00e+00	0.00e+00	2.8902e+01
3.02609e+18	5.3203e+03	5.435e-22	2.7826e+01	6.9451e+00	1.6720e-07	7.8929e-01	2.1071e-01	5.5105e-01	4.4895e-01	2.5574e-06	2.4586e-10	1.2525e-03	9.6273e-01	3.6022e-02	1.4290e-07	8.2585e-01	1.7406e-01	8.4642e-05	1.1755e-36	1.1755e-36	1.1755e-36	4.6736e-16	0.00e+00	0.00e+00	2.9319e+01
3.02904e+18	5.2537e+03	5.238e-22	2.7826e+01	6.7519e+00	1.8597e-07	7.9575e-01	2.0425e-01	5.5658e-01	4.4342e-01	2.5473e-06	2.6815e-10	1.2224e-03	9.6367e-01	3.5106e-02	1.3594e-07	8.3151e-01	1.6842e-01	7.9351e-05	1.1755e-36	1.1755e-36	1.1755e-36	5.5799e-16	0.00e+00	0.00e+00	2.9725e+01
3.03193e+18	5.1871e+03	5.053e-22	2.7826e+01	6.5684e+00	2.0665e-07	8.0187e-01	1.9813e-01	5.6208e-01	4.3791e-01	2.5356e-06	2.9288e-10	1.1938e-03	9.6458e-01	3.4225e-02	1.2946e-07	8.3685e-01	1.6307e-01	7.4514e-05	1.1755e-36	1.1755e-36	1.1755e-36	6.6765e-16	0.00e+00	0.00e+00	3.0129e+01
3.03480e+18	5.1196e+03	4.875e-22	2.7826e+01	6.3907e+00	2.2973e-07	8.0779e-01	1.9221e-01	5.6761e-01	4.3239e-01	2.5226e-06	3.2073e-10	1.1661e-03	9.6547e-01	3.3368e-02	1.1755e-36	8.4201e-01	1.5792e-01	7.0008e-05	1.1755e-36	1.1755e-36	1.1755e-36	8.0260e-16	0.00e+00	0.00e+00	3.0537e+01
3.03767e+18	5.0466e+03	4.705e-22	2.7826e+01	6.2169e+00	2.5696e-07	8.1359e-01	1.8641e-01	5.7326e-01	4.2674e-01	2.5069e-06	3.5360e-10	1.1392e-03	9.6633e-01	3.2529e-02	1.1755e-36	8.4707e-01	1.5287e-01	6.5789e-05	1.1755e-36	1.1755e-36	1.1755e-36	9.7758e-16	0.00e+00	0.00e+00	3.0945e+01
3.04044e+18	4.9833e+03	4.545e-22	2.7826e+01	6.0543e+00	2.8358e-07	8.1892e-01	1.8108e-01	5.7850e-01	4.2150e-01	2.4946e-06	3.8496e-10	1.1136e-03	9.6715e-01	3.1732e-02	1.1755e-36	8.5168e-01	1.4826e-01	6.1994e-05	1.1755e-36	1.1755e-36	1.1755e-36	1.1592e-15	0.00e+00	0.00e+00	3.1334e+01
3.04323e+18	4.9061e+03	4.390e-22	2.7826e+01	5.8933e+00	3.1777e-07	8.2431e-01	1.7569e-01	5.8425e-01	4.1574e-01	2.4744e-06	4.1660e-10	1.0890e-03	9.6807e-01	3.0836e-02	1.1755e-36	8.5636e-01	1.4358e-01	5.8363e-05	1.1755e-36	1.1755e-36	1.1755e-36	1.3602e-15	0.00e+00	0.00e+00	3.1750e+01
3.04600e+18	4.8354e+03	4.243e-22	2.7826e+01	5.7379e+00	3.5285e-07	8.2941e-01	1.7059e-01	5.8965e-01	4.1035e-01	2.4580e-06	4.4868e-10	1.0650e-03	9.6893e-01	3.0002e-02	1.1755e-36	8.6076e-01	1.3918e-01	5.5017e-05	1.1755e-36	1.1755e-36	1.1755e-36	1.5804e-15	0.00e+00	0.00e+00	3.2139e+01
3.04868e+18	4.7644e+03	4.105e-22	2.7826e+01	5.5914e+00	3.9115e-07	8.3422e-01	1.6578e-01	5.9504e-01	4.0495e-01	2.4393e-06	4.8242e-10	1.0424e-03	9.6976e-01	2.9194e-02	1.1755e-36	8.6491e-01	1.3504e-01	5.1963e-05	1.1755e-36	1.1755e-36	1.1755e-36	1.8296e-15	0.00e+00	0.00e+00	3.2533e+01
3.05140e+18	4.6909e+03	3.969e-22	2.7826e+01	5.4465e+00	4.3424e-07	8.3898e-01	1.6102e-01	6.0057e-01	3.9943e-01	2.4189e-06	5.1909e-10	1.0201e-03	9.7059e-01	2.8388e-02	1.1755e-36	8.6900e-01	1.3095e-01	4.9044e-05	1.1755e-36	1.1755e-36	1.1755e-36	2.1214e-15	0.00e+00	0.00e+00	3.2937e+01
3.05415e+18	4.6157e+03	3.837e-22	2.7826e+01	5.3031e+00	4.8210e-07	8.4367e-01	1.5633e-01	6.0617e-01	3.9382e-01	2.3974e-06	5.5839e-10	9.9813e-04	9.7141e-01	2.7589e-02	1.1755e-36	8.7303e-01	1.2692e-01	4.6258e-05	1.1755e-36	1.1755e-36	1.1755e-36	2.4579e-15	0.00e+00	0.00e+00	3.3347e+01
3.05692e+18	4.5399e+03	3.708e-22	2.7826e+01	5.1595e+00	5.3370e-07	8.4814e-01	1.5186e-01	6.1170e-01	3.8830e-01	2.3771e-06	5.9879e-10	9.7601e-04	9.7221e-01	2.6811e-02	1.1755e-36	8.7690e-01	1.2305e-01	4.3634e-05	1.1755e-36	1.1755e-36	1.1755e-36	2.8294e-15	0.00e+00	0.00e+00	3.3762e+01
3.05976e+18	4.4641e+03	3.580e-22	2.7826e+01	5.0189e+00	5.8938e-07	8.5265e-01	1.4735e-01	6.1741e-01	3.8259e-01	2.3547e-06	6.4150e-10	9.5438e-04	9.7301e-01	2.6032e-02	1.1755e-36	8.8074e-01	1.1922e-01	4.1115e-05	1.1755e-36	1.1755e-36	1.1755e-36	3.2484e-15	0.00e+00	0.00e+00	3.4193e+01
3.06272e+18	4.3791e+03	3.452e-22	2.7826e+01	4.8777e+00	6.5527e-07	8.5738e-01	1.4262e-01	6.2369e-01	3.7630e-01	2.3258e-06	6.8948e-10	9.3310e-04	9.7386e-01	2.5210e-02	1.1755e-36	8.8478e-01	1.1518e-01	3.8593e-05	1.1755e-36	1.1755e-36	1.1755e-36	3.7522e-15	0.00e+00	0.00e+00	3.4653e+01
3.06576e+18	4.2930e+03	3.326e-22	2.7826e+01	4.7311e+00	7.2427e-07	8.6191e-01	1.3809e-01	6.2974e-01	3.7026e-01	2.3011e-06	7.3622e-10	9.1076e-04	9.7467e-01	2.4421e-02	1.1755e-36	8.8865e-01	1.1131e-01	3.6222e-05	1.1755e-36	1.1755e-36	1.1755e-36	4.2770e-15	0.00e+00	0.00e+00	3.5112e+01
3.06887e+18	4.2021e+03	3.202e-22	2.7826e+01	4.5914e+00	7.9999e-07	8.6660e-01	1.3340e-01	6.3638e-01	3.6362e-01	2.2681e-06	7.8532e-10	8.9002e-04	9.7551e-01	2.3602e-02	1.1755e-36	8.9265e-01	1.0732e-01	3.3899e-05	1.1755e-36	1.1755e-36	1.1755e-36	4.8588e-15	0.00e+00	0.00e+00	3.5596e+01
3.07214e+18	4.1049e+03	3.076e-22	2.7826e+01	4.4437e+00	8.8024e-07	8.7131e-01	1.2869e-01	6.4318e-01	3.5682e-01	2.2354e-06	8.3221e-10	8.6810e-04	9.7636e-01	2.2776e-02	1.1755e-36	8.9665e-01	1.0331e-01	3.1636e-05	1.1755e-36	1.1755e-36	1.1755e-36	5.4434e-15	0.00e+00	0.00e+00	3.6111e+01
3.07567e+18	3.9993e+03	2.945e-22	2.7826e+01	4.2892e+00	9.6467e-07	8.7624e-01	1.2376e-01	6.5056e-01	3.4944e-01	2.1985e-06	8.7632e-10	8.4539e-04	9.7725e-01	2.1908e-02	1.1755e-36	9.0085e-01	9.9122e-02	2.9354e-05	1.1755e-36	1.1755e-36	1.1755e-36	6.0116e-15	0.00e+00	0.00e+00	3.6679e+01
