#depth	Te	Htot	hden	eden	2H_2/H	HI	HII	HeI	HeII	HeIII	CO/C	C1	C2	C3	C4	O1	O2	O3	O4	O5	O6	H2O/O	AV(point)	AV(extend)	Tau912
1.96086e+14	6.4033e+03	2.286e-21	2.7826e+01	3.0187e+01	5.7479e-15	1.2257e-03	9.9877e-01	1.0615e-02	9.8848e-01	9.0389e-04	1.3903e-18	5.3352e-05	1.6554e-01	8.3397e-01	4.4047e-04	5.7490e-04	5.1835e-01	4.8089e-01	1.8759e-04	1.1755e-36	1.1755e-36	7.9746e-27	0.00e+00	0.00e+00	8.4442e-05
1.17651e+15	6.4022e+03	2.285e-21	2.7826e+01	3.0185e+01	5.7505e-15	1.2254e-03	9.9877e-01	1.0615e-02	9.8848e-01	9.0308e-04	1.3892e-18	5.3308e-05	1.6553e-01	8.3397e-01	4.4147e-04	5.7469e-04	5.1828e-01	4.8095e-01	1.8693e-04	1.1755e-36	1.1755e-36	7.9653e-27	0.00e+00	0.00e+00	4.2214e-04
5.09823e+15	6.3997e+03	2.284e-21	2.7826e+01	3.0184e+01	5.7583e-15	1.2250e-03	9.9877e-01	1.0617e-02	9.8849e-01	8.9691e-04	1.3886e-18	5.3244e-05	1.6557e-01	8.3394e-01	4.4081e-04	5.7471e-04	5.1842e-01	4.8082e-01	1.8412e-04	1.1755e-36	1.1755e-36	7.9554e-27	0.00e+00	0.00e+00	1.7725e-03
2.07851e+16	6.3918e+03	2.281e-21	2.7826e+01	3.0184e+01	5.7956e-15	1.2251e-03	9.9877e-01	1.0635e-02	9.8850e-01	8.6532e-04	1.3925e-18	5.3219e-05	1.6582e-01	8.3369e-01	4.3743e-04	5.7590e-04	5.1919e-01	4.8007e-01	1.7324e-04	1.1755e-36	1.1755e-36	7.9586e-27	0.00e+00	0.00e+00	7.1741e-03
4.96489e+16	6.3703e+03	2.268e-21	2.7826e+01	3.0184e+01	5.8314e-15	1.2191e-03	9.9878e-01	1.0623e-02	9.8853e-01	8.4467e-04	1.3777e-18	5.2874e-05	1.6576e-01	8.3375e-01	4.3383e-04	5.7474e-04	5.2001e-01	4.7925e-01	1.5862e-04	1.1755e-36	1.1755e-36	7.8057e-27	0.00e+00	0.00e+00	1.4162e-02
8.71718e+16	6.3443e+03	2.254e-21	2.7826e+01	3.0184e+01	5.8939e-15	1.2141e-03	9.9879e-01	1.0625e-02	9.8858e-01	7.9340e-04	1.3669e-18	5.2702e-05	1.6590e-01	8.3362e-01	4.2758e-04	5.7475e-04	5.2134e-01	4.7794e-01	1.4094e-04	1.1755e-36	1.1755e-36	7.6639e-27	0.00e+00	0.00e+00	2.3209e-02
1.35952e+17	6.3152e+03	2.238e-21	2.7826e+01	3.0184e+01	5.9742e-15	1.2094e-03	9.9879e-01	1.0639e-02	9.8865e-01	7.1354e-04	1.3590e-18	5.2618e-05	1.6619e-01	8.3334e-01	4.1886e-04	5.7564e-04	5.2319e-01	4.7611e-01	1.2048e-04	1.1755e-36	1.1755e-36	7.5294e-27	0.00e+00	0.00e+00	3.4925e-02
1.99365e+17	6.2793e+03	2.221e-21	2.7826e+01	3.0184e+01	6.0907e-15	1.2054e-03	9.9879e-01	1.0672e-02	9.8872e-01	6.0674e-04	1.3547e-18	5.2626e-05	1.6673e-01	8.3281e-01	4.0739e-04	5.7797e-04	5.2581e-01	4.7352e-01	9.7875e-05	1.1755e-36	1.1755e-36	7.3922e-27	0.00e+00	0.00e+00	5.0104e-02
2.81803e+17	6.2432e+03	2.199e-21	2.7826e+01	3.0183e+01	6.2154e-15	1.2013e-03	9.9880e-01	1.0721e-02	9.8880e-01	4.8015e-04	1.3547e-18	5.2733e-05	1.6749e-01	8.3206e-01	3.9370e-04	5.8154e-04	5.2922e-01	4.7012e-01	7.4453e-05	1.1755e-36	1.1755e-36	7.2753e-27	0.00e+00	0.00e+00	6.9771e-02
3.88973e+17	6.1996e+03	2.176e-21	2.7826e+01	3.0183e+01	6.3881e-15	1.1986e-03	9.9880e-01	1.0802e-02	9.8885e-01	3.4611e-04	1.3613e-18	5.3009e-05	1.6869e-01	8.3087e-01	3.7779e-04	5.8752e-04	5.3386e-01	4.6550e-01	5.1984e-05	1.1755e-36	1.1755e-36	7.1628e-27	0.00e+00	0.00e+00	9.5280e-02
5.28293e+17	6.1532e+03	2.148e-21	2.7826e+01	3.0182e+01	6.5941e-15	1.1972e-03	9.9880e-01	1.0925e-02	9.8885e-01	2.2187e-04	1.3772e-18	5.3492e-05	1.7044e-01	8.2915e-01	3.6051e-04	5.9631e-04	5.3991e-01	4.5946e-01	3.2539e-05	1.1755e-36	1.1755e-36	7.0771e-27	0.00e+00	0.00e+00	1.2840e-01
7.09409e+17	6.1010e+03	2.118e-21	2.7826e+01	3.0182e+01	6.8481e-15	1.1987e-03	9.9880e-01	1.1112e-02	9.8877e-01	1.2287e-04	1.4041e-18	5.4308e-05	1.7301e-01	8.2659e-01	3.4205e-04	6.0936e-04	5.4784e-01	4.5153e-01	1.7730e-05	1.1755e-36	1.1755e-36	6.9910e-27	0.00e+00	0.00e+00	1.7152e-01
9.44860e+17	6.0474e+03	2.083e-21	2.7826e+01	3.0180e+01	7.1692e-15	1.2041e-03	9.9880e-01	1.1391e-02	9.8855e-01	5.6909e-05	1.4538e-18	5.5591e-05	1.7674e-01	8.2288e-01	3.2247e-04	6.2807e-04	5.5809e-01	4.4128e-01	8.1252e-06	1.1755e-36	1.1755e-36	6.9868e-27	0.00e+00	0.00e+00	2.2782e-01
1.25095e+18	5.9930e+03	2.045e-21	2.7826e+01	3.0179e+01	7.5671e-15	1.2160e-03	9.9878e-01	1.1812e-02	9.8817e-01	2.1229e-05	1.5356e-18	5.7596e-05	1.8221e-01	8.1744e-01	3.0091e-04	6.5518e-04	5.7148e-01	4.2786e-01	3.0084e-06	1.1755e-36	1.1755e-36	7.0654e-27	0.00e+00	0.00e+00	3.0173e-01
1.64886e+18	5.9446e+03	2.004e-21	2.7826e+01	3.0177e+01	8.0623e-15	1.2375e-03	9.9876e-01	1.2456e-02	9.8754e-01	6.1268e-06	1.6752e-18	6.0714e-05	1.9029e-01	8.0937e-01	2.7624e-04	6.9472e-04	5.8913e-01	4.1018e-01	8.6176e-07	1.1755e-36	1.1755e-36	7.3358e-27	0.00e+00	0.00e+00	3.9952e-01
2.16614e+18	5.9031e+03	1.962e-21	2.7826e+01	3.0172e+01	8.7333e-15	1.2754e-03	9.9872e-01	1.3473e-02	9.8653e-01	1.3180e-06	1.9188e-18	6.5696e-05	2.0263e-01	7.9706e-01	2.4691e-04	7.5447e-04	6.1291e-01	3.8634e-01	1.8328e-07	1.1755e-36	1.1755e-36	7.9260e-27	0.00e+00	0.00e+00	5.3054e-01
2.83861e+18	5.8848e+03	1.919e-21	2.7826e+01	3.0165e+01	9.5650e-15	1.3390e-03	9.9866e-01	1.5180e-02	9.8482e-01	2.0873e-07	2.3586e-18	7.3824e-05	2.2205e-01	7.7766e-01	2.1198e-04	8.4689e-04	6.4528e-01	3.5388e-01	1.1755e-36	1.1755e-36	1.1755e-36	9.0818e-27	0.00e+00	0.00e+00	7.0936e-01
3.54604e+18	5.8831e+03	1.876e-21	2.7826e+01	3.0157e+01	1.0287e-14	1.4094e-03	9.9859e-01	1.7489e-02	9.8251e-01	3.3873e-08	2.9195e-18	8.4058e-05	2.4648e-01	7.5326e-01	1.7919e-04	9.5408e-04	6.8021e-01	3.1883e-01	1.1755e-36	1.1755e-36	1.1755e-36	1.0338e-26	0.00e+00	0.00e+00	8.7146e-01
4.13156e+18	5.9117e+03	1.851e-21	2.7826e+01	3.0148e+01	1.0828e-14	1.4832e-03	9.9852e-01	2.0193e-02	9.7981e-01	9.2012e-09	3.6072e-18	9.5279e-05	2.7258e-01	7.2717e-01	1.5360e-04	1.0631e-03	7.1174e-01	2.8719e-01	1.1755e-36	1.1755e-36	1.1755e-36	1.1927e-26	0.00e+00	0.00e+00	1.0060e+00
4.62085e+18	5.9589e+03	1.836e-21	2.7826e+01	3.0139e+01	1.1327e-14	1.5612e-03	9.9844e-01	2.3372e-02	9.7663e-01	3.4794e-09	4.4775e-18	1.0749e-04	3.0023e-01	6.9953e-01	1.3266e-04	1.1754e-03	7.4044e-01	2.5839e-01	1.1755e-36	1.1755e-36	1.1755e-36	1.4054e-26	0.00e+00	0.00e+00	1.1328e+00
5.07993e+18	6.0165e+03	1.825e-21	2.7826e+01	3.0125e+01	1.1874e-14	1.6489e-03	9.9835e-01	2.7455e-02	9.7255e-01	1.4936e-09	5.6481e-18	1.2199e-04	3.3223e-01	6.6753e-01	1.1329e-04	1.3014e-03	7.6923e-01	2.2947e-01	1.1755e-36	1.1755e-36	1.1755e-36	1.6892e-26	0.00e+00	0.00e+00	1.2649e+00
5.52729e+18	6.0794e+03	1.819e-21	2.7826e+01	3.0108e+01	1.2555e-14	1.7487e-03	9.9825e-01	3.3074e-02	9.6693e-01	6.9030e-10	7.2763e-18	1.3961e-04	3.7066e-01	6.2911e-01	9.4715e-05	1.4462e-03	7.9902e-01	1.9954e-01	1.1755e-36	1.1755e-36	1.1755e-36	2.0747e-26	0.00e+00	0.00e+00	1.3997e+00
5.94443e+18	6.1453e+03	1.816e-21	2.7826e+01	3.0085e+01	1.3266e-14	1.8561e-03	9.9814e-01	4.0882e-02	9.5912e-01	3.5028e-10	9.4136e-18	1.6033e-04	4.1532e-01	5.8444e-01	7.7588e-05	1.6048e-03	8.2857e-01	1.6983e-01	1.1755e-36	1.1755e-36	1.1755e-36	2.5471e-26	0.00e+00	0.00e+00	1.5287e+00
6.26785e+18	6.2129e+03	1.815e-21	2.7826e+01	3.0068e+01	1.3678e-14	1.9449e-03	9.9806e-01	5.0237e-02	9.4976e-01	2.1554e-10	1.1635e-17	1.8037e-04	4.5815e-01	5.4160e-01	6.4565e-05	1.7422e-03	8.5308e-01	1.4518e-01	1.1755e-36	1.1755e-36	1.1755e-36	3.0026e-26	0.00e+00	0.00e+00	1.6145e+00
6.47588e+18	6.2427e+03	1.816e-21	2.7826e+01	3.0037e+01	1.4208e-14	2.0117e-03	9.9799e-01	5.8709e-02	9.4129e-01	1.5832e-10	1.3513e-17	1.9560e-04	4.9129e-01	5.0846e-01	5.5863e-05	1.8453e-03	8.6999e-01	1.2816e-01	1.1755e-36	1.1755e-36	1.1755e-36	3.3570e-26	0.00e+00	0.00e+00	1.6728e+00
6.63151e+18	6.2743e+03	1.817e-21	2.7826e+01	3.0017e+01	1.4571e-14	2.0652e-03	9.9793e-01	6.7195e-02	9.3280e-01	1.2530e-10	1.5237e-17	2.0864e-04	5.1875e-01	4.8100e-01	4.9343e-05	1.9287e-03	8.8295e-01	1.1512e-01	1.1755e-36	1.1755e-36	1.1755e-36	3.6864e-26	0.00e+00	0.00e+00	1.7259e+00
6.80003e+18	6.3043e+03	1.818e-21	2.7826e+01	2.9989e+01	1.5156e-14	2.1303e-03	9.9787e-01	7.9168e-02	9.2083e-01	9.6019e-11	1.7555e-17	2.2418e-04	5.5119e-01	4.4854e-01	4.2224e-05	2.0288e-03	8.9724e-01	1.0073e-01	1.1755e-36	1.1755e-36	1.1755e-36	4.1367e-26	0.00e+00	0.00e+00	1.7972e+00
6.97546e+18	6.3408e+03	1.819e-21	2.7826e+01	2.9949e+01	1.5657e-14	2.1977e-03	9.9780e-01	9.6445e-02	9.0355e-01	7.3742e-11	2.0286e-17	2.4170e-04	5.8812e-01	4.1160e-01	3.5182e-05	2.1365e-03	9.1258e-01	8.5284e-02	1.1755e-36	1.1755e-36	1.1755e-36	4.6268e-26	0.00e+00	0.00e+00	1.8592e+00
7.11075e+18	6.3632e+03	1.821e-21	2.7826e+01	2.9902e+01	1.6152e-14	2.2530e-03	9.9775e-01	1.1581e-01	8.8419e-01	6.0087e-11	2.2792e-17	2.5681e-04	6.2006e-01	3.7965e-01	2.9750e-05	2.2262e-03	9.2511e-01	7.2660e-02	1.1755e-36	1.1755e-36	1.1755e-36	5.0445e-26	0.00e+00	0.00e+00	1.9028e+00
7.20705e+18	6.3855e+03	1.820e-21	2.7826e+01	2.9863e+01	1.6460e-14	2.2925e-03	9.9771e-01	1.3462e-01	8.6538e-01	5.1668e-11	2.4859e-17	2.6824e-04	6.4430e-01	3.5541e-01	2.5938e-05	2.2923e-03	9.3433e-01	6.3377e-02	1.1755e-36	1.1755e-36	1.1755e-36	5.3915e-26	0.00e+00	0.00e+00	1.9360e+00
7.28626e+18	6.4021e+03	1.818e-21	2.7826e+01	2.9807e+01	1.6720e-14	2.3260e-03	9.9767e-01	1.5429e-01	8.4571e-01	4.5085e-11	2.6671e-17	2.7791e-04	6.6497e-01	3.3473e-01	2.2854e-05	2.3488e-03	9.4197e-01	5.5680e-02	1.1755e-36	1.1755e-36	1.1755e-36	5.6670e-26	0.00e+00	0.00e+00	1.9670e+00
7.37372e+18	6.4148e+03	1.817e-21	2.7826e+01	2.9755e+01	1.7228e-14	2.3677e-03	9.9763e-01	1.8265e-01	8.1735e-01	3.8325e-11	2.9114e-17	2.8909e-04	6.8835e-01	3.1134e-01	1.9490e-05	2.4168e-03	9.5043e-01	4.7157e-02	1.1755e-36	1.1755e-36	1.1755e-36	6.0785e-26	0.00e+00	0.00e+00	2.0082e+00
7.46351e+18	6.4351e+03	1.812e-21	2.7826e+01	2.9676e+01	1.7561e-14	2.4066e-03	9.9759e-01	2.2212e-01	7.7788e-01	3.2244e-11	3.1671e-17	3.0038e-04	7.1250e-01	2.8718e-01	1.6302e-05	2.4837e-03	9.5916e-01	3.8360e-02	1.1755e-36	1.1755e-36	1.1755e-36	6.4633e-26	0.00e+00	0.00e+00	2.0423e+00
7.53186e+18	6.4356e+03	1.807e-21	2.7826e+01	2.9558e+01	1.8026e-14	2.4368e-03	9.9756e-01	2.6359e-01	7.3641e-01	2.7605e-11	3.3735e-17	3.0866e-04	7.3125e-01	2.6842e-01	1.3945e-05	2.5358e-03	9.6588e-01	3.1588e-02	1.1755e-36	1.1755e-36	1.1755e-36	6.7203e-26	0.00e+00	0.00e+00	2.0663e+00
7.58236e+18	6.4495e+03	1.799e-21	2.7826e+01	2.9474e+01	1.8174e-14	2.4561e-03	9.9754e-01	3.0283e-01	6.9717e-01	2.4313e-11	3.5394e-17	3.1455e-04	7.4470e-01	2.5497e-01	1.2285e-05	2.5715e-03	9.7075e-01	2.6676e-02	1.1755e-36	1.1755e-36	1.1755e-36	6.9422e-26	0.00e+00	0.00e+00	2.0857e+00
7.63410e+18	6.4414e+03	1.790e-21	2.7826e+01	2.9327e+01	1.8705e-14	2.4795e-03	9.9752e-01	3.5181e-01	6.4819e-01	2.0473e-11	3.7200e-17	3.2001e-04	7.5793e-01	2.4174e-01	1.0622e-05	2.6112e-03	9.7545e-01	2.1942e-02	1.1755e-36	1.1755e-36	1.1755e-36	7.1439e-26	0.00e+00	0.00e+00	2.1112e+00
7.69047e+18	6.4496e+03	1.777e-21	2.7826e+01	2.9216e+01	1.9055e-14	2.5038e-03	9.9750e-01	4.1842e-01	5.8158e-01	1.6892e-11	3.9438e-17	3.2596e-04	7.7135e-01	2.2832e-01	8.9728e-06	2.6527e-03	9.8024e-01	1.7105e-02	1.1755e-36	1.1755e-36	1.1755e-36	7.4371e-26	0.00e+00	0.00e+00	2.1350e+00
7.73908e+18	6.4418e+03	1.762e-21	2.7826e+01	2.9031e+01	1.9539e-14	2.5220e-03	9.9748e-01	4.8927e-01	5.1073e-01	1.3678e-11	4.1247e-17	3.2963e-04	7.8176e-01	2.1790e-01	7.6571e-06	2.6845e-03	9.8402e-01	1.3296e-02	1.1755e-36	1.1755e-36	1.1755e-36	7.5942e-26	0.00e+00	0.00e+00	2.1541e+00
7.77960e+18	6.4327e+03	1.745e-21	2.7826e+01	2.8862e+01	2.0036e-14	2.5372e-03	9.9746e-01	5.5734e-01	4.4266e-01	1.1044e-11	4.2905e-17	3.3218e-04	7.8945e-01	2.1021e-01	6.6273e-06	2.7102e-03	9.8680e-01	1.0487e-02	1.1755e-36	1.1755e-36	1.1755e-36	7.7478e-26	0.00e+00	0.00e+00	2.1711e+00
7.82337e+18	6.4178e+03	1.725e-21	2.7826e+01	2.8651e+01	2.0652e-14	2.5537e-03	9.9745e-01	6.3605e-01	3.6395e-01	8.3125e-12	4.4645e-17	3.3414e-04	7.9642e-01	2.0324e-01	5.5922e-06	2.7369e-03	9.8932e-01	7.9404e-03	1.1755e-36	1.1755e-36	1.1755e-36	7.8752e-26	0.00e+00	0.00e+00	2.1933e+00
7.88028e+18	6.3936e+03	1.699e-21	2.7826e+01	2.8410e+01	2.1686e-14	2.5801e-03	9.9742e-01	7.3774e-01	2.6226e-01	5.3980e-12	4.7179e-17	3.3628e-04	8.0358e-01	1.9608e-01	4.4090e-06	2.7747e-03	9.9185e-01	5.3758e-03	1.1755e-36	1.1755e-36	1.1755e-36	8.1251e-26	0.00e+00	0.00e+00	2.2224e+00
7.94263e+18	6.3661e+03	1.674e-21	2.7826e+01	2.8177e+01	2.2861e-14	2.6117e-03	9.9739e-01	8.3584e-01	1.6416e-01	3.0385e-12	4.9741e-17	3.3794e-04	8.0915e-01	1.9051e-01	3.3394e-06	2.8169e-03	9.9381e-01	3.3762e-03	1.1755e-36	1.1755e-36	1.1755e-36	8.3748e-26	0.00e+00	0.00e+00	2.2501e+00
8.01204e+18	6.3404e+03	1.657e-21	2.7826e+01	2.8028e+01	2.4317e-14	2.6571e-03	9.9734e-01	9.1163e-01	8.8375e-02	1.4689e-12	5.2767e-17	3.4028e-04	8.1341e-01	1.8624e-01	2.3726e-06	2.8728e-03	9.9514e-01	1.9825e-03	1.1755e-36	1.1755e-36	1.1755e-36	8.8159e-26	0.00e+00	0.00e+00	2.2868e+00
8.10228e+18	6.3268e+03	1.644e-21	2.7826e+01	2.7880e+01	2.5644e-14	2.7154e-03	9.9728e-01	9.6289e-01	3.7110e-02	5.3582e-13	5.5586e-17	3.4250e-04	8.1658e-01	1.8308e-01	1.5050e-06	2.9432e-03	9.9606e-01	9.9478e-04	1.1755e-36	1.1755e-36	1.1755e-36	9.2569e-26	0.00e+00	0.00e+00	2.3354e+00
8.21959e+18	6.3274e+03	1.644e-21	2.7826e+01	2.7804e+01	2.7247e-14	2.7994e-03	9.9720e-01	9.8791e-01	1.2086e-02	1.4685e-13	5.9410e-17	3.4606e-04	8.1937e-01	1.8028e-01	8.2388e-07	3.0423e-03	9.9654e-01	4.1288e-04	1.1755e-36	1.1755e-36	1.1755e-36	1.0079e-25	0.00e+00	0.00e+00	2.4007e+00
8.37209e+18	6.3421e+03	1.653e-21	2.7826e+01	2.7775e+01	2.9331e-14	2.9182e-03	9.9708e-01	9.9686e-01	3.1403e-03	3.0810e-14	6.4933e-17	3.5117e-04	8.2235e-01	1.7730e-01	3.7730e-07	3.1812e-03	9.9668e-01	1.3765e-04	1.1755e-36	1.1755e-36	1.1755e-36	1.1464e-25	0.00e+00	0.00e+00	2.4890e+00
8.57034e+18	6.3693e+03	1.670e-21	2.7826e+01	2.7770e+01	3.2315e-14	3.0881e-03	9.9691e-01	9.9934e-01	6.6480e-04	4.9876e-15	7.3352e-17	3.5819e-04	8.2604e-01	1.7360e-01	1.3826e-07	3.3797e-03	9.9658e-01	3.5736e-05	1.1755e-36	1.1755e-36	1.1755e-36	1.3773e-25	0.00e+00	0.00e+00	2.6106e+00
8.82807e+18	6.4085e+03	1.696e-21	2.7826e+01	2.7764e+01	3.6911e-14	3.3371e-03	9.9666e-01	9.9988e-01	1.1535e-04	6.1812e-16	8.6770e-17	3.6750e-04	8.3087e-01	1.6876e-01	1.1755e-36	3.6714e-03	9.9632e-01	7.0110e-06	1.1755e-36	1.1755e-36	1.1755e-36	1.7775e-25	0.00e+00	0.00e+00	2.7815e+00
9.16312e+18	6.4687e+03	1.732e-21	2.7826e+01	2.7755e+01	4.4217e-14	3.7176e-03	9.9628e-01	9.9998e-01	1.6704e-05	5.8755e-17	1.0960e-16	3.7993e-04	8.3733e-01	1.6229e-01	1.1755e-36	4.1192e-03	9.9588e-01	1.0050e-06	1.1755e-36	1.1755e-36	1.1755e-36	2.5359e-25	0.00e+00	0.00e+00	3.0289e+00
9.59868e+18	6.5385e+03	1.788e-21	2.7826e+01	2.7737e+01	5.8789e-14	4.3513e-03	9.9565e-01	1.0000e+00	2.4978e-06	5.1969e-18	1.5511e-16	3.9706e-04	8.4644e-01	1.5316e-01	1.1755e-36	4.8689e-03	9.9513e-01	9.9542e-08	1.1755e-36	1.1755e-36	1.1755e-36	4.3051e-25	0.00e+00	0.00e+00	3.4053e+00
1.00443e+19	6.6342e+03	1.859e-21	2.7826e+01	2.7712e+01	8.1450e-14	5.2528e-03	9.9475e-01	1.0000e+00	8.4835e-07	1.0801e-18	2.3291e-16	4.1538e-04	8.5624e-01	1.4334e-01	1.1755e-36	5.9426e-03	9.9406e-01	9.2370e-09	1.1755e-36	1.1755e-36	1.1755e-36	8.0115e-25	0.00e+00	0.00e+00	3.7735e+00
1.03733e+19	6.7151e+03	1.925e-21	2.7826e+01	2.7690e+01	1.0866e-13	6.2074e-03	9.9379e-01	1.0000e+00	5.8708e-07	5.3274e-19	3.3218e-16	4.3010e-04	8.6438e-01	1.3519e-01	1.1755e-36	7.0866e-03	9.9291e-01	1.7011e-09	1.1755e-36	1.1755e-36	1.1755e-36	1.3740e-24	0.00e+00	0.00e+00	4.0560e+00
1.05986e+19	6.7720e+03	1.977e-21	2.7826e+01	2.7665e+01	1.3672e-13	7.0721e-03	9.9293e-01	1.0000e+00	4.9326e-07	3.5626e-19	4.3820e-16	4.4064e-04	8.7059e-01	1.2897e-01	1.1755e-36	8.1282e-03	9.9187e-01	5.5908e-10	1.1755e-36	1.1755e-36	1.1755e-36	2.0885e-24	0.00e+00	0.00e+00	4.2939e+00
1.07872e+19	6.8176e+03	2.023e-21	2.7826e+01	2.7636e+01	1.6981e-13	7.9734e-03	9.9203e-01	1.0000e+00	4.3268e-07	2.5706e-19	5.6572e-16	4.4967e-04	8.7628e-01	1.2327e-01	1.1755e-36	9.2180e-03	9.9078e-01	2.2103e-10	1.1755e-36	1.1755e-36	1.1755e-36	3.0668e-24	0.00e+00	0.00e+00	4.5543e+00
1.10010e+19	6.8636e+03	2.080e-21	2.7826e+01	2.7600e+01	2.2448e-13	9.2615e-03	9.9074e-01	1.0000e+00	3.7487e-07	1.7744e-19	7.7925e-16	4.6036e-04	8.8338e-01	1.1616e-01	1.1755e-36	1.0781e-02	9.8922e-01	7.7013e-11	1.1755e-36	1.1755e-36	1.1755e-36	4.9550e-24	0.00e+00	0.00e+00	4.9475e+00
1.12245e+19	6.9161e+03	2.152e-21	2.7826e+01	2.7567e+01	3.1353e-13	1.1087e-02	9.8891e-01	1.0000e+00	3.1334e-07	1.1903e-19	1.1393e-15	4.7195e-04	8.9136e-01	1.0816e-01	1.1755e-36	1.3004e-02	9.8700e-01	2.5640e-11	1.1755e-36	1.1755e-36	1.1755e-36	8.7533e-24	0.00e+00	0.00e+00	5.3475e+00
1.14004e+19	6.9561e+03	2.216e-21	2.7826e+01	2.7505e+01	4.2947e-13	1.3095e-02	9.8690e-01	1.0000e+00	2.7125e-07	8.7383e-20	1.6154e-15	4.8107e-04	8.9836e-01	1.0116e-01	1.1755e-36	1.5457e-02	9.8454e-01	1.0831e-11	1.1755e-36	1.1755e-36	1.1755e-36	1.4749e-23	0.00e+00	0.00e+00	5.6844e+00
1.15270e+19	6.9827e+03	2.267e-21	2.7826e+01	2.7440e+01	5.5810e-13	1.5009e-02	9.8499e-01	1.0000e+00	2.4382e-07	6.9866e-20	2.1489e-15	4.8761e-04	9.0392e-01	9.5596e-02	1.1755e-36	1.7800e-02	9.8220e-01	5.8255e-12	1.1755e-36	1.1755e-36	1.1755e-36	2.2572e-23	0.00e+00	0.00e+00	5.9662e+00
1.16317e+19	6.9989e+03	2.312e-21	2.7826e+01	2.7384e+01	7.1390e-13	1.7009e-02	9.8299e-01	1.0000e+00	2.2322e-07	5.7823e-20	2.7936e-15	4.9334e-04	9.0898e-01	9.0525e-02	1.1755e-36	2.0253e-02	9.7975e-01	3.4427e-12	1.1755e-36	1.1755e-36	1.1755e-36	3.3348e-23	0.00e+00	0.00e+00	6.2728e+00
1.17497e+19	7.0182e+03	2.362e-21	2.7826e+01	2.7304e+01	9.6798e-13	1.9848e-02	9.8015e-01	1.0000e+00	2.0086e-07	4.6255e-20	3.8626e-15	4.9966e-04	9.1513e-01	8.4369e-02	1.1755e-36	2.3739e-02	9.7626e-01	1.8714e-12	1.1755e-36	1.1755e-36	1.1755e-36	5.3986e-23	0.00e+00	0.00e+00	6.7378e+00
1.18798e+19	7.0282e+03	2.425e-21	2.7826e+01	2.7185e+01	1.4349e-12	2.4125e-02	9.7588e-01	1.0000e+00	1.7192e-07	3.5024e-20	5.8022e-15	5.0640e-04	9.2244e-01	7.7051e-02	1.1755e-36	2.8994e-02	9.7101e-01	9.6201e-13	1.1755e-36	1.1755e-36	1.1755e-36	9.8785e-23	0.00e+00	0.00e+00	7.2755e+00
1.19961e+19	7.0168e+03	2.487e-21	2.7826e+01	2.7030e+01	2.2205e-12	2.9733e-02	9.7027e-01	1.0000e+00	1.4713e-07	2.6938e-20	8.9567e-15	5.1235e-04	9.2984e-01	6.9652e-02	1.1755e-36	3.5886e-02	9.6411e-01	5.2681e-13	1.1755e-36	1.1755e-36	1.1755e-36	1.8793e-22	0.00e+00	0.00e+00	7.8281e+00
1.20912e+19	7.0070e+03	2.539e-21	2.7826e+01	2.6873e+01	3.3886e-12	3.6421e-02	9.6358e-01	1.0000e+00	1.2735e-07	2.1414e-20	1.3647e-14	5.1692e-04	9.3659e-01	6.2892e-02	1.1755e-36	4.4098e-02	9.5590e-01	3.1781e-13	1.1755e-36	1.1755e-36	1.1755e-36	3.5120e-22	0.00e+00	0.00e+00	8.3673e+00
1.21690e+19	7.0008e+03	2.570e-21	2.7826e+01	2.6628e+01	5.0414e-12	4.4097e-02	9.5590e-01	1.0000e+00	1.1134e-07	1.7531e-20	2.0242e-14	5.1859e-04	9.4253e-01	5.6947e-02	1.1755e-36	5.3509e-02	9.4649e-01	2.0677e-13	1.1755e-36	1.1755e-36	1.1755e-36	6.3073e-22	0.00e+00	0.00e+00	8.9203e+00
1.22381e+19	6.9756e+03	2.596e-21	2.7826e+01	2.6361e+01	7.7117e-12	5.3755e-02	9.4624e-01	1.0000e+00	9.6990e-08	1.4392e-20	3.0458e-14	5.1956e-04	9.4838e-01	5.1100e-02	1.1755e-36	6.5315e-02	9.3468e-01	1.3821e-13	1.1755e-36	1.1755e-36	1.1755e-36	1.1568e-21	0.00e+00	0.00e+00	9.5521e+00
1.23019e+19	6.9504e+03	2.606e-21	2.7826e+01	2.6031e+01	1.2164e-11	6.6478e-02	9.3352e-01	1.0000e+00	8.3073e-08	1.1709e-20	4.7201e-14	5.1887e-04	9.5421e-01	4.5273e-02	1.1755e-36	8.0800e-02	9.1920e-01	9.3119e-14	1.1755e-36	1.1755e-36	1.1755e-36	2.2212e-21	0.00e+00	0.00e+00	1.0260e+01
1.23578e+19	6.9202e+03	2.592e-21	2.7826e+01	2.5570e+01	1.9507e-11	8.2652e-02	9.1735e-01	1.0000e+00	7.0397e-08	9.5466e-21	7.3781e-14	5.1503e-04	9.5968e-01	3.9804e-02	1.1755e-36	1.0037e-01	8.9963e-01	6.4065e-14	1.1755e-36	1.1755e-36	1.1755e-36	4.3234e-21	0.00e+00	0.00e+00	1.1003e+01
1.23991e+19	6.8860e+03	2.566e-21	2.7826e+01	2.5137e+01	2.9803e-11	1.0017e-01	8.9983e-01	1.0000e+00	5.9914e-08	7.9315e-21	1.0959e-13	5.1054e-04	9.6412e-01	3.5374e-02	1.1755e-36	1.2141e-01	8.7859e-01	4.7288e-14	1.1755e-36	1.1755e-36	1.1755e-36	7.8167e-21	0.00e+00	0.00e+00	1.1558e+01
1.24294e+19	6.8531e+03	2.522e-21	2.7826e+01	2.4656e+01	4.2450e-11	1.1728e-01	8.8272e-01	1.0000e+00	5.4294e-08	7.0895e-21	1.5133e-13	5.0405e-04	9.6755e-01	3.1948e-02	1.1755e-36	1.4179e-01	8.5821e-01	3.6892e-14	1.1755e-36	1.1755e-36	1.1755e-36	1.2669e-20	0.00e+00	0.00e+00	1.2158e+01
1.24567e+19	6.8126e+03	2.463e-21	2.7826e+01	2.4114e+01	6.0709e-11	1.3707e-01	8.6293e-01	1.0000e+00	4.7713e-08	6.1768e-21	2.0824e-13	4.9604e-04	9.7073e-01	2.8775e-02	1.1755e-36	1.6516e-01	8.3484e-01	2.8974e-14	1.1755e-36	1.1755e-36	1.1755e-36	2.0450e-20	0.00e+00	0.00e+00	1.2773e+01
1.24809e+19	6.7658e+03	2.383e-21	2.7826e+01	2.3437e+01	8.6377e-11	1.5919e-01	8.4081e-01	1.0000e+00	4.2137e-08	5.4547e-21	2.8212e-13	4.8500e-04	9.7357e-01	2.5940e-02	1.1755e-36	1.9103e-01	8.0897e-01	2.2992e-14	1.1755e-36	1.1755e-36	1.1755e-36	3.2226e-20	0.00e+00	0.00e+00	1.3409e+01
1.25028e+19	6.7055e+03	2.289e-21	2.7826e+01	2.2709e+01	1.2452e-10	1.8489e-01	8.1511e-01	1.0000e+00	3.7136e-08	4.8242e-21	3.8280e-13	4.7274e-04	9.7628e-01	2.3250e-02	1.1755e-36	2.2077e-01	7.7923e-01	1.8242e-14	1.1755e-36	1.1755e-36	1.1755e-36	5.0967e-20	0.00e+00	0.00e+00	1.4095e+01
1.25232e+19	6.6280e+03	2.176e-21	2.7826e+01	2.1867e+01	1.8329e-10	2.1508e-01	7.8492e-01	1.0000e+00	3.2467e-08	4.2572e-21	5.2118e-13	4.5804e-04	9.7885e-01	2.0690e-02	1.1755e-36	2.5524e-01	7.4476e-01	1.4407e-14	1.1755e-36	1.1755e-36	1.1755e-36	8.1069e-20	0.00e+00	0.00e+00	1.4837e+01
1.25420e+19	6.5301e+03	2.041e-21	2.7826e+01	2.0893e+01	2.7531e-10	2.5004e-01	7.4996e-01	1.0000e+00	2.8249e-08	3.7652e-21	7.0854e-13	4.4053e-04	9.8127e-01	1.8294e-02	1.1755e-36	2.9457e-01	7.0543e-01	1.1336e-14	1.1755e-36	1.1755e-36	1.1755e-36	1.2873e-19	0.00e+00	0.00e+00	1.5629e+01
1.25588e+19	6.4123e+03	1.892e-21	2.7826e+01	1.9833e+01	4.1643e-10	2.8854e-01	7.1146e-01	1.0000e+00	2.4475e-08	3.3375e-21	9.4902e-13	4.2100e-04	9.8343e-01	1.6148e-02	1.1755e-36	3.3715e-01	6.6285e-01	8.9706e-15	1.1755e-36	1.1755e-36	1.1755e-36	2.0001e-19	0.00e+00	0.00e+00	1.6413e+01
1.25723e+19	6.2878e+03	1.749e-21	2.7826e+01	1.8789e+01	6.0741e-10	3.2561e-01	6.7439e-01	1.0000e+00	2.1463e-08	3.0082e-21	1.2128e-12	4.0140e-04	9.8516e-01	1.4437e-02	1.1755e-36	3.7745e-01	6.2255e-01	7.3146e-15	1.1755e-36	1.1755e-36	1.1755e-36	2.8946e-19	0.00e+00	0.00e+00	1.7076e+01
1.25823e+19	6.1737e+03	1.632e-21	2.7826e+01	1.7929e+01	8.2800e-10	3.5700e-01	6.4300e-01	1.0000e+00	1.9451e-08	2.7942e-21	1.4632e-12	3.8506e-04	9.8644e-01	1.3179e-02	1.1755e-36	4.1104e-01	5.8896e-01	6.2274e-15	1.1755e-36	1.1755e-36	1.1755e-36	3.8451e-19	0.00e+00	0.00e+00	1.7599e+01
1.25899e+19	6.0690e+03	1.533e-21	2.7826e+01	1.7184e+01	1.0722e-09	3.8326e-01	6.1674e-01	1.0000e+00	1.8151e-08	2.6687e-21	1.6889e-12	3.7079e-04	9.8740e-01	1.2233e-02	1.1755e-36	4.3879e-01	5.6121e-01	5.4746e-15	1.1755e-36	1.1755e-36	1.1755e-36	4.7759e-19	0.00e+00	0.00e+00	1.8067e+01
1.25966e+19	5.9634e+03	1.442e-21	2.7826e+01	1.6493e+01	1.3690e-09	4.0805e-01	5.9195e-01	1.0000e+00	1.6950e-08	2.5483e-21	1.9182e-12	3.5749e-04	9.8823e-01	1.1412e-02	1.1755e-36	4.6468e-01	5.3532e-01	4.8677e-15	1.1755e-36	1.1755e-36	1.1755e-36	5.7940e-19	0.00e+00	0.00e+00	1.8527e+01
1.26029e+19	5.8508e+03	1.353e-21	2.7826e+01	1.5802e+01	1.7515e-09	4.3279e-01	5.6721e-01	1.0000e+00	1.5790e-08	2.4304e-21	2.1621e-12	3.4413e-04	9.8900e-01	1.0653e-02	1.1755e-36	4.9024e-01	5.0976e-01	4.3436e-15	1.1755e-36	1.1755e-36	1.1755e-36	6.9565e-19	0.00e+00	0.00e+00	1.8993e+01
1.26087e+19	5.7328e+03	1.267e-21	2.7826e+01	1.5121e+01	2.2417e-09	4.5715e-01	5.4285e-01	1.0000e+00	1.4693e-08	2.3172e-21	2.4179e-12	3.3091e-04	9.8971e-01	9.9604e-03	1.1755e-36	5.1515e-01	4.8485e-01	3.8933e-15	1.1755e-36	1.1755e-36	1.1755e-36	8.2661e-19	0.00e+00	0.00e+00	1.9442e+01
1.26140e+19	5.6115e+03	1.189e-21	2.7826e+01	1.4482e+01	2.8551e-09	4.8030e-01	5.1970e-01	1.0000e+00	1.3732e-08	2.2171e-21	2.6780e-12	3.1852e-04	9.9034e-01	9.3439e-03	1.1755e-36	5.3856e-01	4.6144e-01	3.5168e-15	1.1755e-36	1.1755e-36	1.1755e-36	9.7013e-19	0.00e+00	0.00e+00	1.9862e+01
1.26188e+19	5.4926e+03	1.117e-21	2.7826e+01	1.3884e+01	3.5956e-09	5.0182e-01	4.9818e-01	1.0000e+00	1.2929e-08	2.1361e-21	2.9348e-12	3.0683e-04	9.9089e-01	8.8038e-03	1.1755e-36	5.6012e-01	4.3988e-01	3.2036e-15	1.1755e-36	1.1755e-36	1.1755e-36	1.1231e-18	0.00e+00	0.00e+00	2.0260e+01
1.26231e+19	5.3722e+03	1.051e-21	2.7826e+01	1.3316e+01	4.5104e-09	5.2221e-01	4.7779e-01	1.0000e+00	1.2205e-08	2.0622e-21	3.1949e-12	2.9577e-04	9.9139e-01	8.3181e-03	1.1755e-36	5.8036e-01	4.1964e-01	2.9355e-15	1.1755e-36	1.1755e-36	1.1755e-36	1.2914e-18	0.00e+00	0.00e+00	2.0644e+01
1.26272e+19	5.2503e+03	9.891e-22	2.7826e+01	1.2773e+01	5.6451e-09	5.4174e-01	4.5826e-01	1.0000e+00	1.1541e-08	1.9937e-21	3.4632e-12	2.8516e-04	9.9184e-01	7.8745e-03	1.1755e-36	5.9959e-01	4.0041e-01	2.7012e-15	1.1755e-36	1.1755e-36	1.1755e-36	1.4812e-18	0.00e+00	0.00e+00	2.1018e+01
1.26304e+19	5.1506e+03	9.410e-22	2.7826e+01	1.2341e+01	6.7702e-09	5.5729e-01	4.4271e-01	1.0000e+00	1.0909e-08	1.9197e-21	3.6930e-12	2.7666e-04	9.9219e-01	7.5366e-03	1.1755e-36	6.1478e-01	3.8522e-01	2.5289e-15	1.1755e-36	1.1755e-36	1.1755e-36	1.6588e-18	0.00e+00	0.00e+00	2.1273e+01
1.26328e+19	5.0716e+03	9.056e-22	2.7826e+01	1.2016e+01	7.7942e-09	5.6891e-01	4.3109e-01	1.0000e+00	1.0642e-08	1.8992e-21	3.8766e-12	2.7030e-04	9.9244e-01	7.2911e-03	1.1755e-36	6.2608e-01	3.7392e-01	2.4076e-15	1.1755e-36	1.1755e-36	1.1755e-36	1.8119e-18	0.00e+00	0.00e+00	2.1487e+01
1.26350e+19	4.9905e+03	8.718e-22	2.7826e+01	1.1704e+01	8.9827e-09	5.8033e-01	4.1967e-01	1.0000e+00	1.0355e-08	1.8727e-21	4.0699e-12	2.6424e-04	9.9268e-01	7.0538e-03	1.1755e-36	6.3711e-01	3.6289e-01	2.2942e-15	1.1755e-36	1.1755e-36	1.1755e-36	1.9839e-18	0.00e+00	0.00e+00	2.1723e+01
1.26375e+19	4.8939e+03	8.352e-22	2.7826e+01	1.1352e+01	1.0567e-08	5.9286e-01	4.0714e-01	1.0000e+00	9.9589e-09	1.8283e-21	4.2766e-12	2.5746e-04	9.9295e-01	6.7896e-03	1.1755e-36	6.4917e-01	3.5083e-01	2.1767e-15	1.1755e-36	1.1755e-36	1.1755e-36	2.1726e-18	0.00e+00	0.00e+00	2.1988e+01
1.26396e+19	4.8156e+03	8.052e-22	2.7826e+01	1.1062e+01	1.2055e-08	6.0329e-01	3.9671e-01	1.0000e+00	9.5173e-09	1.7703e-21	4.4553e-12	2.5180e-04	9.9317e-01	6.5745e-03	1.1755e-36	6.5916e-01	3.4084e-01	2.0826e-15	1.1755e-36	1.1755e-36	1.1755e-36	2.3463e-18	0.00e+00	0.00e+00	2.2167e+01
1.26411e+19	4.7503e+03	7.834e-22	2.7826e+01	1.0843e+01	1.3402e-08	6.1115e-01	3.8885e-01	1.0000e+00	9.3408e-09	1.7540e-21	4.5957e-12	2.4761e-04	9.9334e-01	6.4145e-03	1.1755e-36	6.6667e-01	3.3333e-01	2.0153e-15	1.1755e-36	1.1755e-36	1.1755e-36	2.4909e-18	0.00e+00	0.00e+00	2.2315e+01
1.26425e+19	4.6916e+03	7.635e-22	2.7826e+01	1.0645e+01	1.4733e-08	6.1829e-01	3.8171e-01	1.0000e+00	9.1633e-09	1.7359e-21	4.7264e-12	2.4381e-04	9.9349e-01	6.2710e-03	1.1755e-36	6.7346e-01	3.2654e-01	1.9554e-15	1.1755e-36	1.1755e-36	1.1755e-36	2.6315e-18	0.00e+00	0.00e+00	2.2463e+01
1.26439e+19	4.6314e+03	7.424e-22	2.7826e+01	1.0436e+01	1.6228e-08	6.2580e-01	3.7420e-01	1.0000e+00	8.9590e-09	1.7138e-21	4.8661e-12	2.3976e-04	9.9364e-01	6.1220e-03	1.1755e-36	6.8058e-01	3.1942e-01	1.8935e-15	1.1755e-36	1.1755e-36	1.1755e-36	2.7878e-18	0.00e+00	0.00e+00	2.2629e+01
1.26455e+19	4.5562e+03	7.198e-22	2.7826e+01	1.0202e+01	1.8211e-08	6.3421e-01	3.6579e-01	1.0000e+00	8.7084e-09	1.6830e-21	5.0284e-12	2.3535e-04	9.9381e-01	5.9572e-03	1.1755e-36	6.8854e-01	3.1146e-01	1.8275e-15	1.1755e-36	1.1755e-36	1.1755e-36	2.9796e-18	0.00e+00	0.00e+00	2.2812e+01
1.26471e+19	4.4838e+03	6.978e-22	2.7826e+01	9.9743e+00	2.0307e-08	6.4242e-01	3.5758e-01	1.0000e+00	8.4436e-09	1.6489e-21	5.1893e-12	2.3102e-04	9.9397e-01	5.7985e-03	1.1755e-36	6.9628e-01	3.0372e-01	1.7646e-15	1.1755e-36	1.1755e-36	1.1755e-36	3.1787e-18	0.00e+00	0.00e+00	2.2982e+01
1.26485e+19	4.4133e+03	6.772e-22	2.7826e+01	9.7578e+00	2.2505e-08	6.5022e-01	3.4978e-01	1.0000e+00	8.2332e-09	1.6240e-21	5.3445e-12	2.2693e-04	9.9412e-01	5.6496e-03	1.1755e-36	7.0361e-01	2.9639e-01	1.7065e-15	1.1755e-36	1.1755e-36	1.1755e-36	3.3796e-18	0.00e+00	0.00e+00	2.3149e+01
1.26500e+19	4.3403e+03	6.568e-22	2.7826e+01	9.5409e+00	2.4926e-08	6.5808e-01	3.4192e-01	1.0000e+00	8.0226e-09	1.5983e-21	5.5024e-12	2.2287e-04	9.9428e-01	5.5015e-03	1.1755e-36	7.1096e-01	2.8904e-01	1.6498e-15	1.1755e-36	1.1755e-36	1.1755e-36	3.5925e-18	0.00e+00	0.00e+00	2.3321e+01
1.26515e+19	4.2680e+03	6.357e-22	2.7826e+01	9.3120e+00	2.7451e-08	6.6582e-01	3.3418e-01	1.0000e+00	7.8126e-09	1.5747e-21	5.6501e-12	2.1850e-04	9.9442e-01	5.3580e-03	1.1755e-36	7.1820e-01	2.8180e-01	1.5949e-15	1.1755e-36	1.1755e-36	1.1755e-36	3.7991e-18	0.00e+00	0.00e+00	2.3501e+01
1.26531e+19	4.1807e+03	6.141e-22	2.7826e+01	9.0725e+00	3.0613e-08	6.7451e-01	3.2549e-01	1.0000e+00	7.5844e-09	1.5453e-21	5.8213e-12	2.1413e-04	9.9459e-01	5.1985e-03	1.1755e-36	7.2628e-01	2.7372e-01	1.5362e-15	1.1755e-36	1.1755e-36	1.1755e-36	4.0466e-18	0.00e+00	0.00e+00	2.3699e+01
1.26548e+19	4.0999e+03	5.922e-22	2.7826e+01	8.8316e+00	3.3655e-08	6.8295e-01	3.1705e-01	1.0000e+00	7.3417e-09	1.5145e-21	5.9759e-12	2.0962e-04	9.9474e-01	5.0458e-03	1.1755e-36	7.3410e-01	2.6590e-01	1.4795e-15	1.1755e-36	1.1755e-36	1.1755e-36	4.2734e-18	0.00e+00	0.00e+00	2.3894e+01
1.26565e+19	4.0025e+03	5.701e-22	2.7826e+01	8.5830e+00	3.7327e-08	6.9232e-01	3.0768e-01	1.0000e+00	7.1152e-09	1.4840e-21	6.1468e-12	2.0520e-04	9.9492e-01	4.8781e-03	1.1755e-36	7.4277e-01	2.5723e-01	1.4196e-15	1.1755e-36	1.1755e-36	1.1755e-36	4.5264e-18	0.00e+00	0.00e+00	2.4112e+01
1.26583e+19	3.9009e+03	5.470e-22	2.7826e+01	8.3165e+00	4.1030e-08	7.0187e-01	2.9813e-01	1.0000e+00	6.8532e-09	1.4479e-21	6.2949e-12	2.0044e-04	9.9509e-01	4.7104e-03	1.1755e-36	7.5156e-01	2.4844e-01	1.3602e-15	1.1755e-36	1.1755e-36	1.1755e-36	4.7398e-18	0.00e+00	0.00e+00	2.4336e+01
###########################
1.96086e+14	6.4086e+03	2.285e-21	2.7826e+01	3.0187e+01	5.6170e-15	1.2238e-03	9.9878e-01	1.0606e-02	9.8849e-01	9.0440e-04	1.3614e-18	5.1434e-05	1.6531e-01	8.3420e-01	4.4213e-04	5.7356e-04	5.1811e-01	4.8113e-01	1.8776e-04	1.1755e-36	1.1755e-36	7.6886e-27	0.00e+00	0.00e+00	8.4311e-05
1.17651e+15	6.4075e+03	2.285e-21	2.7826e+01	3.0185e+01	5.6180e-15	1.2236e-03	9.9878e-01	1.0606e-02	9.8849e-01	9.0358e-04	1.3600e-18	5.1597e-05	1.6532e-01	8.3418e-01	4.4255e-04	5.7339e-04	5.1802e-01	4.8122e-01	1.8710e-04	1.1755e-36	1.1755e-36	7.6735e-27	0.00e+00	0.00e+00	4.2151e-04
5.09823e+15	6.4048e+03	2.284e-21	2.7826e+01	3.0184e+01	5.6226e-15	1.2233e-03	9.9878e-01	1.0608e-02	9.8849e-01	8.9739e-04	1.3585e-18	5.1603e-05	1.6539e-01	8.3411e-01	4.4141e-04	5.7340e-04	5.1810e-01	4.8114e-01	1.8431e-04	1.1755e-36	1.1755e-36	7.6507e-27	0.00e+00	0.00e+00	1.7700e-03
2.07851e+16	6.3965e+03	2.281e-21	2.7826e+01	3.0184e+01	5.6680e-15	1.2236e-03	9.9878e-01	1.0627e-02	9.8851e-01	8.6575e-04	1.3642e-18	5.1735e-05	1.6569e-01	8.3382e-01	4.3772e-04	5.7457e-04	5.1877e-01	4.8049e-01	1.7344e-04	1.1755e-36	1.1755e-36	7.6699e-27	0.00e+00	0.00e+00	7.1651e-03
4.96489e+16	6.3757e+03	2.267e-21	2.7826e+01	3.0184e+01	5.6985e-15	1.2174e-03	9.9878e-01	1.0613e-02	9.8854e-01	8.4517e-04	1.3485e-18	5.1568e-05	1.6563e-01	8.3388e-01	4.3404e-04	5.7289e-04	5.1931e-01	4.7995e-01	1.5891e-04	1.1755e-36	1.1755e-36	7.5174e-27	0.00e+00	0.00e+00	1.4143e-02
8.71718e+16	6.3499e+03	2.254e-21	2.7826e+01	3.0184e+01	5.7579e-15	1.2123e-03	9.9879e-01	1.0615e-02	9.8859e-01	7.9390e-04	1.3376e-18	5.1538e-05	1.6578e-01	8.3374e-01	4.2774e-04	5.7261e-04	5.2048e-01	4.7881e-01	1.4126e-04	1.1755e-36	1.1755e-36	7.3782e-27	0.00e+00	0.00e+00	2.3176e-02
1.35952e+17	6.3207e+03	2.238e-21	2.7826e+01	3.0184e+01	5.8373e-15	1.2075e-03	9.9879e-01	1.0629e-02	9.8866e-01	7.1399e-04	1.3300e-18	5.1585e-05	1.6608e-01	8.3345e-01	4.1896e-04	5.7341e-04	5.2225e-01	4.7705e-01	1.2077e-04	1.1755e-36	1.1755e-36	7.2498e-27	0.00e+00	0.00e+00	3.4873e-02
1.99365e+17	6.2875e+03	2.220e-21	2.7826e+01	3.0184e+01	5.9350e-15	1.2032e-03	9.9880e-01	1.0659e-02	9.8873e-01	6.0732e-04	1.3251e-18	5.1707e-05	1.6660e-01	8.3294e-01	4.0761e-04	5.7554e-04	5.2481e-01	4.7451e-01	9.8135e-05	1.1755e-36	1.1755e-36	7.1170e-27	0.00e+00	0.00e+00	5.0025e-02
2.81803e+17	6.2498e+03	2.199e-21	2.7826e+01	3.0183e+01	6.0686e-15	1.1994e-03	9.9880e-01	1.0709e-02	9.8881e-01	4.8053e-04	1.3268e-18	5.1921e-05	1.6740e-01	8.3215e-01	3.9379e-04	5.7940e-04	5.2836e-01	4.7099e-01	7.4628e-05	1.1755e-36	1.1755e-36	7.0132e-27	0.00e+00	0.00e+00	6.9660e-02
3.88973e+17	6.2073e+03	2.175e-21	2.7826e+01	3.0183e+01	6.2321e-15	1.1966e-03	9.9880e-01	1.0790e-02	9.8886e-01	3.4644e-04	1.3341e-18	5.2274e-05	1.6862e-01	8.3095e-01	3.7792e-04	5.8553e-04	5.3312e-01	4.6624e-01	5.2096e-05	1.1755e-36	1.1755e-36	6.9106e-27	0.00e+00	0.00e+00	9.5126e-02
5.28293e+17	6.1599e+03	2.147e-21	2.7826e+01	3.0182e+01	6.4425e-15	1.1954e-03	9.9880e-01	1.0913e-02	9.8886e-01	2.2206e-04	1.3515e-18	5.2838e-05	1.7040e-01	8.2919e-01	3.6055e-04	5.9464e-04	5.3936e-01	4.6002e-01	3.2595e-05	1.1755e-36	1.1755e-36	6.8376e-27	0.00e+00	0.00e+00	1.2820e-01
7.09409e+17	6.1079e+03	2.116e-21	2.7826e+01	3.0181e+01	6.6909e-15	1.1969e-03	9.9880e-01	1.1100e-02	9.8878e-01	1.2298e-04	1.3789e-18	5.3719e-05	1.7299e-01	8.2661e-01	3.4209e-04	6.0787e-04	5.4742e-01	4.5195e-01	1.7755e-05	1.1755e-36	1.1755e-36	6.7612e-27	0.00e+00	0.00e+00	1.7125e-01
9.44860e+17	6.0528e+03	2.082e-21	2.7826e+01	3.0180e+01	7.0191e-15	1.2025e-03	9.9880e-01	1.1379e-02	9.8856e-01	5.6948e-05	1.4297e-18	5.5072e-05	1.7677e-01	8.2285e-01	3.2242e-04	6.2683e-04	5.5781e-01	4.4155e-01	8.1342e-06	1.1755e-36	1.1755e-36	6.7672e-27	0.00e+00	0.00e+00	2.2747e-01
1.25095e+18	5.9954e+03	2.045e-21	2.7826e+01	3.0179e+01	7.4533e-15	1.2148e-03	9.9879e-01	1.1804e-02	9.8818e-01	2.1237e-05	1.5162e-18	5.7097e-05	1.8231e-01	8.1734e-01	3.0072e-04	6.5427e-04	5.7133e-01	4.2801e-01	3.0106e-06	1.1755e-36	1.1755e-36	6.8868e-27	0.00e+00	0.00e+00	3.0131e-01
1.64886e+18	5.9471e+03	2.004e-21	2.7826e+01	3.0177e+01	7.9453e-15	1.2363e-03	9.9876e-01	1.2448e-02	9.8755e-01	6.1292e-06	1.6557e-18	6.0270e-05	1.9043e-01	8.0923e-01	2.7605e-04	6.9383e-04	5.8901e-01	4.1029e-01	8.6233e-07	1.1755e-36	1.1755e-36	7.1614e-27	0.00e+00	0.00e+00	3.9901e-01
2.16614e+18	5.9042e+03	1.962e-21	2.7826e+01	3.0172e+01	8.6270e-15	1.2744e-03	9.9873e-01	1.3466e-02	9.8653e-01	1.3183e-06	1.8994e-18	6.5339e-05	2.0285e-01	7.9684e-01	2.4665e-04	7.5377e-04	6.1286e-01	3.8638e-01	1.8336e-07	1.1755e-36	1.1755e-36	7.7516e-27	0.00e+00	0.00e+00	5.2992e-01
2.83861e+18	5.8788e+03	1.920e-21	2.7826e+01	3.0165e+01	9.5356e-15	1.3390e-03	9.9866e-01	1.5181e-02	9.8482e-01	2.0858e-07	2.3428e-18	7.3579e-05	2.2249e-01	7.7723e-01	2.1150e-04	8.4705e-04	6.4542e-01	3.5374e-01	1.1755e-36	1.1755e-36	1.1755e-36	8.9103e-27	0.00e+00	0.00e+00	7.0875e-01
3.54375e+18	5.8816e+03	1.876e-21	2.7826e+01	3.0157e+01	1.0245e-14	1.4081e-03	9.9859e-01	1.7466e-02	9.8253e-01	3.4018e-08	2.9079e-18	8.3800e-05	2.4683e-01	7.5291e-01	1.7900e-04	9.5312e-04	6.8012e-01	3.1893e-01	1.1755e-36	1.1755e-36	1.1755e-36	1.0229e-26	0.00e+00	0.00e+00	8.6957e-01
4.12703e+18	5.9107e+03	1.850e-21	2.7826e+01	3.0148e+01	1.0827e-14	1.4816e-03	9.9852e-01	2.0169e-02	9.7983e-01	9.2893e-09	3.6091e-18	9.5028e-05	2.7291e-01	7.2684e-01	1.5352e-04	1.0616e-03	7.1151e-01	2.8742e-01	1.1755e-36	1.1755e-36	1.1755e-36	1.1917e-26	0.00e+00	0.00e+00	1.0040e+00
4.61756e+18	5.9557e+03	1.835e-21	2.7826e+01	3.0139e+01	1.1368e-14	1.5601e-03	9.9844e-01	2.3348e-02	9.7665e-01	3.4999e-09	4.4914e-18	1.0741e-04	3.0081e-01	6.9895e-01	1.3246e-04	1.1744e-03	7.4031e-01	2.5852e-01	1.1755e-36	1.1755e-36	1.1755e-36	1.4084e-26	0.00e+00	0.00e+00	1.1313e+00
5.07780e+18	6.0125e+03	1.825e-21	2.7826e+01	3.0125e+01	1.1986e-14	1.6480e-03	9.9835e-01	2.7408e-02	9.7259e-01	1.4982e-09	5.6970e-18	1.2202e-04	3.3298e-01	6.6678e-01	1.1306e-04	1.3007e-03	7.6915e-01	2.2955e-01	1.1755e-36	1.1755e-36	1.1755e-36	1.7104e-26	0.00e+00	0.00e+00	1.2633e+00
5.52447e+18	6.0755e+03	1.818e-21	2.7826e+01	3.0108e+01	1.2686e-14	1.7474e-03	9.9825e-01	3.3019e-02	9.6698e-01	6.9337e-10	7.3489e-18	1.3977e-04	3.7154e-01	6.2823e-01	9.4535e-05	1.4450e-03	7.9887e-01	1.9969e-01	1.1755e-36	1.1755e-36	1.1755e-36	2.1063e-26	0.00e+00	0.00e+00	1.3976e+00
5.94089e+18	6.1412e+03	1.815e-21	2.7826e+01	3.0085e+01	1.3454e-14	1.8545e-03	9.9815e-01	4.0790e-02	9.5921e-01	3.5215e-10	9.5444e-18	1.6064e-04	4.1634e-01	5.8342e-01	7.7437e-05	1.6032e-03	8.2835e-01	1.7005e-01	1.1755e-36	1.1755e-36	1.1755e-36	2.6063e-26	0.00e+00	0.00e+00	1.5265e+00
6.26458e+18	6.2088e+03	1.814e-21	2.7826e+01	3.0068e+01	1.3894e-14	1.9433e-03	9.9806e-01	5.0109e-02	9.4989e-01	2.1653e-10	1.1821e-17	1.8084e-04	4.5941e-01	5.4034e-01	6.4407e-05	1.7405e-03	8.5286e-01	1.4540e-01	1.1755e-36	1.1755e-36	1.1755e-36	3.0836e-26	0.00e+00	0.00e+00	1.6125e+00
6.47332e+18	6.2388e+03	1.815e-21	2.7826e+01	3.0037e+01	1.4462e-14	2.0103e-03	9.9799e-01	5.8569e-02	9.4143e-01	1.5886e-10	1.3765e-17	1.9635e-04	4.9283e-01	5.0692e-01	5.5680e-05	1.8438e-03	8.6981e-01	1.2835e-01	1.1755e-36	1.1755e-36	1.1755e-36	3.4628e-26	0.00e+00	0.00e+00	1.6709e+00
6.62955e+18	6.2705e+03	1.816e-21	2.7826e+01	3.0018e+01	1.4848e-14	2.0639e-03	9.9794e-01	6.7052e-02	9.3295e-01	1.2562e-10	1.5550e-17	2.0960e-04	5.2056e-01	4.7918e-01	4.9137e-05	1.9274e-03	8.8280e-01	1.1527e-01	1.1755e-36	1.1755e-36	1.1755e-36	3.8132e-26	0.00e+00	0.00e+00	1.7242e+00
6.79860e+18	6.3006e+03	1.817e-21	2.7826e+01	2.9990e+01	1.5463e-14	2.1291e-03	9.9787e-01	7.9017e-02	9.2098e-01	9.6188e-11	1.7948e-17	2.2537e-04	5.5335e-01	4.4639e-01	4.1998e-05	2.0278e-03	8.9713e-01	1.0085e-01	1.1755e-36	1.1755e-36	1.1755e-36	4.2906e-26	0.00e+00	0.00e+00	1.7957e+00
6.97447e+18	6.3372e+03	1.818e-21	2.7826e+01	2.9949e+01	1.5998e-14	2.1967e-03	9.9780e-01	9.6280e-02	9.0372e-01	7.3831e-11	2.0785e-17	2.4317e-04	5.9065e-01	4.0908e-01	3.4943e-05	2.1356e-03	9.1249e-01	8.5373e-02	1.1755e-36	1.1755e-36	1.1755e-36	4.8159e-26	0.00e+00	0.00e+00	1.8577e+00
7.10993e+18	6.3596e+03	1.820e-21	2.7826e+01	2.9903e+01	1.6527e-14	2.2521e-03	9.9775e-01	1.1561e-01	8.8439e-01	6.0150e-11	2.3393e-17	2.5852e-04	6.2290e-01	3.7682e-01	2.9509e-05	2.2255e-03	9.2503e-01	7.2742e-02	1.1755e-36	1.1755e-36	1.1755e-36	5.2660e-26	0.00e+00	0.00e+00	1.9014e+00
7.20627e+18	6.3821e+03	1.819e-21	2.7826e+01	2.9863e+01	1.6840e-14	2.2915e-03	9.9771e-01	1.3437e-01	8.6563e-01	5.1722e-11	2.5522e-17	2.7008e-04	6.4736e-01	3.5234e-01	2.5701e-05	2.2915e-03	9.3425e-01	6.3460e-02	1.1755e-36	1.1755e-36	1.1755e-36	5.6300e-26	0.00e+00	0.00e+00	1.9345e+00
7.28557e+18	6.3987e+03	1.817e-21	2.7826e+01	2.9808e+01	1.7132e-14	2.3250e-03	9.9767e-01	1.5400e-01	8.4600e-01	4.5129e-11	2.7432e-17	2.7996e-04	6.6825e-01	3.3145e-01	2.2618e-05	2.3481e-03	9.4189e-01	5.5759e-02	1.1755e-36	1.1755e-36	1.1755e-36	5.9371e-26	0.00e+00	0.00e+00	1.9657e+00
7.37317e+18	6.4115e+03	1.816e-21	2.7826e+01	2.9756e+01	1.7647e-14	2.3668e-03	9.9763e-01	1.8231e-01	8.1769e-01	3.8359e-11	2.9941e-17	2.9129e-04	6.9189e-01	3.0780e-01	1.9257e-05	2.4162e-03	9.5036e-01	4.7228e-02	1.1755e-36	1.1755e-36	1.1755e-36	6.3639e-26	0.00e+00	0.00e+00	2.0068e+00
7.46309e+18	6.4318e+03	1.811e-21	2.7826e+01	2.9677e+01	1.7997e-14	2.4058e-03	9.9759e-01	2.2172e-01	7.7828e-01	3.2270e-11	3.2596e-17	3.0279e-04	7.1634e-01	2.8334e-01	1.6076e-05	2.4831e-03	9.5910e-01	3.8421e-02	1.1755e-36	1.1755e-36	1.1755e-36	6.7741e-26	0.00e+00	0.00e+00	2.0410e+00
7.53152e+18	6.4327e+03	1.806e-21	2.7826e+01	2.9559e+01	1.8501e-14	2.4360e-03	9.9756e-01	2.6311e-01	7.3689e-01	2.7630e-11	3.4794e-17	3.1128e-04	7.3530e-01	2.6438e-01	1.3729e-05	2.5353e-03	9.6582e-01	3.1643e-02	1.1755e-36	1.1755e-36	1.1755e-36	7.0721e-26	0.00e+00	0.00e+00	2.0650e+00
7.58207e+18	6.4461e+03	1.799e-21	2.7826e+01	2.9475e+01	1.8651e-14	2.4555e-03	9.9754e-01	3.0230e-01	6.9770e-01	2.4335e-11	3.6490e-17	3.1728e-04	7.4893e-01	2.5074e-01	1.2075e-05	2.5712e-03	9.7070e-01	2.6726e-02	1.1755e-36	1.1755e-36	1.1755e-36	7.2963e-26	0.00e+00	0.00e+00	2.0844e+00
7.63387e+18	6.4455e+03	1.788e-21	2.7826e+01	2.9328e+01	1.9077e-14	2.4767e-03	9.9752e-01	3.5101e-01	6.4899e-01	2.0517e-11	3.8354e-17	3.2275e-04	7.6220e-01	2.3747e-01	1.0439e-05	2.6087e-03	9.7540e-01	2.1990e-02	1.1755e-36	1.1755e-36	1.1755e-36	7.5242e-26	0.00e+00	0.00e+00	2.1099e+00
7.69040e+18	6.4434e+03	1.777e-21	2.7826e+01	2.9218e+01	1.9648e-14	2.5043e-03	9.9750e-01	4.1791e-01	5.8209e-01	1.6899e-11	4.0780e-17	3.2899e-04	7.7599e-01	2.2367e-01	8.7817e-06	2.6535e-03	9.8021e-01	1.7135e-02	1.1755e-36	1.1755e-36	1.1755e-36	7.8525e-26	0.00e+00	0.00e+00	2.1339e+00
7.73910e+18	6.4375e+03	1.763e-21	2.7826e+01	2.9067e+01	2.0183e-14	2.5248e-03	9.9748e-01	4.8915e-01	5.1085e-01	1.3725e-11	4.2868e-17	3.3326e-04	7.8673e-01	2.1293e-01	7.4675e-06	2.6880e-03	9.8401e-01	1.3302e-02	1.1755e-36	1.1755e-36	1.1755e-36	8.0882e-26	0.00e+00	0.00e+00	2.1529e+00
7.77942e+18	6.4279e+03	1.747e-21	2.7826e+01	2.8900e+01	2.0716e-14	2.5404e-03	9.9746e-01	5.5696e-01	4.4304e-01	1.1108e-11	4.4621e-17	3.3591e-04	7.9452e-01	2.0514e-01	6.4573e-06	2.7141e-03	9.8678e-01	1.0503e-02	1.1755e-36	1.1755e-36	1.1755e-36	8.2611e-26	0.00e+00	0.00e+00	2.1698e+00
7.82283e+18	6.4142e+03	1.726e-21	2.7826e+01	2.8687e+01	2.1322e-14	2.5563e-03	9.9744e-01	6.3500e-01	3.6500e-01	8.4265e-12	4.6397e-17	3.3783e-04	8.0151e-01	1.9815e-01	5.4514e-06	2.7400e-03	9.8929e-01	7.9727e-03	1.1755e-36	1.1755e-36	1.1755e-36	8.3910e-26	0.00e+00	0.00e+00	2.1918e+00
7.87926e+18	6.3906e+03	1.699e-21	2.7826e+01	2.8415e+01	2.2319e-14	2.5794e-03	9.9742e-01	7.3566e-01	2.6434e-01	5.4554e-12	4.8826e-17	3.3957e-04	8.0856e-01	1.9110e-01	4.3101e-06	2.7743e-03	9.9180e-01	5.4209e-03	1.1755e-36	1.1755e-36	1.1755e-36	8.6040e-26	0.00e+00	0.00e+00	2.2207e+00
7.94134e+18	6.3633e+03	1.673e-21	2.7826e+01	2.8181e+01	2.3519e-14	2.6108e-03	9.9739e-01	8.3379e-01	1.6621e-01	3.0826e-12	5.1464e-17	3.4130e-04	8.1421e-01	1.8545e-01	3.2661e-06	2.8162e-03	9.9377e-01	3.4140e-03	1.1755e-36	1.1755e-36	1.1755e-36	8.8630e-26	0.00e+00	0.00e+00	2.2484e+00
8.01075e+18	6.3371e+03	1.656e-21	2.7826e+01	2.8029e+01	2.4988e-14	2.6560e-03	9.9734e-01	9.1035e-01	8.9647e-02	1.4929e-12	5.4509e-17	3.4365e-04	8.1854e-01	1.8111e-01	2.3194e-06	2.8721e-03	9.9512e-01	2.0052e-03	1.1755e-36	1.1755e-36	1.1755e-36	9.2957e-26	0.00e+00	0.00e+00	2.2850e+00
8.10100e+18	6.3234e+03	1.643e-21	2.7826e+01	2.7880e+01	2.6396e-14	2.7143e-03	9.9729e-01	9.6234e-01	3.7661e-02	5.4470e-13	5.7531e-17	3.4600e-04	8.2174e-01	1.7791e-01	1.4703e-06	2.9424e-03	9.9605e-01	1.0059e-03	1.1755e-36	1.1755e-36	1.1755e-36	9.7948e-26	0.00e+00	0.00e+00	2.3337e+00
8.21831e+18	6.3237e+03	1.643e-21	2.7826e+01	2.7804e+01	2.8017e-14	2.7984e-03	9.9720e-01	9.8775e-01	1.2252e-02	1.4909e-13	6.1414e-17	3.4968e-04	8.2455e-01	1.7510e-01	8.0425e-07	3.0417e-03	9.9654e-01	4.1720e-04	1.1755e-36	1.1755e-36	1.1755e-36	1.0636e-25	0.00e+00	0.00e+00	2.3989e+00
8.37082e+18	6.3383e+03	1.652e-21	2.7826e+01	2.7775e+01	3.0133e-14	2.9173e-03	9.9708e-01	9.9682e-01	3.1771e-03	3.1213e-14	6.7046e-17	3.5495e-04	8.2749e-01	1.7215e-01	3.6797e-07	3.1807e-03	9.9668e-01	1.3896e-04	1.1755e-36	1.1755e-36	1.1755e-36	1.2068e-25	0.00e+00	0.00e+00	2.4873e+00
8.56908e+18	6.3653e+03	1.669e-21	2.7826e+01	2.7770e+01	3.3190e-14	3.0872e-03	9.9691e-01	9.9933e-01	6.7096e-04	5.0402e-15	7.5706e-17	3.6218e-04	8.3114e-01	1.6850e-01	1.3468e-07	3.3792e-03	9.9658e-01	3.6030e-05	1.1755e-36	1.1755e-36	1.1755e-36	1.4488e-25	0.00e+00	0.00e+00	2.6088e+00
8.82682e+18	6.4043e+03	1.695e-21	2.7826e+01	2.7764e+01	3.7873e-14	3.3364e-03	9.9666e-01	9.9988e-01	1.1611e-04	6.2291e-16	8.9441e-17	3.7178e-04	8.3590e-01	1.6373e-01	1.1755e-36	3.6711e-03	9.9632e-01	7.0574e-06	1.1755e-36	1.1755e-36	1.1755e-36	1.8653e-25	0.00e+00	0.00e+00	2.7796e+00
9.16188e+18	6.4586e+03	1.732e-21	2.7826e+01	2.7755e+01	4.5633e-14	3.7197e-03	9.9628e-01	9.9998e-01	1.6746e-05	5.8933e-17	1.1306e-16	3.8473e-04	8.4233e-01	1.5729e-01	1.1755e-36	4.1220e-03	9.9588e-01	1.0098e-06	1.1755e-36	1.1755e-36	1.1755e-36	2.6618e-25	0.00e+00	0.00e+00	3.0272e+00
9.59746e+18	6.5339e+03	1.787e-21	2.7826e+01	2.7737e+01	5.9902e-14	4.3519e-03	9.9565e-01	1.0000e+00	2.4949e-06	5.1958e-18	1.5858e-16	4.0237e-04	8.5123e-01	1.4837e-01	1.1755e-36	4.8702e-03	9.9513e-01	9.9647e-08	1.1755e-36	1.1755e-36	1.1755e-36	4.4453e-25	0.00e+00	0.00e+00	3.4037e+00
1.00428e+19	6.6378e+03	1.856e-21	2.7826e+01	2.7712e+01	8.1746e-14	5.2483e-03	9.9475e-01	1.0000e+00	8.4724e-07	1.0810e-18	2.3587e-16	4.2129e-04	8.6066e-01	1.3892e-01	1.1755e-36	5.9384e-03	9.9406e-01	9.2402e-09	1.1755e-36	1.1755e-36	1.1755e-36	8.1373e-25	0.00e+00	0.00e+00	3.7710e+00
1.03713e+19	6.7121e+03	1.924e-21	2.7826e+01	2.7694e+01	1.0929e-13	6.2046e-03	9.9380e-01	1.0000e+00	5.8715e-07	5.3377e-19	3.3528e-16	4.3623e-04	8.6862e-01	1.3095e-01	1.1755e-36	7.0842e-03	9.9292e-01	1.7077e-09	1.1755e-36	1.1755e-36	1.1755e-36	1.3854e-24	0.00e+00	0.00e+00	4.0530e+00
1.05965e+19	6.7671e+03	1.976e-21	2.7826e+01	2.7661e+01	1.3769e-13	7.0699e-03	9.9293e-01	1.0000e+00	4.9199e-07	3.5598e-19	4.4198e-16	4.4775e-04	8.7463e-01	1.2492e-01	1.1755e-36	8.1264e-03	9.9187e-01	5.6157e-10	1.1755e-36	1.1755e-36	1.1755e-36	2.1031e-24	0.00e+00	0.00e+00	4.2911e+00
1.07855e+19	6.8121e+03	2.022e-21	2.7826e+01	2.7636e+01	1.7110e-13	7.9744e-03	9.9203e-01	1.0000e+00	4.3140e-07	2.5663e-19	5.7063e-16	4.5733e-04	8.8021e-01	1.1934e-01	1.1755e-36	9.2201e-03	9.9078e-01	2.2154e-10	1.1755e-36	1.1755e-36	1.1755e-36	3.0881e-24	0.00e+00	0.00e+00	4.5520e+00
1.09996e+19	6.8581e+03	2.080e-21	2.7826e+01	2.7600e+01	2.2622e-13	9.2669e-03	9.9073e-01	1.0000e+00	3.7353e-07	1.7695e-19	7.8590e-16	4.6849e-04	8.8718e-01	1.1235e-01	1.1755e-36	1.0789e-02	9.8921e-01	7.6899e-11	1.1755e-36	1.1755e-36	1.1755e-36	4.9875e-24	0.00e+00	0.00e+00	4.9462e+00
1.12232e+19	6.9108e+03	2.151e-21	2.7826e+01	2.7566e+01	3.1587e-13	1.1097e-02	9.8890e-01	1.0000e+00	3.1213e-07	1.1867e-19	1.1487e-15	4.8022e-04	8.9494e-01	1.0458e-01	1.1755e-36	1.3017e-02	9.8698e-01	2.5586e-11	1.1755e-36	1.1755e-36	1.1755e-36	8.8076e-24	0.00e+00	0.00e+00	5.3461e+00
1.13988e+19	6.9504e+03	2.216e-21	2.7826e+01	2.7504e+01	4.3275e-13	1.3107e-02	9.8689e-01	1.0000e+00	2.7001e-07	8.7082e-20	1.6280e-15	4.9023e-04	9.0170e-01	9.7806e-02	1.1755e-36	1.5472e-02	9.8453e-01	1.0833e-11	1.1755e-36	1.1755e-36	1.1755e-36	1.4836e-23	0.00e+00	0.00e+00	5.6823e+00
1.15248e+19	6.9768e+03	2.266e-21	2.7826e+01	2.7440e+01	5.6192e-13	1.5016e-02	9.8498e-01	1.0000e+00	2.4270e-07	6.9665e-20	2.1631e-15	4.9712e-04	9.0706e-01	9.2444e-02	1.1755e-36	1.7810e-02	9.8219e-01	5.8469e-12	1.1755e-36	1.1755e-36	1.1755e-36	2.2672e-23	0.00e+00	0.00e+00	5.9623e+00
1.16290e+19	6.9928e+03	2.311e-21	2.7826e+01	2.7384e+01	7.1802e-13	1.7008e-02	9.8299e-01	1.0000e+00	2.2228e-07	5.7708e-20	2.8082e-15	5.0310e-04	9.1196e-01	8.7539e-02	1.1755e-36	2.0252e-02	9.7975e-01	3.4647e-12	1.1755e-36	1.1755e-36	1.1755e-36	3.3436e-23	0.00e+00	0.00e+00	6.2674e+00
1.17464e+19	7.0119e+03	2.361e-21	2.7826e+01	2.7304e+01	9.7253e-13	1.9835e-02	9.8017e-01	1.0000e+00	2.0002e-07	4.6190e-20	3.8774e-15	5.0971e-04	9.1794e-01	8.1549e-02	1.1755e-36	2.3724e-02	9.7628e-01	1.8866e-12	1.1755e-36	1.1755e-36	1.1755e-36	5.4032e-23	0.00e+00	0.00e+00	6.7299e+00
1.18760e+19	7.0113e+03	2.426e-21	2.7826e+01	2.7186e+01	1.4540e-12	2.4122e-02	9.7588e-01	1.0000e+00	1.7103e-07	3.4916e-20	5.8296e-15	5.1706e-04	9.2508e-01	7.4405e-02	1.1755e-36	2.8991e-02	9.7101e-01	9.7176e-13	1.1755e-36	1.1755e-36	1.1755e-36	9.8925e-23	0.00e+00	0.00e+00	7.2665e+00
1.19920e+19	7.0078e+03	2.491e-21	2.7826e+01	2.7085e+01	2.2402e-12	2.9750e-02	9.7025e-01	1.0000e+00	1.4650e-07	2.6854e-20	9.0274e-15	5.2417e-04	9.3230e-01	6.7178e-02	1.1755e-36	3.5907e-02	9.6409e-01	5.3225e-13	1.1755e-36	1.1755e-36	1.1755e-36	1.8950e-22	0.00e+00	0.00e+00	7.8172e+00
1.20868e+19	6.9988e+03	2.543e-21	2.7826e+01	2.6923e+01	3.4154e-12	3.6429e-02	9.6357e-01	1.0000e+00	1.2678e-07	2.1353e-20	1.3742e-14	5.2904e-04	9.3881e-01	6.0665e-02	1.1755e-36	4.4108e-02	9.5589e-01	3.2141e-13	1.1755e-36	1.1755e-36	1.1755e-36	3.5383e-22	0.00e+00	0.00e+00	8.3559e+00
1.21646e+19	6.9836e+03	2.580e-21	2.7826e+01	2.6720e+01	5.1405e-12	4.4226e-02	9.5577e-01	1.0000e+00	1.1080e-07	1.7431e-20	2.0526e-14	5.3203e-04	9.4468e-01	5.4793e-02	1.1755e-36	5.3665e-02	9.4633e-01	2.0876e-13	1.1755e-36	1.1755e-36	1.1755e-36	6.4228e-22	0.00e+00	0.00e+00	8.9109e+00
1.22333e+19	6.9645e+03	2.606e-21	2.7826e+01	2.6472e+01	7.8277e-12	5.3903e-02	9.4610e-01	1.0000e+00	9.6539e-08	1.4317e-20	3.0894e-14	5.3353e-04	9.5032e-01	4.9149e-02	1.1755e-36	6.5494e-02	9.3451e-01	1.3969e-13	1.1755e-36	1.1755e-36	1.1755e-36	1.1802e-21	0.00e+00	0.00e+00	9.5353e+00
1.22961e+19	6.9425e+03	2.610e-21	2.7826e+01	2.6079e+01	1.2205e-11	6.6347e-02	9.3365e-01	1.0000e+00	8.2904e-08	1.1720e-20	4.7284e-14	5.3157e-04	9.5577e-01	4.3697e-02	1.1755e-36	8.0643e-02	9.1936e-01	9.4698e-14	1.1755e-36	1.1755e-36	1.1755e-36	2.2230e-21	0.00e+00	0.00e+00	1.0233e+01
1.23519e+19	6.9142e+03	2.593e-21	2.7826e+01	2.5598e+01	1.9479e-11	8.2334e-02	9.1767e-01	1.0000e+00	7.0381e-08	9.5805e-21	7.3572e-14	5.2760e-04	9.6101e-01	3.8464e-02	1.1755e-36	9.9988e-02	9.0001e-01	6.5213e-14	1.1755e-36	1.1755e-36	1.1755e-36	4.2978e-21	0.00e+00	0.00e+00	1.0981e+01
1.23939e+19	6.8803e+03	2.566e-21	2.7826e+01	2.5144e+01	2.9865e-11	9.9955e-02	9.0004e-01	1.0000e+00	5.9701e-08	7.9349e-21	1.0957e-13	5.2264e-04	9.6530e-01	3.4179e-02	1.1755e-36	1.2115e-01	8.7885e-01	4.7958e-14	1.1755e-36	1.1755e-36	1.1755e-36	7.8009e-21	0.00e+00	0.00e+00	1.1547e+01
1.24247e+19	6.8471e+03	2.521e-21	2.7826e+01	2.4653e+01	4.2779e-11	1.1732e-01	8.8268e-01	1.0000e+00	5.3945e-08	7.0715e-21	1.5206e-13	5.1606e-04	9.6867e-01	3.0813e-02	1.1755e-36	1.4184e-01	8.5816e-01	3.7256e-14	1.1755e-36	1.1755e-36	1.1755e-36	1.2743e-20	0.00e+00	0.00e+00	1.2154e+01
1.24521e+19	6.8059e+03	2.462e-21	2.7826e+01	2.4108e+01	6.1355e-11	1.3726e-01	8.6274e-01	1.0000e+00	4.7336e-08	6.1521e-21	2.0969e-13	5.0798e-04	9.7176e-01	2.7733e-02	1.1755e-36	1.6539e-01	8.3461e-01	2.9218e-14	1.1755e-36	1.1755e-36	1.1755e-36	2.0637e-20	0.00e+00	0.00e+00	1.2767e+01
1.24761e+19	6.7590e+03	2.384e-21	2.7826e+01	2.3452e+01	8.7253e-11	1.5937e-01	8.4063e-01	1.0000e+00	4.1872e-08	5.4378e-21	2.8413e-13	4.9736e-04	9.7451e-01	2.4996e-02	1.1755e-36	1.9126e-01	8.0874e-01	2.3200e-14	1.1755e-36	1.1755e-36	1.1755e-36	3.2547e-20	0.00e+00	0.00e+00	1.3395e+01
1.24978e+19	6.7011e+03	2.289e-21	2.7826e+01	2.2714e+01	1.2498e-10	1.8470e-01	8.1530e-01	1.0000e+00	3.6956e-08	4.8207e-21	3.8345e-13	4.8465e-04	9.7707e-01	2.2441e-02	1.1755e-36	2.2056e-01	7.7944e-01	1.8459e-14	1.1755e-36	1.1755e-36	1.1755e-36	5.1049e-20	0.00e+00	0.00e+00	1.4074e+01
1.25181e+19	6.6236e+03	2.176e-21	2.7826e+01	2.1879e+01	1.8382e-10	2.1479e-01	7.8521e-01	1.0000e+00	3.2334e-08	4.2558e-21	5.2174e-13	4.6988e-04	9.7956e-01	1.9969e-02	1.1755e-36	2.5492e-01	7.4508e-01	1.4581e-14	1.1755e-36	1.1755e-36	1.1755e-36	8.1138e-20	0.00e+00	0.00e+00	1.4818e+01
1.25370e+19	6.5253e+03	2.041e-21	2.7826e+01	2.0897e+01	2.7670e-10	2.4991e-01	7.5009e-01	1.0000e+00	2.8094e-08	3.7597e-21	7.1015e-13	4.5189e-04	9.8190e-01	1.7644e-02	1.1755e-36	2.9443e-01	7.0557e-01	1.1457e-14	1.1755e-36	1.1755e-36	1.1755e-36	1.2906e-19	0.00e+00	0.00e+00	1.5615e+01
1.25538e+19	6.4071e+03	1.892e-21	2.7826e+01	1.9833e+01	4.1914e-10	2.8856e-01	7.1144e-01	1.0000e+00	2.4307e-08	3.3283e-21	9.5203e-13	4.3195e-04	9.8400e-01	1.5568e-02	1.1755e-36	3.3717e-01	6.6283e-01	9.0567e-15	1.1755e-36	1.1755e-36	1.1755e-36	2.0081e-19	0.00e+00	0.00e+00	1.6398e+01
1.25673e+19	6.2830e+03	1.749e-21	2.7826e+01	1.8791e+01	6.1075e-10	3.2553e-01	6.7447e-01	1.0000e+00	2.1330e-08	3.0017e-21	1.2156e-12	4.1203e-04	9.8566e-01	1.3929e-02	1.1755e-36	3.7737e-01	6.2263e-01	7.3881e-15	1.1755e-36	1.1755e-36	1.1755e-36	2.9024e-19	0.00e+00	0.00e+00	1.7057e+01
1.25772e+19	6.1694e+03	1.632e-21	2.7826e+01	1.7935e+01	8.3143e-10	3.5678e-01	6.4322e-01	1.0000e+00	1.9341e-08	2.7893e-21	1.4651e-12	3.9549e-04	9.8688e-01	1.2727e-02	1.1755e-36	4.1082e-01	5.8918e-01	6.2936e-15	1.1755e-36	1.1755e-36	1.1755e-36	3.8500e-19	0.00e+00	0.00e+00	1.7578e+01
1.25849e+19	6.0649e+03	1.533e-21	2.7826e+01	1.7191e+01	1.0765e-09	3.8303e-01	6.1697e-01	1.0000e+00	1.8045e-08	2.6634e-21	1.6909e-12	3.8095e-04	9.8780e-01	1.1816e-02	1.1755e-36	4.3855e-01	5.6145e-01	5.5327e-15	1.1755e-36	1.1755e-36	1.1755e-36	4.7806e-19	0.00e+00	0.00e+00	1.8047e+01
1.25915e+19	5.9590e+03	1.442e-21	2.7826e+01	1.6497e+01	1.3753e-09	4.0788e-01	5.9212e-01	1.0000e+00	1.6840e-08	2.5418e-21	1.9209e-12	3.6736e-04	9.8861e-01	1.1021e-02	1.1755e-36	4.6451e-01	5.3549e-01	4.9174e-15	1.1755e-36	1.1755e-36	1.1755e-36	5.8022e-19	0.00e+00	0.00e+00	1.8508e+01
1.25978e+19	5.8462e+03	1.353e-21	2.7826e+01	1.5805e+01	1.7607e-09	4.3267e-01	5.6733e-01	1.0000e+00	1.5678e-08	2.4228e-21	2.1656e-12	3.5370e-04	9.8936e-01	1.0287e-02	1.1755e-36	4.9013e-01	5.0987e-01	4.3864e-15	1.1755e-36	1.1755e-36	1.1755e-36	6.9684e-19	0.00e+00	0.00e+00	1.8973e+01
1.26037e+19	5.7282e+03	1.267e-21	2.7826e+01	1.5124e+01	2.2538e-09	4.5704e-01	5.4296e-01	1.0000e+00	1.4584e-08	2.3092e-21	2.4218e-12	3.4021e-04	9.9004e-01	9.6190e-03	1.1755e-36	5.1504e-01	4.8496e-01	3.9314e-15	1.1755e-36	1.1755e-36	1.1755e-36	8.2803e-19	0.00e+00	0.00e+00	1.9422e+01
1.26090e+19	5.6070e+03	1.189e-21	2.7826e+01	1.4486e+01	2.8702e-09	4.8017e-01	5.1983e-01	1.0000e+00	1.3627e-08	2.2087e-21	2.6819e-12	3.2756e-04	9.9065e-01	9.0255e-03	1.1755e-36	5.3845e-01	4.6155e-01	3.5513e-15	1.1755e-36	1.1755e-36	1.1755e-36	9.7168e-19	0.00e+00	0.00e+00	1.9842e+01
1.26137e+19	5.4882e+03	1.117e-21	2.7826e+01	1.3887e+01	3.6147e-09	5.0168e-01	4.9832e-01	1.0000e+00	1.2824e-08	2.1270e-21	2.9389e-12	3.1565e-04	9.9118e-01	8.5050e-03	1.1755e-36	5.6000e-01	4.4000e-01	3.2349e-15	1.1755e-36	1.1755e-36	1.1755e-36	1.1250e-18	0.00e+00	0.00e+00	2.0239e+01
1.26181e+19	5.3676e+03	1.051e-21	2.7826e+01	1.3320e+01	4.5356e-09	5.2208e-01	4.7791e-01	1.0000e+00	1.2098e-08	2.0521e-21	3.1997e-12	3.0433e-04	9.9166e-01	8.0362e-03	1.1755e-36	5.8025e-01	4.1975e-01	2.9639e-15	1.1755e-36	1.1755e-36	1.1755e-36	1.2938e-18	0.00e+00	0.00e+00	2.0623e+01
1.26221e+19	5.2457e+03	9.893e-22	2.7826e+01	1.2776e+01	5.6782e-09	5.4163e-01	4.5837e-01	1.0000e+00	1.1431e-08	1.9825e-21	3.4687e-12	2.9349e-04	9.9210e-01	7.6080e-03	1.1755e-36	5.9950e-01	4.0050e-01	2.7271e-15	1.1755e-36	1.1755e-36	1.1755e-36	1.4844e-18	0.00e+00	0.00e+00	2.0997e+01
1.26254e+19	5.1461e+03	9.413e-22	2.7826e+01	1.2344e+01	6.8094e-09	5.5717e-01	4.4283e-01	1.0000e+00	1.0796e-08	1.9073e-21	3.6989e-12	2.8484e-04	9.9243e-01	7.2854e-03	1.1755e-36	6.1468e-01	3.8532e-01	2.5532e-15	1.1755e-36	1.1755e-36	1.1755e-36	1.6626e-18	0.00e+00	0.00e+00	2.1252e+01
1.26277e+19	5.0671e+03	9.059e-22	2.7826e+01	1.2019e+01	7.8395e-09	5.6880e-01	4.3120e-01	1.0000e+00	1.0525e-08	1.8857e-21	3.8830e-12	2.7834e-04	9.9267e-01	7.0494e-03	1.1755e-36	6.2598e-01	3.7402e-01	2.4306e-15	1.1755e-36	1.1755e-36	1.1755e-36	1.8164e-18	0.00e+00	0.00e+00	2.1465e+01
1.26300e+19	4.9858e+03	8.721e-22	2.7826e+01	1.1707e+01	9.0373e-09	5.8023e-01	4.1977e-01	1.0000e+00	1.0234e-08	1.8578e-21	4.0764e-12	2.7216e-04	9.9291e-01	6.8185e-03	1.1755e-36	6.3703e-01	3.6297e-01	2.3159e-15	1.1755e-36	1.1755e-36	1.1755e-36	1.9884e-18	0.00e+00	0.00e+00	2.1701e+01
1.26324e+19	4.8892e+03	8.355e-22	2.7826e+01	1.1355e+01	1.0631e-08	5.9276e-01	4.0724e-01	1.0000e+00	9.8341e-09	1.8123e-21	4.2832e-12	2.6519e-04	9.9317e-01	6.5628e-03	1.1755e-36	6.4908e-01	3.5092e-01	2.1974e-15	1.1755e-36	1.1755e-36	1.1755e-36	2.1776e-18	0.00e+00	0.00e+00	2.1965e+01
1.26345e+19	4.8112e+03	8.056e-22	2.7826e+01	1.1065e+01	1.2126e-08	6.0317e-01	3.9683e-01	1.0000e+00	9.3886e-09	1.7531e-21	4.4619e-12	2.5944e-04	9.9338e-01	6.3575e-03	1.1755e-36	6.5906e-01	3.4094e-01	2.1025e-15	1.1755e-36	1.1755e-36	1.1755e-36	2.3515e-18	0.00e+00	0.00e+00	2.2144e+01
1.26360e+19	4.7459e+03	7.837e-22	2.7826e+01	1.0847e+01	1.3479e-08	6.1102e-01	3.8898e-01	1.0000e+00	9.2067e-09	1.7354e-21	4.6025e-12	2.5516e-04	9.9354e-01	6.2038e-03	1.1755e-36	6.6656e-01	3.3344e-01	2.0345e-15	1.1755e-36	1.1755e-36	1.1755e-36	2.4966e-18	0.00e+00	0.00e+00	2.2291e+01
1.26374e+19	4.6871e+03	7.638e-22	2.7826e+01	1.0648e+01	1.4820e-08	6.1817e-01	3.8183e-01	1.0000e+00	9.0238e-09	1.7159e-21	4.7336e-12	2.5127e-04	9.9368e-01	6.0649e-03	1.1755e-36	6.7336e-01	3.2664e-01	1.9739e-15	1.1755e-36	1.1755e-36	1.1755e-36	2.6378e-18	0.00e+00	0.00e+00	2.2440e+01
1.26388e+19	4.6268e+03	7.427e-22	2.7826e+01	1.0439e+01	1.6324e-08	6.2569e-01	3.7431e-01	1.0000e+00	8.8140e-09	1.6924e-21	4.8737e-12	2.4714e-04	9.9383e-01	5.9204e-03	1.1755e-36	6.8049e-01	3.1951e-01	1.9114e-15	1.1755e-36	1.1755e-36	1.1755e-36	2.7949e-18	0.00e+00	0.00e+00	2.2606e+01
1.26404e+19	4.5516e+03	7.201e-22	2.7826e+01	1.0205e+01	1.8319e-08	6.3410e-01	3.6590e-01	1.0000e+00	8.5577e-09	1.6601e-21	5.0363e-12	2.4260e-04	9.9400e-01	5.7606e-03	1.1755e-36	6.8845e-01	3.1155e-01	1.8447e-15	1.1755e-36	1.1755e-36	1.1755e-36	2.9874e-18	0.00e+00	0.00e+00	2.2788e+01
1.26420e+19	4.4793e+03	6.981e-22	2.7826e+01	9.9773e+00	2.0425e-08	6.4231e-01	3.5769e-01	1.0000e+00	8.2850e-09	1.6241e-21	5.1974e-12	2.3817e-04	9.9415e-01	5.6076e-03	1.1755e-36	6.9619e-01	3.0381e-01	1.7812e-15	1.1755e-36	1.1755e-36	1.1755e-36	3.1870e-18	0.00e+00	0.00e+00	2.2958e+01
1.26435e+19	4.4087e+03	6.775e-22	2.7826e+01	9.7606e+00	2.2635e-08	6.5012e-01	3.4988e-01	1.0000e+00	8.0653e-09	1.5968e-21	5.3530e-12	2.3398e-04	9.9430e-01	5.4637e-03	1.1755e-36	7.0352e-01	2.9648e-01	1.7226e-15	1.1755e-36	1.1755e-36	1.1755e-36	3.3886e-18	0.00e+00	0.00e+00	2.3125e+01
1.26450e+19	4.3356e+03	6.571e-22	2.7826e+01	9.5435e+00	2.5070e-08	6.5799e-01	3.4201e-01	1.0000e+00	7.8434e-09	1.5684e-21	5.5112e-12	2.2982e-04	9.9445e-01	5.3203e-03	1.1755e-36	7.1089e-01	2.8911e-01	1.6652e-15	1.1755e-36	1.1755e-36	1.1755e-36	3.6023e-18	0.00e+00	0.00e+00	2.3297e+01
1.26465e+19	4.2633e+03	6.360e-22	2.7826e+01	9.3141e+00	2.7607e-08	6.6575e-01	3.3425e-01	1.0000e+00	7.6193e-09	1.5415e-21	5.6591e-12	2.2535e-04	9.9459e-01	5.1813e-03	1.1755e-36	7.1813e-01	2.8187e-01	1.6097e-15	1.1755e-36	1.1755e-36	1.1755e-36	3.8095e-18	0.00e+00	0.00e+00	2.3477e+01
1.26481e+19	4.1757e+03	6.144e-22	2.7826e+01	9.0740e+00	3.0787e-08	6.7445e-01	3.2555e-01	1.0000e+00	7.3734e-09	1.5080e-21	5.8307e-12	2.2085e-04	9.9475e-01	5.0265e-03	1.1755e-36	7.2624e-01	2.7376e-01	1.5502e-15	1.1755e-36	1.1755e-36	1.1755e-36	4.0576e-18	0.00e+00	0.00e+00	2.3676e+01
1.26497e+19	4.0949e+03	5.924e-22	2.7826e+01	8.8326e+00	3.3842e-08	6.8291e-01	3.1709e-01	1.0000e+00	7.1051e-09	1.4713e-21	5.9855e-12	2.1622e-04	9.9490e-01	4.8788e-03	1.1755e-36	7.3408e-01	2.6592e-01	1.4929e-15	1.1755e-36	1.1755e-36	1.1755e-36	4.2847e-18	0.00e+00	0.00e+00	2.3870e+01
1.26514e+19	3.9971e+03	5.702e-22	2.7826e+01	8.5832e+00	3.7532e-08	6.9232e-01	3.0768e-01	1.0000e+00	6.8444e-09	1.4330e-21	6.1566e-12	2.1168e-04	9.9507e-01	4.7157e-03	1.1755e-36	7.4278e-01	2.5722e-01	1.4323e-15	1.1755e-36	1.1755e-36	1.1755e-36	4.5379e-18	0.00e+00	0.00e+00	2.4089e+01
###########################
1.96086e+14	6.4086e+03	2.285e-21	2.7826e+01	3.0187e+01	5.6168e-15	1.2238e-03	9.9878e-01	1.0606e-02	9.8849e-01	9.0440e-04	1.3613e-18	5.1434e-05	1.6531e-01	8.3420e-01	4.4213e-04	5.7356e-04	5.1811e-01	4.8113e-01	1.8776e-04	1.1755e-36	1.1755e-36	7.6881e-27	0.00e+00	0.00e+00	8.4311e-05
1.17651e+15	6.4075e+03	2.285e-21	2.7826e+01	3.0185e+01	5.6178e-15	1.2236e-03	9.9878e-01	1.0606e-02	9.8849e-01	9.0358e-04	1.3599e-18	5.1597e-05	1.6532e-01	8.3418e-01	4.4255e-04	5.7339e-04	5.1802e-01	4.8122e-01	1.8710e-04	1.1755e-36	1.1755e-36	7.6729e-27	0.00e+00	0.00e+00	4.2151e-04
5.09823e+15	6.4048e+03	2.284e-21	2.7826e+01	3.0184e+01	5.6224e-15	1.2233e-03	9.9878e-01	1.0608e-02	9.8849e-01	8.9739e-04	1.3585e-18	5.1603e-05	1.6539e-01	8.3411e-01	4.4141e-04	5.7340e-04	5.1810e-01	4.8114e-01	1.8431e-04	1.1755e-36	1.1755e-36	7.6501e-27	0.00e+00	0.00e+00	1.7700e-03
2.07851e+16	6.3965e+03	2.281e-21	2.7826e+01	3.0184e+01	5.6678e-15	1.2236e-03	9.9878e-01	1.0627e-02	9.8851e-01	8.6575e-04	1.3641e-18	5.1735e-05	1.6569e-01	8.3382e-01	4.3772e-04	5.7457e-04	5.1877e-01	4.8049e-01	1.7344e-04	1.1755e-36	1.1755e-36	7.6693e-27	0.00e+00	0.00e+00	7.1651e-03
4.96489e+16	6.3757e+03	2.267e-21	2.7826e+01	3.0184e+01	5.6983e-15	1.2174e-03	9.9878e-01	1.0613e-02	9.8854e-01	8.4517e-04	1.3485e-18	5.1568e-05	1.6563e-01	8.3388e-01	4.3404e-04	5.7289e-04	5.1931e-01	4.7995e-01	1.5891e-04	1.1755e-36	1.1755e-36	7.5169e-27	0.00e+00	0.00e+00	1.4143e-02
8.71718e+16	6.3499e+03	2.254e-21	2.7826e+01	3.0184e+01	5.7577e-15	1.2123e-03	9.9879e-01	1.0615e-02	9.8859e-01	7.9390e-04	1.3375e-18	5.1539e-05	1.6578e-01	8.3374e-01	4.2774e-04	5.7261e-04	5.2048e-01	4.7881e-01	1.4126e-04	1.1755e-36	1.1755e-36	7.3776e-27	0.00e+00	0.00e+00	2.3176e-02
1.35952e+17	6.3207e+03	2.238e-21	2.7826e+01	3.0184e+01	5.8371e-15	1.2075e-03	9.9879e-01	1.0629e-02	9.8866e-01	7.1399e-04	1.3300e-18	5.1585e-05	1.6608e-01	8.3345e-01	4.1896e-04	5.7341e-04	5.2225e-01	4.7705e-01	1.2077e-04	1.1755e-36	1.1755e-36	7.2493e-27	0.00e+00	0.00e+00	3.4873e-02
1.99365e+17	6.2875e+03	2.220e-21	2.7826e+01	3.0184e+01	5.9348e-15	1.2032e-03	9.9880e-01	1.0659e-02	9.8873e-01	6.0732e-04	1.3251e-18	5.1707e-05	1.6660e-01	8.3294e-01	4.0761e-04	5.7554e-04	5.2481e-01	4.7451e-01	9.8135e-05	1.1755e-36	1.1755e-36	7.1165e-27	0.00e+00	0.00e+00	5.0025e-02
2.81803e+17	6.2498e+03	2.199e-21	2.7826e+01	3.0183e+01	6.0684e-15	1.1994e-03	9.9880e-01	1.0709e-02	9.8881e-01	4.8053e-04	1.3268e-18	5.1921e-05	1.6740e-01	8.3215e-01	3.9379e-04	5.7940e-04	5.2836e-01	4.7099e-01	7.4628e-05	1.1755e-36	1.1755e-36	7.0127e-27	0.00e+00	0.00e+00	6.9660e-02
3.88973e+17	6.2073e+03	2.175e-21	2.7826e+01	3.0183e+01	6.2319e-15	1.1966e-03	9.9880e-01	1.0790e-02	9.8886e-01	3.4644e-04	1.3340e-18	5.2274e-05	1.6862e-01	8.3095e-01	3.7792e-04	5.8553e-04	5.3312e-01	4.6624e-01	5.2096e-05	1.1755e-36	1.1755e-36	6.9101e-27	0.00e+00	0.00e+00	9.5126e-02
5.28293e+17	6.1599e+03	2.147e-21	2.7826e+01	3.0182e+01	6.4423e-15	1.1954e-03	9.9880e-01	1.0913e-02	9.8886e-01	2.2206e-04	1.3514e-18	5.2838e-05	1.7040e-01	8.2919e-01	3.6055e-04	5.9464e-04	5.3936e-01	4.6002e-01	3.2595e-05	1.1755e-36	1.1755e-36	6.8371e-27	0.00e+00	0.00e+00	1.2820e-01
7.09409e+17	6.1079e+03	2.116e-21	2.7826e+01	3.0181e+01	6.6906e-15	1.1969e-03	9.9880e-01	1.1100e-02	9.8878e-01	1.2298e-04	1.3788e-18	5.3719e-05	1.7299e-01	8.2661e-01	3.4209e-04	6.0787e-04	5.4742e-01	4.5195e-01	1.7755e-05	1.1755e-36	1.1755e-36	6.7607e-27	0.00e+00	0.00e+00	1.7125e-01
9.44860e+17	6.0528e+03	2.082e-21	2.7826e+01	3.0180e+01	7.0188e-15	1.2025e-03	9.9880e-01	1.1379e-02	9.8856e-01	5.6948e-05	1.4296e-18	5.5072e-05	1.7677e-01	8.2285e-01	3.2242e-04	6.2683e-04	5.5781e-01	4.4155e-01	8.1342e-06	1.1755e-36	1.1755e-36	6.7666e-27	0.00e+00	0.00e+00	2.2747e-01
1.25095e+18	5.9954e+03	2.045e-21	2.7826e+01	3.0179e+01	7.4530e-15	1.2148e-03	9.9879e-01	1.1804e-02	9.8818e-01	2.1237e-05	1.5161e-18	5.7097e-05	1.8231e-01	8.1734e-01	3.0072e-04	6.5427e-04	5.7133e-01	4.2801e-01	3.0106e-06	1.1755e-36	1.1755e-36	6.8862e-27	0.00e+00	0.00e+00	3.0131e-01
1.64886e+18	5.9471e+03	2.004e-21	2.7826e+01	3.0177e+01	7.9449e-15	1.2363e-03	9.9876e-01	1.2448e-02	9.8755e-01	6.1292e-06	1.6556e-18	6.0270e-05	1.9043e-01	8.0923e-01	2.7605e-04	6.9383e-04	5.8901e-01	4.1029e-01	8.6233e-07	1.1755e-36	1.1755e-36	7.1607e-27	0.00e+00	0.00e+00	3.9901e-01
2.16614e+18	5.9042e+03	1.962e-21	2.7826e+01	3.0172e+01	8.6266e-15	1.2744e-03	9.9873e-01	1.3466e-02	9.8653e-01	1.3183e-06	1.8993e-18	6.5340e-05	2.0285e-01	7.9684e-01	2.4665e-04	7.5377e-04	6.1286e-01	3.8638e-01	1.8336e-07	1.1755e-36	1.1755e-36	7.7508e-27	0.00e+00	0.00e+00	5.2992e-01
2.83861e+18	5.8788e+03	1.920e-21	2.7826e+01	3.0165e+01	9.5351e-15	1.3390e-03	9.9866e-01	1.5181e-02	9.8482e-01	2.0858e-07	2.3427e-18	7.3580e-05	2.2249e-01	7.7723e-01	2.1150e-04	8.4705e-04	6.4542e-01	3.5374e-01	1.1755e-36	1.1755e-36	1.1755e-36	8.9092e-27	0.00e+00	0.00e+00	7.0875e-01
3.54375e+18	5.8816e+03	1.876e-21	2.7826e+01	3.0157e+01	1.0244e-14	1.4081e-03	9.9859e-01	1.7466e-02	9.8253e-01	3.4018e-08	2.9077e-18	8.3801e-05	2.4683e-01	7.5291e-01	1.7900e-04	9.5312e-04	6.8012e-01	3.1893e-01	1.1755e-36	1.1755e-36	1.1755e-36	1.0227e-26	0.00e+00	0.00e+00	8.6957e-01
4.12704e+18	5.9107e+03	1.850e-21	2.7826e+01	3.0148e+01	1.0827e-14	1.4816e-03	9.9852e-01	2.0169e-02	9.7983e-01	9.2893e-09	3.6088e-18	9.5029e-05	2.7291e-01	7.2684e-01	1.5352e-04	1.0616e-03	7.1151e-01	2.8742e-01	1.1755e-36	1.1755e-36	1.1755e-36	1.1915e-26	0.00e+00	0.00e+00	1.0040e+00
4.61757e+18	5.9557e+03	1.835e-21	2.7826e+01	3.0139e+01	1.1367e-14	1.5601e-03	9.9844e-01	2.3348e-02	9.7665e-01	3.4999e-09	4.4911e-18	1.0741e-04	3.0081e-01	6.9895e-01	1.3246e-04	1.1744e-03	7.4031e-01	2.5852e-01	1.1755e-36	1.1755e-36	1.1755e-36	1.4081e-26	0.00e+00	0.00e+00	1.1313e+00
5.07780e+18	6.0125e+03	1.825e-21	2.7826e+01	3.0125e+01	1.1985e-14	1.6480e-03	9.9835e-01	2.7408e-02	9.7259e-01	1.4982e-09	5.6965e-18	1.2202e-04	3.3298e-01	6.6678e-01	1.1306e-04	1.3007e-03	7.6915e-01	2.2955e-01	1.1755e-36	1.1755e-36	1.1755e-36	1.7100e-26	0.00e+00	0.00e+00	1.2633e+00
5.52447e+18	6.0755e+03	1.818e-21	2.7826e+01	3.0108e+01	1.2685e-14	1.7474e-03	9.9825e-01	3.3019e-02	9.6698e-01	6.9337e-10	7.3482e-18	1.3977e-04	3.7154e-01	6.2823e-01	9.4535e-05	1.4450e-03	7.9887e-01	1.9969e-01	1.1755e-36	1.1755e-36	1.1755e-36	2.1059e-26	0.00e+00	0.00e+00	1.3976e+00
5.94089e+18	6.1412e+03	1.815e-21	2.7826e+01	3.0085e+01	1.3452e-14	1.8545e-03	9.9815e-01	4.0790e-02	9.5921e-01	3.5215e-10	9.5435e-18	1.6065e-04	4.1634e-01	5.8342e-01	7.7437e-05	1.6032e-03	8.2835e-01	1.7005e-01	1.1755e-36	1.1755e-36	1.1755e-36	2.6057e-26	0.00e+00	0.00e+00	1.5265e+00
6.26459e+18	6.2088e+03	1.814e-21	2.7826e+01	3.0068e+01	1.3893e-14	1.9433e-03	9.9806e-01	5.0109e-02	9.4989e-01	2.1653e-10	1.1820e-17	1.8084e-04	4.5941e-01	5.4034e-01	6.4407e-05	1.7405e-03	8.5286e-01	1.4540e-01	1.1755e-36	1.1755e-36	1.1755e-36	3.0829e-26	0.00e+00	0.00e+00	1.6125e+00
6.47332e+18	6.2388e+03	1.815e-21	2.7826e+01	3.0037e+01	1.4460e-14	2.0103e-03	9.9799e-01	5.8569e-02	9.4143e-01	1.5886e-10	1.3764e-17	1.9636e-04	4.9283e-01	5.0692e-01	5.5680e-05	1.8438e-03	8.6981e-01	1.2835e-01	1.1755e-36	1.1755e-36	1.1755e-36	3.4620e-26	0.00e+00	0.00e+00	1.6709e+00
6.62955e+18	6.2705e+03	1.816e-21	2.7826e+01	3.0018e+01	1.4846e-14	2.0639e-03	9.9794e-01	6.7052e-02	9.3295e-01	1.2562e-10	1.5549e-17	2.0961e-04	5.2056e-01	4.7918e-01	4.9137e-05	1.9274e-03	8.8280e-01	1.1527e-01	1.1755e-36	1.1755e-36	1.1755e-36	3.8123e-26	0.00e+00	0.00e+00	1.7242e+00
6.79860e+18	6.3006e+03	1.817e-21	2.7826e+01	2.9990e+01	1.5461e-14	2.1291e-03	9.9787e-01	7.9017e-02	9.2098e-01	9.6188e-11	1.7946e-17	2.2537e-04	5.5335e-01	4.4639e-01	4.1998e-05	2.0278e-03	8.9713e-01	1.0085e-01	1.1755e-36	1.1755e-36	1.1755e-36	4.2896e-26	0.00e+00	0.00e+00	1.7957e+00
6.97447e+18	6.3372e+03	1.818e-21	2.7826e+01	2.9949e+01	1.5996e-14	2.1967e-03	9.9780e-01	9.6280e-02	9.0372e-01	7.3831e-11	2.0783e-17	2.4317e-04	5.9065e-01	4.0908e-01	3.4943e-05	2.1356e-03	9.1249e-01	8.5372e-02	1.1755e-36	1.1755e-36	1.1755e-36	4.8148e-26	0.00e+00	0.00e+00	1.8577e+00
7.10993e+18	6.3596e+03	1.820e-21	2.7826e+01	2.9903e+01	1.6525e-14	2.2521e-03	9.9775e-01	1.1561e-01	8.8439e-01	6.0150e-11	2.3390e-17	2.5853e-04	6.2290e-01	3.7682e-01	2.9509e-05	2.2255e-03	9.2503e-01	7.2742e-02	1.1755e-36	1.1755e-36	1.1755e-36	5.2647e-26	0.00e+00	0.00e+00	1.9014e+00
7.20628e+18	6.3821e+03	1.819e-21	2.7826e+01	2.9863e+01	1.6838e-14	2.2915e-03	9.9771e-01	1.3437e-01	8.6563e-01	5.1722e-11	2.5519e-17	2.7009e-04	6.4736e-01	3.5234e-01	2.5701e-05	2.2915e-03	9.3425e-01	6.3460e-02	1.1755e-36	1.1755e-36	1.1755e-36	5.6287e-26	0.00e+00	0.00e+00	1.9345e+00
7.28557e+18	6.3987e+03	1.817e-21	2.7826e+01	2.9808e+01	1.7130e-14	2.3250e-03	9.9767e-01	1.5400e-01	8.4600e-01	4.5129e-11	2.7429e-17	2.7997e-04	6.6825e-01	3.3145e-01	2.2618e-05	2.3481e-03	9.4189e-01	5.5759e-02	1.1755e-36	1.1755e-36	1.1755e-36	5.9357e-26	0.00e+00	0.00e+00	1.9657e+00
7.37317e+18	6.4115e+03	1.816e-21	2.7826e+01	2.9756e+01	1.7645e-14	2.3668e-03	9.9763e-01	1.8231e-01	8.1769e-01	3.8359e-11	2.9938e-17	2.9130e-04	6.9189e-01	3.0780e-01	1.9257e-05	2.4162e-03	9.5036e-01	4.7228e-02	1.1755e-36	1.1755e-36	1.1755e-36	6.3624e-26	0.00e+00	0.00e+00	2.0068e+00
7.46309e+18	6.4318e+03	1.811e-21	2.7826e+01	2.9677e+01	1.7994e-14	2.4058e-03	9.9759e-01	2.2172e-01	7.7828e-01	3.2270e-11	3.2592e-17	3.0280e-04	7.1634e-01	2.8334e-01	1.6076e-05	2.4831e-03	9.5910e-01	3.8421e-02	1.1755e-36	1.1755e-36	1.1755e-36	6.7724e-26	0.00e+00	0.00e+00	2.0410e+00
7.53152e+18	6.4327e+03	1.806e-21	2.7826e+01	2.9559e+01	1.8498e-14	2.4360e-03	9.9756e-01	2.6312e-01	7.3688e-01	2.7630e-11	3.4789e-17	3.1129e-04	7.3530e-01	2.6438e-01	1.3729e-05	2.5353e-03	9.6582e-01	3.1643e-02	1.1755e-36	1.1755e-36	1.1755e-36	7.0701e-26	0.00e+00	0.00e+00	2.0650e+00
7.58207e+18	6.4461e+03	1.799e-21	2.7826e+01	2.9475e+01	1.8648e-14	2.4555e-03	9.9754e-01	3.0230e-01	6.9770e-01	2.4335e-11	3.6485e-17	3.1729e-04	7.4893e-01	2.5074e-01	1.2075e-05	2.5712e-03	9.7070e-01	2.6726e-02	1.1755e-36	1.1755e-36	1.1755e-36	7.2945e-26	0.00e+00	0.00e+00	2.0844e+00
7.63387e+18	6.4455e+03	1.788e-21	2.7826e+01	2.9328e+01	1.9074e-14	2.4767e-03	9.9752e-01	3.5101e-01	6.4899e-01	2.0517e-11	3.8349e-17	3.2276e-04	7.6220e-01	2.3747e-01	1.0439e-05	2.6087e-03	9.7540e-01	2.1990e-02	1.1755e-36	1.1755e-36	1.1755e-36	7.5220e-26	0.00e+00	0.00e+00	2.1099e+00
7.69040e+18	6.4434e+03	1.777e-21	2.7826e+01	2.9218e+01	1.9646e-14	2.5042e-03	9.9750e-01	4.1791e-01	5.8209e-01	1.6900e-11	4.0774e-17	3.2900e-04	7.7599e-01	2.2367e-01	8.7817e-06	2.6535e-03	9.8021e-01	1.7135e-02	1.1755e-36	1.1755e-36	1.1755e-36	7.8501e-26	0.00e+00	0.00e+00	2.1339e+00
7.73910e+18	6.4375e+03	1.763e-21	2.7826e+01	2.9067e+01	2.0180e-14	2.5248e-03	9.9748e-01	4.8915e-01	5.1085e-01	1.3725e-11	4.2861e-17	3.3326e-04	7.8673e-01	2.1293e-01	7.4676e-06	2.6880e-03	9.8401e-01	1.3302e-02	1.1755e-36	1.1755e-36	1.1755e-36	8.0856e-26	0.00e+00	0.00e+00	2.1529e+00
7.77942e+18	6.4279e+03	1.747e-21	2.7826e+01	2.8900e+01	2.0712e-14	2.5404e-03	9.9746e-01	5.5696e-01	4.4304e-01	1.1108e-11	4.4614e-17	3.3592e-04	7.9452e-01	2.0514e-01	6.4573e-06	2.7141e-03	9.8678e-01	1.0503e-02	1.1755e-36	1.1755e-36	1.1755e-36	8.2584e-26	0.00e+00	0.00e+00	2.1698e+00
7.82283e+18	6.4142e+03	1.726e-21	2.7826e+01	2.8687e+01	2.1319e-14	2.5563e-03	9.9744e-01	6.3500e-01	3.6500e-01	8.4264e-12	4.6389e-17	3.3784e-04	8.0151e-01	1.9815e-01	5.4514e-06	2.7400e-03	9.8929e-01	7.9726e-03	1.1755e-36	1.1755e-36	1.1755e-36	8.3880e-26	0.00e+00	0.00e+00	2.1918e+00
7.87926e+18	6.3906e+03	1.699e-21	2.7826e+01	2.8415e+01	2.2315e-14	2.5794e-03	9.9742e-01	7.3567e-01	2.6433e-01	5.4553e-12	4.8816e-17	3.3958e-04	8.0856e-01	1.9110e-01	4.3101e-06	2.7743e-03	9.9180e-01	5.4209e-03	1.1755e-36	1.1755e-36	1.1755e-36	8.6003e-26	0.00e+00	0.00e+00	2.2207e+00
7.94134e+18	6.3633e+03	1.673e-21	2.7826e+01	2.8181e+01	2.3523e-14	2.6108e-03	9.9739e-01	8.3379e-01	1.6621e-01	3.0826e-12	5.1475e-17	3.4131e-04	8.1421e-01	1.8545e-01	3.2661e-06	2.8162e-03	9.9377e-01	3.4140e-03	1.1755e-36	1.1755e-36	1.1755e-36	8.8668e-26	0.00e+00	0.00e+00	2.2484e+00
8.01076e+18	6.3371e+03	1.656e-21	2.7826e+01	2.8029e+01	2.4985e-14	2.6560e-03	9.9734e-01	9.1035e-01	8.9645e-02	1.4929e-12	5.4504e-17	3.4366e-04	8.1854e-01	1.8111e-01	2.3193e-06	2.8721e-03	9.9512e-01	2.0052e-03	1.1755e-36	1.1755e-36	1.1755e-36	9.2938e-26	0.00e+00	0.00e+00	2.2850e+00
8.10100e+18	6.3234e+03	1.643e-21	2.7826e+01	2.7880e+01	2.6395e-14	2.7143e-03	9.9729e-01	9.6234e-01	3.7661e-02	5.4469e-13	5.7530e-17	3.4601e-04	8.2174e-01	1.7791e-01	1.4703e-06	2.9424e-03	9.9605e-01	1.0059e-03	1.1755e-36	1.1755e-36	1.1755e-36	9.7945e-26	0.00e+00	0.00e+00	2.3337e+00
8.21831e+18	6.3237e+03	1.643e-21	2.7826e+01	2.7804e+01	2.8018e-14	2.7984e-03	9.9720e-01	9.8775e-01	1.2252e-02	1.4909e-13	6.1416e-17	3.4969e-04	8.2455e-01	1.7510e-01	8.0424e-07	3.0417e-03	9.9654e-01	4.1719e-04	1.1755e-36	1.1755e-36	1.1755e-36	1.0637e-25	0.00e+00	0.00e+00	2.3989e+00
8.37082e+18	6.3383e+03	1.652e-21	2.7826e+01	2.7775e+01	3.0135e-14	2.9173e-03	9.9708e-01	9.9682e-01	3.1770e-03	3.1213e-14	6.7051e-17	3.5496e-04	8.2749e-01	1.7215e-01	3.6797e-07	3.1807e-03	9.9668e-01	1.3895e-04	1.1755e-36	1.1755e-36	1.1755e-36	1.2070e-25	0.00e+00	0.00e+00	2.4873e+00
8.56908e+18	6.3653e+03	1.669e-21	2.7826e+01	2.7770e+01	3.3193e-14	3.0872e-03	9.9691e-01	9.9933e-01	6.7095e-04	5.0401e-15	7.5713e-17	3.6219e-04	8.3114e-01	1.6850e-01	1.3468e-07	3.3792e-03	9.9658e-01	3.6030e-05	1.1755e-36	1.1755e-36	1.1755e-36	1.4490e-25	0.00e+00	0.00e+00	2.6088e+00
8.82682e+18	6.4043e+03	1.695e-21	2.7826e+01	2.7764e+01	3.7878e-14	3.3364e-03	9.9666e-01	9.9988e-01	1.1610e-04	6.2289e-16	8.9453e-17	3.7179e-04	8.3590e-01	1.6373e-01	1.1755e-36	3.6711e-03	9.9632e-01	7.0572e-06	1.1755e-36	1.1755e-36	1.1755e-36	1.8658e-25	0.00e+00	0.00e+00	2.7796e+00
9.16189e+18	6.4643e+03	1.731e-21	2.7826e+01	2.7755e+01	4.5365e-14	3.7171e-03	9.9628e-01	9.9998e-01	1.6758e-05	5.9008e-17	1.1292e-16	3.8463e-04	8.4225e-01	1.5736e-01	1.1755e-36	4.1192e-03	9.9588e-01	1.0094e-06	1.1755e-36	1.1755e-36	1.1755e-36	2.6591e-25	0.00e+00	0.00e+00	3.0270e+00
9.59747e+18	6.5393e+03	1.785e-21	2.7826e+01	2.7737e+01	5.9551e-14	4.3483e-03	9.9565e-01	1.0000e+00	2.4965e-06	5.2021e-18	1.5834e-16	4.0226e-04	8.5115e-01	1.4844e-01	1.1755e-36	4.8663e-03	9.9513e-01	9.9616e-08	1.1755e-36	1.1755e-36	1.1755e-36	4.4383e-25	0.00e+00	0.00e+00	3.4032e+00
1.00430e+19	6.6361e+03	1.857e-21	2.7826e+01	2.7712e+01	8.1852e-14	5.2481e-03	9.9475e-01	1.0000e+00	8.4713e-07	1.0804e-18	2.3586e-16	4.2131e-04	8.6067e-01	1.3891e-01	1.1755e-36	5.9381e-03	9.9406e-01	9.2336e-09	1.1755e-36	1.1755e-36	1.1755e-36	8.1353e-25	0.00e+00	0.00e+00	3.7709e+00
1.03719e+19	6.7130e+03	1.924e-21	2.7826e+01	2.7694e+01	1.0921e-13	6.2042e-03	9.9380e-01	1.0000e+00	5.8707e-07	5.3334e-19	3.3525e-16	4.3624e-04	8.6861e-01	1.3095e-01	1.1755e-36	7.0838e-03	9.9292e-01	1.7025e-09	1.1755e-36	1.1755e-36	1.1755e-36	1.3854e-24	0.00e+00	0.00e+00	4.0533e+00
1.05973e+19	6.7672e+03	1.976e-21	2.7826e+01	2.7661e+01	1.3773e-13	7.0708e-03	9.9293e-01	1.0000e+00	4.9181e-07	3.5556e-19	4.4211e-16	4.4778e-04	8.7464e-01	1.2491e-01	1.1755e-36	8.1275e-03	9.9187e-01	5.5946e-10	1.1755e-36	1.1755e-36	1.1755e-36	2.1041e-24	0.00e+00	0.00e+00	4.2914e+00
1.07861e+19	6.8121e+03	2.023e-21	2.7826e+01	2.7636e+01	1.7112e-13	7.9750e-03	9.9203e-01	1.0000e+00	4.3132e-07	2.5641e-19	5.7073e-16	4.5735e-04	8.8021e-01	1.1933e-01	1.1755e-36	9.2208e-03	9.9078e-01	2.2085e-10	1.1755e-36	1.1755e-36	1.1755e-36	3.0890e-24	0.00e+00	0.00e+00	4.5520e+00
1.10001e+19	6.8581e+03	2.080e-21	2.7826e+01	2.7600e+01	2.2619e-13	9.2662e-03	9.9073e-01	1.0000e+00	3.7353e-07	1.7687e-19	7.8579e-16	4.6851e-04	8.8718e-01	1.1235e-01	1.1755e-36	1.0788e-02	9.8921e-01	7.6742e-11	1.1755e-36	1.1755e-36	1.1755e-36	4.9864e-24	0.00e+00	0.00e+00	4.9458e+00
1.12236e+19	6.9109e+03	2.151e-21	2.7826e+01	2.7566e+01	3.1572e-13	1.1095e-02	9.8891e-01	1.0000e+00	3.1218e-07	1.1865e-19	1.1482e-15	4.8023e-04	8.9493e-01	1.0459e-01	1.1755e-36	1.3014e-02	9.8699e-01	2.5549e-11	1.1755e-36	1.1755e-36	1.1755e-36	8.8021e-24	0.00e+00	0.00e+00	5.3456e+00
1.13992e+19	6.9504e+03	2.215e-21	2.7826e+01	2.7504e+01	4.3261e-13	1.3105e-02	9.8690e-01	1.0000e+00	2.7003e-07	8.7054e-20	1.6274e-15	4.9025e-04	9.0170e-01	9.7812e-02	1.1755e-36	1.5470e-02	9.8453e-01	1.0814e-11	1.1755e-36	1.1755e-36	1.1755e-36	1.4828e-23	0.00e+00	0.00e+00	5.6820e+00
1.15253e+19	6.9768e+03	2.266e-21	2.7826e+01	2.7440e+01	5.6181e-13	1.5015e-02	9.8499e-01	1.0000e+00	2.4269e-07	6.9631e-20	2.1626e-15	4.9715e-04	9.0706e-01	9.2446e-02	1.1755e-36	1.7808e-02	9.8219e-01	5.8347e-12	1.1755e-36	1.1755e-36	1.1755e-36	2.2665e-23	0.00e+00	0.00e+00	5.9622e+00
1.16295e+19	6.9928e+03	2.311e-21	2.7826e+01	2.7384e+01	7.1791e-13	1.7006e-02	9.8299e-01	1.0000e+00	2.2227e-07	5.7678e-20	2.8078e-15	5.0313e-04	9.1196e-01	8.7541e-02	1.1755e-36	2.0251e-02	9.7975e-01	3.4572e-12	1.1755e-36	1.1755e-36	1.1755e-36	3.3428e-23	0.00e+00	0.00e+00	6.2672e+00
1.17469e+19	7.0119e+03	2.361e-21	2.7826e+01	2.7304e+01	9.7234e-13	1.9833e-02	9.8017e-01	1.0000e+00	2.0002e-07	4.6169e-20	3.8766e-15	5.0975e-04	9.1794e-01	8.1552e-02	1.1755e-36	2.3721e-02	9.7628e-01	1.8828e-12	1.1755e-36	1.1755e-36	1.1755e-36	5.4015e-23	0.00e+00	0.00e+00	6.7296e+00
1.18765e+19	7.0113e+03	2.426e-21	2.7826e+01	2.7186e+01	1.4536e-12	2.4119e-02	9.7588e-01	1.0000e+00	1.7104e-07	3.4901e-20	5.8280e-15	5.1712e-04	9.2507e-01	7.4408e-02	1.1755e-36	2.8988e-02	9.7101e-01	9.6987e-13	1.1755e-36	1.1755e-36	1.1755e-36	9.8884e-23	0.00e+00	0.00e+00	7.2661e+00
1.19925e+19	7.0078e+03	2.491e-21	2.7826e+01	2.7085e+01	2.2395e-12	2.9746e-02	9.7025e-01	1.0000e+00	1.4650e-07	2.6842e-20	9.0247e-15	5.2422e-04	9.3229e-01	6.7182e-02	1.1755e-36	3.5902e-02	9.6410e-01	5.3125e-13	1.1755e-36	1.1755e-36	1.1755e-36	1.8942e-22	0.00e+00	0.00e+00	7.8168e+00
1.20873e+19	6.9988e+03	2.543e-21	2.7826e+01	2.6923e+01	3.4144e-12	3.6424e-02	9.6358e-01	1.0000e+00	1.2678e-07	2.1343e-20	1.3738e-14	5.2910e-04	9.3880e-01	6.0669e-02	1.1755e-36	4.4102e-02	9.5590e-01	3.2082e-13	1.1755e-36	1.1755e-36	1.1755e-36	3.5367e-22	0.00e+00	0.00e+00	8.3554e+00
1.21651e+19	6.9837e+03	2.580e-21	2.7826e+01	2.6720e+01	5.1389e-12	4.4219e-02	9.5578e-01	1.0000e+00	1.1080e-07	1.7423e-20	2.0520e-14	5.3210e-04	9.4467e-01	5.4796e-02	1.1755e-36	5.3658e-02	9.4634e-01	2.0839e-13	1.1755e-36	1.1755e-36	1.1755e-36	6.4199e-22	0.00e+00	0.00e+00	8.9105e+00
1.22338e+19	6.9645e+03	2.606e-21	2.7826e+01	2.6472e+01	7.8253e-12	5.3896e-02	9.4610e-01	1.0000e+00	9.6542e-08	1.4311e-20	3.0885e-14	5.3359e-04	9.5031e-01	4.9152e-02	1.1755e-36	6.5485e-02	9.3451e-01	1.3945e-13	1.1755e-36	1.1755e-36	1.1755e-36	1.1797e-21	0.00e+00	0.00e+00	9.5349e+00
1.22967e+19	6.9426e+03	2.610e-21	2.7826e+01	2.6079e+01	1.2201e-11	6.6338e-02	9.3366e-01	1.0000e+00	8.2907e-08	1.1715e-20	4.7270e-14	5.3163e-04	9.5577e-01	4.3700e-02	1.1755e-36	8.0631e-02	9.1937e-01	9.4545e-14	1.1755e-36	1.1755e-36	1.1755e-36	2.2220e-21	0.00e+00	0.00e+00	1.0232e+01
1.23524e+19	6.9142e+03	2.593e-21	2.7826e+01	2.5599e+01	1.9473e-11	8.2323e-02	9.1768e-01	1.0000e+00	7.0384e-08	9.5760e-21	7.3550e-14	5.2766e-04	9.6101e-01	3.8467e-02	1.1755e-36	9.9974e-02	9.0003e-01	6.5113e-14	1.1755e-36	1.1755e-36	1.1755e-36	4.2959e-21	0.00e+00	0.00e+00	1.0981e+01
1.23944e+19	6.8803e+03	2.566e-21	2.7826e+01	2.5145e+01	2.9855e-11	9.9941e-02	9.0006e-01	1.0000e+00	5.9703e-08	7.9312e-21	1.0953e-13	5.2271e-04	9.6530e-01	3.4182e-02	1.1755e-36	1.2113e-01	8.7887e-01	4.7888e-14	1.1755e-36	1.1755e-36	1.1755e-36	7.7974e-21	0.00e+00	0.00e+00	1.1546e+01
1.24252e+19	6.8472e+03	2.521e-21	2.7826e+01	2.4653e+01	4.2765e-11	1.1730e-01	8.8270e-01	1.0000e+00	5.3947e-08	7.0682e-21	1.5202e-13	5.1613e-04	9.6867e-01	3.0815e-02	1.1755e-36	1.4182e-01	8.5818e-01	3.7204e-14	1.1755e-36	1.1755e-36	1.1755e-36	1.2737e-20	0.00e+00	0.00e+00	1.2153e+01
1.24527e+19	6.8060e+03	2.462e-21	2.7826e+01	2.4108e+01	6.1335e-11	1.3724e-01	8.6276e-01	1.0000e+00	4.7337e-08	6.1491e-21	2.0963e-13	5.0805e-04	9.7176e-01	2.7735e-02	1.1755e-36	1.6537e-01	8.3463e-01	2.9178e-14	1.1755e-36	1.1755e-36	1.1755e-36	2.0628e-20	0.00e+00	0.00e+00	1.2766e+01
1.24766e+19	6.7590e+03	2.384e-21	2.7826e+01	2.3453e+01	8.7223e-11	1.5935e-01	8.4065e-01	1.0000e+00	4.1873e-08	5.4352e-21	2.8405e-13	4.9743e-04	9.7450e-01	2.4998e-02	1.1755e-36	1.9123e-01	8.0877e-01	2.3169e-14	1.1755e-36	1.1755e-36	1.1755e-36	3.2533e-20	0.00e+00	0.00e+00	1.3395e+01
1.24983e+19	6.7012e+03	2.289e-21	2.7826e+01	2.2715e+01	1.2494e-10	1.8468e-01	8.1532e-01	1.0000e+00	3.6957e-08	4.8183e-21	3.8335e-13	4.8472e-04	9.7707e-01	2.2443e-02	1.1755e-36	2.2053e-01	7.7947e-01	1.8435e-14	1.1755e-36	1.1755e-36	1.1755e-36	5.1028e-20	0.00e+00	0.00e+00	1.4073e+01
1.25186e+19	6.6239e+03	2.176e-21	2.7826e+01	2.1876e+01	1.8366e-10	2.1473e-01	7.8527e-01	1.0000e+00	3.2347e-08	4.2562e-21	5.2130e-13	4.6986e-04	9.7955e-01	1.9975e-02	1.1755e-36	2.5485e-01	7.4515e-01	1.4566e-14	1.1755e-36	1.1755e-36	1.1755e-36	8.1027e-20	0.00e+00	0.00e+00	1.4817e+01
1.25376e+19	6.5254e+03	2.041e-21	2.7826e+01	2.0897e+01	2.7663e-10	2.4989e-01	7.5011e-01	1.0000e+00	2.8095e-08	3.7577e-21	7.1003e-13	4.5196e-04	9.8190e-01	1.7644e-02	1.1755e-36	2.9441e-01	7.0559e-01	1.1442e-14	1.1755e-36	1.1755e-36	1.1755e-36	1.2903e-19	0.00e+00	0.00e+00	1.5616e+01
1.25544e+19	6.4068e+03	1.891e-21	2.7826e+01	1.9830e+01	4.1961e-10	2.8866e-01	7.1134e-01	1.0000e+00	2.4301e-08	3.3259e-21	9.5272e-13	4.3196e-04	9.8401e-01	1.5562e-02	1.1755e-36	3.3729e-01	6.6271e-01	9.0385e-15	1.1755e-36	1.1755e-36	1.1755e-36	2.0103e-19	0.00e+00	0.00e+00	1.6403e+01
1.25680e+19	6.2821e+03	1.748e-21	2.7826e+01	1.8784e+01	6.1239e-10	3.2580e-01	6.7420e-01	1.0000e+00	2.1301e-08	2.9967e-21	1.2176e-12	4.1193e-04	9.8567e-01	1.3918e-02	1.1755e-36	3.7766e-01	6.2234e-01	7.3674e-15	1.1755e-36	1.1755e-36	1.1755e-36	2.9097e-19	0.00e+00	0.00e+00	1.7063e+01
1.25779e+19	6.1683e+03	1.631e-21	2.7826e+01	1.7927e+01	8.3385e-10	3.5708e-01	6.4292e-01	1.0000e+00	1.9313e-08	2.7846e-21	1.4676e-12	3.9538e-04	9.8689e-01	1.2716e-02	1.1755e-36	4.1113e-01	5.8887e-01	6.2759e-15	1.1755e-36	1.1755e-36	1.1755e-36	3.8598e-19	0.00e+00	0.00e+00	1.7583e+01
1.25855e+19	6.0640e+03	1.532e-21	2.7826e+01	1.7184e+01	1.0788e-09	3.8325e-01	6.1675e-01	1.0000e+00	1.8027e-08	2.6599e-21	1.6929e-12	3.8088e-04	9.8781e-01	1.1809e-02	1.1755e-36	4.3879e-01	5.6121e-01	5.5195e-15	1.1755e-36	1.1755e-36	1.1755e-36	4.7891e-19	0.00e+00	0.00e+00	1.8050e+01
1.25922e+19	5.9583e+03	1.441e-21	2.7826e+01	1.6493e+01	1.3774e-09	4.0804e-01	5.9196e-01	1.0000e+00	1.6828e-08	2.5391e-21	1.9224e-12	3.6732e-04	9.8862e-01	1.1016e-02	1.1755e-36	4.6468e-01	5.3532e-01	4.9074e-15	1.1755e-36	1.1755e-36	1.1755e-36	5.8090e-19	0.00e+00	0.00e+00	1.8510e+01
1.25984e+19	5.8455e+03	1.352e-21	2.7826e+01	1.5801e+01	1.7633e-09	4.3282e-01	5.6718e-01	1.0000e+00	1.5667e-08	2.4201e-21	2.1671e-12	3.5367e-04	9.8936e-01	1.0283e-02	1.1755e-36	4.9029e-01	5.0971e-01	4.3779e-15	1.1755e-36	1.1755e-36	1.1755e-36	6.9757e-19	0.00e+00	0.00e+00	1.8976e+01
1.26043e+19	5.7274e+03	1.267e-21	2.7826e+01	1.5120e+01	2.2575e-09	4.5721e-01	5.4279e-01	1.0000e+00	1.4569e-08	2.3060e-21	2.4235e-12	3.4017e-04	9.9005e-01	9.6145e-03	1.1755e-36	5.1521e-01	4.8479e-01	3.9235e-15	1.1755e-36	1.1755e-36	1.1755e-36	8.2895e-19	0.00e+00	0.00e+00	1.9426e+01
1.26096e+19	5.6061e+03	1.188e-21	2.7826e+01	1.4481e+01	2.8754e-09	4.8034e-01	5.1966e-01	1.0000e+00	1.3610e-08	2.2053e-21	2.6839e-12	3.2751e-04	9.9065e-01	9.0210e-03	1.1755e-36	5.3862e-01	4.6138e-01	3.5442e-15	1.1755e-36	1.1755e-36	1.1755e-36	9.7279e-19	0.00e+00	0.00e+00	1.9845e+01
1.26143e+19	5.4873e+03	1.117e-21	2.7826e+01	1.3883e+01	3.6209e-09	5.0184e-01	4.9816e-01	1.0000e+00	1.2808e-08	2.1235e-21	2.9409e-12	3.1560e-04	9.9118e-01	8.5011e-03	1.1755e-36	5.6015e-01	4.3985e-01	3.2287e-15	1.1755e-36	1.1755e-36	1.1755e-36	1.1261e-18	0.00e+00	0.00e+00	2.0242e+01
1.26186e+19	5.3668e+03	1.051e-21	2.7826e+01	1.3316e+01	4.5429e-09	5.2223e-01	4.7777e-01	1.0000e+00	1.2081e-08	2.0485e-21	3.2015e-12	3.0429e-04	9.9166e-01	8.0329e-03	1.1755e-36	5.8040e-01	4.1960e-01	2.9584e-15	1.1755e-36	1.1755e-36	1.1755e-36	1.2950e-18	0.00e+00	0.00e+00	2.0626e+01
1.26227e+19	5.2448e+03	9.889e-22	2.7826e+01	1.2772e+01	5.6871e-09	5.4177e-01	4.5823e-01	1.0000e+00	1.1413e-08	1.9785e-21	3.4706e-12	2.9346e-04	9.9210e-01	7.6050e-03	1.1755e-36	5.9963e-01	4.0037e-01	2.7222e-15	1.1755e-36	1.1755e-36	1.1755e-36	1.4858e-18	0.00e+00	0.00e+00	2.1000e+01
1.26260e+19	5.1452e+03	9.409e-22	2.7826e+01	1.2340e+01	6.8202e-09	5.5731e-01	4.4269e-01	1.0000e+00	1.0775e-08	1.9028e-21	3.7009e-12	2.8481e-04	9.9243e-01	7.2825e-03	1.1755e-36	6.1481e-01	3.8519e-01	2.5486e-15	1.1755e-36	1.1755e-36	1.1755e-36	1.6642e-18	0.00e+00	0.00e+00	2.1254e+01
1.26283e+19	5.0662e+03	9.055e-22	2.7826e+01	1.2015e+01	7.8524e-09	5.6893e-01	4.3107e-01	1.0000e+00	1.0501e-08	1.8807e-21	3.8852e-12	2.7831e-04	9.9268e-01	7.0466e-03	1.1755e-36	6.2611e-01	3.7389e-01	2.4263e-15	1.1755e-36	1.1755e-36	1.1755e-36	1.8183e-18	0.00e+00	0.00e+00	2.1468e+01
1.26306e+19	4.9848e+03	8.717e-22	2.7826e+01	1.1704e+01	9.0526e-09	5.8037e-01	4.1963e-01	1.0000e+00	1.0207e-08	1.8523e-21	4.0786e-12	2.7213e-04	9.9291e-01	6.8156e-03	1.1755e-36	6.3716e-01	3.6284e-01	2.3118e-15	1.1755e-36	1.1755e-36	1.1755e-36	1.9903e-18	0.00e+00	0.00e+00	2.1704e+01
1.26330e+19	4.8882e+03	8.351e-22	2.7826e+01	1.1351e+01	1.0649e-08	5.9289e-01	4.0711e-01	1.0000e+00	9.8042e-09	1.8062e-21	4.2854e-12	2.6516e-04	9.9317e-01	6.5600e-03	1.1755e-36	6.4921e-01	3.5079e-01	2.1935e-15	1.1755e-36	1.1755e-36	1.1755e-36	2.1796e-18	0.00e+00	0.00e+00	2.1968e+01
1.26351e+19	4.8101e+03	8.052e-22	2.7826e+01	1.1062e+01	1.2146e-08	6.0329e-01	3.9671e-01	1.0000e+00	9.3546e-09	1.7461e-21	4.4641e-12	2.5942e-04	9.9339e-01	6.3549e-03	1.1755e-36	6.5918e-01	3.4082e-01	2.0989e-15	1.1755e-36	1.1755e-36	1.1755e-36	2.3537e-18	0.00e+00	0.00e+00	2.2147e+01
1.26366e+19	4.7449e+03	7.834e-22	2.7826e+01	1.0843e+01	1.3502e-08	6.1115e-01	3.8885e-01	1.0000e+00	9.1686e-09	1.7276e-21	4.6047e-12	2.5513e-04	9.9354e-01	6.2012e-03	1.1755e-36	6.6668e-01	3.3332e-01	2.0310e-15	1.1755e-36	1.1755e-36	1.1755e-36	2.4989e-18	0.00e+00	0.00e+00	2.2294e+01
1.26380e+19	4.6860e+03	7.635e-22	2.7826e+01	1.0645e+01	1.4844e-08	6.1830e-01	3.8170e-01	1.0000e+00	8.9817e-09	1.7073e-21	4.7359e-12	2.5124e-04	9.9369e-01	6.0624e-03	1.1755e-36	6.7348e-01	3.2652e-01	1.9706e-15	1.1755e-36	1.1755e-36	1.1755e-36	2.6403e-18	0.00e+00	0.00e+00	2.2442e+01
1.26394e+19	4.6258e+03	7.424e-22	2.7826e+01	1.0436e+01	1.6351e-08	6.2581e-01	3.7419e-01	1.0000e+00	8.7672e-09	1.6829e-21	4.8760e-12	2.4711e-04	9.9383e-01	5.9179e-03	1.1755e-36	6.8061e-01	3.1939e-01	1.9081e-15	1.1755e-36	1.1755e-36	1.1755e-36	2.7975e-18	0.00e+00	0.00e+00	2.2608e+01
1.26410e+19	4.5505e+03	7.198e-22	2.7826e+01	1.0202e+01	1.8349e-08	6.3423e-01	3.6577e-01	1.0000e+00	8.5048e-09	1.6493e-21	5.0387e-12	2.4258e-04	9.9400e-01	5.7582e-03	1.1755e-36	6.8857e-01	3.1143e-01	1.8415e-15	1.1755e-36	1.1755e-36	1.1755e-36	2.9902e-18	0.00e+00	0.00e+00	2.2791e+01
1.26426e+19	4.4782e+03	6.978e-22	2.7826e+01	9.9739e+00	2.0459e-08	6.4244e-01	3.5756e-01	1.0000e+00	8.2234e-09	1.6114e-21	5.1999e-12	2.3815e-04	9.9416e-01	5.6052e-03	1.1755e-36	6.9631e-01	3.0369e-01	1.7781e-15	1.1755e-36	1.1755e-36	1.1755e-36	3.1901e-18	0.00e+00	0.00e+00	2.2961e+01
1.26441e+19	4.4076e+03	6.772e-22	2.7826e+01	9.7572e+00	2.2672e-08	6.5025e-01	3.4975e-01	1.0000e+00	7.9930e-09	1.5820e-21	5.3554e-12	2.3396e-04	9.9430e-01	5.4614e-03	1.1755e-36	7.0364e-01	2.9636e-01	1.7196e-15	1.1755e-36	1.1755e-36	1.1755e-36	3.3918e-18	0.00e+00	0.00e+00	2.3127e+01
1.26455e+19	4.3344e+03	6.568e-22	2.7826e+01	9.5400e+00	2.5111e-08	6.5811e-01	3.4189e-01	1.0000e+00	7.7573e-09	1.5507e-21	5.5137e-12	2.2980e-04	9.9445e-01	5.3180e-03	1.1755e-36	7.1101e-01	2.8899e-01	1.6624e-15	1.1755e-36	1.1755e-36	1.1755e-36	3.6057e-18	0.00e+00	0.00e+00	2.3300e+01
1.26471e+19	4.2621e+03	6.357e-22	2.7826e+01	9.3106e+00	2.7651e-08	6.6587e-01	3.3413e-01	1.0000e+00	7.5133e-09	1.5196e-21	5.6616e-12	2.2533e-04	9.9460e-01	5.1790e-03	1.1755e-36	7.1825e-01	2.8175e-01	1.6069e-15	1.1755e-36	1.1755e-36	1.1755e-36	3.8129e-18	0.00e+00	0.00e+00	2.3480e+01
1.26487e+19	4.1744e+03	6.140e-22	2.7826e+01	9.0703e+00	3.0836e-08	6.7458e-01	3.2542e-01	1.0000e+00	7.2367e-09	1.4795e-21	5.8332e-12	2.2082e-04	9.9476e-01	5.0241e-03	1.1755e-36	7.2636e-01	2.7364e-01	1.5475e-15	1.1755e-36	1.1755e-36	1.1755e-36	4.0612e-18	0.00e+00	0.00e+00	2.3679e+01
1.26503e+19	4.0935e+03	5.921e-22	2.7826e+01	8.8288e+00	3.3894e-08	6.8304e-01	3.1696e-01	1.0000e+00	6.9107e-09	1.4306e-21	5.9879e-12	2.1620e-04	9.9491e-01	4.8763e-03	1.1755e-36	7.3421e-01	2.6579e-01	1.4903e-15	1.1755e-36	1.1755e-36	1.1755e-36	4.2883e-18	0.00e+00	0.00e+00	2.3873e+01
1.26520e+19	3.9955e+03	5.698e-22	2.7826e+01	8.5792e+00	3.7588e-08	6.9246e-01	3.0754e-01	1.0000e+00	6.5266e-09	1.3660e-21	6.1590e-12	2.1166e-04	9.9508e-01	4.7132e-03	1.1755e-36	7.4291e-01	2.5709e-01	1.4297e-15	1.1755e-36	1.1755e-36	1.1755e-36	4.5414e-18	0.00e+00	0.00e+00	2.4092e+01
