#depth	Te	Htot	hden	eden	2H_2/H	HI	HII	HeI	HeII	HeIII	CO/C	C1	C2	C3	C4	O1	O2	O3	O4	O5	O6	H2O/O	AV(point)	AV(extend)	Tau912
5.36738e+14	7.0821e+03	3.689e-22	1.0000e+01	1.0710e+01	1.3142e-11	1.3735e-02	9.8626e-01	3.7786e-02	9.5771e-01	4.5039e-03	6.1729e-15	1.8289e-03	4.2239e-01	5.7536e-01	4.2144e-04	1.2885e-02	7.8383e-01	2.0316e-01	1.1816e-04	1.1755e-36	1.1755e-36	6.1812e-23	0.00e+00	0.00e+00	9.3102e-04
3.22043e+15	7.0735e+03	3.683e-22	1.0000e+01	1.0702e+01	1.3196e-11	1.3721e-02	9.8628e-01	3.7795e-02	9.5770e-01	4.5000e-03	6.1543e-15	1.8234e-03	4.2245e-01	5.7531e-01	4.2243e-04	1.2870e-02	7.8366e-01	2.0335e-01	1.1797e-04	1.1755e-36	1.1755e-36	6.1462e-23	0.00e+00	0.00e+00	4.6511e-03
1.39552e+16	7.0609e+03	3.668e-22	1.0000e+01	1.0700e+01	1.3303e-11	1.3710e-02	9.8629e-01	3.7887e-02	9.5764e-01	4.4677e-03	6.1535e-15	1.8208e-03	4.2308e-01	5.7468e-01	4.2094e-04	1.2867e-02	7.8384e-01	2.0317e-01	1.1628e-04	1.1755e-36	1.1755e-36	6.1226e-23	0.00e+00	0.00e+00	1.9521e-02
5.68942e+16	7.0159e+03	3.633e-22	1.0000e+01	1.0698e+01	1.3914e-11	1.3779e-02	9.8622e-01	3.8352e-02	9.5734e-01	4.3031e-03	6.2745e-15	1.8350e-03	4.2615e-01	5.7161e-01	4.1162e-04	1.2975e-02	7.8557e-01	2.0134e-01	1.0854e-04	1.1755e-36	1.1755e-36	6.1998e-23	0.00e+00	0.00e+00	7.9297e-02
1.35902e+17	6.8567e+03	3.514e-22	1.0000e+01	1.0700e+01	1.5060e-11	1.3530e-02	9.8647e-01	3.8995e-02	9.5686e-01	4.1495e-03	6.0826e-15	1.8289e-03	4.3053e-01	5.6724e-01	4.0431e-04	1.2755e-02	7.8515e-01	2.0199e-01	1.0167e-04	1.1755e-36	1.1755e-36	5.7387e-23	0.00e+00	0.00e+00	1.5560e-01
2.38263e+17	6.7132e+03	3.417e-22	1.0000e+01	1.0700e+01	1.6624e-11	1.3464e-02	9.8654e-01	3.9851e-02	9.5629e-01	3.8637e-03	6.0837e-15	1.8469e-03	4.3620e-01	5.6156e-01	3.8944e-04	1.2737e-02	7.8622e-01	2.0095e-01	9.1016e-05	1.1755e-36	1.1755e-36	5.5456e-23	0.00e+00	0.00e+00	2.5372e-01
3.70983e+17	6.5792e+03	3.332e-22	1.0000e+01	1.0697e+01	1.8862e-11	1.3595e-02	9.8641e-01	4.1051e-02	9.5550e-01	3.4534e-03	6.3143e-15	1.8907e-03	4.4394e-01	5.5380e-01	3.6675e-04	1.2968e-02	7.9053e-01	1.9642e-01	7.6421e-05	1.1755e-36	1.1755e-36	5.6201e-23	0.00e+00	0.00e+00	3.8251e-01
5.43520e+17	6.4562e+03	3.262e-22	1.0000e+01	1.0692e+01	2.2156e-11	1.3984e-02	9.8602e-01	4.2744e-02	9.5433e-01	2.9300e-03	6.8663e-15	1.9696e-03	4.5447e-01	5.4323e-01	3.3589e-04	1.3515e-02	7.9812e-01	1.8831e-01	5.9239e-05	1.1755e-36	1.1755e-36	6.0502e-23	0.00e+00	0.00e+00	5.5473e-01
7.67817e+17	6.3528e+03	3.210e-22	1.0000e+01	1.0682e+01	2.7211e-11	1.4774e-02	9.8523e-01	4.5201e-02	9.5247e-01	2.3249e-03	7.9835e-15	2.1020e-03	4.6900e-01	5.2860e-01	2.9662e-04	1.4554e-02	8.0987e-01	1.7553e-01	4.1178e-05	1.1755e-36	1.1755e-36	7.1157e-23	0.00e+00	0.00e+00	7.9128e-01
1.05460e+18	6.2799e+03	3.189e-22	1.0000e+01	1.0670e+01	3.5446e-11	1.6218e-02	9.8378e-01	4.8845e-02	9.4945e-01	1.7035e-03	1.0205e-14	2.3175e-03	4.8920e-01	5.0824e-01	2.4984e-04	1.6398e-02	8.2642e-01	1.5715e-01	2.4827e-05	1.1755e-36	1.1755e-36	9.5074e-23	0.00e+00	0.00e+00	1.1190e+00
1.36108e+18	6.2640e+03	3.193e-22	1.0000e+01	1.0638e+01	4.6274e-11	1.8231e-02	9.8177e-01	5.3155e-02	9.4563e-01	1.2172e-03	1.3701e-14	2.5879e-03	5.1116e-01	4.8605e-01	2.0679e-04	1.8944e-02	8.4413e-01	1.3691e-01	1.4053e-05	1.1755e-36	1.1755e-36	1.3737e-22	0.00e+00	0.00e+00	1.4562e+00
1.62871e+18	6.3040e+03	3.238e-22	1.0000e+01	1.0611e+01	5.9103e-11	2.0750e-02	9.7925e-01	5.7777e-02	9.4132e-01	9.0491e-04	1.8861e-14	2.8914e-03	5.3275e-01	4.6418e-01	1.7148e-04	2.2096e-02	8.5997e-01	1.1792e-01	8.1222e-06	1.1755e-36	1.1755e-36	2.0843e-22	0.00e+00	0.00e+00	1.7737e+00
1.85229e+18	6.3722e+03	3.299e-22	1.0000e+01	1.0575e+01	7.3816e-11	2.3625e-02	9.7638e-01	6.2577e-02	9.3672e-01	7.0628e-04	2.5891e-14	3.2028e-03	5.5314e-01	4.4351e-01	1.4334e-04	2.5683e-02	8.7293e-01	1.0138e-01	4.9061e-06	1.1755e-36	1.1755e-36	3.1773e-22	0.00e+00	0.00e+00	2.0793e+00
2.05013e+18	6.4470e+03	3.371e-22	1.0000e+01	1.0539e+01	9.2561e-11	2.7009e-02	9.7299e-01	6.7866e-02	9.3157e-01	5.6649e-04	3.5846e-14	3.5358e-03	5.7376e-01	4.2258e-01	1.1925e-04	2.9900e-02	8.8362e-01	8.6477e-02	3.0041e-06	1.1755e-36	1.1755e-36	4.9163e-22	0.00e+00	0.00e+00	2.4048e+00
2.23935e+18	6.5316e+03	3.452e-22	1.0000e+01	1.0490e+01	1.1815e-10	3.1235e-02	9.6877e-01	7.4042e-02	9.2550e-01	4.5884e-04	5.0904e-14	3.9047e-03	5.9571e-01	4.0029e-01	9.7448e-05	3.5160e-02	8.9241e-01	7.2426e-02	1.8011e-06	1.1755e-36	1.1755e-36	7.8971e-22	0.00e+00	0.00e+00	2.7748e+00
2.42649e+18	6.6242e+03	3.547e-22	1.0000e+01	1.0436e+01	1.5616e-10	3.6810e-02	9.6319e-01	8.1645e-02	9.1798e-01	3.7223e-04	7.5503e-14	4.3294e-03	6.2008e-01	3.7551e-01	7.7219e-05	4.2087e-02	8.9895e-01	5.8961e-02	1.0326e-06	1.1755e-36	1.1755e-36	1.3504e-21	0.00e+00	0.00e+00	3.2087e+00
2.60520e+18	6.7280e+03	3.641e-22	1.0000e+01	1.0347e+01	2.1079e-10	4.3954e-02	9.5605e-01	9.0799e-02	9.0890e-01	3.0504e-04	1.1494e-13	4.7799e-03	6.4549e-01	3.4967e-01	5.9745e-05	5.0938e-02	9.0218e-01	4.6881e-02	5.7645e-07	1.1755e-36	1.1755e-36	2.4017e-21	0.00e+00	0.00e+00	3.6827e+00
2.76642e+18	6.8259e+03	3.734e-22	1.0000e+01	1.0252e+01	2.9049e-10	5.2847e-02	9.4715e-01	1.0120e-01	8.9854e-01	2.5495e-04	1.7760e-13	5.2400e-03	6.7129e-01	3.2343e-01	4.5406e-05	6.1907e-02	9.0139e-01	3.6703e-02	3.2034e-07	1.1755e-36	1.1755e-36	4.3778e-21	0.00e+00	0.00e+00	4.1888e+00
2.90726e+18	6.9118e+03	3.817e-22	1.0000e+01	1.0149e+01	4.0461e-10	6.3543e-02	9.3646e-01	1.1273e-01	8.8706e-01	2.1772e-04	2.7432e-13	5.6835e-03	6.9639e-01	2.9789e-01	3.4223e-05	7.5028e-02	8.9642e-01	2.8554e-02	1.8050e-07	1.1755e-36	1.1755e-36	8.0063e-21	0.00e+00	0.00e+00	4.7104e+00
3.02685e+18	6.9939e+03	3.871e-22	1.0000e+01	1.0020e+01	5.5457e-10	7.5648e-02	9.2435e-01	1.2490e-01	8.7491e-01	1.9037e-04	4.1313e-13	6.0690e-03	7.1934e-01	2.7456e-01	2.5984e-05	8.9790e-02	8.8787e-01	2.2336e-02	1.1755e-36	1.1755e-36	1.1755e-36	1.4188e-20	0.00e+00	0.00e+00	5.2319e+00
3.12910e+18	7.0562e+03	3.895e-22	1.0000e+01	9.8535e+00	7.5544e-10	8.9098e-02	9.1090e-01	1.3790e-01	8.6193e-01	1.6903e-04	6.0604e-13	6.3848e-03	7.4021e-01	2.5338e-01	1.9914e-05	1.0609e-01	8.7630e-01	1.7614e-02	1.1755e-36	1.1755e-36	1.1755e-36	2.4261e-20	0.00e+00	0.00e+00	5.7682e+00
3.22018e+18	7.0945e+03	3.904e-22	1.0000e+01	9.6852e+00	1.0451e-09	1.0479e-01	8.9521e-01	1.5203e-01	8.4782e-01	1.5158e-04	8.8942e-13	6.6708e-03	7.6046e-01	2.3286e-01	1.5179e-05	1.2496e-01	8.6120e-01	1.3846e-02	1.1755e-36	1.1755e-36	1.1755e-36	4.1641e-20	0.00e+00	0.00e+00	6.3428e+00
3.30208e+18	7.1285e+03	3.883e-22	1.0000e+01	9.4917e+00	1.4434e-09	1.2283e-01	8.7717e-01	1.6715e-01	8.3271e-01	1.3742e-04	1.2973e-12	6.9021e-03	7.7949e-01	2.1359e-01	1.1558e-05	1.4647e-01	8.4268e-01	1.0856e-02	1.1755e-36	1.1755e-36	1.1755e-36	7.1172e-20	0.00e+00	0.00e+00	6.9399e+00
3.37447e+18	7.1495e+03	3.836e-22	1.0000e+01	9.2755e+00	1.9895e-09	1.4306e-01	8.5694e-01	1.8299e-01	8.1689e-01	1.2589e-04	1.8696e-12	7.0734e-03	7.9704e-01	1.9588e-01	8.8412e-06	1.7035e-01	8.2111e-01	8.5319e-03	1.1755e-36	1.1755e-36	1.1755e-36	1.2009e-19	0.00e+00	0.00e+00	7.5523e+00
3.43864e+18	7.1695e+03	3.758e-22	1.0000e+01	9.0373e+00	2.7047e-09	1.6527e-01	8.3473e-01	1.9931e-01	8.0057e-01	1.1645e-04	2.6513e-12	7.1806e-03	8.1297e-01	1.7984e-01	6.8169e-06	1.9630e-01	7.9697e-01	6.7316e-03	1.1755e-36	1.1755e-36	1.1755e-36	1.9897e-19	0.00e+00	0.00e+00	8.1842e+00
3.49669e+18	7.1559e+03	3.663e-22	1.0000e+01	8.7760e+00	3.7482e-09	1.9027e-01	8.0973e-01	2.1672e-01	7.8317e-01	1.0815e-04	3.7534e-12	7.2386e-03	8.2796e-01	1.6479e-01	5.2587e-06	2.2518e-01	7.6951e-01	5.3077e-03	1.1755e-36	1.1755e-36	1.1755e-36	3.3042e-19	0.00e+00	0.00e+00	8.8513e+00
3.54978e+18	7.1424e+03	3.538e-22	1.0000e+01	8.4838e+00	5.1539e-09	2.1780e-01	7.8220e-01	2.3452e-01	7.6538e-01	1.0138e-04	5.2685e-12	7.2319e-03	8.4171e-01	1.5105e-01	4.0748e-06	2.5658e-01	7.3924e-01	4.1811e-03	1.1755e-36	1.1755e-36	1.1755e-36	5.4570e-19	0.00e+00	0.00e+00	9.5480e+00
3.59851e+18	7.1173e+03	3.389e-22	1.0000e+01	8.1655e+00	7.0962e-09	2.4800e-01	7.5200e-01	2.5298e-01	7.4693e-01	9.5505e-05	7.3570e-12	7.1679e-03	8.5439e-01	1.3844e-01	3.1698e-06	2.9054e-01	7.0617e-01	3.2903e-03	1.1755e-36	1.1755e-36	1.1755e-36	9.0107e-19	0.00e+00	0.00e+00	1.0281e+01
3.64370e+18	7.0904e+03	3.217e-22	1.0000e+01	7.8198e+00	9.7055e-09	2.8069e-01	7.1931e-01	2.7176e-01	7.2814e-01	9.0587e-05	1.0200e-11	7.0451e-03	8.6601e-01	1.2694e-01	2.4780e-06	3.2677e-01	6.7065e-01	2.5850e-03	1.1755e-36	1.1755e-36	1.1755e-36	1.4838e-18	0.00e+00	0.00e+00	1.1053e+01
3.68519e+18	7.0341e+03	3.034e-22	1.0000e+01	7.4563e+00	1.3455e-08	3.1591e-01	6.8409e-01	2.9091e-01	7.0900e-01	8.6320e-05	1.4110e-11	6.8793e-03	8.7670e-01	1.1642e-01	1.9482e-06	3.6518e-01	6.3279e-01	2.0324e-03	1.1755e-36	1.1755e-36	1.1755e-36	2.4615e-18	0.00e+00	0.00e+00	1.1839e+01
3.71196e+18	7.0082e+03	2.902e-22	1.0000e+01	7.1868e+00	1.6667e-08	3.4186e-01	6.5814e-01	3.0236e-01	6.9756e-01	8.4659e-05	1.7562e-11	6.7213e-03	8.8283e-01	1.1044e-01	1.6699e-06	3.9305e-01	6.0523e-01	1.7233e-03	1.1755e-36	1.1755e-36	1.1755e-36	3.4976e-18	0.00e+00	0.00e+00	1.2145e+01
3.72271e+18	6.9914e+03	2.846e-22	1.0000e+01	7.0731e+00	1.8224e-08	3.5252e-01	6.4748e-01	3.0744e-01	6.9248e-01	8.3837e-05	1.9174e-11	6.6519e-03	8.8534e-01	1.0801e-01	1.5683e-06	4.0440e-01	5.9399e-01	1.6117e-03	1.1755e-36	1.1755e-36	1.1755e-36	4.0304e-18	0.00e+00	0.00e+00	1.2308e+01
3.73067e+18	6.9757e+03	2.802e-22	1.0000e+01	6.9893e+00	1.9513e-08	3.6054e-01	6.3946e-01	3.1169e-01	6.8823e-01	8.3063e-05	2.0495e-11	6.6020e-03	8.8739e-01	1.0601e-01	1.4926e-06	4.1291e-01	5.8556e-01	1.5313e-03	1.1755e-36	1.1755e-36	1.1755e-36	4.4861e-18	0.00e+00	0.00e+00	1.2503e+01
3.74055e+18	6.9507e+03	2.749e-22	1.0000e+01	6.8923e+00	2.1378e-08	3.7109e-01	6.2891e-01	3.1732e-01	6.8259e-01	8.2057e-05	2.2391e-11	6.5479e-03	8.9008e-01	1.0337e-01	1.3993e-06	4.2407e-01	5.7449e-01	1.4335e-03	1.1755e-36	1.1755e-36	1.1755e-36	5.1778e-18	0.00e+00	0.00e+00	1.2765e+01
3.75253e+18	6.9270e+03	2.679e-22	1.0000e+01	6.7599e+00	2.3700e-08	3.8368e-01	6.1632e-01	3.2373e-01	6.7619e-01	8.1056e-05	2.4774e-11	6.4624e-03	8.9307e-01	1.0047e-01	1.2984e-06	4.3730e-01	5.6137e-01	1.3245e-03	1.1755e-36	1.1755e-36	1.1755e-36	6.1061e-18	0.00e+00	0.00e+00	1.3075e+01
3.76546e+18	6.8989e+03	2.602e-22	1.0000e+01	6.6145e+00	2.6572e-08	3.9778e-01	6.0222e-01	3.3072e-01	6.6920e-01	8.0038e-05	2.7705e-11	6.3660e-03	8.9623e-01	9.7401e-02	1.1970e-06	4.5203e-01	5.4675e-01	1.2142e-03	1.1755e-36	1.1755e-36	1.1755e-36	7.3422e-18	0.00e+00	0.00e+00	1.3403e+01
3.77803e+18	6.8695e+03	2.526e-22	1.0000e+01	6.4660e+00	2.9751e-08	4.1181e-01	5.8819e-01	3.3745e-01	6.6247e-01	7.9171e-05	3.0905e-11	6.2630e-03	8.9920e-01	9.4533e-02	1.1066e-06	4.6660e-01	5.3228e-01	1.1146e-03	1.1755e-36	1.1755e-36	1.1755e-36	8.8096e-18	0.00e+00	0.00e+00	1.3717e+01
3.78973e+18	6.8415e+03	2.453e-22	1.0000e+01	6.3241e+00	3.3069e-08	4.2514e-01	5.7485e-01	3.4380e-01	6.5612e-01	7.8419e-05	3.4242e-11	6.1614e-03	9.0193e-01	9.1909e-02	1.0283e-06	4.8035e-01	5.1862e-01	1.0279e-03	1.1755e-36	1.1755e-36	1.1755e-36	1.0467e-17	0.00e+00	0.00e+00	1.4021e+01
3.80102e+18	6.8124e+03	2.382e-22	1.0000e+01	6.1859e+00	3.6696e-08	4.3833e-01	5.6167e-01	3.5013e-01	6.4980e-01	7.7686e-05	3.7885e-11	6.0605e-03	9.0457e-01	8.9370e-02	9.5692e-07	4.9387e-01	5.0518e-01	9.4917e-04	1.1755e-36	1.1755e-36	1.1755e-36	1.2422e-17	0.00e+00	0.00e+00	1.4333e+01
3.81236e+18	6.7807e+03	2.308e-22	1.0000e+01	6.0414e+00	4.0803e-08	4.5172e-01	5.4828e-01	3.5650e-01	6.4342e-01	7.7004e-05	4.1947e-11	5.9521e-03	9.0716e-01	8.6887e-02	8.9038e-07	5.0751e-01	4.9161e-01	8.7550e-04	1.1755e-36	1.1755e-36	1.1755e-36	1.4787e-17	0.00e+00	0.00e+00	1.4658e+01
3.82373e+18	6.7452e+03	2.236e-22	1.0000e+01	5.9022e+00	4.5594e-08	4.6575e-01	5.3425e-01	3.6324e-01	6.3669e-01	7.6254e-05	4.6724e-11	5.8477e-03	9.0982e-01	8.4336e-02	8.2646e-07	5.2172e-01	4.7747e-01	8.0530e-04	1.1755e-36	1.1755e-36	1.1755e-36	1.7809e-17	0.00e+00	0.00e+00	1.4992e+01
3.83479e+18	6.7100e+03	2.164e-22	1.0000e+01	5.7593e+00	5.0770e-08	4.7937e-01	5.2063e-01	3.6961e-01	6.3032e-01	7.5660e-05	5.1826e-11	5.7366e-03	9.1228e-01	8.1979e-02	7.6969e-07	5.3544e-01	4.6382e-01	7.4234e-04	1.1755e-36	1.1755e-36	1.1755e-36	2.1336e-17	0.00e+00	0.00e+00	1.5318e+01
3.84546e+18	6.6747e+03	2.094e-22	1.0000e+01	5.6197e+00	5.6368e-08	4.9265e-01	5.0735e-01	3.7585e-01	6.2408e-01	7.5112e-05	5.7348e-11	5.6262e-03	9.1464e-01	7.9731e-02	7.1835e-07	5.4872e-01	4.5059e-01	6.8552e-04	1.1755e-36	1.1755e-36	1.1755e-36	2.5488e-17	0.00e+00	0.00e+00	1.5647e+01
3.85608e+18	6.6384e+03	2.024e-22	1.0000e+01	5.4807e+00	6.2600e-08	5.0600e-01	4.9400e-01	3.8216e-01	6.1776e-01	7.4581e-05	6.3521e-11	5.5145e-03	9.1697e-01	7.7519e-02	6.7042e-07	5.6199e-01	4.3738e-01	6.3266e-04	1.1755e-36	1.1755e-36	1.1755e-36	3.0540e-17	0.00e+00	0.00e+00	1.5987e+01
3.86675e+18	6.5987e+03	1.953e-22	1.0000e+01	5.3365e+00	6.9698e-08	5.1940e-01	4.8060e-01	3.8851e-01	6.1142e-01	7.4082e-05	7.0448e-11	5.3968e-03	9.1924e-01	7.5362e-02	6.2575e-07	5.7525e-01	4.2416e-01	5.8339e-04	1.1755e-36	1.1755e-36	1.1755e-36	3.6746e-17	0.00e+00	0.00e+00	1.6338e+01
3.87735e+18	6.5560e+03	1.885e-22	1.0000e+01	5.1989e+00	7.7847e-08	5.3314e-01	4.6686e-01	3.9508e-01	6.0485e-01	7.3535e-05	7.8498e-11	5.2845e-03	9.2153e-01	7.3185e-02	5.8343e-07	5.8874e-01	4.1072e-01	5.3721e-04	1.1755e-36	1.1755e-36	1.1755e-36	4.4641e-17	0.00e+00	0.00e+00	1.6692e+01
3.88750e+18	6.5155e+03	1.818e-22	1.0000e+01	5.0623e+00	8.6379e-08	5.4606e-01	4.5394e-01	4.0112e-01	5.9881e-01	7.3153e-05	8.6911e-11	5.1696e-03	9.2361e-01	7.1216e-02	5.4646e-07	6.0136e-01	3.9814e-01	4.9658e-04	1.1755e-36	1.1755e-36	1.1755e-36	5.3703e-17	0.00e+00	0.00e+00	1.7029e+01
3.89723e+18	6.4745e+03	1.756e-22	1.0000e+01	4.9320e+00	9.5582e-08	5.5848e-01	4.4152e-01	4.0707e-01	5.9286e-01	7.2770e-05	9.6023e-11	5.0592e-03	9.2561e-01	6.9333e-02	5.1293e-07	6.1342e-01	3.8612e-01	4.6013e-04	1.1755e-36	1.1755e-36	1.1755e-36	6.4419e-17	0.00e+00	0.00e+00	1.7370e+01
3.90699e+18	6.4331e+03	1.693e-22	1.0000e+01	4.8024e+00	1.0578e-07	5.7091e-01	4.2909e-01	4.1312e-01	5.8680e-01	7.2390e-05	1.0627e-10	4.9482e-03	9.2759e-01	6.7462e-02	4.8121e-07	6.2542e-01	3.7415e-01	4.2593e-04	1.1755e-36	1.1755e-36	1.1755e-36	7.7563e-17	0.00e+00	0.00e+00	1.7726e+01
3.91693e+18	6.3902e+03	1.630e-22	1.0000e+01	4.6682e+00	1.1724e-07	5.8336e-01	4.1664e-01	4.1921e-01	5.8072e-01	7.2053e-05	1.1779e-10	4.8311e-03	9.2954e-01	6.5632e-02	4.5137e-07	6.3737e-01	3.6223e-01	3.9380e-04	1.1755e-36	1.1755e-36	1.1755e-36	9.3775e-17	0.00e+00	0.00e+00	1.8094e+01
3.92695e+18	6.3388e+03	1.568e-22	1.0000e+01	4.5349e+00	1.3101e-07	5.9611e-01	4.0389e-01	4.2552e-01	5.7441e-01	7.1694e-05	1.3149e-10	4.7152e-03	9.3151e-01	6.3772e-02	4.2272e-07	6.4956e-01	3.5008e-01	3.6341e-04	1.1755e-36	1.1755e-36	1.1755e-36	1.1509e-16	0.00e+00	0.00e+00	1.8472e+01
3.93676e+18	6.2886e+03	1.509e-22	1.0000e+01	4.4096e+00	1.4608e-07	6.0867e-01	3.9133e-01	4.3186e-01	5.6807e-01	7.1290e-05	1.4693e-10	4.6057e-03	9.3343e-01	6.1968e-02	3.9628e-07	6.6149e-01	3.3818e-01	3.3557e-04	1.1755e-36	1.1755e-36	1.1755e-36	1.4151e-16	0.00e+00	0.00e+00	1.8840e+01
3.94618e+18	6.2504e+03	1.452e-22	1.0000e+01	4.2849e+00	1.6027e-07	6.1996e-01	3.8004e-01	4.3747e-01	5.6246e-01	7.1114e-05	1.6204e-10	4.4927e-03	9.3513e-01	6.0376e-02	3.7339e-07	6.7217e-01	3.2752e-01	3.1130e-04	1.1755e-36	1.1755e-36	1.1755e-36	1.6979e-16	0.00e+00	0.00e+00	1.9203e+01
3.95579e+18	6.1967e+03	1.396e-22	1.0000e+01	4.1604e+00	1.7866e-07	6.3181e-01	3.6819e-01	4.4372e-01	5.5621e-01	7.0772e-05	1.8109e-10	4.3815e-03	9.3694e-01	5.8676e-02	3.5063e-07	6.8329e-01	3.1642e-01	2.8793e-04	1.1755e-36	1.1755e-36	1.1755e-36	2.0919e-16	0.00e+00	0.00e+00	1.9600e+01
3.96561e+18	6.1444e+03	1.340e-22	1.0000e+01	4.0358e+00	1.9902e-07	6.4370e-01	3.5630e-01	4.4997e-01	5.4996e-01	7.0472e-05	2.0284e-10	4.2689e-03	9.3872e-01	5.7012e-02	3.2912e-07	6.9441e-01	3.0532e-01	2.6585e-04	1.1755e-36	1.1755e-36	1.1755e-36	2.5890e-16	0.00e+00	0.00e+00	1.9993e+01
3.97518e+18	6.0915e+03	1.287e-22	1.0000e+01	3.9161e+00	2.2132e-07	6.5511e-01	3.4489e-01	4.5611e-01	5.4382e-01	7.0176e-05	2.2707e-10	4.1600e-03	9.4042e-01	5.5420e-02	3.0945e-07	7.0503e-01	2.9472e-01	2.4590e-04	1.1755e-36	1.1755e-36	1.1755e-36	3.2017e-16	0.00e+00	0.00e+00	2.0385e+01
3.98461e+18	6.0286e+03	1.236e-22	1.0000e+01	3.8000e+00	2.4820e-07	6.6641e-01	3.3359e-01	4.6246e-01	5.3747e-01	6.9781e-05	2.5605e-10	4.0549e-03	9.4210e-01	5.3840e-02	2.9098e-07	7.1550e-01	2.8427e-01	2.2758e-04	1.1755e-36	1.1755e-36	1.1755e-36	4.0193e-16	0.00e+00	0.00e+00	2.0780e+01
3.99364e+18	5.9795e+03	1.189e-22	1.0000e+01	3.6912e+00	2.7373e-07	6.7671e-01	3.2329e-01	4.6821e-01	5.3172e-01	6.9526e-05	2.8524e-10	3.9540e-03	9.4362e-01	5.2422e-02	2.7477e-07	7.2500e-01	2.7479e-01	2.1144e-04	1.1755e-36	1.1755e-36	1.1755e-36	4.9249e-16	0.00e+00	0.00e+00	2.1150e+01
4.00262e+18	5.9182e+03	1.143e-22	1.0000e+01	3.5835e+00	3.0523e-07	6.8698e-01	3.1302e-01	4.7436e-01	5.2557e-01	6.9153e-05	3.2082e-10	3.8551e-03	9.4517e-01	5.0970e-02	2.5916e-07	7.3441e-01	2.6539e-01	1.9641e-04	1.1755e-36	1.1755e-36	1.1755e-36	6.1504e-16	0.00e+00	0.00e+00	2.1554e+01
4.01177e+18	5.8579e+03	1.098e-22	1.0000e+01	3.4785e+00	3.4029e-07	6.9729e-01	3.0271e-01	4.8061e-01	5.1932e-01	6.8760e-05	3.6203e-10	3.7580e-03	9.4671e-01	4.9535e-02	2.4426e-07	7.4384e-01	2.5598e-01	1.8212e-04	1.1755e-36	1.1755e-36	1.1755e-36	7.7241e-16	0.00e+00	0.00e+00	2.1950e+01
4.02064e+18	5.8007e+03	1.055e-22	1.0000e+01	3.3767e+00	3.7711e-07	7.0688e-01	2.9312e-01	4.8650e-01	5.1343e-01	6.8450e-05	4.0648e-10	3.6625e-03	9.4813e-01	4.8204e-02	2.3087e-07	7.5255e-01	2.4728e-01	1.6940e-04	1.1755e-36	1.1755e-36	1.1755e-36	9.6064e-16	0.00e+00	0.00e+00	2.2340e+01
4.02949e+18	5.7425e+03	1.014e-22	1.0000e+01	3.2778e+00	4.1797e-07	7.1622e-01	2.8378e-01	4.9253e-01	5.0741e-01	6.8095e-05	4.5728e-10	3.5695e-03	9.4954e-01	4.6886e-02	2.1815e-07	7.6102e-01	2.3883e-01	1.5757e-04	1.1755e-36	1.1755e-36	1.1755e-36	1.1984e-15	0.00e+00	0.00e+00	2.2745e+01
4.03855e+18	5.6825e+03	9.733e-23	1.0000e+01	3.1782e+00	4.6415e-07	7.2552e-01	2.7448e-01	4.9867e-01	5.0126e-01	6.7735e-05	5.1641e-10	3.4751e-03	9.5095e-01	4.5577e-02	2.0596e-07	7.6939e-01	2.3046e-01	1.4635e-04	1.1755e-36	1.1755e-36	1.1755e-36	1.5052e-15	0.00e+00	0.00e+00	2.3165e+01
4.04773e+18	5.6204e+03	9.336e-23	1.0000e+01	3.0807e+00	5.1648e-07	7.3476e-01	2.6524e-01	5.0497e-01	4.9496e-01	6.7338e-05	5.8569e-10	3.3824e-03	9.5234e-01	4.4273e-02	1.9427e-07	7.7769e-01	2.2217e-01	1.3577e-04	1.1755e-36	1.1755e-36	1.1755e-36	1.9046e-15	0.00e+00	0.00e+00	2.3592e+01
4.05687e+18	5.5555e+03	8.953e-23	1.0000e+01	2.9837e+00	5.7520e-07	7.4360e-01	2.5640e-01	5.1113e-01	4.8881e-01	6.6987e-05	6.6515e-10	3.2896e-03	9.5368e-01	4.3029e-02	1.8346e-07	7.8562e-01	2.1426e-01	1.2610e-04	1.1755e-36	1.1755e-36	1.1755e-36	2.4161e-15	0.00e+00	0.00e+00	2.4018e+01
4.06586e+18	5.4870e+03	8.595e-23	1.0000e+01	2.8939e+00	6.4272e-07	7.5235e-01	2.4765e-01	5.1757e-01	4.8236e-01	6.6473e-05	7.5975e-10	3.2043e-03	9.5500e-01	4.1791e-02	1.7323e-07	7.9341e-01	2.0647e-01	1.1715e-04	1.1755e-36	1.1755e-36	1.1755e-36	3.0953e-15	0.00e+00	0.00e+00	2.4441e+01
4.07455e+18	5.4235e+03	8.260e-23	1.0000e+01	2.8067e+00	7.1162e-07	7.6026e-01	2.3974e-01	5.2345e-01	4.7649e-01	6.6107e-05	8.5974e-10	3.1202e-03	9.5621e-01	4.0671e-02	1.6417e-07	8.0045e-01	1.9945e-01	1.0927e-04	1.1755e-36	1.1755e-36	1.1755e-36	3.8950e-15	0.00e+00	0.00e+00	2.4848e+01
4.08316e+18	5.3541e+03	7.941e-23	1.0000e+01	2.7252e+00	7.9265e-07	7.6819e-01	2.3181e-01	5.2983e-01	4.7010e-01	6.5528e-05	9.8125e-10	3.0426e-03	9.5743e-01	3.9524e-02	1.5535e-07	8.0746e-01	1.9243e-01	1.0185e-04	1.1755e-36	1.1755e-36	1.1755e-36	4.9743e-15	0.00e+00	0.00e+00	2.5272e+01
4.09181e+18	5.2856e+03	7.631e-23	1.0000e+01	2.6439e+00	8.8038e-07	7.7577e-01	2.2423e-01	5.3600e-01	4.6393e-01	6.5025e-05	1.1178e-09	2.9643e-03	9.5860e-01	3.8434e-02	1.4717e-07	8.1416e-01	1.8574e-01	9.4996e-05	1.1755e-36	1.1755e-36	1.1755e-36	6.3269e-15	0.00e+00	0.00e+00	2.5691e+01
4.10039e+18	5.2114e+03	7.337e-23	1.0000e+01	2.5652e+00	9.8178e-07	7.8316e-01	2.1684e-01	5.4232e-01	4.5762e-01	6.4439e-05	1.2802e-09	2.8890e-03	9.5974e-01	3.7366e-02	1.3944e-07	8.2067e-01	1.7924e-01	8.8657e-05	1.1755e-36	1.1755e-36	1.1755e-36	8.1214e-15	0.00e+00	0.00e+00	2.6116e+01
4.10884e+18	5.1458e+03	7.057e-23	1.0000e+01	2.4903e+00	1.0825e-06	7.9006e-01	2.0994e-01	5.4832e-01	4.5162e-01	6.3937e-05	1.4511e-09	2.8161e-03	9.6082e-01	3.6363e-02	1.3234e-07	8.2672e-01	1.7320e-01	8.2880e-05	1.1755e-36	1.1755e-36	1.1755e-36	1.0214e-14	0.00e+00	0.00e+00	2.6531e+01
4.11747e+18	5.0666e+03	6.782e-23	1.0000e+01	2.4153e+00	1.2089e-06	7.9709e-01	2.0290e-01	5.5492e-01	4.4502e-01	6.3244e-05	1.6700e-09	2.7443e-03	9.6193e-01	3.5323e-02	1.2530e-07	8.3288e-01	1.6704e-01	7.7319e-05	1.1755e-36	1.1755e-36	1.1755e-36	1.3201e-14	0.00e+00	0.00e+00	2.6980e+01
4.12621e+18	4.9914e+03	6.515e-23	1.0000e+01	2.3417e+00	1.3413e-06	8.0391e-01	1.9609e-01	5.6130e-01	4.3864e-01	6.2625e-05	1.9046e-09	2.6730e-03	9.6300e-01	3.4323e-02	1.1755e-36	8.3883e-01	1.6110e-01	7.2129e-05	1.1755e-36	1.1755e-36	1.1755e-36	1.6770e-14	0.00e+00	0.00e+00	2.7414e+01
4.13481e+18	4.9122e+03	6.263e-23	1.0000e+01	2.2709e+00	1.4876e-06	8.1045e-01	1.8955e-01	5.6779e-01	4.3215e-01	6.1931e-05	2.1012e-09	2.6050e-03	9.6414e-01	3.3254e-02	1.1755e-36	8.4452e-01	1.5541e-01	6.7361e-05	1.1755e-36	1.1755e-36	1.1755e-36	2.0104e-14	0.00e+00	0.00e+00	2.7857e+01
4.14355e+18	4.8303e+03	6.016e-23	1.0000e+01	2.2011e+00	1.6492e-06	8.1689e-01	1.8311e-01	5.7443e-01	4.2551e-01	6.1191e-05	2.3147e-09	2.5381e-03	9.6527e-01	3.2192e-02	1.1755e-36	8.5012e-01	1.4982e-01	6.2857e-05	1.1755e-36	1.1755e-36	1.1755e-36	2.4024e-14	0.00e+00	0.00e+00	2.8311e+01
4.15244e+18	4.7466e+03	5.775e-23	1.0000e+01	2.1308e+00	1.8228e-06	8.2312e-01	1.7688e-01	5.8105e-01	4.1889e-01	6.0477e-05	2.5388e-09	2.4702e-03	9.6638e-01	3.1151e-02	1.1755e-36	8.5553e-01	1.4442e-01	5.8626e-05	1.1755e-36	1.1755e-36	1.1755e-36	2.8456e-14	0.00e+00	0.00e+00	2.8778e+01
4.16165e+18	4.6609e+03	5.534e-23	1.0000e+01	2.0611e+00	2.0109e-06	8.2940e-01	1.7059e-01	5.8802e-01	4.1192e-01	5.9680e-05	2.7800e-09	2.4030e-03	9.6751e-01	3.0090e-02	1.1755e-36	8.6095e-01	1.3899e-01	5.4530e-05	1.1755e-36	1.1755e-36	1.1755e-36	3.3558e-14	0.00e+00	0.00e+00	2.9272e+01
4.17141e+18	4.5628e+03	5.292e-23	1.0000e+01	1.9904e+00	2.2327e-06	8.3604e-01	1.6396e-01	5.9578e-01	4.0417e-01	5.8682e-05	3.0533e-09	2.3360e-03	9.6870e-01	2.8963e-02	1.1755e-36	8.6667e-01	1.3328e-01	5.0455e-05	1.1755e-36	1.1755e-36	1.1755e-36	3.9754e-14	0.00e+00	0.00e+00	2.9805e+01
4.18153e+18	4.4645e+03	5.052e-23	1.0000e+01	1.9185e+00	2.4591e-06	8.4254e-01	1.5746e-01	6.0346e-01	3.9648e-01	5.7747e-05	3.3252e-09	2.2670e-03	9.6987e-01	2.7866e-02	1.1755e-36	8.7225e-01	1.2770e-01	4.6609e-05	1.1755e-36	1.1755e-36	1.1755e-36	4.6296e-14	0.00e+00	0.00e+00	3.0345e+01
4.19200e+18	4.3533e+03	4.815e-23	1.0000e+01	1.8459e+00	2.7091e-06	8.4911e-01	1.5088e-01	6.1173e-01	3.8821e-01	5.6640e-05	3.6013e-09	2.1988e-03	9.7107e-01	2.6733e-02	1.1755e-36	8.7790e-01	1.2206e-01	4.2920e-05	1.1755e-36	1.1755e-36	1.1755e-36	5.3270e-14	0.00e+00	0.00e+00	3.0924e+01
4.20289e+18	4.2405e+03	4.581e-23	1.0000e+01	1.7735e+00	2.9536e-06	8.5565e-01	1.4435e-01	6.2017e-01	3.7977e-01	5.5513e-05	3.8576e-09	2.1306e-03	9.7226e-01	2.5613e-02	1.1755e-36	8.8349e-01	1.1647e-01	3.9411e-05	1.1755e-36	1.1755e-36	1.1755e-36	5.9912e-14	0.00e+00	0.00e+00	3.1517e+01
4.21375e+18	4.1268e+03	4.361e-23	1.0000e+01	1.7039e+00	3.1800e-06	8.6190e-01	1.3810e-01	6.2855e-01	3.7139e-01	5.4366e-05	4.0717e-09	2.0655e-03	9.7340e-01	2.4538e-02	1.1755e-36	8.8883e-01	1.1113e-01	3.6213e-05	1.1755e-36	1.1755e-36	1.1755e-36	6.5432e-14	0.00e+00	0.00e+00	3.2102e+01
4.22439e+18	4.0136e+03	4.156e-23	1.0000e+01	1.6382e+00	3.3776e-06	8.6776e-01	1.3223e-01	6.3681e-01	3.6314e-01	5.3194e-05	4.2300e-09	2.0049e-03	9.7448e-01	2.3519e-02	1.1755e-36	8.9383e-01	1.0614e-01	3.3344e-05	1.1755e-36	1.1755e-36	1.1755e-36	6.9237e-14	0.00e+00	0.00e+00	3.2679e+01
4.23491e+18	3.8995e+03	3.963e-23	1.0000e+01	1.5756e+00	3.5432e-06	8.7333e-01	1.2667e-01	6.4506e-01	3.5489e-01	5.1980e-05	4.3284e-09	1.9482e-03	9.7551e-01	2.2540e-02	1.1755e-36	8.9856e-01	1.0141e-01	3.0737e-05	1.1755e-36	1.1755e-36	1.1755e-36	7.1071e-14	0.00e+00	0.00e+00	3.3258e+01
###########################
5.36738e+14	7.0837e+03	3.689e-22	1.0000e+01	1.0710e+01	1.3075e-11	1.3730e-02	9.8627e-01	3.7777e-02	9.5772e-01	4.5046e-03	6.1455e-15	1.7941e-03	4.2233e-01	5.7545e-01	4.2246e-04	1.2880e-02	7.8378e-01	2.0323e-01	1.1823e-04	1.1755e-36	1.1755e-36	6.1341e-23	0.00e+00	0.00e+00	9.3068e-04
3.22043e+15	7.0753e+03	3.683e-22	1.0000e+01	1.0702e+01	1.3129e-11	1.3715e-02	9.8629e-01	3.7785e-02	9.5771e-01	4.5008e-03	6.1274e-15	1.7888e-03	4.2239e-01	5.7540e-01	4.2309e-04	1.2863e-02	7.8358e-01	2.0344e-01	1.1805e-04	1.1755e-36	1.1755e-36	6.1010e-23	0.00e+00	0.00e+00	4.6492e-03
1.39552e+16	7.0628e+03	3.668e-22	1.0000e+01	1.0700e+01	1.3231e-11	1.3703e-02	9.8630e-01	3.7875e-02	9.5766e-01	4.4686e-03	6.1248e-15	1.7899e-03	4.2301e-01	5.7478e-01	4.2122e-04	1.2857e-02	7.8368e-01	2.0335e-01	1.1643e-04	1.1755e-36	1.1755e-36	6.0754e-23	0.00e+00	0.00e+00	1.9511e-02
5.68942e+16	7.0190e+03	3.634e-22	1.0000e+01	1.0699e+01	1.3814e-11	1.3766e-02	9.8623e-01	3.8332e-02	9.5736e-01	4.3045e-03	6.2375e-15	1.8094e-03	4.2604e-01	5.7174e-01	4.1181e-04	1.2955e-02	7.8519e-01	2.0174e-01	1.0883e-04	1.1755e-36	1.1755e-36	6.1428e-23	0.00e+00	0.00e+00	7.9229e-02
1.35902e+17	6.8606e+03	3.516e-22	1.0000e+01	1.0700e+01	1.4928e-11	1.3511e-02	9.8649e-01	3.8965e-02	9.5688e-01	4.1511e-03	6.0400e-15	1.8105e-03	4.3041e-01	5.6737e-01	4.0442e-04	1.2724e-02	7.8447e-01	2.0270e-01	1.0214e-04	1.1755e-36	1.1755e-36	5.6781e-23	0.00e+00	0.00e+00	1.5542e-01
2.38562e+17	6.7161e+03	3.419e-22	1.0000e+01	1.0700e+01	1.6500e-11	1.3449e-02	9.8655e-01	3.9821e-02	9.5632e-01	3.8633e-03	6.0444e-15	1.8330e-03	4.3613e-01	5.6165e-01	3.8931e-04	1.2706e-02	7.8524e-01	2.0196e-01	9.1511e-05	1.1755e-36	1.1755e-36	5.4914e-23	0.00e+00	0.00e+00	2.5394e-01
3.71969e+17	6.5804e+03	3.333e-22	1.0000e+01	1.0697e+01	1.8761e-11	1.3584e-02	9.8642e-01	4.1032e-02	9.5552e-01	3.4507e-03	6.2824e-15	1.8806e-03	4.4399e-01	5.5376e-01	3.6633e-04	1.2943e-02	7.8973e-01	1.9725e-01	7.6700e-05	1.1755e-36	1.1755e-36	5.5734e-23	0.00e+00	0.00e+00	3.8330e-01
5.45399e+17	6.4561e+03	3.262e-22	1.0000e+01	1.0692e+01	2.2088e-11	1.3979e-02	9.8602e-01	4.2742e-02	9.5433e-01	2.9246e-03	6.8446e-15	1.9630e-03	4.5467e-01	5.4303e-01	3.3518e-04	1.3501e-02	7.9762e-01	1.8882e-01	5.9289e-05	1.1755e-36	1.1755e-36	6.0123e-23	0.00e+00	0.00e+00	5.5635e-01
7.70858e+17	6.3519e+03	3.209e-22	1.0000e+01	1.0682e+01	2.7191e-11	1.4777e-02	9.8522e-01	4.5223e-02	9.5246e-01	2.3173e-03	7.9770e-15	2.0993e-03	4.6941e-01	5.2820e-01	2.9566e-04	1.4554e-02	8.0973e-01	1.7568e-01	4.1065e-05	1.1755e-36	1.1755e-36	7.0905e-23	0.00e+00	0.00e+00	7.9416e-01
1.05827e+18	6.2780e+03	3.188e-22	1.0000e+01	1.0670e+01	3.5497e-11	1.6228e-02	9.8377e-01	4.8886e-02	9.4942e-01	1.6966e-03	1.0215e-14	2.3178e-03	4.8975e-01	5.0768e-01	2.4883e-04	1.6410e-02	8.2652e-01	1.5705e-01	2.4700e-05	1.1755e-36	1.1755e-36	9.4958e-23	0.00e+00	0.00e+00	1.1220e+00
1.36595e+18	6.2624e+03	3.193e-22	1.0000e+01	1.0638e+01	4.6474e-11	1.8264e-02	9.8174e-01	5.3244e-02	9.4555e-01	1.2102e-03	1.3768e-14	2.5950e-03	5.1199e-01	4.8521e-01	2.0559e-04	1.8989e-02	8.4449e-01	1.3651e-01	1.3914e-05	1.1755e-36	1.1755e-36	1.3790e-22	0.00e+00	0.00e+00	1.4627e+00
1.63378e+18	6.3026e+03	3.238e-22	1.0000e+01	1.0610e+01	5.9429e-11	2.0797e-02	9.7920e-01	5.7879e-02	9.4122e-01	8.9965e-04	1.8979e-14	2.9026e-03	5.3367e-01	4.6326e-01	1.7039e-04	2.2159e-02	8.6035e-01	1.1748e-01	8.0328e-06	1.1755e-36	1.1755e-36	2.0970e-22	0.00e+00	0.00e+00	1.7783e+00
1.85515e+18	6.3706e+03	3.298e-22	1.0000e+01	1.0575e+01	7.4136e-11	2.3659e-02	9.7634e-01	6.2651e-02	9.3665e-01	7.0394e-04	2.6012e-14	3.2152e-03	5.5394e-01	4.4271e-01	1.4259e-04	2.5730e-02	8.7319e-01	1.0108e-01	4.8713e-06	1.1755e-36	1.1755e-36	3.1911e-22	0.00e+00	0.00e+00	2.0807e+00
2.05141e+18	6.4533e+03	3.366e-22	1.0000e+01	1.0536e+01	9.2022e-11	2.6996e-02	9.7300e-01	6.7881e-02	9.3155e-01	5.6597e-04	3.5848e-14	3.5464e-03	5.7422e-01	4.2211e-01	1.1893e-04	2.9890e-02	8.8377e-01	8.6333e-02	2.9964e-06	1.1755e-36	1.1755e-36	4.9121e-22	0.00e+00	0.00e+00	2.4047e+00
2.24120e+18	6.5283e+03	3.451e-22	1.0000e+01	1.0490e+01	1.1883e-10	3.1274e-02	9.6873e-01	7.4141e-02	9.2540e-01	4.5759e-04	5.1154e-14	3.9245e-03	5.9656e-01	3.9942e-01	9.6919e-05	3.5214e-02	8.9257e-01	7.2210e-02	1.7899e-06	1.1755e-36	1.1755e-36	7.9345e-22	0.00e+00	0.00e+00	2.7790e+00
2.42915e+18	6.6216e+03	3.546e-22	1.0000e+01	1.0435e+01	1.5739e-10	3.6897e-02	9.6310e-01	8.1788e-02	9.1784e-01	3.7096e-04	7.6089e-14	4.3571e-03	6.2107e-01	3.7449e-01	7.6674e-05	4.2201e-02	8.9910e-01	5.8702e-02	1.0230e-06	1.1755e-36	1.1755e-36	1.3625e-21	0.00e+00	0.00e+00	3.2133e+00
2.60682e+18	6.7251e+03	3.640e-22	1.0000e+01	1.0346e+01	2.1233e-10	4.4038e-02	9.5596e-01	9.0916e-02	9.0878e-01	3.0441e-04	1.1572e-13	4.8119e-03	6.4637e-01	3.4875e-01	5.9363e-05	5.1047e-02	9.0225e-01	4.6706e-02	5.7245e-07	1.1755e-36	1.1755e-36	2.4213e-21	0.00e+00	0.00e+00	3.6830e+00
2.76630e+18	6.8221e+03	3.732e-22	1.0000e+01	1.0251e+01	2.9193e-10	5.2866e-02	9.4713e-01	1.0123e-01	8.9852e-01	2.5491e-04	1.7820e-13	5.2746e-03	6.7193e-01	3.2275e-01	4.5216e-05	6.1935e-02	9.0142e-01	3.6641e-02	3.1982e-07	1.1755e-36	1.1755e-36	4.3940e-21	0.00e+00	0.00e+00	4.1838e+00
2.90622e+18	6.9073e+03	3.815e-22	1.0000e+01	1.0150e+01	4.0601e-10	6.3498e-02	9.3650e-01	1.1268e-01	8.8710e-01	2.1788e-04	2.7464e-13	5.7226e-03	6.9688e-01	2.9736e-01	3.4131e-05	7.4978e-02	8.9647e-01	2.8548e-02	1.8081e-07	1.1755e-36	1.1755e-36	8.0137e-21	0.00e+00	0.00e+00	4.7044e+00
3.02598e+18	6.9897e+03	3.868e-22	1.0000e+01	1.0020e+01	5.5680e-10	7.5614e-02	9.2439e-01	1.2486e-01	8.7495e-01	1.9048e-04	4.1400e-13	6.1153e-03	7.1984e-01	2.7402e-01	2.5901e-05	8.9754e-02	8.8792e-01	2.2325e-02	1.1755e-36	1.1755e-36	1.1755e-36	1.4224e-20	0.00e+00	0.00e+00	5.2281e+00
3.12864e+18	7.0520e+03	3.893e-22	1.0000e+01	9.8532e+00	7.6006e-10	8.9134e-02	9.1087e-01	1.3791e-01	8.6192e-01	1.6905e-04	6.0869e-13	6.4389e-03	7.4077e-01	2.5277e-01	1.9824e-05	1.0614e-01	8.7628e-01	1.7586e-02	1.1755e-36	1.1755e-36	1.1755e-36	2.4408e-20	0.00e+00	0.00e+00	5.7663e+00
3.21979e+18	7.0908e+03	3.901e-22	1.0000e+01	9.6843e+00	1.0524e-09	1.0488e-01	8.9512e-01	1.5206e-01	8.4779e-01	1.5160e-04	8.9435e-13	6.7311e-03	7.6101e-01	2.3224e-01	1.5100e-05	1.2507e-01	8.6112e-01	1.3816e-02	1.1755e-36	1.1755e-36	1.1755e-36	4.1980e-20	0.00e+00	0.00e+00	6.3404e+00
3.30148e+18	7.1247e+03	3.881e-22	1.0000e+01	9.4908e+00	1.4535e-09	1.2292e-01	8.7708e-01	1.6714e-01	8.3272e-01	1.3748e-04	1.3044e-12	6.9673e-03	7.7998e-01	2.1304e-01	1.1501e-05	1.4657e-01	8.4259e-01	1.0835e-02	1.1755e-36	1.1755e-36	1.1755e-36	7.1773e-20	0.00e+00	0.00e+00	6.9356e+00
3.37365e+18	7.1460e+03	3.833e-22	1.0000e+01	9.2749e+00	2.0026e-09	1.4312e-01	8.5688e-01	1.8293e-01	8.1694e-01	1.2599e-04	1.8792e-12	7.1424e-03	7.9744e-01	1.9541e-01	8.8023e-06	1.7043e-01	8.2105e-01	8.5198e-03	1.1755e-36	1.1755e-36	1.1755e-36	1.2109e-19	0.00e+00	0.00e+00	7.5469e+00
3.43775e+18	7.1661e+03	3.756e-22	1.0000e+01	9.0366e+00	2.7232e-09	1.6534e-01	8.3466e-01	1.9924e-01	8.0065e-01	1.1655e-04	2.6657e-12	7.2530e-03	8.1333e-01	1.7941e-01	6.7870e-06	1.9639e-01	7.9689e-01	6.7221e-03	1.1755e-36	1.1755e-36	1.1755e-36	2.0078e-19	0.00e+00	0.00e+00	8.1792e+00
3.49581e+18	7.1525e+03	3.661e-22	1.0000e+01	8.7748e+00	3.7768e-09	1.9040e-01	8.0960e-01	2.1665e-01	7.8324e-01	1.0825e-04	3.7767e-12	7.3138e-03	8.2830e-01	1.6438e-01	5.2339e-06	2.2534e-01	7.6936e-01	5.2985e-03	1.1755e-36	1.1755e-36	1.1755e-36	3.3392e-19	0.00e+00	0.00e+00	8.8471e+00
3.54890e+18	7.1391e+03	3.535e-22	1.0000e+01	8.4820e+00	5.1951e-09	2.1799e-01	7.8201e-01	2.3444e-01	7.6546e-01	1.0148e-04	5.3034e-12	7.3089e-03	8.4202e-01	1.5067e-01	4.0546e-06	2.5680e-01	7.3903e-01	4.1727e-03	1.1755e-36	1.1755e-36	1.1755e-36	5.5196e-19	0.00e+00	0.00e+00	9.5438e+00
3.59757e+18	7.1142e+03	3.387e-22	1.0000e+01	8.1634e+00	7.1518e-09	2.4822e-01	7.5178e-01	2.5287e-01	7.4703e-01	9.5615e-05	7.4046e-12	7.2458e-03	8.5465e-01	1.3810e-01	3.1544e-06	2.9079e-01	7.0592e-01	3.2836e-03	1.1755e-36	1.1755e-36	1.1755e-36	9.1131e-19	0.00e+00	0.00e+00	1.0276e+01
3.64269e+18	7.0874e+03	3.215e-22	1.0000e+01	7.8175e+00	9.7787e-09	2.8093e-01	7.1907e-01	2.7163e-01	7.2828e-01	9.0707e-05	1.0262e-11	7.1233e-03	8.6623e-01	1.2665e-01	2.4664e-06	3.2703e-01	6.7039e-01	2.5800e-03	1.1755e-36	1.1755e-36	1.1755e-36	1.5002e-18	0.00e+00	0.00e+00	1.1048e+01
3.68410e+18	7.0312e+03	3.033e-22	1.0000e+01	7.4540e+00	1.3551e-08	3.1616e-01	6.8384e-01	2.9073e-01	7.0919e-01	8.6451e-05	1.4191e-11	6.9577e-03	8.7687e-01	1.1617e-01	1.9397e-06	3.6544e-01	6.3253e-01	2.0288e-03	1.1755e-36	1.1755e-36	1.1755e-36	2.4874e-18	0.00e+00	0.00e+00	1.1833e+01
3.71083e+18	7.0059e+03	2.900e-22	1.0000e+01	7.1849e+00	1.6772e-08	3.4206e-01	6.5794e-01	3.0214e-01	6.9777e-01	8.4799e-05	1.7652e-11	6.7999e-03	8.8296e-01	1.1024e-01	1.6635e-06	3.9327e-01	6.0501e-01	1.7207e-03	1.1755e-36	1.1755e-36	1.1755e-36	3.5315e-18	0.00e+00	0.00e+00	1.2138e+01
3.72157e+18	6.9887e+03	2.844e-22	1.0000e+01	7.0711e+00	1.8343e-08	3.5273e-01	6.4727e-01	3.0723e-01	6.9269e-01	8.3974e-05	1.9274e-11	6.7305e-03	8.8546e-01	1.0781e-01	1.5623e-06	4.0463e-01	5.9376e-01	1.6093e-03	1.1755e-36	1.1755e-36	1.1755e-36	4.0703e-18	0.00e+00	0.00e+00	1.2302e+01
3.72954e+18	6.9648e+03	2.802e-22	1.0000e+01	6.9871e+00	1.9785e-08	3.6099e-01	6.3901e-01	3.1166e-01	6.8826e-01	8.3111e-05	2.0662e-11	6.6826e-03	8.8757e-01	1.0574e-01	1.4853e-06	4.1341e-01	5.8507e-01	1.5281e-03	1.1755e-36	1.1755e-36	1.1755e-36	4.5548e-18	0.00e+00	0.00e+00	1.2498e+01
3.73942e+18	6.9616e+03	2.743e-22	1.0000e+01	6.8828e+00	2.1234e-08	3.7076e-01	6.2924e-01	3.1664e-01	6.8328e-01	8.2413e-05	2.2338e-11	6.6146e-03	8.9001e-01	1.0338e-01	1.3983e-06	4.2371e-01	5.7486e-01	1.4334e-03	1.1755e-36	1.1755e-36	1.1755e-36	5.1607e-18	0.00e+00	0.00e+00	1.2759e+01
3.75226e+18	6.9257e+03	2.669e-22	1.0000e+01	6.7394e+00	2.3926e-08	3.8445e-01	6.1555e-01	3.2383e-01	6.7609e-01	8.1184e-05	2.4972e-11	6.5248e-03	8.9331e-01	1.0016e-01	1.2884e-06	4.3812e-01	5.6057e-01	1.3162e-03	1.1755e-36	1.1755e-36	1.1755e-36	6.1921e-18	0.00e+00	0.00e+00	1.3111e+01
3.76597e+18	6.8933e+03	2.589e-22	1.0000e+01	6.5857e+00	2.7084e-08	3.9957e-01	6.0043e-01	3.3113e-01	6.6879e-01	8.0147e-05	2.8150e-11	6.4227e-03	8.9662e-01	9.6959e-02	1.1826e-06	4.5390e-01	5.4490e-01	1.2003e-03	1.1755e-36	1.1755e-36	1.1755e-36	7.5511e-18	0.00e+00	0.00e+00	1.3437e+01
3.77795e+18	6.8651e+03	2.518e-22	1.0000e+01	6.4500e+00	3.0210e-08	4.1325e-01	5.8675e-01	3.3767e-01	6.6225e-01	7.9274e-05	3.1333e-11	6.3292e-03	8.9948e-01	9.4186e-02	1.0962e-06	4.6809e-01	5.3081e-01	1.1051e-03	1.1755e-36	1.1755e-36	1.1755e-36	9.0293e-18	0.00e+00	0.00e+00	1.3726e+01
3.78882e+18	6.8453e+03	2.448e-22	1.0000e+01	6.3135e+00	3.3113e-08	4.2532e-01	5.7468e-01	3.4334e-01	6.5659e-01	7.8685e-05	3.4318e-11	6.2283e-03	9.0193e-01	9.1840e-02	1.0254e-06	4.8052e-01	5.1845e-01	1.0259e-03	1.1755e-36	1.1755e-36	1.1755e-36	1.0517e-17	0.00e+00	0.00e+00	1.4013e+01
3.80027e+18	6.8081e+03	2.376e-22	1.0000e+01	6.1739e+00	3.7046e-08	4.3889e-01	5.6111e-01	3.5006e-01	6.4987e-01	7.7820e-05	3.8140e-11	6.1283e-03	9.0470e-01	8.9166e-02	9.5165e-07	4.9444e-01	5.0461e-01	9.4563e-04	1.1755e-36	1.1755e-36	1.1755e-36	1.2583e-17	0.00e+00	0.00e+00	1.4351e+01
3.81211e+18	6.7718e+03	2.303e-22	1.0000e+01	6.0326e+00	4.1589e-08	4.5340e-01	5.4660e-01	3.5701e-01	6.4292e-01	7.6987e-05	4.2667e-11	6.0243e-03	9.0750e-01	8.6470e-02	8.8075e-07	5.0922e-01	4.8991e-01	8.6747e-04	1.1755e-36	1.1755e-36	1.1755e-36	1.5248e-17	0.00e+00	0.00e+00	1.4679e+01
3.82311e+18	6.7485e+03	2.229e-22	1.0000e+01	5.8866e+00	4.5753e-08	4.6626e-01	5.3374e-01	3.6290e-01	6.3702e-01	7.6496e-05	4.6920e-11	5.9087e-03	9.0985e-01	8.4241e-02	8.2293e-07	5.2225e-01	4.7695e-01	8.0196e-04	1.1755e-36	1.1755e-36	1.1755e-36	1.7955e-17	0.00e+00	0.00e+00	1.4989e+01
3.83415e+18	6.7066e+03	2.157e-22	1.0000e+01	5.7451e+00	5.1245e-08	4.8007e-01	5.1993e-01	3.6957e-01	6.3036e-01	7.5812e-05	5.2202e-11	5.8002e-03	9.1241e-01	8.1786e-02	7.6510e-07	5.3614e-01	4.6312e-01	7.3875e-04	1.1755e-36	1.1755e-36	1.1755e-36	2.1634e-17	0.00e+00	0.00e+00	1.5339e+01
3.84532e+18	6.6672e+03	2.086e-22	1.0000e+01	5.6047e+00	5.7371e-08	4.9431e-01	5.0569e-01	3.7627e-01	6.2365e-01	7.5163e-05	5.8258e-11	5.6896e-03	9.1493e-01	7.9384e-02	7.1095e-07	5.5038e-01	4.4895e-01	6.7897e-04	1.1755e-36	1.1755e-36	1.1755e-36	2.6241e-17	0.00e+00	0.00e+00	1.5676e+01
3.85576e+18	6.6319e+03	2.017e-22	1.0000e+01	5.4661e+00	6.3566e-08	5.0739e-01	4.9261e-01	3.8232e-01	6.1760e-01	7.4704e-05	6.4367e-11	5.5768e-03	9.1716e-01	7.7262e-02	6.6483e-07	5.6338e-01	4.3599e-01	6.2764e-04	1.1755e-36	1.1755e-36	1.1755e-36	3.1320e-17	0.00e+00	0.00e+00	1.5999e+01
3.86598e+18	6.6003e+03	1.948e-22	1.0000e+01	5.3272e+00	7.0014e-08	5.2002e-01	4.7998e-01	3.8830e-01	6.1162e-01	7.4266e-05	7.0836e-11	5.4614e-03	9.1930e-01	7.5240e-02	6.2281e-07	5.7585e-01	4.2357e-01	5.8093e-04	1.1755e-36	1.1755e-36	1.1755e-36	3.7134e-17	0.00e+00	0.00e+00	1.6340e+01
3.87679e+18	6.5564e+03	1.877e-22	1.0000e+01	5.1831e+00	7.8309e-08	5.3382e-01	4.6618e-01	3.9494e-01	6.0499e-01	7.3766e-05	7.8943e-11	5.3420e-03	9.2162e-01	7.3036e-02	5.8008e-07	5.8940e-01	4.1007e-01	5.3433e-04	1.1755e-36	1.1755e-36	1.1755e-36	4.5136e-17	0.00e+00	0.00e+00	1.6719e+01
3.88764e+18	6.5089e+03	1.808e-22	1.0000e+01	5.0392e+00	8.7898e-08	5.4786e-01	4.5214e-01	4.0156e-01	5.9837e-01	7.3291e-05	8.8308e-11	5.2214e-03	9.2388e-01	7.0898e-02	5.4042e-07	6.0311e-01	3.9640e-01	4.9091e-04	1.1755e-36	1.1755e-36	1.1755e-36	5.5349e-17	0.00e+00	0.00e+00	1.7080e+01
3.89761e+18	6.4656e+03	1.745e-22	1.0000e+01	4.9090e+00	9.7690e-08	5.6080e-01	4.3920e-01	4.0772e-01	5.9221e-01	7.2864e-05	9.8053e-11	5.1104e-03	9.2593e-01	6.8961e-02	5.0628e-07	6.1567e-01	3.8387e-01	4.5372e-04	1.1755e-36	1.1755e-36	1.1755e-36	6.7015e-17	0.00e+00	0.00e+00	1.7416e+01
3.90701e+18	6.4342e+03	1.684e-22	1.0000e+01	4.7811e+00	1.0677e-07	5.7237e-01	4.2763e-01	4.1317e-01	5.8675e-01	7.2647e-05	1.0743e-10	4.9979e-03	9.2774e-01	6.7262e-02	4.7707e-07	6.2682e-01	3.7276e-01	4.2168e-04	1.1755e-36	1.1755e-36	1.1755e-36	7.9172e-17	0.00e+00	0.00e+00	1.7752e+01
3.91671e+18	6.3850e+03	1.623e-22	1.0000e+01	4.6519e+00	1.1887e-07	5.8479e-01	4.1521e-01	4.1941e-01	5.8051e-01	7.2228e-05	1.1937e-10	4.8862e-03	9.2971e-01	6.5401e-02	4.4741e-07	6.3875e-01	3.6086e-01	3.9020e-04	1.1755e-36	1.1755e-36	1.1755e-36	9.6218e-17	0.00e+00	0.00e+00	1.8126e+01
3.92673e+18	6.3381e+03	1.561e-22	1.0000e+01	4.5198e+00	1.3226e-07	5.9744e-01	4.0256e-01	4.2566e-01	5.7427e-01	7.1886e-05	1.3297e-10	4.7697e-03	9.3166e-01	6.3571e-02	4.1923e-07	6.5083e-01	3.4881e-01	3.6013e-04	1.1755e-36	1.1755e-36	1.1755e-36	1.1754e-16	0.00e+00	0.00e+00	1.8500e+01
3.93656e+18	6.2904e+03	1.501e-22	1.0000e+01	4.3911e+00	1.4700e-07	6.0976e-01	3.9024e-01	4.3182e-01	5.6811e-01	7.1562e-05	1.4810e-10	4.6551e-03	9.3354e-01	6.1809e-02	3.9334e-07	6.6252e-01	3.3715e-01	3.3274e-04	1.1755e-36	1.1755e-36	1.1755e-36	1.4367e-16	0.00e+00	0.00e+00	1.8875e+01
3.94628e+18	6.2342e+03	1.444e-22	1.0000e+01	4.2652e+00	1.6451e-07	6.2203e-01	3.7797e-01	4.3817e-01	5.6176e-01	7.1168e-05	1.6587e-10	4.5433e-03	9.3540e-01	6.0058e-02	3.6903e-07	6.7411e-01	3.2559e-01	3.0747e-04	1.1755e-36	1.1755e-36	1.1755e-36	1.7774e-16	0.00e+00	0.00e+00	1.9256e+01
3.95568e+18	6.1826e+03	1.390e-22	1.0000e+01	4.1463e+00	1.8289e-07	6.3373e-01	3.6627e-01	4.4425e-01	5.5568e-01	7.0820e-05	1.8512e-10	4.4360e-03	9.3715e-01	5.8417e-02	3.4711e-07	6.8510e-01	3.1462e-01	2.8477e-04	1.1755e-36	1.1755e-36	1.1755e-36	2.1844e-16	0.00e+00	0.00e+00	1.9620e+01
3.96477e+18	6.1404e+03	1.337e-22	1.0000e+01	4.0297e+00	2.0072e-07	6.4442e-01	3.5558e-01	4.4986e-01	5.5006e-01	7.0614e-05	2.0455e-10	4.3286e-03	9.3875e-01	5.6919e-02	3.2764e-07	6.9510e-01	3.0464e-01	2.6466e-04	1.1755e-36	1.1755e-36	1.1755e-36	2.6329e-16	0.00e+00	0.00e+00	1.9989e+01
3.97431e+18	6.0849e+03	1.284e-22	1.0000e+01	3.9096e+00	2.2368e-07	6.5579e-01	3.4421e-01	4.5617e-01	5.4376e-01	7.0278e-05	2.2926e-10	4.2187e-03	9.4048e-01	5.5298e-02	3.0786e-07	7.0566e-01	2.9410e-01	2.4482e-04	1.1755e-36	1.1755e-36	1.1755e-36	3.2639e-16	0.00e+00	0.00e+00	2.0404e+01
3.98419e+18	6.0297e+03	1.231e-22	1.0000e+01	3.7881e+00	2.4953e-07	6.6733e-01	3.3267e-01	4.6252e-01	5.3741e-01	6.9986e-05	2.5800e-10	4.1060e-03	9.4219e-01	5.3700e-02	2.8899e-07	7.1634e-01	2.8343e-01	2.2586e-04	1.1755e-36	1.1755e-36	1.1755e-36	4.0774e-16	0.00e+00	0.00e+00	2.0815e+01
3.99377e+18	5.9733e+03	1.180e-22	1.0000e+01	3.6724e+00	2.7800e-07	6.7835e-01	3.2165e-01	4.6874e-01	5.3119e-01	6.9684e-05	2.9024e-10	3.9982e-03	9.4382e-01	5.2179e-02	2.7181e-07	7.2648e-01	2.7331e-01	2.0885e-04	1.1755e-36	1.1755e-36	1.1755e-36	5.0911e-16	0.00e+00	0.00e+00	2.1218e+01
4.00307e+18	5.9141e+03	1.133e-22	1.0000e+01	3.5622e+00	3.0983e-07	6.8889e-01	3.1111e-01	4.7493e-01	5.2500e-01	6.9344e-05	3.2684e-10	3.8953e-03	9.4539e-01	5.0717e-02	2.5606e-07	7.3615e-01	2.6366e-01	1.9352e-04	1.1755e-36	1.1755e-36	1.1755e-36	6.3709e-16	0.00e+00	0.00e+00	2.1617e+01
4.01214e+18	5.8488e+03	1.089e-22	1.0000e+01	3.4567e+00	3.4683e-07	6.9910e-01	3.0090e-01	4.8117e-01	5.1876e-01	6.8938e-05	3.6972e-10	3.7971e-03	9.4690e-01	4.9300e-02	2.4149e-07	7.4548e-01	2.5434e-01	1.7962e-04	1.1755e-36	1.1755e-36	1.1755e-36	8.0442e-16	0.00e+00	0.00e+00	2.2012e+01
4.02080e+18	5.7977e+03	1.048e-22	1.0000e+01	3.3590e+00	3.8154e-07	7.0833e-01	2.9166e-01	4.8685e-01	5.1308e-01	6.8650e-05	4.1254e-10	3.7040e-03	9.4828e-01	4.8019e-02	2.2863e-07	7.5388e-01	2.4595e-01	1.6736e-04	1.1755e-36	1.1755e-36	1.1755e-36	9.8812e-16	0.00e+00	0.00e+00	2.2387e+01
4.02961e+18	5.7312e+03	1.007e-22	1.0000e+01	3.2596e+00	4.2622e-07	7.1773e-01	2.8226e-01	4.9308e-01	5.0686e-01	6.8226e-05	4.6700e-10	3.6104e-03	9.4971e-01	4.6681e-02	2.1594e-07	7.6238e-01	2.3746e-01	1.5570e-04	1.1755e-36	1.1755e-36	1.1755e-36	1.2482e-15	0.00e+00	0.00e+00	2.2805e+01
4.03861e+18	5.6669e+03	9.677e-23	1.0000e+01	3.1638e+00	4.7568e-07	7.2723e-01	2.7277e-01	4.9942e-01	5.0051e-01	6.7765e-05	5.3036e-10	3.5194e-03	9.5112e-01	4.5357e-02	2.0379e-07	7.7094e-01	2.2891e-01	1.4455e-04	1.1755e-36	1.1755e-36	1.1755e-36	1.5846e-15	0.00e+00	0.00e+00	2.3209e+01
4.04724e+18	5.6076e+03	9.306e-23	1.0000e+01	3.0714e+00	5.2612e-07	7.3581e-01	2.6419e-01	5.0524e-01	4.9469e-01	6.7426e-05	5.9699e-10	3.4305e-03	9.5241e-01	4.4156e-02	1.9305e-07	7.7865e-01	2.2121e-01	1.3478e-04	1.1755e-36	1.1755e-36	1.1755e-36	1.9776e-15	0.00e+00	0.00e+00	2.3602e+01
4.05588e+18	5.5476e+03	8.945e-23	1.0000e+01	2.9822e+00	5.8197e-07	7.4423e-01	2.5577e-01	5.1130e-01	4.8863e-01	6.7011e-05	6.7358e-10	3.3446e-03	9.5371e-01	4.2949e-02	1.8270e-07	7.8618e-01	2.1369e-01	1.2561e-04	1.1755e-36	1.1755e-36	1.1755e-36	2.4761e-15	0.00e+00	0.00e+00	2.4017e+01
4.06489e+18	5.4789e+03	8.581e-23	1.0000e+01	2.8873e+00	6.4917e-07	7.5264e-01	2.4736e-01	5.1745e-01	4.8249e-01	6.6632e-05	7.6668e-10	3.2530e-03	9.5499e-01	4.1752e-02	1.7270e-07	7.9369e-01	2.0620e-01	1.1685e-04	1.1755e-36	1.1755e-36	1.1755e-36	3.1529e-15	0.00e+00	0.00e+00	2.4454e+01
4.07393e+18	5.4165e+03	8.234e-23	1.0000e+01	2.8014e+00	7.2026e-07	7.6111e-01	2.3889e-01	5.2388e-01	4.7605e-01	6.6123e-05	8.7241e-10	3.1696e-03	9.5628e-01	4.0548e-02	1.6309e-07	8.0118e-01	1.9871e-01	1.0852e-04	1.1755e-36	1.1755e-36	1.1755e-36	4.0038e-15	0.00e+00	0.00e+00	2.4880e+01
4.08286e+18	5.3406e+03	7.903e-23	1.0000e+01	2.7133e+00	8.0764e-07	7.6916e-01	2.3084e-01	5.3028e-01	4.6966e-01	6.5609e-05	1.0018e-09	3.0844e-03	9.5752e-01	3.9395e-02	1.5419e-07	8.0834e-01	1.9156e-01	1.0098e-04	1.1755e-36	1.1755e-36	1.1755e-36	5.1754e-15	0.00e+00	0.00e+00	2.5317e+01
4.09152e+18	5.2786e+03	7.595e-23	1.0000e+01	2.6326e+00	8.9053e-07	7.7658e-01	2.2342e-01	5.3619e-01	4.6374e-01	6.5200e-05	1.1333e-09	3.0049e-03	9.5866e-01	3.8338e-02	1.4620e-07	8.1487e-01	1.8503e-01	9.4241e-05	1.1755e-36	1.1755e-36	1.1755e-36	6.4954e-15	0.00e+00	0.00e+00	2.5725e+01
4.10014e+18	5.2009e+03	7.300e-23	1.0000e+01	2.5538e+00	9.9687e-07	7.8405e-01	2.1595e-01	5.4275e-01	4.5718e-01	6.4540e-05	1.3035e-09	2.9290e-03	9.5983e-01	3.7245e-02	1.3837e-07	8.2146e-01	1.7846e-01	8.7879e-05	1.1755e-36	1.1755e-36	1.1755e-36	8.4029e-15	0.00e+00	0.00e+00	2.6167e+01
4.10880e+18	5.1347e+03	7.016e-23	1.0000e+01	2.4788e+00	1.1008e-06	7.9116e-01	2.0884e-01	5.4896e-01	4.5098e-01	6.3996e-05	1.4820e-09	2.8553e-03	9.6093e-01	3.6217e-02	1.3115e-07	8.2768e-01	1.7223e-01	8.1990e-05	1.1755e-36	1.1755e-36	1.1755e-36	1.0624e-14	0.00e+00	0.00e+00	2.6586e+01
4.11742e+18	5.0555e+03	6.743e-23	1.0000e+01	2.4042e+00	1.2288e-06	7.9816e-01	2.0184e-01	5.5554e-01	4.4439e-01	6.3303e-05	1.7052e-09	2.7830e-03	9.6203e-01	3.5186e-02	1.1755e-36	8.3381e-01	1.6611e-01	7.6500e-05	1.1755e-36	1.1755e-36	1.1755e-36	1.3722e-14	0.00e+00	0.00e+00	2.7032e+01
4.12611e+18	4.9803e+03	6.479e-23	1.0000e+01	2.3313e+00	1.3624e-06	8.0490e-01	1.9510e-01	5.6191e-01	4.3803e-01	6.2676e-05	1.9332e-09	2.7116e-03	9.6311e-01	3.4181e-02	1.1755e-36	8.3969e-01	1.6024e-01	7.1399e-05	1.1755e-36	1.1755e-36	1.1755e-36	1.7251e-14	0.00e+00	0.00e+00	2.7465e+01
4.13471e+18	4.9009e+03	6.228e-23	1.0000e+01	2.2609e+00	1.5107e-06	8.1140e-01	1.8860e-01	5.6843e-01	4.3151e-01	6.1971e-05	2.1319e-09	2.6432e-03	9.6424e-01	3.3115e-02	1.1755e-36	8.4535e-01	1.5458e-01	6.6684e-05	1.1755e-36	1.1755e-36	1.1755e-36	2.0663e-14	0.00e+00	0.00e+00	2.7910e+01
4.14347e+18	4.8184e+03	5.983e-23	1.0000e+01	2.1911e+00	1.6749e-06	8.1784e-01	1.8216e-01	5.7510e-01	4.2484e-01	6.1221e-05	2.3481e-09	2.5755e-03	9.6537e-01	3.2053e-02	1.1755e-36	8.5094e-01	1.4900e-01	6.2211e-05	1.1755e-36	1.1755e-36	1.1755e-36	2.4681e-14	0.00e+00	0.00e+00	2.8366e+01
4.15241e+18	4.7343e+03	5.741e-23	1.0000e+01	2.1207e+00	1.8508e-06	8.2406e-01	1.7593e-01	5.8176e-01	4.1818e-01	6.0498e-05	2.5747e-09	2.5067e-03	9.6648e-01	3.1012e-02	1.1755e-36	8.5634e-01	1.4360e-01	5.8006e-05	1.1755e-36	1.1755e-36	1.1755e-36	2.9214e-14	0.00e+00	0.00e+00	2.8836e+01
4.16166e+18	4.6480e+03	5.501e-23	1.0000e+01	2.0510e+00	2.0413e-06	8.3035e-01	1.6965e-01	5.8879e-01	4.1115e-01	5.9692e-05	2.8183e-09	2.4386e-03	9.6761e-01	2.9949e-02	1.1755e-36	8.6176e-01	1.3818e-01	5.3933e-05	1.1755e-36	1.1755e-36	1.1755e-36	3.4422e-14	0.00e+00	0.00e+00	2.9334e+01
4.17150e+18	4.5491e+03	5.258e-23	1.0000e+01	1.9801e+00	2.2660e-06	8.3701e-01	1.6299e-01	5.9662e-01	4.0332e-01	5.8678e-05	3.0943e-09	2.3705e-03	9.6881e-01	2.8819e-02	1.1755e-36	8.6750e-01	1.3245e-01	4.9873e-05	1.1755e-36	1.1755e-36	1.1755e-36	4.0740e-14	0.00e+00	0.00e+00	2.9871e+01
4.18171e+18	4.4497e+03	5.017e-23	1.0000e+01	1.9078e+00	2.4950e-06	8.4353e-01	1.5647e-01	6.0438e-01	3.9556e-01	5.7729e-05	3.3679e-09	2.3003e-03	9.6998e-01	2.7717e-02	1.1755e-36	8.7310e-01	1.2685e-01	4.6036e-05	1.1755e-36	1.1755e-36	1.1755e-36	4.7382e-14	0.00e+00	0.00e+00	3.0418e+01
4.19225e+18	4.3380e+03	4.781e-23	1.0000e+01	1.8352e+00	2.7456e-06	8.5010e-01	1.4989e-01	6.1268e-01	3.8726e-01	5.6616e-05	3.6428e-09	2.2311e-03	9.7118e-01	2.6587e-02	1.1755e-36	8.7875e-01	1.2121e-01	4.2373e-05	1.1755e-36	1.1755e-36	1.1755e-36	5.4371e-14	0.00e+00	0.00e+00	3.0998e+01
4.20311e+18	4.2256e+03	4.550e-23	1.0000e+01	1.7633e+00	2.9874e-06	8.5659e-01	1.4341e-01	6.2109e-01	3.7885e-01	5.5491e-05	3.8941e-09	2.1625e-03	9.7236e-01	2.5477e-02	1.1755e-36	8.8430e-01	1.1566e-01	3.8915e-05	1.1755e-36	1.1755e-36	1.1755e-36	6.0904e-14	0.00e+00	0.00e+00	3.1589e+01
4.21393e+18	4.1125e+03	4.332e-23	1.0000e+01	1.6942e+00	3.2097e-06	8.6279e-01	1.3721e-01	6.2943e-01	3.7052e-01	5.4349e-05	4.1017e-09	2.0971e-03	9.7349e-01	2.4416e-02	1.1755e-36	8.8959e-01	1.1038e-01	3.5766e-05	1.1755e-36	1.1755e-36	1.1755e-36	6.6245e-14	0.00e+00	0.00e+00	3.2172e+01
4.22454e+18	4.0000e+03	4.128e-23	1.0000e+01	1.6288e+00	3.4026e-06	8.6863e-01	1.3136e-01	6.3763e-01	3.6232e-01	5.3192e-05	4.2541e-09	2.0360e-03	9.7456e-01	2.3409e-02	1.1755e-36	8.9456e-01	1.0540e-01	3.2930e-05	1.1755e-36	1.1755e-36	1.1755e-36	6.9871e-14	0.00e+00	0.00e+00	3.2749e+01
###########################
5.36738e+14	7.0837e+03	3.689e-22	1.0000e+01	1.0710e+01	1.3075e-11	1.3730e-02	9.8627e-01	3.7777e-02	9.5772e-01	4.5046e-03	6.1455e-15	1.7941e-03	4.2233e-01	5.7545e-01	4.2246e-04	1.2880e-02	7.8378e-01	2.0323e-01	1.1823e-04	1.1755e-36	1.1755e-36	6.1340e-23	0.00e+00	0.00e+00	9.3068e-04
3.22043e+15	7.0753e+03	3.683e-22	1.0000e+01	1.0702e+01	1.3129e-11	1.3715e-02	9.8629e-01	3.7785e-02	9.5771e-01	4.5008e-03	6.1273e-15	1.7888e-03	4.2239e-01	5.7540e-01	4.2309e-04	1.2863e-02	7.8358e-01	2.0344e-01	1.1805e-04	1.1755e-36	1.1755e-36	6.1009e-23	0.00e+00	0.00e+00	4.6492e-03
1.39552e+16	7.0628e+03	3.668e-22	1.0000e+01	1.0700e+01	1.3231e-11	1.3703e-02	9.8630e-01	3.7875e-02	9.5766e-01	4.4686e-03	6.1248e-15	1.7899e-03	4.2301e-01	5.7478e-01	4.2122e-04	1.2857e-02	7.8368e-01	2.0335e-01	1.1643e-04	1.1755e-36	1.1755e-36	6.0753e-23	0.00e+00	0.00e+00	1.9511e-02
5.68942e+16	7.0190e+03	3.634e-22	1.0000e+01	1.0699e+01	1.3814e-11	1.3766e-02	9.8623e-01	3.8332e-02	9.5736e-01	4.3045e-03	6.2374e-15	1.8094e-03	4.2604e-01	5.7174e-01	4.1182e-04	1.2954e-02	7.8519e-01	2.0174e-01	1.0883e-04	1.1755e-36	1.1755e-36	6.1426e-23	0.00e+00	0.00e+00	7.9229e-02
1.35902e+17	6.8606e+03	3.516e-22	1.0000e+01	1.0700e+01	1.4928e-11	1.3511e-02	9.8649e-01	3.8965e-02	9.5688e-01	4.1511e-03	6.0399e-15	1.8105e-03	4.3041e-01	5.6737e-01	4.0442e-04	1.2724e-02	7.8447e-01	2.0270e-01	1.0214e-04	1.1755e-36	1.1755e-36	5.6780e-23	0.00e+00	0.00e+00	1.5542e-01
2.38562e+17	6.7160e+03	3.419e-22	1.0000e+01	1.0700e+01	1.6500e-11	1.3449e-02	9.8655e-01	3.9821e-02	9.5632e-01	3.8633e-03	6.0444e-15	1.8330e-03	4.3613e-01	5.6165e-01	3.8931e-04	1.2706e-02	7.8524e-01	2.0196e-01	9.1511e-05	1.1755e-36	1.1755e-36	5.4913e-23	0.00e+00	0.00e+00	2.5394e-01
3.71969e+17	6.5804e+03	3.333e-22	1.0000e+01	1.0697e+01	1.8761e-11	1.3584e-02	9.8642e-01	4.1032e-02	9.5552e-01	3.4507e-03	6.2824e-15	1.8806e-03	4.4399e-01	5.5376e-01	3.6633e-04	1.2943e-02	7.8973e-01	1.9725e-01	7.6699e-05	1.1755e-36	1.1755e-36	5.5733e-23	0.00e+00	0.00e+00	3.8330e-01
5.45399e+17	6.4561e+03	3.262e-22	1.0000e+01	1.0692e+01	2.2088e-11	1.3979e-02	9.8602e-01	4.2742e-02	9.5433e-01	2.9246e-03	6.8445e-15	1.9631e-03	4.5467e-01	5.4303e-01	3.3518e-04	1.3501e-02	7.9762e-01	1.8882e-01	5.9289e-05	1.1755e-36	1.1755e-36	6.0122e-23	0.00e+00	0.00e+00	5.5635e-01
7.70857e+17	6.3519e+03	3.209e-22	1.0000e+01	1.0682e+01	2.7191e-11	1.4777e-02	9.8522e-01	4.5223e-02	9.5246e-01	2.3173e-03	7.9769e-15	2.0993e-03	4.6941e-01	5.2820e-01	2.9566e-04	1.4554e-02	8.0973e-01	1.7568e-01	4.1065e-05	1.1755e-36	1.1755e-36	7.0904e-23	0.00e+00	0.00e+00	7.9416e-01
1.05827e+18	6.2780e+03	3.188e-22	1.0000e+01	1.0670e+01	3.5497e-11	1.6228e-02	9.8377e-01	4.8886e-02	9.4942e-01	1.6966e-03	1.0215e-14	2.3178e-03	4.8975e-01	5.0768e-01	2.4883e-04	1.6410e-02	8.2652e-01	1.5705e-01	2.4700e-05	1.1755e-36	1.1755e-36	9.4957e-23	0.00e+00	0.00e+00	1.1220e+00
1.36595e+18	6.2624e+03	3.193e-22	1.0000e+01	1.0638e+01	4.6473e-11	1.8264e-02	9.8174e-01	5.3244e-02	9.4555e-01	1.2102e-03	1.3768e-14	2.5950e-03	5.1199e-01	4.8521e-01	2.0559e-04	1.8989e-02	8.4449e-01	1.3651e-01	1.3914e-05	1.1755e-36	1.1755e-36	1.3790e-22	0.00e+00	0.00e+00	1.4627e+00
1.63378e+18	6.3026e+03	3.238e-22	1.0000e+01	1.0610e+01	5.9429e-11	2.0797e-02	9.7920e-01	5.7879e-02	9.4122e-01	8.9965e-04	1.8979e-14	2.9026e-03	5.3367e-01	4.6326e-01	1.7039e-04	2.2159e-02	8.6035e-01	1.1748e-01	8.0328e-06	1.1755e-36	1.1755e-36	2.0970e-22	0.00e+00	0.00e+00	1.7783e+00
1.85515e+18	6.3706e+03	3.298e-22	1.0000e+01	1.0575e+01	7.4134e-11	2.3659e-02	9.7634e-01	6.2651e-02	9.3665e-01	7.0395e-04	2.6011e-14	3.2152e-03	5.5394e-01	4.4271e-01	1.4259e-04	2.5730e-02	8.7319e-01	1.0108e-01	4.8713e-06	1.1755e-36	1.1755e-36	3.1910e-22	0.00e+00	0.00e+00	2.0807e+00
2.05140e+18	6.4533e+03	3.366e-22	1.0000e+01	1.0536e+01	9.2021e-11	2.6995e-02	9.7300e-01	6.7881e-02	9.3155e-01	5.6597e-04	3.5847e-14	3.5464e-03	5.7422e-01	4.2211e-01	1.1893e-04	2.9890e-02	8.8377e-01	8.6333e-02	2.9964e-06	1.1755e-36	1.1755e-36	4.9119e-22	0.00e+00	0.00e+00	2.4047e+00
2.24119e+18	6.5283e+03	3.451e-22	1.0000e+01	1.0490e+01	1.1883e-10	3.1274e-02	9.6873e-01	7.4141e-02	9.2540e-01	4.5759e-04	5.1153e-14	3.9245e-03	5.9656e-01	3.9942e-01	9.6920e-05	3.5214e-02	8.9257e-01	7.2210e-02	1.7899e-06	1.1755e-36	1.1755e-36	7.9343e-22	0.00e+00	0.00e+00	2.7790e+00
2.42915e+18	6.6216e+03	3.546e-22	1.0000e+01	1.0435e+01	1.5738e-10	3.6897e-02	9.6310e-01	8.1788e-02	9.1784e-01	3.7096e-04	7.6088e-14	4.3571e-03	6.2107e-01	3.7450e-01	7.6675e-05	4.2201e-02	8.9910e-01	5.8703e-02	1.0230e-06	1.1755e-36	1.1755e-36	1.3625e-21	0.00e+00	0.00e+00	3.2133e+00
2.60682e+18	6.7252e+03	3.640e-22	1.0000e+01	1.0346e+01	2.1233e-10	4.4038e-02	9.5596e-01	9.0916e-02	9.0878e-01	3.0441e-04	1.1572e-13	4.8120e-03	6.4637e-01	3.4875e-01	5.9363e-05	5.1047e-02	9.0225e-01	4.6706e-02	5.7245e-07	1.1755e-36	1.1755e-36	2.4213e-21	0.00e+00	0.00e+00	3.6830e+00
2.76630e+18	6.8221e+03	3.732e-22	1.0000e+01	1.0251e+01	2.9193e-10	5.2866e-02	9.4713e-01	1.0123e-01	8.9852e-01	2.5492e-04	1.7820e-13	5.2747e-03	6.7193e-01	3.2275e-01	4.5216e-05	6.1935e-02	9.0142e-01	3.6641e-02	3.1982e-07	1.1755e-36	1.1755e-36	4.3939e-21	0.00e+00	0.00e+00	4.1838e+00
2.90622e+18	6.9073e+03	3.815e-22	1.0000e+01	1.0150e+01	4.0601e-10	6.3498e-02	9.3650e-01	1.1268e-01	8.8710e-01	2.1789e-04	2.7463e-13	5.7227e-03	6.9688e-01	2.9737e-01	3.4131e-05	7.4978e-02	8.9647e-01	2.8549e-02	1.8081e-07	1.1755e-36	1.1755e-36	8.0135e-21	0.00e+00	0.00e+00	4.7044e+00
3.02598e+18	6.9897e+03	3.868e-22	1.0000e+01	1.0020e+01	5.5679e-10	7.5614e-02	9.2439e-01	1.2486e-01	8.7495e-01	1.9048e-04	4.1400e-13	6.1154e-03	7.1984e-01	2.7402e-01	2.5901e-05	8.9753e-02	8.8792e-01	2.2325e-02	1.1755e-36	1.1755e-36	1.1755e-36	1.4224e-20	0.00e+00	0.00e+00	5.2281e+00
3.12864e+18	7.0521e+03	3.893e-22	1.0000e+01	9.8532e+00	7.6005e-10	8.9134e-02	9.1087e-01	1.3791e-01	8.6192e-01	1.6905e-04	6.0868e-13	6.4391e-03	7.4077e-01	2.5277e-01	1.9824e-05	1.0614e-01	8.7628e-01	1.7586e-02	1.1755e-36	1.1755e-36	1.1755e-36	2.4408e-20	0.00e+00	0.00e+00	5.7663e+00
3.21979e+18	7.0908e+03	3.901e-22	1.0000e+01	9.6843e+00	1.0524e-09	1.0488e-01	8.9512e-01	1.5206e-01	8.4779e-01	1.5160e-04	8.9434e-13	6.7313e-03	7.6101e-01	2.3224e-01	1.5101e-05	1.2507e-01	8.6112e-01	1.3816e-02	1.1755e-36	1.1755e-36	1.1755e-36	4.1979e-20	0.00e+00	0.00e+00	6.3404e+00
3.30148e+18	7.1248e+03	3.881e-22	1.0000e+01	9.4908e+00	1.4535e-09	1.2292e-01	8.7708e-01	1.6714e-01	8.3272e-01	1.3748e-04	1.3044e-12	6.9675e-03	7.7998e-01	2.1305e-01	1.1501e-05	1.4657e-01	8.4259e-01	1.0836e-02	1.1755e-36	1.1755e-36	1.1755e-36	7.1771e-20	0.00e+00	0.00e+00	6.9356e+00
3.37365e+18	7.1461e+03	3.833e-22	1.0000e+01	9.2749e+00	2.0026e-09	1.4312e-01	8.5688e-01	1.8293e-01	8.1694e-01	1.2599e-04	1.8792e-12	7.1427e-03	7.9744e-01	1.9541e-01	8.8023e-06	1.7043e-01	8.2105e-01	8.5198e-03	1.1755e-36	1.1755e-36	1.1755e-36	1.2109e-19	0.00e+00	0.00e+00	7.5469e+00
3.43776e+18	7.1662e+03	3.756e-22	1.0000e+01	9.0366e+00	2.7232e-09	1.6534e-01	8.3466e-01	1.9924e-01	8.0065e-01	1.1655e-04	2.6657e-12	7.2533e-03	8.1333e-01	1.7941e-01	6.7870e-06	1.9639e-01	7.9689e-01	6.7221e-03	1.1755e-36	1.1755e-36	1.1755e-36	2.0078e-19	0.00e+00	0.00e+00	8.1792e+00
3.49581e+18	7.1526e+03	3.661e-22	1.0000e+01	8.7748e+00	3.7768e-09	1.9040e-01	8.0960e-01	2.1665e-01	7.8324e-01	1.0825e-04	3.7767e-12	7.3142e-03	8.2830e-01	1.6438e-01	5.2339e-06	2.2534e-01	7.6936e-01	5.2985e-03	1.1755e-36	1.1755e-36	1.1755e-36	3.3392e-19	0.00e+00	0.00e+00	8.8471e+00
3.54890e+18	7.1391e+03	3.535e-22	1.0000e+01	8.4820e+00	5.1951e-09	2.1799e-01	7.8201e-01	2.3444e-01	7.6546e-01	1.0148e-04	5.3033e-12	7.3093e-03	8.4201e-01	1.5067e-01	4.0547e-06	2.5680e-01	7.3903e-01	4.1727e-03	1.1755e-36	1.1755e-36	1.1755e-36	5.5196e-19	0.00e+00	0.00e+00	9.5438e+00
3.59757e+18	7.1142e+03	3.387e-22	1.0000e+01	8.1634e+00	7.1516e-09	2.4822e-01	7.5178e-01	2.5287e-01	7.4703e-01	9.5615e-05	7.4044e-12	7.2463e-03	8.5465e-01	1.3810e-01	3.1544e-06	2.9079e-01	7.0592e-01	3.2836e-03	1.1755e-36	1.1755e-36	1.1755e-36	9.1127e-19	0.00e+00	0.00e+00	1.0276e+01
3.64269e+18	7.0874e+03	3.215e-22	1.0000e+01	7.8175e+00	9.7786e-09	2.8093e-01	7.1907e-01	2.7163e-01	7.2828e-01	9.0707e-05	1.0262e-11	7.1238e-03	8.6623e-01	1.2665e-01	2.4664e-06	3.2703e-01	6.7039e-01	2.5800e-03	1.1755e-36	1.1755e-36	1.1755e-36	1.5002e-18	0.00e+00	0.00e+00	1.1048e+01
3.68410e+18	7.0313e+03	3.033e-22	1.0000e+01	7.4540e+00	1.3550e-08	3.1616e-01	6.8384e-01	2.9073e-01	7.0918e-01	8.6451e-05	1.4191e-11	6.9582e-03	8.7687e-01	1.1617e-01	1.9397e-06	3.6544e-01	6.3253e-01	2.0288e-03	1.1755e-36	1.1755e-36	1.1755e-36	2.4874e-18	0.00e+00	0.00e+00	1.1833e+01
3.71083e+18	7.0059e+03	2.900e-22	1.0000e+01	7.1849e+00	1.6772e-08	3.4206e-01	6.5794e-01	3.0214e-01	6.9777e-01	8.4799e-05	1.7652e-11	6.8005e-03	8.8296e-01	1.1024e-01	1.6635e-06	3.9326e-01	6.0501e-01	1.7207e-03	1.1755e-36	1.1755e-36	1.1755e-36	3.5316e-18	0.00e+00	0.00e+00	1.2138e+01
3.72157e+18	6.9887e+03	2.844e-22	1.0000e+01	7.0711e+00	1.8343e-08	3.5273e-01	6.4727e-01	3.0723e-01	6.9269e-01	8.3973e-05	1.9275e-11	6.7310e-03	8.8546e-01	1.0781e-01	1.5623e-06	4.0463e-01	5.9376e-01	1.6093e-03	1.1755e-36	1.1755e-36	1.1755e-36	4.0704e-18	0.00e+00	0.00e+00	1.2302e+01
3.72954e+18	6.9649e+03	2.802e-22	1.0000e+01	6.9871e+00	1.9785e-08	3.6099e-01	6.3901e-01	3.1166e-01	6.8826e-01	8.3111e-05	2.0662e-11	6.6831e-03	8.8757e-01	1.0574e-01	1.4853e-06	4.1340e-01	5.8507e-01	1.5281e-03	1.1755e-36	1.1755e-36	1.1755e-36	4.5548e-18	0.00e+00	0.00e+00	1.2498e+01
3.73942e+18	6.9616e+03	2.743e-22	1.0000e+01	6.8828e+00	2.1234e-08	3.7076e-01	6.2924e-01	3.1664e-01	6.8328e-01	8.2412e-05	2.2338e-11	6.6152e-03	8.9001e-01	1.0338e-01	1.3983e-06	4.2371e-01	5.7486e-01	1.4334e-03	1.1755e-36	1.1755e-36	1.1755e-36	5.1608e-18	0.00e+00	0.00e+00	1.2759e+01
3.75226e+18	6.9363e+03	2.667e-22	1.0000e+01	6.7394e+00	2.3702e-08	3.8417e-01	6.1583e-01	3.2363e-01	6.7629e-01	8.1275e-05	2.4878e-11	6.5226e-03	8.9323e-01	1.0024e-01	1.2901e-06	4.3781e-01	5.6088e-01	1.3169e-03	1.1755e-36	1.1755e-36	1.1755e-36	6.1485e-18	0.00e+00	0.00e+00	1.3111e+01
3.76649e+18	6.8951e+03	2.585e-22	1.0000e+01	6.5779e+00	2.7125e-08	3.9997e-01	6.0003e-01	3.3139e-01	6.6853e-01	8.0125e-05	2.8223e-11	6.4166e-03	8.9673e-01	9.6854e-02	1.1791e-06	4.5431e-01	5.4449e-01	1.1964e-03	1.1755e-36	1.1755e-36	1.1755e-36	7.5800e-18	0.00e+00	0.00e+00	1.3463e+01
3.77898e+18	6.8607e+03	2.512e-22	1.0000e+01	6.4392e+00	3.0553e-08	4.1452e-01	5.8548e-01	3.3831e-01	6.6161e-01	7.9159e-05	3.1659e-11	6.3230e-03	8.9975e-01	9.3926e-02	1.0886e-06	4.6940e-01	5.2950e-01	1.0970e-03	1.1755e-36	1.1755e-36	1.1755e-36	9.1888e-18	0.00e+00	0.00e+00	1.3752e+01
3.78943e+18	6.8415e+03	2.446e-22	1.0000e+01	6.3085e+00	3.3382e-08	4.2618e-01	5.7382e-01	3.4375e-01	6.5617e-01	7.8586e-05	3.4570e-11	6.2264e-03	9.0208e-01	9.1693e-02	1.0212e-06	4.8141e-01	5.1757e-01	1.0213e-03	1.1755e-36	1.1755e-36	1.1755e-36	1.0651e-17	0.00e+00	0.00e+00	1.4017e+01
3.80016e+18	6.8073e+03	2.378e-22	1.0000e+01	6.1794e+00	3.7081e-08	4.3897e-01	5.6103e-01	3.5012e-01	6.4980e-01	7.7774e-05	3.8195e-11	6.1340e-03	9.0472e-01	8.9147e-02	9.5151e-07	4.9453e-01	5.0452e-01	9.4560e-04	1.1755e-36	1.1755e-36	1.1755e-36	1.2614e-17	0.00e+00	0.00e+00	1.4339e+01
3.81180e+18	6.7751e+03	2.304e-22	1.0000e+01	6.0361e+00	4.1370e-08	4.5292e-01	5.4708e-01	3.5677e-01	6.4315e-01	7.7037e-05	4.2492e-11	6.0269e-03	9.0742e-01	8.6555e-02	8.8279e-07	5.0874e-01	4.9039e-01	8.6960e-04	1.1755e-36	1.1755e-36	1.1755e-36	1.5136e-17	0.00e+00	0.00e+00	1.4672e+01
3.82324e+18	6.7422e+03	2.230e-22	1.0000e+01	5.8914e+00	4.6108e-08	4.6683e-01	5.3317e-01	3.6331e-01	6.3661e-01	7.6382e-05	4.7226e-11	5.9157e-03	9.1001e-01	8.4077e-02	8.2022e-07	5.2282e-01	4.7638e-01	8.0003e-04	1.1755e-36	1.1755e-36	1.1755e-36	1.8163e-17	0.00e+00	0.00e+00	1.5004e+01
3.83432e+18	6.7058e+03	2.158e-22	1.0000e+01	5.7478e+00	5.1402e-08	4.8053e-01	5.1947e-01	3.6975e-01	6.3017e-01	7.5771e-05	5.2419e-11	5.8036e-03	9.1249e-01	8.1709e-02	7.6358e-07	5.3660e-01	4.6267e-01	7.3719e-04	1.1755e-36	1.1755e-36	1.1755e-36	2.1790e-17	0.00e+00	0.00e+00	1.5335e+01
3.84509e+18	6.6700e+03	2.087e-22	1.0000e+01	5.6069e+00	5.7135e-08	4.9396e-01	5.0604e-01	3.7604e-01	6.2388e-01	7.5223e-05	5.8066e-11	5.6913e-03	9.1485e-01	7.9454e-02	7.1226e-07	5.5002e-01	4.4930e-01	6.8022e-04	1.1755e-36	1.1755e-36	1.1755e-36	2.6086e-17	0.00e+00	0.00e+00	1.5666e+01
3.85569e+18	6.6333e+03	2.017e-22	1.0000e+01	5.4676e+00	6.3467e-08	5.0730e-01	4.9270e-01	3.8234e-01	6.1759e-01	7.4699e-05	6.4318e-11	5.5786e-03	9.1716e-01	7.7257e-02	6.6487e-07	5.6328e-01	4.3609e-01	6.2781e-04	1.1755e-36	1.1755e-36	1.1755e-36	3.1266e-17	0.00e+00	0.00e+00	1.6005e+01
3.86628e+18	6.5947e+03	1.948e-22	1.0000e+01	5.3277e+00	7.0588e-08	5.2074e-01	4.7926e-01	3.8871e-01	6.1122e-01	7.4196e-05	7.1359e-11	5.4638e-03	9.1944e-01	7.5093e-02	6.2051e-07	5.7657e-01	4.2286e-01	5.7891e-04	1.1755e-36	1.1755e-36	1.1755e-36	3.7636e-17	0.00e+00	0.00e+00	1.6354e+01
3.87684e+18	6.5541e+03	1.879e-22	1.0000e+01	5.1874e+00	7.8600e-08	5.3422e-01	4.6578e-01	3.9512e-01	6.0480e-01	7.3701e-05	7.9281e-11	5.3473e-03	9.2168e-01	7.2977e-02	5.7924e-07	5.8980e-01	4.0967e-01	5.3355e-04	1.1755e-36	1.1755e-36	1.1755e-36	4.5485e-17	0.00e+00	0.00e+00	1.6708e+01
3.88709e+18	6.5117e+03	1.812e-22	1.0000e+01	5.0502e+00	8.7434e-08	5.4735e-01	4.5265e-01	4.0133e-01	5.9860e-01	7.3273e-05	8.7974e-11	5.2316e-03	9.2379e-01	7.0974e-02	5.4195e-07	6.0261e-01	3.9689e-01	4.9265e-04	1.1755e-36	1.1755e-36	1.1755e-36	5.4946e-17	0.00e+00	0.00e+00	1.7054e+01
3.89693e+18	6.4693e+03	1.749e-22	1.0000e+01	4.9181e+00	9.6939e-08	5.5993e-01	4.4007e-01	4.0733e-01	5.9260e-01	7.2890e-05	9.7345e-11	5.1188e-03	9.2580e-01	6.9081e-02	5.0840e-07	6.1482e-01	3.8472e-01	4.5608e-04	1.1755e-36	1.1755e-36	1.1755e-36	6.6117e-17	0.00e+00	0.00e+00	1.7396e+01
3.90666e+18	6.4264e+03	1.687e-22	1.0000e+01	4.7882e+00	1.0739e-07	5.7234e-01	4.2766e-01	4.1337e-01	5.8656e-01	7.2514e-05	1.0776e-10	5.0067e-03	9.2777e-01	6.7227e-02	4.7712e-07	6.2680e-01	3.7278e-01	4.2229e-04	1.1755e-36	1.1755e-36	1.1755e-36	7.9683e-17	0.00e+00	0.00e+00	1.7749e+01
3.91650e+18	6.3825e+03	1.625e-22	1.0000e+01	4.6579e+00	1.1911e-07	5.8483e-01	4.1517e-01	4.1951e-01	5.8041e-01	7.2149e-05	1.1959e-10	4.8930e-03	9.2972e-01	6.5383e-02	4.4743e-07	6.3879e-01	3.6082e-01	3.9043e-04	1.1755e-36	1.1755e-36	1.1755e-36	9.6555e-17	0.00e+00	0.00e+00	1.8115e+01
3.92642e+18	6.3336e+03	1.563e-22	1.0000e+01	4.5249e+00	1.3265e-07	5.9733e-01	4.0267e-01	4.2570e-01	5.7423e-01	7.1812e-05	1.3313e-10	4.7762e-03	9.3165e-01	6.3575e-02	4.1958e-07	6.5072e-01	3.4892e-01	3.6072e-04	1.1755e-36	1.1755e-36	1.1755e-36	1.1788e-16	0.00e+00	0.00e+00	1.8490e+01
3.93624e+18	6.2827e+03	1.504e-22	1.0000e+01	4.3981e+00	1.4796e-07	6.0983e-01	3.9017e-01	4.3203e-01	5.6790e-01	7.1418e-05	1.4874e-10	4.6638e-03	9.3356e-01	6.1779e-02	3.9337e-07	6.6259e-01	3.3708e-01	3.3312e-04	1.1755e-36	1.1755e-36	1.1755e-36	1.4494e-16	0.00e+00	0.00e+00	1.8864e+01
3.94579e+18	6.2345e+03	1.447e-22	1.0000e+01	4.2728e+00	1.6409e-07	6.2162e-01	3.7838e-01	4.3799e-01	5.6194e-01	7.1140e-05	1.6540e-10	4.5510e-03	9.3533e-01	6.0115e-02	3.6991e-07	6.7373e-01	3.2596e-01	3.0845e-04	1.1755e-36	1.1755e-36	1.1755e-36	1.7681e-16	0.00e+00	0.00e+00	1.9232e+01
3.95527e+18	6.1851e+03	1.391e-22	1.0000e+01	4.1511e+00	1.8203e-07	6.3323e-01	3.6677e-01	4.4407e-01	5.5586e-01	7.0826e-05	1.8425e-10	4.4409e-03	9.3709e-01	5.8468e-02	3.4784e-07	6.8464e-01	3.1508e-01	2.8561e-04	1.1755e-36	1.1755e-36	1.1755e-36	2.1646e-16	0.00e+00	0.00e+00	1.9614e+01
3.96489e+18	6.1353e+03	1.336e-22	1.0000e+01	4.0280e+00	2.0197e-07	6.4475e-01	3.5525e-01	4.5018e-01	5.4975e-01	7.0552e-05	2.0562e-10	4.3284e-03	9.3882e-01	5.6848e-02	3.2695e-07	6.9541e-01	3.0433e-01	2.6416e-04	1.1755e-36	1.1755e-36	1.1755e-36	2.6597e-16	0.00e+00	0.00e+00	2.0009e+01
3.97465e+18	6.0797e+03	1.282e-22	1.0000e+01	3.9066e+00	2.2549e-07	6.5647e-01	3.4353e-01	4.5659e-01	5.4334e-01	7.0202e-05	2.3116e-10	4.2173e-03	9.4058e-01	5.5206e-02	3.0687e-07	7.0629e-01	2.9347e-01	2.4387e-04	1.1755e-36	1.1755e-36	1.1755e-36	3.3154e-16	0.00e+00	0.00e+00	2.0416e+01
3.98427e+18	6.0212e+03	1.230e-22	1.0000e+01	3.7866e+00	2.5189e-07	6.6773e-01	3.3227e-01	4.6277e-01	5.3716e-01	6.9913e-05	2.5997e-10	4.1063e-03	9.4224e-01	5.3655e-02	2.8859e-07	7.1672e-01	2.8306e-01	2.2552e-04	1.1755e-36	1.1755e-36	1.1755e-36	4.1406e-16	0.00e+00	0.00e+00	2.0813e+01
3.99347e+18	5.9643e+03	1.183e-22	1.0000e+01	3.6771e+00	2.8032e-07	6.7846e-01	3.2154e-01	4.6891e-01	5.3102e-01	6.9555e-05	2.9204e-10	4.0045e-03	9.4383e-01	5.2168e-02	2.7192e-07	7.2660e-01	2.7319e-01	2.0908e-04	1.1755e-36	1.1755e-36	1.1755e-36	5.1566e-16	0.00e+00	0.00e+00	2.1198e+01
4.00239e+18	5.9151e+03	1.137e-22	1.0000e+01	3.5700e+00	3.0855e-07	6.8827e-01	3.1173e-01	4.7461e-01	5.2532e-01	6.9324e-05	3.2506e-10	3.9037e-03	9.4529e-01	5.0805e-02	2.5703e-07	7.3560e-01	2.6420e-01	1.9448e-04	1.1755e-36	1.1755e-36	1.1755e-36	6.3075e-16	0.00e+00	0.00e+00	2.1583e+01
4.01166e+18	5.8568e+03	1.091e-22	1.0000e+01	3.4616e+00	3.4319e-07	6.9845e-01	3.0155e-01	4.8087e-01	5.1907e-01	6.8985e-05	3.6601e-10	3.8015e-03	9.4684e-01	4.9362e-02	2.4211e-07	7.4488e-01	2.5494e-01	1.8027e-04	1.1755e-36	1.1755e-36	1.1755e-36	7.8854e-16	0.00e+00	0.00e+00	2.2010e+01
4.02129e+18	5.7928e+03	1.045e-22	1.0000e+01	3.3536e+00	3.8466e-07	7.0902e-01	2.9097e-01	4.8751e-01	5.1243e-01	6.8554e-05	4.1648e-10	3.6999e-03	9.4841e-01	4.7889e-02	2.2751e-07	7.5449e-01	2.4535e-01	1.6648e-04	1.1755e-36	1.1755e-36	1.1755e-36	1.0054e-15	0.00e+00	0.00e+00	2.2439e+01
4.03054e+18	5.7336e+03	1.003e-22	1.0000e+01	3.2490e+00	4.2723e-07	7.1859e-01	2.8141e-01	4.9346e-01	5.0647e-01	6.8298e-05	4.6966e-10	3.5996e-03	9.4982e-01	4.6576e-02	2.1479e-07	7.6315e-01	2.3670e-01	1.5450e-04	1.1755e-36	1.1755e-36	1.1755e-36	1.2606e-15	0.00e+00	0.00e+00	2.2843e+01
4.03945e+18	5.6696e+03	9.633e-23	1.0000e+01	3.1539e+00	4.7627e-07	7.2793e-01	2.7207e-01	4.9979e-01	5.0014e-01	6.7828e-05	5.3259e-10	3.5096e-03	9.5123e-01	4.5259e-02	2.0278e-07	7.7156e-01	2.2830e-01	1.4355e-04	1.1755e-36	1.1755e-36	1.1755e-36	1.5957e-15	0.00e+00	0.00e+00	2.3253e+01
4.04825e+18	5.6071e+03	9.257e-23	1.0000e+01	3.0603e+00	5.2894e-07	7.3674e-01	2.6326e-01	5.0582e-01	4.9411e-01	6.7443e-05	6.0218e-10	3.4198e-03	9.5256e-01	4.4024e-02	1.9182e-07	7.7946e-01	2.2040e-01	1.3363e-04	1.1755e-36	1.1755e-36	1.1755e-36	2.0083e-15	0.00e+00	0.00e+00	2.3656e+01
4.05694e+18	5.5442e+03	8.898e-23	1.0000e+01	2.9706e+00	5.8692e-07	7.4523e-01	2.5477e-01	5.1191e-01	4.8802e-01	6.7016e-05	6.8140e-10	3.3335e-03	9.5385e-01	4.2818e-02	1.8152e-07	7.8706e-01	2.1282e-01	1.2450e-04	1.1755e-36	1.1755e-36	1.1755e-36	2.5292e-15	0.00e+00	0.00e+00	2.4066e+01
4.06570e+18	5.4774e+03	8.548e-23	1.0000e+01	2.8813e+00	6.5323e-07	7.5354e-01	2.4646e-01	5.1807e-01	4.8187e-01	6.6574e-05	7.7430e-10	3.2474e-03	9.5512e-01	4.1634e-02	1.7174e-07	7.9447e-01	2.0541e-01	1.1596e-04	1.1755e-36	1.1755e-36	1.1755e-36	3.2093e-15	0.00e+00	0.00e+00	2.4486e+01
4.07445e+18	5.4107e+03	8.213e-23	1.0000e+01	2.7952e+00	7.2622e-07	7.6163e-01	2.3837e-01	5.2425e-01	4.7569e-01	6.6107e-05	8.8067e-10	3.1640e-03	9.5635e-01	4.0481e-02	1.6254e-07	8.0166e-01	1.9823e-01	1.0803e-04	1.1755e-36	1.1755e-36	1.1755e-36	4.0757e-15	0.00e+00	0.00e+00	2.4903e+01
4.08311e+18	5.3432e+03	7.893e-23	1.0000e+01	2.7122e+00	8.0669e-07	7.6942e-01	2.3058e-01	5.3043e-01	4.6950e-01	6.5613e-05	1.0022e-09	3.0834e-03	9.5755e-01	3.9363e-02	1.5392e-07	8.0855e-01	1.9135e-01	1.0073e-04	1.1755e-36	1.1755e-36	1.1755e-36	5.1768e-15	0.00e+00	0.00e+00	2.5323e+01
4.09176e+18	5.2743e+03	7.585e-23	1.0000e+01	2.6314e+00	8.9613e-07	7.7697e-01	2.2303e-01	5.3667e-01	4.6327e-01	6.5088e-05	1.1423e-09	3.0048e-03	9.5872e-01	3.8272e-02	1.4579e-07	8.1522e-01	1.8469e-01	9.3944e-05	1.1755e-36	1.1755e-36	1.1755e-36	6.5891e-15	0.00e+00	0.00e+00	2.5748e+01
4.10043e+18	5.1991e+03	7.290e-23	1.0000e+01	2.5522e+00	1.0005e-06	7.8440e-01	2.1560e-01	5.4306e-01	4.5687e-01	6.4491e-05	1.3104e-09	2.9280e-03	9.5987e-01	3.7198e-02	1.3806e-07	8.2176e-01	1.7815e-01	8.7610e-05	1.1755e-36	1.1755e-36	1.1755e-36	8.4831e-15	0.00e+00	0.00e+00	2.6178e+01
4.10893e+18	5.1332e+03	7.010e-23	1.0000e+01	2.4773e+00	1.1031e-06	7.9130e-01	2.0870e-01	5.4909e-01	4.5085e-01	6.3986e-05	1.4860e-09	2.8542e-03	9.6095e-01	3.6197e-02	1.3101e-07	8.2780e-01	1.7211e-01	8.1877e-05	1.1755e-36	1.1755e-36	1.1755e-36	1.0676e-14	0.00e+00	0.00e+00	2.6593e+01
4.11756e+18	5.0537e+03	6.737e-23	1.0000e+01	2.4026e+00	1.2318e-06	7.9830e-01	2.0170e-01	5.5571e-01	4.4423e-01	6.3285e-05	1.7105e-09	2.7819e-03	9.6206e-01	3.5162e-02	1.1755e-36	8.3394e-01	1.6598e-01	7.6385e-05	1.1755e-36	1.1755e-36	1.1755e-36	1.3799e-14	0.00e+00	0.00e+00	2.7044e+01
4.12631e+18	4.9779e+03	6.472e-23	1.0000e+01	2.3292e+00	1.3667e-06	8.0508e-01	1.9491e-01	5.6212e-01	4.3782e-01	6.2655e-05	1.9389e-09	2.7100e-03	9.6314e-01	3.4149e-02	1.1755e-36	8.3985e-01	1.6007e-01	7.1257e-05	1.1755e-36	1.1755e-36	1.1755e-36	1.7344e-14	0.00e+00	0.00e+00	2.7479e+01
4.13492e+18	4.8985e+03	6.221e-23	1.0000e+01	2.2588e+00	1.5154e-06	8.1160e-01	1.8840e-01	5.6863e-01	4.3131e-01	6.1952e-05	2.1382e-09	2.6415e-03	9.6428e-01	3.3083e-02	1.1755e-36	8.4552e-01	1.5441e-01	6.6544e-05	1.1755e-36	1.1755e-36	1.1755e-36	2.0775e-14	0.00e+00	0.00e+00	2.7923e+01
4.14368e+18	4.8161e+03	5.976e-23	1.0000e+01	2.1891e+00	1.6797e-06	8.1802e-01	1.8198e-01	5.7530e-01	4.2464e-01	6.1202e-05	2.3546e-09	2.5739e-03	9.6540e-01	3.2023e-02	1.1755e-36	8.5110e-01	1.4884e-01	6.2085e-05	1.1755e-36	1.1755e-36	1.1755e-36	2.4805e-14	0.00e+00	0.00e+00	2.8380e+01
4.15261e+18	4.7319e+03	5.735e-23	1.0000e+01	2.1188e+00	1.8561e-06	8.2424e-01	1.7575e-01	5.8197e-01	4.1797e-01	6.0477e-05	2.5815e-09	2.5052e-03	9.6651e-01	3.0982e-02	1.1755e-36	8.5649e-01	1.4345e-01	5.7888e-05	1.1755e-36	1.1755e-36	1.1755e-36	2.9354e-14	0.00e+00	0.00e+00	2.8850e+01
4.16188e+18	4.6454e+03	5.495e-23	1.0000e+01	2.0490e+00	2.0470e-06	8.3053e-01	1.6947e-01	5.8900e-01	4.1094e-01	5.9670e-05	2.8255e-09	2.4370e-03	9.6764e-01	2.9920e-02	1.1755e-36	8.6192e-01	1.3803e-01	5.3819e-05	1.1755e-36	1.1755e-36	1.1755e-36	3.4582e-14	0.00e+00	0.00e+00	2.9348e+01
4.17173e+18	4.5464e+03	5.252e-23	1.0000e+01	1.9781e+00	2.2725e-06	8.3720e-01	1.6280e-01	5.9685e-01	4.0310e-01	5.8651e-05	3.1023e-09	2.3690e-03	9.6884e-01	2.8788e-02	1.1755e-36	8.6766e-01	1.3228e-01	4.9758e-05	1.1755e-36	1.1755e-36	1.1755e-36	4.0929e-14	0.00e+00	0.00e+00	2.9887e+01
4.18196e+18	4.4469e+03	5.010e-23	1.0000e+01	1.9057e+00	2.5017e-06	8.4372e-01	1.5627e-01	6.0461e-01	3.9533e-01	5.7704e-05	3.3760e-09	2.2986e-03	9.7002e-01	2.7686e-02	1.1755e-36	8.7327e-01	1.2669e-01	4.5924e-05	1.1755e-36	1.1755e-36	1.1755e-36	4.7582e-14	0.00e+00	0.00e+00	3.0434e+01
4.19250e+18	4.3350e+03	4.775e-23	1.0000e+01	1.8331e+00	2.7523e-06	8.5030e-01	1.4970e-01	6.1291e-01	3.8703e-01	5.6592e-05	3.6506e-09	2.2294e-03	9.7121e-01	2.6557e-02	1.1755e-36	8.7892e-01	1.2104e-01	4.2266e-05	1.1755e-36	1.1755e-36	1.1755e-36	5.4573e-14	0.00e+00	0.00e+00	3.1015e+01
4.20337e+18	4.2228e+03	4.544e-23	1.0000e+01	1.7612e+00	2.9935e-06	8.5678e-01	1.4321e-01	6.2131e-01	3.7864e-01	5.5472e-05	3.9009e-09	2.1608e-03	9.7239e-01	2.5450e-02	1.1755e-36	8.8446e-01	1.1550e-01	3.8817e-05	1.1755e-36	1.1755e-36	1.1755e-36	6.1087e-14	0.00e+00	0.00e+00	3.1605e+01
4.21417e+18	4.1101e+03	4.326e-23	1.0000e+01	1.6922e+00	3.2146e-06	8.6298e-01	1.3702e-01	6.2961e-01	3.7034e-01	5.4341e-05	4.1076e-09	2.0954e-03	9.7351e-01	2.4393e-02	1.1755e-36	8.8975e-01	1.1022e-01	3.5675e-05	1.1755e-36	1.1755e-36	1.1755e-36	6.6405e-14	0.00e+00	0.00e+00	3.2188e+01
4.22476e+18	3.9991e+03	4.122e-23	1.0000e+01	1.6261e+00	3.4054e-06	8.6890e-01	1.3110e-01	6.3764e-01	3.6231e-01	5.3247e-05	4.2622e-09	2.0333e-03	9.7457e-01	2.3401e-02	1.1755e-36	8.9478e-01	1.0518e-01	3.2818e-05	1.1755e-36	1.1755e-36	1.1755e-36	7.0132e-14	0.00e+00	0.00e+00	3.2763e+01
