#depth	Te	Htot	hden	eden	2H_2/H	HI	HII	HeI	HeII	HeIII	CO/C	C1	C2	C3	C4	O1	O2	O3	O4	O5	O6	H2O/O	AV(point)	AV(extend)	Tau912
5.41048e+14	6.5162e+03	2.900e-22	1.0000e+01	1.0823e+01	1.0527e-13	2.5979e-03	9.9740e-01	2.2296e-02	9.7728e-01	4.2063e-04	4.1343e-17	2.0493e-04	2.9705e-01	7.0259e-01	1.5858e-04	1.9960e-03	7.3188e-01	2.6609e-01	3.7345e-05	1.1755e-36	1.1755e-36	2.0226e-25	0.00e+00	0.00e+00	1.7749e-04
3.24629e+15	6.5143e+03	2.899e-22	1.0000e+01	1.0822e+01	1.0536e-13	2.5971e-03	9.9740e-01	2.2296e-02	9.7728e-01	4.2020e-04	4.1308e-17	2.0469e-04	2.9706e-01	7.0257e-01	1.5891e-04	1.9954e-03	7.3185e-01	2.6611e-01	3.7215e-05	1.1755e-36	1.1755e-36	2.0197e-25	0.00e+00	0.00e+00	8.8726e-04
1.40672e+16	6.5096e+03	2.897e-22	1.0000e+01	1.0822e+01	1.0570e-13	2.5965e-03	9.9740e-01	2.2312e-02	9.7727e-01	4.1718e-04	4.1316e-17	2.0441e-04	2.9723e-01	7.0241e-01	1.5854e-04	1.9959e-03	7.3210e-01	2.6587e-01	3.6633e-05	1.1755e-36	1.1755e-36	2.0175e-25	0.00e+00	0.00e+00	3.7257e-03
5.73510e+16	6.4992e+03	2.887e-22	1.0000e+01	1.0822e+01	1.0665e-13	2.5972e-03	9.9740e-01	2.2388e-02	9.7721e-01	4.0221e-04	4.1501e-17	2.0449e-04	2.9799e-01	7.0165e-01	1.5694e-04	2.0009e-03	7.3322e-01	2.6475e-01	3.4376e-05	1.1755e-36	1.1755e-36	2.0195e-25	0.00e+00	0.00e+00	1.5082e-02
1.36993e+17	6.4568e+03	2.857e-22	1.0000e+01	1.0822e+01	1.0837e-13	2.5779e-03	9.9742e-01	2.2383e-02	9.7723e-01	3.9126e-04	4.0840e-17	2.0309e-04	2.9820e-01	7.0144e-01	1.5505e-04	1.9925e-03	7.3452e-01	2.6345e-01	3.1435e-05	1.1755e-36	1.1755e-36	1.9570e-25	0.00e+00	0.00e+00	2.9736e-02
2.40528e+17	6.4115e+03	2.826e-22	1.0000e+01	1.0822e+01	1.1080e-13	2.5632e-03	9.9744e-01	2.2440e-02	9.7719e-01	3.6634e-04	4.0447e-17	2.0269e-04	2.9899e-01	7.0065e-01	1.5203e-04	1.9899e-03	7.3650e-01	2.6148e-01	2.7839e-05	1.1755e-36	1.1755e-36	1.9075e-25	0.00e+00	0.00e+00	4.8677e-02
3.75123e+17	6.3616e+03	2.792e-22	1.0000e+01	1.0822e+01	1.1404e-13	2.5519e-03	9.9745e-01	2.2565e-02	9.7711e-01	3.2838e-04	4.0269e-17	2.0297e-04	3.0042e-01	6.9923e-01	1.4786e-04	1.9929e-03	7.3926e-01	2.5872e-01	2.3658e-05	1.1755e-36	1.1755e-36	1.8658e-25	0.00e+00	0.00e+00	7.3192e-02
5.50097e+17	6.3061e+03	2.755e-22	1.0000e+01	1.0822e+01	1.1831e-13	2.5448e-03	9.9746e-01	2.2778e-02	9.7694e-01	2.7837e-04	4.0355e-17	2.0403e-04	3.0269e-01	6.9697e-01	1.4246e-04	2.0031e-03	7.4305e-01	2.5493e-01	1.9050e-05	1.1755e-36	1.1755e-36	1.8325e-25	0.00e+00	0.00e+00	1.0497e-01
7.77563e+17	6.2447e+03	2.714e-22	1.0000e+01	1.0821e+01	1.2400e-13	2.5439e-03	9.9746e-01	2.3119e-02	9.7666e-01	2.1949e-04	4.0815e-17	2.0617e-04	3.0613e-01	6.9353e-01	1.3579e-04	2.0230e-03	7.4816e-01	2.4981e-01	1.4295e-05	1.1755e-36	1.1755e-36	1.8113e-25	0.00e+00	0.00e+00	1.4627e-01
1.07327e+18	6.1773e+03	2.670e-22	1.0000e+01	1.0821e+01	1.3151e-13	2.5523e-03	9.9745e-01	2.3646e-02	9.7620e-01	1.5771e-04	4.1797e-17	2.0985e-04	3.1125e-01	6.8841e-01	1.2790e-04	2.0570e-03	7.5496e-01	2.4297e-01	9.7873e-06	1.1755e-36	1.1755e-36	1.8052e-25	0.00e+00	0.00e+00	2.0014e-01
1.45769e+18	6.1052e+03	2.623e-22	1.0000e+01	1.0820e+01	1.4151e-13	2.5748e-03	9.9743e-01	2.4453e-02	9.7545e-01	1.0077e-04	4.3583e-17	2.1579e-04	3.1878e-01	6.8088e-01	1.1890e-04	2.1108e-03	7.6393e-01	2.3395e-01	5.9543e-06	1.1755e-36	1.1755e-36	1.8235e-25	0.00e+00	0.00e+00	2.7079e-01
1.95743e+18	6.0307e+03	2.574e-22	1.0000e+01	1.0818e+01	1.5540e-13	2.6191e-03	9.9738e-01	2.5699e-02	9.7425e-01	5.5649e-05	4.6785e-17	2.2520e-04	3.2991e-01	6.6976e-01	1.0878e-04	2.1940e-03	7.7568e-01	2.2212e-01	3.1133e-06	1.1755e-36	1.1755e-36	1.8912e-25	0.00e+00	0.00e+00	3.6422e-01
2.60710e+18	5.9575e+03	2.525e-22	1.0000e+01	1.0816e+01	1.7485e-13	2.6979e-03	9.9730e-01	2.7671e-02	9.7230e-01	2.5703e-05	5.2324e-17	2.4009e-04	3.4654e-01	6.5312e-01	9.7319e-05	2.3227e-03	7.9108e-01	2.0660e-01	1.3419e-06	1.1755e-36	1.1755e-36	2.0350e-25	0.00e+00	0.00e+00	4.8932e-01
3.45166e+18	5.8896e+03	2.479e-22	1.0000e+01	1.0813e+01	2.0389e-13	2.8340e-03	9.9717e-01	3.0962e-02	9.6903e-01	9.5604e-06	6.2377e-17	2.6411e-04	3.7207e-01	6.2758e-01	8.3969e-05	2.5260e-03	8.1133e-01	1.8614e-01	4.5217e-07	1.1755e-36	1.1755e-36	2.3277e-25	0.00e+00	0.00e+00	6.6016e-01
4.39982e+18	5.8352e+03	2.436e-22	1.0000e+01	1.0808e+01	2.3919e-13	3.0083e-03	9.9699e-01	3.5729e-02	9.6427e-01	3.1533e-06	7.6648e-17	2.9633e-04	4.0537e-01	5.9426e-01	7.0553e-05	2.7822e-03	8.3361e-01	1.6361e-01	1.3374e-07	1.1755e-36	1.1755e-36	2.7291e-25	0.00e+00	0.00e+00	8.3901e-01
5.27099e+18	5.8042e+03	2.412e-22	1.0000e+01	1.0797e+01	2.7869e-13	3.2126e-03	9.9679e-01	4.1813e-02	9.5819e-01	1.1695e-06	9.5649e-17	3.3378e-04	4.4292e-01	5.5668e-01	5.8848e-05	3.0717e-03	8.5459e-01	1.4234e-01	1.1755e-36	1.1755e-36	1.1755e-36	3.2779e-25	0.00e+00	0.00e+00	1.0014e+00
6.02309e+18	5.8022e+03	2.403e-22	1.0000e+01	1.0788e+01	3.1885e-13	3.4392e-03	9.9656e-01	4.9405e-02	9.5059e-01	5.1608e-07	1.2013e-16	3.7512e-04	4.8267e-01	5.1690e-01	4.8948e-05	3.3848e-03	8.7342e-01	1.2320e-01	1.1755e-36	1.1755e-36	1.1755e-36	4.0118e-25	0.00e+00	0.00e+00	1.1542e+00
6.71058e+18	5.8134e+03	2.404e-22	1.0000e+01	1.0777e+01	3.6482e-13	3.6975e-03	9.9630e-01	5.9382e-02	9.4062e-01	2.5095e-07	1.5299e-16	4.2199e-04	5.2618e-01	4.7335e-01	4.0013e-05	3.7372e-03	8.9122e-01	1.0504e-01	1.1755e-36	1.1755e-36	1.1755e-36	5.0204e-25	0.00e+00	0.00e+00	1.3110e+00
7.37288e+18	5.8327e+03	2.411e-22	1.0000e+01	1.0763e+01	4.2063e-13	3.9999e-03	9.9600e-01	7.3588e-02	9.2641e-01	1.2795e-07	1.9877e-16	4.7669e-04	5.7555e-01	4.2394e-01	3.1615e-05	4.1481e-03	9.0873e-01	8.7120e-02	1.1755e-36	1.1755e-36	1.1755e-36	6.4408e-25	0.00e+00	0.00e+00	1.4759e+00
7.90416e+18	5.8555e+03	2.422e-22	1.0000e+01	1.0747e+01	4.7062e-13	4.2752e-03	9.9572e-01	9.0883e-02	9.0912e-01	7.6433e-08	2.4785e-16	5.2865e-04	6.2200e-01	3.7745e-01	2.5141e-05	4.5253e-03	9.2298e-01	7.2496e-02	1.1755e-36	1.1755e-36	1.1755e-36	7.9138e-25	0.00e+00	0.00e+00	1.5865e+00
8.23957e+18	5.8793e+03	2.428e-22	1.0000e+01	1.0731e+01	5.0426e-13	4.4705e-03	9.9553e-01	1.0662e-01	8.9338e-01	5.5645e-08	2.8824e-16	5.6623e-04	6.5517e-01	3.4424e-01	2.1118e-05	4.7948e-03	9.3227e-01	6.2934e-02	1.1755e-36	1.1755e-36	1.1755e-36	9.1202e-25	0.00e+00	0.00e+00	1.6603e+00
8.48343e+18	5.8869e+03	2.436e-22	1.0000e+01	1.0715e+01	5.3989e-13	4.6356e-03	9.9536e-01	1.2147e-01	8.7853e-01	4.3726e-08	3.2535e-16	5.9613e-04	6.8116e-01	3.1823e-01	1.8208e-05	5.0204e-03	9.3915e-01	5.5832e-02	1.1755e-36	1.1755e-36	1.1755e-36	1.0233e-24	0.00e+00	0.00e+00	1.7265e+00
8.74375e+18	5.8947e+03	2.444e-22	1.0000e+01	1.0696e+01	5.8570e-13	4.8339e-03	9.9517e-01	1.4184e-01	8.5816e-01	3.3363e-08	3.7435e-16	6.3046e-04	7.1013e-01	2.8922e-01	1.5192e-05	5.2904e-03	9.4651e-01	4.8202e-02	1.1755e-36	1.1755e-36	1.1755e-36	1.1730e-24	0.00e+00	0.00e+00	1.8164e+00
9.02249e+18	5.9152e+03	2.451e-22	1.0000e+01	1.0672e+01	6.3046e-13	5.0503e-03	9.9495e-01	1.7106e-01	8.2894e-01	2.5147e-08	4.3454e-16	6.6848e-04	7.4212e-01	2.5720e-01	1.2241e-05	5.5877e-03	9.5421e-01	4.0206e-02	1.1755e-36	1.1755e-36	1.1755e-36	1.3542e-24	0.00e+00	0.00e+00	1.9003e+00
9.24992e+18	5.9300e+03	2.457e-22	1.0000e+01	1.0648e+01	6.7332e-13	5.2406e-03	9.9476e-01	2.0453e-01	7.9547e-01	1.9854e-08	4.9445e-16	7.0115e-04	7.6967e-01	2.2961e-01	9.9543e-06	5.8498e-03	9.6055e-01	3.3604e-02	1.1755e-36	1.1755e-36	1.1755e-36	1.5314e-24	0.00e+00	0.00e+00	1.9637e+00
9.41921e+18	5.9279e+03	2.460e-22	1.0000e+01	1.0610e+01	7.1726e-13	5.3943e-03	9.9461e-01	2.3717e-01	7.6283e-01	1.6302e-08	5.4586e-16	7.2541e-04	7.9062e-01	2.0865e-01	8.3435e-06	6.0611e-03	9.6523e-01	2.8709e-02	1.1755e-36	1.1755e-36	1.1755e-36	1.6732e-24	0.00e+00	0.00e+00	2.0138e+00
9.56174e+18	5.9374e+03	2.458e-22	1.0000e+01	1.0579e+01	7.4981e-13	5.5253e-03	9.9447e-01	2.7159e-01	7.2841e-01	1.3645e-08	5.9563e-16	7.4586e-04	8.0800e-01	1.9124e-01	7.0842e-06	6.2425e-03	9.6910e-01	2.4658e-02	1.1755e-36	1.1755e-36	1.1755e-36	1.8127e-24	0.00e+00	0.00e+00	2.0620e+00
9.72057e+18	5.9415e+03	2.457e-22	1.0000e+01	1.0547e+01	7.9835e-13	5.6903e-03	9.9431e-01	3.2010e-01	6.7990e-01	1.1002e-08	6.6399e-16	7.6935e-04	8.2707e-01	1.7215e-01	5.7683e-06	6.4675e-03	9.7327e-01	2.0265e-02	1.1755e-36	1.1755e-36	1.1755e-36	2.0069e-24	0.00e+00	0.00e+00	2.1265e+00
9.88573e+18	5.9378e+03	2.454e-22	1.0000e+01	1.0500e+01	8.5749e-13	5.8669e-03	9.9413e-01	3.8454e-01	6.1546e-01	8.5400e-09	7.4387e-16	7.9228e-04	8.4590e-01	1.5330e-01	4.5726e-06	6.7073e-03	9.7730e-01	1.5990e-02	1.1755e-36	1.1755e-36	1.1755e-36	2.2160e-24	0.00e+00	0.00e+00	2.1823e+00
1.00173e+19	5.9343e+03	2.445e-22	1.0000e+01	1.0445e+01	9.0793e-13	6.0065e-03	9.9399e-01	4.4952e-01	5.5048e-01	6.7500e-09	8.1629e-16	8.0835e-04	8.5994e-01	1.3925e-01	3.7307e-06	6.8973e-03	9.8031e-01	1.2793e-02	1.1755e-36	1.1755e-36	1.1755e-36	2.3912e-24	0.00e+00	0.00e+00	2.2249e+00
1.01233e+19	5.9280e+03	2.433e-22	1.0000e+01	1.0388e+01	9.5475e-13	6.1219e-03	9.9388e-01	5.1074e-01	4.8926e-01	5.4039e-09	8.8199e-16	8.1966e-04	8.7022e-01	1.2896e-01	3.1275e-06	7.0534e-03	9.8251e-01	1.0434e-02	1.1755e-36	1.1755e-36	1.1755e-36	2.5400e-24	0.00e+00	0.00e+00	2.2635e+00
1.02380e+19	5.9153e+03	2.416e-22	1.0000e+01	1.0315e+01	1.0163e-12	6.2531e-03	9.9375e-01	5.8378e-01	4.1622e-01	4.0681e-09	9.6226e-16	8.3000e-04	8.7998e-01	1.1918e-01	2.5532e-06	7.2287e-03	9.8459e-01	8.1766e-03	1.1755e-36	1.1755e-36	1.1755e-36	2.7151e-24	0.00e+00	0.00e+00	2.3147e+00
1.03871e+19	5.9009e+03	2.390e-22	1.0000e+01	1.0217e+01	1.1019e-12	6.4289e-03	9.9357e-01	6.8301e-01	3.1699e-01	2.6282e-09	1.0788e-15	8.4106e-04	8.9025e-01	1.0891e-01	1.9446e-06	7.4601e-03	9.8676e-01	5.7770e-03	1.1755e-36	1.1755e-36	1.1755e-36	2.9675e-24	0.00e+00	0.00e+00	2.3831e+00
1.05458e+19	5.8695e+03	2.371e-22	1.0000e+01	1.0128e+01	1.2269e-12	6.6474e-03	9.9335e-01	7.8565e-01	2.1435e-01	1.5186e-09	1.2231e-15	8.5194e-04	8.9871e-01	1.0044e-01	1.4371e-06	7.7394e-03	9.8842e-01	3.8383e-03	1.1755e-36	1.1755e-36	1.1755e-36	3.2896e-24	0.00e+00	0.00e+00	2.4456e+00
1.06944e+19	5.8452e+03	2.361e-22	1.0000e+01	1.0071e+01	1.3596e-12	6.8809e-03	9.9312e-01	8.6409e-01	1.3591e-01	8.3945e-10	1.3748e-15	8.6231e-04	9.0439e-01	9.4749e-02	1.0679e-06	8.0323e-03	9.8942e-01	2.5433e-03	1.1755e-36	1.1755e-36	1.1755e-36	3.6778e-24	0.00e+00	0.00e+00	2.5101e+00
1.08652e+19	5.8300e+03	2.353e-22	1.0000e+01	1.0009e+01	1.5082e-12	7.1610e-03	9.9284e-01	9.2421e-01	7.5793e-02	3.9652e-10	1.5430e-15	8.7183e-04	9.0860e-01	9.0523e-02	7.5696e-07	8.3805e-03	9.9005e-01	1.5697e-03	1.1755e-36	1.1755e-36	1.1755e-36	4.1608e-24	0.00e+00	0.00e+00	2.5974e+00
1.10871e+19	5.8251e+03	2.360e-22	1.0000e+01	9.9664e+00	1.7091e-12	7.5694e-03	9.9243e-01	9.6593e-01	3.4069e-02	1.4510e-10	1.7710e-15	8.8533e-04	9.1219e-01	8.6923e-02	4.8331e-07	8.8831e-03	9.9028e-01	8.3742e-04	1.1755e-36	1.1755e-36	1.1755e-36	4.9500e-24	0.00e+00	0.00e+00	2.7173e+00
1.13757e+19	5.8382e+03	2.386e-22	1.0000e+01	9.9398e+00	1.9852e-12	8.1702e-03	9.9183e-01	9.8776e-01	1.2240e-02	4.0363e-11	2.0977e-15	9.0382e-04	9.1541e-01	8.3688e-02	2.6966e-07	9.6188e-03	9.9001e-01	3.7382e-04	1.1755e-36	1.1755e-36	1.1755e-36	6.2921e-24	0.00e+00	0.00e+00	2.8856e+00
1.17508e+19	5.8709e+03	2.432e-22	1.0000e+01	9.9227e+00	2.4265e-12	9.0904e-03	9.9091e-01	9.9643e-01	3.5701e-03	8.5859e-12	2.6455e-15	9.2868e-04	9.1886e-01	8.0209e-02	1.2633e-07	1.0744e-02	9.8912e-01	1.3507e-04	1.1755e-36	1.1755e-36	1.1755e-36	8.9479e-24	0.00e+00	0.00e+00	3.1290e+00
1.22385e+19	5.9245e+03	2.506e-22	1.0000e+01	9.9060e+00	3.1874e-12	1.0595e-02	9.8941e-01	9.9914e-01	8.5668e-04	1.3921e-12	3.6405e-15	9.6201e-04	9.2325e-01	7.5786e-02	1.1755e-36	1.2584e-02	9.8738e-01	3.7988e-05	1.1755e-36	1.1755e-36	1.1755e-36	1.4587e-23	0.00e+00	0.00e+00	3.4978e+00
1.27202e+19	6.0097e+03	2.593e-22	1.0000e+01	9.8851e+00	4.2307e-12	1.2608e-02	9.8739e-01	9.9977e-01	2.3396e-04	2.6890e-13	5.1920e-15	9.9519e-04	9.2761e-01	7.1398e-02	1.1755e-36	1.5052e-02	9.8494e-01	1.1116e-05	1.1755e-36	1.1755e-36	1.1755e-36	2.5252e-23	0.00e+00	0.00e+00	3.8258e+00
1.30662e+19	6.0588e+03	2.675e-22	1.0000e+01	9.8704e+00	5.5172e-12	1.4643e-02	9.8536e-01	9.9990e-01	1.0193e-04	9.2298e-14	7.0492e-15	1.0217e-03	9.3129e-01	6.7687e-02	1.1755e-36	1.7548e-02	9.8245e-01	4.8076e-06	1.1755e-36	1.1755e-36	1.1755e-36	4.0365e-23	0.00e+00	0.00e+00	4.0847e+00
1.33267e+19	6.1082e+03	2.736e-22	1.0000e+01	9.8458e+00	6.8188e-12	1.6567e-02	9.8343e-01	9.9994e-01	5.6516e-05	4.2804e-14	9.0758e-15	1.0399e-03	9.3423e-01	6.4727e-02	1.1755e-36	1.9914e-02	9.8008e-01	2.5797e-06	1.1755e-36	1.1755e-36	1.1755e-36	5.9454e-23	0.00e+00	0.00e+00	4.3368e+00
1.36038e+19	6.1609e+03	2.803e-22	1.0000e+01	9.8196e+00	8.7700e-12	1.9125e-02	9.8087e-01	9.9997e-01	3.0421e-05	1.8896e-14	1.2208e-14	1.0598e-03	9.3772e-01	6.1224e-02	1.1755e-36	2.3061e-02	9.7694e-01	1.3139e-06	1.1755e-36	1.1755e-36	1.1755e-36	9.3482e-23	0.00e+00	0.00e+00	4.7152e+00
1.39170e+19	6.2076e+03	2.897e-22	1.0000e+01	9.7945e+00	1.2386e-11	2.3048e-02	9.7695e-01	9.9998e-01	1.5632e-05	7.8418e-15	1.7942e-14	1.0833e-03	9.4210e-01	5.6817e-02	1.1755e-36	2.7889e-02	9.7211e-01	6.1857e-07	1.1755e-36	1.1755e-36	1.1755e-36	1.6801e-22	0.00e+00	0.00e+00	5.1709e+00
1.42051e+19	6.2689e+03	2.985e-22	1.0000e+01	9.7404e+00	1.7722e-11	2.8123e-02	9.7188e-01	9.9999e-01	8.7029e-06	3.6343e-15	2.6984e-14	1.1021e-03	9.4645e-01	5.2444e-02	1.1755e-36	3.4136e-02	9.6586e-01	3.0754e-07	1.1755e-36	1.1755e-36	1.1755e-36	3.1292e-22	0.00e+00	0.00e+00	5.6380e+00
1.44540e+19	6.3197e+03	3.069e-22	1.0000e+01	9.6913e+00	2.5841e-11	3.4468e-02	9.6553e-01	9.9999e-01	5.2963e-06	1.8891e-15	4.1060e-14	1.1187e-03	9.5082e-01	4.8060e-02	1.1755e-36	4.1939e-02	9.5806e-01	1.6431e-07	1.1755e-36	1.1755e-36	1.1755e-36	5.9290e-22	0.00e+00	0.00e+00	6.1490e+00
1.46742e+19	6.3680e+03	3.140e-22	1.0000e+01	9.6207e+00	3.8258e-11	4.2501e-02	9.5750e-01	1.0000e+00	3.4440e-06	1.0739e-15	6.3228e-14	1.1300e-03	9.5511e-01	4.3763e-02	1.1755e-36	5.1800e-02	9.4820e-01	9.2055e-08	1.1755e-36	1.1755e-36	1.1755e-36	1.1435e-21	0.00e+00	0.00e+00	6.7004e+00
1.48643e+19	6.4120e+03	3.182e-22	1.0000e+01	9.4966e+00	5.6797e-11	5.2347e-02	9.4765e-01	1.0000e+00	2.3903e-06	6.6912e-16	9.6805e-14	1.1317e-03	9.5910e-01	3.9767e-02	1.1755e-36	6.3853e-02	9.3615e-01	5.4316e-08	1.1755e-36	1.1755e-36	1.1755e-36	2.1834e-21	0.00e+00	0.00e+00	7.2781e+00
1.50268e+19	6.4439e+03	3.209e-22	1.0000e+01	9.3671e+00	8.5396e-11	6.4517e-02	9.3548e-01	1.0000e+00	1.7496e-06	4.4762e-16	1.4879e-13	1.1308e-03	9.6297e-01	3.5899e-02	1.1755e-36	7.8687e-02	9.2131e-01	3.3431e-08	1.1755e-36	1.1755e-36	1.1755e-36	4.1968e-21	0.00e+00	0.00e+00	7.8901e+00
1.51504e+19	6.4651e+03	3.215e-22	1.0000e+01	9.2338e+00	1.2369e-10	7.7722e-02	9.2228e-01	1.0000e+00	1.3934e-06	3.3530e-16	2.1838e-13	1.1258e-03	9.6621e-01	3.2667e-02	1.1755e-36	9.4694e-02	9.0531e-01	2.2577e-08	1.1755e-36	1.1755e-36	1.1755e-36	7.5289e-21	0.00e+00	0.00e+00	8.3657e+00
1.52343e+19	6.4740e+03	3.204e-22	1.0000e+01	9.1137e+00	1.6569e-10	8.9690e-02	9.1031e-01	1.0000e+00	1.1917e-06	2.7550e-16	2.9359e-13	1.1189e-03	9.6862e-01	3.0266e-02	1.1755e-36	1.0912e-01	8.9088e-01	1.6889e-08	1.1755e-36	1.1755e-36	1.1755e-36	1.1822e-20	0.00e+00	0.00e+00	8.7680e+00
1.53045e+19	6.4750e+03	3.181e-22	1.0000e+01	8.9893e+00	2.1745e-10	1.0212e-01	8.9788e-01	1.0000e+00	1.0404e-06	2.3257e-16	3.8425e-13	1.1103e-03	9.7075e-01	2.8140e-02	1.1755e-36	1.2402e-01	8.7598e-01	1.2992e-08	1.1755e-36	1.1755e-36	1.1755e-36	1.7824e-20	0.00e+00	0.00e+00	9.2141e+00
1.53840e+19	6.4661e+03	3.133e-22	1.0000e+01	8.8129e+00	3.0655e-10	1.1971e-01	8.8029e-01	1.0000e+00	8.8606e-07	1.9075e-16	5.3499e-13	1.0962e-03	9.7330e-01	2.5602e-02	1.1755e-36	1.4497e-01	8.5503e-01	9.4117e-09	1.1755e-36	1.1755e-36	1.1755e-36	2.9553e-20	0.00e+00	0.00e+00	9.8941e+00
1.54682e+19	6.4435e+03	3.049e-22	1.0000e+01	8.5677e+00	4.6503e-10	1.4431e-01	8.5569e-01	1.0000e+00	7.5563e-07	1.5775e-16	7.9062e-13	1.0738e-03	9.7609e-01	2.2839e-02	1.1755e-36	1.7398e-01	8.2602e-01	6.5581e-09	1.1755e-36	1.1755e-36	1.1755e-36	5.3808e-20	0.00e+00	0.00e+00	1.0608e+01
1.55430e+19	6.4003e+03	2.930e-22	1.0000e+01	8.2681e+00	7.2248e-10	1.7414e-01	8.2586e-01	1.0000e+00	6.5530e-07	1.3404e-16	1.1738e-12	1.0441e-03	9.7875e-01	2.0211e-02	1.1755e-36	2.0871e-01	7.9129e-01	4.5842e-09	1.1755e-36	1.1755e-36	1.1755e-36	9.8934e-20	0.00e+00	0.00e+00	1.1392e+01
1.56096e+19	6.3325e+03	2.773e-22	1.0000e+01	7.9126e+00	1.1473e-09	2.0965e-01	7.9035e-01	1.0000e+00	5.7945e-07	1.1741e-16	1.7412e-12	1.0068e-03	9.8122e-01	1.7770e-02	1.1755e-36	2.4943e-01	7.5057e-01	3.2219e-09	1.1755e-36	1.1755e-36	1.1755e-36	1.8245e-19	0.00e+00	0.00e+00	1.2212e+01
1.56665e+19	6.2392e+03	2.589e-22	1.0000e+01	7.5148e+00	1.8284e-09	2.4941e-01	7.5059e-01	1.0000e+00	5.2420e-07	1.0638e-16	2.5308e-12	9.6332e-04	9.8342e-01	1.5617e-02	1.1755e-36	2.9423e-01	7.0577e-01	2.3085e-09	1.1755e-36	1.1755e-36	1.1755e-36	3.2792e-19	0.00e+00	0.00e+00	1.3029e+01
1.57121e+19	6.1289e+03	2.400e-22	1.0000e+01	7.1160e+00	2.8281e-09	2.8967e-01	7.1033e-01	1.0000e+00	4.8629e-07	9.9709e-17	3.5152e-12	9.1858e-04	9.8522e-01	1.3858e-02	1.1755e-36	3.3877e-01	6.6123e-01	1.7229e-09	1.1755e-36	1.1755e-36	1.1755e-36	5.5306e-19	0.00e+00	0.00e+00	1.3746e+01
1.57457e+19	6.0184e+03	2.232e-22	1.0000e+01	6.7585e+00	4.0765e-09	3.2500e-01	6.7500e-01	1.0000e+00	4.6287e-07	9.6370e-17	4.5463e-12	8.7778e-04	9.8656e-01	1.2563e-02	1.1755e-36	3.7718e-01	6.2282e-01	1.3668e-09	1.1755e-36	1.1755e-36	1.1755e-36	8.3856e-19	0.00e+00	0.00e+00	1.4320e+01
1.57702e+19	5.9171e+03	2.096e-22	1.0000e+01	6.4691e+00	5.4847e-09	3.5434e-01	6.4566e-01	1.0000e+00	4.4694e-07	9.4396e-17	5.5458e-12	8.4443e-04	9.8755e-01	1.1609e-02	1.1755e-36	4.0862e-01	5.9138e-01	1.1419e-09	1.1755e-36	1.1755e-36	1.1755e-36	1.1645e-18	0.00e+00	0.00e+00	1.4793e+01
1.57903e+19	5.8183e+03	1.974e-22	1.0000e+01	6.2051e+00	7.1297e-09	3.8030e-01	6.1970e-01	1.0000e+00	4.3550e-07	9.3377e-17	6.5468e-12	8.1385e-04	9.8835e-01	1.0841e-02	1.1755e-36	4.3610e-01	5.6390e-01	9.8004e-10	1.1755e-36	1.1755e-36	1.1755e-36	1.5406e-18	0.00e+00	0.00e+00	1.5247e+01
1.58086e+19	5.7133e+03	1.857e-22	1.0000e+01	5.9480e+00	9.2408e-09	4.0594e-01	5.9406e-01	1.0000e+00	4.2541e-07	9.2667e-17	7.6693e-12	7.8396e-04	9.8908e-01	1.0140e-02	1.1755e-36	4.6292e-01	5.3708e-01	8.4738e-10	1.1755e-36	1.1755e-36	1.1755e-36	2.0255e-18	0.00e+00	0.00e+00	1.5703e+01
1.58257e+19	5.6012e+03	1.742e-22	1.0000e+01	5.6922e+00	1.1986e-08	4.3141e-01	5.6858e-01	1.0000e+00	4.1676e-07	9.2359e-17	8.9404e-12	7.5406e-04	9.8975e-01	9.4947e-03	1.1755e-36	4.8927e-01	5.1073e-01	7.3673e-10	1.1755e-36	1.1755e-36	1.1755e-36	2.6610e-18	0.00e+00	0.00e+00	1.6152e+01
1.58376e+19	5.5196e+03	1.665e-22	1.0000e+01	5.5138e+00	1.4391e-08	4.4930e-01	5.5070e-01	1.0000e+00	4.1248e-07	9.2675e-17	9.9437e-12	7.3309e-04	9.9019e-01	9.0816e-03	1.1755e-36	5.0759e-01	4.9241e-01	6.7076e-10	1.1755e-36	1.1755e-36	1.1755e-36	3.2317e-18	0.00e+00	0.00e+00	1.6355e+01
1.58433e+19	5.4749e+03	1.626e-22	1.0000e+01	5.4248e+00	1.5835e-08	4.5841e-01	5.4159e-01	1.0000e+00	4.1027e-07	9.2783e-17	1.0502e-11	7.2270e-04	9.9040e-01	8.8743e-03	1.1755e-36	5.1686e-01	4.8314e-01	6.3969e-10	1.1755e-36	1.1755e-36	1.1755e-36	3.5775e-18	0.00e+00	0.00e+00	1.6480e+01
1.58478e+19	5.4370e+03	1.594e-22	1.0000e+01	5.3499e+00	1.7141e-08	4.6585e-01	5.3415e-01	1.0000e+00	4.0828e-07	9.2848e-17	1.0979e-11	7.1392e-04	9.9058e-01	8.7055e-03	1.1755e-36	5.2442e-01	4.7558e-01	6.1507e-10	1.1755e-36	1.1755e-36	1.1755e-36	3.8901e-18	0.00e+00	0.00e+00	1.6619e+01
1.58532e+19	5.3902e+03	1.555e-22	1.0000e+01	5.2591e+00	1.8896e-08	4.7505e-01	5.2495e-01	1.0000e+00	4.0575e-07	9.2895e-17	1.1604e-11	7.0326e-04	9.9080e-01	8.4991e-03	1.1755e-36	5.3372e-01	4.6628e-01	5.8592e-10	1.1755e-36	1.1755e-36	1.1755e-36	4.3227e-18	0.00e+00	0.00e+00	1.6803e+01
1.58596e+19	5.3338e+03	1.508e-22	1.0000e+01	5.1485e+00	2.1195e-08	4.8571e-01	5.1429e-01	1.0000e+00	4.0340e-07	9.3186e-17	1.2370e-11	6.9024e-04	9.9104e-01	8.2694e-03	1.1755e-36	5.4446e-01	4.5554e-01	5.5414e-10	1.1755e-36	1.1755e-36	1.1755e-36	4.8910e-18	0.00e+00	0.00e+00	1.7005e+01
1.58659e+19	5.2754e+03	1.463e-22	1.0000e+01	5.0403e+00	2.3827e-08	4.9654e-01	5.0346e-01	1.0000e+00	4.0112e-07	9.3471e-17	1.3217e-11	6.7752e-04	9.9128e-01	8.0419e-03	1.1755e-36	5.5531e-01	4.4469e-01	5.2402e-10	1.1755e-36	1.1755e-36	1.1755e-36	5.5679e-18	0.00e+00	0.00e+00	1.7196e+01
1.58717e+19	5.2148e+03	1.422e-22	1.0000e+01	4.9401e+00	2.6755e-08	5.0678e-01	4.9322e-01	1.0000e+00	3.9893e-07	9.3674e-17	1.4099e-11	6.6587e-04	9.9150e-01	7.8313e-03	1.1755e-36	5.6553e-01	4.3446e-01	4.9750e-10	1.1755e-36	1.1755e-36	1.1755e-36	6.3327e-18	0.00e+00	0.00e+00	1.7372e+01
1.58770e+19	5.1601e+03	1.384e-22	1.0000e+01	4.8494e+00	2.9718e-08	5.1622e-01	4.8378e-01	1.0000e+00	3.9706e-07	9.3909e-17	1.4975e-11	6.5522e-04	9.9170e-01	7.6410e-03	1.1755e-36	5.7491e-01	4.2509e-01	4.7424e-10	1.1755e-36	1.1755e-36	1.1755e-36	7.1487e-18	0.00e+00	0.00e+00	1.7536e+01
1.58820e+19	5.1068e+03	1.347e-22	1.0000e+01	4.7586e+00	3.2878e-08	5.2526e-01	4.7474e-01	1.0000e+00	3.9548e-07	9.4265e-17	1.5872e-11	6.4455e-04	9.9189e-01	7.4632e-03	1.1755e-36	5.8385e-01	4.1615e-01	4.5289e-10	1.1755e-36	1.1755e-36	1.1755e-36	8.0462e-18	0.00e+00	0.00e+00	1.7703e+01
1.58872e+19	5.0457e+03	1.310e-22	1.0000e+01	4.6634e+00	3.6732e-08	5.3472e-01	4.6528e-01	1.0000e+00	3.9371e-07	9.4582e-17	1.6907e-11	6.3349e-04	9.9209e-01	7.2807e-03	1.1755e-36	5.9319e-01	4.0681e-01	4.3183e-10	1.1755e-36	1.1755e-36	1.1755e-36	9.1657e-18	0.00e+00	0.00e+00	1.7880e+01
1.58923e+19	4.9900e+03	1.272e-22	1.0000e+01	4.5681e+00	4.0712e-08	5.4392e-01	4.5608e-01	1.0000e+00	3.9248e-07	9.5134e-17	1.7948e-11	6.2222e-04	9.9227e-01	7.1067e-03	1.1755e-36	6.0222e-01	3.9778e-01	4.1203e-10	1.1755e-36	1.1755e-36	1.1755e-36	1.0367e-17	0.00e+00	0.00e+00	1.8052e+01
1.58974e+19	4.9337e+03	1.235e-22	1.0000e+01	4.4734e+00	4.5079e-08	5.5313e-01	4.4687e-01	1.0000e+00	3.9128e-07	9.5710e-17	1.8934e-11	6.1100e-04	9.9246e-01	6.9297e-03	1.1755e-36	6.1122e-01	3.8878e-01	3.9307e-10	1.1755e-36	1.1755e-36	1.1755e-36	1.1563e-17	0.00e+00	0.00e+00	1.8231e+01
1.59026e+19	4.8655e+03	1.197e-22	1.0000e+01	4.3793e+00	5.0694e-08	5.6324e-01	4.3676e-01	1.0000e+00	3.8934e-07	9.5958e-17	2.0119e-11	6.0014e-04	9.9266e-01	6.7358e-03	1.1755e-36	6.2106e-01	3.7894e-01	3.7376e-10	1.1755e-36	1.1755e-36	1.1755e-36	1.3108e-17	0.00e+00	0.00e+00	1.8419e+01
1.59076e+19	4.7976e+03	1.161e-22	1.0000e+01	4.2812e+00	5.6706e-08	5.7261e-01	4.2739e-01	1.0000e+00	3.8821e-07	9.6552e-17	2.1256e-11	5.8874e-04	9.9285e-01	6.5621e-03	1.1755e-36	6.3016e-01	3.6984e-01	3.5666e-10	1.1755e-36	1.1755e-36	1.1755e-36	1.4714e-17	0.00e+00	0.00e+00	1.8592e+01
1.59122e+19	4.7338e+03	1.128e-22	1.0000e+01	4.1930e+00	6.2924e-08	5.8147e-01	4.1853e-01	1.0000e+00	3.8701e-07	9.7029e-17	2.2398e-11	5.7851e-04	9.9302e-01	6.3990e-03	1.1755e-36	6.3873e-01	3.6127e-01	3.4120e-10	1.1755e-36	1.1755e-36	1.1755e-36	1.6430e-17	0.00e+00	0.00e+00	1.8757e+01
1.59168e+19	4.6692e+03	1.096e-22	1.0000e+01	4.1057e+00	6.9727e-08	5.9023e-01	4.0977e-01	1.0000e+00	3.8586e-07	9.7517e-17	2.3580e-11	5.6842e-04	9.9319e-01	6.2397e-03	1.1755e-36	6.4717e-01	3.5283e-01	3.2653e-10	1.1755e-36	1.1755e-36	1.1755e-36	1.8326e-17	0.00e+00	0.00e+00	1.8927e+01
1.59214e+19	4.6012e+03	1.063e-22	1.0000e+01	4.0163e+00	7.7418e-08	5.9923e-01	4.0077e-01	1.0000e+00	3.8472e-07	9.8038e-17	2.4847e-11	5.5812e-04	9.9336e-01	6.0785e-03	1.1755e-36	6.5580e-01	3.4420e-01	3.1212e-10	1.1755e-36	1.1755e-36	1.1755e-36	2.0490e-17	0.00e+00	0.00e+00	1.9103e+01
1.59261e+19	4.5262e+03	1.030e-22	1.0000e+01	3.9239e+00	8.6380e-08	6.0848e-01	3.9152e-01	1.0000e+00	3.8348e-07	9.8538e-17	2.6206e-11	5.4762e-04	9.9354e-01	5.9149e-03	1.1755e-36	6.6465e-01	3.3535e-01	2.9806e-10	1.1755e-36	1.1755e-36	1.1755e-36	2.2977e-17	0.00e+00	0.00e+00	1.9284e+01
1.59307e+19	4.4534e+03	9.980e-23	1.0000e+01	3.8336e+00	9.5751e-08	6.1753e-01	3.8247e-01	1.0000e+00	3.8244e-07	9.9115e-17	2.7569e-11	5.3731e-04	9.9371e-01	5.7573e-03	1.1755e-36	6.7328e-01	3.2672e-01	2.8479e-10	1.1755e-36	1.1755e-36	1.1755e-36	2.5625e-17	0.00e+00	0.00e+00	1.9460e+01
1.59353e+19	4.3780e+03	9.662e-23	1.0000e+01	3.7432e+00	1.0597e-07	6.2663e-01	3.7337e-01	1.0000e+00	3.8138e-07	9.9687e-17	2.8968e-11	5.2708e-04	9.9387e-01	5.6006e-03	1.1755e-36	6.8192e-01	3.1808e-01	2.7202e-10	1.1755e-36	1.1755e-36	1.1755e-36	2.8506e-17	0.00e+00	0.00e+00	1.9643e+01
1.59400e+19	4.2987e+03	9.336e-23	1.0000e+01	3.6478e+00	1.1709e-07	6.3589e-01	3.6411e-01	1.0000e+00	3.8054e-07	1.0043e-16	3.0376e-11	5.1623e-04	9.9404e-01	5.4442e-03	1.1755e-36	6.9067e-01	3.0933e-01	2.5952e-10	1.1755e-36	1.1755e-36	1.1755e-36	3.1578e-17	0.00e+00	0.00e+00	1.9836e+01
1.59449e+19	4.2171e+03	8.998e-23	1.0000e+01	3.5489e+00	1.2898e-07	6.4551e-01	3.5449e-01	1.0000e+00	3.7983e-07	1.0129e-16	3.1820e-11	5.0499e-04	9.9421e-01	5.2837e-03	1.1755e-36	6.9973e-01	3.0027e-01	2.4696e-10	1.1755e-36	1.1755e-36	1.1755e-36	3.4872e-17	0.00e+00	0.00e+00	2.0042e+01
1.59502e+19	4.1190e+03	8.647e-23	1.0000e+01	3.4450e+00	1.4335e-07	6.5631e-01	3.4369e-01	1.0000e+00	3.7838e-07	1.0186e-16	3.3425e-11	4.9364e-04	9.9440e-01	5.1047e-03	1.1755e-36	7.0986e-01	2.9014e-01	2.3373e-10	1.1755e-36	1.1755e-36	1.1755e-36	3.8701e-17	0.00e+00	0.00e+00	2.0269e+01
1.59556e+19	4.0169e+03	8.287e-23	1.0000e+01	3.3354e+00	1.5798e-07	6.6723e-01	3.3277e-01	1.0000e+00	3.7733e-07	1.0269e-16	3.4894e-11	4.8162e-04	9.9459e-01	4.9275e-03	1.1755e-36	7.2007e-01	2.7993e-01	2.2092e-10	1.1755e-36	1.1755e-36	1.1755e-36	4.2323e-17	0.00e+00	0.00e+00	2.0499e+01
1.59612e+19	3.9084e+03	7.924e-23	1.0000e+01	3.2229e+00	1.7272e-07	6.7849e-01	3.2151e-01	1.0000e+00	3.7622e-07	1.0354e-16	3.6221e-11	4.6949e-04	9.9478e-01	4.7477e-03	1.1755e-36	7.3054e-01	2.6946e-01	2.0832e-10	1.1755e-36	1.1755e-36	1.1755e-36	4.5610e-17	0.00e+00	0.00e+00	2.0745e+01
###########################
5.41048e+14	6.5186e+03	2.900e-22	1.0000e+01	1.0823e+01	1.0396e-13	2.5958e-03	9.9740e-01	2.2286e-02	9.7729e-01	4.2074e-04	4.0868e-17	1.9868e-04	2.9691e-01	7.0273e-01	1.5902e-04	1.9938e-03	7.3178e-01	2.6619e-01	3.7371e-05	1.1755e-36	1.1755e-36	1.9810e-25	0.00e+00	0.00e+00	1.7735e-04
3.24629e+15	6.5164e+03	2.899e-22	1.0000e+01	1.0822e+01	1.0408e-13	2.5951e-03	9.9740e-01	2.2287e-02	9.7729e-01	4.2030e-04	4.0834e-17	1.9843e-04	2.9693e-01	7.0271e-01	1.5917e-04	1.9931e-03	7.3174e-01	2.6623e-01	3.7243e-05	1.1755e-36	1.1755e-36	1.9780e-25	0.00e+00	0.00e+00	8.8655e-04
1.40672e+16	6.5116e+03	2.897e-22	1.0000e+01	1.0822e+01	1.0442e-13	2.5945e-03	9.9741e-01	2.2303e-02	9.7728e-01	4.1727e-04	4.0840e-17	1.9834e-04	2.9710e-01	7.0254e-01	1.5865e-04	1.9936e-03	7.3194e-01	2.6603e-01	3.6667e-05	1.1755e-36	1.1755e-36	1.9757e-25	0.00e+00	0.00e+00	3.7227e-03
5.73510e+16	6.5015e+03	2.888e-22	1.0000e+01	1.0822e+01	1.0538e-13	2.5952e-03	9.9740e-01	2.2379e-02	9.7722e-01	4.0231e-04	4.1039e-17	1.9945e-04	2.9789e-01	7.0175e-01	1.5697e-04	1.9984e-03	7.3297e-01	2.6500e-01	3.4419e-05	1.1755e-36	1.1755e-36	1.9791e-25	0.00e+00	0.00e+00	1.5071e-02
1.36993e+17	6.4599e+03	2.858e-22	1.0000e+01	1.0822e+01	1.0698e-13	2.5753e-03	9.9742e-01	2.2371e-02	9.7724e-01	3.9140e-04	4.0364e-17	1.9899e-04	2.9812e-01	7.0153e-01	1.5505e-04	1.9887e-03	7.3411e-01	2.6387e-01	3.1498e-05	1.1755e-36	1.1755e-36	1.9167e-25	0.00e+00	0.00e+00	2.9710e-02
2.40528e+17	6.4144e+03	2.827e-22	1.0000e+01	1.0822e+01	1.0943e-13	2.5606e-03	9.9744e-01	2.2429e-02	9.7720e-01	3.6646e-04	3.9995e-17	1.9935e-04	2.9894e-01	7.0071e-01	1.5200e-04	1.9860e-03	7.3603e-01	2.6196e-01	2.7901e-05	1.1755e-36	1.1755e-36	1.8696e-25	0.00e+00	0.00e+00	4.8632e-02
3.75123e+17	6.3642e+03	2.793e-22	1.0000e+01	1.0822e+01	1.1271e-13	2.5495e-03	9.9745e-01	2.2554e-02	9.7712e-01	3.2848e-04	3.9851e-17	2.0013e-04	3.0041e-01	6.9924e-01	1.4781e-04	1.9893e-03	7.3881e-01	2.5918e-01	2.3710e-05	1.1755e-36	1.1755e-36	1.8307e-25	0.00e+00	0.00e+00	7.3123e-02
5.50097e+17	6.3082e+03	2.755e-22	1.0000e+01	1.0822e+01	1.1706e-13	2.5427e-03	9.9746e-01	2.2769e-02	9.7695e-01	2.7844e-04	3.9976e-17	2.0157e-04	3.0273e-01	6.9693e-01	1.4238e-04	1.9999e-03	7.4265e-01	2.5533e-01	1.9086e-05	1.1755e-36	1.1755e-36	1.8004e-25	0.00e+00	0.00e+00	1.0488e-01
7.77563e+17	6.2463e+03	2.715e-22	1.0000e+01	1.0821e+01	1.2280e-13	2.5420e-03	9.9746e-01	2.3111e-02	9.7667e-01	2.1954e-04	4.0471e-17	2.0404e-04	3.0623e-01	6.9343e-01	1.3569e-04	2.0204e-03	7.4785e-01	2.5011e-01	1.4317e-05	1.1755e-36	1.1755e-36	1.7818e-25	0.00e+00	0.00e+00	1.4615e-01
1.07327e+18	6.1787e+03	2.670e-22	1.0000e+01	1.0821e+01	1.3034e-13	2.5506e-03	9.9745e-01	2.3639e-02	9.7620e-01	1.5774e-04	4.1483e-17	2.0801e-04	3.1140e-01	6.8827e-01	1.2779e-04	2.0548e-03	7.5475e-01	2.4318e-01	9.7987e-06	1.1755e-36	1.1755e-36	1.7779e-25	0.00e+00	0.00e+00	1.9998e-01
1.45769e+18	6.1064e+03	2.623e-22	1.0000e+01	1.0820e+01	1.4041e-13	2.5732e-03	9.9743e-01	2.4446e-02	9.7545e-01	1.0078e-04	4.3315e-17	2.1422e-04	3.1899e-01	6.8068e-01	1.1878e-04	2.1089e-03	7.6381e-01	2.3408e-01	5.9591e-06	1.1755e-36	1.1755e-36	1.7998e-25	0.00e+00	0.00e+00	2.7058e-01
1.95743e+18	6.0317e+03	2.573e-22	1.0000e+01	1.0818e+01	1.5436e-13	2.6175e-03	9.9738e-01	2.5692e-02	9.7425e-01	5.5657e-05	4.6551e-17	2.2388e-04	3.3018e-01	6.6949e-01	1.0865e-04	2.1924e-03	7.7563e-01	2.2217e-01	3.1150e-06	1.1755e-36	1.1755e-36	1.8700e-25	0.00e+00	0.00e+00	3.6395e-01
2.60710e+18	5.9581e+03	2.524e-22	1.0000e+01	1.0816e+01	1.7385e-13	2.6963e-03	9.9730e-01	2.7665e-02	9.7231e-01	2.5706e-05	5.2113e-17	2.3901e-04	3.4690e-01	6.5277e-01	9.7178e-05	2.3213e-03	7.9107e-01	2.0661e-01	1.3424e-06	1.1755e-36	1.1755e-36	2.0149e-25	0.00e+00	0.00e+00	4.8898e-01
3.45166e+18	5.8896e+03	2.478e-22	1.0000e+01	1.0813e+01	2.0298e-13	2.8324e-03	9.9717e-01	3.0956e-02	9.6903e-01	9.5608e-06	6.2187e-17	2.6318e-04	3.7253e-01	6.2712e-01	8.3824e-05	2.5247e-03	8.1134e-01	1.8613e-01	4.5226e-07	1.1755e-36	1.1755e-36	2.3078e-25	0.00e+00	0.00e+00	6.5973e-01
4.39935e+18	5.8345e+03	2.435e-22	1.0000e+01	1.0808e+01	2.3872e-13	3.0066e-03	9.9699e-01	3.5720e-02	9.6428e-01	3.1547e-06	7.6582e-17	2.9568e-04	4.0596e-01	5.9367e-01	7.0412e-05	2.7808e-03	8.3363e-01	1.6359e-01	1.3383e-07	1.1755e-36	1.1755e-36	2.7163e-25	0.00e+00	0.00e+00	8.3831e-01
5.26946e+18	5.8031e+03	2.411e-22	1.0000e+01	1.0797e+01	2.7872e-13	3.2108e-03	9.9679e-01	4.1796e-02	9.5820e-01	1.1713e-06	9.5737e-17	3.3355e-04	4.4361e-01	5.5599e-01	5.8720e-05	3.0701e-03	8.5458e-01	1.4235e-01	1.1755e-36	1.1755e-36	1.1755e-36	3.2734e-25	0.00e+00	0.00e+00	1.0004e+00
6.02058e+18	5.8007e+03	2.402e-22	1.0000e+01	1.0788e+01	3.1946e-13	3.4370e-03	9.9656e-01	4.9372e-02	9.5063e-01	5.1739e-07	1.2044e-16	3.7518e-04	4.8345e-01	5.1613e-01	4.8835e-05	3.3827e-03	8.7339e-01	1.2323e-01	1.1755e-36	1.1755e-36	1.1755e-36	4.0193e-25	0.00e+00	0.00e+00	1.1529e+00
6.70754e+18	5.8116e+03	2.403e-22	1.0000e+01	1.0777e+01	3.6582e-13	3.6950e-03	9.9630e-01	5.9328e-02	9.4067e-01	2.5170e-07	1.5347e-16	4.2240e-04	5.2708e-01	4.7246e-01	3.9910e-05	3.7347e-03	8.9118e-01	1.0509e-01	1.1755e-36	1.1755e-36	1.1755e-36	5.0347e-25	0.00e+00	0.00e+00	1.3095e+00
7.36968e+18	5.8305e+03	2.410e-22	1.0000e+01	1.0763e+01	4.2209e-13	3.9972e-03	9.9600e-01	7.3506e-02	9.2649e-01	1.2834e-07	1.9949e-16	4.7757e-04	5.7661e-01	4.2289e-01	3.1515e-05	4.1454e-03	9.0868e-01	8.7176e-02	1.1755e-36	1.1755e-36	1.1755e-36	6.4638e-25	0.00e+00	0.00e+00	1.4743e+00
7.90113e+18	5.8530e+03	2.421e-22	1.0000e+01	1.0747e+01	4.7295e-13	4.2726e-03	9.9573e-01	9.0771e-02	9.0923e-01	7.6638e-08	2.4910e-16	5.3009e-04	6.2323e-01	3.7621e-01	2.5044e-05	4.5226e-03	9.2293e-01	7.2552e-02	1.1755e-36	1.1755e-36	1.1755e-36	7.9612e-25	0.00e+00	0.00e+00	1.5849e+00
8.23696e+18	5.8766e+03	2.427e-22	1.0000e+01	1.0731e+01	5.0727e-13	4.4681e-03	9.9553e-01	1.0650e-01	8.9350e-01	5.5770e-08	2.8999e-16	5.6816e-04	6.5657e-01	3.4285e-01	2.1018e-05	4.7924e-03	9.3223e-01	6.2981e-02	1.1755e-36	1.1755e-36	1.1755e-36	9.1901e-25	0.00e+00	0.00e+00	1.6588e+00
8.48117e+18	5.8840e+03	2.435e-22	1.0000e+01	1.0715e+01	5.4366e-13	4.6334e-03	9.9537e-01	1.2134e-01	8.7866e-01	4.3808e-08	3.2767e-16	5.9843e-04	6.8270e-01	3.1669e-01	1.8107e-05	5.0183e-03	9.3911e-01	5.5872e-02	1.1755e-36	1.1755e-36	1.1755e-36	1.0330e-24	0.00e+00	0.00e+00	1.7251e+00
8.74183e+18	5.8922e+03	2.443e-22	1.0000e+01	1.0696e+01	5.8971e-13	4.8318e-03	9.9517e-01	1.4169e-01	8.5831e-01	3.3417e-08	3.7714e-16	6.3316e-04	7.1183e-01	2.8752e-01	1.5091e-05	5.2883e-03	9.4648e-01	4.8235e-02	1.1755e-36	1.1755e-36	1.1755e-36	1.1845e-24	0.00e+00	0.00e+00	1.8150e+00
9.02089e+18	5.9121e+03	2.449e-22	1.0000e+01	1.0672e+01	6.3569e-13	5.0487e-03	9.9495e-01	1.7090e-01	8.2910e-01	2.5179e-08	4.3827e-16	6.7172e-04	7.4401e-01	2.5531e-01	1.2140e-05	5.5863e-03	9.5418e-01	4.0230e-02	1.1755e-36	1.1755e-36	1.1755e-36	1.3700e-24	0.00e+00	0.00e+00	1.8990e+00
9.24847e+18	5.9267e+03	2.456e-22	1.0000e+01	1.0648e+01	6.7899e-13	5.2393e-03	9.9476e-01	2.0435e-01	7.9565e-01	1.9877e-08	4.9870e-16	7.0469e-04	7.7171e-01	2.2758e-01	9.8572e-06	5.8488e-03	9.6053e-01	3.3625e-02	1.1755e-36	1.1755e-36	1.1755e-36	1.5488e-24	0.00e+00	0.00e+00	1.9624e+00
9.41778e+18	5.9251e+03	2.459e-22	1.0000e+01	1.0610e+01	7.2357e-13	5.3928e-03	9.9461e-01	2.3694e-01	7.6306e-01	1.6323e-08	5.5102e-16	7.2946e-04	7.9275e-01	2.0652e-01	8.2517e-06	6.0599e-03	9.6521e-01	2.8732e-02	1.1755e-36	1.1755e-36	1.1755e-36	1.6952e-24	0.00e+00	0.00e+00	2.0124e+00
9.56035e+18	5.9339e+03	2.457e-22	1.0000e+01	1.0579e+01	7.5718e-13	5.5244e-03	9.9448e-01	2.7133e-01	7.2867e-01	1.3662e-08	6.0158e-16	7.5025e-04	8.1024e-01	1.8901e-01	6.9955e-06	6.2419e-03	9.6908e-01	2.4679e-02	1.1755e-36	1.1755e-36	1.1755e-36	1.8380e-24	0.00e+00	0.00e+00	2.0607e+00
9.71929e+18	5.9379e+03	2.456e-22	1.0000e+01	1.0548e+01	8.0606e-13	5.6897e-03	9.9431e-01	3.1981e-01	6.8019e-01	1.1015e-08	6.7044e-16	7.7400e-04	8.2942e-01	1.6980e-01	5.6844e-06	6.4673e-03	9.7325e-01	2.0282e-02	1.1755e-36	1.1755e-36	1.1755e-36	2.0333e-24	0.00e+00	0.00e+00	2.1252e+00
9.88454e+18	5.9341e+03	2.453e-22	1.0000e+01	1.0500e+01	8.6657e-13	5.8665e-03	9.9413e-01	3.8422e-01	6.1578e-01	8.5503e-09	7.5186e-16	7.9730e-04	8.4836e-01	1.5084e-01	4.4954e-06	6.7074e-03	9.7729e-01	1.6005e-02	1.1755e-36	1.1755e-36	1.1755e-36	2.2494e-24	0.00e+00	0.00e+00	2.1811e+00
1.00161e+19	5.9305e+03	2.444e-22	1.0000e+01	1.0445e+01	9.1798e-13	6.0064e-03	9.9399e-01	4.4915e-01	5.5085e-01	6.7589e-09	8.2537e-16	8.1371e-04	8.6247e-01	1.3671e-01	3.6597e-06	6.8977e-03	9.8030e-01	1.2806e-02	1.1755e-36	1.1755e-36	1.1755e-36	2.4288e-24	0.00e+00	0.00e+00	2.2237e+00
1.01222e+19	5.9240e+03	2.432e-22	1.0000e+01	1.0388e+01	9.6571e-13	6.1220e-03	9.9388e-01	5.1032e-01	4.8968e-01	5.4120e-09	8.9205e-16	8.2529e-04	8.7281e-01	1.2636e-01	3.0621e-06	7.0541e-03	9.8250e-01	1.0446e-02	1.1755e-36	1.1755e-36	1.1755e-36	2.5811e-24	0.00e+00	0.00e+00	2.2622e+00
1.02368e+19	5.9113e+03	2.415e-22	1.0000e+01	1.0315e+01	1.0284e-12	6.2534e-03	9.9375e-01	5.8332e-01	4.1668e-01	4.0753e-09	9.7364e-16	8.3595e-04	8.8264e-01	1.1653e-01	2.4944e-06	7.2296e-03	9.8458e-01	8.1879e-03	1.1755e-36	1.1755e-36	1.1755e-36	2.7612e-24	0.00e+00	0.00e+00	2.3134e+00
1.03859e+19	5.8898e+03	2.392e-22	1.0000e+01	1.0219e+01	1.1244e-12	6.4361e-03	9.9356e-01	6.8280e-01	3.1720e-01	2.6371e-09	1.0938e-15	8.4768e-04	8.9306e-01	1.0609e-01	1.8913e-06	7.4692e-03	9.8675e-01	5.7858e-03	1.1755e-36	1.1755e-36	1.1755e-36	3.0230e-24	0.00e+00	0.00e+00	2.3819e+00
1.05443e+19	5.8651e+03	2.371e-22	1.0000e+01	1.0129e+01	1.2424e-12	6.6488e-03	9.9335e-01	7.8518e-01	2.1482e-01	1.5258e-09	1.2380e-15	8.5855e-04	9.0147e-01	9.7674e-02	1.3969e-06	7.7418e-03	9.8841e-01	3.8465e-03	1.1755e-36	1.1755e-36	1.1755e-36	3.3469e-24	0.00e+00	0.00e+00	2.4442e+00
1.07148e+19	5.8379e+03	2.357e-22	1.0000e+01	1.0059e+01	1.3960e-12	6.9165e-03	9.9308e-01	8.7236e-01	1.2764e-01	7.6780e-10	1.4124e-15	8.7013e-04	9.0778e-01	9.1346e-02	9.8818e-07	8.0777e-03	9.8952e-01	2.4018e-03	1.1755e-36	1.1755e-36	1.1755e-36	3.7954e-24	0.00e+00	0.00e+00	2.5283e+00
1.09364e+19	5.8219e+03	2.354e-22	1.0000e+01	1.0000e+01	1.5960e-12	7.2976e-03	9.9270e-01	9.4074e-01	5.9260e-02	2.8971e-10	1.6403e-15	8.8425e-04	9.1280e-01	8.6319e-02	6.3045e-07	8.5495e-03	9.9016e-01	1.2861e-03	1.1755e-36	1.1755e-36	1.1755e-36	4.4922e-24	0.00e+00	0.00e+00	2.6438e+00
1.12245e+19	5.8232e+03	2.370e-22	1.0000e+01	9.9507e+00	1.8650e-12	7.8508e-03	9.9215e-01	9.7900e-01	2.1001e-02	7.8436e-11	1.9459e-15	9.0190e-04	9.1663e-01	8.2469e-02	3.5178e-07	9.2289e-03	9.9020e-01	5.7093e-04	1.1755e-36	1.1755e-36	1.1755e-36	5.6370e-24	0.00e+00	0.00e+00	2.8052e+00
1.15990e+19	5.8495e+03	2.411e-22	1.0000e+01	9.9282e+00	2.2637e-12	8.7019e-03	9.9130e-01	9.9415e-01	5.8459e-03	1.5872e-11	2.4290e-15	9.2697e-04	9.2023e-01	7.8842e-02	1.6482e-07	1.0270e-02	9.8953e-01	2.0371e-04	1.1755e-36	1.1755e-36	1.1755e-36	7.8218e-24	0.00e+00	0.00e+00	3.0379e+00
1.20858e+19	5.8993e+03	2.480e-22	1.0000e+01	9.9109e+00	2.9444e-12	1.0082e-02	9.8992e-01	9.9867e-01	1.3257e-03	2.4216e-12	3.3008e-15	9.6081e-04	9.2449e-01	7.4547e-02	1.1755e-36	1.1958e-02	9.8799e-01	5.6399e-05	1.1755e-36	1.1755e-36	1.1755e-36	1.2483e-23	0.00e+00	0.00e+00	3.3883e+00
1.25741e+19	5.9720e+03	2.567e-22	1.0000e+01	9.8920e+00	3.9204e-12	1.1952e-02	9.8805e-01	9.9966e-01	3.3783e-04	4.3113e-13	4.6699e-15	9.9586e-04	9.2873e-01	7.0278e-02	1.1755e-36	1.4248e-02	9.8574e-01	1.5946e-05	1.1755e-36	1.1755e-36	1.1755e-36	2.1318e-23	0.00e+00	0.00e+00	3.7098e+00
1.29342e+19	6.0339e+03	2.644e-22	1.0000e+01	9.8751e+00	5.0234e-12	1.3843e-02	9.8616e-01	9.9986e-01	1.3857e-04	1.3773e-13	6.2999e-15	1.0232e-03	9.3220e-01	6.6781e-02	1.1755e-36	1.6567e-02	9.8343e-01	6.5920e-06	1.1755e-36	1.1755e-36	1.1755e-36	3.3812e-23	0.00e+00	0.00e+00	3.9669e+00
1.32071e+19	6.0879e+03	2.705e-22	1.0000e+01	9.8544e+00	6.1792e-12	1.5659e-02	9.8434e-01	9.9993e-01	7.3728e-05	6.0662e-14	8.1079e-15	1.0436e-03	9.3506e-01	6.3892e-02	1.1755e-36	1.8798e-02	9.8120e-01	3.4213e-06	1.1755e-36	1.1755e-36	1.1755e-36	4.9828e-23	0.00e+00	0.00e+00	4.2157e+00
1.34964e+19	6.1265e+03	2.777e-22	1.0000e+01	9.8300e+00	8.0728e-12	1.8105e-02	9.8189e-01	9.9996e-01	3.8195e-05	2.5463e-14	1.0941e-14	1.0659e-03	9.3859e-01	6.0347e-02	1.1755e-36	2.1808e-02	9.7819e-01	1.6913e-06	1.1755e-36	1.1755e-36	1.1755e-36	7.8622e-23	0.00e+00	0.00e+00	4.5897e+00
1.38180e+19	6.1868e+03	2.867e-22	1.0000e+01	9.8064e+00	1.1160e-11	2.1722e-02	9.7828e-01	9.9998e-01	1.9171e-05	1.0271e-14	1.5926e-14	1.0900e-03	9.4273e-01	5.6182e-02	1.1755e-36	2.6258e-02	9.7374e-01	7.8211e-07	1.1755e-36	1.1755e-36	1.1755e-36	1.3954e-22	0.00e+00	0.00e+00	5.0232e+00
1.41068e+19	6.2462e+03	2.957e-22	1.0000e+01	9.7677e+00	1.5750e-11	2.6310e-02	9.7369e-01	9.9999e-01	1.0598e-05	4.7131e-15	2.3615e-14	1.1121e-03	9.4685e-01	5.2035e-02	1.1755e-36	3.1905e-02	9.6809e-01	3.8992e-07	1.1755e-36	1.1755e-36	1.1755e-36	2.5461e-22	0.00e+00	0.00e+00	5.4576e+00
1.43550e+19	6.2922e+03	3.039e-22	1.0000e+01	9.7172e+00	2.2529e-11	3.1889e-02	9.6811e-01	9.9999e-01	6.4296e-06	2.4401e-15	3.5077e-14	1.1294e-03	9.5089e-01	4.7979e-02	1.1755e-36	3.8770e-02	9.6123e-01	2.1035e-07	1.1755e-36	1.1755e-36	1.1755e-36	4.6477e-22	0.00e+00	0.00e+00	5.9307e+00
1.45817e+19	6.3417e+03	3.112e-22	1.0000e+01	9.6524e+00	3.2825e-11	3.9039e-02	9.6096e-01	1.0000e+00	4.1054e-06	1.3529e-15	5.3216e-14	1.1427e-03	9.5498e-01	4.3882e-02	1.1755e-36	4.7556e-02	9.5244e-01	1.1692e-07	1.1755e-36	1.1755e-36	1.1755e-36	8.7652e-22	0.00e+00	0.00e+00	6.4690e+00
1.47872e+19	6.3859e+03	3.174e-22	1.0000e+01	9.5677e+00	4.9320e-11	4.8383e-02	9.5162e-01	1.0000e+00	2.7536e-06	8.0217e-16	8.2823e-14	1.1519e-03	9.5910e-01	3.9744e-02	1.1755e-36	5.9007e-02	9.4099e-01	6.6769e-08	1.1755e-36	1.1755e-36	1.1755e-36	1.7184e-21	0.00e+00	0.00e+00	7.0578e+00
1.49636e+19	6.4239e+03	3.208e-22	1.0000e+01	9.4351e+00	7.4546e-11	5.9942e-02	9.4006e-01	1.0000e+00	1.9671e-06	5.1965e-16	1.2851e-13	1.1523e-03	9.6297e-01	3.5881e-02	1.1755e-36	7.3121e-02	9.2688e-01	4.0039e-08	1.1755e-36	1.1755e-36	1.1755e-36	3.3508e-21	0.00e+00	0.00e+00	7.6637e+00
1.51106e+19	6.4527e+03	3.213e-22	1.0000e+01	9.2732e+00	1.1216e-10	7.3757e-02	9.2624e-01	1.0000e+00	1.4846e-06	3.6344e-16	1.9663e-13	1.1467e-03	9.6652e-01	3.2335e-02	1.1755e-36	8.9901e-02	9.1010e-01	2.5257e-08	1.1755e-36	1.1755e-36	1.1755e-36	6.3988e-21	0.00e+00	0.00e+00	8.2870e+00
1.52211e+19	6.4667e+03	3.204e-22	1.0000e+01	9.1252e+00	1.6255e-10	8.8567e-02	9.1143e-01	1.0000e+00	1.2119e-06	2.8159e-16	2.8693e-13	1.1391e-03	9.6948e-01	2.9386e-02	1.1755e-36	1.0778e-01	8.9222e-01	1.7406e-08	1.1755e-36	1.1755e-36	1.1755e-36	1.1389e-20	0.00e+00	0.00e+00	8.7742e+00
1.52972e+19	6.4695e+03	3.180e-22	1.0000e+01	8.9899e+00	2.1847e-10	1.0206e-01	8.9794e-01	1.0000e+00	1.0515e-06	2.3612e-16	3.8489e-13	1.1299e-03	9.7169e-01	2.7177e-02	1.1755e-36	1.2396e-01	8.7604e-01	1.3156e-08	1.1755e-36	1.1755e-36	1.1755e-36	1.7837e-20	0.00e+00	0.00e+00	9.1936e+00
1.53618e+19	6.4644e+03	3.143e-22	1.0000e+01	8.8476e+00	2.8885e-10	1.1625e-01	8.8375e-01	1.0000e+00	9.2748e-07	2.0240e-16	5.0454e-13	1.1186e-03	9.7369e-01	2.5189e-02	1.1755e-36	1.4087e-01	8.5913e-01	1.0169e-08	1.1755e-36	1.1755e-36	1.1755e-36	2.6981e-20	0.00e+00	0.00e+00	9.6639e+00
1.54355e+19	6.4552e+03	3.073e-22	1.0000e+01	8.6455e+00	4.0832e-10	1.3630e-01	8.6370e-01	1.0000e+00	8.0036e-07	1.6939e-16	7.0340e-13	1.1005e-03	9.7608e-01	2.2817e-02	1.1755e-36	1.6457e-01	8.3543e-01	7.3966e-09	1.1755e-36	1.1755e-36	1.1755e-36	4.4921e-20	0.00e+00	0.00e+00	1.0381e+01
1.55133e+19	6.4102e+03	2.968e-22	1.0000e+01	8.3645e+00	6.3445e-10	1.6451e-01	8.3549e-01	1.0000e+00	6.8995e-07	1.4249e-16	1.0439e-12	1.0735e-03	9.7869e-01	2.0239e-02	1.1755e-36	1.9755e-01	8.0245e-01	5.1688e-09	1.1755e-36	1.1755e-36	1.1755e-36	8.2426e-20	0.00e+00	0.00e+00	1.1133e+01
1.55814e+19	6.3515e+03	2.825e-22	1.0000e+01	8.0314e+00	9.9493e-10	1.9779e-01	8.0221e-01	1.0000e+00	6.0779e-07	1.2394e-16	1.5419e-12	1.0389e-03	9.8111e-01	1.7856e-02	1.1755e-36	2.3591e-01	7.6409e-01	3.6439e-09	1.1755e-36	1.1755e-36	1.1755e-36	1.5081e-19	0.00e+00	0.00e+00	1.1928e+01
1.56405e+19	6.2676e+03	2.652e-22	1.0000e+01	7.6510e+00	1.5758e-09	2.3580e-01	7.6420e-01	1.0000e+00	5.4658e-07	1.1125e-16	2.2470e-12	9.9746e-04	9.8329e-01	1.5713e-02	1.1755e-36	2.7899e-01	7.2101e-01	2.6041e-09	1.1755e-36	1.1755e-36	1.1755e-36	2.7160e-19	0.00e+00	0.00e+00	1.2742e+01
1.56898e+19	6.1617e+03	2.462e-22	1.0000e+01	7.2494e+00	2.4689e-09	2.7629e-01	7.2371e-01	1.0000e+00	5.0260e-07	1.0306e-16	3.1741e-12	9.5237e-04	9.8516e-01	1.3887e-02	1.1755e-36	3.2406e-01	6.7594e-01	1.9139e-09	1.1755e-36	1.1755e-36	1.1755e-36	4.6923e-19	0.00e+00	0.00e+00	1.3508e+01
1.57277e+19	6.0484e+03	2.283e-22	1.0000e+01	6.8680e+00	3.6673e-09	3.1406e-01	6.8594e-01	1.0000e+00	4.7455e-07	9.8741e-17	4.2176e-12	9.0856e-04	9.8661e-01	1.2486e-02	1.1755e-36	3.6536e-01	6.3464e-01	1.4827e-09	1.1755e-36	1.1755e-36	1.1755e-36	7.4126e-19	0.00e+00	0.00e+00	1.4138e+01
1.57549e+19	5.9431e+03	2.136e-22	1.0000e+01	6.5570e+00	5.0512e-09	3.4558e-01	6.5442e-01	1.0000e+00	4.5620e-07	9.6336e-17	5.2454e-12	8.7244e-04	9.8766e-01	1.1468e-02	1.1755e-36	3.9929e-01	6.0071e-01	1.2182e-09	1.1755e-36	1.1755e-36	1.1755e-36	1.0605e-18	0.00e+00	0.00e+00	1.4636e+01
1.57760e+19	5.8445e+03	2.011e-22	1.0000e+01	6.2862e+00	6.6107e-09	3.7222e-01	6.2778e-01	1.0000e+00	4.4382e-07	9.5144e-17	6.2339e-12	8.4064e-04	9.8847e-01	1.0689e-02	1.1755e-36	4.2758e-01	5.7242e-01	1.0395e-09	1.1755e-36	1.1755e-36	1.1755e-36	1.4163e-18	0.00e+00	0.00e+00	1.5090e+01
1.57946e+19	5.7428e+03	1.894e-22	1.0000e+01	6.0311e+00	8.5471e-09	3.9765e-01	6.0235e-01	1.0000e+00	4.3319e-07	9.4290e-17	7.3057e-12	8.1057e-04	9.8919e-01	1.0001e-02	1.1755e-36	4.5429e-01	5.4571e-01	8.9844e-10	1.1755e-36	1.1755e-36	1.1755e-36	1.8594e-18	0.00e+00	0.00e+00	1.5539e+01
1.58120e+19	5.6333e+03	1.779e-22	1.0000e+01	5.7756e+00	1.1075e-08	4.2311e-01	5.7689e-01	1.0000e+00	4.2392e-07	9.3825e-17	8.5239e-12	7.8028e-04	9.8986e-01	9.3637e-03	1.1755e-36	4.8072e-01	5.1928e-01	7.8011e-10	1.1755e-36	1.1755e-36	1.1755e-36	2.4404e-18	0.00e+00	0.00e+00	1.5991e+01
1.58242e+19	5.5530e+03	1.700e-22	1.0000e+01	5.5949e+00	1.3308e-08	4.4120e-01	5.5880e-01	1.0000e+00	4.1929e-07	9.4077e-17	9.4947e-12	7.5873e-04	9.9028e-01	8.9603e-03	1.1755e-36	4.9932e-01	5.0068e-01	7.0890e-10	1.1755e-36	1.1755e-36	1.1755e-36	2.9664e-18	0.00e+00	0.00e+00	1.6198e+01
1.58301e+19	5.5089e+03	1.661e-22	1.0000e+01	5.5045e+00	1.4650e-08	4.5043e-01	5.4957e-01	1.0000e+00	4.1693e-07	9.4166e-17	1.0034e-11	7.4800e-04	9.9050e-01	8.7563e-03	1.1755e-36	5.0875e-01	4.9125e-01	6.7541e-10	1.1755e-36	1.1755e-36	1.1755e-36	3.2841e-18	0.00e+00	0.00e+00	1.6324e+01
1.58347e+19	5.4716e+03	1.628e-22	1.0000e+01	5.4288e+00	1.5860e-08	4.5795e-01	5.4205e-01	1.0000e+00	4.1480e-07	9.4202e-17	1.0494e-11	7.3899e-04	9.9067e-01	8.5876e-03	1.1755e-36	5.1641e-01	4.8359e-01	6.4896e-10	1.1755e-36	1.1755e-36	1.1755e-36	3.5705e-18	0.00e+00	0.00e+00	1.6463e+01
1.58403e+19	5.4138e+03	1.590e-22	1.0000e+01	5.3434e+00	1.7765e-08	4.6796e-01	5.3204e-01	1.0000e+00	4.1128e-07	9.3781e-17	1.1177e-11	7.2921e-04	9.9091e-01	8.3604e-03	1.1755e-36	5.2658e-01	4.7342e-01	6.1649e-10	1.1755e-36	1.1755e-36	1.1755e-36	4.0245e-18	0.00e+00	0.00e+00	1.6649e+01
1.58463e+19	5.3740e+03	1.544e-22	1.0000e+01	5.2343e+00	1.9450e-08	4.7720e-01	5.2280e-01	1.0000e+00	4.0973e-07	9.4441e-17	1.1775e-11	7.1573e-04	9.9111e-01	8.1703e-03	1.1755e-36	5.3592e-01	4.6408e-01	5.8629e-10	1.1755e-36	1.1755e-36	1.1755e-36	4.4430e-18	0.00e+00	0.00e+00	1.6825e+01
1.58527e+19	5.3163e+03	1.498e-22	1.0000e+01	5.1257e+00	2.1858e-08	4.8801e-01	5.1199e-01	1.0000e+00	4.0726e-07	9.4669e-17	1.2572e-11	7.0273e-04	9.9135e-01	7.9442e-03	1.1755e-36	5.4677e-01	4.5323e-01	5.5423e-10	1.1755e-36	1.1755e-36	1.1755e-36	5.0444e-18	0.00e+00	0.00e+00	1.7033e+01
1.58591e+19	5.2562e+03	1.452e-22	1.0000e+01	5.0153e+00	2.4641e-08	4.9905e-01	5.0095e-01	1.0000e+00	4.0496e-07	9.4981e-17	1.3453e-11	6.8952e-04	9.9159e-01	7.7221e-03	1.1755e-36	5.5783e-01	4.4217e-01	5.2359e-10	1.1755e-36	1.1755e-36	1.1755e-36	5.7635e-18	0.00e+00	0.00e+00	1.7226e+01
1.58649e+19	5.1954e+03	1.411e-22	1.0000e+01	4.9151e+00	2.7672e-08	5.0929e-01	4.9071e-01	1.0000e+00	4.0280e-07	9.5207e-17	1.4355e-11	6.7765e-04	9.9180e-01	7.5206e-03	1.1755e-36	5.6804e-01	4.3196e-01	4.9714e-10	1.1755e-36	1.1755e-36	1.1755e-36	6.5623e-18	0.00e+00	0.00e+00	1.7401e+01
1.58701e+19	5.1407e+03	1.374e-22	1.0000e+01	4.8252e+00	3.0718e-08	5.1864e-01	4.8136e-01	1.0000e+00	4.0095e-07	9.5450e-17	1.5244e-11	6.6692e-04	9.9199e-01	7.3401e-03	1.1755e-36	5.7731e-01	4.2269e-01	4.7416e-10	1.1755e-36	1.1755e-36	1.1755e-36	7.4082e-18	0.00e+00	0.00e+00	1.7563e+01
1.58750e+19	5.0875e+03	1.338e-22	1.0000e+01	4.7351e+00	3.3966e-08	5.2760e-01	4.7240e-01	1.0000e+00	3.9939e-07	9.5817e-17	1.6157e-11	6.5614e-04	9.9217e-01	7.1704e-03	1.1755e-36	5.8618e-01	4.1382e-01	4.5299e-10	1.1755e-36	1.1755e-36	1.1755e-36	8.3402e-18	0.00e+00	0.00e+00	1.7729e+01
1.58802e+19	5.0252e+03	1.300e-22	1.0000e+01	4.6401e+00	3.7990e-08	5.3708e-01	4.6292e-01	1.0000e+00	3.9757e-07	9.6121e-17	1.7224e-11	6.4492e-04	9.9236e-01	6.9944e-03	1.1755e-36	5.9552e-01	4.0448e-01	4.3196e-10	1.1755e-36	1.1755e-36	1.1755e-36	9.5201e-18	0.00e+00	0.00e+00	1.7907e+01
1.58852e+19	4.9699e+03	1.263e-22	1.0000e+01	4.5453e+00	4.2051e-08	5.4619e-01	4.5381e-01	1.0000e+00	3.9639e-07	9.6702e-17	1.8224e-11	6.3347e-04	9.9254e-01	6.8268e-03	1.1755e-36	6.0445e-01	3.9555e-01	4.1233e-10	1.1755e-36	1.1755e-36	1.1755e-36	1.0689e-17	0.00e+00	0.00e+00	1.8077e+01
1.58903e+19	4.9135e+03	1.226e-22	1.0000e+01	4.4509e+00	4.6543e-08	5.5537e-01	4.4463e-01	1.0000e+00	3.9521e-07	9.7297e-17	1.9220e-11	6.2207e-04	9.9272e-01	6.6569e-03	1.1755e-36	6.1341e-01	3.8659e-01	3.9343e-10	1.1755e-36	1.1755e-36	1.1755e-36	1.1920e-17	0.00e+00	0.00e+00	1.8256e+01
1.58955e+19	4.8448e+03	1.189e-22	1.0000e+01	4.3567e+00	5.2361e-08	5.6552e-01	4.3448e-01	1.0000e+00	3.9323e-07	9.7547e-17	2.0429e-11	6.1101e-04	9.9292e-01	6.4691e-03	1.1755e-36	6.2329e-01	3.7671e-01	3.7401e-10	1.1755e-36	1.1755e-36	1.1755e-36	1.3525e-17	0.00e+00	0.00e+00	1.8445e+01
1.59005e+19	4.7760e+03	1.152e-22	1.0000e+01	4.2581e+00	5.8607e-08	5.7492e-01	4.2508e-01	1.0000e+00	3.9211e-07	9.8164e-17	2.1586e-11	5.9931e-04	9.9310e-01	6.3020e-03	1.1755e-36	6.3241e-01	3.6759e-01	3.5688e-10	1.1755e-36	1.1755e-36	1.1755e-36	1.5191e-17	0.00e+00	0.00e+00	1.8618e+01
1.59051e+19	4.7118e+03	1.119e-22	1.0000e+01	4.1700e+00	6.5020e-08	5.8377e-01	4.1623e-01	1.0000e+00	3.9092e-07	9.8652e-17	2.2742e-11	5.8890e-04	9.9327e-01	6.1454e-03	1.1755e-36	6.4096e-01	3.5904e-01	3.4142e-10	1.1755e-36	1.1755e-36	1.1755e-36	1.6961e-17	0.00e+00	0.00e+00	1.8783e+01
1.59096e+19	4.6469e+03	1.087e-22	1.0000e+01	4.0830e+00	7.2017e-08	5.9252e-01	4.0748e-01	1.0000e+00	3.8977e-07	9.9152e-17	2.3937e-11	5.7864e-04	9.9343e-01	5.9923e-03	1.1755e-36	6.4937e-01	3.5063e-01	3.2678e-10	1.1755e-36	1.1755e-36	1.1755e-36	1.8911e-17	0.00e+00	0.00e+00	1.8952e+01
1.59142e+19	4.5754e+03	1.055e-22	1.0000e+01	3.9925e+00	8.0202e-08	6.0159e-01	3.9841e-01	1.0000e+00	3.8852e-07	9.9640e-17	2.5234e-11	5.6809e-04	9.9360e-01	5.8357e-03	1.1755e-36	6.5807e-01	3.4193e-01	3.1235e-10	1.1755e-36	1.1755e-36	1.1755e-36	2.1177e-17	0.00e+00	0.00e+00	1.9130e+01
1.59188e+19	4.5040e+03	1.022e-22	1.0000e+01	3.9022e+00	8.9009e-08	6.1063e-01	3.8937e-01	1.0000e+00	3.8742e-07	1.0020e-16	2.6568e-11	5.5754e-04	9.9376e-01	5.6817e-03	1.1755e-36	6.6672e-01	3.3328e-01	2.9846e-10	1.1755e-36	1.1755e-36	1.1755e-36	2.3653e-17	0.00e+00	0.00e+00	1.9306e+01
1.59234e+19	4.4302e+03	9.902e-23	1.0000e+01	3.8118e+00	9.8666e-08	6.1974e-01	3.8026e-01	1.0000e+00	3.8632e-07	1.0077e-16	2.7947e-11	5.4702e-04	9.9392e-01	5.5288e-03	1.1755e-36	6.7538e-01	3.2462e-01	2.8511e-10	1.1755e-36	1.1755e-36	1.1755e-36	2.6374e-17	0.00e+00	0.00e+00	1.9487e+01
1.59281e+19	4.3525e+03	9.579e-23	1.0000e+01	3.7195e+00	1.0935e-07	6.2905e-01	3.7095e-01	1.0000e+00	3.8521e-07	1.0136e-16	2.9383e-11	5.3637e-04	9.9409e-01	5.3743e-03	1.1755e-36	6.8422e-01	3.1578e-01	2.7202e-10	1.1755e-36	1.1755e-36	1.1755e-36	2.9376e-17	0.00e+00	0.00e+00	1.9674e+01
1.59329e+19	4.2754e+03	9.247e-23	1.0000e+01	3.6223e+00	1.2035e-07	6.3825e-01	3.6175e-01	1.0000e+00	3.8463e-07	1.0226e-16	3.0763e-11	5.2498e-04	9.9425e-01	5.2250e-03	1.1755e-36	6.9291e-01	3.0709e-01	2.5946e-10	1.1755e-36	1.1755e-36	1.1755e-36	3.2423e-17	0.00e+00	0.00e+00	1.9869e+01
1.59379e+19	4.1838e+03	8.905e-23	1.0000e+01	3.5220e+00	1.3370e-07	6.4858e-01	3.5142e-01	1.0000e+00	3.8327e-07	1.0285e-16	3.2337e-11	5.1365e-04	9.9443e-01	5.0575e-03	1.1755e-36	7.0263e-01	2.9737e-01	2.4619e-10	1.1755e-36	1.1755e-36	1.1755e-36	3.6063e-17	0.00e+00	0.00e+00	2.0085e+01
1.59432e+19	4.0905e+03	8.551e-23	1.0000e+01	3.4163e+00	1.4736e-07	6.5903e-01	3.4097e-01	1.0000e+00	3.8239e-07	1.0374e-16	3.3825e-11	5.0160e-04	9.9461e-01	4.8922e-03	1.1755e-36	7.1242e-01	2.8758e-01	2.3326e-10	1.1755e-36	1.1755e-36	1.1755e-36	3.9648e-17	0.00e+00	0.00e+00	2.0306e+01
1.59487e+19	3.9832e+03	8.190e-23	1.0000e+01	3.3054e+00	1.6252e-07	6.7024e-01	3.2976e-01	1.0000e+00	3.8106e-07	1.0447e-16	3.5290e-11	4.8934e-04	9.9479e-01	4.7164e-03	1.1755e-36	7.2288e-01	2.7712e-01	2.2017e-10	1.1755e-36	1.1755e-36	1.1755e-36	4.3273e-17	0.00e+00	0.00e+00	2.0547e+01
###########################
5.41048e+14	6.5183e+03	2.900e-22	1.0000e+01	1.0823e+01	1.0398e-13	2.5958e-03	9.9740e-01	2.2287e-02	9.7729e-01	4.2073e-04	4.0870e-17	1.9868e-04	2.9692e-01	7.0272e-01	1.5901e-04	1.9939e-03	7.3179e-01	2.6618e-01	3.7370e-05	1.1755e-36	1.1755e-36	1.9810e-25	0.00e+00	0.00e+00	1.7735e-04
3.24629e+15	6.5165e+03	2.899e-22	1.0000e+01	1.0822e+01	1.0407e-13	2.5950e-03	9.9740e-01	2.2287e-02	9.7729e-01	4.2030e-04	4.0832e-17	1.9843e-04	2.9693e-01	7.0271e-01	1.5917e-04	1.9931e-03	7.3174e-01	2.6623e-01	3.7243e-05	1.1755e-36	1.1755e-36	1.9779e-25	0.00e+00	0.00e+00	8.8655e-04
1.40672e+16	6.5117e+03	2.897e-22	1.0000e+01	1.0822e+01	1.0441e-13	2.5945e-03	9.9741e-01	2.2303e-02	9.7728e-01	4.1727e-04	4.0838e-17	1.9834e-04	2.9710e-01	7.0254e-01	1.5865e-04	1.9936e-03	7.3194e-01	2.6603e-01	3.6667e-05	1.1755e-36	1.1755e-36	1.9756e-25	0.00e+00	0.00e+00	3.7227e-03
5.73510e+16	6.5015e+03	2.888e-22	1.0000e+01	1.0822e+01	1.0537e-13	2.5952e-03	9.9740e-01	2.2379e-02	9.7722e-01	4.0231e-04	4.1038e-17	1.9945e-04	2.9789e-01	7.0175e-01	1.5697e-04	1.9984e-03	7.3297e-01	2.6500e-01	3.4419e-05	1.1755e-36	1.1755e-36	1.9790e-25	0.00e+00	0.00e+00	1.5071e-02
1.36993e+17	6.4599e+03	2.858e-22	1.0000e+01	1.0822e+01	1.0698e-13	2.5753e-03	9.9742e-01	2.2371e-02	9.7724e-01	3.9140e-04	4.0363e-17	1.9899e-04	2.9812e-01	7.0153e-01	1.5505e-04	1.9887e-03	7.3411e-01	2.6387e-01	3.1498e-05	1.1755e-36	1.1755e-36	1.9166e-25	0.00e+00	0.00e+00	2.9710e-02
2.40528e+17	6.4144e+03	2.827e-22	1.0000e+01	1.0822e+01	1.0943e-13	2.5606e-03	9.9744e-01	2.2429e-02	9.7720e-01	3.6646e-04	3.9995e-17	1.9935e-04	2.9894e-01	7.0071e-01	1.5200e-04	1.9860e-03	7.3603e-01	2.6196e-01	2.7901e-05	1.1755e-36	1.1755e-36	1.8696e-25	0.00e+00	0.00e+00	4.8632e-02
3.75123e+17	6.3642e+03	2.793e-22	1.0000e+01	1.0822e+01	1.1271e-13	2.5495e-03	9.9745e-01	2.2554e-02	9.7712e-01	3.2848e-04	3.9851e-17	2.0013e-04	3.0041e-01	6.9924e-01	1.4781e-04	1.9893e-03	7.3881e-01	2.5918e-01	2.3710e-05	1.1755e-36	1.1755e-36	1.8307e-25	0.00e+00	0.00e+00	7.3123e-02
5.50097e+17	6.3082e+03	2.755e-22	1.0000e+01	1.0822e+01	1.1706e-13	2.5427e-03	9.9746e-01	2.2769e-02	9.7695e-01	2.7844e-04	3.9975e-17	2.0157e-04	3.0273e-01	6.9693e-01	1.4238e-04	1.9999e-03	7.4265e-01	2.5533e-01	1.9086e-05	1.1755e-36	1.1755e-36	1.8003e-25	0.00e+00	0.00e+00	1.0488e-01
7.77563e+17	6.2463e+03	2.715e-22	1.0000e+01	1.0821e+01	1.2280e-13	2.5420e-03	9.9746e-01	2.3111e-02	9.7667e-01	2.1954e-04	4.0471e-17	2.0404e-04	3.0623e-01	6.9343e-01	1.3569e-04	2.0204e-03	7.4785e-01	2.5011e-01	1.4317e-05	1.1755e-36	1.1755e-36	1.7817e-25	0.00e+00	0.00e+00	1.4615e-01
1.07327e+18	6.1787e+03	2.670e-22	1.0000e+01	1.0821e+01	1.3034e-13	2.5506e-03	9.9745e-01	2.3639e-02	9.7620e-01	1.5774e-04	4.1482e-17	2.0801e-04	3.1140e-01	6.8827e-01	1.2779e-04	2.0548e-03	7.5475e-01	2.4318e-01	9.7987e-06	1.1755e-36	1.1755e-36	1.7778e-25	0.00e+00	0.00e+00	1.9998e-01
1.45769e+18	6.1064e+03	2.623e-22	1.0000e+01	1.0820e+01	1.4041e-13	2.5732e-03	9.9743e-01	2.4446e-02	9.7545e-01	1.0078e-04	4.3314e-17	2.1422e-04	3.1899e-01	6.8068e-01	1.1878e-04	2.1089e-03	7.6381e-01	2.3408e-01	5.9591e-06	1.1755e-36	1.1755e-36	1.7997e-25	0.00e+00	0.00e+00	2.7058e-01
1.95743e+18	6.0317e+03	2.573e-22	1.0000e+01	1.0818e+01	1.5436e-13	2.6175e-03	9.9738e-01	2.5692e-02	9.7425e-01	5.5657e-05	4.6550e-17	2.2388e-04	3.3018e-01	6.6949e-01	1.0865e-04	2.1924e-03	7.7563e-01	2.2217e-01	3.1150e-06	1.1755e-36	1.1755e-36	1.8699e-25	0.00e+00	0.00e+00	3.6395e-01
2.60710e+18	5.9581e+03	2.524e-22	1.0000e+01	1.0816e+01	1.7384e-13	2.6963e-03	9.9730e-01	2.7665e-02	9.7231e-01	2.5706e-05	5.2112e-17	2.3901e-04	3.4690e-01	6.5277e-01	9.7178e-05	2.3213e-03	7.9107e-01	2.0661e-01	1.3424e-06	1.1755e-36	1.1755e-36	2.0148e-25	0.00e+00	0.00e+00	4.8898e-01
3.45166e+18	5.8896e+03	2.478e-22	1.0000e+01	1.0813e+01	2.0298e-13	2.8324e-03	9.9717e-01	3.0956e-02	9.6903e-01	9.5608e-06	6.2185e-17	2.6318e-04	3.7253e-01	6.2712e-01	8.3824e-05	2.5247e-03	8.1134e-01	1.8613e-01	4.5226e-07	1.1755e-36	1.1755e-36	2.3077e-25	0.00e+00	0.00e+00	6.5973e-01
4.39935e+18	5.8345e+03	2.435e-22	1.0000e+01	1.0808e+01	2.3871e-13	3.0066e-03	9.9699e-01	3.5720e-02	9.6428e-01	3.1547e-06	7.6580e-17	2.9568e-04	4.0596e-01	5.9367e-01	7.0412e-05	2.7808e-03	8.3363e-01	1.6359e-01	1.3383e-07	1.1755e-36	1.1755e-36	2.7161e-25	0.00e+00	0.00e+00	8.3831e-01
5.26946e+18	5.8031e+03	2.411e-22	1.0000e+01	1.0797e+01	2.7872e-13	3.2108e-03	9.9679e-01	4.1796e-02	9.5820e-01	1.1713e-06	9.5735e-17	3.3355e-04	4.4361e-01	5.5599e-01	5.8720e-05	3.0701e-03	8.5458e-01	1.4235e-01	1.1755e-36	1.1755e-36	1.1755e-36	3.2732e-25	0.00e+00	0.00e+00	1.0004e+00
6.02058e+18	5.8007e+03	2.402e-22	1.0000e+01	1.0788e+01	3.1945e-13	3.4370e-03	9.9656e-01	4.9372e-02	9.5063e-01	5.1739e-07	1.2044e-16	3.7518e-04	4.8345e-01	5.1613e-01	4.8835e-05	3.3827e-03	8.7339e-01	1.2323e-01	1.1755e-36	1.1755e-36	1.1755e-36	4.0190e-25	0.00e+00	0.00e+00	1.1529e+00
6.70754e+18	5.8116e+03	2.403e-22	1.0000e+01	1.0777e+01	3.6581e-13	3.6950e-03	9.9630e-01	5.9328e-02	9.4067e-01	2.5170e-07	1.5347e-16	4.2241e-04	5.2708e-01	4.7246e-01	3.9910e-05	3.7347e-03	8.9118e-01	1.0509e-01	1.1755e-36	1.1755e-36	1.1755e-36	5.0344e-25	0.00e+00	0.00e+00	1.3095e+00
7.36968e+18	5.8305e+03	2.410e-22	1.0000e+01	1.0763e+01	4.2208e-13	3.9972e-03	9.9600e-01	7.3506e-02	9.2649e-01	1.2834e-07	1.9949e-16	4.7758e-04	5.7661e-01	4.2289e-01	3.1515e-05	4.1454e-03	9.0868e-01	8.7176e-02	1.1755e-36	1.1755e-36	1.1755e-36	6.4634e-25	0.00e+00	0.00e+00	1.4743e+00
7.90114e+18	5.8530e+03	2.421e-22	1.0000e+01	1.0747e+01	4.7293e-13	4.2726e-03	9.9573e-01	9.0771e-02	9.0923e-01	7.6638e-08	2.4909e-16	5.3009e-04	6.2323e-01	3.7621e-01	2.5044e-05	4.5226e-03	9.2293e-01	7.2552e-02	1.1755e-36	1.1755e-36	1.1755e-36	7.9607e-25	0.00e+00	0.00e+00	1.5849e+00
8.23696e+18	5.8766e+03	2.427e-22	1.0000e+01	1.0731e+01	5.0725e-13	4.4681e-03	9.9553e-01	1.0650e-01	8.9350e-01	5.5770e-08	2.8998e-16	5.6816e-04	6.5657e-01	3.4285e-01	2.1018e-05	4.7924e-03	9.3223e-01	6.2981e-02	1.1755e-36	1.1755e-36	1.1755e-36	9.1895e-25	0.00e+00	0.00e+00	1.6588e+00
8.48117e+18	5.8840e+03	2.435e-22	1.0000e+01	1.0715e+01	5.4364e-13	4.6334e-03	9.9537e-01	1.2134e-01	8.7866e-01	4.3808e-08	3.2766e-16	5.9843e-04	6.8270e-01	3.1669e-01	1.8107e-05	5.0183e-03	9.3911e-01	5.5872e-02	1.1755e-36	1.1755e-36	1.1755e-36	1.0329e-24	0.00e+00	0.00e+00	1.7251e+00
8.74183e+18	5.8922e+03	2.443e-22	1.0000e+01	1.0696e+01	5.8969e-13	4.8318e-03	9.9517e-01	1.4169e-01	8.5831e-01	3.3417e-08	3.7712e-16	6.3317e-04	7.1183e-01	2.8752e-01	1.5091e-05	5.2883e-03	9.4648e-01	4.8235e-02	1.1755e-36	1.1755e-36	1.1755e-36	1.1845e-24	0.00e+00	0.00e+00	1.8150e+00
9.02089e+18	5.9121e+03	2.449e-22	1.0000e+01	1.0672e+01	6.3567e-13	5.0487e-03	9.9495e-01	1.7090e-01	8.2910e-01	2.5179e-08	4.3826e-16	6.7173e-04	7.4401e-01	2.5531e-01	1.2140e-05	5.5863e-03	9.5418e-01	4.0230e-02	1.1755e-36	1.1755e-36	1.1755e-36	1.3699e-24	0.00e+00	0.00e+00	1.8990e+00
9.24847e+18	5.9267e+03	2.456e-22	1.0000e+01	1.0648e+01	6.7897e-13	5.2393e-03	9.9476e-01	2.0435e-01	7.9565e-01	1.9877e-08	4.9868e-16	7.0470e-04	7.7171e-01	2.2758e-01	9.8572e-06	5.8488e-03	9.6053e-01	3.3625e-02	1.1755e-36	1.1755e-36	1.1755e-36	1.5487e-24	0.00e+00	0.00e+00	1.9624e+00
9.41778e+18	5.9251e+03	2.459e-22	1.0000e+01	1.0610e+01	7.2354e-13	5.3928e-03	9.9461e-01	2.3694e-01	7.6306e-01	1.6323e-08	5.5100e-16	7.2947e-04	7.9275e-01	2.0652e-01	8.2518e-06	6.0599e-03	9.6521e-01	2.8732e-02	1.1755e-36	1.1755e-36	1.1755e-36	1.6951e-24	0.00e+00	0.00e+00	2.0124e+00
9.56035e+18	5.9339e+03	2.457e-22	1.0000e+01	1.0579e+01	7.5715e-13	5.5244e-03	9.9448e-01	2.7133e-01	7.2867e-01	1.3662e-08	6.0155e-16	7.5026e-04	8.1024e-01	1.8901e-01	6.9955e-06	6.2419e-03	9.6908e-01	2.4679e-02	1.1755e-36	1.1755e-36	1.1755e-36	1.8378e-24	0.00e+00	0.00e+00	2.0607e+00
9.71929e+18	5.9379e+03	2.456e-22	1.0000e+01	1.0548e+01	8.0603e-13	5.6897e-03	9.9431e-01	3.1981e-01	6.8019e-01	1.1015e-08	6.7041e-16	7.7401e-04	8.2942e-01	1.6980e-01	5.6844e-06	6.4673e-03	9.7325e-01	2.0282e-02	1.1755e-36	1.1755e-36	1.1755e-36	2.0332e-24	0.00e+00	0.00e+00	2.1252e+00
9.88454e+18	5.9341e+03	2.453e-22	1.0000e+01	1.0500e+01	8.6654e-13	5.8665e-03	9.9413e-01	3.8422e-01	6.1578e-01	8.5503e-09	7.5182e-16	7.9731e-04	8.4836e-01	1.5084e-01	4.4954e-06	6.7074e-03	9.7729e-01	1.6005e-02	1.1755e-36	1.1755e-36	1.1755e-36	2.2492e-24	0.00e+00	0.00e+00	2.1811e+00
1.00161e+19	5.9305e+03	2.444e-22	1.0000e+01	1.0445e+01	9.1794e-13	6.0064e-03	9.9399e-01	4.4915e-01	5.5085e-01	6.7589e-09	8.2532e-16	8.1372e-04	8.6247e-01	1.3671e-01	3.6597e-06	6.8977e-03	9.8030e-01	1.2806e-02	1.1755e-36	1.1755e-36	1.1755e-36	2.4286e-24	0.00e+00	0.00e+00	2.2237e+00
1.01222e+19	5.9240e+03	2.432e-22	1.0000e+01	1.0388e+01	9.6607e-13	6.1220e-03	9.9388e-01	5.1032e-01	4.8968e-01	5.4120e-09	8.9239e-16	8.2530e-04	8.7281e-01	1.2636e-01	3.0621e-06	7.0541e-03	9.8250e-01	1.0446e-02	1.1755e-36	1.1755e-36	1.1755e-36	2.5831e-24	0.00e+00	0.00e+00	2.2622e+00
1.02368e+19	5.9113e+03	2.415e-22	1.0000e+01	1.0315e+01	1.0283e-12	6.2534e-03	9.9375e-01	5.8332e-01	4.1668e-01	4.0753e-09	9.7355e-16	8.3597e-04	8.8264e-01	1.1653e-01	2.4944e-06	7.2296e-03	9.8458e-01	8.1879e-03	1.1755e-36	1.1755e-36	1.1755e-36	2.7607e-24	0.00e+00	0.00e+00	2.3134e+00
1.03859e+19	5.8898e+03	2.392e-22	1.0000e+01	1.0219e+01	1.1243e-12	6.4361e-03	9.9356e-01	6.8280e-01	3.1720e-01	2.6371e-09	1.0937e-15	8.4769e-04	8.9306e-01	1.0609e-01	1.8913e-06	7.4692e-03	9.8675e-01	5.7858e-03	1.1755e-36	1.1755e-36	1.1755e-36	3.0227e-24	0.00e+00	0.00e+00	2.3819e+00
1.05443e+19	5.8651e+03	2.371e-22	1.0000e+01	1.0129e+01	1.2423e-12	6.6488e-03	9.9335e-01	7.8518e-01	2.1482e-01	1.5258e-09	1.2380e-15	8.5856e-04	9.0147e-01	9.7674e-02	1.3969e-06	7.7418e-03	9.8841e-01	3.8465e-03	1.1755e-36	1.1755e-36	1.1755e-36	3.3465e-24	0.00e+00	0.00e+00	2.4442e+00
1.07148e+19	5.8379e+03	2.357e-22	1.0000e+01	1.0059e+01	1.3960e-12	6.9165e-03	9.9308e-01	8.7236e-01	1.2764e-01	7.6780e-10	1.4124e-15	8.7015e-04	9.0778e-01	9.1346e-02	9.8818e-07	8.0777e-03	9.8952e-01	2.4018e-03	1.1755e-36	1.1755e-36	1.1755e-36	3.7950e-24	0.00e+00	0.00e+00	2.5283e+00
1.09364e+19	5.8219e+03	2.354e-22	1.0000e+01	1.0000e+01	1.5960e-12	7.2976e-03	9.9270e-01	9.4074e-01	5.9260e-02	2.8971e-10	1.6402e-15	8.8427e-04	9.1280e-01	8.6319e-02	6.3046e-07	8.5495e-03	9.9016e-01	1.2861e-03	1.1755e-36	1.1755e-36	1.1755e-36	4.4918e-24	0.00e+00	0.00e+00	2.6438e+00
1.12245e+19	5.8289e+03	2.368e-22	1.0000e+01	9.9507e+00	1.8521e-12	7.8448e-03	9.9216e-01	9.7898e-01	2.1017e-02	7.8544e-11	1.9431e-15	9.0170e-04	9.1658e-01	8.2519e-02	3.5222e-07	9.2219e-03	9.9021e-01	5.7080e-04	1.1755e-36	1.1755e-36	1.1755e-36	5.6292e-24	0.00e+00	0.00e+00	2.8051e+00
1.15990e+19	5.8492e+03	2.411e-22	1.0000e+01	9.9272e+00	2.2636e-12	8.7004e-03	9.9130e-01	9.9415e-01	5.8469e-03	1.5884e-11	2.4280e-15	9.2681e-04	9.2022e-01	7.8851e-02	1.6486e-07	1.0268e-02	9.8953e-01	2.0374e-04	1.1755e-36	1.1755e-36	1.1755e-36	7.8161e-24	0.00e+00	0.00e+00	3.0377e+00
1.20858e+19	5.8993e+03	2.480e-22	1.0000e+01	9.9108e+00	2.9438e-12	1.0081e-02	9.8992e-01	9.9867e-01	1.3258e-03	2.4221e-12	3.3000e-15	9.6080e-04	9.2449e-01	7.4550e-02	1.1755e-36	1.1957e-02	9.8799e-01	5.6402e-05	1.1755e-36	1.1755e-36	1.1755e-36	1.2478e-23	0.00e+00	0.00e+00	3.3881e+00
1.25739e+19	5.9720e+03	2.567e-22	1.0000e+01	9.8920e+00	3.9191e-12	1.1950e-02	9.8805e-01	9.9966e-01	3.3802e-04	4.3146e-13	4.6681e-15	9.9585e-04	9.2872e-01	7.0283e-02	1.1755e-36	1.4245e-02	9.8574e-01	1.5955e-05	1.1755e-36	1.1755e-36	1.1755e-36	2.1306e-23	0.00e+00	0.00e+00	3.7092e+00
1.29337e+19	6.0337e+03	2.644e-22	1.0000e+01	9.8751e+00	5.0209e-12	1.3838e-02	9.8616e-01	9.9986e-01	1.3875e-04	1.3795e-13	6.2963e-15	1.0231e-03	9.3219e-01	6.6789e-02	1.1755e-36	1.6562e-02	9.8343e-01	6.6008e-06	1.1755e-36	1.1755e-36	1.1755e-36	3.3784e-23	0.00e+00	0.00e+00	3.9661e+00
1.32065e+19	6.0814e+03	2.707e-22	1.0000e+01	9.8547e+00	6.2204e-12	1.5666e-02	9.8433e-01	9.9993e-01	7.3773e-05	6.0678e-14	8.1149e-15	1.0438e-03	9.3510e-01	6.3858e-02	1.1755e-36	1.8807e-02	9.8119e-01	3.4264e-06	1.1755e-36	1.1755e-36	1.1755e-36	4.9851e-23	0.00e+00	0.00e+00	4.2151e+00
1.34960e+19	6.1342e+03	2.774e-22	1.0000e+01	9.8301e+00	7.9989e-12	1.8084e-02	9.8192e-01	9.9996e-01	3.8265e-05	2.5537e-14	1.0916e-14	1.0656e-03	9.3854e-01	6.0398e-02	1.1755e-36	2.1782e-02	9.7822e-01	1.6926e-06	1.1755e-36	1.1755e-36	1.1755e-36	7.8423e-23	0.00e+00	0.00e+00	4.5888e+00
1.38184e+19	6.1821e+03	2.869e-22	1.0000e+01	9.8066e+00	1.1216e-11	2.1733e-02	9.7827e-01	9.9998e-01	1.9141e-05	1.0245e-14	1.5942e-14	1.0902e-03	9.4275e-01	5.6155e-02	1.1755e-36	2.6272e-02	9.7373e-01	7.8144e-07	1.1755e-36	1.1755e-36	1.1755e-36	1.3967e-22	0.00e+00	0.00e+00	5.0245e+00
1.41078e+19	6.2439e+03	2.955e-22	1.0000e+01	9.7576e+00	1.5779e-11	2.6307e-02	9.7369e-01	9.9999e-01	1.0576e-05	4.7036e-15	2.3585e-14	1.1114e-03	9.4683e-01	5.2061e-02	1.1755e-36	3.1903e-02	9.6810e-01	3.8928e-07	1.1755e-36	1.1755e-36	1.1755e-36	2.5393e-22	0.00e+00	0.00e+00	5.4586e+00
1.43564e+19	6.2936e+03	3.038e-22	1.0000e+01	9.7138e+00	2.2517e-11	3.1897e-02	9.6810e-01	9.9999e-01	6.4117e-06	2.4320e-15	3.5085e-14	1.1290e-03	9.5089e-01	4.7983e-02	1.1755e-36	3.8781e-02	9.6122e-01	2.0969e-07	1.1755e-36	1.1755e-36	1.1755e-36	4.6494e-22	0.00e+00	0.00e+00	5.9336e+00
1.45837e+19	6.3426e+03	3.112e-22	1.0000e+01	9.6510e+00	3.2886e-11	3.9087e-02	9.6091e-01	1.0000e+00	4.0887e-06	1.3458e-15	5.3344e-14	1.1427e-03	9.5500e-01	4.3860e-02	1.1755e-36	4.7614e-02	9.5239e-01	1.1633e-07	1.1755e-36	1.1755e-36	1.1755e-36	8.7976e-22	0.00e+00	0.00e+00	6.4736e+00
1.47892e+19	6.3864e+03	3.174e-22	1.0000e+01	9.5668e+00	4.9451e-11	4.8455e-02	9.5154e-01	1.0000e+00	2.7436e-06	7.9839e-16	8.3075e-14	1.1519e-03	9.5913e-01	3.9717e-02	1.1755e-36	5.9096e-02	9.4090e-01	6.6447e-08	1.1755e-36	1.1755e-36	1.1755e-36	1.7264e-21	0.00e+00	0.00e+00	7.0614e+00
1.49649e+19	6.4234e+03	3.208e-22	1.0000e+01	9.4348e+00	7.4745e-11	6.0008e-02	9.3999e-01	1.0000e+00	1.9624e-06	5.1800e-16	1.2880e-13	1.1524e-03	9.6299e-01	3.5861e-02	1.1755e-36	7.3201e-02	9.2680e-01	3.9915e-08	1.1755e-36	1.1755e-36	1.1755e-36	3.3621e-21	0.00e+00	0.00e+00	7.6651e+00
1.51113e+19	6.4527e+03	3.213e-22	1.0000e+01	9.2729e+00	1.1224e-10	7.3782e-02	9.2622e-01	1.0000e+00	1.4827e-06	3.6283e-16	1.9677e-13	1.1468e-03	9.6652e-01	3.2330e-02	1.1755e-36	8.9932e-02	9.1007e-01	2.5217e-08	1.1755e-36	1.1755e-36	1.1755e-36	6.4058e-21	0.00e+00	0.00e+00	8.2871e+00
1.52217e+19	6.4667e+03	3.204e-22	1.0000e+01	9.1251e+00	1.6260e-10	8.8580e-02	9.1142e-01	1.0000e+00	1.2105e-06	2.8115e-16	2.8702e-13	1.1392e-03	9.6948e-01	2.9383e-02	1.1755e-36	1.0779e-01	8.9221e-01	1.7383e-08	1.1755e-36	1.1755e-36	1.1755e-36	1.1395e-20	0.00e+00	0.00e+00	8.7750e+00
1.52979e+19	6.4695e+03	3.179e-22	1.0000e+01	8.9895e+00	2.1867e-10	1.0210e-01	8.9790e-01	1.0000e+00	1.0500e-06	2.3567e-16	3.8523e-13	1.1299e-03	9.7170e-01	2.7170e-02	1.1755e-36	1.2401e-01	8.7599e-01	1.3131e-08	1.1755e-36	1.1755e-36	1.1755e-36	1.7860e-20	0.00e+00	0.00e+00	9.1957e+00
1.53626e+19	6.4643e+03	3.142e-22	1.0000e+01	8.8468e+00	2.8927e-10	1.1633e-01	8.8367e-01	1.0000e+00	9.2598e-07	2.0197e-16	5.0524e-13	1.1186e-03	9.7370e-01	2.5179e-02	1.1755e-36	1.4096e-01	8.5904e-01	1.0146e-08	1.1755e-36	1.1755e-36	1.1755e-36	2.7039e-20	0.00e+00	0.00e+00	9.6666e+00
1.54364e+19	6.4551e+03	3.073e-22	1.0000e+01	8.6444e+00	4.0908e-10	1.3642e-01	8.6358e-01	1.0000e+00	7.9900e-07	1.6902e-16	7.0463e-13	1.1005e-03	9.7609e-01	2.2805e-02	1.1755e-36	1.6471e-01	8.3529e-01	7.3772e-09	1.1755e-36	1.1755e-36	1.1755e-36	4.5042e-20	0.00e+00	0.00e+00	1.0385e+01
1.55142e+19	6.4100e+03	2.968e-22	1.0000e+01	8.3629e+00	6.3587e-10	1.6466e-01	8.3534e-01	1.0000e+00	6.8880e-07	1.4219e-16	1.0460e-12	1.0734e-03	9.7870e-01	2.0226e-02	1.1755e-36	1.9773e-01	8.0227e-01	5.1544e-09	1.1755e-36	1.1755e-36	1.1755e-36	8.2680e-20	0.00e+00	0.00e+00	1.1137e+01
1.55822e+19	6.3511e+03	2.825e-22	1.0000e+01	8.0296e+00	9.9713e-10	1.9797e-01	8.0203e-01	1.0000e+00	6.0686e-07	1.2371e-16	1.5448e-12	1.0388e-03	9.8112e-01	1.7845e-02	1.1755e-36	2.3611e-01	7.6389e-01	3.6343e-09	1.1755e-36	1.1755e-36	1.1755e-36	1.5125e-19	0.00e+00	0.00e+00	1.1932e+01
1.56413e+19	6.2672e+03	2.651e-22	1.0000e+01	7.6493e+00	1.5789e-09	2.3597e-01	7.6403e-01	1.0000e+00	5.4584e-07	1.1106e-16	2.2505e-12	9.9736e-04	9.8330e-01	1.5705e-02	1.1755e-36	2.7918e-01	7.2082e-01	2.5980e-09	1.1755e-36	1.1755e-36	1.1755e-36	2.7226e-19	0.00e+00	0.00e+00	1.2745e+01
1.56905e+19	6.1613e+03	2.461e-22	1.0000e+01	7.2479e+00	2.4729e-09	2.7644e-01	7.2356e-01	1.0000e+00	5.0198e-07	1.0291e-16	3.1780e-12	9.5227e-04	9.8517e-01	1.3880e-02	1.1755e-36	3.2423e-01	6.7577e-01	1.9099e-09	1.1755e-36	1.1755e-36	1.1755e-36	4.7014e-19	0.00e+00	0.00e+00	1.3511e+01
1.57283e+19	6.0480e+03	2.282e-22	1.0000e+01	6.8667e+00	3.6722e-09	3.1419e-01	6.8581e-01	1.0000e+00	4.7401e-07	9.8602e-17	4.2215e-12	9.0849e-04	9.8661e-01	1.2482e-02	1.1755e-36	3.6550e-01	6.3450e-01	1.4800e-09	1.1755e-36	1.1755e-36	1.1755e-36	7.4237e-19	0.00e+00	0.00e+00	1.4140e+01
1.57556e+19	5.9428e+03	2.136e-22	1.0000e+01	6.5559e+00	5.0569e-09	3.4569e-01	6.5431e-01	1.0000e+00	4.5570e-07	9.6204e-17	5.2493e-12	8.7238e-04	9.8766e-01	1.1465e-02	1.1755e-36	3.9941e-01	6.0059e-01	1.2162e-09	1.1755e-36	1.1755e-36	1.1755e-36	1.0618e-18	0.00e+00	0.00e+00	1.4638e+01
1.57766e+19	5.8441e+03	2.010e-22	1.0000e+01	6.2851e+00	6.6178e-09	3.7233e-01	6.2767e-01	1.0000e+00	4.4335e-07	9.5017e-17	6.2382e-12	8.4059e-04	9.8847e-01	1.0686e-02	1.1755e-36	4.2770e-01	5.7230e-01	1.0379e-09	1.1755e-36	1.1755e-36	1.1755e-36	1.4179e-18	0.00e+00	0.00e+00	1.5091e+01
1.57952e+19	5.7424e+03	1.894e-22	1.0000e+01	6.0301e+00	8.5563e-09	3.9776e-01	6.0224e-01	1.0000e+00	4.3273e-07	9.4166e-17	7.3104e-12	8.1051e-04	9.8919e-01	9.9984e-03	1.1755e-36	4.5440e-01	5.4560e-01	8.9703e-10	1.1755e-36	1.1755e-36	1.1755e-36	1.8615e-18	0.00e+00	0.00e+00	1.5541e+01
1.58126e+19	5.6328e+03	1.778e-22	1.0000e+01	5.7746e+00	1.1086e-08	4.2321e-01	5.7679e-01	1.0000e+00	4.2348e-07	9.3704e-17	8.5292e-12	7.8022e-04	9.8986e-01	9.3612e-03	1.1755e-36	4.8082e-01	5.1918e-01	7.7892e-10	1.1755e-36	1.1755e-36	1.1755e-36	2.4431e-18	0.00e+00	0.00e+00	1.5993e+01
1.58248e+19	5.5525e+03	1.699e-22	1.0000e+01	5.5939e+00	1.3322e-08	4.4130e-01	5.5870e-01	1.0000e+00	4.1886e-07	9.3956e-17	9.5003e-12	7.5868e-04	9.9028e-01	8.9580e-03	1.1755e-36	4.9942e-01	5.0058e-01	7.0784e-10	1.1755e-36	1.1755e-36	1.1755e-36	2.9696e-18	0.00e+00	0.00e+00	1.6200e+01
1.58307e+19	5.5084e+03	1.660e-22	1.0000e+01	5.5035e+00	1.4665e-08	4.5052e-01	5.4948e-01	1.0000e+00	4.1650e-07	9.4045e-17	1.0039e-11	7.4795e-04	9.9050e-01	8.7541e-03	1.1755e-36	5.0885e-01	4.9115e-01	6.7440e-10	1.1755e-36	1.1755e-36	1.1755e-36	3.2876e-18	0.00e+00	0.00e+00	1.6325e+01
1.58353e+19	5.4711e+03	1.627e-22	1.0000e+01	5.4278e+00	1.5876e-08	4.5804e-01	5.4196e-01	1.0000e+00	4.1438e-07	9.4081e-17	1.0500e-11	7.3893e-04	9.9068e-01	8.5854e-03	1.1755e-36	5.1651e-01	4.8349e-01	6.4800e-10	1.1755e-36	1.1755e-36	1.1755e-36	3.5744e-18	0.00e+00	0.00e+00	1.6465e+01
1.58409e+19	5.4133e+03	1.590e-22	1.0000e+01	5.3425e+00	1.7784e-08	4.6806e-01	5.3194e-01	1.0000e+00	4.1086e-07	9.3661e-17	1.1184e-11	7.2916e-04	9.9091e-01	8.3582e-03	1.1755e-36	5.2668e-01	4.7332e-01	6.1558e-10	1.1755e-36	1.1755e-36	1.1755e-36	4.0290e-18	0.00e+00	0.00e+00	1.6650e+01
1.58469e+19	5.3736e+03	1.544e-22	1.0000e+01	5.2334e+00	1.9469e-08	4.7730e-01	5.2270e-01	1.0000e+00	4.0932e-07	9.4322e-17	1.1781e-11	7.1567e-04	9.9112e-01	8.1682e-03	1.1755e-36	5.3601e-01	4.6399e-01	5.8544e-10	1.1755e-36	1.1755e-36	1.1755e-36	4.4477e-18	0.00e+00	0.00e+00	1.6827e+01
1.58533e+19	5.3158e+03	1.498e-22	1.0000e+01	5.1247e+00	2.1882e-08	4.8811e-01	5.1189e-01	1.0000e+00	4.0685e-07	9.4549e-17	1.2579e-11	7.0267e-04	9.9136e-01	7.9421e-03	1.1755e-36	5.4687e-01	4.5313e-01	5.5341e-10	1.1755e-36	1.1755e-36	1.1755e-36	5.0504e-18	0.00e+00	0.00e+00	1.7035e+01
1.58597e+19	5.2557e+03	1.452e-22	1.0000e+01	5.0142e+00	2.4669e-08	4.9915e-01	5.0085e-01	1.0000e+00	4.0455e-07	9.4861e-17	1.3462e-11	6.8945e-04	9.9159e-01	7.7200e-03	1.1755e-36	5.5793e-01	4.4207e-01	5.2282e-10	1.1755e-36	1.1755e-36	1.1755e-36	5.7707e-18	0.00e+00	0.00e+00	1.7228e+01
1.58655e+19	5.1949e+03	1.411e-22	1.0000e+01	4.9141e+00	2.7702e-08	5.0939e-01	4.9061e-01	1.0000e+00	4.0239e-07	9.5088e-17	1.4364e-11	6.7759e-04	9.9180e-01	7.5187e-03	1.1755e-36	5.6814e-01	4.3186e-01	4.9642e-10	1.1755e-36	1.1755e-36	1.1755e-36	6.5704e-18	0.00e+00	0.00e+00	1.7402e+01
1.58707e+19	5.1402e+03	1.374e-22	1.0000e+01	4.8242e+00	3.0750e-08	5.1873e-01	4.8127e-01	1.0000e+00	4.0055e-07	9.5331e-17	1.5253e-11	6.6687e-04	9.9199e-01	7.3383e-03	1.1755e-36	5.7741e-01	4.2259e-01	4.7348e-10	1.1755e-36	1.1755e-36	1.1755e-36	7.4172e-18	0.00e+00	0.00e+00	1.7565e+01
1.58756e+19	5.0870e+03	1.337e-22	1.0000e+01	4.7342e+00	3.4002e-08	5.2770e-01	4.7230e-01	1.0000e+00	3.9899e-07	9.5696e-17	1.6166e-11	6.5609e-04	9.9218e-01	7.1686e-03	1.1755e-36	5.8627e-01	4.1373e-01	4.5235e-10	1.1755e-36	1.1755e-36	1.1755e-36	8.3505e-18	0.00e+00	0.00e+00	1.7731e+01
1.58807e+19	5.0246e+03	1.300e-22	1.0000e+01	4.6392e+00	3.8034e-08	5.3717e-01	4.6283e-01	1.0000e+00	3.9717e-07	9.5998e-17	1.7235e-11	6.4487e-04	9.9236e-01	6.9926e-03	1.1755e-36	5.9561e-01	4.0439e-01	4.3135e-10	1.1755e-36	1.1755e-36	1.1755e-36	9.5332e-18	0.00e+00	0.00e+00	1.7908e+01
1.58858e+19	4.9661e+03	1.263e-22	1.0000e+01	4.5479e+00	4.2300e-08	5.4659e-01	4.5341e-01	1.0000e+00	3.9559e-07	9.6371e-17	1.8287e-11	6.3395e-04	9.9255e-01	6.8174e-03	1.1755e-36	6.0485e-01	3.9515e-01	4.1133e-10	1.1755e-36	1.1755e-36	1.1755e-36	1.0764e-17	0.00e+00	0.00e+00	1.8078e+01
1.58907e+19	4.9123e+03	1.227e-22	1.0000e+01	4.4524e+00	4.6586e-08	5.5531e-01	4.4469e-01	1.0000e+00	3.9475e-07	9.7113e-17	1.9219e-11	6.2236e-04	9.9272e-01	6.6581e-03	1.1755e-36	6.1335e-01	3.8665e-01	3.9331e-10	1.1755e-36	1.1755e-36	1.1755e-36	1.1921e-17	0.00e+00	0.00e+00	1.8250e+01
1.58958e+19	4.8446e+03	1.190e-22	1.0000e+01	4.3571e+00	5.2282e-08	5.6515e-01	4.3485e-01	1.0000e+00	3.9300e-07	9.7460e-17	2.0381e-11	6.1112e-04	9.9291e-01	6.4763e-03	1.1755e-36	6.2294e-01	3.7706e-01	3.7441e-10	1.1755e-36	1.1755e-36	1.1755e-36	1.3466e-17	0.00e+00	0.00e+00	1.8439e+01
1.59009e+19	4.7771e+03	1.153e-22	1.0000e+01	4.2606e+00	5.8503e-08	5.7478e-01	4.2522e-01	1.0000e+00	3.9169e-07	9.7992e-17	2.1572e-11	5.9966e-04	9.9310e-01	6.3039e-03	1.1755e-36	6.3227e-01	3.6773e-01	3.5678e-10	1.1755e-36	1.1755e-36	1.1755e-36	1.5168e-17	0.00e+00	0.00e+00	1.8616e+01
1.59057e+19	4.7115e+03	1.119e-22	1.0000e+01	4.1697e+00	6.5054e-08	5.8382e-01	4.1618e-01	1.0000e+00	3.9051e-07	9.8516e-17	2.2750e-11	5.8893e-04	9.9327e-01	6.1442e-03	1.1755e-36	6.4101e-01	3.5899e-01	3.4100e-10	1.1755e-36	1.1755e-36	1.1755e-36	1.6973e-17	0.00e+00	0.00e+00	1.8785e+01
1.59102e+19	4.6457e+03	1.087e-22	1.0000e+01	4.0814e+00	7.2148e-08	5.9267e-01	4.0733e-01	1.0000e+00	3.8937e-07	9.9030e-17	2.3959e-11	5.7852e-04	9.9343e-01	5.9895e-03	1.1755e-36	6.4952e-01	3.5048e-01	3.2621e-10	1.1755e-36	1.1755e-36	1.1755e-36	1.8949e-17	0.00e+00	0.00e+00	1.8956e+01
1.59148e+19	4.5743e+03	1.054e-22	1.0000e+01	3.9911e+00	8.0325e-08	6.0173e-01	3.9827e-01	1.0000e+00	3.8813e-07	9.9520e-17	2.5254e-11	5.6798e-04	9.9360e-01	5.8334e-03	1.1755e-36	6.5820e-01	3.4180e-01	3.1185e-10	1.1755e-36	1.1755e-36	1.1755e-36	2.1212e-17	0.00e+00	0.00e+00	1.9132e+01
1.59194e+19	4.5034e+03	1.022e-22	1.0000e+01	3.9014e+00	8.9088e-08	6.1072e-01	3.8928e-01	1.0000e+00	3.8704e-07	1.0008e-16	2.6580e-11	5.5749e-04	9.9376e-01	5.6804e-03	1.1755e-36	6.6680e-01	3.3320e-01	2.9806e-10	1.1755e-36	1.1755e-36	1.1755e-36	2.3675e-17	0.00e+00	0.00e+00	1.9307e+01
1.59240e+19	4.4296e+03	9.899e-23	1.0000e+01	3.8111e+00	9.8742e-08	6.1981e-01	3.8019e-01	1.0000e+00	3.8593e-07	1.0064e-16	2.7958e-11	5.4699e-04	9.9393e-01	5.5276e-03	1.1755e-36	6.7545e-01	3.2455e-01	2.8474e-10	1.1755e-36	1.1755e-36	1.1755e-36	2.6396e-17	0.00e+00	0.00e+00	1.9488e+01
1.59287e+19	4.3517e+03	9.576e-23	1.0000e+01	3.7186e+00	1.0945e-07	6.2914e-01	3.7086e-01	1.0000e+00	3.8481e-07	1.0123e-16	2.9396e-11	5.3633e-04	9.9409e-01	5.3729e-03	1.1755e-36	6.8430e-01	3.1570e-01	2.7164e-10	1.1755e-36	1.1755e-36	1.1755e-36	2.9405e-17	0.00e+00	0.00e+00	1.9676e+01
1.59335e+19	4.2746e+03	9.244e-23	1.0000e+01	3.6213e+00	1.2046e-07	6.3835e-01	3.6165e-01	1.0000e+00	3.8423e-07	1.0214e-16	3.0778e-11	5.2493e-04	9.9425e-01	5.2235e-03	1.1755e-36	6.9300e-01	3.0700e-01	2.5908e-10	1.1755e-36	1.1755e-36	1.1755e-36	3.2455e-17	0.00e+00	0.00e+00	1.9871e+01
1.59385e+19	4.1829e+03	8.901e-23	1.0000e+01	3.5211e+00	1.3383e-07	6.4868e-01	3.5132e-01	1.0000e+00	3.8287e-07	1.0272e-16	3.2351e-11	5.1360e-04	9.9443e-01	5.0559e-03	1.1755e-36	7.0272e-01	2.9728e-01	2.4583e-10	1.1755e-36	1.1755e-36	1.1755e-36	3.6097e-17	0.00e+00	0.00e+00	2.0087e+01
1.59438e+19	4.0896e+03	8.548e-23	1.0000e+01	3.4153e+00	1.4750e-07	6.5913e-01	3.4087e-01	1.0000e+00	3.8197e-07	1.0360e-16	3.3838e-11	5.0155e-04	9.9461e-01	4.8905e-03	1.1755e-36	7.1251e-01	2.8749e-01	2.3291e-10	1.1755e-36	1.1755e-36	1.1755e-36	3.9682e-17	0.00e+00	0.00e+00	2.0308e+01
1.59493e+19	3.9821e+03	8.186e-23	1.0000e+01	3.3043e+00	1.6266e-07	6.7034e-01	3.2966e-01	1.0000e+00	3.8060e-07	1.0432e-16	3.5303e-11	4.8928e-04	9.9480e-01	4.7147e-03	1.1755e-36	7.2298e-01	2.7702e-01	2.1984e-10	1.1755e-36	1.1755e-36	1.1755e-36	4.3306e-17	0.00e+00	0.00e+00	2.0550e+01
