#depth	Te	Htot	hden	eden	2H_2/H	HI	HII	HeI	HeII	HeIII	CO/C	C1	C2	C3	C4	O1	O2	O3	O4	O5	O6	H2O/O	AV(point)	AV(extend)	Tau912
1.90856e+14	6.4013e+03	2.399e-21	2.7826e+01	2.9736e+01	5.3004e-12	1.2531e-02	9.8747e-01	7.4196e-02	9.2554e-01	2.6651e-04	7.6906e-15	2.0695e-03	5.9614e-01	4.0176e-01	3.0609e-05	1.4033e-02	9.2454e-01	6.1427e-02	2.3055e-06	1.1755e-36	1.1755e-36	4.8847e-23	0.00e+00	0.00e+00	8.4045e-04
1.14514e+15	6.3933e+03	2.395e-21	2.7826e+01	2.9713e+01	5.3288e-12	1.2520e-02	9.8748e-01	7.4213e-02	9.2552e-01	2.6619e-04	7.6713e-15	2.0632e-03	5.9622e-01	4.0169e-01	3.0660e-05	1.4022e-02	9.2452e-01	6.1451e-02	2.2997e-06	1.1755e-36	1.1755e-36	4.8596e-23	0.00e+00	0.00e+00	4.1994e-03
4.96225e+15	6.3813e+03	2.386e-21	2.7826e+01	2.9704e+01	5.3853e-12	1.2520e-02	9.8748e-01	7.4427e-02	9.2531e-01	2.6395e-04	7.6793e-15	2.0603e-03	5.9702e-01	4.0089e-01	3.0488e-05	1.4029e-02	9.2471e-01	6.1255e-02	2.2586e-06	1.1755e-36	1.1755e-36	4.8489e-23	0.00e+00	0.00e+00	1.7635e-02
2.02307e+16	6.3347e+03	2.366e-21	2.7826e+01	2.9699e+01	5.7010e-12	1.2615e-02	9.8738e-01	7.5616e-02	9.2413e-01	2.5287e-04	7.8602e-15	2.0765e-03	6.0118e-01	3.9671e-01	2.9574e-05	1.4167e-02	9.2571e-01	6.0121e-02	2.0777e-06	1.1755e-36	1.1755e-36	4.9325e-23	0.00e+00	0.00e+00	7.1786e-02
4.83247e+16	6.1806e+03	2.295e-21	2.7826e+01	2.9700e+01	6.3899e-12	1.2481e-02	9.8752e-01	7.6844e-02	9.2291e-01	2.4140e-04	7.7241e-15	2.0722e-03	6.0596e-01	3.9194e-01	2.8604e-05	1.4059e-02	9.2665e-01	5.9286e-02	1.8911e-06	1.1755e-36	1.1755e-36	4.6556e-23	0.00e+00	0.00e+00	1.4143e-01
8.33036e+16	6.0305e+03	2.235e-21	2.7826e+01	2.9695e+01	7.3412e-12	1.2489e-02	9.8751e-01	7.8824e-02	9.2095e-01	2.2327e-04	7.7961e-15	2.0924e-03	6.1303e-01	3.8485e-01	2.7135e-05	1.4125e-02	9.2820e-01	5.7671e-02	1.6467e-06	1.1755e-36	1.1755e-36	4.5442e-23	0.00e+00	0.00e+00	2.2526e-01
1.25436e+17	5.8887e+03	2.186e-21	2.7826e+01	2.9683e+01	8.6530e-12	1.2661e-02	9.8734e-01	8.1763e-02	9.1804e-01	1.9958e-04	8.1188e-15	2.1377e-03	6.2277e-01	3.7506e-01	2.5192e-05	1.4394e-02	9.3039e-01	5.5217e-02	1.3626e-06	1.1755e-36	1.1755e-36	4.6170e-23	0.00e+00	0.00e+00	3.2775e-01
1.77153e+17	5.7534e+03	2.147e-21	2.7826e+01	2.9663e+01	1.0540e-11	1.3043e-02	9.8696e-01	8.6124e-02	9.1371e-01	1.7100e-04	8.7904e-15	2.2150e-03	6.3612e-01	3.6164e-01	2.2738e-05	1.4923e-02	9.3330e-01	5.1773e-02	1.0540e-06	1.1755e-36	1.1755e-36	4.9275e-23	0.00e+00	0.00e+00	4.5923e-01
2.42424e+17	5.6216e+03	2.118e-21	2.7826e+01	2.9628e+01	1.3462e-11	1.3731e-02	9.8627e-01	9.2780e-02	9.0708e-01	1.3853e-04	1.0036e-14	2.3384e-03	6.5462e-01	3.4303e-01	1.9713e-05	1.5836e-02	9.3707e-01	4.7097e-02	7.4157e-07	1.1755e-36	1.1755e-36	5.6183e-23	0.00e+00	0.00e+00	6.3577e-01
3.25850e+17	5.4960e+03	2.101e-21	2.7826e+01	2.9573e+01	1.8360e-11	1.4918e-02	9.8508e-01	1.0337e-01	8.9652e-01	1.0430e-04	1.2377e-14	2.5326e-03	6.8040e-01	3.1705e-01	1.6104e-05	1.7379e-02	9.4169e-01	4.0928e-02	4.5634e-07	1.1755e-36	1.1755e-36	7.0646e-23	0.00e+00	0.00e+00	8.8134e-01
4.29637e+17	5.3892e+03	2.100e-21	2.7826e+01	2.9480e+01	2.6988e-11	1.6920e-02	9.8308e-01	1.2055e-01	8.7938e-01	7.2270e-05	1.6936e-14	2.8274e-03	7.1514e-01	2.8202e-01	1.2119e-05	1.9944e-02	9.4672e-01	3.3336e-02	2.3701e-07	1.1755e-36	1.1755e-36	1.0178e-22	0.00e+00	0.00e+00	1.2200e+00
5.30679e+17	5.3367e+03	2.117e-21	2.7826e+01	2.9393e+01	3.8802e-11	1.9540e-02	9.8046e-01	1.4304e-01	8.5691e-01	5.0344e-05	2.4126e-14	3.1704e-03	7.5103e-01	2.4579e-01	8.8333e-06	2.3272e-02	9.5035e-01	2.6381e-02	1.1755e-36	1.1755e-36	1.1755e-36	1.5679e-22	0.00e+00	0.00e+00	1.5228e+00
6.07896e+17	5.3503e+03	2.138e-21	2.7826e+01	2.9211e+01	5.0542e-11	2.2302e-02	9.7770e-01	1.6644e-01	8.3353e-01	3.7753e-05	3.3293e-14	3.4752e-03	7.8045e-01	2.1607e-01	6.6344e-06	2.6756e-02	9.5205e-01	2.1198e-02	1.1755e-36	1.1755e-36	1.1755e-36	2.3531e-22	0.00e+00	0.00e+00	1.7823e+00
6.71781e+17	5.3739e+03	2.171e-21	2.7826e+01	2.9080e+01	6.5104e-11	2.5450e-02	9.7455e-01	1.9303e-01	8.0694e-01	2.9493e-05	4.6093e-14	3.7777e-03	8.0686e-01	1.8936e-01	4.9734e-06	3.0706e-02	9.5227e-01	1.7024e-02	1.1755e-36	1.1755e-36	1.1755e-36	3.5671e-22	0.00e+00	0.00e+00	2.0575e+00
7.32493e+17	5.4233e+03	2.202e-21	2.7826e+01	2.8890e+01	8.2990e-11	2.9285e-02	9.7071e-01	2.2552e-01	7.7446e-01	2.3050e-05	6.5184e-14	4.0877e-03	8.3232e-01	1.6359e-01	3.6255e-06	3.5503e-02	9.5114e-01	1.3359e-02	1.1755e-36	1.1755e-36	1.1755e-36	5.5740e-22	0.00e+00	0.00e+00	2.3657e+00
7.90350e+17	5.4894e+03	2.234e-21	2.7826e+01	2.8648e+01	1.0646e-10	3.4071e-02	9.6593e-01	2.6581e-01	7.3417e-01	1.7932e-05	9.4906e-14	4.4005e-03	8.5675e-01	1.3885e-01	2.5493e-06	4.1465e-02	9.4834e-01	1.0198e-02	1.1755e-36	1.1755e-36	1.1755e-36	9.0518e-22	0.00e+00	0.00e+00	2.6999e+00
8.42667e+17	5.5675e+03	2.265e-21	2.7826e+01	2.8375e+01	1.3641e-10	3.9824e-02	9.6018e-01	3.1343e-01	6.8656e-01	1.4056e-05	1.4035e-13	4.6958e-03	8.7877e-01	1.1653e-01	1.7515e-06	4.8603e-02	9.4375e-01	7.6508e-03	1.1755e-36	1.1755e-36	1.1755e-36	1.4980e-21	0.00e+00	0.00e+00	3.0414e+00
8.87973e+17	5.6473e+03	2.292e-21	2.7826e+01	2.8074e+01	1.7403e-10	4.6433e-02	9.5357e-01	3.6611e-01	6.3388e-01	1.1153e-05	2.0731e-13	4.9535e-03	8.9745e-01	9.7591e-02	1.1964e-06	5.6767e-02	9.3752e-01	5.7168e-03	1.1755e-36	1.1755e-36	1.1755e-36	2.4665e-21	0.00e+00	0.00e+00	3.3825e+00
9.27270e+17	5.7224e+03	2.314e-21	2.7826e+01	2.7768e+01	2.2243e-10	5.3991e-02	9.4601e-01	4.2255e-01	5.7744e-01	8.9118e-06	3.0600e-13	5.1744e-03	9.1307e-01	8.1751e-02	8.1525e-07	6.6062e-02	9.2967e-01	4.2649e-03	1.1755e-36	1.1755e-36	1.1755e-36	4.0416e-21	0.00e+00	0.00e+00	3.7315e+00
9.62345e+17	5.7954e+03	2.325e-21	2.7826e+01	2.7366e+01	2.8417e-10	6.2608e-02	9.3739e-01	4.8150e-01	5.1849e-01	7.0942e-06	4.5006e-13	5.3456e-03	9.2605e-01	6.8601e-02	5.5467e-07	7.6613e-02	9.2022e-01	3.1708e-03	1.1755e-36	1.1755e-36	1.1755e-36	6.5523e-21	0.00e+00	0.00e+00	4.0985e+00
9.94739e+17	5.8631e+03	2.329e-21	2.7826e+01	2.6934e+01	3.6939e-10	7.2925e-02	9.2707e-01	5.4348e-01	4.5651e-01	5.5884e-06	6.7319e-13	5.4860e-03	9.3718e-01	5.7338e-02	3.7155e-07	8.9179e-02	9.0850e-01	2.3253e-03	1.1755e-36	1.1755e-36	1.1755e-36	1.0817e-20	0.00e+00	0.00e+00	4.5012e+00
1.02510e+18	5.9275e+03	2.326e-21	2.7826e+01	2.6472e+01	4.9073e-10	8.5581e-02	9.1442e-01	6.0698e-01	3.9301e-01	4.3455e-06	1.0312e-12	5.5978e-03	9.4669e-01	4.7714e-02	2.4416e-07	1.0450e-01	8.9383e-01	1.6745e-03	1.1755e-36	1.1755e-36	1.1755e-36	1.8404e-20	0.00e+00	0.00e+00	4.9417e+00
1.05311e+18	5.9813e+03	2.307e-21	2.7826e+01	2.5875e+01	6.6423e-10	1.0069e-01	8.9931e-01	6.6770e-01	3.3230e-01	3.3456e-06	1.5875e-12	5.6524e-03	9.5447e-01	3.9873e-02	1.5993e-07	1.2266e-01	8.7614e-01	1.1949e-03	1.1755e-36	1.1755e-36	1.1755e-36	3.1518e-20	0.00e+00	0.00e+00	5.4145e+00
1.07894e+18	6.0274e+03	2.273e-21	2.7826e+01	2.5204e+01	9.1460e-10	1.1884e-01	8.8116e-01	7.2350e-01	2.7650e-01	2.5558e-06	2.4610e-12	5.6635e-03	9.6086e-01	3.3479e-02	1.1755e-36	1.4431e-01	8.5485e-01	8.4472e-04	1.1755e-36	1.1755e-36	1.1755e-36	5.4853e-20	0.00e+00	0.00e+00	5.9350e+00
1.10315e+18	6.0573e+03	2.224e-21	2.7826e+01	2.4462e+01	1.3025e-09	1.4126e-01	8.5874e-01	7.7332e-01	2.2668e-01	1.9472e-06	3.8742e-12	5.6356e-03	9.6620e-01	2.8161e-02	1.1755e-36	1.7078e-01	8.2863e-01	5.8829e-04	1.1755e-36	1.1755e-36	1.1755e-36	9.8704e-20	0.00e+00	0.00e+00	6.5182e+00
1.12576e+18	6.0684e+03	2.153e-21	2.7826e+01	2.3596e+01	1.9181e-09	1.6881e-01	8.3119e-01	8.1596e-01	1.8404e-01	1.4840e-06	6.1541e-12	5.5567e-03	9.7066e-01	2.3783e-02	1.1755e-36	2.0291e-01	7.9668e-01	4.0455e-04	1.1755e-36	1.1755e-36	1.1755e-36	1.8301e-19	0.00e+00	0.00e+00	7.1628e+00
1.14652e+18	6.0544e+03	2.056e-21	2.7826e+01	2.2587e+01	2.9191e-09	2.0192e-01	7.9808e-01	8.5046e-01	1.4954e-01	1.1478e-06	9.7726e-12	5.4231e-03	9.7436e-01	2.0215e-02	1.1755e-36	2.4099e-01	7.5874e-01	2.7665e-04	1.1755e-36	1.1755e-36	1.1755e-36	3.4733e-19	0.00e+00	0.00e+00	7.8645e+00
1.16527e+18	6.0095e+03	1.935e-21	2.7826e+01	2.1452e+01	4.5738e-09	2.4073e-01	7.5927e-01	8.7753e-01	1.2247e-01	9.0612e-07	1.5394e-11	5.2387e-03	9.7745e-01	1.7308e-02	1.1755e-36	2.8487e-01	7.1494e-01	1.8940e-04	1.1755e-36	1.1755e-36	1.1755e-36	6.6912e-19	0.00e+00	0.00e+00	8.6136e+00
1.18082e+18	5.9378e+03	1.800e-21	2.7826e+01	2.0262e+01	7.0990e-09	2.8152e-01	7.1848e-01	8.9651e-01	1.0349e-01	7.5074e-07	2.3144e-11	5.0190e-03	9.7985e-01	1.5128e-02	1.1755e-36	3.3015e-01	6.6971e-01	1.3441e-04	1.1755e-36	1.1755e-36	1.1755e-36	1.2387e-18	0.00e+00	0.00e+00	9.2760e+00
1.19207e+18	5.8575e+03	1.682e-21	2.7826e+01	1.9240e+01	1.0262e-08	3.1719e-01	6.8281e-01	9.0842e-01	9.1584e-02	6.5939e-07	3.1830e-11	4.8164e-03	9.8153e-01	1.3658e-02	1.1755e-36	3.6905e-01	6.3084e-01	1.0286e-04	1.1755e-36	1.1755e-36	1.1755e-36	2.0478e-18	0.00e+00	0.00e+00	9.7841e+00
1.19811e+18	5.7968e+03	1.614e-21	2.7826e+01	1.8668e+01	1.2882e-08	3.3932e-01	6.6068e-01	9.1371e-01	8.6291e-02	6.2028e-07	3.8354e-11	4.7015e-03	9.8237e-01	1.2925e-02	1.1755e-36	3.9288e-01	6.0703e-01	8.8697e-05	1.1755e-36	1.1755e-36	1.1755e-36	2.7848e-18	0.00e+00	0.00e+00	9.9604e+00
1.20032e+18	5.7820e+03	1.584e-21	2.7826e+01	1.8399e+01	1.3813e-08	3.4674e-01	6.5326e-01	9.1559e-01	8.4413e-02	6.0837e-07	4.0630e-11	4.6418e-03	9.8266e-01	1.2703e-02	1.1755e-36	4.0080e-01	5.9911e-01	8.4202e-05	1.1755e-36	1.1755e-36	1.1755e-36	3.0610e-18	0.00e+00	0.00e+00	1.0049e+01
1.20199e+18	5.7621e+03	1.563e-21	2.7826e+01	1.8219e+01	1.4758e-08	3.5312e-01	6.4688e-01	9.1727e-01	8.2727e-02	5.9583e-07	4.2814e-11	4.6044e-03	9.8291e-01	1.2483e-02	1.1755e-36	4.0760e-01	5.9232e-01	8.0557e-05	1.1755e-36	1.1755e-36	1.1755e-36	3.3391e-18	0.00e+00	0.00e+00	1.0166e+01
1.20416e+18	5.7387e+03	1.534e-21	2.7826e+01	1.7985e+01	1.6041e-08	3.6149e-01	6.3851e-01	9.1931e-01	8.0685e-02	5.8101e-07	4.5806e-11	4.5550e-03	9.8324e-01	1.2205e-02	1.1755e-36	4.1649e-01	5.8343e-01	7.6025e-05	1.1755e-36	1.1755e-36	1.1755e-36	3.7391e-18	0.00e+00	0.00e+00	1.0322e+01
1.20693e+18	5.7025e+03	1.497e-21	2.7826e+01	1.7669e+01	1.7973e-08	3.7244e-01	6.2756e-01	9.2189e-01	7.8105e-02	5.6245e-07	4.9996e-11	4.4883e-03	9.8365e-01	1.1858e-02	1.1755e-36	4.2807e-01	5.7186e-01	7.0601e-05	1.1755e-36	1.1755e-36	1.1755e-36	4.3384e-18	0.00e+00	0.00e+00	1.0524e+01
1.20990e+18	5.6630e+03	1.457e-21	2.7826e+01	1.7328e+01	2.0332e-08	3.8449e-01	6.1551e-01	9.2441e-01	7.5590e-02	5.4484e-07	5.4980e-11	4.4152e-03	9.8408e-01	1.1506e-02	1.1755e-36	4.4076e-01	5.5918e-01	6.5230e-05	1.1755e-36	1.1755e-36	1.1755e-36	5.1127e-18	0.00e+00	0.00e+00	1.0717e+01
1.21256e+18	5.6229e+03	1.421e-21	2.7826e+01	1.7015e+01	2.2870e-08	3.9577e-01	6.0423e-01	9.2659e-01	7.3412e-02	5.2968e-07	6.0078e-11	4.3482e-03	9.8446e-01	1.1192e-02	1.1755e-36	4.5256e-01	5.4738e-01	6.0695e-05	1.1755e-36	1.1755e-36	1.1755e-36	5.9753e-18	0.00e+00	0.00e+00	1.0888e+01
1.21490e+18	5.5902e+03	1.387e-21	2.7826e+01	1.6727e+01	2.5283e-08	4.0574e-01	5.9426e-01	9.2841e-01	7.1586e-02	5.1757e-07	6.4890e-11	4.2852e-03	9.8479e-01	1.0927e-02	1.1755e-36	4.6295e-01	5.3699e-01	5.6937e-05	1.1755e-36	1.1755e-36	1.1755e-36	6.8506e-18	0.00e+00	0.00e+00	1.1046e+01
1.21717e+18	5.5464e+03	1.355e-21	2.7826e+01	1.6453e+01	2.8349e-08	4.1620e-01	5.8380e-01	9.3029e-01	6.9712e-02	5.0421e-07	7.0533e-11	4.2266e-03	9.8512e-01	1.0649e-02	1.1755e-36	4.7380e-01	5.2615e-01	5.3367e-05	1.1755e-36	1.1755e-36	1.1755e-36	7.9667e-18	0.00e+00	0.00e+00	1.1216e+01
1.21941e+18	5.5139e+03	1.321e-21	2.7826e+01	1.6156e+01	3.1256e-08	4.2596e-01	5.7404e-01	9.3189e-01	6.8106e-02	4.9432e-07	7.5978e-11	4.1604e-03	9.8543e-01	1.0410e-02	1.1755e-36	4.8387e-01	5.1608e-01	5.0164e-05	1.1755e-36	1.1755e-36	1.1755e-36	9.1195e-18	0.00e+00	0.00e+00	1.1377e+01
1.22164e+18	5.4695e+03	1.288e-21	2.7826e+01	1.5862e+01	3.5046e-08	4.3641e-01	5.6359e-01	9.3359e-01	6.6409e-02	4.8299e-07	8.2539e-11	4.0963e-03	9.8575e-01	1.0152e-02	1.1755e-36	4.9462e-01	5.0533e-01	4.7044e-05	1.1755e-36	1.1755e-36	1.1755e-36	1.0634e-17	0.00e+00	0.00e+00	1.1555e+01
1.22387e+18	5.4247e+03	1.255e-21	2.7826e+01	1.5578e+01	3.9364e-08	4.4717e-01	5.5283e-01	9.3521e-01	6.4786e-02	4.7207e-07	8.9964e-11	4.0339e-03	9.8607e-01	9.8987e-03	1.1755e-36	5.0563e-01	4.9433e-01	4.4090e-05	1.1755e-36	1.1755e-36	1.1755e-36	1.2498e-17	0.00e+00	0.00e+00	1.1723e+01
1.22591e+18	5.3878e+03	1.223e-21	2.7826e+01	1.5288e+01	4.3485e-08	4.5665e-01	5.4335e-01	9.3658e-01	6.3418e-02	4.6404e-07	9.6882e-11	3.9687e-03	9.8634e-01	9.6893e-03	1.1755e-36	5.1528e-01	4.8468e-01	4.1595e-05	1.1755e-36	1.1755e-36	1.1755e-36	1.4378e-17	0.00e+00	0.00e+00	1.1879e+01
1.22792e+18	5.3390e+03	1.192e-21	2.7826e+01	1.5022e+01	4.8894e-08	4.6690e-01	5.3310e-01	9.3801e-01	6.1989e-02	4.5436e-07	1.0550e-10	3.9103e-03	9.8663e-01	9.4575e-03	1.1755e-36	5.2567e-01	4.7429e-01	3.9154e-05	1.1755e-36	1.1755e-36	1.1755e-36	1.6942e-17	0.00e+00	0.00e+00	1.2048e+01
1.22988e+18	5.3019e+03	1.161e-21	2.7826e+01	1.4736e+01	5.3952e-08	4.7622e-01	5.2378e-01	9.3920e-01	6.0796e-02	4.4783e-07	1.1363e-10	3.8453e-03	9.8689e-01	9.2644e-03	1.1755e-36	5.3507e-01	4.6489e-01	3.6996e-05	1.1755e-36	1.1755e-36	1.1755e-36	1.9556e-17	0.00e+00	0.00e+00	1.2204e+01
1.23180e+18	5.2551e+03	1.130e-21	2.7826e+01	1.4461e+01	6.0367e-08	4.8601e-01	5.1399e-01	9.4047e-01	5.9533e-02	4.4002e-07	1.2343e-10	3.7837e-03	9.8716e-01	9.0580e-03	1.1755e-36	5.4492e-01	4.5505e-01	3.4910e-05	1.1755e-36	1.1755e-36	1.1755e-36	2.3001e-17	0.00e+00	0.00e+00	1.2373e+01
1.23372e+18	5.2048e+03	1.100e-21	2.7826e+01	1.4184e+01	6.7913e-08	4.9602e-01	5.0398e-01	9.4168e-01	5.8318e-02	4.3251e-07	1.3467e-10	3.7220e-03	9.8742e-01	8.8544e-03	1.1755e-36	5.5495e-01	4.4502e-01	3.2929e-05	1.1755e-36	1.1755e-36	1.1755e-36	2.7338e-17	0.00e+00	0.00e+00	1.2536e+01
1.23550e+18	5.1582e+03	1.072e-21	2.7826e+01	1.3931e+01	7.5798e-08	5.0539e-01	4.9461e-01	9.4277e-01	5.7232e-02	4.2584e-07	1.4636e-10	3.6652e-03	9.8767e-01	8.6692e-03	1.1755e-36	5.6429e-01	4.3568e-01	3.1186e-05	1.1755e-36	1.1755e-36	1.1755e-36	3.2270e-17	0.00e+00	0.00e+00	1.2685e+01
1.23714e+18	5.1205e+03	1.045e-21	2.7826e+01	1.3679e+01	8.3214e-08	5.1370e-01	4.8630e-01	9.4369e-01	5.6312e-02	4.2112e-07	1.5738e-10	3.6074e-03	9.8788e-01	8.5123e-03	1.1755e-36	5.7253e-01	4.2744e-01	2.9674e-05	1.1755e-36	1.1755e-36	1.1755e-36	3.7303e-17	0.00e+00	0.00e+00	1.2831e+01
1.23886e+18	5.0696e+03	1.018e-21	2.7826e+01	1.3421e+01	9.3339e-08	5.2295e-01	4.7705e-01	9.4473e-01	5.5268e-02	4.1485e-07	1.7178e-10	3.5494e-03	9.8812e-01	8.3338e-03	1.1755e-36	5.8169e-01	4.1828e-01	2.8120e-05	1.1755e-36	1.1755e-36	1.1755e-36	4.4518e-17	0.00e+00	0.00e+00	1.2997e+01
1.24060e+18	5.0198e+03	9.902e-22	2.7826e+01	1.3158e+01	1.0463e-07	5.3228e-01	4.6772e-01	9.4571e-01	5.4293e-02	4.0935e-07	1.8788e-10	3.4899e-03	9.8835e-01	8.1625e-03	1.1755e-36	5.9088e-01	4.0909e-01	2.6638e-05	1.1755e-36	1.1755e-36	1.1755e-36	5.3377e-17	0.00e+00	0.00e+00	1.3153e+01
1.24221e+18	4.9666e+03	9.649e-22	2.7826e+01	1.2913e+01	1.1751e-07	5.4120e-01	4.5879e-01	9.4662e-01	5.3378e-02	4.0391e-07	2.0411e-10	3.4351e-03	9.8857e-01	7.9963e-03	1.1755e-36	5.9965e-01	4.0032e-01	2.5317e-05	1.1755e-36	1.1755e-36	1.1755e-36	6.3198e-17	0.00e+00	0.00e+00	1.3300e+01
1.24369e+18	4.9230e+03	9.411e-22	2.7826e+01	1.2685e+01	1.2971e-07	5.4916e-01	4.5084e-01	9.4740e-01	5.2600e-02	3.9982e-07	2.1869e-10	3.3830e-03	9.8877e-01	7.8510e-03	1.1755e-36	6.0744e-01	3.9253e-01	2.4169e-05	1.1755e-36	1.1755e-36	1.1755e-36	7.2735e-17	0.00e+00	0.00e+00	1.3437e+01
1.24514e+18	4.8661e+03	9.186e-22	2.7826e+01	1.2464e+01	1.4614e-07	5.5774e-01	4.4226e-01	9.4827e-01	5.1729e-02	3.9413e-07	2.3677e-10	3.3345e-03	9.8898e-01	7.6890e-03	1.1755e-36	6.1580e-01	3.8418e-01	2.3037e-05	1.1755e-36	1.1755e-36	1.1755e-36	8.5694e-17	0.00e+00	0.00e+00	1.3584e+01
1.24656e+18	4.8256e+03	8.954e-22	2.7826e+01	1.2235e+01	1.6029e-07	5.6516e-01	4.3484e-01	9.4892e-01	5.1076e-02	3.9143e-07	2.5272e-10	3.2813e-03	9.8916e-01	7.5611e-03	1.1755e-36	6.2300e-01	3.7698e-01	2.2046e-05	1.1755e-36	1.1755e-36	1.1755e-36	9.8005e-17	0.00e+00	0.00e+00	1.3716e+01
1.24799e+18	4.7740e+03	8.727e-22	2.7826e+01	1.2008e+01	1.7898e-07	5.7320e-01	4.2680e-01	9.4969e-01	5.0310e-02	3.8714e-07	2.7244e-10	3.2302e-03	9.8935e-01	7.4156e-03	1.1755e-36	6.3079e-01	3.6919e-01	2.1044e-05	1.1755e-36	1.1755e-36	1.1755e-36	1.1457e-16	0.00e+00	0.00e+00	1.3869e+01
1.24947e+18	4.7213e+03	8.494e-22	2.7826e+01	1.1774e+01	2.0042e-07	5.8150e-01	4.1850e-01	9.5043e-01	4.9570e-02	3.8326e-07	2.9460e-10	3.1772e-03	9.8955e-01	7.2709e-03	1.1755e-36	6.3879e-01	3.6119e-01	2.0059e-05	1.1755e-36	1.1755e-36	1.1755e-36	1.3484e-16	0.00e+00	0.00e+00	1.4017e+01
1.25087e+18	4.6694e+03	8.275e-22	2.7826e+01	1.1552e+01	2.2379e-07	5.8940e-01	4.1060e-01	9.5112e-01	4.8884e-02	3.7967e-07	3.1789e-10	3.1269e-03	9.8974e-01	7.1349e-03	1.1755e-36	6.4639e-01	3.5359e-01	1.9165e-05	1.1755e-36	1.1755e-36	1.1755e-36	1.5812e-16	0.00e+00	0.00e+00	1.4157e+01
1.25220e+18	4.6180e+03	8.069e-22	2.7826e+01	1.1340e+01	2.4929e-07	5.9695e-01	4.0305e-01	9.5176e-01	4.8237e-02	3.7626e-07	3.4242e-10	3.0793e-03	9.8991e-01	7.0060e-03	1.1755e-36	6.5363e-01	3.4635e-01	1.8349e-05	1.1755e-36	1.1755e-36	1.1755e-36	1.8484e-16	0.00e+00	0.00e+00	1.4293e+01
1.25348e+18	4.5669e+03	7.871e-22	2.7826e+01	1.1134e+01	2.7720e-07	6.0427e-01	3.9573e-01	9.5238e-01	4.7622e-02	3.7305e-07	3.6847e-10	3.0330e-03	9.9008e-01	6.8821e-03	1.1755e-36	6.6062e-01	3.3936e-01	1.7588e-05	1.1755e-36	1.1755e-36	1.1755e-36	2.1569e-16	0.00e+00	0.00e+00	1.4428e+01
1.25474e+18	4.5119e+03	7.680e-22	2.7826e+01	1.0936e+01	3.1010e-07	6.1174e-01	3.8826e-01	9.5302e-01	4.6979e-02	3.6926e-07	3.9805e-10	2.9891e-03	9.9026e-01	6.7548e-03	1.1755e-36	6.6775e-01	3.3224e-01	1.6852e-05	1.1755e-36	1.1755e-36	1.1755e-36	2.5388e-16	0.00e+00	0.00e+00	1.4563e+01
1.25597e+18	4.4633e+03	7.492e-22	2.7826e+01	1.0734e+01	3.4260e-07	6.1855e-01	3.8145e-01	9.5355e-01	4.6452e-02	3.6697e-07	4.2665e-10	2.9433e-03	9.9041e-01	6.6439e-03	1.1755e-36	6.7421e-01	3.2577e-01	1.6190e-05	1.1755e-36	1.1755e-36	1.1755e-36	2.9399e-16	0.00e+00	0.00e+00	1.4692e+01
1.25718e+18	4.4079e+03	7.309e-22	2.7826e+01	1.0542e+01	3.8278e-07	6.2583e-01	3.7417e-01	9.5416e-01	4.5839e-02	3.6332e-07	4.6085e-10	2.9013e-03	9.9058e-01	6.5214e-03	1.1755e-36	6.8111e-01	3.1887e-01	1.5525e-05	1.1755e-36	1.1755e-36	1.1755e-36	3.4604e-16	0.00e+00	0.00e+00	1.4830e+01
1.25841e+18	4.3539e+03	7.127e-22	2.7826e+01	1.0344e+01	4.2594e-07	6.3286e-01	3.6714e-01	9.5471e-01	4.5291e-02	3.6056e-07	4.9639e-10	2.8572e-03	9.9074e-01	6.4073e-03	1.1755e-36	6.8775e-01	3.1224e-01	1.4900e-05	1.1755e-36	1.1755e-36	1.1755e-36	4.0504e-16	0.00e+00	0.00e+00	1.4962e+01
1.25959e+18	4.3004e+03	6.951e-22	2.7826e+01	1.0153e+01	4.7282e-07	6.3971e-01	3.6029e-01	9.5524e-01	4.4759e-02	3.5783e-07	5.3394e-10	2.8148e-03	9.9089e-01	6.2963e-03	1.1755e-36	6.9420e-01	3.0578e-01	1.4313e-05	1.1755e-36	1.1755e-36	1.1755e-36	4.7270e-16	0.00e+00	0.00e+00	1.5094e+01
1.26077e+18	4.2458e+03	6.777e-22	2.7826e+01	9.9623e+00	5.2490e-07	6.4656e-01	3.5344e-01	9.5577e-01	4.4234e-02	3.5513e-07	5.7441e-10	2.7727e-03	9.9104e-01	6.1861e-03	1.1755e-36	7.0063e-01	2.9935e-01	1.3746e-05	1.1755e-36	1.1755e-36	1.1755e-36	5.5182e-16	0.00e+00	0.00e+00	1.5229e+01
1.26196e+18	4.1847e+03	6.605e-22	2.7826e+01	9.7669e+00	5.8713e-07	6.5359e-01	3.4641e-01	9.5631e-01	4.3689e-02	3.5213e-07	6.2001e-10	2.7305e-03	9.9120e-01	6.0729e-03	1.1755e-36	7.0723e-01	2.9276e-01	1.3192e-05	1.1755e-36	1.1755e-36	1.1755e-36	6.4924e-16	0.00e+00	0.00e+00	1.5366e+01
1.26312e+18	4.1285e+03	6.438e-22	2.7826e+01	9.5786e+00	6.5017e-07	6.6029e-01	3.3971e-01	9.5680e-01	4.3196e-02	3.4968e-07	6.6553e-10	2.6893e-03	9.9134e-01	5.9677e-03	1.1755e-36	7.1349e-01	2.8650e-01	1.2677e-05	1.1755e-36	1.1755e-36	1.1755e-36	7.5442e-16	0.00e+00	0.00e+00	1.5497e+01
1.26427e+18	4.0708e+03	6.274e-22	2.7826e+01	9.3934e+00	7.1944e-07	6.6698e-01	3.3302e-01	9.5730e-01	4.2696e-02	3.4705e-07	7.1376e-10	2.6493e-03	9.9149e-01	5.8621e-03	1.1755e-36	7.1972e-01	2.8027e-01	1.2180e-05	1.1755e-36	1.1755e-36	1.1755e-36	8.7495e-16	0.00e+00	0.00e+00	1.5634e+01
1.26546e+18	4.0143e+03	6.104e-22	2.7826e+01	9.1959e+00	7.9180e-07	6.7357e-01	3.2643e-01	9.5776e-01	4.2239e-02	3.4526e-07	7.6253e-10	2.6055e-03	9.9163e-01	5.7610e-03	1.1755e-36	7.2583e-01	2.7415e-01	1.1697e-05	1.1755e-36	1.1755e-36	1.1755e-36	1.0063e-15	0.00e+00	0.00e+00	1.5777e+01
1.26672e+18	3.9438e+03	5.928e-22	2.7826e+01	8.9877e+00	8.8577e-07	6.8102e-01	3.1898e-01	9.5832e-01	4.1682e-02	3.4219e-07	8.2149e-10	2.5617e-03	9.9179e-01	5.6440e-03	1.1755e-36	7.3275e-01	2.6724e-01	1.1185e-05	1.1755e-36	1.1755e-36	1.1755e-36	1.1788e-15	0.00e+00	0.00e+00	1.5935e+01
###########################
1.90856e+14	6.4031e+03	2.399e-21	2.7826e+01	2.9736e+01	5.2744e-12	1.2526e-02	9.8747e-01	7.4179e-02	9.2555e-01	2.6656e-04	7.6619e-15	2.0369e-03	5.9608e-01	4.0186e-01	3.0671e-05	1.4027e-02	9.2453e-01	6.1445e-02	2.3068e-06	1.1755e-36	1.1755e-36	4.8533e-23	0.00e+00	0.00e+00	8.4012e-04
1.14514e+15	6.3953e+03	2.395e-21	2.7826e+01	2.9713e+01	5.3026e-12	1.2514e-02	9.8749e-01	7.4193e-02	9.2554e-01	2.6626e-04	7.6445e-15	2.0268e-03	5.9616e-01	4.0179e-01	3.0699e-05	1.4015e-02	9.2451e-01	6.1478e-02	2.3015e-06	1.1755e-36	1.1755e-36	4.8316e-23	0.00e+00	0.00e+00	4.1976e-03
4.96225e+15	6.3895e+03	2.385e-21	2.7826e+01	2.9705e+01	5.3232e-12	1.2505e-02	9.8750e-01	7.4362e-02	9.2537e-01	2.6419e-04	7.6396e-15	2.0269e-03	5.9681e-01	4.0113e-01	3.0536e-05	1.4010e-02	9.2467e-01	6.1319e-02	2.2629e-06	1.1755e-36	1.1755e-36	4.8142e-23	0.00e+00	0.00e+00	1.7617e-02
2.02307e+16	6.3385e+03	2.366e-21	2.7826e+01	2.9699e+01	5.6595e-12	1.2603e-02	9.8740e-01	7.5581e-02	9.2417e-01	2.5298e-04	7.8258e-15	2.0493e-03	6.0110e-01	3.9682e-01	2.9589e-05	1.4152e-02	9.2564e-01	6.0205e-02	2.0820e-06	1.1755e-36	1.1755e-36	4.8988e-23	0.00e+00	0.00e+00	7.1718e-02
4.83247e+16	6.1839e+03	2.295e-21	2.7826e+01	2.9700e+01	6.3454e-12	1.2469e-02	9.8753e-01	7.6811e-02	9.2295e-01	2.4150e-04	7.6932e-15	2.0521e-03	6.0598e-01	3.9194e-01	2.8602e-05	1.4043e-02	9.2657e-01	5.9389e-02	1.8956e-06	1.1755e-36	1.1755e-36	4.6252e-23	0.00e+00	0.00e+00	1.4130e-01
8.32575e+16	6.0325e+03	2.235e-21	2.7826e+01	2.9696e+01	7.3016e-12	1.2479e-02	9.8752e-01	7.8793e-02	9.2098e-01	2.2337e-04	7.7702e-15	2.0770e-03	6.1313e-01	3.8476e-01	2.7121e-05	1.4112e-02	9.2812e-01	5.7763e-02	1.6506e-06	1.1755e-36	1.1755e-36	4.5175e-23	0.00e+00	0.00e+00	2.2486e-01
1.25092e+17	5.8902e+03	2.186e-21	2.7826e+01	2.9684e+01	8.6076e-12	1.2648e-02	9.8735e-01	8.1701e-02	9.1810e-01	1.9988e-04	8.0892e-15	2.1250e-03	6.2285e-01	3.7500e-01	2.5188e-05	1.4377e-02	9.3030e-01	5.5318e-02	1.3680e-06	1.1755e-36	1.1755e-36	4.5883e-23	0.00e+00	0.00e+00	3.2612e-01
1.76152e+17	5.7555e+03	2.147e-21	2.7826e+01	2.9663e+01	1.0466e-11	1.3023e-02	9.8698e-01	8.5996e-02	9.1383e-01	1.7162e-04	8.7487e-15	2.2038e-03	6.3608e-01	3.6169e-01	2.2760e-05	1.4897e-02	9.3320e-01	5.1901e-02	1.0617e-06	1.1755e-36	1.1755e-36	4.8908e-23	0.00e+00	0.00e+00	4.5555e-01
2.40702e+17	5.6245e+03	2.118e-21	2.7826e+01	2.9629e+01	1.3344e-11	1.3702e-02	9.8630e-01	9.2568e-02	9.0729e-01	1.3934e-04	9.9775e-15	2.3285e-03	6.5445e-01	3.4320e-01	1.9757e-05	1.5800e-02	9.3695e-01	4.7250e-02	7.4956e-07	1.1755e-36	1.1755e-36	5.5708e-23	0.00e+00	0.00e+00	6.3020e-01
3.23690e+17	5.4983e+03	2.100e-21	2.7826e+01	2.9575e+01	1.8198e-11	1.4879e-02	9.8512e-01	1.0306e-01	8.9683e-01	1.0507e-04	1.2297e-14	2.5240e-03	6.8016e-01	3.1730e-01	1.6155e-05	1.7329e-02	9.4158e-01	4.1093e-02	4.6245e-07	1.1755e-36	1.1755e-36	7.0004e-23	0.00e+00	0.00e+00	8.7448e-01
4.27506e+17	5.3895e+03	2.099e-21	2.7826e+01	2.9482e+01	2.6795e-11	1.6870e-02	9.8313e-01	1.2015e-01	8.7977e-01	7.2804e-05	1.6819e-14	2.8213e-03	7.1495e-01	2.8222e-01	1.2157e-05	1.9881e-02	9.4664e-01	3.3483e-02	2.4031e-07	1.1755e-36	1.1755e-36	1.0076e-22	0.00e+00	0.00e+00	1.2130e+00
5.28781e+17	5.3337e+03	2.116e-21	2.7826e+01	2.9396e+01	3.8682e-11	1.9480e-02	9.8052e-01	1.4256e-01	8.5739e-01	5.0674e-05	2.3966e-14	3.1662e-03	7.5094e-01	2.4588e-01	8.8576e-06	2.3197e-02	9.5030e-01	2.6506e-02	1.1755e-36	1.1755e-36	1.1755e-36	1.5523e-22	0.00e+00	0.00e+00	1.5154e+00
6.06056e+17	5.3424e+03	2.139e-21	2.7826e+01	2.9217e+01	5.0720e-11	2.2240e-02	9.7776e-01	1.6593e-01	8.3403e-01	3.8000e-05	3.3110e-14	3.4772e-03	7.8049e-01	2.1602e-01	6.6477e-06	2.6679e-02	9.5202e-01	2.1306e-02	1.1755e-36	1.1755e-36	1.1755e-36	2.3323e-22	0.00e+00	0.00e+00	1.7741e+00
6.69791e+17	5.3695e+03	2.169e-21	2.7826e+01	2.9085e+01	6.4921e-11	2.5347e-02	9.7465e-01	1.9220e-01	8.0777e-01	2.9718e-05	4.5712e-14	3.7810e-03	8.0675e-01	1.8946e-01	4.9942e-06	3.0579e-02	9.5228e-01	1.7138e-02	1.1755e-36	1.1755e-36	1.1755e-36	3.5251e-22	0.00e+00	0.00e+00	2.0470e+00
7.30504e+17	5.4255e+03	2.197e-21	2.7826e+01	2.8884e+01	8.1841e-11	2.9111e-02	9.7089e-01	2.2411e-01	7.7587e-01	2.3200e-05	6.4347e-14	4.0910e-03	8.3202e-01	1.6388e-01	3.6524e-06	3.5287e-02	9.5124e-01	1.3475e-02	1.1755e-36	1.1755e-36	1.1755e-36	5.4802e-22	0.00e+00	0.00e+00	2.3547e+00
7.88983e+17	5.4834e+03	2.232e-21	2.7826e+01	2.8654e+01	1.0648e-10	3.3947e-02	9.6605e-01	2.6477e-01	7.3521e-01	1.8023e-05	9.4269e-14	4.4155e-03	8.5687e-01	1.3871e-01	2.5552e-06	4.1314e-02	9.4842e-01	1.0264e-02	1.1755e-36	1.1755e-36	1.1755e-36	8.9661e-22	0.00e+00	0.00e+00	2.6935e+00
8.41792e+17	5.5623e+03	2.264e-21	2.7826e+01	2.8380e+01	1.3668e-10	3.9728e-02	9.6027e-01	3.1259e-01	6.8739e-01	1.4108e-05	1.3984e-13	4.7195e-03	8.7910e-01	1.1618e-01	1.7498e-06	4.8486e-02	9.4383e-01	7.6871e-03	1.1755e-36	1.1755e-36	1.1755e-36	1.4904e-21	0.00e+00	0.00e+00	3.0343e+00
8.86940e+17	5.6419e+03	2.291e-21	2.7826e+01	2.8080e+01	1.7420e-10	4.6292e-02	9.5371e-01	3.6491e-01	6.3508e-01	1.1209e-05	2.0624e-13	4.9824e-03	8.9774e-01	9.7278e-02	1.1964e-06	5.6595e-02	9.3765e-01	5.7529e-03	1.1755e-36	1.1755e-36	1.1755e-36	2.4502e-21	0.00e+00	0.00e+00	3.3717e+00
9.26030e+17	5.7163e+03	2.313e-21	2.7826e+01	2.7778e+01	2.2231e-10	5.3771e-02	9.4623e-01	4.2081e-01	5.7918e-01	8.9726e-06	3.0359e-13	5.2081e-03	9.1329e-01	8.1500e-02	8.1667e-07	6.5795e-02	9.2990e-01	4.3018e-03	1.1755e-36	1.1755e-36	1.1755e-36	4.0023e-21	0.00e+00	0.00e+00	3.7184e+00
9.61133e+17	5.7890e+03	2.323e-21	2.7826e+01	2.7378e+01	2.8395e-10	6.2338e-02	9.3766e-01	4.7954e-01	5.2045e-01	7.1472e-06	4.4623e-13	5.3852e-03	9.2629e-01	6.8322e-02	5.5539e-07	7.6286e-02	9.2051e-01	3.2008e-03	1.1755e-36	1.1755e-36	1.1755e-36	6.4856e-21	0.00e+00	0.00e+00	4.0854e+00
9.93694e+17	5.8569e+03	2.328e-21	2.7826e+01	2.6946e+01	3.6934e-10	7.2642e-02	9.2736e-01	5.4163e-01	4.5837e-01	5.6285e-06	6.6817e-13	5.5321e-03	9.3748e-01	5.6989e-02	3.7113e-07	8.8838e-02	9.0882e-01	2.3459e-03	1.1755e-36	1.1755e-36	1.1755e-36	1.0724e-20	0.00e+00	0.00e+00	4.4889e+00
1.02418e+18	5.9219e+03	2.325e-21	2.7826e+01	2.6485e+01	4.9072e-10	8.5279e-02	9.1472e-01	6.0526e-01	3.9474e-01	4.3766e-06	1.0244e-12	5.6478e-03	9.4703e-01	4.7322e-02	2.4330e-07	1.0414e-01	8.9417e-01	1.6886e-03	1.1755e-36	1.1755e-36	1.1755e-36	1.8272e-20	0.00e+00	0.00e+00	4.9288e+00
1.05221e+18	5.9758e+03	2.306e-21	2.7826e+01	2.5889e+01	6.6415e-10	1.0033e-01	8.9967e-01	6.6600e-01	3.3399e-01	3.3716e-06	1.5769e-12	5.7089e-03	9.5482e-01	3.9476e-02	1.5914e-07	1.2223e-01	8.7656e-01	1.2056e-03	1.1755e-36	1.1755e-36	1.1755e-36	3.1297e-20	0.00e+00	0.00e+00	5.3994e+00
1.07801e+18	6.0220e+03	2.273e-21	2.7826e+01	2.5221e+01	9.1371e-10	1.1838e-01	8.8162e-01	7.2182e-01	2.7818e-01	2.5781e-06	2.4426e-12	5.7242e-03	9.6118e-01	3.3091e-02	1.1755e-36	1.4376e-01	8.5539e-01	8.5313e-04	1.1755e-36	1.1755e-36	1.1755e-36	5.4415e-20	0.00e+00	0.00e+00	5.9175e+00
1.10222e+18	6.0523e+03	2.224e-21	2.7826e+01	2.4482e+01	1.3001e-09	1.4067e-01	8.5933e-01	7.7187e-01	2.2813e-01	1.9624e-06	3.8445e-12	5.7002e-03	9.6652e-01	2.7785e-02	1.1755e-36	1.7009e-01	8.2932e-01	5.9459e-04	1.1755e-36	1.1755e-36	1.1755e-36	9.7863e-20	0.00e+00	0.00e+00	6.4986e+00
1.12486e+18	6.0638e+03	2.154e-21	2.7826e+01	2.3619e+01	1.9136e-09	1.6809e-01	8.3191e-01	8.1462e-01	1.8538e-01	1.4982e-06	6.1065e-12	5.6248e-03	9.7095e-01	2.3420e-02	1.1755e-36	2.0209e-01	7.9750e-01	4.0904e-04	1.1755e-36	1.1755e-36	1.1755e-36	1.8141e-19	0.00e+00	0.00e+00	7.1413e+00
1.14564e+18	6.0506e+03	2.058e-21	2.7826e+01	2.2613e+01	2.9080e-09	2.0107e-01	7.9893e-01	8.4934e-01	1.5066e-01	1.1589e-06	9.6920e-12	5.4940e-03	9.7463e-01	1.9872e-02	1.1755e-36	2.4003e-01	7.5969e-01	2.7977e-04	1.1755e-36	1.1755e-36	1.1755e-36	3.4375e-19	0.00e+00	0.00e+00	7.8412e+00
1.16446e+18	6.0062e+03	1.937e-21	2.7826e+01	2.1478e+01	4.5567e-09	2.3984e-01	7.6016e-01	8.7667e-01	1.2333e-01	9.1408e-07	1.5279e-11	5.3112e-03	9.7771e-01	1.6982e-02	1.1755e-36	2.8388e-01	7.1592e-01	1.9139e-04	1.1755e-36	1.1755e-36	1.1755e-36	6.6243e-19	0.00e+00	0.00e+00	8.5920e+00
1.18011e+18	5.9349e+03	1.802e-21	2.7826e+01	2.0284e+01	7.0836e-09	2.8076e-01	7.1924e-01	8.9589e-01	1.0411e-01	7.5634e-07	2.3021e-11	5.0911e-03	9.8009e-01	1.4821e-02	1.1755e-36	3.2933e-01	6.7054e-01	1.3557e-04	1.1755e-36	1.1755e-36	1.1755e-36	1.2295e-18	0.00e+00	0.00e+00	9.2575e+00
1.19144e+18	5.8545e+03	1.683e-21	2.7826e+01	1.9257e+01	1.0258e-08	3.1661e-01	6.8339e-01	9.0793e-01	9.2066e-02	6.6373e-07	3.1723e-11	4.8873e-03	9.8174e-01	1.3371e-02	1.1755e-36	3.6843e-01	6.3147e-01	1.0358e-04	1.1755e-36	1.1755e-36	1.1755e-36	2.0384e-18	0.00e+00	0.00e+00	9.7673e+00
1.19750e+18	5.7939e+03	1.615e-21	2.7826e+01	1.8684e+01	1.2885e-08	3.3882e-01	6.6118e-01	9.1328e-01	8.6723e-02	6.2418e-07	3.8256e-11	4.7711e-03	9.8257e-01	1.2659e-02	1.1755e-36	3.9234e-01	6.0757e-01	8.9268e-05	1.1755e-36	1.1755e-36	1.1755e-36	2.7754e-18	0.00e+00	0.00e+00	9.9436e+00
1.19971e+18	5.7792e+03	1.585e-21	2.7826e+01	1.8414e+01	1.3814e-08	3.4622e-01	6.5378e-01	9.1516e-01	8.4837e-02	6.1222e-07	4.0520e-11	4.7121e-03	9.8284e-01	1.2444e-02	1.1755e-36	4.0025e-01	5.9966e-01	8.4748e-05	1.1755e-36	1.1755e-36	1.1755e-36	3.0498e-18	0.00e+00	0.00e+00	1.0032e+01
1.20138e+18	5.7604e+03	1.563e-21	2.7826e+01	1.8228e+01	1.4731e-08	3.5247e-01	6.4753e-01	9.1683e-01	8.3174e-02	6.0010e-07	4.2631e-11	4.6726e-03	9.8310e-01	1.2232e-02	1.1755e-36	4.0691e-01	5.9301e-01	8.1121e-05	1.1755e-36	1.1755e-36	1.1755e-36	3.3175e-18	0.00e+00	0.00e+00	1.0149e+01
1.20355e+18	5.7389e+03	1.535e-21	2.7826e+01	1.7998e+01	1.5979e-08	3.6082e-01	6.3918e-01	9.1889e-01	8.1113e-02	5.8509e-07	4.5605e-11	4.6238e-03	9.8342e-01	1.1958e-02	1.1755e-36	4.1578e-01	5.8414e-01	7.6553e-05	1.1755e-36	1.1755e-36	1.1755e-36	3.7132e-18	0.00e+00	0.00e+00	1.0304e+01
1.20635e+18	5.6994e+03	1.498e-21	2.7826e+01	1.7682e+01	1.7995e-08	3.7203e-01	6.2797e-01	9.2154e-01	7.8461e-02	5.6569e-07	4.9913e-11	4.5570e-03	9.8384e-01	1.1606e-02	1.1755e-36	4.2765e-01	5.7228e-01	7.0996e-05	1.1755e-36	1.1755e-36	1.1755e-36	4.3294e-18	0.00e+00	0.00e+00	1.0510e+01
1.20932e+18	5.6602e+03	1.458e-21	2.7826e+01	1.7340e+01	2.0356e-08	3.8409e-01	6.1591e-01	9.2405e-01	7.5947e-02	5.4812e-07	5.4892e-11	4.4833e-03	9.8426e-01	1.1261e-02	1.1755e-36	4.4035e-01	5.5959e-01	6.5598e-05	1.1755e-36	1.1755e-36	1.1755e-36	5.1026e-18	0.00e+00	0.00e+00	1.0699e+01
1.21193e+18	5.6180e+03	1.423e-21	2.7826e+01	1.7047e+01	2.2955e-08	3.9545e-01	6.0455e-01	9.2626e-01	7.3738e-02	5.3211e-07	6.0098e-11	4.4209e-03	9.8463e-01	1.0948e-02	1.1755e-36	4.5224e-01	5.4770e-01	6.1056e-05	1.1755e-36	1.1755e-36	1.1755e-36	5.9852e-18	0.00e+00	0.00e+00	1.0867e+01
1.21421e+18	5.5880e+03	1.390e-21	2.7826e+01	1.6758e+01	2.5231e-08	4.0495e-01	5.9505e-01	9.2802e-01	7.1983e-02	5.2085e-07	6.4624e-11	4.3568e-03	9.8494e-01	1.0705e-02	1.1755e-36	4.6214e-01	5.3781e-01	5.7420e-05	1.1755e-36	1.1755e-36	1.1755e-36	6.8067e-18	0.00e+00	0.00e+00	1.1019e+01
1.21646e+18	5.5472e+03	1.358e-21	2.7826e+01	1.6480e+01	2.8159e-08	4.1516e-01	5.8484e-01	9.2985e-01	7.0145e-02	5.0801e-07	7.0058e-11	4.2964e-03	9.8527e-01	1.0437e-02	1.1755e-36	4.7273e-01	5.2722e-01	5.3864e-05	1.1755e-36	1.1755e-36	1.1755e-36	7.8745e-18	0.00e+00	0.00e+00	1.1192e+01
1.21879e+18	5.5079e+03	1.323e-21	2.7826e+01	1.6184e+01	3.1420e-08	4.2566e-01	5.7434e-01	9.3161e-01	6.8387e-02	4.9639e-07	7.6037e-11	4.2309e-03	9.8559e-01	1.0179e-02	1.1755e-36	4.8357e-01	5.1638e-01	5.0452e-05	1.1755e-36	1.1755e-36	1.1755e-36	9.1434e-18	0.00e+00	0.00e+00	1.1362e+01
1.22102e+18	5.4689e+03	1.290e-21	2.7826e+01	1.5893e+01	3.4987e-08	4.3596e-01	5.6404e-01	9.3325e-01	6.6747e-02	4.8575e-07	8.2410e-11	4.1660e-03	9.8590e-01	9.9356e-03	1.1755e-36	4.9416e-01	5.0580e-01	4.7339e-05	1.1755e-36	1.1755e-36	1.1755e-36	1.0608e-17	0.00e+00	0.00e+00	1.1530e+01
1.22319e+18	5.4263e+03	1.257e-21	2.7826e+01	1.5603e+01	3.9096e-08	4.4625e-01	5.5375e-01	9.3482e-01	6.5178e-02	4.7560e-07	8.9413e-11	4.1013e-03	9.8620e-01	9.6991e-03	1.1755e-36	5.0469e-01	4.9527e-01	4.4461e-05	1.1755e-36	1.1755e-36	1.1755e-36	1.2360e-17	0.00e+00	0.00e+00	1.1699e+01
1.22529e+18	5.3833e+03	1.225e-21	2.7826e+01	1.5316e+01	4.3653e-08	4.5636e-01	5.4364e-01	9.3628e-01	6.3715e-02	4.6632e-07	9.6948e-11	4.0372e-03	9.8649e-01	9.4753e-03	1.1755e-36	5.1499e-01	4.8496e-01	4.1827e-05	1.1755e-36	1.1755e-36	1.1755e-36	1.4412e-17	0.00e+00	0.00e+00	1.1863e+01
1.22730e+18	5.3401e+03	1.193e-21	2.7826e+01	1.5037e+01	4.8654e-08	4.6618e-01	5.3382e-01	9.3764e-01	6.2357e-02	4.5784e-07	1.0499e-10	3.9745e-03	9.8676e-01	9.2643e-03	1.1755e-36	5.2496e-01	4.7500e-01	3.9435e-05	1.1755e-36	1.1755e-36	1.1755e-36	1.6795e-17	0.00e+00	0.00e+00	1.2024e+01
1.22923e+18	5.2965e+03	1.163e-21	2.7826e+01	1.4764e+01	5.4191e-08	4.7583e-01	5.2417e-01	9.3892e-01	6.1077e-02	4.4994e-07	1.1367e-10	3.9128e-03	9.8702e-01	9.0626e-03	1.1755e-36	5.3469e-01	4.6527e-01	3.7233e-05	1.1755e-36	1.1755e-36	1.1755e-36	1.9596e-17	0.00e+00	0.00e+00	1.2183e+01
1.23112e+18	5.2527e+03	1.133e-21	2.7826e+01	1.4495e+01	6.0338e-08	4.8537e-01	5.1463e-01	9.4014e-01	5.9859e-02	4.4254e-07	1.2315e-10	3.8517e-03	9.8728e-01	8.8680e-03	1.1755e-36	5.4429e-01	4.5567e-01	3.5182e-05	1.1755e-36	1.1755e-36	1.1755e-36	2.2920e-17	0.00e+00	0.00e+00	1.2342e+01
1.23297e+18	5.2073e+03	1.104e-21	2.7826e+01	1.4222e+01	6.7262e-08	4.9478e-01	5.0522e-01	9.4130e-01	5.8702e-02	4.3573e-07	1.3349e-10	3.7897e-03	9.8753e-01	8.6823e-03	1.1755e-36	5.5372e-01	4.4624e-01	3.3278e-05	1.1755e-36	1.1755e-36	1.1755e-36	2.6884e-17	0.00e+00	0.00e+00	1.2502e+01
1.23478e+18	5.1598e+03	1.075e-21	2.7826e+01	1.3963e+01	7.5234e-08	5.0435e-01	4.9565e-01	9.4243e-01	5.7568e-02	4.2872e-07	1.4531e-10	3.7310e-03	9.8777e-01	8.4956e-03	1.1755e-36	5.6326e-01	4.3671e-01	3.1476e-05	1.1755e-36	1.1755e-36	1.1755e-36	3.1831e-17	0.00e+00	0.00e+00	1.2659e+01
1.23651e+18	5.1132e+03	1.048e-21	2.7826e+01	1.3705e+01	8.3863e-08	5.1344e-01	4.8656e-01	9.4346e-01	5.6544e-02	4.2278e-07	1.5780e-10	3.6720e-03	9.8800e-01	8.3249e-03	1.1755e-36	5.7229e-01	4.2768e-01	2.9850e-05	1.1755e-36	1.1755e-36	1.1755e-36	3.7560e-17	0.00e+00	0.00e+00	1.2811e+01
1.23816e+18	5.0711e+03	1.021e-21	2.7826e+01	1.3450e+01	9.2713e-08	5.2200e-01	4.7800e-01	9.4441e-01	5.5587e-02	4.1764e-07	1.7063e-10	3.6133e-03	9.8822e-01	8.1688e-03	1.1755e-36	5.8077e-01	4.1920e-01	2.8376e-05	1.1755e-36	1.1755e-36	1.1755e-36	4.3950e-17	0.00e+00	0.00e+00	1.2961e+01
1.23984e+18	5.0187e+03	9.940e-22	2.7826e+01	1.3195e+01	1.0415e-07	5.3115e-01	4.6885e-01	9.4539e-01	5.4613e-02	4.1188e-07	1.8663e-10	3.5555e-03	9.8844e-01	8.0012e-03	1.1755e-36	5.8978e-01	4.1019e-01	2.6920e-05	1.1755e-36	1.1755e-36	1.1755e-36	5.2730e-17	0.00e+00	0.00e+00	1.3121e+01
1.24147e+18	4.9673e+03	9.683e-22	2.7826e+01	1.2954e+01	1.1682e-07	5.4024e-01	4.5976e-01	9.4632e-01	5.3678e-02	4.0623e-07	2.0289e-10	3.5006e-03	9.8866e-01	7.8355e-03	1.1755e-36	5.9872e-01	4.0126e-01	2.5557e-05	1.1755e-36	1.1755e-36	1.1755e-36	6.2470e-17	0.00e+00	0.00e+00	1.3268e+01
1.24297e+18	4.9245e+03	9.440e-22	2.7826e+01	1.2715e+01	1.2877e-07	5.4811e-01	4.5189e-01	9.4709e-01	5.2913e-02	4.0255e-07	2.1708e-10	3.4452e-03	9.8886e-01	7.6970e-03	1.1755e-36	6.0643e-01	3.9355e-01	2.4400e-05	1.1755e-36	1.1755e-36	1.1755e-36	7.1702e-17	0.00e+00	0.00e+00	1.3407e+01
1.24446e+18	4.8710e+03	9.202e-22	2.7826e+01	1.2481e+01	1.4436e-07	5.5656e-01	4.4344e-01	9.4793e-01	5.2070e-02	3.9759e-07	2.3437e-10	3.3922e-03	9.8906e-01	7.5434e-03	1.1755e-36	6.1466e-01	3.8532e-01	2.3253e-05	1.1755e-36	1.1755e-36	1.1755e-36	8.3983e-17	0.00e+00	0.00e+00	1.3558e+01
1.24595e+18	4.8185e+03	8.970e-22	2.7826e+01	1.2255e+01	1.6175e-07	5.6507e-01	4.3493e-01	9.4874e-01	5.1256e-02	3.9275e-07	2.5345e-10	3.3409e-03	9.8927e-01	7.3928e-03	1.1755e-36	6.2293e-01	3.7704e-01	2.2153e-05	1.1755e-36	1.1755e-36	1.1755e-36	9.8709e-17	0.00e+00	0.00e+00	1.3700e+01
1.24733e+18	4.7754e+03	8.746e-22	2.7826e+01	1.2032e+01	1.7804e-07	5.7250e-01	4.2750e-01	9.4942e-01	5.0577e-02	3.8959e-07	2.7109e-10	3.2890e-03	9.8944e-01	7.2675e-03	1.1755e-36	6.3013e-01	3.6985e-01	2.1206e-05	1.1755e-36	1.1755e-36	1.1755e-36	1.1344e-16	0.00e+00	0.00e+00	1.3835e+01
1.24873e+18	4.7239e+03	8.524e-22	2.7826e+01	1.1807e+01	1.9864e-07	5.8039e-01	4.1961e-01	9.5013e-01	4.9865e-02	3.8580e-07	2.9211e-10	3.2376e-03	9.8963e-01	7.1310e-03	1.1755e-36	6.3773e-01	3.6225e-01	2.0261e-05	1.1755e-36	1.1755e-36	1.1755e-36	1.3259e-16	0.00e+00	0.00e+00	1.3983e+01
1.25016e+18	4.6720e+03	8.300e-22	2.7826e+01	1.1580e+01	2.2195e-07	5.8842e-01	4.1157e-01	9.5083e-01	4.9165e-02	3.8220e-07	3.1547e-10	3.1853e-03	9.8982e-01	6.9960e-03	1.1755e-36	6.4546e-01	3.5452e-01	1.9339e-05	1.1755e-36	1.1755e-36	1.1755e-36	1.5572e-16	0.00e+00	0.00e+00	1.4128e+01
1.25153e+18	4.6161e+03	8.089e-22	2.7826e+01	1.1365e+01	2.4934e-07	5.9644e-01	4.0356e-01	9.5155e-01	4.8454e-02	3.7805e-07	3.4168e-10	3.1370e-03	9.9000e-01	6.8609e-03	1.1755e-36	6.5315e-01	3.4683e-01	1.8477e-05	1.1755e-36	1.1755e-36	1.1755e-36	1.8414e-16	0.00e+00	0.00e+00	1.4269e+01
1.25281e+18	4.5672e+03	7.890e-22	2.7826e+01	1.1156e+01	2.7618e-07	6.0357e-01	3.9643e-01	9.5212e-01	4.7876e-02	3.7536e-07	3.6671e-10	3.0890e-03	9.9017e-01	6.7455e-03	1.1755e-36	6.5997e-01	3.4001e-01	1.7726e-05	1.1755e-36	1.1755e-36	1.1755e-36	2.1372e-16	0.00e+00	0.00e+00	1.4398e+01
1.25405e+18	4.5179e+03	7.699e-22	2.7826e+01	1.0957e+01	3.0588e-07	6.1061e-01	3.8939e-01	9.5271e-01	4.7291e-02	3.7241e-07	3.9375e-10	3.0433e-03	9.9033e-01	6.6300e-03	1.1755e-36	6.6668e-01	3.3331e-01	1.7012e-05	1.1755e-36	1.1755e-36	1.1755e-36	2.4829e-16	0.00e+00	0.00e+00	1.4532e+01
1.25532e+18	4.4611e+03	7.508e-22	2.7826e+01	1.0756e+01	3.4313e-07	6.1820e-01	3.8180e-01	9.5336e-01	4.6642e-02	3.6854e-07	4.2629e-10	2.9987e-03	9.9050e-01	6.5046e-03	1.1755e-36	6.7389e-01	3.2610e-01	1.6289e-05	1.1755e-36	1.1755e-36	1.1755e-36	2.9365e-16	0.00e+00	0.00e+00	1.4672e+01
1.25656e+18	4.4078e+03	7.321e-22	2.7826e+01	1.0556e+01	3.8192e-07	6.2531e-01	3.7469e-01	9.5392e-01	4.6079e-02	3.6570e-07	4.5920e-10	2.9532e-03	9.9066e-01	6.3915e-03	1.1755e-36	6.8063e-01	3.1936e-01	1.5629e-05	1.1755e-36	1.1755e-36	1.1755e-36	3.4372e-16	0.00e+00	0.00e+00	1.4803e+01
1.25774e+18	4.3557e+03	7.144e-22	2.7826e+01	1.0365e+01	4.2353e-07	6.3214e-01	3.6786e-01	9.5446e-01	4.5539e-02	3.6293e-07	4.9352e-10	2.9101e-03	9.9081e-01	6.2830e-03	1.1755e-36	6.8708e-01	3.1291e-01	1.5018e-05	1.1755e-36	1.1755e-36	1.1755e-36	4.0040e-16	0.00e+00	0.00e+00	1.4933e+01
1.25892e+18	4.3023e+03	6.968e-22	2.7826e+01	1.0174e+01	4.7006e-07	6.3899e-01	3.6101e-01	9.5500e-01	4.5002e-02	3.6015e-07	5.3083e-10	2.8672e-03	9.9096e-01	6.1744e-03	1.1755e-36	6.9353e-01	3.0645e-01	1.4425e-05	1.1755e-36	1.1755e-36	1.1755e-36	4.6720e-16	0.00e+00	0.00e+00	1.5067e+01
1.26012e+18	4.2472e+03	6.791e-22	2.7826e+01	9.9802e+00	5.2253e-07	6.4594e-01	3.5405e-01	9.5553e-01	4.4465e-02	3.5739e-07	5.7165e-10	2.8238e-03	9.9111e-01	6.0652e-03	1.1755e-36	7.0006e-01	2.9992e-01	1.3845e-05	1.1755e-36	1.1755e-36	1.1755e-36	5.4657e-16	0.00e+00	0.00e+00	1.5203e+01
1.26132e+18	4.1857e+03	6.617e-22	2.7826e+01	9.7828e+00	5.8503e-07	6.5304e-01	3.4696e-01	9.5608e-01	4.3915e-02	3.5437e-07	6.1743e-10	2.7805e-03	9.9127e-01	5.9541e-03	1.1755e-36	7.0672e-01	2.9326e-01	1.3283e-05	1.1755e-36	1.1755e-36	1.1755e-36	6.4394e-16	0.00e+00	0.00e+00	1.5341e+01
1.26248e+18	4.1297e+03	6.450e-22	2.7826e+01	9.5946e+00	6.4764e-07	6.5973e-01	3.4027e-01	9.5658e-01	4.3422e-02	3.5193e-07	6.6265e-10	2.7387e-03	9.9141e-01	5.8521e-03	1.1755e-36	7.1297e-01	2.8701e-01	1.2766e-05	1.1755e-36	1.1755e-36	1.1755e-36	7.4799e-16	0.00e+00	0.00e+00	1.5471e+01
1.26362e+18	4.0724e+03	6.287e-22	2.7826e+01	9.4097e+00	7.1641e-07	6.6641e-01	3.3359e-01	9.5708e-01	4.2922e-02	3.4930e-07	7.1055e-10	2.6980e-03	9.9155e-01	5.7494e-03	1.1755e-36	7.1919e-01	2.8080e-01	1.2267e-05	1.1755e-36	1.1755e-36	1.1755e-36	8.6714e-16	0.00e+00	0.00e+00	1.5607e+01
1.26480e+18	4.0159e+03	6.117e-22	2.7826e+01	9.2120e+00	7.8862e-07	6.7301e-01	3.2699e-01	9.5754e-01	4.2461e-02	3.4750e-07	7.5926e-10	2.6536e-03	9.9170e-01	5.6507e-03	1.1755e-36	7.2532e-01	2.7466e-01	1.1780e-05	1.1755e-36	1.1755e-36	1.1755e-36	9.9779e-16	0.00e+00	0.00e+00	1.5750e+01
1.26607e+18	3.9455e+03	5.940e-22	2.7826e+01	9.0032e+00	8.8226e-07	6.8048e-01	3.1952e-01	9.5810e-01	4.1904e-02	3.4445e-07	8.1813e-10	2.6088e-03	9.9185e-01	5.5368e-03	1.1755e-36	7.3226e-01	2.6773e-01	1.1263e-05	1.1755e-36	1.1755e-36	1.1755e-36	1.1693e-15	0.00e+00	0.00e+00	1.5908e+01
###########################
1.90856e+14	6.4031e+03	2.399e-21	2.7826e+01	2.9736e+01	5.2744e-12	1.2526e-02	9.8747e-01	7.4179e-02	9.2555e-01	2.6656e-04	7.6618e-15	2.0369e-03	5.9608e-01	4.0186e-01	3.0671e-05	1.4027e-02	9.2453e-01	6.1445e-02	2.3068e-06	1.1755e-36	1.1755e-36	4.8532e-23	0.00e+00	0.00e+00	8.4012e-04
1.14514e+15	6.3954e+03	2.395e-21	2.7826e+01	2.9713e+01	5.3025e-12	1.2514e-02	9.8749e-01	7.4193e-02	9.2554e-01	2.6626e-04	7.6444e-15	2.0268e-03	5.9616e-01	4.0179e-01	3.0699e-05	1.4015e-02	9.2451e-01	6.1478e-02	2.3015e-06	1.1755e-36	1.1755e-36	4.8315e-23	0.00e+00	0.00e+00	4.1976e-03
4.96225e+15	6.3837e+03	2.386e-21	2.7826e+01	2.9705e+01	5.3558e-12	1.2513e-02	9.8749e-01	7.4404e-02	9.2533e-01	2.6402e-04	7.6507e-15	2.0277e-03	5.9695e-01	4.0099e-01	3.0506e-05	1.4019e-02	9.2468e-01	6.1302e-02	2.2613e-06	1.1755e-36	1.1755e-36	4.8195e-23	0.00e+00	0.00e+00	1.7625e-02
2.02307e+16	6.3385e+03	2.366e-21	2.7826e+01	2.9699e+01	5.6597e-12	1.2603e-02	9.8740e-01	7.5582e-02	9.2416e-01	2.5298e-04	7.8260e-15	2.0493e-03	6.0111e-01	3.9681e-01	2.9588e-05	1.4152e-02	9.2564e-01	6.0205e-02	2.0819e-06	1.1755e-36	1.1755e-36	4.8989e-23	0.00e+00	0.00e+00	7.1727e-02
4.83247e+16	6.1839e+03	2.295e-21	2.7826e+01	2.9700e+01	6.3455e-12	1.2469e-02	9.8753e-01	7.6811e-02	9.2295e-01	2.4150e-04	7.6932e-15	2.0522e-03	6.0598e-01	3.9194e-01	2.8602e-05	1.4043e-02	9.2657e-01	5.9389e-02	1.8956e-06	1.1755e-36	1.1755e-36	4.6251e-23	0.00e+00	0.00e+00	1.4131e-01
8.32579e+16	6.0325e+03	2.235e-21	2.7826e+01	2.9696e+01	7.3018e-12	1.2479e-02	9.8752e-01	7.8793e-02	9.2098e-01	2.2337e-04	7.7702e-15	2.0770e-03	6.1313e-01	3.8476e-01	2.7120e-05	1.4112e-02	9.2812e-01	5.7763e-02	1.6505e-06	1.1755e-36	1.1755e-36	4.5175e-23	0.00e+00	0.00e+00	2.2487e-01
1.25094e+17	5.8901e+03	2.186e-21	2.7826e+01	2.9684e+01	8.6077e-12	1.2648e-02	9.8735e-01	8.1702e-02	9.1810e-01	1.9988e-04	8.0892e-15	2.1251e-03	6.2285e-01	3.7500e-01	2.5188e-05	1.4377e-02	9.3030e-01	5.5317e-02	1.3680e-06	1.1755e-36	1.1755e-36	4.5883e-23	0.00e+00	0.00e+00	3.2614e-01
1.76155e+17	5.7555e+03	2.147e-21	2.7826e+01	2.9663e+01	1.0467e-11	1.3023e-02	9.8698e-01	8.5997e-02	9.1383e-01	1.7161e-04	8.7488e-15	2.2038e-03	6.3609e-01	3.6169e-01	2.2760e-05	1.4897e-02	9.3320e-01	5.1900e-02	1.0616e-06	1.1755e-36	1.1755e-36	4.8908e-23	0.00e+00	0.00e+00	4.5557e-01
2.40707e+17	5.6245e+03	2.118e-21	2.7826e+01	2.9629e+01	1.3345e-11	1.3702e-02	9.8630e-01	9.2569e-02	9.0729e-01	1.3934e-04	9.9777e-15	2.3285e-03	6.5445e-01	3.4320e-01	1.9757e-05	1.5800e-02	9.3695e-01	4.7250e-02	7.4953e-07	1.1755e-36	1.1755e-36	5.5708e-23	0.00e+00	0.00e+00	6.3023e-01
3.23697e+17	5.4983e+03	2.100e-21	2.7826e+01	2.9575e+01	1.8199e-11	1.4879e-02	9.8512e-01	1.0307e-01	8.9683e-01	1.0507e-04	1.2297e-14	2.5241e-03	6.8016e-01	3.1730e-01	1.6154e-05	1.7329e-02	9.4158e-01	4.1092e-02	4.6242e-07	1.1755e-36	1.1755e-36	7.0006e-23	0.00e+00	0.00e+00	8.7451e-01
4.27513e+17	5.3895e+03	2.099e-21	2.7826e+01	2.9482e+01	2.6796e-11	1.6870e-02	9.8313e-01	1.2016e-01	8.7977e-01	7.2801e-05	1.6820e-14	2.8213e-03	7.1495e-01	2.8222e-01	1.2157e-05	1.9881e-02	9.4664e-01	3.3482e-02	2.4029e-07	1.1755e-36	1.1755e-36	1.0077e-22	0.00e+00	0.00e+00	1.2130e+00
5.28787e+17	5.3338e+03	2.116e-21	2.7826e+01	2.9396e+01	3.8683e-11	1.9480e-02	9.8052e-01	1.4257e-01	8.5738e-01	5.0672e-05	2.3967e-14	3.1662e-03	7.5094e-01	2.4588e-01	8.8573e-06	2.3197e-02	9.5030e-01	2.6505e-02	1.1755e-36	1.1755e-36	1.1755e-36	1.5524e-22	0.00e+00	0.00e+00	1.5154e+00
6.06060e+17	5.3425e+03	2.138e-21	2.7826e+01	2.9217e+01	5.0711e-11	2.2240e-02	9.7776e-01	1.6593e-01	8.3403e-01	3.8000e-05	3.3110e-14	3.4772e-03	7.8049e-01	2.1602e-01	6.6477e-06	2.6679e-02	9.5202e-01	2.1306e-02	1.1755e-36	1.1755e-36	1.1755e-36	2.3323e-22	0.00e+00	0.00e+00	1.7741e+00
6.69798e+17	5.3695e+03	2.169e-21	2.7826e+01	2.9085e+01	6.4923e-11	2.5348e-02	9.7465e-01	1.9220e-01	8.0777e-01	2.9717e-05	4.5714e-14	3.7811e-03	8.0676e-01	1.8946e-01	4.9939e-06	3.0580e-02	9.5228e-01	1.7137e-02	1.1755e-36	1.1755e-36	1.1755e-36	3.5253e-22	0.00e+00	0.00e+00	2.0471e+00
7.30512e+17	5.4256e+03	2.197e-21	2.7826e+01	2.8884e+01	8.1841e-11	2.9112e-02	9.7089e-01	2.2411e-01	7.7586e-01	2.3199e-05	6.4351e-14	4.0911e-03	8.3202e-01	1.6388e-01	3.6522e-06	3.5288e-02	9.5124e-01	1.3475e-02	1.1755e-36	1.1755e-36	1.1755e-36	5.4806e-22	0.00e+00	0.00e+00	2.3547e+00
7.88987e+17	5.4834e+03	2.232e-21	2.7826e+01	2.8654e+01	1.0648e-10	3.3948e-02	9.6605e-01	2.6478e-01	7.3520e-01	1.8023e-05	9.4273e-14	4.4156e-03	8.5688e-01	1.3871e-01	2.5551e-06	4.1315e-02	9.4842e-01	1.0264e-02	1.1755e-36	1.1755e-36	1.1755e-36	8.9666e-22	0.00e+00	0.00e+00	2.6936e+00
8.41793e+17	5.5623e+03	2.264e-21	2.7826e+01	2.8380e+01	1.3668e-10	3.9728e-02	9.6027e-01	3.1260e-01	6.8739e-01	1.4108e-05	1.3984e-13	4.7195e-03	8.7910e-01	1.1617e-01	1.7497e-06	4.8486e-02	9.4383e-01	7.6869e-03	1.1755e-36	1.1755e-36	1.1755e-36	1.4905e-21	0.00e+00	0.00e+00	3.0343e+00
8.86940e+17	5.6419e+03	2.291e-21	2.7826e+01	2.8080e+01	1.7420e-10	4.6292e-02	9.5371e-01	3.6492e-01	6.3507e-01	1.1209e-05	2.0624e-13	4.9824e-03	8.9774e-01	9.7277e-02	1.1964e-06	5.6596e-02	9.3765e-01	5.7528e-03	1.1755e-36	1.1755e-36	1.1755e-36	2.4503e-21	0.00e+00	0.00e+00	3.3717e+00
9.26030e+17	5.7163e+03	2.313e-21	2.7826e+01	2.7778e+01	2.2231e-10	5.3772e-02	9.4623e-01	4.2082e-01	5.7917e-01	8.9725e-06	3.0360e-13	5.2081e-03	9.1329e-01	8.1499e-02	8.1664e-07	6.5796e-02	9.2990e-01	4.3017e-03	1.1755e-36	1.1755e-36	1.1755e-36	4.0024e-21	0.00e+00	0.00e+00	3.7184e+00
9.61134e+17	5.7890e+03	2.323e-21	2.7826e+01	2.7378e+01	2.8395e-10	6.2339e-02	9.3766e-01	4.7955e-01	5.2045e-01	7.1470e-06	4.4625e-13	5.3853e-03	9.2629e-01	6.8320e-02	5.5537e-07	7.6287e-02	9.2051e-01	3.2007e-03	1.1755e-36	1.1755e-36	1.1755e-36	6.4858e-21	0.00e+00	0.00e+00	4.0855e+00
9.93694e+17	5.8570e+03	2.328e-21	2.7826e+01	2.6946e+01	3.6934e-10	7.2644e-02	9.2736e-01	5.4163e-01	4.5836e-01	5.6284e-06	6.6820e-13	5.5321e-03	9.3748e-01	5.6988e-02	3.7111e-07	8.8840e-02	9.0881e-01	2.3458e-03	1.1755e-36	1.1755e-36	1.1755e-36	1.0724e-20	0.00e+00	0.00e+00	4.4890e+00
1.02418e+18	5.9220e+03	2.325e-21	2.7826e+01	2.6485e+01	4.9073e-10	8.5281e-02	9.1472e-01	6.0527e-01	3.9473e-01	4.3766e-06	1.0245e-12	5.6478e-03	9.4703e-01	4.7321e-02	2.4329e-07	1.0414e-01	8.9417e-01	1.6886e-03	1.1755e-36	1.1755e-36	1.1755e-36	1.8272e-20	0.00e+00	0.00e+00	4.9288e+00
1.05221e+18	5.9758e+03	2.306e-21	2.7826e+01	2.5889e+01	6.6417e-10	1.0033e-01	8.9967e-01	6.6601e-01	3.3399e-01	3.3715e-06	1.5769e-12	5.7090e-03	9.5482e-01	3.9475e-02	1.5913e-07	1.2224e-01	8.7656e-01	1.2055e-03	1.1755e-36	1.1755e-36	1.1755e-36	3.1298e-20	0.00e+00	0.00e+00	5.3995e+00
1.07801e+18	6.0220e+03	2.273e-21	2.7826e+01	2.5221e+01	9.1372e-10	1.1838e-01	8.8162e-01	7.2182e-01	2.7817e-01	2.5781e-06	2.4427e-12	5.7242e-03	9.6119e-01	3.3091e-02	1.1755e-36	1.4376e-01	8.5539e-01	8.5310e-04	1.1755e-36	1.1755e-36	1.1755e-36	5.4417e-20	0.00e+00	0.00e+00	5.9176e+00
1.10222e+18	6.0523e+03	2.224e-21	2.7826e+01	2.4482e+01	1.3001e-09	1.4068e-01	8.5932e-01	7.7188e-01	2.2812e-01	1.9624e-06	3.8447e-12	5.7002e-03	9.6652e-01	2.7784e-02	1.1755e-36	1.7009e-01	8.2931e-01	5.9456e-04	1.1755e-36	1.1755e-36	1.1755e-36	9.7866e-20	0.00e+00	0.00e+00	6.4987e+00
1.12485e+18	6.0638e+03	2.154e-21	2.7826e+01	2.3619e+01	1.9136e-09	1.6809e-01	8.3191e-01	8.1462e-01	1.8538e-01	1.4982e-06	6.1067e-12	5.6249e-03	9.7096e-01	2.3420e-02	1.1755e-36	2.0209e-01	7.9750e-01	4.0903e-04	1.1755e-36	1.1755e-36	1.1755e-36	1.8142e-19	0.00e+00	0.00e+00	7.1414e+00
1.14564e+18	6.0504e+03	2.058e-21	2.7826e+01	2.2619e+01	2.9102e-09	2.0113e-01	7.9887e-01	8.4940e-01	1.5060e-01	1.1579e-06	9.7019e-12	5.4955e-03	9.7464e-01	1.9867e-02	1.1755e-36	2.4009e-01	7.5963e-01	2.7968e-04	1.1755e-36	1.1755e-36	1.1755e-36	3.4429e-19	0.00e+00	0.00e+00	7.8415e+00
1.16451e+18	6.0059e+03	1.936e-21	2.7826e+01	2.1475e+01	4.5638e-09	2.3997e-01	7.6003e-01	8.7676e-01	1.2324e-01	9.1324e-07	1.5301e-11	5.3106e-03	9.7772e-01	1.6972e-02	1.1755e-36	2.8403e-01	7.1578e-01	1.9113e-04	1.1755e-36	1.1755e-36	1.1755e-36	6.6383e-19	0.00e+00	0.00e+00	8.5974e+00
1.18020e+18	5.9343e+03	1.801e-21	2.7826e+01	2.0276e+01	7.1043e-09	2.8104e-01	7.1896e-01	8.9599e-01	1.0400e-01	7.5549e-07	2.3081e-11	5.0896e-03	9.8010e-01	1.4809e-02	1.1755e-36	3.2964e-01	6.7023e-01	1.3527e-04	1.1755e-36	1.1755e-36	1.1755e-36	1.2345e-18	0.00e+00	0.00e+00	9.2617e+00
1.19148e+18	5.8541e+03	1.682e-21	2.7826e+01	1.9253e+01	1.0276e-08	3.1678e-01	6.8322e-01	9.0798e-01	9.2023e-02	6.6344e-07	3.1769e-11	4.8864e-03	9.8175e-01	1.3366e-02	1.1755e-36	3.6862e-01	6.3128e-01	1.0346e-04	1.1755e-36	1.1755e-36	1.1755e-36	2.0432e-18	0.00e+00	0.00e+00	9.7684e+00
1.19751e+18	5.7941e+03	1.615e-21	2.7826e+01	1.8681e+01	1.2885e-08	3.3884e-01	6.6116e-01	9.1328e-01	8.6721e-02	6.2425e-07	3.8258e-11	4.7705e-03	9.8257e-01	1.2659e-02	1.1755e-36	3.9236e-01	6.0755e-01	8.9249e-05	1.1755e-36	1.1755e-36	1.1755e-36	2.7755e-18	0.00e+00	0.00e+00	9.9440e+00
1.19971e+18	5.7805e+03	1.585e-21	2.7826e+01	1.8424e+01	1.3805e-08	3.4634e-01	6.5366e-01	9.1520e-01	8.4802e-02	6.1174e-07	4.0575e-11	4.7143e-03	9.8285e-01	1.2439e-02	1.1755e-36	4.0037e-01	5.9954e-01	8.4687e-05	1.1755e-36	1.1755e-36	1.1755e-36	3.0563e-18	0.00e+00	0.00e+00	1.0033e+01
1.20139e+18	5.7603e+03	1.563e-21	2.7826e+01	1.8234e+01	1.4747e-08	3.5261e-01	6.4739e-01	9.1686e-01	8.3142e-02	5.9966e-07	4.2698e-11	4.6742e-03	9.8310e-01	1.2227e-02	1.1755e-36	4.0707e-01	5.9285e-01	8.1058e-05	1.1755e-36	1.1755e-36	1.1755e-36	3.3264e-18	0.00e+00	0.00e+00	1.0150e+01
1.20356e+18	5.7360e+03	1.535e-21	2.7826e+01	1.7995e+01	1.6043e-08	3.6098e-01	6.3902e-01	9.1892e-01	8.1075e-02	5.8467e-07	4.5679e-11	4.6236e-03	9.8342e-01	1.1953e-02	1.1755e-36	4.1595e-01	5.8397e-01	7.6502e-05	1.1755e-36	1.1755e-36	1.1755e-36	3.7243e-18	0.00e+00	0.00e+00	1.0306e+01
1.20632e+18	5.6999e+03	1.498e-21	2.7826e+01	1.7685e+01	1.7974e-08	3.7192e-01	6.2808e-01	9.2150e-01	7.8496e-02	5.6598e-07	4.9870e-11	4.5576e-03	9.8383e-01	1.1610e-02	1.1755e-36	4.2754e-01	5.7239e-01	7.1054e-05	1.1755e-36	1.1755e-36	1.1755e-36	4.3232e-18	0.00e+00	0.00e+00	1.0505e+01
1.20926e+18	5.6609e+03	1.459e-21	2.7826e+01	1.7346e+01	2.0309e-08	3.8387e-01	6.1613e-01	9.2401e-01	7.5991e-02	5.4843e-07	5.4796e-11	4.4847e-03	9.8425e-01	1.1267e-02	1.1755e-36	4.4011e-01	5.5982e-01	6.5692e-05	1.1755e-36	1.1755e-36	1.1755e-36	5.0871e-18	0.00e+00	0.00e+00	1.0696e+01
1.21191e+18	5.6210e+03	1.422e-21	2.7826e+01	1.7034e+01	2.2832e-08	3.9510e-01	6.0490e-01	9.2619e-01	7.3807e-02	5.3319e-07	5.9858e-11	4.4176e-03	9.8462e-01	1.0961e-02	1.1755e-36	4.5187e-01	5.4807e-01	6.1139e-05	1.1755e-36	1.1755e-36	1.1755e-36	5.9415e-18	0.00e+00	0.00e+00	1.0868e+01
1.21426e+18	5.5876e+03	1.389e-21	2.7826e+01	1.6746e+01	2.5271e-08	4.0512e-01	5.9488e-01	9.2804e-01	7.1958e-02	5.2085e-07	6.4689e-11	4.3541e-03	9.8495e-01	1.0700e-02	1.1755e-36	4.6231e-01	5.3763e-01	5.7339e-05	1.1755e-36	1.1755e-36	1.1755e-36	6.8188e-18	0.00e+00	0.00e+00	1.1027e+01
1.21653e+18	5.5450e+03	1.357e-21	2.7826e+01	1.6471e+01	2.8294e-08	4.1553e-01	5.8447e-01	9.2991e-01	7.0088e-02	5.0759e-07	7.0274e-11	4.2946e-03	9.8528e-01	1.0428e-02	1.1755e-36	4.7311e-01	5.2683e-01	5.3752e-05	1.1755e-36	1.1755e-36	1.1755e-36	7.9201e-18	0.00e+00	0.00e+00	1.1196e+01
1.21877e+18	5.5153e+03	1.322e-21	2.7826e+01	1.6174e+01	3.1085e-08	4.2520e-01	5.7480e-01	9.3152e-01	6.8479e-02	4.9781e-07	7.5601e-11	4.2275e-03	9.8558e-01	1.0197e-02	1.1755e-36	4.8309e-01	5.1686e-01	5.0532e-05	1.1755e-36	1.1755e-36	1.1755e-36	9.0400e-18	0.00e+00	0.00e+00	1.1357e+01
1.22106e+18	5.4695e+03	1.288e-21	2.7826e+01	1.5873e+01	3.4964e-08	4.3593e-01	5.6407e-01	9.3328e-01	6.6717e-02	4.8599e-07	8.2314e-11	4.1611e-03	9.8590e-01	9.9365e-03	1.1755e-36	4.9413e-01	5.0583e-01	4.7303e-05	1.1755e-36	1.1755e-36	1.1755e-36	1.0584e-17	0.00e+00	0.00e+00	1.1542e+01
1.22336e+18	5.4229e+03	1.254e-21	2.7826e+01	1.5570e+01	3.9404e-08	4.4687e-01	5.5313e-01	9.3493e-01	6.5074e-02	4.7521e-07	8.9817e-11	4.0941e-03	9.8622e-01	9.6868e-03	1.1755e-36	5.0532e-01	4.9463e-01	4.4279e-05	1.1755e-36	1.1755e-36	1.1755e-36	1.2470e-17	0.00e+00	0.00e+00	1.1713e+01
1.22541e+18	5.3803e+03	1.223e-21	2.7826e+01	1.5299e+01	4.3944e-08	4.5690e-01	5.4310e-01	9.3636e-01	6.3644e-02	4.6591e-07	9.7372e-11	4.0334e-03	9.8650e-01	9.4654e-03	1.1755e-36	5.1554e-01	4.8442e-01	4.1700e-05	1.1755e-36	1.1755e-36	1.1755e-36	1.4536e-17	0.00e+00	0.00e+00	1.1867e+01
1.22731e+18	5.3478e+03	1.192e-21	2.7826e+01	1.5027e+01	4.8115e-08	4.6578e-01	5.3422e-01	9.3757e-01	6.2430e-02	4.5909e-07	1.0436e-10	3.9709e-03	9.8675e-01	9.2787e-03	1.1755e-36	5.2453e-01	4.7543e-01	3.9477e-05	1.1755e-36	1.1755e-36	1.1755e-36	1.6586e-17	0.00e+00	0.00e+00	1.2020e+01
1.22932e+18	5.2975e+03	1.161e-21	2.7826e+01	1.4742e+01	5.4192e-08	4.7601e-01	5.2399e-01	9.3898e-01	6.1022e-02	4.4998e-07	1.1371e-10	3.9073e-03	9.8703e-01	9.0581e-03	1.1755e-36	5.3487e-01	4.6509e-01	3.7151e-05	1.1755e-36	1.1755e-36	1.1755e-36	1.9600e-17	0.00e+00	0.00e+00	1.2200e+01
1.23135e+18	5.2501e+03	1.129e-21	2.7826e+01	1.4453e+01	6.0858e-08	4.8630e-01	5.1370e-01	9.4027e-01	5.9733e-02	4.4218e-07	1.2396e-10	3.8417e-03	9.8731e-01	8.8513e-03	1.1755e-36	5.4522e-01	4.5475e-01	3.4962e-05	1.1755e-36	1.1755e-36	1.1755e-36	2.3214e-17	0.00e+00	0.00e+00	1.2365e+01
1.23319e+18	5.1995e+03	1.101e-21	2.7826e+01	1.4198e+01	6.8416e-08	4.9613e-01	5.0387e-01	9.4147e-01	5.8529e-02	4.3428e-07	1.3521e-10	3.7849e-03	9.8756e-01	8.6545e-03	1.1755e-36	5.5506e-01	4.4490e-01	3.3039e-05	1.1755e-36	1.1755e-36	1.1755e-36	2.7579e-17	0.00e+00	0.00e+00	1.2517e+01
1.23486e+18	5.1613e+03	1.074e-21	2.7826e+01	1.3949e+01	7.5202e-08	5.0456e-01	4.9544e-01	9.4244e-01	5.7556e-02	4.2899e-07	1.4539e-10	3.7275e-03	9.8778e-01	8.4958e-03	1.1755e-36	5.6347e-01	4.3650e-01	3.1424e-05	1.1755e-36	1.1755e-36	1.1755e-36	3.1855e-17	0.00e+00	0.00e+00	1.2658e+01
1.23653e+18	5.1103e+03	1.047e-21	2.7826e+01	1.3702e+01	8.4282e-08	5.1369e-01	4.8631e-01	9.4351e-01	5.6490e-02	4.2223e-07	1.5832e-10	3.6719e-03	9.8801e-01	8.3181e-03	1.1755e-36	5.7254e-01	4.2743e-01	2.9813e-05	1.1755e-36	1.1755e-36	1.1755e-36	3.7814e-17	0.00e+00	0.00e+00	1.2817e+01
1.23823e+18	5.0702e+03	1.020e-21	2.7826e+01	1.3440e+01	9.2970e-08	5.2230e-01	4.7770e-01	9.4443e-01	5.5569e-02	4.1763e-07	1.7104e-10	3.6110e-03	9.8823e-01	8.1636e-03	1.1755e-36	5.8106e-01	4.1891e-01	2.8321e-05	1.1755e-36	1.1755e-36	1.1755e-36	4.4158e-17	0.00e+00	0.00e+00	1.2967e+01
1.23992e+18	5.0199e+03	9.923e-22	2.7826e+01	1.3182e+01	1.0418e-07	5.3145e-01	4.6855e-01	9.4541e-01	5.4586e-02	4.1196e-07	1.8687e-10	3.5520e-03	9.8845e-01	7.9963e-03	1.1755e-36	5.9007e-01	4.0990e-01	2.6855e-05	1.1755e-36	1.1755e-36	1.1755e-36	5.2841e-17	0.00e+00	0.00e+00	1.3130e+01
1.24161e+18	4.9691e+03	9.655e-22	2.7826e+01	1.2925e+01	1.1680e-07	5.4059e-01	4.5941e-01	9.4635e-01	5.3653e-02	4.0673e-07	2.0314e-10	3.4931e-03	9.8868e-01	7.8317e-03	1.1755e-36	5.9905e-01	4.0092e-01	2.5473e-05	1.1755e-36	1.1755e-36	1.1755e-36	6.2600e-17	0.00e+00	0.00e+00	1.3284e+01
1.24317e+18	4.9147e+03	9.409e-22	2.7826e+01	1.2684e+01	1.3128e-07	5.4937e-01	4.5063e-01	9.4723e-01	5.2773e-02	4.0150e-07	2.1971e-10	3.4388e-03	9.8889e-01	7.6724e-03	1.1755e-36	6.0764e-01	3.9233e-01	2.4236e-05	1.1755e-36	1.1755e-36	1.1755e-36	7.3527e-17	0.00e+00	0.00e+00	1.3429e+01
1.24460e+18	4.8721e+03	9.180e-22	2.7826e+01	1.2463e+01	1.4458e-07	5.5711e-01	4.4289e-01	9.4797e-01	5.2034e-02	3.9770e-07	2.3517e-10	3.3874e-03	9.8908e-01	7.5371e-03	1.1755e-36	6.1519e-01	3.8478e-01	2.3164e-05	1.1755e-36	1.1755e-36	1.1755e-36	8.4499e-17	0.00e+00	0.00e+00	1.3563e+01
1.24602e+18	4.8176e+03	8.955e-22	2.7826e+01	1.2236e+01	1.6211e-07	5.6527e-01	4.3473e-01	9.4876e-01	5.1241e-02	3.9300e-07	2.5376e-10	3.3364e-03	9.8927e-01	7.3905e-03	1.1755e-36	6.2312e-01	3.7686e-01	2.2116e-05	1.1755e-36	1.1755e-36	1.1755e-36	9.8975e-17	0.00e+00	0.00e+00	1.3710e+01
1.24745e+18	4.7655e+03	8.733e-22	2.7826e+01	1.2019e+01	1.8127e-07	5.7347e-01	4.2653e-01	9.4952e-01	5.0478e-02	3.8850e-07	2.7405e-10	3.2870e-03	9.8947e-01	7.2477e-03	1.1755e-36	6.3106e-01	3.6892e-01	2.1109e-05	1.1755e-36	1.1755e-36	1.1755e-36	1.1610e-16	0.00e+00	0.00e+00	1.3848e+01
1.24878e+18	4.7175e+03	8.523e-22	2.7826e+01	1.1805e+01	2.0087e-07	5.8092e-01	4.1908e-01	9.5018e-01	4.9818e-02	3.8510e-07	2.9403e-10	3.2380e-03	9.8964e-01	7.1215e-03	1.1755e-36	6.3825e-01	3.6173e-01	2.0221e-05	1.1755e-36	1.1755e-36	1.1755e-36	1.3448e-16	0.00e+00	0.00e+00	1.3980e+01
1.25009e+18	4.6699e+03	8.316e-22	2.7826e+01	1.1597e+01	2.2245e-07	5.8833e-01	4.1167e-01	9.5084e-01	4.9161e-02	3.8165e-07	3.1567e-10	3.1902e-03	9.8981e-01	6.9958e-03	1.1755e-36	6.4538e-01	3.5460e-01	1.9369e-05	1.1755e-36	1.1755e-36	1.1755e-36	1.5597e-16	0.00e+00	0.00e+00	1.4117e+01
1.25144e+18	4.6169e+03	8.104e-22	2.7826e+01	1.1378e+01	2.4851e-07	5.9603e-01	4.0397e-01	9.5152e-01	4.8483e-02	3.7805e-07	3.4056e-10	3.1405e-03	9.8999e-01	6.8668e-03	1.1755e-36	6.5275e-01	3.4723e-01	1.8528e-05	1.1755e-36	1.1755e-36	1.1755e-36	1.8295e-16	0.00e+00	0.00e+00	1.4261e+01
1.25278e+18	4.5677e+03	7.895e-22	2.7826e+01	1.1160e+01	2.7578e-07	6.0342e-01	3.9658e-01	9.5212e-01	4.7878e-02	3.7531e-07	3.6625e-10	3.0900e-03	9.9016e-01	6.7467e-03	1.1755e-36	6.5983e-01	3.4015e-01	1.7740e-05	1.1755e-36	1.1755e-36	1.1755e-36	2.1317e-16	0.00e+00	0.00e+00	1.4399e+01
1.25409e+18	4.5125e+03	7.695e-22	2.7826e+01	1.0954e+01	3.0894e-07	6.1113e-01	3.8887e-01	9.5278e-01	4.7215e-02	3.7151e-07	3.9632e-10	3.0435e-03	9.9034e-01	6.6188e-03	1.1755e-36	6.6718e-01	3.3281e-01	1.6970e-05	1.1755e-36	1.1755e-36	1.1755e-36	2.5173e-16	0.00e+00	0.00e+00	1.4541e+01
1.25537e+18	4.4590e+03	7.501e-22	2.7826e+01	1.0748e+01	3.4450e-07	6.1845e-01	3.8155e-01	9.5337e-01	4.6626e-02	3.6850e-07	4.2741e-10	2.9967e-03	9.9050e-01	6.5013e-03	1.1755e-36	6.7413e-01	3.2586e-01	1.6265e-05	1.1755e-36	1.1755e-36	1.1755e-36	2.9531e-16	0.00e+00	0.00e+00	1.4674e+01
1.25658e+18	4.4068e+03	7.318e-22	2.7826e+01	1.0552e+01	3.8265e-07	6.2543e-01	3.7457e-01	9.5393e-01	4.6067e-02	3.6563e-07	4.5980e-10	2.9525e-03	9.9066e-01	6.3895e-03	1.1755e-36	6.8074e-01	3.1924e-01	1.5617e-05	1.1755e-36	1.1755e-36	1.1755e-36	3.4467e-16	0.00e+00	0.00e+00	1.4805e+01
1.25777e+18	4.3541e+03	7.138e-22	2.7826e+01	1.0359e+01	4.2485e-07	6.3234e-01	3.6766e-01	9.5448e-01	4.5518e-02	3.6279e-07	4.9461e-10	2.9089e-03	9.9081e-01	6.2793e-03	1.1755e-36	6.8727e-01	3.1271e-01	1.4999e-05	1.1755e-36	1.1755e-36	1.1755e-36	4.0226e-16	0.00e+00	0.00e+00	1.4938e+01
1.25897e+18	4.3000e+03	6.960e-22	2.7826e+01	1.0165e+01	4.7223e-07	6.3930e-01	3.6070e-01	9.5503e-01	4.4975e-02	3.5999e-07	5.3257e-10	2.8653e-03	9.9097e-01	6.1693e-03	1.1755e-36	6.9382e-01	3.0616e-01	1.4398e-05	1.1755e-36	1.1755e-36	1.1755e-36	4.7044e-16	0.00e+00	0.00e+00	1.5073e+01
1.26017e+18	4.2405e+03	6.784e-22	2.7826e+01	9.9684e+00	5.2814e-07	6.4637e-01	3.5363e-01	9.5558e-01	4.4421e-02	3.5698e-07	5.7499e-10	2.8218e-03	9.9112e-01	6.0579e-03	1.1755e-36	7.0047e-01	2.9951e-01	1.3817e-05	1.1755e-36	1.1755e-36	1.1755e-36	5.5372e-16	0.00e+00	0.00e+00	1.5210e+01
1.26134e+18	4.1893e+03	6.613e-22	2.7826e+01	9.7814e+00	5.8216e-07	6.5300e-01	3.4700e-01	9.5606e-01	4.3936e-02	3.5476e-07	6.1627e-10	2.7794e-03	9.9126e-01	5.9566e-03	1.1755e-36	7.0667e-01	2.9332e-01	1.3279e-05	1.1755e-36	1.1755e-36	1.1755e-36	6.4100e-16	0.00e+00	0.00e+00	1.5340e+01
1.26252e+18	4.1268e+03	6.444e-22	2.7826e+01	9.5888e+00	6.5095e-07	6.6004e-01	3.3996e-01	9.5662e-01	4.3384e-02	3.5158e-07	6.6497e-10	2.7376e-03	9.9142e-01	5.8458e-03	1.1755e-36	7.1326e-01	2.8673e-01	1.2742e-05	1.1755e-36	1.1755e-36	1.1755e-36	7.5351e-16	0.00e+00	0.00e+00	1.5481e+01
1.26371e+18	4.0679e+03	6.275e-22	2.7826e+01	9.3958e+00	7.2184e-07	6.6690e-01	3.3310e-01	9.5712e-01	4.2883e-02	3.4909e-07	7.1421e-10	2.6950e-03	9.9156e-01	5.7420e-03	1.1755e-36	7.1965e-01	2.8034e-01	1.2231e-05	1.1755e-36	1.1755e-36	1.1755e-36	8.7665e-16	0.00e+00	0.00e+00	1.5617e+01
1.26487e+18	4.0093e+03	6.109e-22	2.7826e+01	9.2000e+00	7.9648e-07	6.7349e-01	3.2651e-01	9.5758e-01	4.2418e-02	3.4710e-07	7.6356e-10	2.6516e-03	9.9171e-01	5.6432e-03	1.1755e-36	7.2578e-01	2.7421e-01	1.1751e-05	1.1755e-36	1.1755e-36	1.1755e-36	1.0102e-15	0.00e+00	0.00e+00	1.5756e+01
1.26609e+18	3.9459e+03	5.938e-22	2.7826e+01	9.0019e+00	8.8228e-07	6.8057e-01	3.1943e-01	9.5809e-01	4.1905e-02	3.4451e-07	8.1861e-10	2.6084e-03	9.9185e-01	5.5367e-03	1.1755e-36	7.3234e-01	2.6765e-01	1.1257e-05	1.1755e-36	1.1755e-36	1.1755e-36	1.1705e-15	0.00e+00	0.00e+00	1.5906e+01
