#depth	Te	Htot	hden	eden	2H_2/H	HI	HII	HeI	HeII	HeIII	CO/C	C1	C2	C3	C4	O1	O2	O3	O4	O5	O6	H2O/O	AV(point)	AV(extend)	Tau912
5.56459e+14	6.9590e+03	3.737e-22	1.0000e+01	1.0846e+01	1.5621e-13	3.0018e-03	9.9700e-01	9.1004e-03	9.7557e-01	1.5325e-02	1.8809e-17	1.3539e-04	1.4711e-01	8.4895e-01	3.8069e-03	9.0341e-04	3.0286e-01	6.9272e-01	3.5218e-03	1.1755e-36	1.1755e-36	1.6974e-25	0.00e+00	0.00e+00	2.1090e-04
3.33876e+15	6.9562e+03	3.736e-22	1.0000e+01	1.0845e+01	1.5644e-13	3.0010e-03	9.9700e-01	9.1016e-03	9.7559e-01	1.5313e-02	1.8789e-17	1.3524e-04	1.4712e-01	8.4893e-01	3.8159e-03	9.0286e-04	3.0275e-01	6.9284e-01	3.5104e-03	1.1755e-36	1.1755e-36	1.6945e-25	0.00e+00	0.00e+00	1.0543e-03
1.44679e+16	6.9498e+03	3.733e-22	1.0000e+01	1.0845e+01	1.5706e-13	3.0001e-03	9.9700e-01	9.1091e-03	9.7567e-01	1.5217e-02	1.8787e-17	1.3508e-04	1.4721e-01	8.4884e-01	3.8092e-03	9.0288e-04	3.0280e-01	6.9284e-01	3.4610e-03	1.1755e-36	1.1755e-36	1.6918e-25	0.00e+00	0.00e+00	4.4268e-03
5.89847e+16	6.9369e+03	3.719e-22	1.0000e+01	1.0844e+01	1.5840e-13	2.9992e-03	9.9700e-01	9.1370e-03	9.7614e-01	1.4726e-02	1.8830e-17	1.3506e-04	1.4756e-01	8.4854e-01	3.7719e-03	9.0473e-04	3.0326e-01	6.9257e-01	3.2692e-03	1.1755e-36	1.1755e-36	1.6888e-25	0.00e+00	0.00e+00	1.7913e-02
1.40896e+17	6.8776e+03	3.678e-22	1.0000e+01	1.0844e+01	1.6197e-13	2.9727e-03	9.9703e-01	9.1731e-03	9.7642e-01	1.4405e-02	1.8491e-17	1.3432e-04	1.4806e-01	8.4807e-01	3.7321e-03	8.9789e-04	3.0326e-01	6.9282e-01	3.0195e-03	1.1755e-36	1.1755e-36	1.6259e-25	0.00e+00	0.00e+00	3.5290e-02
2.47380e+17	6.8165e+03	3.637e-22	1.0000e+01	1.0844e+01	1.6632e-13	2.9507e-03	9.9705e-01	9.2227e-03	9.7720e-01	1.3580e-02	1.8185e-17	1.3405e-04	1.4869e-01	8.4752e-01	3.6590e-03	8.9138e-04	3.0286e-01	6.9354e-01	2.7133e-03	1.1755e-36	1.1755e-36	1.5683e-25	0.00e+00	0.00e+00	5.7714e-02
3.85809e+17	6.7523e+03	3.594e-22	1.0000e+01	1.0843e+01	1.7161e-13	2.9321e-03	9.9707e-01	9.2906e-03	9.7843e-01	1.2277e-02	1.7960e-17	1.3418e-04	1.4952e-01	8.4679e-01	3.5542e-03	8.8802e-04	3.0305e-01	6.9372e-01	2.3487e-03	1.1755e-36	1.1755e-36	1.5177e-25	0.00e+00	0.00e+00	8.6680e-02
5.65767e+17	6.6823e+03	3.546e-22	1.0000e+01	1.0842e+01	1.7842e-13	2.9186e-03	9.9708e-01	9.3850e-03	9.8010e-01	1.0515e-02	1.7876e-17	1.3474e-04	1.5068e-01	8.4577e-01	3.4166e-03	8.9074e-04	3.0462e-01	6.9256e-01	1.9342e-03	1.1755e-36	1.1755e-36	1.4771e-25	0.00e+00	0.00e+00	1.2416e-01
7.99713e+17	6.6067e+03	3.495e-22	1.0000e+01	1.0840e+01	1.8735e-13	2.9123e-03	9.9709e-01	9.5109e-03	9.8210e-01	8.3931e-03	1.7973e-17	1.3588e-04	1.5223e-01	8.4438e-01	3.2501e-03	9.0010e-04	3.0749e-01	6.9012e-01	1.4934e-03	1.1755e-36	1.1755e-36	1.4504e-25	0.00e+00	0.00e+00	1.7279e-01
1.10384e+18	6.5264e+03	3.440e-22	1.0000e+01	1.0838e+01	1.9915e-13	2.9171e-03	9.9708e-01	9.6768e-03	9.8420e-01	6.1196e-03	1.8331e-17	1.3784e-04	1.5433e-01	8.4247e-01	3.0634e-03	9.1869e-04	3.1202e-01	6.8600e-01	1.0607e-03	1.1755e-36	1.1755e-36	1.4440e-25	0.00e+00	0.00e+00	2.3610e-01
1.49921e+18	6.4439e+03	3.383e-22	1.0000e+01	1.0835e+01	2.1450e-13	2.9388e-03	9.9706e-01	9.8934e-03	9.8613e-01	3.9816e-03	1.9039e-17	1.4094e-04	1.5714e-01	8.3985e-01	2.8690e-03	9.4976e-04	3.1852e-01	6.7985e-01	6.7749e-04	1.1755e-36	1.1755e-36	1.4622e-25	0.00e+00	0.00e+00	3.1902e-01
2.01319e+18	6.3632e+03	3.327e-22	1.0000e+01	1.0833e+01	2.3547e-13	2.9866e-03	9.9701e-01	1.0181e-02	9.8757e-01	2.2522e-03	2.0357e-17	1.4577e-04	1.6094e-01	8.3624e-01	2.6773e-03	9.9854e-04	3.2737e-01	6.7125e-01	3.7874e-04	1.1755e-36	1.1755e-36	1.5303e-25	0.00e+00	0.00e+00	4.2857e-01
2.68136e+18	6.2915e+03	3.275e-22	1.0000e+01	1.0831e+01	2.6330e-13	3.0752e-03	9.9692e-01	1.0570e-02	9.8835e-01	1.0776e-03	2.2568e-17	1.5322e-04	1.6613e-01	8.3123e-01	2.4916e-03	1.0737e-03	3.3908e-01	6.5966e-01	1.7976e-04	1.1755e-36	1.1755e-36	1.6654e-25	0.00e+00	0.00e+00	5.7521e-01
3.54998e+18	6.2417e+03	3.231e-22	1.0000e+01	1.0828e+01	3.0167e-13	3.2283e-03	9.9677e-01	1.1113e-02	9.8846e-01	4.2440e-04	2.6492e-17	1.6468e-04	1.7333e-01	8.2420e-01	2.3053e-03	1.1913e-03	3.5471e-01	6.4403e-01	7.0129e-05	1.1755e-36	1.1755e-36	1.9433e-25	0.00e+00	0.00e+00	7.7534e-01
4.67919e+18	6.2329e+03	3.201e-22	1.0000e+01	1.0824e+01	3.5555e-13	3.4905e-03	9.9651e-01	1.1908e-02	9.8796e-01	1.3461e-04	3.3883e-17	1.8295e-04	1.8366e-01	8.1406e-01	2.1027e-03	1.3849e-03	3.7650e-01	6.2210e-01	2.1787e-05	1.1755e-36	1.1755e-36	2.5208e-25	0.00e+00	0.00e+00	1.0566e+00
5.99475e+18	6.2790e+03	3.191e-22	1.0000e+01	1.0819e+01	4.2388e-13	3.8820e-03	9.9612e-01	1.2957e-02	9.8700e-01	3.8335e-05	4.6662e-17	2.0859e-04	1.9686e-01	8.0104e-01	1.8921e-03	1.6781e-03	4.0431e-01	5.9401e-01	6.0086e-06	1.1755e-36	1.1755e-36	3.6095e-25	0.00e+00	0.00e+00	1.3886e+00
7.21869e+18	6.3844e+03	3.210e-22	1.0000e+01	1.0813e+01	4.9391e-13	4.3674e-03	9.9563e-01	1.4100e-02	9.8589e-01	1.3301e-05	6.5766e-17	2.3809e-04	2.1073e-01	7.8733e-01	1.7075e-03	2.0533e-03	4.3388e-01	5.6406e-01	1.9670e-06	1.1755e-36	1.1755e-36	5.4183e-25	0.00e+00	0.00e+00	1.6901e+00
8.17111e+18	6.5110e+03	3.247e-22	1.0000e+01	1.0807e+01	5.5981e-13	4.8749e-03	9.9513e-01	1.5199e-02	9.8480e-01	6.4101e-06	9.0496e-17	2.6714e-04	2.2350e-01	7.7467e-01	1.5620e-03	2.4625e-03	4.6119e-01	5.3635e-01	8.7295e-07	1.1755e-36	1.1755e-36	7.9902e-25	0.00e+00	0.00e+00	1.9399e+00
8.90962e+18	6.6299e+03	3.288e-22	1.0000e+01	1.0800e+01	6.2756e-13	5.3794e-03	9.9462e-01	1.6256e-02	9.8374e-01	3.8057e-06	1.2103e-16	2.9478e-04	2.3533e-01	7.6294e-01	1.4426e-03	2.8895e-03	4.8607e-01	5.1104e-01	4.7341e-07	1.1755e-36	1.1755e-36	1.1414e-24	0.00e+00	0.00e+00	2.1659e+00
9.55450e+18	6.7440e+03	3.332e-22	1.0000e+01	1.0794e+01	7.0586e-13	5.9232e-03	9.9408e-01	1.7362e-02	9.8264e-01	2.4673e-06	1.6136e-16	3.2373e-04	2.4742e-01	7.5092e-01	1.3318e-03	3.3726e-03	5.1100e-01	4.8563e-01	2.7778e-07	1.1755e-36	1.1755e-36	1.6237e-24	0.00e+00	0.00e+00	2.3993e+00
1.01701e+19	6.8609e+03	3.381e-22	1.0000e+01	1.0786e+01	8.0309e-13	6.5556e-03	9.9344e-01	1.8631e-02	9.8137e-01	1.6617e-06	2.1855e-16	3.5602e-04	2.6070e-01	7.3772e-01	1.2210e-03	3.9611e-03	5.3778e-01	4.5826e-01	1.6686e-07	1.1755e-36	1.1755e-36	2.3544e-24	0.00e+00	0.00e+00	2.6505e+00
1.07561e+19	6.9799e+03	3.437e-22	1.0000e+01	1.0778e+01	9.2448e-13	7.2927e-03	9.9271e-01	2.0058e-02	9.7994e-01	1.1617e-06	3.0010e-16	3.9182e-04	2.7516e-01	7.2334e-01	1.1112e-03	4.6780e-03	5.6620e-01	4.2912e-01	1.1755e-36	1.1755e-36	1.1755e-36	3.4739e-24	0.00e+00	0.00e+00	2.9106e+00
1.12925e+19	7.0944e+03	3.496e-22	1.0000e+01	1.0768e+01	1.0719e-12	8.1228e-03	9.9188e-01	2.1626e-02	9.7837e-01	8.4900e-07	4.1252e-16	4.2993e-04	2.9035e-01	7.0821e-01	1.0065e-03	5.5200e-03	5.9505e-01	3.9943e-01	1.1755e-36	1.1755e-36	1.1755e-36	5.1309e-24	0.00e+00	0.00e+00	3.1711e+00
1.17769e+19	7.2006e+03	3.556e-22	1.0000e+01	1.0757e+01	1.2512e-12	9.0435e-03	9.9096e-01	2.3328e-02	9.7667e-01	6.4525e-07	5.6540e-16	4.6984e-04	3.0612e-01	6.9251e-01	9.0815e-04	6.4905e-03	6.2364e-01	3.6987e-01	1.1755e-36	1.1755e-36	1.1755e-36	7.5503e-24	0.00e+00	0.00e+00	3.4344e+00
1.22231e+19	7.2989e+03	3.617e-22	1.0000e+01	1.0745e+01	1.4746e-12	1.0082e-02	9.8992e-01	2.5210e-02	9.7479e-01	5.0426e-07	7.7636e-16	5.1225e-04	3.2275e-01	6.7593e-01	8.1448e-04	7.6234e-03	6.5215e-01	3.4022e-01	1.1755e-36	1.1755e-36	1.1755e-36	1.1133e-23	0.00e+00	0.00e+00	3.7089e+00
1.26000e+19	7.3854e+03	3.677e-22	1.0000e+01	1.0732e+01	1.7211e-12	1.1145e-02	9.8886e-01	2.7081e-02	9.7292e-01	4.1412e-07	1.0349e-15	5.5246e-04	3.3841e-01	6.6030e-01	7.3473e-04	8.8146e-03	6.7763e-01	3.1355e-01	1.1755e-36	1.1755e-36	1.1755e-36	1.5853e-23	0.00e+00	0.00e+00	3.9359e+00
1.28984e+19	7.4494e+03	3.728e-22	1.0000e+01	1.0722e+01	1.9831e-12	1.2154e-02	9.8785e-01	2.8813e-02	9.7119e-01	3.5431e-07	1.3261e-15	5.8882e-04	3.5246e-01	6.4628e-01	6.6945e-04	9.9710e-03	6.9897e-01	2.9106e-01	1.1755e-36	1.1755e-36	1.1755e-36	2.1497e-23	0.00e+00	0.00e+00	4.1462e+00
1.32136e+19	7.5029e+03	3.784e-22	1.0000e+01	1.0708e+01	2.3652e-12	1.3425e-02	9.8657e-01	3.1023e-02	9.6898e-01	2.9762e-07	1.7641e-15	6.3272e-04	3.6948e-01	6.2929e-01	5.9773e-04	1.1459e-02	7.2260e-01	2.6594e-01	1.1755e-36	1.1755e-36	1.1755e-36	3.0440e-23	0.00e+00	0.00e+00	4.4483e+00
1.35532e+19	7.5829e+03	3.844e-22	1.0000e+01	1.0690e+01	2.8574e-12	1.5041e-02	9.8496e-01	3.3707e-02	9.6629e-01	2.5027e-07	2.4268e-15	6.8330e-04	3.8906e-01	6.0973e-01	5.2397e-04	1.3387e-02	7.4817e-01	2.3845e-01	1.1755e-36	1.1755e-36	1.1755e-36	4.5122e-23	0.00e+00	0.00e+00	4.7549e+00
1.38459e+19	7.6295e+03	3.908e-22	1.0000e+01	1.0670e+01	3.4956e-12	1.6794e-02	9.8321e-01	3.6553e-02	9.6345e-01	2.1600e-07	3.2880e-15	7.3367e-04	4.0845e-01	5.9035e-01	4.5924e-04	1.5501e-02	7.7077e-01	2.1373e-01	1.1755e-36	1.1755e-36	1.1755e-36	6.5574e-23	0.00e+00	0.00e+00	5.0334e+00
1.40956e+19	7.6715e+03	3.963e-22	1.0000e+01	1.0649e+01	4.2163e-12	1.8595e-02	9.8140e-01	3.9433e-02	9.6057e-01	1.9040e-07	4.3435e-15	7.8132e-04	4.2688e-01	5.7194e-01	4.0460e-04	1.7702e-02	7.9012e-01	1.9217e-01	1.1755e-36	1.1755e-36	1.1755e-36	9.2487e-23	0.00e+00	0.00e+00	5.3112e+00
1.43678e+19	7.7072e+03	4.023e-22	1.0000e+01	1.0624e+01	5.3121e-12	2.0978e-02	9.7902e-01	4.3222e-02	9.5678e-01	1.6471e-07	6.0326e-15	8.3992e-04	4.4957e-01	5.4924e-01	3.4549e-04	2.0645e-02	8.1095e-01	1.6840e-01	1.1755e-36	1.1755e-36	1.1755e-36	1.3875e-22	0.00e+00	0.00e+00	5.7188e+00
1.46606e+19	7.7556e+03	4.089e-22	1.0000e+01	1.0589e+01	6.9459e-12	2.4184e-02	9.7582e-01	4.8065e-02	9.5193e-01	1.4239e-07	8.8096e-15	9.0845e-04	4.7626e-01	5.2254e-01	2.8565e-04	2.4632e-02	8.3221e-01	1.4316e-01	1.1755e-36	1.1755e-36	1.1755e-36	2.2277e-22	0.00e+00	0.00e+00	6.1434e+00
1.49144e+19	7.7775e+03	4.153e-22	1.0000e+01	1.0544e+01	9.1805e-12	2.7828e-02	9.7217e-01	5.3411e-02	9.4659e-01	1.2549e-07	1.2701e-14	9.7573e-04	5.0277e-01	4.9602e-01	2.3536e-04	2.9177e-02	8.4949e-01	1.2134e-01	1.1755e-36	1.1755e-36	1.1755e-36	3.5235e-22	0.00e+00	0.00e+00	6.5465e+00
1.51367e+19	7.7911e+03	4.210e-22	1.0000e+01	1.0502e+01	1.2128e-11	3.1924e-02	9.6808e-01	5.9204e-02	9.4080e-01	1.1209e-07	1.8117e-14	1.0425e-03	5.2901e-01	4.6975e-01	1.9326e-04	3.4297e-02	8.6314e-01	1.0256e-01	1.1755e-36	1.1755e-36	1.1755e-36	5.5197e-22	0.00e+00	0.00e+00	6.9805e+00
1.53449e+19	7.8077e+03	4.254e-22	1.0000e+01	1.0440e+01	1.6101e-11	3.6746e-02	9.6325e-01	6.5906e-02	9.3409e-01	1.0068e-07	2.5891e-14	1.1079e-03	5.5584e-01	4.4289e-01	1.5689e-04	4.0332e-02	8.7393e-01	8.5738e-02	1.1755e-36	1.1755e-36	1.1755e-36	8.6927e-22	0.00e+00	0.00e+00	7.4466e+00
1.55358e+19	7.7940e+03	4.303e-22	1.0000e+01	1.0377e+01	2.2050e-11	4.2577e-02	9.5742e-01	7.3547e-02	9.2645e-01	9.1124e-08	3.7454e-14	1.1759e-03	5.8362e-01	4.1508e-01	1.2541e-04	4.7605e-02	8.8153e-01	7.0860e-02	1.1755e-36	1.1755e-36	1.1755e-36	1.3943e-21	0.00e+00	0.00e+00	7.9334e+00
1.57039e+19	7.7845e+03	4.342e-22	1.0000e+01	1.0312e+01	3.0001e-11	4.9236e-02	9.5076e-01	8.1803e-02	9.1820e-01	8.3499e-08	5.3664e-14	1.2404e-03	6.1049e-01	3.8817e-01	9.9974e-05	5.5887e-02	8.8572e-01	5.8392e-02	1.1755e-36	1.1755e-36	1.1755e-36	2.2210e-21	0.00e+00	0.00e+00	8.4152e+00
1.58483e+19	7.7725e+03	4.366e-22	1.0000e+01	1.0233e+01	4.0334e-11	5.6551e-02	9.4345e-01	9.0475e-02	9.0953e-01	7.7353e-08	7.5275e-14	1.2975e-03	6.3547e-01	3.6315e-01	8.0119e-05	6.4952e-02	8.8673e-01	4.8315e-02	1.1755e-36	1.1755e-36	1.1755e-36	3.4549e-21	0.00e+00	0.00e+00	8.8932e+00
1.59759e+19	7.7547e+03	4.385e-22	1.0000e+01	1.0160e+01	5.4247e-11	6.4832e-02	9.3517e-01	9.9826e-02	9.0017e-01	7.2105e-08	1.0501e-13	1.3525e-03	6.5958e-01	3.3900e-01	6.4057e-05	7.5164e-02	8.8491e-01	3.9928e-02	1.1755e-36	1.1755e-36	1.1755e-36	5.3613e-21	0.00e+00	0.00e+00	9.3899e+00
1.60918e+19	7.7373e+03	4.387e-22	1.0000e+01	1.0066e+01	7.2868e-11	7.4277e-02	9.2572e-01	1.0996e-01	8.9004e-01	6.7594e-08	1.4563e-13	1.4009e-03	6.8274e-01	3.1581e-01	5.1033e-05	8.6755e-02	8.8038e-01	3.2866e-02	1.1755e-36	1.1755e-36	1.1755e-36	8.2808e-21	0.00e+00	0.00e+00	9.9079e+00
1.61974e+19	7.7209e+03	4.366e-22	1.0000e+01	9.9316e+00	9.7474e-11	8.4917e-02	9.1508e-01	1.2079e-01	8.7921e-01	6.3743e-08	1.9975e-13	1.4387e-03	7.0453e-01	2.9399e-01	4.0631e-05	9.9741e-02	8.7327e-01	2.6987e-02	1.1755e-36	1.1755e-36	1.1755e-36	1.2631e-20	0.00e+00	0.00e+00	1.0448e+01
1.62944e+19	7.6995e+03	4.334e-22	1.0000e+01	9.7865e+00	1.3151e-10	9.7253e-02	9.0275e-01	1.3267e-01	8.6733e-01	6.0261e-08	2.7505e-13	1.4723e-03	7.2574e-01	2.7275e-01	3.2115e-05	1.1470e-01	8.6329e-01	2.2011e-02	1.1755e-36	1.1755e-36	1.1755e-36	1.9452e-20	0.00e+00	0.00e+00	1.1022e+01
1.63835e+19	7.6776e+03	4.292e-22	1.0000e+01	9.6425e+00	1.7861e-10	1.1169e-01	8.8831e-01	1.4560e-01	8.5440e-01	5.7192e-08	3.8117e-13	1.5031e-03	7.4641e-01	2.5206e-01	2.5166e-05	1.3206e-01	8.5014e-01	1.7803e-02	1.1755e-36	1.1755e-36	1.1755e-36	3.0377e-20	0.00e+00	0.00e+00	1.1619e+01
1.64631e+19	7.6547e+03	4.232e-22	1.0000e+01	9.4721e+00	2.4150e-10	1.2782e-01	8.7218e-01	1.5907e-01	8.4093e-01	5.4589e-08	5.2295e-13	1.5241e-03	7.6543e-01	2.3302e-01	1.9775e-05	1.5131e-01	8.3430e-01	1.4398e-02	1.1755e-36	1.1755e-36	1.1755e-36	4.6971e-20	0.00e+00	0.00e+00	1.2220e+01
1.65339e+19	7.6304e+03	4.155e-22	1.0000e+01	9.2843e+00	3.2410e-10	1.4557e-01	8.5443e-01	1.7294e-01	8.2706e-01	5.2353e-08	7.0892e-13	1.5366e-03	7.8285e-01	2.1560e-01	1.5615e-05	1.7229e-01	8.1604e-01	1.1666e-02	1.1755e-36	1.1755e-36	1.1755e-36	7.1700e-20	0.00e+00	0.00e+00	1.2838e+01
1.65987e+19	7.6039e+03	4.060e-22	1.0000e+01	9.0757e+00	4.3437e-10	1.6541e-01	8.3459e-01	1.8744e-01	8.1256e-01	5.0392e-08	9.5598e-13	1.5412e-03	7.9911e-01	1.9934e-01	1.2332e-05	1.9552e-01	7.9505e-01	9.4286e-03	1.1755e-36	1.1755e-36	1.1755e-36	1.0905e-19	0.00e+00	0.00e+00	1.3489e+01
1.66591e+19	7.5734e+03	3.945e-22	1.0000e+01	8.8404e+00	5.8476e-10	1.8788e-01	8.1212e-01	2.0275e-01	7.9725e-01	4.8665e-08	1.2888e-12	1.5374e-03	8.1446e-01	1.8399e-01	9.7091e-06	2.2154e-01	7.7088e-01	7.5725e-03	1.1755e-36	1.1755e-36	1.1755e-36	1.6641e-19	0.00e+00	0.00e+00	1.4181e+01
1.67153e+19	7.5381e+03	3.810e-22	1.0000e+01	8.5764e+00	7.9019e-10	2.1316e-01	7.8684e-01	2.1872e-01	7.8128e-01	4.7177e-08	1.7344e-12	1.5245e-03	8.2883e-01	1.6964e-01	7.6326e-06	2.5047e-01	7.4348e-01	6.0467e-03	1.1755e-36	1.1755e-36	1.1755e-36	2.5435e-19	0.00e+00	0.00e+00	1.4909e+01
1.67672e+19	7.5026e+03	3.646e-22	1.0000e+01	8.2581e+00	1.0622e-09	2.4037e-01	7.5963e-01	2.3468e-01	7.6532e-01	4.6010e-08	2.3046e-12	1.4969e-03	8.4162e-01	1.5688e-01	6.0477e-06	2.8121e-01	7.1396e-01	4.8303e-03	1.1755e-36	1.1755e-36	1.1755e-36	3.8354e-19	0.00e+00	0.00e+00	1.5664e+01
1.68159e+19	7.4581e+03	3.473e-22	1.0000e+01	7.9396e+00	1.4381e-09	2.7092e-01	7.2908e-01	2.5144e-01	7.4856e-01	4.5010e-08	3.0746e-12	1.4658e-03	8.5395e-01	1.4458e-01	4.7692e-06	3.1525e-01	6.8093e-01	3.8276e-03	1.1755e-36	1.1755e-36	1.1755e-36	5.8468e-19	0.00e+00	0.00e+00	1.6481e+01
1.68621e+19	7.4091e+03	3.279e-22	1.0000e+01	7.5874e+00	1.9509e-09	3.0447e-01	6.9553e-01	2.6852e-01	7.3148e-01	4.4254e-08	4.0867e-12	1.4251e-03	8.6535e-01	1.3322e-01	3.7649e-06	3.5204e-01	6.4494e-01	3.0141e-03	1.1755e-36	1.1755e-36	1.1755e-36	8.9118e-19	0.00e+00	0.00e+00	1.7337e+01
1.69035e+19	7.3550e+03	3.082e-22	1.0000e+01	7.2272e+00	2.6119e-09	3.3909e-01	6.6091e-01	2.8476e-01	7.1524e-01	4.3805e-08	5.3294e-12	1.3780e-03	8.7531e-01	1.2331e-01	3.0148e-06	3.8941e-01	6.0820e-01	2.3893e-03	1.1755e-36	1.1755e-36	1.1755e-36	1.3272e-18	0.00e+00	0.00e+00	1.8159e+01
1.69381e+19	7.2975e+03	2.902e-22	1.0000e+01	6.8967e+00	3.3852e-09	3.7151e-01	6.2849e-01	2.9902e-01	7.0098e-01	4.3591e-08	6.7021e-12	1.3314e-03	8.8344e-01	1.1523e-01	2.4872e-06	4.2384e-01	5.7421e-01	1.9418e-03	1.1755e-36	1.1755e-36	1.1755e-36	1.8804e-18	0.00e+00	0.00e+00	1.8881e+01
1.69664e+19	7.2580e+03	2.740e-22	1.0000e+01	6.6009e+00	4.1566e-09	3.9927e-01	6.0073e-01	3.1075e-01	6.8925e-01	4.3632e-08	8.0416e-12	1.2864e-03	8.8973e-01	1.0898e-01	2.1250e-06	4.5292e-01	5.4545e-01	1.6294e-03	1.1755e-36	1.1755e-36	1.1755e-36	2.4883e-18	0.00e+00	0.00e+00	1.9529e+01
1.69907e+19	7.1995e+03	2.599e-22	1.0000e+01	6.3397e+00	5.0551e-09	4.2490e-01	5.7510e-01	3.2158e-01	6.7842e-01	4.3647e-08	9.4549e-12	1.2464e-03	8.9524e-01	1.0351e-01	1.8467e-06	4.7945e-01	5.1915e-01	1.3925e-03	1.1755e-36	1.1755e-36	1.1755e-36	3.1981e-18	0.00e+00	0.00e+00	2.0145e+01
1.70133e+19	7.1446e+03	2.465e-22	1.0000e+01	6.0932e+00	6.0626e-09	4.4961e-01	5.5039e-01	3.3213e-01	6.6787e-01	4.3669e-08	1.0990e-11	1.2078e-03	9.0031e-01	9.8478e-02	1.6171e-06	5.0473e-01	4.9407e-01	1.1977e-03	1.1755e-36	1.1755e-36	1.1755e-36	4.0487e-18	0.00e+00	0.00e+00	2.0777e+01
1.70354e+19	7.0900e+03	2.328e-22	1.0000e+01	5.8394e+00	7.2337e-09	4.7421e-01	5.2579e-01	3.4241e-01	6.5759e-01	4.3831e-08	1.2687e-11	1.1664e-03	9.0507e-01	9.3765e-02	1.4206e-06	5.2962e-01	4.6935e-01	1.0304e-03	1.1755e-36	1.1755e-36	1.1755e-36	5.0839e-18	0.00e+00	0.00e+00	2.1436e+01
1.70566e+19	7.0316e+03	2.197e-22	1.0000e+01	5.5894e+00	8.5923e-09	4.9825e-01	5.0175e-01	3.5223e-01	6.4777e-01	4.4089e-08	1.4531e-11	1.1247e-03	9.0943e-01	8.9448e-02	1.2558e-06	5.5367e-01	4.4544e-01	8.8989e-04	1.1755e-36	1.1755e-36	1.1755e-36	6.3219e-18	0.00e+00	0.00e+00	2.2074e+01
1.70758e+19	6.9752e+03	2.077e-22	1.0000e+01	5.3585e+00	1.0052e-08	5.2027e-01	4.7973e-01	3.6117e-01	6.3883e-01	4.4409e-08	1.6398e-11	1.0852e-03	9.1325e-01	8.5663e-02	1.1231e-06	5.7547e-01	4.2375e-01	7.7737e-04	1.1755e-36	1.1755e-36	1.1755e-36	7.6972e-18	0.00e+00	0.00e+00	2.2669e+01
1.70911e+19	6.9426e+03	1.982e-22	1.0000e+01	5.1695e+00	1.1254e-08	5.3735e-01	4.6265e-01	3.6761e-01	6.3239e-01	4.4855e-08	1.7938e-11	1.0514e-03	9.1598e-01	8.2972e-02	1.0323e-06	5.9222e-01	4.0708e-01	6.9850e-04	1.1755e-36	1.1755e-36	1.1755e-36	8.9267e-18	0.00e+00	0.00e+00	2.3093e+01
1.71020e+19	6.9068e+03	1.917e-22	1.0000e+01	5.0414e+00	1.2310e-08	5.4989e-01	4.5011e-01	3.7272e-01	6.2728e-01	4.5098e-08	1.9189e-11	1.0291e-03	9.1806e-01	8.0911e-02	9.6936e-07	6.0445e-01	3.9490e-01	6.4610e-04	1.1755e-36	1.1755e-36	1.1755e-36	9.9874e-18	0.00e+00	0.00e+00	2.3420e+01
1.71115e+19	6.8613e+03	1.862e-22	1.0000e+01	4.9340e+00	1.3459e-08	5.6114e-01	4.3886e-01	3.7792e-01	6.2208e-01	4.5156e-08	2.0424e-11	1.0111e-03	9.2004e-01	7.8951e-02	9.1469e-07	6.1537e-01	3.8402e-01	6.0277e-04	1.1755e-36	1.1755e-36	1.1755e-36	1.1088e-17	0.00e+00	0.00e+00	2.3759e+01
1.71217e+19	6.8352e+03	1.800e-22	1.0000e+01	4.8108e+00	1.4497e-08	5.7202e-01	4.2798e-01	3.8273e-01	6.1727e-01	4.5414e-08	2.1602e-11	9.8889e-04	9.2190e-01	7.7107e-02	8.6311e-07	6.2587e-01	3.7357e-01	5.6096e-04	1.1755e-36	1.1755e-36	1.1755e-36	1.2181e-17	0.00e+00	0.00e+00	2.4146e+01
1.71332e+19	6.7881e+03	1.732e-22	1.0000e+01	4.6757e+00	1.6006e-08	5.8502e-01	4.1498e-01	3.8879e-01	6.1121e-01	4.5592e-08	2.3157e-11	9.6513e-04	9.2414e-01	7.4892e-02	8.0563e-07	6.3835e-01	3.6113e-01	5.1572e-04	1.1755e-36	1.1755e-36	1.1755e-36	1.3708e-17	0.00e+00	0.00e+00	2.4603e+01
1.71454e+19	6.7420e+03	1.662e-22	1.0000e+01	4.5351e+00	1.7700e-08	5.9854e-01	4.0145e-01	3.9491e-01	6.0509e-01	4.5858e-08	2.4877e-11	9.4001e-04	9.2637e-01	7.2689e-02	7.5052e-07	6.5127e-01	3.4826e-01	4.7199e-04	1.1755e-36	1.1755e-36	1.1755e-36	1.5508e-17	0.00e+00	0.00e+00	2.5053e+01
1.71568e+19	6.6916e+03	1.598e-22	1.0000e+01	4.4047e+00	1.9553e-08	6.1130e-01	3.8870e-01	4.0081e-01	5.9919e-01	4.6089e-08	2.6636e-11	9.1670e-04	9.2845e-01	7.0631e-02	7.0193e-07	6.6338e-01	3.3619e-01	4.3399e-04	1.1755e-36	1.1755e-36	1.1755e-36	1.7474e-17	0.00e+00	0.00e+00	2.5475e+01
1.71675e+19	6.6535e+03	1.539e-22	1.0000e+01	4.2834e+00	2.1271e-08	6.2277e-01	3.7723e-01	4.0623e-01	5.9377e-01	4.6366e-08	2.8294e-11	8.9456e-04	9.3033e-01	6.8774e-02	6.5970e-07	6.7421e-01	3.2539e-01	4.0122e-04	1.1755e-36	1.1755e-36	1.1755e-36	1.9429e-17	0.00e+00	0.00e+00	2.5889e+01
1.71783e+19	6.5989e+03	1.481e-22	1.0000e+01	4.1619e+00	2.3454e-08	6.3451e-01	3.6549e-01	4.1212e-01	5.8788e-01	4.6564e-08	3.0161e-11	8.7272e-04	9.3228e-01	6.6846e-02	6.1875e-07	6.8523e-01	3.1440e-01	3.7043e-04	1.1755e-36	1.1755e-36	1.1755e-36	2.1780e-17	0.00e+00	0.00e+00	2.6334e+01
1.71896e+19	6.5452e+03	1.423e-22	1.0000e+01	4.0414e+00	2.5881e-08	6.4658e-01	3.5342e-01	4.1835e-01	5.8165e-01	4.6749e-08	3.2241e-11	8.5093e-04	9.3428e-01	6.4871e-02	5.7877e-07	6.9651e-01	3.0315e-01	3.4069e-04	1.1755e-36	1.1755e-36	1.1755e-36	2.4566e-17	0.00e+00	0.00e+00	2.6796e+01
1.72008e+19	6.4943e+03	1.365e-22	1.0000e+01	3.9195e+00	2.8436e-08	6.5811e-01	3.4189e-01	4.2428e-01	5.7572e-01	4.7020e-08	3.4337e-11	8.2845e-04	9.3616e-01	6.3011e-02	5.4234e-07	7.0724e-01	2.9245e-01	3.1369e-04	1.1755e-36	1.1755e-36	1.1755e-36	2.7566e-17	0.00e+00	0.00e+00	2.7257e+01
1.72119e+19	6.4408e+03	1.310e-22	1.0000e+01	3.8009e+00	3.1268e-08	6.6937e-01	3.3063e-01	4.3033e-01	5.6967e-01	4.7269e-08	3.6560e-11	8.0652e-04	9.3801e-01	6.1180e-02	5.0828e-07	7.1765e-01	2.8206e-01	2.8894e-04	1.1755e-36	1.1755e-36	1.1755e-36	3.0961e-17	0.00e+00	0.00e+00	2.7729e+01
1.72232e+19	6.3878e+03	1.256e-22	1.0000e+01	3.6842e+00	3.4354e-08	6.8048e-01	3.1952e-01	4.3653e-01	5.6347e-01	4.7518e-08	3.8933e-11	7.8477e-04	9.3985e-01	5.9362e-02	4.7596e-07	7.2788e-01	2.7185e-01	2.6585e-04	1.1755e-36	1.1755e-36	1.1755e-36	3.4828e-17	0.00e+00	0.00e+00	2.8217e+01
1.72346e+19	6.3313e+03	1.202e-22	1.0000e+01	3.5670e+00	3.7839e-08	6.9147e-01	3.0853e-01	4.4283e-01	5.5717e-01	4.7772e-08	4.1484e-11	7.6283e-04	9.4167e-01	5.7567e-02	4.4549e-07	7.3793e-01	2.6182e-01	2.4441e-04	1.1755e-36	1.1755e-36	1.1755e-36	3.9289e-17	0.00e+00	0.00e+00	2.8719e+01
1.72461e+19	6.2730e+03	1.150e-22	1.0000e+01	3.4514e+00	4.1693e-08	7.0220e-01	2.9780e-01	4.4920e-01	5.5080e-01	4.8036e-08	4.4194e-11	7.4104e-04	9.4346e-01	5.5802e-02	4.1681e-07	7.4772e-01	2.5205e-01	2.2458e-04	1.1755e-36	1.1755e-36	1.1755e-36	4.4373e-17	0.00e+00	0.00e+00	2.9232e+01
1.72577e+19	6.2128e+03	1.100e-22	1.0000e+01	3.3392e+00	4.5994e-08	7.1278e-01	2.8722e-01	4.5579e-01	5.4421e-01	4.8265e-08	4.7145e-11	7.1984e-04	9.4523e-01	5.4046e-02	3.8966e-07	7.5732e-01	2.4247e-01	2.0620e-04	1.1755e-36	1.1755e-36	1.1755e-36	5.0317e-17	0.00e+00	0.00e+00	2.9757e+01
1.72694e+19	6.1432e+03	1.052e-22	1.0000e+01	3.2309e+00	5.1156e-08	7.2341e-01	2.7659e-01	4.6282e-01	5.3718e-01	4.8388e-08	5.0531e-11	6.9953e-04	9.4703e-01	5.2271e-02	3.6376e-07	7.6693e-01	2.3288e-01	1.8909e-04	1.1755e-36	1.1755e-36	1.1755e-36	5.7698e-17	0.00e+00	0.00e+00	3.0292e+01
1.72810e+19	6.0791e+03	1.006e-22	1.0000e+01	3.1233e+00	5.6460e-08	7.3322e-01	2.6678e-01	4.6940e-01	5.3060e-01	4.8621e-08	5.3885e-11	6.7898e-04	9.4869e-01	5.0627e-02	3.4046e-07	7.7576e-01	2.2406e-01	1.7385e-04	1.1755e-36	1.1755e-36	1.1755e-36	6.5592e-17	0.00e+00	0.00e+00	3.0822e+01
1.72926e+19	6.0087e+03	9.612e-23	1.0000e+01	3.0199e+00	6.2637e-08	7.4295e-01	2.5705e-01	4.7641e-01	5.2359e-01	4.8751e-08	5.7684e-11	6.5932e-04	9.5038e-01	4.8965e-02	3.1815e-07	7.8448e-01	2.1536e-01	1.5970e-04	1.1755e-36	1.1755e-36	1.1755e-36	7.5244e-17	0.00e+00	0.00e+00	3.1377e+01
1.73046e+19	5.9322e+03	9.178e-23	1.0000e+01	2.9188e+00	6.9912e-08	7.5276e-01	2.4724e-01	4.8387e-01	5.1613e-01	4.8799e-08	6.2077e-11	6.4013e-04	9.5208e-01	4.7284e-02	2.9668e-07	7.9324e-01	2.0662e-01	1.4634e-04	1.1755e-36	1.1755e-36	1.1755e-36	8.7340e-17	0.00e+00	0.00e+00	3.1947e+01
1.73163e+19	5.8581e+03	8.766e-23	1.0000e+01	2.8207e+00	7.7683e-08	7.6194e-01	2.3806e-01	4.9105e-01	5.0895e-01	4.8892e-08	6.6663e-11	6.2129e-04	9.5367e-01	4.5708e-02	2.7726e-07	8.0140e-01	1.9847e-01	1.3441e-04	1.1755e-36	1.1755e-36	1.1755e-36	1.0106e-16	0.00e+00	0.00e+00	3.2502e+01
1.73278e+19	5.7828e+03	8.380e-23	1.0000e+01	2.7278e+00	8.6247e-08	7.7063e-01	2.2937e-01	4.9828e-01	5.0172e-01	4.8927e-08	7.1633e-11	6.0344e-04	9.5521e-01	4.4190e-02	2.5937e-07	8.0909e-01	1.9079e-01	1.2371e-04	1.1755e-36	1.1755e-36	1.1755e-36	1.1716e-16	0.00e+00	0.00e+00	3.3062e+01
1.73394e+19	5.7051e+03	8.010e-23	1.0000e+01	2.6376e+00	9.5863e-08	7.7904e-01	2.2096e-01	5.0566e-01	4.9434e-01	4.8925e-08	7.7145e-11	5.8606e-04	9.5671e-01	4.2703e-02	2.4256e-07	8.1651e-01	1.8337e-01	1.1386e-04	1.1755e-36	1.1755e-36	1.1755e-36	1.3651e-16	0.00e+00	0.00e+00	3.3633e+01
1.73510e+19	5.6183e+03	7.656e-23	1.0000e+01	2.5494e+00	1.0733e-07	7.8727e-01	2.1273e-01	5.1325e-01	4.8675e-01	4.8848e-08	8.3542e-11	5.6915e-04	9.5818e-01	4.1248e-02	2.2680e-07	8.2376e-01	1.7613e-01	1.0480e-04	1.1755e-36	1.1755e-36	1.1755e-36	1.6104e-16	0.00e+00	0.00e+00	3.4208e+01
1.73622e+19	5.5460e+03	7.328e-23	1.0000e+01	2.4679e+00	1.1821e-07	7.9472e-01	2.0528e-01	5.2031e-01	4.7969e-01	4.8841e-08	8.9820e-11	5.5319e-04	9.5953e-01	3.9918e-02	2.1280e-07	8.3028e-01	1.6962e-01	9.6841e-05	1.1755e-36	1.1755e-36	1.1755e-36	1.8693e-16	0.00e+00	0.00e+00	3.4751e+01
1.73735e+19	5.4547e+03	7.012e-23	1.0000e+01	2.3874e+00	1.3241e-07	8.0222e-01	1.9778e-01	5.2813e-01	4.7187e-01	4.8638e-08	9.7727e-11	5.3780e-04	9.6091e-01	3.8550e-02	1.9913e-07	8.3686e-01	1.6306e-01	8.9358e-05	1.1755e-36	1.1755e-36	1.1755e-36	2.2253e-16	0.00e+00	0.00e+00	3.5347e+01
1.73848e+19	5.3731e+03	6.708e-23	1.0000e+01	2.3093e+00	1.4669e-07	8.0932e-01	1.9067e-01	5.3553e-01	4.6447e-01	4.8532e-08	1.0592e-10	5.2254e-04	9.6220e-01	3.7274e-02	1.8667e-07	8.4305e-01	1.5687e-01	8.2518e-05	1.1755e-36	1.1755e-36	1.1755e-36	2.6246e-16	0.00e+00	0.00e+00	3.5908e+01
1.73960e+19	5.2857e+03	6.422e-23	1.0000e+01	2.2339e+00	1.6288e-07	8.1598e-01	1.8402e-01	5.4299e-01	4.5701e-01	4.8364e-08	1.1511e-10	5.0786e-04	9.6344e-01	3.6049e-02	1.7514e-07	8.4884e-01	1.5108e-01	7.6380e-05	1.1755e-36	1.1755e-36	1.1755e-36	3.1110e-16	0.00e+00	0.00e+00	3.6488e+01
1.74073e+19	5.1970e+03	6.146e-23	1.0000e+01	2.1626e+00	1.8090e-07	8.2273e-01	1.7727e-01	5.5090e-01	4.4910e-01	4.8076e-08	1.2575e-10	4.9406e-04	9.6469e-01	3.4816e-02	1.6404e-07	8.5468e-01	1.4525e-01	7.0541e-05	1.1755e-36	1.1755e-36	1.1755e-36	3.7200e-16	0.00e+00	0.00e+00	3.7077e+01
1.74186e+19	5.1048e+03	5.880e-23	1.0000e+01	2.0917e+00	2.0085e-07	8.2918e-01	1.7082e-01	5.5877e-01	4.4123e-01	4.7791e-08	1.3763e-10	4.8026e-04	9.6589e-01	3.3634e-02	1.5369e-07	8.6026e-01	1.3967e-01	6.5181e-05	1.1755e-36	1.1755e-36	1.1755e-36	4.4595e-16	0.00e+00	0.00e+00	3.7673e+01
1.74300e+19	5.0115e+03	5.623e-23	1.0000e+01	2.0212e+00	2.2224e-07	8.3530e-01	1.6470e-01	5.6656e-01	4.3344e-01	4.7523e-08	1.5061e-10	4.6649e-04	9.6703e-01	3.2502e-02	1.4404e-07	8.6556e-01	1.3438e-01	6.0259e-05	1.1755e-36	1.1755e-36	1.1755e-36	5.3351e-16	0.00e+00	0.00e+00	3.8277e+01
1.74417e+19	4.9158e+03	5.372e-23	1.0000e+01	1.9534e+00	2.4533e-07	8.4148e-01	1.5852e-01	5.7482e-01	4.2518e-01	4.7147e-08	1.6065e-10	4.5334e-04	9.6831e-01	3.1240e-02	1.3419e-07	8.7086e-01	1.2908e-01	5.5573e-05	1.1755e-36	1.1755e-36	1.1755e-36	6.0678e-16	0.00e+00	0.00e+00	3.8910e+01
1.74540e+19	4.8045e+03	5.121e-23	1.0000e+01	1.8826e+00	2.7284e-07	8.4781e-01	1.5219e-01	5.8365e-01	4.1635e-01	4.6684e-08	1.7075e-10	4.3976e-04	9.6964e-01	2.9925e-02	1.2439e-07	8.7630e-01	1.2364e-01	5.1047e-05	1.1755e-36	1.1755e-36	1.1755e-36	6.8575e-16	0.00e+00	0.00e+00	3.9587e+01
1.74666e+19	4.6867e+03	4.877e-23	1.0000e+01	1.8121e+00	3.0267e-07	8.5412e-01	1.4588e-01	5.9266e-01	4.0734e-01	4.6176e-08	1.8067e-10	4.2631e-04	9.7095e-01	2.8628e-02	1.1755e-36	8.8172e-01	1.1823e-01	4.6794e-05	1.1755e-36	1.1755e-36	1.1755e-36	7.6768e-16	0.00e+00	0.00e+00	4.0263e+01
1.74792e+19	4.5689e+03	4.643e-23	1.0000e+01	1.7439e+00	3.3246e-07	8.6016e-01	1.3984e-01	6.0176e-01	3.9824e-01	4.5628e-08	1.8953e-10	4.1333e-04	9.7222e-01	2.7370e-02	1.1755e-36	8.8689e-01	1.1306e-01	4.2899e-05	1.1755e-36	1.1755e-36	1.1755e-36	8.4362e-16	0.00e+00	0.00e+00	4.0955e+01
1.74921e+19	4.4462e+03	4.416e-23	1.0000e+01	1.6767e+00	3.6232e-07	8.6610e-01	1.3390e-01	6.1109e-01	3.8891e-01	4.5019e-08	1.9709e-10	4.0062e-04	9.7347e-01	2.6130e-02	1.1755e-36	8.9196e-01	1.0800e-01	3.9267e-05	1.1755e-36	1.1755e-36	1.1755e-36	9.0961e-16	0.00e+00	0.00e+00	4.1667e+01
1.75051e+19	4.3204e+03	4.198e-23	1.0000e+01	1.6110e+00	3.9057e-07	8.7187e-01	1.2813e-01	6.2049e-01	3.7951e-01	4.4368e-08	2.0268e-10	3.8829e-04	9.7468e-01	2.4928e-02	1.1755e-36	8.9688e-01	1.0308e-01	3.5916e-05	1.1755e-36	1.1755e-36	1.1755e-36	9.5760e-16	0.00e+00	0.00e+00	4.2383e+01
1.75180e+19	4.1939e+03	3.994e-23	1.0000e+01	1.5482e+00	4.1539e-07	8.7736e-01	1.2264e-01	6.2981e-01	3.7018e-01	4.3678e-08	2.0581e-10	3.7665e-04	9.7584e-01	2.3783e-02	1.1755e-36	9.0155e-01	9.8416e-02	3.2893e-05	1.1755e-36	1.1755e-36	1.1755e-36	9.8083e-16	0.00e+00	0.00e+00	4.3089e+01
1.75307e+19	4.0670e+03	3.804e-23	1.0000e+01	1.4885e+00	4.3580e-07	8.8255e-01	1.1745e-01	6.3905e-01	3.6095e-01	4.2945e-08	2.0631e-10	3.6576e-04	9.7694e-01	2.2697e-02	1.1755e-36	9.0596e-01	9.4013e-02	3.0174e-05	1.1755e-36	1.1755e-36	1.1755e-36	9.7676e-16	0.00e+00	0.00e+00	4.3789e+01
1.75430e+19	3.9418e+03	3.627e-23	1.0000e+01	1.4322e+00	4.5103e-07	8.8742e-01	1.1258e-01	6.4803e-01	3.5197e-01	4.2193e-08	2.0432e-10	3.5568e-04	9.7796e-01	2.1681e-02	1.1755e-36	9.1008e-01	8.9892e-02	2.7750e-05	1.1755e-36	1.1755e-36	1.1755e-36	9.4727e-16	0.00e+00	0.00e+00	4.4466e+01
###########################
5.56459e+14	6.9626e+03	3.737e-22	1.0000e+01	1.0846e+01	1.5396e-13	2.9993e-03	9.9700e-01	9.0948e-03	9.7557e-01	1.5331e-02	1.8549e-17	1.3096e-04	1.4700e-01	8.4905e-01	3.8215e-03	9.0195e-04	3.0266e-01	6.9292e-01	3.5241e-03	1.1755e-36	1.1755e-36	1.6567e-25	0.00e+00	0.00e+00	2.1073e-04
3.33876e+15	6.9598e+03	3.736e-22	1.0000e+01	1.0845e+01	1.5418e-13	2.9986e-03	9.9700e-01	9.0959e-03	9.7559e-01	1.5319e-02	1.8529e-17	1.3085e-04	1.4701e-01	8.4903e-01	3.8264e-03	9.0136e-04	3.0253e-01	6.9306e-01	3.5128e-03	1.1755e-36	1.1755e-36	1.6538e-25	0.00e+00	0.00e+00	1.0535e-03
1.44679e+16	6.9533e+03	3.732e-22	1.0000e+01	1.0845e+01	1.5481e-13	2.9978e-03	9.9700e-01	9.1033e-03	9.7567e-01	1.5222e-02	1.8525e-17	1.3093e-04	1.4712e-01	8.4893e-01	3.8149e-03	9.0116e-04	3.0249e-01	6.9314e-01	3.4637e-03	1.1755e-36	1.1755e-36	1.6509e-25	0.00e+00	0.00e+00	4.4234e-03
5.89847e+16	6.9404e+03	3.719e-22	1.0000e+01	1.0844e+01	1.5614e-13	2.9967e-03	9.9700e-01	9.1307e-03	9.7614e-01	1.4731e-02	1.8554e-17	1.3143e-04	1.4747e-01	8.4863e-01	3.7742e-03	9.0222e-04	3.0272e-01	6.9311e-01	3.2729e-03	1.1755e-36	1.1755e-36	1.6468e-25	0.00e+00	0.00e+00	1.7899e-02
1.40896e+17	6.8822e+03	3.679e-22	1.0000e+01	1.0844e+01	1.5938e-13	2.9688e-03	9.9703e-01	9.1641e-03	9.7642e-01	1.4411e-02	1.8164e-17	1.3138e-04	1.4794e-01	8.4820e-01	3.7333e-03	8.9312e-04	3.0217e-01	6.9391e-01	3.0260e-03	1.1755e-36	1.1755e-36	1.5804e-25	0.00e+00	0.00e+00	3.5253e-02
2.47380e+17	6.8209e+03	3.639e-22	1.0000e+01	1.0844e+01	1.6365e-13	2.9466e-03	9.9705e-01	9.2161e-03	9.7720e-01	1.3586e-02	1.7912e-17	1.3162e-04	1.4862e-01	8.4759e-01	3.6592e-03	8.8856e-04	3.0246e-01	6.9394e-01	2.7165e-03	1.1755e-36	1.1755e-36	1.5281e-25	0.00e+00	0.00e+00	5.7645e-02
3.85809e+17	6.7564e+03	3.597e-22	1.0000e+01	1.0843e+01	1.6876e-13	2.9268e-03	9.9707e-01	9.2757e-03	9.7844e-01	1.2283e-02	1.7520e-17	1.3199e-04	1.4933e-01	8.4698e-01	3.5543e-03	8.7759e-04	3.0022e-01	6.9654e-01	2.3602e-03	1.1755e-36	1.1755e-36	1.4654e-25	0.00e+00	0.00e+00	8.6559e-02
5.65767e+17	6.6860e+03	3.550e-22	1.0000e+01	1.0842e+01	1.7548e-13	2.9134e-03	9.9709e-01	9.3700e-03	9.8011e-01	1.0519e-02	1.7444e-17	1.3284e-04	1.5050e-01	8.4595e-01	3.4162e-03	8.8023e-04	3.0174e-01	6.9544e-01	1.9438e-03	1.1755e-36	1.1755e-36	1.4267e-25	0.00e+00	0.00e+00	1.2398e-01
7.99713e+17	6.6099e+03	3.498e-22	1.0000e+01	1.0840e+01	1.8443e-13	2.9076e-03	9.9709e-01	9.4971e-03	9.8211e-01	8.3967e-03	1.7573e-17	1.3424e-04	1.5209e-01	8.4453e-01	3.2490e-03	8.9067e-04	3.0492e-01	6.9269e-01	1.5001e-03	1.1755e-36	1.1755e-36	1.4040e-25	0.00e+00	0.00e+00	1.7252e-01
1.10384e+18	6.5293e+03	3.442e-22	1.0000e+01	1.0838e+01	1.9624e-13	2.9128e-03	9.9709e-01	9.6642e-03	9.8421e-01	6.1222e-03	1.7977e-17	1.3642e-04	1.5422e-01	8.4258e-01	3.0618e-03	9.1102e-04	3.1000e-01	6.8803e-01	1.0646e-03	1.1755e-36	1.1755e-36	1.4022e-25	0.00e+00	0.00e+00	2.3574e-01
1.49921e+18	6.4465e+03	3.384e-22	1.0000e+01	1.0835e+01	2.1177e-13	2.9351e-03	9.9706e-01	9.8839e-03	9.8613e-01	3.9831e-03	1.8757e-17	1.3976e-04	1.5709e-01	8.3990e-01	2.8668e-03	9.4438e-04	3.1721e-01	6.8117e-01	6.7922e-04	1.1755e-36	1.1755e-36	1.4279e-25	0.00e+00	0.00e+00	3.1856e-01
2.01319e+18	6.3654e+03	3.327e-22	1.0000e+01	1.0833e+01	2.3261e-13	2.9833e-03	9.9702e-01	1.0174e-02	9.8757e-01	2.2530e-03	2.0109e-17	1.4481e-04	1.6095e-01	8.3623e-01	2.6747e-03	9.9520e-04	3.2669e-01	6.7194e-01	3.7933e-04	1.1755e-36	1.1755e-36	1.4975e-25	0.00e+00	0.00e+00	4.2799e-01
2.68136e+18	6.2931e+03	3.274e-22	1.0000e+01	1.0831e+01	2.6080e-13	3.0721e-03	9.9693e-01	1.0565e-02	9.8836e-01	1.0779e-03	2.2382e-17	1.5245e-04	1.6620e-01	8.3116e-01	2.4886e-03	1.0719e-03	3.3887e-01	6.5988e-01	1.7992e-04	1.1755e-36	1.1755e-36	1.6390e-25	0.00e+00	0.00e+00	5.7448e-01
3.54998e+18	6.2426e+03	3.230e-22	1.0000e+01	1.0828e+01	2.9894e-13	3.2253e-03	9.9677e-01	1.1109e-02	9.8847e-01	4.2448e-04	2.6299e-17	1.6409e-04	1.7345e-01	8.2408e-01	2.3020e-03	1.1903e-03	3.5477e-01	6.4397e-01	7.0157e-05	1.1755e-36	1.1755e-36	1.9129e-25	0.00e+00	0.00e+00	7.7442e-01
4.67919e+18	6.2326e+03	3.200e-22	1.0000e+01	1.0824e+01	3.5343e-13	3.4876e-03	9.9651e-01	1.1905e-02	9.8796e-01	1.3461e-04	3.3735e-17	1.8255e-04	1.8384e-01	8.1388e-01	2.0991e-03	1.3845e-03	3.7670e-01	6.2189e-01	2.1790e-05	1.1755e-36	1.1755e-36	2.4929e-25	0.00e+00	0.00e+00	1.0555e+00
5.95503e+18	6.2734e+03	3.189e-22	1.0000e+01	1.0819e+01	4.1922e-13	3.8604e-03	9.9614e-01	1.2905e-02	9.8706e-01	3.9548e-05	4.5774e-17	2.0719e-04	1.9650e-01	8.0140e-01	1.8961e-03	1.6643e-03	4.0342e-01	5.9491e-01	6.2320e-06	1.1755e-36	1.1755e-36	3.5110e-25	0.00e+00	0.00e+00	1.3663e+00
7.13353e+18	6.3726e+03	3.206e-22	1.0000e+01	1.0814e+01	4.8754e-13	4.3238e-03	9.9568e-01	1.4005e-02	9.8598e-01	1.4250e-05	6.3911e-17	2.3573e-04	2.0991e-01	7.8813e-01	1.7173e-03	2.0214e-03	4.3187e-01	5.6611e-01	2.1214e-06	1.1755e-36	1.1755e-36	5.2143e-25	0.00e+00	0.00e+00	1.6616e+00
8.09344e+18	6.4961e+03	3.241e-22	1.0000e+01	1.0808e+01	5.5472e-13	4.8250e-03	9.9517e-01	1.5101e-02	9.8489e-01	6.7808e-06	8.8159e-17	2.6489e-04	2.2274e-01	7.7542e-01	1.5704e-03	2.4242e-03	4.5912e-01	5.3846e-01	9.3101e-07	1.1755e-36	1.1755e-36	7.7161e-25	0.00e+00	0.00e+00	1.9169e+00
8.85640e+18	6.6166e+03	3.283e-22	1.0000e+01	1.0801e+01	6.2403e-13	5.3358e-03	9.9466e-01	1.6176e-02	9.8382e-01	3.9423e-06	1.1873e-16	2.9326e-04	2.3483e-01	7.6343e-01	1.4477e-03	2.8552e-03	4.8451e-01	5.1264e-01	4.9404e-07	1.1755e-36	1.1755e-36	1.1119e-24	0.00e+00	0.00e+00	2.1486e+00
9.51514e+18	6.7323e+03	3.327e-22	1.0000e+01	1.0795e+01	7.0315e-13	5.8827e-03	9.9412e-01	1.7288e-02	9.8271e-01	2.5303e-06	1.5896e-16	3.2273e-04	2.4707e-01	7.5128e-01	1.3354e-03	3.3395e-03	5.0971e-01	4.8695e-01	2.8684e-07	1.1755e-36	1.1755e-36	1.5912e-24	0.00e+00	0.00e+00	2.3824e+00
1.01315e+19	6.8491e+03	3.376e-22	1.0000e+01	1.0787e+01	7.9978e-13	6.5076e-03	9.9349e-01	1.8544e-02	9.8145e-01	1.7023e-06	2.1514e-16	3.5505e-04	2.6027e-01	7.3815e-01	1.2251e-03	3.9195e-03	5.3631e-01	4.5977e-01	1.7232e-07	1.1755e-36	1.1755e-36	2.3071e-24	0.00e+00	0.00e+00	2.6302e+00
1.07150e+19	6.9669e+03	3.431e-22	1.0000e+01	1.0779e+01	9.1984e-13	7.2316e-03	9.9277e-01	1.9949e-02	9.8005e-01	1.1905e-06	2.9476e-16	3.9078e-04	2.7458e-01	7.2392e-01	1.1162e-03	4.6217e-03	5.6442e-01	4.3096e-01	1.1755e-36	1.1755e-36	1.1755e-36	3.3969e-24	0.00e+00	0.00e+00	2.8877e+00
1.12530e+19	7.0812e+03	3.489e-22	1.0000e+01	1.0769e+01	1.0665e-12	8.0514e-03	9.9195e-01	2.1501e-02	9.7850e-01	8.6808e-07	4.0516e-16	4.2908e-04	2.8971e-01	7.0885e-01	1.0116e-03	5.4509e-03	5.9314e-01	4.0141e-01	1.1755e-36	1.1755e-36	1.1755e-36	5.0203e-24	0.00e+00	0.00e+00	3.1480e+00
1.17421e+19	7.1881e+03	3.549e-22	1.0000e+01	1.0758e+01	1.2457e-12	8.9662e-03	9.9103e-01	2.3195e-02	9.7680e-01	6.5757e-07	5.5626e-16	4.6949e-04	3.0550e-01	6.9312e-01	9.1283e-04	6.4128e-03	6.2180e-01	3.7179e-01	1.1755e-36	1.1755e-36	1.1755e-36	7.4076e-24	0.00e+00	0.00e+00	3.4118e+00
1.21920e+19	7.2873e+03	3.611e-22	1.0000e+01	1.0746e+01	1.4690e-12	9.9978e-03	9.9000e-01	2.5067e-02	9.7493e-01	5.1265e-07	7.6505e-16	5.1242e-04	3.2214e-01	6.7652e-01	8.1880e-04	7.5358e-03	6.5038e-01	3.4208e-01	1.1755e-36	1.1755e-36	1.1755e-36	1.0953e-23	0.00e+00	0.00e+00	3.6857e+00
1.25707e+19	7.3744e+03	3.670e-22	1.0000e+01	1.0733e+01	1.7144e-12	1.1050e-02	9.8895e-01	2.6921e-02	9.7308e-01	4.2054e-07	1.0203e-15	5.5307e-04	3.3776e-01	6.6095e-01	7.3901e-04	8.7128e-03	6.7585e-01	3.1543e-01	1.1755e-36	1.1755e-36	1.1755e-36	1.5616e-23	0.00e+00	0.00e+00	3.9114e+00
1.28698e+19	7.4395e+03	3.720e-22	1.0000e+01	1.0723e+01	1.9730e-12	1.2046e-02	9.8795e-01	2.8633e-02	9.7137e-01	3.5959e-07	1.3067e-15	5.8974e-04	3.5173e-01	6.4701e-01	6.7381e-04	9.8522e-03	6.9716e-01	2.9299e-01	1.1755e-36	1.1755e-36	1.1755e-36	2.1172e-23	0.00e+00	0.00e+00	4.1205e+00
1.31860e+19	7.5024e+03	3.772e-22	1.0000e+01	1.0708e+01	2.3336e-12	1.3288e-02	9.8671e-01	3.0805e-02	9.6919e-01	3.0205e-07	1.7326e-15	6.3339e-04	3.6852e-01	6.3024e-01	6.0279e-04	1.1306e-02	7.2070e-01	2.6799e-01	1.1755e-36	1.1755e-36	1.1755e-36	2.9887e-23	0.00e+00	0.00e+00	4.4203e+00
1.35274e+19	7.5776e+03	3.835e-22	1.0000e+01	1.0695e+01	2.8349e-12	1.4894e-02	9.8511e-01	3.3452e-02	9.6655e-01	2.5362e-07	2.3919e-15	6.8455e-04	3.8809e-01	6.1070e-01	5.2830e-04	1.3217e-02	7.4640e-01	2.4039e-01	1.1755e-36	1.1755e-36	1.1755e-36	4.4559e-23	0.00e+00	0.00e+00	4.7263e+00
1.38220e+19	7.6279e+03	3.897e-22	1.0000e+01	1.0669e+01	3.4536e-12	1.6618e-02	9.8338e-01	3.6300e-02	9.6370e-01	2.1863e-07	3.2324e-15	7.3566e-04	4.0742e-01	5.9138e-01	4.6360e-04	1.5296e-02	7.6905e-01	2.1565e-01	1.1755e-36	1.1755e-36	1.1755e-36	6.4488e-23	0.00e+00	0.00e+00	5.0032e+00
1.40729e+19	7.6720e+03	3.952e-22	1.0000e+01	1.0651e+01	4.1612e-12	1.8397e-02	9.8160e-01	3.9129e-02	9.6087e-01	1.9265e-07	4.2722e-15	7.8419e-04	4.2578e-01	5.7303e-01	4.0868e-04	1.7468e-02	7.8851e-01	1.9402e-01	1.1755e-36	1.1755e-36	1.1755e-36	9.1089e-23	0.00e+00	0.00e+00	5.2795e+00
1.43466e+19	7.7106e+03	4.011e-22	1.0000e+01	1.0626e+01	5.2315e-12	2.0744e-02	9.7926e-01	4.2858e-02	9.5714e-01	1.6658e-07	5.9318e-15	8.4349e-04	4.4838e-01	5.5043e-01	3.4931e-04	2.0366e-02	8.0948e-01	1.7016e-01	1.1755e-36	1.1755e-36	1.1755e-36	1.3668e-22	0.00e+00	0.00e+00	5.6847e+00
1.46406e+19	7.7418e+03	4.084e-22	1.0000e+01	1.0592e+01	6.9301e-12	2.3945e-02	9.7606e-01	4.7705e-02	9.5229e-01	1.4368e-07	8.6963e-15	9.1412e-04	4.7527e-01	5.2353e-01	2.8852e-04	2.4338e-02	8.3093e-01	1.4473e-01	1.1755e-36	1.1755e-36	1.1755e-36	2.2023e-22	0.00e+00	0.00e+00	6.1063e+00
1.48942e+19	7.7707e+03	4.147e-22	1.0000e+01	1.0552e+01	9.1088e-12	2.7521e-02	9.7248e-01	5.2915e-02	9.4708e-01	1.2679e-07	1.2520e-14	9.8247e-04	5.0151e-01	4.9727e-01	2.3824e-04	2.8797e-02	8.4834e-01	1.2287e-01	1.1755e-36	1.1755e-36	1.1755e-36	3.4827e-22	0.00e+00	0.00e+00	6.5031e+00
1.51152e+19	7.7854e+03	4.201e-22	1.0000e+01	1.0503e+01	1.1960e-11	3.1489e-02	9.6851e-01	5.8590e-02	9.4141e-01	1.1329e-07	1.7729e-14	1.0484e-03	5.2725e-01	4.7150e-01	1.9648e-04	3.3758e-02	8.6202e-01	1.0422e-01	1.1755e-36	1.1755e-36	1.1755e-36	5.4016e-22	0.00e+00	0.00e+00	6.9278e+00
1.53242e+19	7.8008e+03	4.248e-22	1.0000e+01	1.0448e+01	1.5888e-11	3.6234e-02	9.6377e-01	6.5140e-02	9.3486e-01	1.0178e-07	2.5359e-14	1.1160e-03	5.5406e-01	4.4467e-01	1.5964e-04	3.9695e-02	8.7307e-01	8.7233e-02	1.1755e-36	1.1755e-36	1.1755e-36	8.5210e-22	0.00e+00	0.00e+00	7.3951e+00
1.55185e+19	7.7904e+03	4.297e-22	1.0000e+01	1.0384e+01	2.1762e-11	4.2014e-02	9.5799e-01	7.2771e-02	9.2723e-01	9.1925e-08	3.6778e-14	1.1858e-03	5.8199e-01	4.1670e-01	1.2753e-04	4.6908e-02	8.8104e-01	7.2050e-02	1.1755e-36	1.1755e-36	1.1755e-36	1.3715e-21	0.00e+00	0.00e+00	7.8845e+00
1.56893e+19	7.7814e+03	4.337e-22	1.0000e+01	1.0319e+01	2.9684e-11	4.8640e-02	9.5136e-01	8.1008e-02	9.1899e-01	8.4121e-08	5.2884e-14	1.2525e-03	6.0907e-01	3.8957e-01	1.0154e-04	5.5150e-02	8.8553e-01	5.9315e-02	1.1755e-36	1.1755e-36	1.1755e-36	2.1953e-21	0.00e+00	0.00e+00	8.3671e+00
1.58353e+19	7.7699e+03	4.362e-22	1.0000e+01	1.0241e+01	3.9949e-11	5.5891e-02	9.4411e-01	8.9621e-02	9.1038e-01	7.7878e-08	7.4310e-14	1.3113e-03	6.3415e-01	3.6446e-01	8.1362e-05	6.4139e-02	8.8679e-01	4.9074e-02	1.1755e-36	1.1755e-36	1.1755e-36	3.4234e-21	0.00e+00	0.00e+00	8.8427e+00
1.59636e+19	7.7523e+03	4.382e-22	1.0000e+01	1.0168e+01	5.3683e-11	6.4058e-02	9.3594e-01	9.8864e-02	9.0114e-01	7.2580e-08	1.0359e-13	1.3674e-03	6.5823e-01	3.4034e-01	6.5108e-05	7.4216e-02	8.8520e-01	4.0589e-02	1.1755e-36	1.1755e-36	1.1755e-36	5.3058e-21	0.00e+00	0.00e+00	9.3356e+00
1.60802e+19	7.7353e+03	4.386e-22	1.0000e+01	1.0075e+01	7.2081e-11	7.3373e-02	9.2663e-01	1.0889e-01	8.9111e-01	6.8019e-08	1.4365e-13	1.4173e-03	6.8139e-01	3.1714e-01	5.1911e-05	8.5652e-02	8.8091e-01	3.3437e-02	1.1755e-36	1.1755e-36	1.1755e-36	8.1953e-21	0.00e+00	0.00e+00	9.8513e+00
1.61868e+19	7.7166e+03	4.376e-22	1.0000e+01	9.9653e+00	9.7115e-11	8.4099e-02	9.1590e-01	1.1980e-01	8.8020e-01	6.4031e-08	1.9897e-13	1.4615e-03	7.0376e-01	2.9474e-01	4.1165e-05	9.8743e-02	8.7386e-01	2.7396e-02	1.1755e-36	1.1755e-36	1.1755e-36	1.2686e-20	0.00e+00	0.00e+00	1.0392e+01
1.62837e+19	7.6987e+03	4.340e-22	1.0000e+01	9.8125e+00	1.3028e-10	9.6152e-02	9.0385e-01	1.3138e-01	8.6862e-01	6.0640e-08	2.7252e-13	1.4941e-03	7.2461e-01	2.7386e-01	3.2656e-05	1.1337e-01	8.6423e-01	2.2401e-02	1.1755e-36	1.1755e-36	1.1755e-36	1.9390e-20	0.00e+00	0.00e+00	1.0951e+01
1.63724e+19	7.6795e+03	4.290e-22	1.0000e+01	9.6447e+00	1.7527e-10	1.0993e-01	8.9007e-01	1.4390e-01	8.5610e-01	5.7578e-08	3.7303e-13	1.5208e-03	7.4456e-01	2.5389e-01	2.5799e-05	1.2996e-01	8.5181e-01	1.8228e-02	1.1755e-36	1.1755e-36	1.1755e-36	2.9739e-20	0.00e+00	0.00e+00	1.1542e+01
1.64539e+19	7.6548e+03	4.236e-22	1.0000e+01	9.4885e+00	2.3856e-10	1.2617e-01	8.7383e-01	1.5756e-01	8.4244e-01	5.4850e-08	5.1611e-13	1.5462e-03	7.6420e-01	2.3424e-01	2.0167e-05	1.4934e-01	8.3596e-01	1.4692e-02	1.1755e-36	1.1755e-36	1.1755e-36	4.6532e-20	0.00e+00	0.00e+00	1.2163e+01
1.65271e+19	7.6284e+03	4.160e-22	1.0000e+01	9.2989e+00	3.2336e-10	1.4427e-01	8.5573e-01	1.7169e-01	8.2831e-01	5.2547e-08	7.0652e-13	1.5606e-03	7.8213e-01	2.1630e-01	1.5823e-05	1.7076e-01	8.1740e-01	1.1840e-02	1.1755e-36	1.1755e-36	1.1755e-36	7.2018e-20	0.00e+00	0.00e+00	1.2786e+01
1.65921e+19	7.6024e+03	4.067e-22	1.0000e+01	9.0905e+00	4.3375e-10	1.6398e-01	8.3602e-01	1.8608e-01	8.1392e-01	5.0590e-08	9.5369e-13	1.5659e-03	7.9838e-01	2.0004e-01	1.2499e-05	1.9386e-01	7.9657e-01	9.5703e-03	1.1755e-36	1.1755e-36	1.1755e-36	1.0972e-19	0.00e+00	0.00e+00	1.3425e+01
1.66518e+19	7.5738e+03	3.955e-22	1.0000e+01	8.8605e+00	5.8096e-10	1.8590e-01	8.1410e-01	2.0106e-01	7.9894e-01	4.8878e-08	1.2803e-12	1.5629e-03	8.1352e-01	1.8491e-01	9.8801e-06	2.1927e-01	7.7302e-01	7.7157e-03	1.1755e-36	1.1755e-36	1.1755e-36	1.6646e-19	0.00e+00	0.00e+00	1.4103e+01
1.67079e+19	7.5410e+03	3.822e-22	1.0000e+01	8.6017e+00	7.8204e-10	2.1068e-01	7.8932e-01	2.1681e-01	7.8319e-01	4.7386e-08	1.7191e-12	1.5512e-03	8.2782e-01	1.7062e-01	7.7850e-06	2.4765e-01	7.4618e-01	6.1766e-03	1.1755e-36	1.1755e-36	1.1755e-36	2.5365e-19	0.00e+00	0.00e+00	1.4826e+01
1.67604e+19	7.5007e+03	3.661e-22	1.0000e+01	8.2855e+00	1.0553e-09	2.3788e-01	7.6212e-01	2.3290e-01	7.6710e-01	4.6156e-08	2.2875e-12	1.5249e-03	8.4080e-01	1.5767e-01	6.1557e-06	2.7843e-01	7.1665e-01	4.9290e-03	1.1755e-36	1.1755e-36	1.1755e-36	3.8266e-19	0.00e+00	0.00e+00	1.5587e+01
1.68098e+19	7.4609e+03	3.487e-22	1.0000e+01	7.9657e+00	1.4250e-09	2.6836e-01	7.3164e-01	2.4960e-01	7.5040e-01	4.5165e-08	3.0518e-12	1.4935e-03	8.5319e-01	1.4531e-01	4.8494e-06	3.1241e-01	6.8369e-01	3.9014e-03	1.1755e-36	1.1755e-36	1.1755e-36	5.8285e-19	0.00e+00	0.00e+00	1.6402e+01
1.68562e+19	7.4118e+03	3.295e-22	1.0000e+01	7.6162e+00	1.9321e-09	3.0176e-01	6.9824e-01	2.6666e-01	7.3334e-01	4.4385e-08	4.0546e-12	1.4537e-03	8.6464e-01	1.3390e-01	3.8269e-06	3.4910e-01	6.4783e-01	3.0725e-03	1.1755e-36	1.1755e-36	1.1755e-36	8.8687e-19	0.00e+00	0.00e+00	1.7252e+01
1.68979e+19	7.3580e+03	3.098e-22	1.0000e+01	7.2567e+00	2.5860e-09	3.3630e-01	6.6370e-01	2.8295e-01	7.1705e-01	4.3913e-08	5.2878e-12	1.4067e-03	8.7468e-01	1.2391e-01	3.0619e-06	3.8641e-01	6.1115e-01	2.4348e-03	1.1755e-36	1.1755e-36	1.1755e-36	1.3195e-18	0.00e+00	0.00e+00	1.8078e+01
1.69331e+19	7.3042e+03	2.915e-22	1.0000e+01	6.9206e+00	3.3464e-09	3.6879e-01	6.3121e-01	2.9722e-01	7.0278e-01	4.3729e-08	6.6501e-12	1.3584e-03	8.8286e-01	1.1578e-01	2.5224e-06	4.2098e-01	5.7705e-01	1.9753e-03	1.1755e-36	1.1755e-36	1.1755e-36	1.8679e-18	0.00e+00	0.00e+00	1.8809e+01
1.69617e+19	7.2483e+03	2.758e-22	1.0000e+01	6.6357e+00	4.1814e-09	3.9771e-01	6.0229e-01	3.0961e-01	6.9039e-01	4.3634e-08	8.0680e-12	1.3165e-03	8.8953e-01	1.0916e-01	2.1413e-06	4.5131e-01	5.4704e-01	1.6500e-03	1.1755e-36	1.1755e-36	1.1755e-36	2.5138e-18	0.00e+00	0.00e+00	1.9458e+01
1.69867e+19	7.2063e+03	2.608e-22	1.0000e+01	6.3556e+00	5.0260e-09	4.2305e-01	5.7695e-01	3.2025e-01	6.7975e-01	4.3753e-08	9.4389e-12	1.2721e-03	8.9492e-01	1.0381e-01	1.8618e-06	4.7754e-01	5.2105e-01	1.4081e-03	1.1755e-36	1.1755e-36	1.1755e-36	3.2038e-18	0.00e+00	0.00e+00	2.0102e+01
1.70096e+19	7.1493e+03	2.471e-22	1.0000e+01	6.1002e+00	6.0467e-09	4.4802e-01	5.5198e-01	3.3069e-01	6.6931e-01	4.3817e-08	1.0979e-11	1.2314e-03	8.9996e-01	9.8803e-02	1.6297e-06	5.0312e-01	4.9567e-01	1.2094e-03	1.1755e-36	1.1755e-36	1.1755e-36	4.0587e-18	0.00e+00	0.00e+00	2.0720e+01
1.70310e+19	7.0934e+03	2.341e-22	1.0000e+01	5.8610e+00	7.1946e-09	4.7207e-01	5.2793e-01	3.4080e-01	6.5920e-01	4.3920e-08	1.2646e-11	1.1923e-03	9.0463e-01	9.4176e-02	1.4364e-06	5.2747e-01	4.7149e-01	1.0450e-03	1.1755e-36	1.1755e-36	1.1755e-36	5.0781e-18	0.00e+00	0.00e+00	2.1343e+01
1.70517e+19	7.0383e+03	2.212e-22	1.0000e+01	5.6183e+00	8.4954e-09	4.9546e-01	5.0454e-01	3.5049e-01	6.4951e-01	4.4153e-08	1.4432e-11	1.1514e-03	9.0894e-01	8.9909e-02	1.2726e-06	5.5089e-01	4.4820e-01	9.0567e-04	1.1755e-36	1.1755e-36	1.1755e-36	6.2745e-18	0.00e+00	0.00e+00	2.1984e+01
1.70714e+19	6.9805e+03	2.090e-22	1.0000e+01	5.3827e+00	9.9786e-09	5.1808e-01	4.8192e-01	3.5976e-01	6.4024e-01	4.4453e-08	1.6344e-11	1.1108e-03	9.1290e-01	8.5988e-02	1.1343e-06	5.7331e-01	4.2590e-01	7.8832e-04	1.1755e-36	1.1755e-36	1.1755e-36	7.6792e-18	0.00e+00	0.00e+00	2.2604e+01
1.70896e+19	6.9239e+03	1.978e-22	1.0000e+01	5.1642e+00	1.1578e-08	5.3895e-01	4.6105e-01	3.6835e-01	6.3165e-01	4.4791e-08	1.8289e-11	1.0726e-03	9.1644e-01	8.2486e-02	1.0206e-06	5.9380e-01	4.0550e-01	6.9268e-04	1.1755e-36	1.1755e-36	1.1755e-36	9.2406e-18	0.00e+00	0.00e+00	2.3194e+01
1.71036e+19	6.8926e+03	1.893e-22	1.0000e+01	4.9912e+00	1.2829e-08	5.5458e-01	4.4542e-01	3.7417e-01	6.2583e-01	4.5255e-08	1.9819e-11	1.0412e-03	9.1883e-01	8.0125e-02	9.4563e-07	6.0901e-01	3.9037e-01	6.2755e-04	1.1755e-36	1.1755e-36	1.1755e-36	1.0568e-17	0.00e+00	0.00e+00	2.3571e+01
1.71134e+19	6.8556e+03	1.836e-22	1.0000e+01	4.8799e+00	1.3948e-08	5.6593e-01	4.3407e-01	3.7910e-01	6.2090e-01	4.5415e-08	2.1075e-11	1.0216e-03	9.2073e-01	7.8245e-02	8.9275e-07	6.1999e-01	3.7943e-01	5.8455e-04	1.1755e-36	1.1755e-36	1.1755e-36	1.1719e-17	0.00e+00	0.00e+00	2.3886e+01
1.71227e+19	6.8091e+03	1.782e-22	1.0000e+01	4.7737e+00	1.5226e-08	5.7681e-01	4.2319e-01	3.8428e-01	6.1572e-01	4.5491e-08	2.2373e-11	1.0032e-03	9.2264e-01	7.6354e-02	8.4324e-07	6.3049e-01	3.6897e-01	5.4587e-04	1.1755e-36	1.1755e-36	1.1755e-36	1.2968e-17	0.00e+00	0.00e+00	2.4243e+01
1.71333e+19	6.7823e+03	1.718e-22	1.0000e+01	4.6462e+00	1.6415e-08	5.8792e-01	4.1208e-01	3.8928e-01	6.1072e-01	4.5787e-08	2.3669e-11	9.7974e-04	9.2453e-01	7.4489e-02	7.9400e-07	6.4115e-01	3.5834e-01	5.0637e-04	1.1755e-36	1.1755e-36	1.1755e-36	1.4264e-17	0.00e+00	0.00e+00	2.4662e+01
1.71452e+19	6.7322e+03	1.649e-22	1.0000e+01	4.5075e+00	1.8179e-08	6.0122e-01	3.9878e-01	3.9554e-01	6.0446e-01	4.6011e-08	2.5400e-11	9.5474e-04	9.2678e-01	7.2269e-02	7.3976e-07	6.5381e-01	3.4573e-01	4.6403e-04	1.1755e-36	1.1755e-36	1.1755e-36	1.6110e-17	0.00e+00	0.00e+00	2.5141e+01
1.71574e+19	6.6840e+03	1.581e-22	1.0000e+01	4.3685e+00	2.0109e-08	6.1461e-01	3.8539e-01	4.0171e-01	5.9829e-01	4.6298e-08	2.7263e-11	9.2930e-04	9.2895e-01	7.0122e-02	6.8927e-07	6.6650e-01	3.3308e-01	4.2440e-04	1.1755e-36	1.1755e-36	1.1755e-36	1.8230e-17	0.00e+00	0.00e+00	2.5597e+01
1.71687e+19	6.6320e+03	1.520e-22	1.0000e+01	4.2421e+00	2.2188e-08	6.2695e-01	3.7305e-01	4.0762e-01	5.9238e-01	4.6531e-08	2.9134e-11	9.0624e-04	9.3095e-01	6.8142e-02	6.4541e-07	6.7814e-01	3.2147e-01	3.9063e-04	1.1755e-36	1.1755e-36	1.1755e-36	2.0508e-17	0.00e+00	0.00e+00	2.6022e+01
1.71793e+19	6.5896e+03	1.463e-22	1.0000e+01	4.1238e+00	2.4176e-08	6.3814e-01	3.6186e-01	4.1314e-01	5.8686e-01	4.6796e-08	3.0920e-11	8.8425e-04	9.3279e-01	6.6328e-02	6.0681e-07	6.8864e-01	3.1100e-01	3.6128e-04	1.1755e-36	1.1755e-36	1.1755e-36	2.2803e-17	0.00e+00	0.00e+00	2.6447e+01
1.71902e+19	6.5348e+03	1.407e-22	1.0000e+01	4.0045e+00	2.6626e-08	6.4962e-01	3.5038e-01	4.1911e-01	5.8089e-01	4.7003e-08	3.2929e-11	8.6226e-04	9.3469e-01	6.4444e-02	5.6911e-07	6.9934e-01	3.0032e-01	3.3341e-04	1.1755e-36	1.1755e-36	1.1755e-36	2.5562e-17	0.00e+00	0.00e+00	2.6906e+01
1.72015e+19	6.4784e+03	1.350e-22	1.0000e+01	3.8857e+00	2.9420e-08	6.6152e-01	3.3848e-01	4.2552e-01	5.7448e-01	4.7182e-08	3.5205e-11	8.4019e-04	9.3667e-01	6.2494e-02	5.3201e-07	7.1040e-01	2.8930e-01	3.0633e-04	1.1755e-36	1.1755e-36	1.1755e-36	2.8897e-17	0.00e+00	0.00e+00	2.7385e+01
1.72128e+19	6.4249e+03	1.294e-22	1.0000e+01	3.7656e+00	3.2359e-08	6.7285e-01	3.2715e-01	4.3160e-01	5.6840e-01	4.7452e-08	3.7493e-11	8.1756e-04	9.3852e-01	6.0664e-02	4.9831e-07	7.2086e-01	2.7886e-01	2.8184e-04	1.1755e-36	1.1755e-36	1.1755e-36	3.2484e-17	0.00e+00	0.00e+00	2.7859e+01
1.72240e+19	6.3693e+03	1.241e-22	1.0000e+01	3.6497e+00	3.5595e-08	6.8382e-01	3.1618e-01	4.3779e-01	5.6221e-01	4.7695e-08	3.9910e-11	7.9566e-04	9.4033e-01	5.8871e-02	4.6692e-07	7.3095e-01	2.6879e-01	2.5950e-04	1.1755e-36	1.1755e-36	1.1755e-36	3.6538e-17	0.00e+00	0.00e+00	2.8344e+01
1.72353e+19	6.3135e+03	1.189e-22	1.0000e+01	3.5358e+00	3.9147e-08	6.9465e-01	3.0535e-01	4.4414e-01	5.5586e-01	4.7930e-08	4.2505e-11	7.7398e-04	9.4214e-01	5.7087e-02	4.3710e-07	7.4085e-01	2.5891e-01	2.3868e-04	1.1755e-36	1.1755e-36	1.1755e-36	4.1190e-17	0.00e+00	0.00e+00	2.8846e+01
1.72469e+19	6.2514e+03	1.137e-22	1.0000e+01	3.4212e+00	4.3273e-08	7.0542e-01	2.9458e-01	4.5067e-01	5.4933e-01	4.8151e-08	4.5347e-11	7.5223e-04	9.4393e-01	5.5315e-02	4.0887e-07	7.5064e-01	2.4914e-01	2.1930e-04	1.1755e-36	1.1755e-36	1.1755e-36	4.6683e-17	0.00e+00	0.00e+00	2.9363e+01
1.72585e+19	6.1860e+03	1.088e-22	1.0000e+01	3.3085e+00	4.7922e-08	7.1590e-01	2.8410e-01	4.5730e-01	5.4270e-01	4.8370e-08	4.8404e-11	7.3063e-04	9.4570e-01	5.3574e-02	3.8230e-07	7.6017e-01	2.3963e-01	2.0141e-04	1.1755e-36	1.1755e-36	1.1755e-36	5.3053e-17	0.00e+00	0.00e+00	2.9888e+01
1.72701e+19	6.1175e+03	1.040e-22	1.0000e+01	3.2024e+00	5.3218e-08	7.2639e-01	2.7361e-01	4.6436e-01	5.3564e-01	4.8484e-08	5.1867e-11	7.1029e-04	9.4747e-01	5.1815e-02	3.5698e-07	7.6963e-01	2.3019e-01	1.8476e-04	1.1755e-36	1.1755e-36	1.1755e-36	6.0819e-17	0.00e+00	0.00e+00	3.0423e+01
1.72817e+19	6.0513e+03	9.946e-23	1.0000e+01	3.0971e+00	5.8852e-08	7.3624e-01	2.6376e-01	4.7115e-01	5.2884e-01	4.8659e-08	5.5415e-11	6.8991e-04	9.4915e-01	5.0155e-02	3.3388e-07	7.7848e-01	2.2135e-01	1.6978e-04	1.1755e-36	1.1755e-36	1.1755e-36	6.9425e-17	0.00e+00	0.00e+00	3.0957e+01
1.72933e+19	5.9833e+03	9.506e-23	1.0000e+01	2.9956e+00	6.5129e-08	7.4584e-01	2.5416e-01	4.7819e-01	5.2181e-01	4.8783e-08	5.9301e-11	6.7021e-04	9.5082e-01	4.8509e-02	3.1206e-07	7.8707e-01	2.1277e-01	1.5597e-04	1.1755e-36	1.1755e-36	1.1755e-36	7.9582e-17	0.00e+00	0.00e+00	3.1511e+01
1.73052e+19	5.9161e+03	9.070e-23	1.0000e+01	2.8919e+00	7.1938e-08	7.5507e-01	2.4493e-01	4.8514e-01	5.1486e-01	4.8977e-08	6.3386e-11	6.4989e-04	9.5243e-01	4.6916e-02	2.9159e-07	7.9529e-01	2.0456e-01	1.4322e-04	1.1755e-36	1.1755e-36	1.1755e-36	9.1118e-17	0.00e+00	0.00e+00	3.2084e+01
1.73175e+19	5.8343e+03	8.646e-23	1.0000e+01	2.7919e+00	8.0650e-08	7.6475e-01	2.3525e-01	4.9302e-01	5.0698e-01	4.8974e-08	6.8515e-11	6.3050e-04	9.5414e-01	4.5234e-02	2.7131e-07	8.0388e-01	1.9598e-01	1.3094e-04	1.1755e-36	1.1755e-36	1.1755e-36	1.0686e-16	0.00e+00	0.00e+00	3.2688e+01
1.73295e+19	5.7566e+03	8.250e-23	1.0000e+01	2.6954e+00	8.9830e-08	7.7372e-01	2.2628e-01	5.0042e-01	4.9958e-01	4.9044e-08	7.3833e-11	6.1153e-04	9.5570e-01	4.3691e-02	2.5328e-07	8.1181e-01	1.8807e-01	1.2010e-04	1.1755e-36	1.1755e-36	1.1755e-36	1.2465e-16	0.00e+00	0.00e+00	3.3254e+01
1.73410e+19	5.6791e+03	7.889e-23	1.0000e+01	2.6070e+00	9.9733e-08	7.8193e-01	2.1807e-01	5.0773e-01	4.9227e-01	4.9034e-08	7.9491e-11	5.9419e-04	9.5717e-01	4.2239e-02	2.3708e-07	8.1905e-01	1.8084e-01	1.1066e-04	1.1755e-36	1.1755e-36	1.1755e-36	1.4518e-16	0.00e+00	0.00e+00	3.3814e+01
1.73524e+19	5.5926e+03	7.547e-23	1.0000e+01	2.5215e+00	1.1149e-07	7.8989e-01	2.1011e-01	5.1527e-01	4.8473e-01	4.8934e-08	8.6033e-11	5.7749e-04	9.5860e-01	4.0819e-02	2.2193e-07	8.2606e-01	1.7384e-01	1.0203e-04	1.1755e-36	1.1755e-36	1.1755e-36	1.7106e-16	0.00e+00	0.00e+00	3.4383e+01
1.73635e+19	5.5202e+03	7.226e-23	1.0000e+01	2.4416e+00	1.2270e-07	7.9718e-01	2.0282e-01	5.2235e-01	4.7765e-01	4.8907e-08	9.2503e-11	5.6158e-04	9.5993e-01	3.9507e-02	2.0831e-07	8.3243e-01	1.6747e-01	9.4352e-05	1.1755e-36	1.1755e-36	1.1755e-36	1.9854e-16	0.00e+00	0.00e+00	3.4928e+01
1.73748e+19	5.4271e+03	6.913e-23	1.0000e+01	2.3618e+00	1.3762e-07	8.0463e-01	1.9537e-01	5.3027e-01	4.6973e-01	4.8679e-08	1.0081e-10	5.4602e-04	9.6131e-01	3.8144e-02	1.9488e-07	8.3895e-01	1.6096e-01	8.7048e-05	1.1755e-36	1.1755e-36	1.1755e-36	2.3711e-16	0.00e+00	0.00e+00	3.5530e+01
1.73862e+19	5.3454e+03	6.613e-23	1.0000e+01	2.2844e+00	1.5235e-07	8.1164e-01	1.8836e-01	5.3769e-01	4.6231e-01	4.8567e-08	1.0930e-10	5.3060e-04	9.6259e-01	3.6882e-02	1.8269e-07	8.4506e-01	1.5486e-01	8.0389e-05	1.1755e-36	1.1755e-36	1.1755e-36	2.7974e-16	0.00e+00	0.00e+00	3.6090e+01
1.73973e+19	5.2580e+03	6.332e-23	1.0000e+01	2.2113e+00	1.6912e-07	8.1831e-01	1.8169e-01	5.4536e-01	4.5464e-01	4.8336e-08	1.1898e-10	5.1617e-04	9.6383e-01	3.5650e-02	1.7131e-07	8.5086e-01	1.4907e-01	7.4370e-05	1.1755e-36	1.1755e-36	1.1755e-36	3.3247e-16	0.00e+00	0.00e+00	3.6674e+01
1.74087e+19	5.1672e+03	6.058e-23	1.0000e+01	2.1390e+00	1.8791e-07	8.2491e-01	1.7509e-01	5.5320e-01	4.4680e-01	4.8072e-08	1.3002e-10	5.0184e-04	9.6506e-01	3.4441e-02	1.6050e-07	8.5657e-01	1.4336e-01	6.8712e-05	1.1755e-36	1.1755e-36	1.1755e-36	3.9779e-16	0.00e+00	0.00e+00	3.7268e+01
1.74201e+19	5.0758e+03	5.795e-23	1.0000e+01	2.0674e+00	2.0812e-07	8.3117e-01	1.6883e-01	5.6094e-01	4.3906e-01	4.7828e-08	1.4209e-10	4.8757e-04	9.6623e-01	3.3285e-02	1.5043e-07	8.6199e-01	1.3794e-01	6.3521e-05	1.1755e-36	1.1755e-36	1.1755e-36	4.7517e-16	0.00e+00	0.00e+00	3.7866e+01
1.74316e+19	4.9822e+03	5.538e-23	1.0000e+01	1.9979e+00	2.3012e-07	8.3736e-01	1.6264e-01	5.6898e-01	4.3102e-01	4.7512e-08	1.5480e-10	4.7375e-04	9.6741e-01	3.2113e-02	1.4070e-07	8.6732e-01	1.3262e-01	5.8645e-05	1.1755e-36	1.1755e-36	1.1755e-36	5.6320e-16	0.00e+00	0.00e+00	3.8487e+01
1.74437e+19	4.8747e+03	5.286e-23	1.0000e+01	1.9284e+00	2.5623e-07	8.4377e-01	1.5623e-01	5.7770e-01	4.2230e-01	4.7046e-08	1.6498e-10	4.6019e-04	9.6875e-01	3.0790e-02	1.3063e-07	8.7284e-01	1.2711e-01	5.3939e-05	1.1755e-36	1.1755e-36	1.1755e-36	6.4007e-16	0.00e+00	0.00e+00	3.9141e+01
1.74558e+19	4.7688e+03	5.041e-23	1.0000e+01	1.8594e+00	2.8294e-07	8.4991e-01	1.5009e-01	5.8623e-01	4.1376e-01	4.6631e-08	1.7467e-10	4.4658e-04	9.7003e-01	2.9527e-02	1.1755e-36	8.7810e-01	1.2185e-01	4.9611e-05	1.1755e-36	1.1755e-36	1.1755e-36	7.1738e-16	0.00e+00	0.00e+00	3.9788e+01
1.74682e+19	4.6504e+03	4.804e-23	1.0000e+01	1.7908e+00	3.1302e-07	8.5603e-01	1.4397e-01	5.9532e-01	4.0468e-01	4.6075e-08	1.8427e-10	4.3326e-04	9.7132e-01	2.8246e-02	1.1755e-36	8.8335e-01	1.1660e-01	4.5539e-05	1.1755e-36	1.1755e-36	1.1755e-36	7.9806e-16	0.00e+00	0.00e+00	4.0478e+01
1.74813e+19	4.5279e+03	4.566e-23	1.0000e+01	1.7211e+00	3.4387e-07	8.6220e-01	1.3780e-01	6.0474e-01	3.9525e-01	4.5490e-08	1.9304e-10	4.1973e-04	9.7262e-01	2.6960e-02	1.1755e-36	8.8863e-01	1.1133e-01	4.1628e-05	1.1755e-36	1.1755e-36	1.1755e-36	8.7415e-16	0.00e+00	0.00e+00	4.1201e+01
1.74945e+19	4.4024e+03	4.338e-23	1.0000e+01	1.6528e+00	3.7387e-07	8.6822e-01	1.3178e-01	6.1422e-01	3.8578e-01	4.4874e-08	2.0017e-10	4.0652e-04	9.7388e-01	2.5716e-02	1.1755e-36	8.9377e-01	1.0619e-01	3.8015e-05	1.1755e-36	1.1755e-36	1.1755e-36	9.3663e-16	0.00e+00	0.00e+00	4.1921e+01
1.75074e+19	4.2776e+03	4.126e-23	1.0000e+01	1.5883e+00	4.0090e-07	8.7388e-01	1.2612e-01	6.2351e-01	3.7649e-01	4.4226e-08	2.0494e-10	3.9418e-04	9.7506e-01	2.4545e-02	1.1755e-36	8.9859e-01	1.0138e-01	3.4799e-05	1.1755e-36	1.1755e-36	1.1755e-36	9.7676e-16	0.00e+00	0.00e+00	4.2622e+01
1.75200e+19	4.1530e+03	3.930e-23	1.0000e+01	1.5275e+00	4.2406e-07	8.7918e-01	1.2082e-01	6.3267e-01	3.6733e-01	4.3531e-08	2.0718e-10	3.8270e-04	9.7618e-01	2.3437e-02	1.1755e-36	9.0310e-01	9.6872e-02	3.1925e-05	1.1755e-36	1.1755e-36	1.1755e-36	9.9096e-16	0.00e+00	0.00e+00	4.3317e+01
1.75325e+19	4.0271e+03	3.744e-23	1.0000e+01	1.4689e+00	4.4283e-07	8.8428e-01	1.1572e-01	6.4180e-01	3.5820e-01	4.2799e-08	2.0689e-10	3.7179e-04	9.7725e-01	2.2377e-02	1.1755e-36	9.0742e-01	9.2554e-02	2.9305e-05	1.1755e-36	1.1755e-36	1.1755e-36	9.7863e-16	0.00e+00	0.00e+00	4.4016e+01
1.75448e+19	3.9052e+03	3.569e-23	1.0000e+01	1.4121e+00	4.5610e-07	8.8922e-01	1.1078e-01	6.5043e-01	3.4957e-01	4.2138e-08	2.0445e-10	3.6128e-04	9.7824e-01	2.1401e-02	1.1755e-36	9.1160e-01	8.8377e-02	2.6906e-05	1.1755e-36	1.1755e-36	1.1755e-36	9.4447e-16	0.00e+00	0.00e+00	4.4691e+01
###########################
5.56459e+14	6.9626e+03	3.737e-22	1.0000e+01	1.0846e+01	1.5396e-13	2.9993e-03	9.9700e-01	9.0949e-03	9.7557e-01	1.5331e-02	1.8548e-17	1.3096e-04	1.4700e-01	8.4905e-01	3.8214e-03	9.0196e-04	3.0266e-01	6.9292e-01	3.5241e-03	1.1755e-36	1.1755e-36	1.6566e-25	0.00e+00	0.00e+00	2.1073e-04
3.33876e+15	6.9598e+03	3.736e-22	1.0000e+01	1.0845e+01	1.5417e-13	2.9986e-03	9.9700e-01	9.0959e-03	9.7559e-01	1.5319e-02	1.8528e-17	1.3085e-04	1.4701e-01	8.4903e-01	3.8264e-03	9.0135e-04	3.0253e-01	6.9306e-01	3.5128e-03	1.1755e-36	1.1755e-36	1.6537e-25	0.00e+00	0.00e+00	1.0535e-03
1.44679e+16	6.9533e+03	3.732e-22	1.0000e+01	1.0845e+01	1.5481e-13	2.9978e-03	9.9700e-01	9.1033e-03	9.7567e-01	1.5222e-02	1.8525e-17	1.3093e-04	1.4712e-01	8.4893e-01	3.8149e-03	9.0115e-04	3.0249e-01	6.9314e-01	3.4637e-03	1.1755e-36	1.1755e-36	1.6508e-25	0.00e+00	0.00e+00	4.4234e-03
5.89847e+16	6.9404e+03	3.719e-22	1.0000e+01	1.0844e+01	1.5614e-13	2.9967e-03	9.9700e-01	9.1307e-03	9.7614e-01	1.4731e-02	1.8554e-17	1.3142e-04	1.4747e-01	8.4863e-01	3.7742e-03	9.0222e-04	3.0272e-01	6.9311e-01	3.2729e-03	1.1755e-36	1.1755e-36	1.6467e-25	0.00e+00	0.00e+00	1.7899e-02
1.40896e+17	6.8822e+03	3.679e-22	1.0000e+01	1.0844e+01	1.5938e-13	2.9688e-03	9.9703e-01	9.1641e-03	9.7642e-01	1.4411e-02	1.8164e-17	1.3137e-04	1.4794e-01	8.4820e-01	3.7333e-03	8.9312e-04	3.0217e-01	6.9391e-01	3.0260e-03	1.1755e-36	1.1755e-36	1.5803e-25	0.00e+00	0.00e+00	3.5253e-02
2.47380e+17	6.8209e+03	3.639e-22	1.0000e+01	1.0844e+01	1.6365e-13	2.9466e-03	9.9705e-01	9.2161e-03	9.7720e-01	1.3586e-02	1.7911e-17	1.3162e-04	1.4862e-01	8.4759e-01	3.6592e-03	8.8856e-04	3.0246e-01	6.9394e-01	2.7165e-03	1.1755e-36	1.1755e-36	1.5280e-25	0.00e+00	0.00e+00	5.7645e-02
3.85809e+17	6.7564e+03	3.597e-22	1.0000e+01	1.0843e+01	1.6876e-13	2.9268e-03	9.9707e-01	9.2757e-03	9.7844e-01	1.2283e-02	1.7520e-17	1.3199e-04	1.4933e-01	8.4698e-01	3.5543e-03	8.7759e-04	3.0022e-01	6.9654e-01	2.3602e-03	1.1755e-36	1.1755e-36	1.4653e-25	0.00e+00	0.00e+00	8.6559e-02
5.65767e+17	6.6861e+03	3.550e-22	1.0000e+01	1.0842e+01	1.7548e-13	2.9134e-03	9.9709e-01	9.3700e-03	9.8011e-01	1.0519e-02	1.7443e-17	1.3284e-04	1.5050e-01	8.4595e-01	3.4162e-03	8.8023e-04	3.0174e-01	6.9544e-01	1.9438e-03	1.1755e-36	1.1755e-36	1.4266e-25	0.00e+00	0.00e+00	1.2398e-01
7.99713e+17	6.6099e+03	3.498e-22	1.0000e+01	1.0840e+01	1.8442e-13	2.9076e-03	9.9709e-01	9.4971e-03	9.8211e-01	8.3967e-03	1.7573e-17	1.3424e-04	1.5209e-01	8.4453e-01	3.2490e-03	8.9067e-04	3.0492e-01	6.9269e-01	1.5001e-03	1.1755e-36	1.1755e-36	1.4039e-25	0.00e+00	0.00e+00	1.7252e-01
1.10384e+18	6.5293e+03	3.442e-22	1.0000e+01	1.0838e+01	1.9623e-13	2.9128e-03	9.9709e-01	9.6642e-03	9.8421e-01	6.1222e-03	1.7977e-17	1.3642e-04	1.5422e-01	8.4258e-01	3.0618e-03	9.1102e-04	3.1000e-01	6.8803e-01	1.0646e-03	1.1755e-36	1.1755e-36	1.4022e-25	0.00e+00	0.00e+00	2.3574e-01
1.49921e+18	6.4465e+03	3.384e-22	1.0000e+01	1.0835e+01	2.1177e-13	2.9351e-03	9.9706e-01	9.8839e-03	9.8613e-01	3.9831e-03	1.8756e-17	1.3976e-04	1.5709e-01	8.3990e-01	2.8668e-03	9.4438e-04	3.1721e-01	6.8117e-01	6.7922e-04	1.1755e-36	1.1755e-36	1.4278e-25	0.00e+00	0.00e+00	3.1856e-01
2.01319e+18	6.3654e+03	3.327e-22	1.0000e+01	1.0833e+01	2.3260e-13	2.9833e-03	9.9702e-01	1.0174e-02	9.8757e-01	2.2530e-03	2.0108e-17	1.4481e-04	1.6095e-01	8.3623e-01	2.6747e-03	9.9520e-04	3.2669e-01	6.7194e-01	3.7933e-04	1.1755e-36	1.1755e-36	1.4974e-25	0.00e+00	0.00e+00	4.2799e-01
2.68136e+18	6.2931e+03	3.274e-22	1.0000e+01	1.0831e+01	2.6079e-13	3.0721e-03	9.9693e-01	1.0565e-02	9.8836e-01	1.0779e-03	2.2382e-17	1.5245e-04	1.6620e-01	8.3116e-01	2.4886e-03	1.0719e-03	3.3887e-01	6.5988e-01	1.7992e-04	1.1755e-36	1.1755e-36	1.6389e-25	0.00e+00	0.00e+00	5.7448e-01
3.54998e+18	6.2426e+03	3.230e-22	1.0000e+01	1.0828e+01	2.9893e-13	3.2253e-03	9.9677e-01	1.1109e-02	9.8847e-01	4.2448e-04	2.6298e-17	1.6409e-04	1.7345e-01	8.2408e-01	2.3020e-03	1.1903e-03	3.5477e-01	6.4397e-01	7.0157e-05	1.1755e-36	1.1755e-36	1.9128e-25	0.00e+00	0.00e+00	7.7442e-01
4.67919e+18	6.2326e+03	3.200e-22	1.0000e+01	1.0824e+01	3.5342e-13	3.4876e-03	9.9651e-01	1.1905e-02	9.8796e-01	1.3461e-04	3.3733e-17	1.8255e-04	1.8384e-01	8.1388e-01	2.0991e-03	1.3845e-03	3.7670e-01	6.2189e-01	2.1790e-05	1.1755e-36	1.1755e-36	2.4927e-25	0.00e+00	0.00e+00	1.0555e+00
5.95503e+18	6.2734e+03	3.189e-22	1.0000e+01	1.0819e+01	4.1920e-13	3.8604e-03	9.9614e-01	1.2905e-02	9.8706e-01	3.9548e-05	4.5772e-17	2.0719e-04	1.9650e-01	8.0140e-01	1.8961e-03	1.6643e-03	4.0342e-01	5.9491e-01	6.2320e-06	1.1755e-36	1.1755e-36	3.5107e-25	0.00e+00	0.00e+00	1.3663e+00
7.13353e+18	6.3726e+03	3.206e-22	1.0000e+01	1.0814e+01	4.8752e-13	4.3238e-03	9.9568e-01	1.4005e-02	9.8598e-01	1.4250e-05	6.3908e-17	2.3573e-04	2.0991e-01	7.8813e-01	1.7173e-03	2.0214e-03	4.3187e-01	5.6611e-01	2.1214e-06	1.1755e-36	1.1755e-36	5.2138e-25	0.00e+00	0.00e+00	1.6616e+00
8.09344e+18	6.4961e+03	3.241e-22	1.0000e+01	1.0808e+01	5.5469e-13	4.8250e-03	9.9518e-01	1.5101e-02	9.8489e-01	6.7808e-06	8.8154e-17	2.6488e-04	2.2274e-01	7.7542e-01	1.5704e-03	2.4242e-03	4.5912e-01	5.3846e-01	9.3101e-07	1.1755e-36	1.1755e-36	7.7154e-25	0.00e+00	0.00e+00	1.9169e+00
8.85640e+18	6.6166e+03	3.283e-22	1.0000e+01	1.0801e+01	6.2399e-13	5.3358e-03	9.9466e-01	1.6176e-02	9.8382e-01	3.9423e-06	1.1872e-16	2.9326e-04	2.3483e-01	7.6343e-01	1.4477e-03	2.8552e-03	4.8451e-01	5.1264e-01	4.9404e-07	1.1755e-36	1.1755e-36	1.1118e-24	0.00e+00	0.00e+00	2.1486e+00
9.51514e+18	6.7323e+03	3.327e-22	1.0000e+01	1.0795e+01	7.0311e-13	5.8827e-03	9.9412e-01	1.7288e-02	9.8271e-01	2.5303e-06	1.5895e-16	3.2273e-04	2.4707e-01	7.5128e-01	1.3354e-03	3.3395e-03	5.0971e-01	4.8695e-01	2.8684e-07	1.1755e-36	1.1755e-36	1.5910e-24	0.00e+00	0.00e+00	2.3824e+00
1.01315e+19	6.8491e+03	3.376e-22	1.0000e+01	1.0787e+01	7.9973e-13	6.5076e-03	9.9349e-01	1.8544e-02	9.8145e-01	1.7023e-06	2.1512e-16	3.5505e-04	2.6027e-01	7.3815e-01	1.2251e-03	3.9195e-03	5.3631e-01	4.5977e-01	1.7232e-07	1.1755e-36	1.1755e-36	2.3068e-24	0.00e+00	0.00e+00	2.6302e+00
1.07150e+19	6.9669e+03	3.431e-22	1.0000e+01	1.0779e+01	9.1979e-13	7.2316e-03	9.9277e-01	1.9949e-02	9.8005e-01	1.1905e-06	2.9474e-16	3.9078e-04	2.7458e-01	7.2392e-01	1.1162e-03	4.6217e-03	5.6442e-01	4.3096e-01	1.1755e-36	1.1755e-36	1.1755e-36	3.3965e-24	0.00e+00	0.00e+00	2.8877e+00
1.12530e+19	7.0812e+03	3.489e-22	1.0000e+01	1.0769e+01	1.0664e-12	8.0514e-03	9.9195e-01	2.1501e-02	9.7850e-01	8.6808e-07	4.0514e-16	4.2908e-04	2.8971e-01	7.0885e-01	1.0116e-03	5.4509e-03	5.9314e-01	4.0141e-01	1.1755e-36	1.1755e-36	1.1755e-36	5.0196e-24	0.00e+00	0.00e+00	3.1480e+00
1.17421e+19	7.1881e+03	3.549e-22	1.0000e+01	1.0758e+01	1.2457e-12	8.9662e-03	9.9103e-01	2.3195e-02	9.7680e-01	6.5757e-07	5.5622e-16	4.6948e-04	3.0550e-01	6.9312e-01	9.1283e-04	6.4128e-03	6.2180e-01	3.7179e-01	1.1755e-36	1.1755e-36	1.1755e-36	7.4066e-24	0.00e+00	0.00e+00	3.4118e+00
1.21920e+19	7.2873e+03	3.611e-22	1.0000e+01	1.0746e+01	1.4689e-12	9.9978e-03	9.9000e-01	2.5067e-02	9.7493e-01	5.1265e-07	7.6500e-16	5.1242e-04	3.2214e-01	6.7652e-01	8.1880e-04	7.5358e-03	6.5038e-01	3.4208e-01	1.1755e-36	1.1755e-36	1.1755e-36	1.0951e-23	0.00e+00	0.00e+00	3.6857e+00
1.25707e+19	7.3744e+03	3.670e-22	1.0000e+01	1.0733e+01	1.7142e-12	1.1050e-02	9.8895e-01	2.6921e-02	9.7308e-01	4.2054e-07	1.0202e-15	5.5306e-04	3.3776e-01	6.6095e-01	7.3901e-04	8.7128e-03	6.7585e-01	3.1543e-01	1.1755e-36	1.1755e-36	1.1755e-36	1.5614e-23	0.00e+00	0.00e+00	3.9114e+00
1.28698e+19	7.4395e+03	3.720e-22	1.0000e+01	1.0723e+01	1.9729e-12	1.2046e-02	9.8795e-01	2.8633e-02	9.7137e-01	3.5959e-07	1.3066e-15	5.8973e-04	3.5173e-01	6.4701e-01	6.7381e-04	9.8522e-03	6.9716e-01	2.9299e-01	1.1755e-36	1.1755e-36	1.1755e-36	2.1168e-23	0.00e+00	0.00e+00	4.1205e+00
1.31860e+19	7.5024e+03	3.772e-22	1.0000e+01	1.0708e+01	2.3334e-12	1.3288e-02	9.8671e-01	3.0805e-02	9.6919e-01	3.0205e-07	1.7325e-15	6.3339e-04	3.6852e-01	6.3024e-01	6.0279e-04	1.1306e-02	7.2070e-01	2.6799e-01	1.1755e-36	1.1755e-36	1.1755e-36	2.9882e-23	0.00e+00	0.00e+00	4.4203e+00
1.35274e+19	7.5776e+03	3.835e-22	1.0000e+01	1.0695e+01	2.8347e-12	1.4894e-02	9.8511e-01	3.3452e-02	9.6655e-01	2.5362e-07	2.3917e-15	6.8455e-04	3.8809e-01	6.1070e-01	5.2830e-04	1.3217e-02	7.4640e-01	2.4039e-01	1.1755e-36	1.1755e-36	1.1755e-36	4.4553e-23	0.00e+00	0.00e+00	4.7263e+00
1.38220e+19	7.6279e+03	3.897e-22	1.0000e+01	1.0669e+01	3.4534e-12	1.6618e-02	9.8338e-01	3.6300e-02	9.6370e-01	2.1863e-07	3.2321e-15	7.3566e-04	4.0742e-01	5.9138e-01	4.6360e-04	1.5296e-02	7.6905e-01	2.1565e-01	1.1755e-36	1.1755e-36	1.1755e-36	6.4477e-23	0.00e+00	0.00e+00	5.0032e+00
1.40729e+19	7.6720e+03	3.952e-22	1.0000e+01	1.0651e+01	4.1608e-12	1.8397e-02	9.8160e-01	3.9129e-02	9.6087e-01	1.9265e-07	4.2719e-15	7.8419e-04	4.2578e-01	5.7303e-01	4.0868e-04	1.7468e-02	7.8851e-01	1.9402e-01	1.1755e-36	1.1755e-36	1.1755e-36	9.1075e-23	0.00e+00	0.00e+00	5.2795e+00
1.43466e+19	7.7106e+03	4.011e-22	1.0000e+01	1.0626e+01	5.2311e-12	2.0744e-02	9.7926e-01	4.2858e-02	9.5714e-01	1.6658e-07	5.9313e-15	8.4348e-04	4.4838e-01	5.5043e-01	3.4930e-04	2.0366e-02	8.0948e-01	1.7016e-01	1.1755e-36	1.1755e-36	1.1755e-36	1.3665e-22	0.00e+00	0.00e+00	5.6847e+00
1.46406e+19	7.7418e+03	4.084e-22	1.0000e+01	1.0592e+01	6.9295e-12	2.3945e-02	9.7606e-01	4.7705e-02	9.5229e-01	1.4368e-07	8.6955e-15	9.1411e-04	4.7527e-01	5.2353e-01	2.8852e-04	2.4338e-02	8.3093e-01	1.4473e-01	1.1755e-36	1.1755e-36	1.1755e-36	2.2019e-22	0.00e+00	0.00e+00	6.1063e+00
1.48942e+19	7.7707e+03	4.147e-22	1.0000e+01	1.0552e+01	9.1081e-12	2.7521e-02	9.7248e-01	5.2915e-02	9.4708e-01	1.2679e-07	1.2519e-14	9.8245e-04	5.0151e-01	4.9727e-01	2.3824e-04	2.8797e-02	8.4834e-01	1.2287e-01	1.1755e-36	1.1755e-36	1.1755e-36	3.4822e-22	0.00e+00	0.00e+00	6.5031e+00
1.51152e+19	7.7854e+03	4.201e-22	1.0000e+01	1.0503e+01	1.1959e-11	3.1489e-02	9.6851e-01	5.8590e-02	9.4141e-01	1.1329e-07	1.7727e-14	1.0483e-03	5.2726e-01	4.7150e-01	1.9648e-04	3.3758e-02	8.6202e-01	1.0422e-01	1.1755e-36	1.1755e-36	1.1755e-36	5.4006e-22	0.00e+00	0.00e+00	6.9278e+00
1.53242e+19	7.8008e+03	4.248e-22	1.0000e+01	1.0448e+01	1.5887e-11	3.6234e-02	9.6377e-01	6.5140e-02	9.3486e-01	1.0178e-07	2.5357e-14	1.1160e-03	5.5406e-01	4.4466e-01	1.5964e-04	3.9696e-02	8.7307e-01	8.7232e-02	1.1755e-36	1.1755e-36	1.1755e-36	8.5194e-22	0.00e+00	0.00e+00	7.3951e+00
1.55185e+19	7.7904e+03	4.297e-22	1.0000e+01	1.0384e+01	2.1760e-11	4.2014e-02	9.5799e-01	7.2771e-02	9.2723e-01	9.1925e-08	3.6775e-14	1.1858e-03	5.8199e-01	4.1670e-01	1.2753e-04	4.6908e-02	8.8104e-01	7.2049e-02	1.1755e-36	1.1755e-36	1.1755e-36	1.3712e-21	0.00e+00	0.00e+00	7.8845e+00
1.56893e+19	7.7814e+03	4.337e-22	1.0000e+01	1.0319e+01	2.9681e-11	4.8640e-02	9.5136e-01	8.1008e-02	9.1899e-01	8.4121e-08	5.2879e-14	1.2525e-03	6.0907e-01	3.8957e-01	1.0154e-04	5.5150e-02	8.8553e-01	5.9315e-02	1.1755e-36	1.1755e-36	1.1755e-36	2.1949e-21	0.00e+00	0.00e+00	8.3671e+00
1.58353e+19	7.7699e+03	4.362e-22	1.0000e+01	1.0241e+01	3.9945e-11	5.5891e-02	9.4411e-01	8.9621e-02	9.1038e-01	7.7878e-08	7.4302e-14	1.3113e-03	6.3415e-01	3.6446e-01	8.1361e-05	6.4139e-02	8.8679e-01	4.9074e-02	1.1755e-36	1.1755e-36	1.1755e-36	3.4227e-21	0.00e+00	0.00e+00	8.8427e+00
1.59636e+19	7.7523e+03	4.382e-22	1.0000e+01	1.0168e+01	5.3677e-11	6.4059e-02	9.3594e-01	9.8864e-02	9.0114e-01	7.2579e-08	1.0358e-13	1.3674e-03	6.5823e-01	3.4034e-01	6.5108e-05	7.4216e-02	8.8520e-01	4.0588e-02	1.1755e-36	1.1755e-36	1.1755e-36	5.3047e-21	0.00e+00	0.00e+00	9.3356e+00
1.60802e+19	7.7353e+03	4.386e-22	1.0000e+01	1.0075e+01	7.2073e-11	7.3373e-02	9.2663e-01	1.0889e-01	8.9111e-01	6.8019e-08	1.4364e-13	1.4173e-03	6.8139e-01	3.1714e-01	5.1911e-05	8.5652e-02	8.8091e-01	3.3437e-02	1.1755e-36	1.1755e-36	1.1755e-36	8.1935e-21	0.00e+00	0.00e+00	9.8514e+00
1.61868e+19	7.7166e+03	4.376e-22	1.0000e+01	9.9653e+00	9.7104e-11	8.4099e-02	9.1590e-01	1.1980e-01	8.8020e-01	6.4031e-08	1.9895e-13	1.4615e-03	7.0376e-01	2.9474e-01	4.1165e-05	9.8743e-02	8.7386e-01	2.7396e-02	1.1755e-36	1.1755e-36	1.1755e-36	1.2683e-20	0.00e+00	0.00e+00	1.0392e+01
1.62837e+19	7.6987e+03	4.340e-22	1.0000e+01	9.8125e+00	1.3027e-10	9.6153e-02	9.0385e-01	1.3138e-01	8.6862e-01	6.0640e-08	2.7249e-13	1.4940e-03	7.2461e-01	2.7386e-01	3.2656e-05	1.1337e-01	8.6423e-01	2.2401e-02	1.1755e-36	1.1755e-36	1.1755e-36	1.9386e-20	0.00e+00	0.00e+00	1.0951e+01
1.63724e+19	7.6795e+03	4.290e-22	1.0000e+01	9.6447e+00	1.7524e-10	1.0993e-01	8.9007e-01	1.4390e-01	8.5610e-01	5.7578e-08	3.7299e-13	1.5207e-03	7.4456e-01	2.5389e-01	2.5798e-05	1.2996e-01	8.5181e-01	1.8228e-02	1.1755e-36	1.1755e-36	1.1755e-36	2.9732e-20	0.00e+00	0.00e+00	1.1542e+01
1.64539e+19	7.6548e+03	4.236e-22	1.0000e+01	9.4885e+00	2.3853e-10	1.2617e-01	8.7383e-01	1.5756e-01	8.4244e-01	5.4850e-08	5.1605e-13	1.5462e-03	7.6420e-01	2.3423e-01	2.0167e-05	1.4934e-01	8.3596e-01	1.4692e-02	1.1755e-36	1.1755e-36	1.1755e-36	4.6521e-20	0.00e+00	0.00e+00	1.2163e+01
1.65271e+19	7.6284e+03	4.160e-22	1.0000e+01	9.2989e+00	3.2332e-10	1.4427e-01	8.5573e-01	1.7169e-01	8.2831e-01	5.2547e-08	7.0643e-13	1.5606e-03	7.8213e-01	2.1630e-01	1.5823e-05	1.7076e-01	8.1740e-01	1.1840e-02	1.1755e-36	1.1755e-36	1.1755e-36	7.2000e-20	0.00e+00	0.00e+00	1.2786e+01
1.65921e+19	7.6024e+03	4.067e-22	1.0000e+01	9.0905e+00	4.3368e-10	1.6398e-01	8.3602e-01	1.8608e-01	8.1392e-01	5.0590e-08	9.5356e-13	1.5658e-03	7.9838e-01	2.0004e-01	1.2499e-05	1.9386e-01	7.9657e-01	9.5703e-03	1.1755e-36	1.1755e-36	1.1755e-36	1.0969e-19	0.00e+00	0.00e+00	1.3425e+01
1.66518e+19	7.5738e+03	3.955e-22	1.0000e+01	8.8605e+00	5.8088e-10	1.8590e-01	8.1410e-01	2.0106e-01	7.9894e-01	4.8878e-08	1.2801e-12	1.5629e-03	8.1352e-01	1.8491e-01	9.8801e-06	2.1927e-01	7.7302e-01	7.7157e-03	1.1755e-36	1.1755e-36	1.1755e-36	1.6641e-19	0.00e+00	0.00e+00	1.4103e+01
1.67079e+19	7.5411e+03	3.822e-22	1.0000e+01	8.6017e+00	7.8187e-10	2.1068e-01	7.8932e-01	2.1681e-01	7.8319e-01	4.7386e-08	1.7188e-12	1.5511e-03	8.2782e-01	1.7062e-01	7.7850e-06	2.4765e-01	7.4618e-01	6.1766e-03	1.1755e-36	1.1755e-36	1.1755e-36	2.5354e-19	0.00e+00	0.00e+00	1.4826e+01
1.67604e+19	7.5008e+03	3.661e-22	1.0000e+01	8.2855e+00	1.0551e-09	2.3788e-01	7.6212e-01	2.3289e-01	7.6711e-01	4.6157e-08	2.2871e-12	1.5249e-03	8.4080e-01	1.5767e-01	6.1557e-06	2.7843e-01	7.1664e-01	4.9290e-03	1.1755e-36	1.1755e-36	1.1755e-36	3.8251e-19	0.00e+00	0.00e+00	1.5587e+01
1.68098e+19	7.4609e+03	3.487e-22	1.0000e+01	7.9657e+00	1.4247e-09	2.6836e-01	7.3164e-01	2.4960e-01	7.5040e-01	4.5165e-08	3.0512e-12	1.4935e-03	8.5319e-01	1.4531e-01	4.8493e-06	3.1241e-01	6.8369e-01	3.9014e-03	1.1755e-36	1.1755e-36	1.1755e-36	5.8266e-19	0.00e+00	0.00e+00	1.6402e+01
1.68562e+19	7.4118e+03	3.295e-22	1.0000e+01	7.6162e+00	1.9318e-09	3.0176e-01	6.9824e-01	2.6666e-01	7.3334e-01	4.4385e-08	4.0542e-12	1.4536e-03	8.6464e-01	1.3390e-01	3.8269e-06	3.4910e-01	6.4783e-01	3.0725e-03	1.1755e-36	1.1755e-36	1.1755e-36	8.8667e-19	0.00e+00	0.00e+00	1.7252e+01
1.68979e+19	7.3580e+03	3.098e-22	1.0000e+01	7.2567e+00	2.5857e-09	3.3630e-01	6.6370e-01	2.8295e-01	7.1705e-01	4.3914e-08	5.2873e-12	1.4066e-03	8.7468e-01	1.2391e-01	3.0619e-06	3.8641e-01	6.1115e-01	2.4348e-03	1.1755e-36	1.1755e-36	1.1755e-36	1.3192e-18	0.00e+00	0.00e+00	1.8078e+01
1.69331e+19	7.3043e+03	2.915e-22	1.0000e+01	6.9206e+00	3.3460e-09	3.6879e-01	6.3121e-01	2.9722e-01	7.0278e-01	4.3729e-08	6.6495e-12	1.3584e-03	8.8286e-01	1.1578e-01	2.5224e-06	4.2098e-01	5.7705e-01	1.9753e-03	1.1755e-36	1.1755e-36	1.1755e-36	1.8676e-18	0.00e+00	0.00e+00	1.8809e+01
1.69617e+19	7.2483e+03	2.758e-22	1.0000e+01	6.6357e+00	4.1809e-09	3.9771e-01	6.0229e-01	3.0961e-01	6.9039e-01	4.3634e-08	8.0673e-12	1.3165e-03	8.8953e-01	1.0916e-01	2.1413e-06	4.5131e-01	5.4704e-01	1.6500e-03	1.1755e-36	1.1755e-36	1.1755e-36	2.5133e-18	0.00e+00	0.00e+00	1.9458e+01
1.69867e+19	7.2063e+03	2.608e-22	1.0000e+01	6.3556e+00	5.0255e-09	4.2305e-01	5.7695e-01	3.2024e-01	6.7976e-01	4.3753e-08	9.4382e-12	1.2721e-03	8.9492e-01	1.0381e-01	1.8618e-06	4.7754e-01	5.2105e-01	1.4081e-03	1.1755e-36	1.1755e-36	1.1755e-36	3.2033e-18	0.00e+00	0.00e+00	2.0102e+01
1.70096e+19	7.1493e+03	2.471e-22	1.0000e+01	6.1002e+00	6.0461e-09	4.4802e-01	5.5198e-01	3.3069e-01	6.6931e-01	4.3817e-08	1.0978e-11	1.2313e-03	8.9996e-01	9.8803e-02	1.6297e-06	5.0312e-01	4.9567e-01	1.2094e-03	1.1755e-36	1.1755e-36	1.1755e-36	4.0581e-18	0.00e+00	0.00e+00	2.0720e+01
1.70310e+19	7.0934e+03	2.341e-22	1.0000e+01	5.8610e+00	7.1940e-09	4.7208e-01	5.2792e-01	3.4080e-01	6.5920e-01	4.3920e-08	1.2646e-11	1.1922e-03	9.0463e-01	9.4176e-02	1.4364e-06	5.2747e-01	4.7148e-01	1.0450e-03	1.1755e-36	1.1755e-36	1.1755e-36	5.0774e-18	0.00e+00	0.00e+00	2.1343e+01
1.70517e+19	7.0384e+03	2.212e-22	1.0000e+01	5.6183e+00	8.4946e-09	4.9546e-01	5.0454e-01	3.5049e-01	6.4951e-01	4.4153e-08	1.4431e-11	1.1513e-03	9.0894e-01	8.9909e-02	1.2726e-06	5.5089e-01	4.4820e-01	9.0566e-04	1.1755e-36	1.1755e-36	1.1755e-36	6.2737e-18	0.00e+00	0.00e+00	2.1984e+01
1.70714e+19	6.9806e+03	2.090e-22	1.0000e+01	5.3827e+00	9.9777e-09	5.1808e-01	4.8192e-01	3.5975e-01	6.4025e-01	4.4453e-08	1.6343e-11	1.1108e-03	9.1290e-01	8.5988e-02	1.1343e-06	5.7332e-01	4.2590e-01	7.8831e-04	1.1755e-36	1.1755e-36	1.1755e-36	7.6782e-18	0.00e+00	0.00e+00	2.2604e+01
1.70896e+19	6.9239e+03	1.978e-22	1.0000e+01	5.1642e+00	1.1577e-08	5.3895e-01	4.6105e-01	3.6835e-01	6.3165e-01	4.4791e-08	1.8288e-11	1.0725e-03	9.1644e-01	8.2486e-02	1.0206e-06	5.9380e-01	4.0550e-01	6.9267e-04	1.1755e-36	1.1755e-36	1.1755e-36	9.2395e-18	0.00e+00	0.00e+00	2.3194e+01
1.71036e+19	6.8926e+03	1.893e-22	1.0000e+01	4.9912e+00	1.2829e-08	5.5458e-01	4.4542e-01	3.7417e-01	6.2583e-01	4.5255e-08	1.9818e-11	1.0411e-03	9.1883e-01	8.0125e-02	9.4562e-07	6.0901e-01	3.9036e-01	6.2755e-04	1.1755e-36	1.1755e-36	1.1755e-36	1.0567e-17	0.00e+00	0.00e+00	2.3571e+01
1.71134e+19	6.8556e+03	1.836e-22	1.0000e+01	4.8800e+00	1.3947e-08	5.6593e-01	4.3407e-01	3.7911e-01	6.2089e-01	4.5414e-08	2.1074e-11	1.0216e-03	9.2073e-01	7.8244e-02	8.9274e-07	6.1999e-01	3.7943e-01	5.8455e-04	1.1755e-36	1.1755e-36	1.1755e-36	1.1718e-17	0.00e+00	0.00e+00	2.3886e+01
1.71227e+19	6.8092e+03	1.782e-22	1.0000e+01	4.7737e+00	1.5225e-08	5.7681e-01	4.2319e-01	3.8428e-01	6.1572e-01	4.5491e-08	2.2372e-11	1.0032e-03	9.2264e-01	7.6354e-02	8.4324e-07	6.3049e-01	3.6897e-01	5.4587e-04	1.1755e-36	1.1755e-36	1.1755e-36	1.2966e-17	0.00e+00	0.00e+00	2.4243e+01
1.71333e+19	6.7823e+03	1.718e-22	1.0000e+01	4.6462e+00	1.6413e-08	5.8792e-01	4.1208e-01	3.8928e-01	6.1072e-01	4.5787e-08	2.3667e-11	9.7968e-04	9.2453e-01	7.4489e-02	7.9400e-07	6.4115e-01	3.5835e-01	5.0637e-04	1.1755e-36	1.1755e-36	1.1755e-36	1.4262e-17	0.00e+00	0.00e+00	2.4662e+01
1.71452e+19	6.7322e+03	1.649e-22	1.0000e+01	4.5075e+00	1.8178e-08	6.0122e-01	3.9878e-01	3.9554e-01	6.0446e-01	4.6011e-08	2.5399e-11	9.5468e-04	9.2678e-01	7.2269e-02	7.3976e-07	6.5381e-01	3.4573e-01	4.6402e-04	1.1755e-36	1.1755e-36	1.1755e-36	1.6108e-17	0.00e+00	0.00e+00	2.5141e+01
1.71574e+19	6.6840e+03	1.581e-22	1.0000e+01	4.3684e+00	2.0108e-08	6.1461e-01	3.8539e-01	4.0172e-01	5.9828e-01	4.6298e-08	2.7262e-11	9.2924e-04	9.2895e-01	7.0121e-02	6.8926e-07	6.6650e-01	3.3307e-01	4.2439e-04	1.1755e-36	1.1755e-36	1.1755e-36	1.8229e-17	0.00e+00	0.00e+00	2.5597e+01
1.71687e+19	6.6321e+03	1.520e-22	1.0000e+01	4.2421e+00	2.2187e-08	6.2696e-01	3.7304e-01	4.0762e-01	5.9238e-01	4.6532e-08	2.9134e-11	9.0618e-04	9.3095e-01	6.8142e-02	6.4540e-07	6.7814e-01	3.2147e-01	3.9062e-04	1.1755e-36	1.1755e-36	1.1755e-36	2.0506e-17	0.00e+00	0.00e+00	2.6023e+01
1.71793e+19	6.5897e+03	1.463e-22	1.0000e+01	4.1238e+00	2.4174e-08	6.3814e-01	3.6186e-01	4.1313e-01	5.8687e-01	4.6797e-08	3.0918e-11	8.8420e-04	9.3279e-01	6.6328e-02	6.0681e-07	6.8864e-01	3.1100e-01	3.6128e-04	1.1755e-36	1.1755e-36	1.1755e-36	2.2801e-17	0.00e+00	0.00e+00	2.6447e+01
1.71902e+19	6.5348e+03	1.407e-22	1.0000e+01	4.0045e+00	2.6625e-08	6.4962e-01	3.5038e-01	4.1911e-01	5.8089e-01	4.7003e-08	3.2928e-11	8.6220e-04	9.3469e-01	6.4444e-02	5.6911e-07	6.9935e-01	3.0032e-01	3.3341e-04	1.1755e-36	1.1755e-36	1.1755e-36	2.5561e-17	0.00e+00	0.00e+00	2.6906e+01
1.72015e+19	6.4784e+03	1.350e-22	1.0000e+01	3.8856e+00	2.9419e-08	6.6153e-01	3.3847e-01	4.2552e-01	5.7448e-01	4.7182e-08	3.5205e-11	8.4013e-04	9.3667e-01	6.2493e-02	5.3200e-07	7.1040e-01	2.8929e-01	3.0632e-04	1.1755e-36	1.1755e-36	1.1755e-36	2.8896e-17	0.00e+00	0.00e+00	2.7385e+01
1.72128e+19	6.4249e+03	1.294e-22	1.0000e+01	3.7656e+00	3.2358e-08	6.7285e-01	3.2715e-01	4.3160e-01	5.6840e-01	4.7453e-08	3.7492e-11	8.1751e-04	9.3852e-01	6.0664e-02	4.9831e-07	7.2086e-01	2.7886e-01	2.8183e-04	1.1755e-36	1.1755e-36	1.1755e-36	3.2483e-17	0.00e+00	0.00e+00	2.7859e+01
1.72240e+19	6.3693e+03	1.241e-22	1.0000e+01	3.6497e+00	3.5594e-08	6.8382e-01	3.1618e-01	4.3778e-01	5.6221e-01	4.7695e-08	3.9909e-11	7.9561e-04	9.4033e-01	5.8871e-02	4.6691e-07	7.3095e-01	2.6879e-01	2.5950e-04	1.1755e-36	1.1755e-36	1.1755e-36	3.6536e-17	0.00e+00	0.00e+00	2.8344e+01
1.72353e+19	6.3135e+03	1.189e-22	1.0000e+01	3.5358e+00	3.9146e-08	6.9465e-01	3.0535e-01	4.4414e-01	5.5586e-01	4.7930e-08	4.2505e-11	7.7394e-04	9.4214e-01	5.7087e-02	4.3710e-07	7.4085e-01	2.5891e-01	2.3868e-04	1.1755e-36	1.1755e-36	1.1755e-36	4.1188e-17	0.00e+00	0.00e+00	2.8846e+01
1.72469e+19	6.2516e+03	1.137e-22	1.0000e+01	3.4212e+00	4.3265e-08	7.0542e-01	2.9458e-01	4.5067e-01	5.4933e-01	4.8152e-08	4.5345e-11	7.5218e-04	9.4393e-01	5.5316e-02	4.0887e-07	7.5063e-01	2.4915e-01	2.1930e-04	1.1755e-36	1.1755e-36	1.1755e-36	4.6677e-17	0.00e+00	0.00e+00	2.9363e+01
1.72585e+19	6.1860e+03	1.088e-22	1.0000e+01	3.3085e+00	4.7922e-08	7.1590e-01	2.8410e-01	4.5730e-01	5.4270e-01	4.8370e-08	4.8405e-11	7.3058e-04	9.4570e-01	5.3573e-02	3.8229e-07	7.6017e-01	2.3963e-01	2.0140e-04	1.1755e-36	1.1755e-36	1.1755e-36	5.3054e-17	0.00e+00	0.00e+00	2.9888e+01
1.72701e+19	6.1175e+03	1.040e-22	1.0000e+01	3.2023e+00	5.3220e-08	7.2639e-01	2.7361e-01	4.6436e-01	5.3564e-01	4.8484e-08	5.1868e-11	7.1024e-04	9.4748e-01	5.1814e-02	3.5696e-07	7.6963e-01	2.3018e-01	1.8475e-04	1.1755e-36	1.1755e-36	1.1755e-36	6.0822e-17	0.00e+00	0.00e+00	3.0423e+01
1.72817e+19	6.0513e+03	9.946e-23	1.0000e+01	3.0971e+00	5.8851e-08	7.3624e-01	2.6376e-01	4.7115e-01	5.2885e-01	4.8660e-08	5.5414e-11	6.8986e-04	9.4915e-01	5.0155e-02	3.3388e-07	7.7848e-01	2.2135e-01	1.6978e-04	1.1755e-36	1.1755e-36	1.1755e-36	6.9424e-17	0.00e+00	0.00e+00	3.0957e+01
1.72933e+19	5.9834e+03	9.506e-23	1.0000e+01	2.9956e+00	6.5125e-08	7.4584e-01	2.5416e-01	4.7819e-01	5.2181e-01	4.8783e-08	5.9300e-11	6.7017e-04	9.5082e-01	4.8510e-02	3.1206e-07	7.8707e-01	2.1277e-01	1.5598e-04	1.1755e-36	1.1755e-36	1.1755e-36	7.9577e-17	0.00e+00	0.00e+00	3.1511e+01
1.73052e+19	5.9161e+03	9.070e-23	1.0000e+01	2.8919e+00	7.1935e-08	7.5507e-01	2.4493e-01	4.8514e-01	5.1486e-01	4.8978e-08	6.3385e-11	6.4984e-04	9.5243e-01	4.6915e-02	2.9159e-07	7.9529e-01	2.0456e-01	1.4322e-04	1.1755e-36	1.1755e-36	1.1755e-36	9.1115e-17	0.00e+00	0.00e+00	3.2084e+01
1.73175e+19	5.8343e+03	8.646e-23	1.0000e+01	2.7919e+00	8.0651e-08	7.6476e-01	2.3524e-01	4.9302e-01	5.0698e-01	4.8974e-08	6.8516e-11	6.3045e-04	9.5414e-01	4.5233e-02	2.7130e-07	8.0389e-01	1.9598e-01	1.3094e-04	1.1755e-36	1.1755e-36	1.1755e-36	1.0686e-16	0.00e+00	0.00e+00	3.2689e+01
1.73295e+19	5.7566e+03	8.249e-23	1.0000e+01	2.6953e+00	8.9830e-08	7.7372e-01	2.2628e-01	5.0042e-01	4.9958e-01	4.9044e-08	7.3834e-11	6.1149e-04	9.5570e-01	4.3691e-02	2.5327e-07	8.1181e-01	1.8807e-01	1.2010e-04	1.1755e-36	1.1755e-36	1.1755e-36	1.2465e-16	0.00e+00	0.00e+00	3.3254e+01
1.73410e+19	5.6791e+03	7.889e-23	1.0000e+01	2.6070e+00	9.9731e-08	7.8192e-01	2.1808e-01	5.0773e-01	4.9227e-01	4.9034e-08	7.9490e-11	5.9415e-04	9.5717e-01	4.2239e-02	2.3709e-07	8.1905e-01	1.8084e-01	1.1066e-04	1.1755e-36	1.1755e-36	1.1755e-36	1.4517e-16	0.00e+00	0.00e+00	3.3814e+01
1.73524e+19	5.5927e+03	7.547e-23	1.0000e+01	2.5215e+00	1.1149e-07	7.8989e-01	2.1011e-01	5.1527e-01	4.8473e-01	4.8934e-08	8.6032e-11	5.7746e-04	9.5860e-01	4.0819e-02	2.2193e-07	8.2606e-01	1.7384e-01	1.0203e-04	1.1755e-36	1.1755e-36	1.1755e-36	1.7105e-16	0.00e+00	0.00e+00	3.4383e+01
1.73635e+19	5.5202e+03	7.226e-23	1.0000e+01	2.4416e+00	1.2270e-07	7.9718e-01	2.0282e-01	5.2235e-01	4.7765e-01	4.8907e-08	9.2501e-11	5.6155e-04	9.5993e-01	3.9507e-02	2.0831e-07	8.3243e-01	1.6747e-01	9.4353e-05	1.1755e-36	1.1755e-36	1.1755e-36	1.9853e-16	0.00e+00	0.00e+00	3.4928e+01
1.73748e+19	5.4272e+03	6.913e-23	1.0000e+01	2.3618e+00	1.3762e-07	8.0463e-01	1.9537e-01	5.3027e-01	4.6973e-01	4.8679e-08	1.0081e-10	5.4599e-04	9.6131e-01	3.8144e-02	1.9488e-07	8.3895e-01	1.6096e-01	8.7049e-05	1.1755e-36	1.1755e-36	1.1755e-36	2.3710e-16	0.00e+00	0.00e+00	3.5530e+01
1.73862e+19	5.3455e+03	6.613e-23	1.0000e+01	2.2844e+00	1.5235e-07	8.1164e-01	1.8836e-01	5.3768e-01	4.6231e-01	4.8567e-08	1.0930e-10	5.3057e-04	9.6259e-01	3.6882e-02	1.8269e-07	8.4506e-01	1.5486e-01	8.0390e-05	1.1755e-36	1.1755e-36	1.1755e-36	2.7973e-16	0.00e+00	0.00e+00	3.6090e+01
1.73973e+19	5.2580e+03	6.333e-23	1.0000e+01	2.2114e+00	1.6912e-07	8.1831e-01	1.8169e-01	5.4536e-01	4.5464e-01	4.8336e-08	1.1898e-10	5.1614e-04	9.6383e-01	3.5651e-02	1.7132e-07	8.5086e-01	1.4907e-01	7.4372e-05	1.1755e-36	1.1755e-36	1.1755e-36	3.3247e-16	0.00e+00	0.00e+00	3.6674e+01
1.74087e+19	5.1673e+03	6.058e-23	1.0000e+01	2.1390e+00	1.8791e-07	8.2491e-01	1.7509e-01	5.5320e-01	4.4680e-01	4.8072e-08	1.3002e-10	5.0181e-04	9.6506e-01	3.4441e-02	1.6050e-07	8.5657e-01	1.4336e-01	6.8714e-05	1.1755e-36	1.1755e-36	1.1755e-36	3.9778e-16	0.00e+00	0.00e+00	3.7268e+01
1.74201e+19	5.0758e+03	5.795e-23	1.0000e+01	2.0674e+00	2.0811e-07	8.3116e-01	1.6884e-01	5.6094e-01	4.3906e-01	4.7828e-08	1.4209e-10	4.8754e-04	9.6623e-01	3.3285e-02	1.5043e-07	8.6199e-01	1.3795e-01	6.3523e-05	1.1755e-36	1.1755e-36	1.1755e-36	4.7516e-16	0.00e+00	0.00e+00	3.7866e+01
1.74316e+19	4.9822e+03	5.538e-23	1.0000e+01	1.9980e+00	2.3012e-07	8.3736e-01	1.6264e-01	5.6897e-01	4.3103e-01	4.7512e-08	1.5480e-10	4.7372e-04	9.6741e-01	3.2113e-02	1.4070e-07	8.6732e-01	1.3262e-01	5.8647e-05	1.1755e-36	1.1755e-36	1.1755e-36	5.6319e-16	0.00e+00	0.00e+00	3.8487e+01
1.74437e+19	4.8748e+03	5.286e-23	1.0000e+01	1.9285e+00	2.5622e-07	8.4377e-01	1.5623e-01	5.7770e-01	4.2230e-01	4.7046e-08	1.6498e-10	4.6016e-04	9.6875e-01	3.0790e-02	1.3064e-07	8.7284e-01	1.2711e-01	5.3941e-05	1.1755e-36	1.1755e-36	1.1755e-36	6.4006e-16	0.00e+00	0.00e+00	3.9141e+01
1.74558e+19	4.7689e+03	5.041e-23	1.0000e+01	1.8594e+00	2.8294e-07	8.4991e-01	1.5009e-01	5.8623e-01	4.1377e-01	4.6630e-08	1.7467e-10	4.4655e-04	9.7003e-01	2.9528e-02	1.1755e-36	8.7810e-01	1.2185e-01	4.9613e-05	1.1755e-36	1.1755e-36	1.1755e-36	7.1737e-16	0.00e+00	0.00e+00	3.9787e+01
1.74682e+19	4.6505e+03	4.804e-23	1.0000e+01	1.7908e+00	3.1302e-07	8.5602e-01	1.4398e-01	5.9531e-01	4.0469e-01	4.6075e-08	1.8427e-10	4.3324e-04	9.7132e-01	2.8246e-02	1.1755e-36	8.8335e-01	1.1660e-01	4.5541e-05	1.1755e-36	1.1755e-36	1.1755e-36	7.9805e-16	0.00e+00	0.00e+00	4.0477e+01
1.74813e+19	4.5279e+03	4.566e-23	1.0000e+01	1.7212e+00	3.4387e-07	8.6219e-01	1.3781e-01	6.0474e-01	3.9526e-01	4.5489e-08	1.9304e-10	4.1972e-04	9.7262e-01	2.6960e-02	1.1755e-36	8.8863e-01	1.1133e-01	4.1631e-05	1.1755e-36	1.1755e-36	1.1755e-36	8.7414e-16	0.00e+00	0.00e+00	4.1200e+01
1.74945e+19	4.4025e+03	4.338e-23	1.0000e+01	1.6529e+00	3.7387e-07	8.6822e-01	1.3178e-01	6.1422e-01	3.8578e-01	4.4873e-08	2.0017e-10	4.0651e-04	9.7388e-01	2.5716e-02	1.1755e-36	8.9377e-01	1.0619e-01	3.8018e-05	1.1755e-36	1.1755e-36	1.1755e-36	9.3662e-16	0.00e+00	0.00e+00	4.1920e+01
1.75074e+19	4.2776e+03	4.126e-23	1.0000e+01	1.5884e+00	4.0091e-07	8.7387e-01	1.2613e-01	6.2351e-01	3.7649e-01	4.4224e-08	2.0494e-10	3.9417e-04	9.7506e-01	2.4544e-02	1.1755e-36	8.9858e-01	1.0138e-01	3.4801e-05	1.1755e-36	1.1755e-36	1.1755e-36	9.7675e-16	0.00e+00	0.00e+00	4.2622e+01
1.75200e+19	4.1529e+03	3.930e-23	1.0000e+01	1.5276e+00	4.2408e-07	8.7918e-01	1.2082e-01	6.3268e-01	3.6732e-01	4.3528e-08	2.0718e-10	3.8269e-04	9.7618e-01	2.3436e-02	1.1755e-36	9.0309e-01	9.6877e-02	3.1928e-05	1.1755e-36	1.1755e-36	1.1755e-36	9.9092e-16	0.00e+00	0.00e+00	4.3317e+01
1.75325e+19	4.0269e+03	3.744e-23	1.0000e+01	1.4690e+00	4.4287e-07	8.8427e-01	1.1573e-01	6.4182e-01	3.5818e-01	4.2792e-08	2.0688e-10	3.7181e-04	9.7725e-01	2.2376e-02	1.1755e-36	9.0741e-01	9.2565e-02	2.9310e-05	1.1755e-36	1.1755e-36	1.1755e-36	9.7847e-16	0.00e+00	0.00e+00	4.4016e+01
1.75448e+19	3.9038e+03	3.570e-23	1.0000e+01	1.4129e+00	4.5629e-07	8.8913e-01	1.1087e-01	6.5058e-01	3.4942e-01	4.2086e-08	2.0432e-10	3.6150e-04	9.7825e-01	2.1391e-02	1.1755e-36	9.1152e-01	8.8450e-02	2.6938e-05	1.1755e-36	1.1755e-36	1.1755e-36	9.4305e-16	0.00e+00	0.00e+00	4.4689e+01
