#depth	Te	Htot	hden	eden	2H_2/H	HI	HII	HeI	HeII	HeIII	CO/C	C1	C2	C3	C4	O1	O2	O3	O4	O5	O6	H2O/O	AV(point)	AV(extend)	Tau912
5.41181e+14	6.8784e+03	3.368e-22	1.0000e+01	1.0788e+01	1.2071e-12	6.0302e-03	9.9397e-01	2.5087e-02	9.7247e-01	2.4400e-03	5.4852e-16	5.8096e-04	3.2388e-01	6.7506e-01	4.7847e-04	4.6624e-03	6.8513e-01	3.1003e-01	1.6959e-04	1.1755e-36	1.1755e-36	3.7800e-24	0.00e+00	0.00e+00	4.1211e-04
3.24709e+15	6.8742e+03	3.367e-22	1.0000e+01	1.0787e+01	1.2100e-12	6.0283e-03	9.9397e-01	2.5095e-02	9.7247e-01	2.4373e-03	5.4813e-16	5.8008e-04	3.2395e-01	6.7499e-01	4.7938e-04	4.6607e-03	6.8508e-01	3.1009e-01	1.6904e-04	1.1755e-36	1.1755e-36	3.7734e-24	0.00e+00	0.00e+00	2.0600e-03
1.40707e+16	6.8639e+03	3.361e-22	1.0000e+01	1.0787e+01	1.2189e-12	6.0276e-03	9.9397e-01	2.5135e-02	9.7245e-01	2.4195e-03	5.4874e-16	5.7940e-04	3.2432e-01	6.7462e-01	4.7788e-04	4.6632e-03	6.8537e-01	3.0980e-01	1.6647e-04	1.1755e-36	1.1755e-36	3.7690e-24	0.00e+00	0.00e+00	8.6509e-03
5.73652e+16	6.8445e+03	3.341e-22	1.0000e+01	1.0786e+01	1.2396e-12	6.0337e-03	9.9397e-01	2.5282e-02	9.7238e-01	2.3347e-03	5.5289e-16	5.8069e-04	3.2566e-01	6.7329e-01	4.7145e-04	4.6820e-03	6.8679e-01	3.0837e-01	1.5634e-04	1.1755e-36	1.1755e-36	3.7761e-24	0.00e+00	0.00e+00	3.5041e-02
1.37027e+17	6.7564e+03	3.279e-22	1.0000e+01	1.0787e+01	1.2878e-12	5.9576e-03	9.9404e-01	2.5433e-02	9.7230e-01	2.2672e-03	5.3962e-16	5.7720e-04	3.2720e-01	6.7176e-01	4.6463e-04	4.6303e-03	6.8685e-01	3.0837e-01	1.4471e-04	1.1755e-36	1.1755e-36	3.5834e-24	0.00e+00	0.00e+00	6.8916e-02
2.40588e+17	6.6693e+03	3.219e-22	1.0000e+01	1.0787e+01	1.3508e-12	5.9111e-03	9.9409e-01	2.5678e-02	9.7220e-01	2.1211e-03	5.3393e-16	5.7795e-04	3.2955e-01	6.6942e-01	4.5281e-04	4.6146e-03	6.8861e-01	3.0665e-01	1.2916e-04	1.1755e-36	1.1755e-36	3.4533e-24	0.00e+00	0.00e+00	1.1261e-01
3.75216e+17	6.5799e+03	3.160e-22	1.0000e+01	1.0787e+01	1.4351e-12	5.8913e-03	9.9411e-01	2.6037e-02	9.7206e-01	1.9018e-03	5.3524e-16	5.8229e-04	3.3288e-01	6.6610e-01	4.3604e-04	4.6312e-03	6.9176e-01	3.0350e-01	1.1032e-04	1.1755e-36	1.1755e-36	3.3750e-24	0.00e+00	0.00e+00	1.6922e-01
5.50233e+17	6.4868e+03	3.099e-22	1.0000e+01	1.0786e+01	1.5501e-12	5.9063e-03	9.9409e-01	2.6556e-02	9.7183e-01	1.6144e-03	5.4574e-16	5.9108e-04	3.3756e-01	6.6143e-01	4.1396e-04	4.6909e-03	6.9683e-01	2.9839e-01	8.8949e-05	1.1755e-36	1.1755e-36	3.3577e-24	0.00e+00	0.00e+00	2.4300e-01
7.77756e+17	6.3918e+03	3.039e-22	1.0000e+01	1.0784e+01	1.7088e-12	5.9707e-03	9.9403e-01	2.7298e-02	9.7143e-01	1.2771e-03	5.6976e-16	6.0606e-04	3.4410e-01	6.5491e-01	3.8665e-04	4.8112e-03	7.0438e-01	2.9074e-01	6.6473e-05	1.1755e-36	1.1755e-36	3.4280e-24	0.00e+00	0.00e+00	3.3996e-01
1.07353e+18	6.2941e+03	2.984e-22	1.0000e+01	1.0782e+01	1.9426e-12	6.1139e-03	9.9389e-01	2.8393e-02	9.7068e-01	9.2276e-04	6.1651e-16	6.3084e-04	3.5341e-01	6.4560e-01	3.5420e-04	5.0259e-03	7.1528e-01	2.7965e-01	4.4928e-05	1.1755e-36	1.1755e-36	3.6424e-24	0.00e+00	0.00e+00	4.6904e-01
1.45805e+18	6.2170e+03	2.931e-22	1.0000e+01	1.0778e+01	2.2548e-12	6.3677e-03	9.9363e-01	2.9977e-02	9.6943e-01	5.9634e-04	6.9942e-16	6.6950e-04	3.6634e-01	6.3267e-01	3.1806e-04	5.3746e-03	7.3025e-01	2.6435e-01	2.6676e-05	1.1755e-36	1.1755e-36	4.1005e-24	0.00e+00	0.00e+00	6.4381e-01
1.95791e+18	6.1550e+03	2.893e-22	1.0000e+01	1.0770e+01	2.7443e-12	6.8221e-03	9.9318e-01	3.2422e-02	9.6724e-01	3.3513e-04	8.5617e-16	7.3198e-04	3.8523e-01	6.1376e-01	2.7746e-04	5.9624e-03	7.5085e-01	2.4317e-01	1.3326e-05	1.1755e-36	1.1755e-36	5.0591e-24	0.00e+00	0.00e+00	8.8721e-01
2.58698e+18	6.1273e+03	2.876e-22	1.0000e+01	1.0759e+01	3.5200e-12	7.5950e-03	9.9241e-01	3.6228e-02	9.6361e-01	1.6275e-04	1.1601e-15	8.3057e-04	4.1227e-01	5.8667e-01	2.3311e-04	6.9356e-03	7.7785e-01	2.1521e-01	5.4544e-06	1.1755e-36	1.1755e-36	7.0979e-24	0.00e+00	0.00e+00	1.2196e+00
3.17180e+18	6.1415e+03	2.882e-22	1.0000e+01	1.0746e+01	4.3928e-12	8.5085e-03	9.9149e-01	4.0403e-02	9.5951e-01	8.3213e-05	1.5704e-15	9.3798e-04	4.3933e-01	5.5954e-01	1.9757e-04	8.0764e-03	8.0253e-01	1.8939e-01	2.3620e-06	1.1755e-36	1.1755e-36	1.0111e-23	0.00e+00	0.00e+00	1.4756e+00
3.57999e+18	6.1861e+03	2.911e-22	1.0000e+01	1.0735e+01	5.1997e-12	9.3972e-03	9.9060e-01	4.4222e-02	9.5573e-01	5.3109e-05	2.0430e-15	1.0343e-03	4.6183e-01	5.3696e-01	1.7300e-04	9.1759e-03	8.2109e-01	1.6974e-01	1.2896e-06	1.1755e-36	1.1755e-36	1.3922e-23	0.00e+00	0.00e+00	1.6772e+00
3.90168e+18	6.2369e+03	2.943e-22	1.0000e+01	1.0722e+01	6.0260e-12	1.0291e-02	9.8971e-01	4.7995e-02	9.5197e-01	3.7495e-05	2.5986e-15	1.1264e-03	4.8228e-01	5.1644e-01	1.5338e-04	1.0284e-02	8.3644e-01	1.5327e-01	7.8143e-07	1.1755e-36	1.1755e-36	1.8723e-23	0.00e+00	0.00e+00	1.8745e+00
4.25082e+18	6.2907e+03	2.989e-22	1.0000e+01	1.0704e+01	7.3199e-12	1.1523e-02	9.8848e-01	5.3210e-02	9.4676e-01	2.5643e-05	3.5132e-15	1.2461e-03	5.0807e-01	4.9055e-01	1.3145e-04	1.1818e-02	8.5373e-01	1.3445e-01	4.3687e-07	1.1755e-36	1.1755e-36	2.7167e-23	0.00e+00	0.00e+00	2.1617e+00
4.60892e+18	6.3631e+03	3.050e-22	1.0000e+01	1.0683e+01	9.0150e-12	1.3094e-02	9.8691e-01	5.9602e-02	9.4038e-01	1.7649e-05	4.8894e-15	1.3842e-03	5.3643e-01	4.6207e-01	1.1034e-04	1.3777e-02	8.7070e-01	1.1552e-01	2.3857e-07	1.1755e-36	1.1755e-36	4.1173e-23	0.00e+00	0.00e+00	2.4275e+00
4.89205e+18	6.4318e+03	3.109e-22	1.0000e+01	1.0664e+01	1.0862e-11	1.4693e-02	9.8531e-01	6.5974e-02	9.3401e-01	1.3239e-05	6.5683e-15	1.5121e-03	5.6168e-01	4.3672e-01	9.3858e-05	1.5776e-02	8.8391e-01	1.0032e-01	1.4395e-07	1.1755e-36	1.1755e-36	5.9955e-23	0.00e+00	0.00e+00	2.6546e+00
5.12409e+18	6.4807e+03	3.165e-22	1.0000e+01	1.0639e+01	1.3050e-11	1.6335e-02	9.8367e-01	7.2518e-02	9.2747e-01	1.0433e-05	8.5972e-15	1.6312e-03	5.8490e-01	4.1339e-01	8.0413e-05	1.7831e-02	8.9439e-01	8.7779e-02	1.1755e-36	1.1755e-36	1.1755e-36	8.4409e-23	0.00e+00	0.00e+00	2.8808e+00
5.37633e+18	6.5272e+03	3.231e-22	1.0000e+01	1.0614e+01	1.6478e-11	1.8564e-02	9.8144e-01	8.1441e-02	9.1855e-01	8.0032e-06	1.1912e-14	1.7801e-03	6.1304e-01	3.8511e-01	6.6032e-05	2.0627e-02	9.0514e-01	7.4231e-02	1.1755e-36	1.1755e-36	1.1755e-36	1.2785e-22	0.00e+00	0.00e+00	3.2151e+00
5.64432e+18	6.5926e+03	3.310e-22	1.0000e+01	1.0572e+01	2.1451e-11	2.1567e-02	9.7843e-01	9.3142e-02	9.0685e-01	6.1039e-06	1.7303e-14	1.9506e-03	6.4480e-01	3.5320e-01	5.2123e-05	2.4392e-02	9.1497e-01	6.0634e-02	1.1755e-36	1.1755e-36	1.1755e-36	2.0702e-22	0.00e+00	0.00e+00	3.5566e+00
5.87149e+18	6.6516e+03	3.386e-22	1.0000e+01	1.0531e+01	2.7831e-11	2.4947e-02	9.7505e-01	1.0607e-01	8.9393e-01	4.8622e-06	2.4775e-14	2.1148e-03	6.7461e-01	3.2324e-01	4.1051e-05	2.8622e-02	9.2185e-01	4.9526e-02	1.1755e-36	1.1755e-36	1.1755e-36	3.3043e-22	0.00e+00	0.00e+00	3.8772e+00
6.06699e+18	6.6905e+03	3.455e-22	1.0000e+01	1.0475e+01	3.6323e-11	2.8717e-02	9.7128e-01	1.2043e-01	8.7957e-01	3.9681e-06	3.4939e-14	2.2679e-03	7.0260e-01	2.9510e-01	3.2236e-05	3.3335e-02	9.2619e-01	4.0479e-02	1.1755e-36	1.1755e-36	1.1755e-36	5.1709e-22	0.00e+00	0.00e+00	4.2172e+00
6.25156e+18	6.7372e+03	3.517e-22	1.0000e+01	1.0413e+01	4.7747e-11	3.3252e-02	9.6675e-01	1.3751e-01	8.6249e-01	3.2634e-06	4.9896e-14	2.4216e-03	7.3060e-01	2.6696e-01	2.4781e-05	3.8993e-02	9.2846e-01	3.2548e-02	1.1755e-36	1.1755e-36	1.1755e-36	8.2595e-22	0.00e+00	0.00e+00	4.5987e+00
6.42523e+18	6.7751e+03	3.577e-22	1.0000e+01	1.0340e+01	6.4329e-11	3.8829e-02	9.6117e-01	1.5805e-01	8.4195e-01	2.7080e-06	7.2517e-14	2.5743e-03	7.5856e-01	2.3884e-01	1.8575e-05	4.5928e-02	9.2837e-01	2.5703e-02	1.1755e-36	1.1755e-36	1.1755e-36	1.3532e-21	0.00e+00	0.00e+00	5.0048e+00
6.57865e+18	6.8052e+03	3.627e-22	1.0000e+01	1.0255e+01	8.7076e-11	4.5307e-02	9.5469e-01	1.8128e-01	8.1872e-01	2.2850e-06	1.0496e-13	2.7133e-03	7.8455e-01	2.1272e-01	1.3805e-05	5.3952e-02	9.2584e-01	2.0205e-02	1.1755e-36	1.1755e-36	1.1755e-36	2.2103e-21	0.00e+00	0.00e+00	5.4087e+00
6.70928e+18	6.8158e+03	3.667e-22	1.0000e+01	1.0162e+01	1.1810e-10	5.2539e-02	9.4746e-01	2.0642e-01	7.9358e-01	1.9608e-06	1.4951e-13	2.8334e-03	8.0771e-01	1.8944e-01	1.0291e-05	6.2876e-02	9.2116e-01	1.5968e-02	1.1755e-36	1.1755e-36	1.1755e-36	3.5377e-21	0.00e+00	0.00e+00	5.8071e+00
6.82223e+18	6.8302e+03	3.688e-22	1.0000e+01	1.0059e+01	1.5738e-10	6.0476e-02	9.3952e-01	2.3310e-01	7.6690e-01	1.7056e-06	2.0918e-13	2.9331e-03	8.2812e-01	1.6894e-01	7.7140e-06	7.2627e-02	9.1469e-01	1.2682e-02	1.1755e-36	1.1755e-36	1.1755e-36	5.5402e-21	0.00e+00	0.00e+00	6.2112e+00
6.92377e+18	6.8375e+03	3.697e-22	1.0000e+01	9.9503e+00	2.1053e-10	6.9539e-02	9.3046e-01	2.6225e-01	7.3775e-01	1.4952e-06	2.9222e-13	3.0193e-03	8.4679e-01	1.5018e-01	5.7497e-06	8.3711e-02	9.0625e-01	1.0041e-02	1.1755e-36	1.1755e-36	1.1755e-36	8.6716e-21	0.00e+00	0.00e+00	6.6383e+00
7.01696e+18	6.8373e+03	3.692e-22	1.0000e+01	9.8289e+00	2.8457e-10	8.0109e-02	9.1989e-01	2.9442e-01	7.0558e-01	1.3125e-06	4.1043e-13	3.0924e-03	8.6404e-01	1.3286e-01	4.2411e-06	9.6568e-02	8.9554e-01	7.8910e-03	1.1755e-36	1.1755e-36	1.1755e-36	1.3689e-20	0.00e+00	0.00e+00	7.0890e+00
7.10146e+18	6.8328e+03	3.668e-22	1.0000e+01	9.6827e+00	3.8563e-10	9.2185e-02	9.0782e-01	3.2879e-01	6.7121e-01	1.1555e-06	5.7526e-13	3.1459e-03	8.7951e-01	1.1734e-01	3.1176e-06	1.1117e-01	8.8265e-01	6.1797e-03	1.1755e-36	1.1755e-36	1.1755e-36	2.1572e-20	0.00e+00	0.00e+00	7.5540e+00
7.17741e+18	6.8235e+03	3.620e-22	1.0000e+01	9.5052e+00	5.2153e-10	1.0571e-01	8.9429e-01	3.6447e-01	6.3553e-01	1.0206e-06	7.9960e-13	3.1754e-03	8.9310e-01	1.0373e-01	2.2966e-06	1.2742e-01	8.6774e-01	4.8409e-03	1.1755e-36	1.1755e-36	1.1755e-36	3.3632e-20	0.00e+00	0.00e+00	8.0347e+00
7.24672e+18	6.8070e+03	3.555e-22	1.0000e+01	9.3088e+00	7.0936e-10	1.2113e-01	8.7887e-01	4.0175e-01	5.9825e-01	9.0085e-07	1.1120e-12	3.1882e-03	9.0525e-01	9.1564e-02	1.6867e-06	1.4581e-01	8.5041e-01	3.7782e-03	1.1755e-36	1.1755e-36	1.1755e-36	5.2559e-20	0.00e+00	0.00e+00	8.5441e+00
7.31091e+18	6.7797e+03	3.473e-22	1.0000e+01	9.0960e+00	9.7919e-10	1.3909e-01	8.6091e-01	4.4055e-01	5.5945e-01	7.9647e-07	1.5592e-12	3.1867e-03	9.1626e-01	8.0553e-02	1.2288e-06	1.6705e-01	8.3002e-01	2.9255e-03	1.1755e-36	1.1755e-36	1.1755e-36	8.3314e-20	0.00e+00	0.00e+00	9.0867e+00
7.37002e+18	6.7433e+03	3.370e-22	1.0000e+01	8.8559e+00	1.3654e-09	1.5974e-01	8.4026e-01	4.7981e-01	5.2019e-01	7.0546e-07	2.1928e-12	3.1661e-03	9.2603e-01	7.0800e-02	8.9254e-07	1.9124e-01	8.0650e-01	2.2527e-03	1.1755e-36	1.1755e-36	1.1755e-36	1.3312e-19	0.00e+00	0.00e+00	9.6558e+00
7.42404e+18	6.6967e+03	3.246e-22	1.0000e+01	8.5884e+00	1.9230e-09	1.8317e-01	8.1683e-01	5.1848e-01	4.8152e-01	6.2680e-07	3.0882e-12	3.1266e-03	9.3460e-01	6.2272e-02	6.4904e-07	2.1841e-01	7.7986e-01	1.7294e-03	1.1755e-36	1.1755e-36	1.1755e-36	2.1446e-19	0.00e+00	0.00e+00	1.0253e+01
7.47380e+18	6.6430e+03	3.100e-22	1.0000e+01	8.2900e+00	2.7227e-09	2.0962e-01	7.9038e-01	5.5601e-01	4.4399e-01	5.5864e-07	4.3433e-12	3.0672e-03	9.4211e-01	5.4827e-02	4.7281e-07	2.4870e-01	7.4998e-01	1.3227e-03	1.1755e-36	1.1755e-36	1.1755e-36	3.4712e-19	0.00e+00	0.00e+00	1.0887e+01
7.52028e+18	6.5637e+03	2.935e-22	1.0000e+01	7.9582e+00	3.9582e-09	2.4003e-01	7.5997e-01	5.9250e-01	4.0750e-01	4.9895e-07	6.1514e-12	2.9896e-03	9.4881e-01	4.8202e-02	3.4334e-07	2.8307e-01	7.1593e-01	1.0041e-03	1.1755e-36	1.1755e-36	1.1755e-36	5.7243e-19	0.00e+00	0.00e+00	1.1570e+01
7.56389e+18	6.4718e+03	2.746e-22	1.0000e+01	7.5844e+00	5.8344e-09	2.7447e-01	7.2553e-01	6.2694e-01	3.7306e-01	4.4847e-07	8.7340e-12	2.8895e-03	9.5472e-01	4.2393e-02	2.4942e-07	3.2139e-01	6.7785e-01	7.5649e-04	1.1755e-36	1.1755e-36	1.1755e-36	9.5919e-19	0.00e+00	0.00e+00	1.2301e+01
7.60210e+18	6.3686e+03	2.549e-22	1.0000e+01	7.1940e+00	8.5473e-09	3.1072e-01	6.8928e-01	6.5630e-01	3.4370e-01	4.1020e-07	1.2167e-11	2.7749e-03	9.5953e-01	3.7695e-02	1.8582e-07	3.6108e-01	6.3834e-01	5.7715e-04	1.1755e-36	1.1755e-36	1.1755e-36	1.5883e-18	0.00e+00	0.00e+00	1.2972e+01
7.63183e+18	6.2687e+03	2.377e-22	1.0000e+01	6.8487e+00	1.1898e-08	3.4370e-01	6.5630e-01	6.7859e-01	3.2141e-01	3.8349e-07	1.6075e-11	2.6675e-03	9.6306e-01	3.4273e-02	1.4630e-07	3.9660e-01	6.0294e-01	4.5966e-04	1.1755e-36	1.1755e-36	1.1755e-36	2.4625e-18	0.00e+00	0.00e+00	1.3520e+01
7.64892e+18	6.2033e+03	2.272e-22	1.0000e+01	6.6287e+00	1.4627e-08	3.6513e-01	6.3487e-01	6.8958e-01	3.1042e-01	3.7271e-07	1.9048e-11	2.5961e-03	9.6486e-01	3.2543e-02	1.2779e-07	4.1939e-01	5.8021e-01	4.0100e-04	1.1755e-36	1.1755e-36	1.1755e-36	3.2511e-18	0.00e+00	0.00e+00	1.3726e+01
7.65580e+18	6.1814e+03	2.227e-22	1.0000e+01	6.5379e+00	1.5809e-08	3.7372e-01	6.2628e-01	6.9428e-01	3.0571e-01	3.6786e-07	2.0361e-11	2.5656e-03	9.6557e-01	3.1866e-02	1.1755e-36	4.2845e-01	5.7117e-01	3.7938e-04	1.1755e-36	1.1755e-36	1.1755e-36	3.6267e-18	0.00e+00	0.00e+00	1.3840e+01
7.66132e+18	6.1529e+03	2.189e-22	1.0000e+01	6.4586e+00	1.6984e-08	3.8067e-01	6.1933e-01	6.9844e-01	3.0156e-01	3.6329e-07	2.1497e-11	2.5400e-03	9.6621e-01	3.1250e-02	1.1755e-36	4.3578e-01	5.6386e-01	3.6249e-04	1.1755e-36	1.1755e-36	1.1755e-36	3.9667e-18	0.00e+00	0.00e+00	1.3990e+01
7.66850e+18	6.1100e+03	2.144e-22	1.0000e+01	6.3694e+00	1.8828e-08	3.9059e-01	6.0941e-01	7.0425e-01	2.9575e-01	3.5608e-07	2.3287e-11	2.5123e-03	9.6710e-01	3.0387e-02	1.1755e-36	4.4619e-01	5.5347e-01	3.4054e-04	1.1755e-36	1.1755e-36	1.1755e-36	4.5350e-18	0.00e+00	0.00e+00	1.4190e+01
7.67670e+18	6.0747e+03	2.087e-22	1.0000e+01	6.2519e+00	2.0832e-08	4.0132e-01	5.9868e-01	7.0993e-01	2.9007e-01	3.5038e-07	2.5262e-11	2.4724e-03	9.6797e-01	2.9553e-02	1.1755e-36	4.5739e-01	5.4229e-01	3.1784e-04	1.1755e-36	1.1755e-36	1.1755e-36	5.2011e-18	0.00e+00	0.00e+00	1.4400e+01
7.68515e+18	6.0300e+03	2.029e-22	1.0000e+01	6.1312e+00	2.3360e-08	4.1302e-01	5.8698e-01	7.1596e-01	2.8404e-01	3.4408e-07	2.7630e-11	2.4322e-03	9.6889e-01	2.8675e-02	1.1755e-36	4.6954e-01	5.3017e-01	2.9540e-04	1.1755e-36	1.1755e-36	1.1755e-36	6.0633e-18	0.00e+00	0.00e+00	1.4624e+01
7.69344e+18	5.9820e+03	1.971e-22	1.0000e+01	6.0071e+00	2.6261e-08	4.2479e-01	5.7521e-01	7.2162e-01	2.7838e-01	3.3850e-07	3.0215e-11	2.3905e-03	9.6976e-01	2.7851e-02	1.1755e-36	4.8171e-01	5.1802e-01	2.7479e-04	1.1755e-36	1.1755e-36	1.1755e-36	7.0853e-18	0.00e+00	0.00e+00	1.4838e+01
7.70102e+18	5.9390e+03	1.916e-22	1.0000e+01	5.8898e+00	2.9207e-08	4.3569e-01	5.6431e-01	7.2660e-01	2.7340e-01	3.3396e-07	3.2794e-11	2.3504e-03	9.7052e-01	2.7127e-02	1.1755e-36	4.9292e-01	5.0683e-01	2.5703e-04	1.1755e-36	1.1755e-36	1.1755e-36	8.1857e-18	0.00e+00	0.00e+00	1.5036e+01
7.70819e+18	5.8995e+03	1.863e-22	1.0000e+01	5.7751e+00	3.2255e-08	4.4605e-01	5.5395e-01	7.3134e-01	2.6866e-01	3.2972e-07	3.5428e-11	2.3108e-03	9.7123e-01	2.6460e-02	1.1755e-36	5.0351e-01	4.9625e-01	2.4113e-04	1.1755e-36	1.1755e-36	1.1755e-36	9.3894e-18	0.00e+00	0.00e+00	1.5237e+01
7.71555e+18	5.8482e+03	1.810e-22	1.0000e+01	5.6597e+00	3.6186e-08	4.5733e-01	5.4267e-01	7.3627e-01	2.6373e-01	3.2505e-07	3.8636e-11	2.2715e-03	9.7199e-01	2.5743e-02	1.1755e-36	5.1500e-01	4.8478e-01	2.2537e-04	1.1755e-36	1.1755e-36	1.1755e-36	1.0986e-17	0.00e+00	0.00e+00	1.5455e+01
7.72280e+18	5.7971e+03	1.758e-22	1.0000e+01	5.5476e+00	4.0617e-08	4.6884e-01	5.3116e-01	7.4106e-01	2.5894e-01	3.2054e-07	4.2234e-11	2.2330e-03	9.7271e-01	2.5053e-02	1.1755e-36	5.2666e-01	4.7313e-01	2.1056e-04	1.1755e-36	1.1755e-36	1.1755e-36	1.2932e-17	0.00e+00	0.00e+00	1.5661e+01
7.72947e+18	5.7558e+03	1.707e-22	1.0000e+01	5.4340e+00	4.4802e-08	4.7897e-01	5.2103e-01	7.4502e-01	2.5498e-01	3.1770e-07	4.5570e-11	2.1929e-03	9.7332e-01	2.4484e-02	1.1755e-36	5.3687e-01	4.6294e-01	1.9807e-04	1.1755e-36	1.1755e-36	1.1755e-36	1.4885e-17	0.00e+00	0.00e+00	1.5854e+01
7.73608e+18	5.6985e+03	1.660e-22	1.0000e+01	5.3286e+00	5.0407e-08	4.9002e-01	5.0998e-01	7.4952e-01	2.5048e-01	3.1327e-07	4.9809e-11	2.1569e-03	9.7400e-01	2.3848e-02	1.1755e-36	5.4796e-01	4.5185e-01	1.8576e-04	1.1755e-36	1.1755e-36	1.1755e-36	1.7594e-17	0.00e+00	0.00e+00	1.6066e+01
7.74256e+18	5.6567e+03	1.610e-22	1.0000e+01	5.2155e+00	5.5579e-08	5.0011e-01	4.9989e-01	7.5314e-01	2.4686e-01	3.1106e-07	5.3797e-11	2.1165e-03	9.7456e-01	2.3322e-02	1.1755e-36	5.5803e-01	4.4179e-01	1.7482e-04	1.1755e-36	1.1755e-36	1.1755e-36	2.0349e-17	0.00e+00	0.00e+00	1.6260e+01
7.74893e+18	5.6009e+03	1.563e-22	1.0000e+01	5.1063e+00	6.2279e-08	5.1072e-01	4.8928e-01	7.5715e-01	2.4285e-01	3.0770e-07	5.8667e-11	2.0784e-03	9.7517e-01	2.2756e-02	1.1755e-36	5.6859e-01	4.3124e-01	1.6431e-04	1.1755e-36	1.1755e-36	1.1755e-36	2.4030e-17	0.00e+00	0.00e+00	1.6472e+01
7.75530e+18	5.5459e+03	1.516e-22	1.0000e+01	5.0003e+00	6.9820e-08	5.2161e-01	4.7839e-01	7.6104e-01	2.3896e-01	3.0446e-07	6.4202e-11	2.0411e-03	9.7575e-01	2.2204e-02	1.1755e-36	5.7936e-01	4.2049e-01	1.5426e-04	1.1755e-36	1.1755e-36	1.1755e-36	2.8596e-17	0.00e+00	0.00e+00	1.6674e+01
7.76121e+18	5.5020e+03	1.471e-22	1.0000e+01	4.8949e+00	7.6863e-08	5.3119e-01	4.6881e-01	7.6429e-01	2.3571e-01	3.0260e-07	6.9384e-11	2.0031e-03	9.7625e-01	2.1746e-02	1.1755e-36	5.8880e-01	4.1106e-01	1.4568e-04	1.1755e-36	1.1755e-36	1.1755e-36	3.3235e-17	0.00e+00	0.00e+00	1.6865e+01
7.76715e+18	5.4421e+03	1.427e-22	1.0000e+01	4.7898e+00	8.6311e-08	5.4149e-01	4.5851e-01	7.6785e-01	2.3215e-01	2.9982e-07	7.5957e-11	1.9662e-03	9.7679e-01	2.1242e-02	1.1755e-36	5.9890e-01	4.0096e-01	1.3724e-04	1.1755e-36	1.1755e-36	1.1755e-36	3.9717e-17	0.00e+00	0.00e+00	1.7077e+01
7.77308e+18	5.3846e+03	1.384e-22	1.0000e+01	4.6880e+00	9.6740e-08	5.5193e-01	4.4807e-01	7.7128e-01	2.2872e-01	2.9723e-07	8.3352e-11	1.9300e-03	9.7731e-01	2.0758e-02	1.1755e-36	6.0909e-01	3.9078e-01	1.2920e-04	1.1755e-36	1.1755e-36	1.1755e-36	4.7694e-17	0.00e+00	0.00e+00	1.7274e+01
7.77853e+18	5.3409e+03	1.343e-22	1.0000e+01	4.5883e+00	1.0610e-07	5.6094e-01	4.3906e-01	7.7404e-01	2.2596e-01	2.9607e-07	9.0101e-11	1.8937e-03	9.7774e-01	2.0362e-02	1.1755e-36	6.1784e-01	3.8204e-01	1.2239e-04	1.1755e-36	1.1755e-36	1.1755e-36	5.5602e-17	0.00e+00	0.00e+00	1.7460e+01
7.78414e+18	5.2816e+03	1.302e-22	1.0000e+01	4.4868e+00	1.1873e-07	5.7075e-01	4.2925e-01	7.7723e-01	2.2277e-01	2.9390e-07	9.8855e-11	1.8575e-03	9.7823e-01	1.9917e-02	1.1755e-36	6.2735e-01	3.7254e-01	1.1554e-04	1.1755e-36	1.1755e-36	1.1755e-36	6.6868e-17	0.00e+00	0.00e+00	1.7675e+01
7.78992e+18	5.2232e+03	1.260e-22	1.0000e+01	4.3828e+00	1.3288e-07	5.8082e-01	4.1918e-01	7.8028e-01	2.1972e-01	2.9216e-07	1.0883e-10	1.8199e-03	9.7869e-01	1.9487e-02	1.1755e-36	6.3705e-01	3.6284e-01	1.0889e-04	1.1755e-36	1.1755e-36	1.1755e-36	8.0966e-17	0.00e+00	0.00e+00	1.7880e+01
7.79534e+18	5.1653e+03	1.221e-22	1.0000e+01	4.2846e+00	1.4822e-07	5.9036e-01	4.0964e-01	7.8312e-01	2.1688e-01	2.9056e-07	1.1963e-10	1.7846e-03	9.7913e-01	1.9088e-02	1.1755e-36	6.4621e-01	3.5368e-01	1.0294e-04	1.1755e-36	1.1755e-36	1.1755e-36	9.7794e-17	0.00e+00	0.00e+00	1.8076e+01
7.80051e+18	5.1079e+03	1.184e-22	1.0000e+01	4.1909e+00	1.6485e-07	5.9950e-01	4.0050e-01	7.8580e-01	2.1420e-01	2.8910e-07	1.3140e-10	1.7508e-03	9.7954e-01	1.8713e-02	1.1755e-36	6.5495e-01	3.4496e-01	9.7527e-05	1.1755e-36	1.1755e-36	1.1755e-36	1.1793e-16	0.00e+00	0.00e+00	1.8268e+01
7.80557e+18	5.0462e+03	1.149e-22	1.0000e+01	4.1007e+00	1.8419e-07	6.0869e-01	3.9131e-01	7.8857e-01	2.1143e-01	2.8720e-07	1.4516e-10	1.7186e-03	9.7994e-01	1.8337e-02	1.1755e-36	6.6371e-01	3.3620e-01	9.2407e-05	1.1755e-36	1.1755e-36	1.1755e-36	1.4382e-16	0.00e+00	0.00e+00	1.8462e+01
7.81048e+18	4.9882e+03	1.114e-22	1.0000e+01	4.0113e+00	2.0437e-07	6.1742e-01	3.8258e-01	7.9105e-01	2.0895e-01	2.8590e-07	1.5911e-10	1.6863e-03	9.8032e-01	1.7989e-02	1.1755e-36	6.7199e-01	3.2793e-01	8.7724e-05	1.1755e-36	1.1755e-36	1.1755e-36	1.7274e-16	0.00e+00	0.00e+00	1.8649e+01
7.81531e+18	4.9277e+03	1.081e-22	1.0000e+01	3.9231e+00	2.2692e-07	6.2605e-01	3.7395e-01	7.9352e-01	2.0648e-01	2.8456e-07	1.7191e-10	1.6546e-03	9.8072e-01	1.7629e-02	1.1755e-36	6.8014e-01	3.1977e-01	8.3315e-05	1.1755e-36	1.1755e-36	1.1755e-36	2.0191e-16	0.00e+00	0.00e+00	1.8841e+01
7.82018e+18	4.8654e+03	1.048e-22	1.0000e+01	3.8344e+00	2.5236e-07	6.3475e-01	3.6524e-01	7.9597e-01	2.0403e-01	2.8326e-07	1.8597e-10	1.6227e-03	9.8111e-01	1.7271e-02	1.1755e-36	6.8835e-01	3.1158e-01	7.9064e-05	1.1755e-36	1.1755e-36	1.1755e-36	2.3670e-16	0.00e+00	0.00e+00	1.9036e+01
7.82504e+18	4.7969e+03	1.016e-22	1.0000e+01	3.7447e+00	2.8222e-07	6.4355e-01	3.5645e-01	7.9844e-01	2.0156e-01	2.8186e-07	2.0162e-10	1.5908e-03	9.8150e-01	1.6913e-02	1.1755e-36	6.9661e-01	3.0332e-01	7.5008e-05	1.1755e-36	1.1755e-36	1.1755e-36	2.7901e-16	0.00e+00	0.00e+00	1.9233e+01
7.82976e+18	4.7332e+03	9.844e-23	1.0000e+01	3.6587e+00	3.1299e-07	6.5194e-01	3.4806e-01	8.0070e-01	1.9930e-01	2.8081e-07	2.1757e-10	1.5599e-03	9.8186e-01	1.6580e-02	1.1755e-36	7.0446e-01	2.9547e-01	7.1277e-05	1.1755e-36	1.1755e-36	1.1755e-36	3.2571e-16	0.00e+00	0.00e+00	1.9422e+01
7.83438e+18	4.6683e+03	9.544e-23	1.0000e+01	3.5748e+00	3.4675e-07	6.6020e-01	3.3980e-01	8.0296e-01	1.9703e-01	2.7966e-07	2.3450e-10	1.5299e-03	9.8222e-01	1.6251e-02	1.1755e-36	7.1215e-01	2.8778e-01	6.7760e-05	1.1755e-36	1.1755e-36	1.1755e-36	3.7941e-16	0.00e+00	0.00e+00	1.9616e+01
7.83910e+18	4.6010e+03	9.239e-23	1.0000e+01	3.4876e+00	3.8418e-07	6.6847e-01	3.3153e-01	8.0516e-01	1.9484e-01	2.7882e-07	2.5256e-10	1.4984e-03	9.8258e-01	1.5926e-02	1.1755e-36	7.1984e-01	2.8010e-01	6.4363e-05	1.1755e-36	1.1755e-36	1.1755e-36	4.4144e-16	0.00e+00	0.00e+00	1.9818e+01
7.84395e+18	4.5297e+03	8.933e-23	1.0000e+01	3.3990e+00	4.2662e-07	6.7699e-01	3.2301e-01	8.0743e-01	1.9257e-01	2.7786e-07	2.7236e-10	1.4668e-03	9.8294e-01	1.5594e-02	1.1755e-36	7.2772e-01	2.7222e-01	6.1022e-05	1.1755e-36	1.1755e-36	1.1755e-36	5.1498e-16	0.00e+00	0.00e+00	2.0028e+01
7.84888e+18	4.4558e+03	8.629e-23	1.0000e+01	3.3103e+00	4.7355e-07	6.8565e-01	3.1435e-01	8.0972e-01	1.9028e-01	2.7685e-07	2.9356e-10	1.4351e-03	9.8330e-01	1.5260e-02	1.1755e-36	7.3571e-01	2.6423e-01	5.7780e-05	1.1755e-36	1.1755e-36	1.1755e-36	6.0003e-16	0.00e+00	0.00e+00	2.0242e+01
7.85384e+18	4.3795e+03	8.331e-23	1.0000e+01	3.2240e+00	5.2514e-07	6.9449e-01	3.0551e-01	8.1212e-01	1.8788e-01	2.7547e-07	3.1625e-10	1.4046e-03	9.8368e-01	1.4919e-02	1.1755e-36	7.4382e-01	2.5612e-01	5.4629e-05	1.1755e-36	1.1755e-36	1.1755e-36	6.9806e-16	0.00e+00	0.00e+00	2.0461e+01
7.85887e+18	4.3021e+03	8.031e-23	1.0000e+01	3.1332e+00	5.7884e-07	7.0307e-01	2.9693e-01	8.1432e-01	1.8568e-01	2.7481e-07	3.3847e-10	1.3723e-03	9.8403e-01	1.4596e-02	1.1755e-36	7.5168e-01	2.4827e-01	5.1664e-05	1.1755e-36	1.1755e-36	1.1755e-36	8.0164e-16	0.00e+00	0.00e+00	2.0686e+01
7.86414e+18	4.2206e+03	7.724e-23	1.0000e+01	3.0402e+00	6.3731e-07	7.1203e-01	2.8797e-01	8.1666e-01	1.8334e-01	2.7398e-07	3.6182e-10	1.3392e-03	9.8440e-01	1.4257e-02	1.1755e-36	7.5985e-01	2.4010e-01	4.8690e-05	1.1755e-36	1.1755e-36	1.1755e-36	9.1766e-16	0.00e+00	0.00e+00	2.0932e+01
7.86985e+18	4.1253e+03	7.402e-23	1.0000e+01	2.9422e+00	7.0612e-07	7.2196e-01	2.7804e-01	8.1937e-01	1.8063e-01	2.7242e-07	3.8750e-10	1.3052e-03	9.8482e-01	1.3879e-02	1.1755e-36	7.6887e-01	2.3109e-01	4.5591e-05	1.1755e-36	1.1755e-36	1.1755e-36	1.0538e-15	0.00e+00	0.00e+00	2.1203e+01
7.87589e+18	4.0237e+03	7.071e-23	1.0000e+01	2.8377e+00	7.7740e-07	7.3214e-01	2.6786e-01	8.2203e-01	1.7797e-01	2.7130e-07	4.1167e-10	1.2689e-03	9.8523e-01	1.3501e-02	1.1755e-36	7.7808e-01	2.2188e-01	4.2555e-05	1.1755e-36	1.1755e-36	1.1755e-36	1.1900e-15	0.00e+00	0.00e+00	2.1486e+01
7.88201e+18	3.9194e+03	6.747e-23	1.0000e+01	2.7337e+00	8.4675e-07	7.4231e-01	2.5769e-01	8.2468e-01	1.7532e-01	2.7021e-07	4.3284e-10	1.2332e-03	9.8564e-01	1.3128e-02	1.1755e-36	7.8724e-01	2.1272e-01	3.9670e-05	1.1755e-36	1.1755e-36	1.1755e-36	1.3144e-15	0.00e+00	0.00e+00	2.1773e+01
###########################
5.41181e+14	6.8801e+03	3.369e-22	1.0000e+01	1.0790e+01	1.1974e-12	6.0283e-03	9.9397e-01	2.5083e-02	9.7248e-01	2.4401e-03	5.4459e-16	5.6827e-04	3.2382e-01	6.7513e-01	4.7964e-04	4.6601e-03	6.8507e-01	3.1010e-01	1.6965e-04	1.1755e-36	1.1755e-36	3.7301e-24	0.00e+00	0.00e+00	4.1197e-04
3.24709e+15	6.8760e+03	3.367e-22	1.0000e+01	1.0788e+01	1.2004e-12	6.0254e-03	9.9397e-01	2.5088e-02	9.7247e-01	2.4376e-03	5.4415e-16	5.6632e-04	3.2387e-01	6.7508e-01	4.8018e-04	4.6574e-03	6.8498e-01	3.1020e-01	1.6915e-04	1.1755e-36	1.1755e-36	3.7247e-24	0.00e+00	0.00e+00	2.0591e-03
1.40707e+16	6.8658e+03	3.361e-22	1.0000e+01	1.0787e+01	1.2090e-12	6.0243e-03	9.9398e-01	2.5126e-02	9.7245e-01	2.4199e-03	5.4463e-16	5.6627e-04	3.2423e-01	6.7473e-01	4.7823e-04	4.6591e-03	6.8520e-01	3.0998e-01	1.6661e-04	1.1755e-36	1.1755e-36	3.7193e-24	0.00e+00	0.00e+00	8.6463e-03
5.73652e+16	6.8469e+03	3.342e-22	1.0000e+01	1.0786e+01	1.2288e-12	6.0293e-03	9.9397e-01	2.5272e-02	9.7239e-01	2.3353e-03	5.4850e-16	5.6994e-04	3.2557e-01	6.7338e-01	4.7156e-04	4.6757e-03	6.8646e-01	3.0871e-01	1.5658e-04	1.1755e-36	1.1755e-36	3.7243e-24	0.00e+00	0.00e+00	3.5017e-02
1.37027e+17	6.7599e+03	3.280e-22	1.0000e+01	1.0787e+01	1.2742e-12	5.9503e-03	9.9405e-01	2.5414e-02	9.7232e-01	2.2681e-03	5.3414e-16	5.6877e-04	3.2707e-01	6.7190e-01	4.6469e-04	4.6160e-03	6.8574e-01	3.0950e-01	1.4535e-04	1.1755e-36	1.1755e-36	3.5257e-24	0.00e+00	0.00e+00	6.8850e-02
2.40588e+17	6.6720e+03	3.221e-22	1.0000e+01	1.0787e+01	1.3376e-12	5.9043e-03	9.9410e-01	2.5661e-02	9.7222e-01	2.1218e-03	5.2887e-16	5.7118e-04	3.2947e-01	6.6951e-01	4.5272e-04	4.6010e-03	6.8754e-01	3.0773e-01	1.2970e-04	1.1755e-36	1.1755e-36	3.4002e-24	0.00e+00	0.00e+00	1.1249e-01
3.75216e+17	6.5819e+03	3.161e-22	1.0000e+01	1.0787e+01	1.4225e-12	5.8854e-03	9.9411e-01	2.6022e-02	9.7208e-01	1.9022e-03	5.3061e-16	5.7671e-04	3.3285e-01	6.6613e-01	4.3581e-04	4.6188e-03	6.9074e-01	3.0453e-01	1.1077e-04	1.1755e-36	1.1755e-36	3.3262e-24	0.00e+00	0.00e+00	1.6905e-01
5.50233e+17	6.4878e+03	3.100e-22	1.0000e+01	1.0786e+01	1.5387e-12	5.9014e-03	9.9410e-01	2.6541e-02	9.7184e-01	1.6146e-03	5.4164e-16	5.8638e-04	3.3759e-01	6.6141e-01	4.1363e-04	4.6806e-03	6.9597e-01	2.9926e-01	8.9254e-05	1.1755e-36	1.1755e-36	3.3136e-24	0.00e+00	0.00e+00	2.4277e-01
7.77756e+17	6.3868e+03	3.042e-22	1.0000e+01	1.0784e+01	1.7078e-12	5.9704e-03	9.9403e-01	2.7304e-02	9.7142e-01	1.2765e-03	5.6715e-16	6.0265e-04	3.4433e-01	6.5468e-01	3.8588e-04	4.8070e-03	7.0387e-01	2.9126e-01	6.6595e-05	1.1755e-36	1.1755e-36	3.3920e-24	0.00e+00	0.00e+00	3.3973e-01
1.07353e+18	6.3000e+03	2.982e-22	1.0000e+01	1.0782e+01	1.9207e-12	6.1064e-03	9.9389e-01	2.8370e-02	9.7071e-01	9.2345e-04	6.1241e-16	6.2759e-04	3.5347e-01	6.4555e-01	3.5400e-04	5.0166e-03	7.1487e-01	2.8007e-01	4.5028e-05	1.1755e-36	1.1755e-36	3.6009e-24	0.00e+00	0.00e+00	4.6864e-01
1.45805e+18	6.2170e+03	2.931e-22	1.0000e+01	1.0778e+01	2.2439e-12	6.3637e-03	9.9364e-01	2.9971e-02	9.6943e-01	5.9638e-04	6.9653e-16	6.6730e-04	3.6660e-01	6.3242e-01	3.1757e-04	5.3701e-03	7.3012e-01	2.6448e-01	2.6700e-05	1.1755e-36	1.1755e-36	4.0630e-24	0.00e+00	0.00e+00	6.4330e-01
1.95791e+18	6.1539e+03	2.893e-22	1.0000e+01	1.0773e+01	2.7379e-12	6.8206e-03	9.9318e-01	3.2440e-02	9.6723e-01	3.3526e-04	8.5474e-16	7.3050e-04	3.8565e-01	6.1334e-01	2.7682e-04	5.9613e-03	7.5088e-01	2.4315e-01	1.3325e-05	1.1755e-36	1.1755e-36	5.0294e-24	0.00e+00	0.00e+00	8.8665e-01
2.52248e+18	6.1194e+03	2.870e-22	1.0000e+01	1.0761e+01	3.4021e-12	7.4623e-03	9.9254e-01	3.5645e-02	9.6418e-01	1.7430e-04	1.1007e-15	8.1468e-04	4.0882e-01	5.9013e-01	2.3791e-04	6.7766e-03	7.7432e-01	2.1890e-01	6.0355e-06	1.1755e-36	1.1755e-36	6.6466e-24	0.00e+00	0.00e+00	1.1524e+00
3.03664e+18	6.1306e+03	2.875e-22	1.0000e+01	1.0750e+01	4.1443e-12	8.2431e-03	9.9176e-01	3.9244e-02	9.6066e-01	9.6866e-05	1.4421e-15	9.0869e-04	4.3266e-01	5.6623e-01	2.0570e-04	7.7502e-03	7.9638e-01	1.9587e-01	2.8899e-06	1.1755e-36	1.1755e-36	9.1071e-24	0.00e+00	0.00e+00	1.3941e+00
3.45767e+18	6.1691e+03	2.900e-22	1.0000e+01	1.0739e+01	4.9296e-12	9.0971e-03	9.9090e-01	4.2973e-02	9.5697e-01	6.0665e-05	1.8788e-15	1.0045e-03	4.5528e-01	5.4353e-01	1.7998e-04	8.8073e-03	8.1547e-01	1.7572e-01	1.5503e-06	1.1755e-36	1.1755e-36	1.2536e-23	0.00e+00	0.00e+00	1.6111e+00
3.81251e+18	6.2199e+03	2.932e-22	1.0000e+01	1.0726e+01	5.7764e-12	1.0014e-02	9.8999e-01	4.6875e-02	9.5308e-01	4.1224e-05	2.4254e-15	1.1018e-03	4.7702e-01	5.2172e-01	1.5841e-04	9.9436e-03	8.3221e-01	1.5784e-01	8.9845e-07	1.1755e-36	1.1755e-36	1.7150e-23	0.00e+00	0.00e+00	1.8210e+00
4.13414e+18	6.2730e+03	2.972e-22	1.0000e+01	1.0711e+01	6.8017e-12	1.1053e-02	9.8895e-01	5.1223e-02	9.4875e-01	2.9185e-05	3.1485e-15	1.2050e-03	4.9926e-01	4.9940e-01	1.3881e-04	1.1234e-02	8.4773e-01	1.4103e-01	5.3633e-07	1.1755e-36	1.1755e-36	2.3702e-23	0.00e+00	0.00e+00	2.0383e+00
4.43720e+18	6.3302e+03	3.018e-22	1.0000e+01	1.0695e+01	8.0747e-12	1.2262e-02	9.8774e-01	5.6206e-02	9.4377e-01	2.1187e-05	4.1333e-15	1.3173e-03	5.2254e-01	4.7602e-01	1.2051e-04	1.2741e-02	8.6240e-01	1.2486e-01	3.2308e-07	1.1755e-36	1.1755e-36	3.3318e-23	0.00e+00	0.00e+00	2.2665e+00
4.72182e+18	6.3913e+03	3.071e-22	1.0000e+01	1.0678e+01	9.6576e-12	1.3668e-02	9.8633e-01	6.1910e-02	9.3807e-01	1.5758e-05	5.4785e-15	1.4384e-03	5.4672e-01	4.5174e-01	1.0358e-04	1.4496e-02	8.7597e-01	1.0953e-01	1.9634e-07	1.1755e-36	1.1755e-36	4.7560e-23	0.00e+00	0.00e+00	2.5034e+00
4.98614e+18	6.4527e+03	3.127e-22	1.0000e+01	1.0661e+01	1.1649e-11	1.5291e-02	9.8471e-01	6.8411e-02	9.3158e-01	1.2014e-05	7.3154e-15	1.5640e-03	5.7150e-01	4.2685e-01	8.8162e-05	1.6528e-02	8.8822e-01	9.5256e-02	1.1755e-36	1.1755e-36	1.1755e-36	6.8746e-23	0.00e+00	0.00e+00	2.7488e+00
5.23231e+18	6.4980e+03	3.190e-22	1.0000e+01	1.0629e+01	1.4366e-11	1.7187e-02	9.8281e-01	7.5975e-02	9.2402e-01	9.3165e-06	9.8333e-15	1.7001e-03	5.9713e-01	4.0110e-01	7.4105e-05	1.8903e-02	8.9902e-01	8.2074e-02	1.1755e-36	1.1755e-36	1.1755e-36	1.0007e-22	0.00e+00	0.00e+00	3.0073e+00
5.46512e+18	6.5639e+03	3.252e-22	1.0000e+01	1.0607e+01	1.7625e-11	1.9404e-02	9.8060e-01	8.4682e-02	9.1531e-01	7.3655e-06	1.3370e-14	1.8400e-03	6.2331e-01	3.7479e-01	6.1456e-05	2.1684e-02	9.0846e-01	6.9858e-02	1.1755e-36	1.1755e-36	1.1755e-36	1.4885e-22	0.00e+00	0.00e+00	3.2859e+00
5.68809e+18	6.6013e+03	3.323e-22	1.0000e+01	1.0563e+01	2.2530e-11	2.2115e-02	9.7789e-01	9.5268e-02	9.0473e-01	5.8510e-06	1.8493e-14	1.9932e-03	6.5100e-01	3.4695e-01	4.9851e-05	2.5079e-02	9.1638e-01	5.8544e-02	1.1755e-36	1.1755e-36	1.1755e-36	2.2571e-22	0.00e+00	0.00e+00	3.5910e+00
5.90333e+18	6.6619e+03	3.393e-22	1.0000e+01	1.0531e+01	2.8875e-11	2.5429e-02	9.7457e-01	1.0801e-01	8.9198e-01	4.7057e-06	2.6165e-14	2.1520e-03	6.7970e-01	3.1811e-01	3.9492e-05	2.9230e-02	9.2268e-01	4.8090e-02	1.1755e-36	1.1755e-36	1.1755e-36	3.5528e-22	0.00e+00	0.00e+00	3.9314e+00
6.11216e+18	6.6928e+03	3.468e-22	1.0000e+01	1.0466e+01	3.8896e-11	2.9633e-02	9.7037e-01	1.2403e-01	8.7596e-01	3.7764e-06	3.7985e-14	2.3239e-03	7.1003e-01	2.8761e-01	3.0275e-05	3.4483e-02	9.2692e-01	3.8596e-02	1.1755e-36	1.1755e-36	1.1755e-36	5.7666e-22	0.00e+00	0.00e+00	4.3163e+00
6.30567e+18	6.7322e+03	3.545e-22	1.0000e+01	1.0416e+01	5.3004e-11	3.4817e-02	9.6518e-01	1.4330e-01	8.5669e-01	3.0832e-06	5.6235e-14	2.4970e-03	7.4023e-01	2.5725e-01	2.2638e-05	4.0940e-02	9.2865e-01	3.0405e-02	1.1755e-36	1.1755e-36	1.1755e-36	9.6755e-22	0.00e+00	0.00e+00	4.7150e+00
6.47095e+18	6.7665e+03	3.606e-22	1.0000e+01	1.0347e+01	7.1602e-11	4.0654e-02	9.5935e-01	1.6449e-01	8.3551e-01	2.5828e-06	8.1693e-14	2.6509e-03	7.6749e-01	2.2984e-01	1.6939e-05	4.8188e-02	9.2780e-01	2.4009e-02	1.1755e-36	1.1755e-36	1.1755e-36	1.5875e-21	0.00e+00	0.00e+00	5.0980e+00
6.60936e+18	6.7908e+03	3.652e-22	1.0000e+01	1.0266e+01	9.5413e-11	4.6981e-02	9.5302e-01	1.8693e-01	8.1307e-01	2.2121e-06	1.1554e-13	2.7818e-03	7.9135e-01	2.0585e-01	1.2794e-05	5.6017e-02	9.2484e-01	1.9142e-02	1.1755e-36	1.1755e-36	1.1755e-36	2.5168e-21	0.00e+00	0.00e+00	5.4765e+00
6.73130e+18	6.8123e+03	3.677e-22	1.0000e+01	1.0160e+01	1.2593e-10	5.3969e-02	9.4603e-01	2.1114e-01	7.8886e-01	1.9157e-06	1.6073e-13	2.8907e-03	8.1275e-01	1.8435e-01	9.6803e-06	6.4636e-02	9.2006e-01	1.5299e-02	1.1755e-36	1.1755e-36	1.1755e-36	3.9053e-21	0.00e+00	0.00e+00	5.8728e+00
6.84425e+18	6.8273e+03	3.689e-22	1.0000e+01	1.0039e+01	1.6807e-10	6.2157e-02	9.3784e-01	2.3863e-01	7.6137e-01	1.6595e-06	2.2501e-13	2.9870e-03	8.3296e-01	1.6404e-01	7.2245e-06	7.4690e-02	9.1320e-01	1.2108e-02	1.1755e-36	1.1755e-36	1.1755e-36	6.1178e-21	0.00e+00	0.00e+00	6.3030e+00
6.94904e+18	6.8344e+03	3.692e-22	1.0000e+01	9.9142e+00	2.2820e-10	7.1943e-02	9.2806e-01	2.6984e-01	7.3016e-01	1.4429e-06	3.1922e-13	3.0743e-03	8.5209e-01	1.4483e-01	5.2988e-06	8.6646e-02	9.0389e-01	9.4673e-03	1.1755e-36	1.1755e-36	1.1755e-36	9.7775e-21	0.00e+00	0.00e+00	6.7571e+00
7.04250e+18	6.8354e+03	3.679e-22	1.0000e+01	9.7738e+00	3.1045e-10	8.3128e-02	9.1687e-01	3.0335e-01	6.9665e-01	1.2630e-06	4.5129e-13	3.1428e-03	8.6918e-01	1.2767e-01	3.8765e-06	1.0023e-01	8.9238e-01	7.3888e-03	1.1755e-36	1.1755e-36	1.1755e-36	1.5575e-20	0.00e+00	0.00e+00	7.2136e+00
7.12412e+18	6.8363e+03	3.645e-22	1.0000e+01	9.6188e+00	4.1731e-10	9.5440e-02	9.0456e-01	3.3782e-01	6.6218e-01	1.1130e-06	6.2902e-13	3.1899e-03	8.8394e-01	1.1286e-01	2.8575e-06	1.1510e-01	8.7911e-01	5.7961e-03	1.1755e-36	1.1755e-36	1.1755e-36	2.4380e-20	0.00e+00	0.00e+00	7.6732e+00
7.19718e+18	6.8168e+03	3.600e-22	1.0000e+01	9.4496e+00	5.6828e-10	1.0939e-01	8.9061e-01	3.7376e-01	6.2624e-01	9.8467e-07	8.7496e-13	3.2213e-03	8.9708e-01	9.9694e-02	2.1048e-06	1.3183e-01	8.6363e-01	4.5466e-03	1.1755e-36	1.1755e-36	1.1755e-36	3.8077e-20	0.00e+00	0.00e+00	8.1557e+00
7.26452e+18	6.7963e+03	3.534e-22	1.0000e+01	9.2578e+00	7.7597e-10	1.2537e-01	8.7463e-01	4.1121e-01	5.8879e-01	8.7187e-07	1.2191e-12	3.2343e-03	9.0886e-01	8.7905e-02	1.5434e-06	1.5085e-01	8.4561e-01	3.5465e-03	1.1755e-36	1.1755e-36	1.1755e-36	5.9747e-20	0.00e+00	0.00e+00	8.6689e+00
7.32699e+18	6.7673e+03	3.448e-22	1.0000e+01	9.0408e+00	1.0719e-09	1.4386e-01	8.5614e-01	4.5000e-01	5.5000e-01	7.7128e-07	1.7081e-12	3.2294e-03	9.1944e-01	7.7326e-02	1.1249e-06	1.7267e-01	8.2458e-01	2.7463e-03	1.1755e-36	1.1755e-36	1.1755e-36	9.4723e-20	0.00e+00	0.00e+00	9.2148e+00
7.38463e+18	6.7285e+03	3.340e-22	1.0000e+01	8.7943e+00	1.4970e-09	1.6511e-01	8.3489e-01	4.8898e-01	5.1102e-01	6.8476e-07	2.4005e-12	3.2050e-03	9.2884e-01	6.7954e-02	8.1738e-07	1.9750e-01	8.0038e-01	2.1146e-03	1.1755e-36	1.1755e-36	1.1755e-36	1.5142e-19	0.00e+00	0.00e+00	9.7902e+00
7.43763e+18	6.6791e+03	3.211e-22	1.0000e+01	8.5192e+00	2.1127e-09	1.8931e-01	8.1069e-01	5.2747e-01	4.7253e-01	6.0888e-07	3.3795e-12	3.1613e-03	9.3711e-01	5.9733e-02	5.9386e-07	2.2548e-01	7.7289e-01	1.6212e-03	1.1755e-36	1.1755e-36	1.1755e-36	2.4409e-19	0.00e+00	0.00e+00	1.0398e+01
7.48663e+18	6.6162e+03	3.061e-22	1.0000e+01	8.2115e+00	3.0194e-09	2.1684e-01	7.8316e-01	5.6488e-01	4.3512e-01	5.4288e-07	4.7643e-12	3.0976e-03	9.4438e-01	5.2522e-02	4.3156e-07	2.5691e-01	7.4186e-01	1.2368e-03	1.1755e-36	1.1755e-36	1.1755e-36	3.9700e-19	0.00e+00	0.00e+00	1.1044e+01
7.53231e+18	6.5383e+03	2.889e-22	1.0000e+01	7.8695e+00	4.3834e-09	2.4815e-01	7.5185e-01	6.0083e-01	3.9917e-01	4.8567e-07	6.7397e-12	3.0138e-03	9.5081e-01	4.6179e-02	3.1348e-07	2.9216e-01	7.0690e-01	9.3738e-04	1.1755e-36	1.1755e-36	1.1755e-36	6.5528e-19	0.00e+00	0.00e+00	1.1736e+01
7.57472e+18	6.4429e+03	2.697e-22	1.0000e+01	7.4903e+00	6.4620e-09	2.8326e-01	7.1674e-01	6.3428e-01	3.6572e-01	4.3792e-07	9.5376e-12	2.9092e-03	9.5642e-01	4.0672e-02	2.2860e-07	3.3109e-01	6.6821e-01	7.0730e-04	1.1755e-36	1.1755e-36	1.1755e-36	1.0965e-18	0.00e+00	0.00e+00	1.2463e+01
7.61110e+18	6.3388e+03	2.503e-22	1.0000e+01	7.1037e+00	9.3884e-09	3.1926e-01	6.8074e-01	6.6204e-01	3.3796e-01	4.0272e-07	1.3150e-11	2.7930e-03	9.6088e-01	3.6325e-02	1.7215e-07	3.7033e-01	6.2912e-01	5.4373e-04	1.1755e-36	1.1755e-36	1.1755e-36	1.7948e-18	0.00e+00	0.00e+00	1.3110e+01
7.63897e+18	6.2406e+03	2.338e-22	1.0000e+01	6.7707e+00	1.2888e-08	3.5113e-01	6.4887e-01	6.8277e-01	3.1723e-01	3.7840e-07	1.7133e-11	2.6876e-03	9.6411e-01	3.3202e-02	1.3735e-07	4.0453e-01	5.9503e-01	4.3781e-04	1.1755e-36	1.1755e-36	1.1755e-36	2.7318e-18	0.00e+00	0.00e+00	1.3634e+01
7.65512e+18	6.1697e+03	2.239e-22	1.0000e+01	6.5676e+00	1.5852e-08	3.7228e-01	6.2772e-01	6.9339e-01	3.0661e-01	3.6754e-07	2.0267e-11	2.6218e-03	9.6582e-01	3.1560e-02	1.1755e-36	4.2696e-01	5.7266e-01	3.8365e-04	1.1755e-36	1.1755e-36	1.1755e-36	3.6060e-18	0.00e+00	0.00e+00	1.3838e+01
7.66179e+18	6.1544e+03	2.193e-22	1.0000e+01	6.4708e+00	1.6961e-08	3.8032e-01	6.1968e-01	6.9762e-01	3.0238e-01	3.6387e-07	2.1511e-11	2.5881e-03	9.6643e-01	3.0978e-02	1.1755e-36	4.3540e-01	5.6423e-01	3.6391e-04	1.1755e-36	1.1755e-36	1.1755e-36	3.9764e-18	0.00e+00	0.00e+00	1.3950e+01
7.66714e+18	6.1256e+03	2.156e-22	1.0000e+01	6.3912e+00	1.8204e-08	3.8715e-01	6.1285e-01	7.0159e-01	2.9841e-01	3.5961e-07	2.2676e-11	2.5618e-03	9.6704e-01	3.0396e-02	1.1755e-36	4.4258e-01	5.5707e-01	3.4812e-04	1.1755e-36	1.1755e-36	1.1755e-36	4.3413e-18	0.00e+00	0.00e+00	1.4097e+01
7.67409e+18	6.0822e+03	2.111e-22	1.0000e+01	6.3034e+00	2.0164e-08	3.9696e-01	6.0304e-01	7.0721e-01	2.9279e-01	3.5267e-07	2.4535e-11	2.5340e-03	9.6789e-01	2.9572e-02	1.1755e-36	4.5286e-01	5.4682e-01	3.2744e-04	1.1755e-36	1.1755e-36	1.1755e-36	4.9587e-18	0.00e+00	0.00e+00	1.4294e+01
7.68206e+18	6.0475e+03	2.055e-22	1.0000e+01	6.1873e+00	2.2264e-08	4.0754e-01	5.9246e-01	7.1268e-01	2.8732e-01	3.4733e-07	2.6570e-11	2.4940e-03	9.6873e-01	2.8781e-02	1.1755e-36	4.6387e-01	5.3583e-01	3.0602e-04	1.1755e-36	1.1755e-36	1.1755e-36	5.6761e-18	0.00e+00	0.00e+00	1.4502e+01
7.69039e+18	6.0018e+03	1.996e-22	1.0000e+01	6.0604e+00	2.4943e-08	4.1902e-01	5.8098e-01	7.1845e-01	2.8155e-01	3.4167e-07	2.8977e-11	2.4509e-03	9.6959e-01	2.7955e-02	1.1755e-36	4.7576e-01	5.2396e-01	2.8480e-04	1.1755e-36	1.1755e-36	1.1755e-36	6.5924e-18	0.00e+00	0.00e+00	1.4729e+01
7.69867e+18	5.9523e+03	1.939e-22	1.0000e+01	5.9409e+00	2.8129e-08	4.3120e-01	5.6880e-01	7.2423e-01	2.7577e-01	3.3572e-07	3.1812e-11	2.4102e-03	9.7046e-01	2.7125e-02	1.1755e-36	4.8831e-01	5.1143e-01	2.6450e-04	1.1755e-36	1.1755e-36	1.1755e-36	7.7643e-18	0.00e+00	0.00e+00	1.4947e+01
7.70618e+18	5.9085e+03	1.884e-22	1.0000e+01	5.8229e+00	3.1306e-08	4.4216e-01	5.5784e-01	7.2909e-01	2.7091e-01	3.3143e-07	3.4538e-11	2.3693e-03	9.7120e-01	2.6427e-02	1.1755e-36	4.9955e-01	5.0021e-01	2.4742e-04	1.1755e-36	1.1755e-36	1.1755e-36	8.9863e-18	0.00e+00	0.00e+00	1.5143e+01
7.71318e+18	5.8707e+03	1.832e-22	1.0000e+01	5.7098e+00	3.4465e-08	4.5233e-01	5.4767e-01	7.3361e-01	2.6639e-01	3.2760e-07	3.7243e-11	2.3294e-03	9.7187e-01	2.5797e-02	1.1755e-36	5.0993e-01	4.8984e-01	2.3239e-04	1.1755e-36	1.1755e-36	1.1755e-36	1.0283e-17	0.00e+00	0.00e+00	1.5342e+01
7.72044e+18	5.8199e+03	1.779e-22	1.0000e+01	5.5938e+00	3.8618e-08	4.6355e-01	5.3645e-01	7.3846e-01	2.6154e-01	3.2312e-07	4.0590e-11	2.2891e-03	9.7260e-01	2.5108e-02	1.1755e-36	5.2131e-01	4.7848e-01	2.1729e-04	1.1755e-36	1.1755e-36	1.1755e-36	1.2030e-17	0.00e+00	0.00e+00	1.5563e+01
7.72775e+18	5.7700e+03	1.725e-22	1.0000e+01	5.4753e+00	4.3268e-08	4.7498e-01	5.2502e-01	7.4308e-01	2.5692e-01	3.1919e-07	4.4302e-11	2.2475e-03	9.7330e-01	2.4452e-02	1.1755e-36	5.3286e-01	4.6694e-01	2.0300e-04	1.1755e-36	1.1755e-36	1.1755e-36	1.4136e-17	0.00e+00	0.00e+00	1.5775e+01
7.73455e+18	5.7171e+03	1.675e-22	1.0000e+01	5.3637e+00	4.8474e-08	4.8598e-01	5.1402e-01	7.4740e-01	2.5259e-01	3.1543e-07	4.8291e-11	2.2084e-03	9.7395e-01	2.3840e-02	1.1755e-36	5.4392e-01	4.5589e-01	1.9033e-04	1.1755e-36	1.1755e-36	1.1755e-36	1.6613e-17	0.00e+00	0.00e+00	1.5976e+01
7.74088e+18	5.6744e+03	1.628e-22	1.0000e+01	5.2574e+00	5.3477e-08	4.9604e-01	5.0396e-01	7.5119e-01	2.4881e-01	3.1263e-07	5.2185e-11	2.1702e-03	9.7452e-01	2.3306e-02	1.1755e-36	5.5397e-01	4.4585e-01	1.7925e-04	1.1755e-36	1.1755e-36	1.1755e-36	1.9219e-17	0.00e+00	0.00e+00	1.6167e+01
7.74720e+18	5.6181e+03	1.581e-22	1.0000e+01	5.1499e+00	5.9934e-08	5.0660e-01	4.9340e-01	7.5522e-01	2.4478e-01	3.0914e-07	5.6877e-11	2.1324e-03	9.7512e-01	2.2743e-02	1.1755e-36	5.6450e-01	4.3533e-01	1.6856e-04	1.1755e-36	1.1755e-36	1.1755e-36	2.2663e-17	0.00e+00	0.00e+00	1.6376e+01
7.75349e+18	5.5645e+03	1.535e-22	1.0000e+01	5.0451e+00	6.7029e-08	5.1728e-01	4.8272e-01	7.5907e-01	2.4093e-01	3.0596e-07	6.2097e-11	2.0951e-03	9.7570e-01	2.2202e-02	1.1755e-36	5.7509e-01	4.2475e-01	1.5843e-04	1.1755e-36	1.1755e-36	1.1755e-36	2.6834e-17	0.00e+00	0.00e+00	1.6574e+01
7.75938e+18	5.5211e+03	1.490e-22	1.0000e+01	4.9402e+00	7.3730e-08	5.2681e-01	4.7319e-01	7.6234e-01	2.3766e-01	3.0402e-07	6.7036e-11	2.0569e-03	9.7620e-01	2.1745e-02	1.1755e-36	5.8450e-01	4.1535e-01	1.4965e-04	1.1755e-36	1.1755e-36	1.1755e-36	3.1109e-17	0.00e+00	0.00e+00	1.6764e+01
7.76538e+18	5.4613e+03	1.445e-22	1.0000e+01	4.8342e+00	8.2830e-08	5.3721e-01	4.6279e-01	7.6599e-01	2.3401e-01	3.0112e-07	7.3382e-11	2.0192e-03	9.7674e-01	2.1236e-02	1.1755e-36	5.9472e-01	4.0514e-01	1.4091e-04	1.1755e-36	1.1755e-36	1.1755e-36	3.7153e-17	0.00e+00	0.00e+00	1.6977e+01
7.77140e+18	5.4038e+03	1.402e-22	1.0000e+01	4.7314e+00	9.2904e-08	5.4778e-01	4.5222e-01	7.6950e-01	2.3050e-01	2.9844e-07	8.0541e-11	1.9822e-03	9.7727e-01	2.0748e-02	1.1755e-36	6.0505e-01	3.9481e-01	1.3257e-04	1.1755e-36	1.1755e-36	1.1755e-36	4.4612e-17	0.00e+00	0.00e+00	1.7176e+01
7.77690e+18	5.3579e+03	1.360e-22	1.0000e+01	4.6303e+00	1.0220e-07	5.5691e-01	4.4309e-01	7.7233e-01	2.2767e-01	2.9716e-07	8.7157e-11	1.9450e-03	9.7771e-01	2.0349e-02	1.1755e-36	6.1394e-01	3.8594e-01	1.2554e-04	1.1755e-36	1.1755e-36	1.1755e-36	5.2130e-17	0.00e+00	0.00e+00	1.7361e+01
7.78245e+18	5.2974e+03	1.319e-22	1.0000e+01	4.5304e+00	1.1451e-07	5.6673e-01	4.3327e-01	7.7556e-01	2.2444e-01	2.9479e-07	9.5626e-11	1.9091e-03	9.7819e-01	1.9905e-02	1.1755e-36	6.2347e-01	3.7641e-01	1.1857e-04	1.1755e-36	1.1755e-36	1.1755e-36	6.2695e-17	0.00e+00	0.00e+00	1.7569e+01
7.78806e+18	5.2377e+03	1.279e-22	1.0000e+01	4.4329e+00	1.2837e-07	5.7682e-01	4.2318e-01	7.7875e-01	2.2125e-01	2.9244e-07	1.0538e-10	1.8738e-03	9.7866e-01	1.9470e-02	1.1755e-36	6.3322e-01	3.6667e-01	1.1184e-04	1.1755e-36	1.1755e-36	1.1755e-36	7.6035e-17	0.00e+00	0.00e+00	1.7766e+01
7.79327e+18	5.1839e+03	1.241e-22	1.0000e+01	4.3375e+00	1.4225e-07	5.8588e-01	4.1412e-01	7.8141e-01	2.1859e-01	2.9112e-07	1.1509e-10	1.8388e-03	9.7906e-01	1.9097e-02	1.1755e-36	6.4193e-01	3.5796e-01	1.0602e-04	1.1755e-36	1.1755e-36	1.1755e-36	9.0670e-17	0.00e+00	0.00e+00	1.7951e+01
7.79833e+18	5.1303e+03	1.205e-22	1.0000e+01	4.2460e+00	1.5742e-07	5.9479e-01	4.0521e-01	7.8408e-01	2.1592e-01	2.8964e-07	1.2586e-10	1.8053e-03	9.7947e-01	1.8728e-02	1.1755e-36	6.5046e-01	3.4943e-01	1.0055e-04	1.1755e-36	1.1755e-36	1.1755e-36	1.0834e-16	0.00e+00	0.00e+00	1.8144e+01
7.80356e+18	5.0665e+03	1.168e-22	1.0000e+01	4.1500e+00	1.7650e-07	6.0419e-01	3.9581e-01	7.8694e-01	2.1306e-01	2.8777e-07	1.3921e-10	1.7706e-03	9.7988e-01	1.8346e-02	1.1755e-36	6.5944e-01	3.4047e-01	9.5152e-05	1.1755e-36	1.1755e-36	1.1755e-36	1.3253e-16	0.00e+00	0.00e+00	1.8347e+01
7.80868e+18	5.0102e+03	1.132e-22	1.0000e+01	4.0550e+00	1.9570e-07	6.1307e-01	3.8693e-01	7.8939e-01	2.1061e-01	2.8687e-07	1.5300e-10	1.7354e-03	9.8026e-01	1.8005e-02	1.1755e-36	6.6788e-01	3.3203e-01	9.0210e-05	1.1755e-36	1.1755e-36	1.1755e-36	1.5996e-16	0.00e+00	0.00e+00	1.8538e+01
7.81366e+18	4.9546e+03	1.097e-22	1.0000e+01	3.9642e+00	2.1635e-07	6.2176e-01	3.7824e-01	7.9184e-01	2.0816e-01	2.8582e-07	1.6564e-10	1.7018e-03	9.8065e-01	1.7653e-02	1.1755e-36	6.7610e-01	3.2381e-01	8.5584e-05	1.1755e-36	1.1755e-36	1.1755e-36	1.8752e-16	0.00e+00	0.00e+00	1.8735e+01
7.81880e+18	4.8873e+03	1.062e-22	1.0000e+01	3.8717e+00	2.4268e-07	6.3111e-01	3.6889e-01	7.9458e-01	2.0542e-01	2.8406e-07	1.8031e-10	1.6683e-03	9.8107e-01	1.7266e-02	1.1755e-36	6.8493e-01	3.1499e-01	8.0943e-05	1.1755e-36	1.1755e-36	1.1755e-36	2.2255e-16	0.00e+00	0.00e+00	1.8944e+01
7.82385e+18	4.8222e+03	1.028e-22	1.0000e+01	3.7792e+00	2.7081e-07	6.4011e-01	3.5989e-01	7.9702e-01	2.0298e-01	2.8295e-07	1.9553e-10	1.6344e-03	9.8145e-01	1.6911e-02	1.1755e-36	6.9338e-01	3.0654e-01	7.6675e-05	1.1755e-36	1.1755e-36	1.1755e-36	2.6232e-16	0.00e+00	0.00e+00	1.9140e+01
7.82861e+18	4.7586e+03	9.962e-23	1.0000e+01	3.6922e+00	3.0062e-07	6.4859e-01	3.5141e-01	7.9933e-01	2.0067e-01	2.8187e-07	2.1116e-10	1.6027e-03	9.8182e-01	1.6577e-02	1.1755e-36	7.0132e-01	2.9860e-01	7.2829e-05	1.1755e-36	1.1755e-36	1.1755e-36	3.0666e-16	0.00e+00	0.00e+00	1.9331e+01
7.83329e+18	4.6941e+03	9.654e-23	1.0000e+01	3.6068e+00	3.3325e-07	6.5694e-01	3.4306e-01	8.0161e-01	1.9839e-01	2.8078e-07	2.2776e-10	1.5715e-03	9.8218e-01	1.6249e-02	1.1755e-36	7.0911e-01	2.9082e-01	6.9201e-05	1.1755e-36	1.1755e-36	1.1755e-36	3.5771e-16	0.00e+00	0.00e+00	1.9527e+01
7.83805e+18	4.6218e+03	9.350e-23	1.0000e+01	3.5199e+00	3.7205e-07	6.6555e-01	3.3445e-01	8.0400e-01	1.9600e-01	2.7938e-07	2.4645e-10	1.5402e-03	9.8255e-01	1.5910e-02	1.1755e-36	7.1713e-01	2.8280e-01	6.5663e-05	1.1755e-36	1.1755e-36	1.1755e-36	4.2024e-16	0.00e+00	0.00e+00	1.9729e+01
7.84275e+18	4.5526e+03	9.053e-23	1.0000e+01	3.4347e+00	4.1252e-07	6.7393e-01	3.2607e-01	8.0623e-01	1.9376e-01	2.7833e-07	2.6557e-10	1.5093e-03	9.8290e-01	1.5589e-02	1.1755e-36	7.2489e-01	2.7504e-01	6.2346e-05	1.1755e-36	1.1755e-36	1.1755e-36	4.8948e-16	0.00e+00	0.00e+00	1.9925e+01
7.84741e+18	4.4861e+03	8.760e-23	1.0000e+01	3.3490e+00	4.5397e-07	6.8193e-01	3.1807e-01	8.0829e-01	1.9171e-01	2.7778e-07	2.8458e-10	1.4778e-03	9.8323e-01	1.5287e-02	1.1755e-36	7.3228e-01	2.6766e-01	5.9254e-05	1.1755e-36	1.1755e-36	1.1755e-36	5.6363e-16	0.00e+00	0.00e+00	2.0127e+01
7.85233e+18	4.4100e+03	8.458e-23	1.0000e+01	3.2601e+00	5.0366e-07	6.9059e-01	3.0941e-01	8.1063e-01	1.8937e-01	2.7667e-07	3.0635e-10	1.4457e-03	9.8360e-01	1.4955e-02	1.1755e-36	7.4025e-01	2.5969e-01	5.6084e-05	1.1755e-36	1.1755e-36	1.1755e-36	6.5508e-16	0.00e+00	0.00e+00	2.0351e+01
7.85751e+18	4.3309e+03	8.148e-23	1.0000e+01	3.1687e+00	5.5844e-07	6.9963e-01	3.0037e-01	8.1302e-01	1.8698e-01	2.7561e-07	3.2975e-10	1.4127e-03	9.8397e-01	1.4616e-02	1.1755e-36	7.4854e-01	2.5141e-01	5.2914e-05	1.1755e-36	1.1755e-36	1.1755e-36	7.6076e-16	0.00e+00	0.00e+00	2.0582e+01
7.86278e+18	4.2507e+03	7.839e-23	1.0000e+01	3.0755e+00	6.1576e-07	7.0862e-01	2.9138e-01	8.1533e-01	1.8467e-01	2.7485e-07	3.5314e-10	1.3790e-03	9.8434e-01	1.4283e-02	1.1755e-36	7.5675e-01	2.4320e-01	4.9881e-05	1.1755e-36	1.1755e-36	1.1755e-36	8.7426e-16	0.00e+00	0.00e+00	2.0819e+01
7.86829e+18	4.1596e+03	7.525e-23	1.0000e+01	2.9803e+00	6.8159e-07	7.1824e-01	2.8176e-01	8.1794e-01	1.8206e-01	2.7339e-07	3.7830e-10	1.3452e-03	9.8473e-01	1.3922e-02	1.1755e-36	7.6550e-01	2.3445e-01	4.6820e-05	1.1755e-36	1.1755e-36	1.1755e-36	1.0047e-15	0.00e+00	0.00e+00	2.1078e+01
7.87410e+18	4.0627e+03	7.203e-23	1.0000e+01	2.8791e+00	7.5050e-07	7.2811e-01	2.7189e-01	8.2052e-01	1.7948e-01	2.7233e-07	4.0251e-10	1.3093e-03	9.8513e-01	1.3561e-02	1.1755e-36	7.7444e-01	2.2551e-01	4.3816e-05	1.1755e-36	1.1755e-36	1.1755e-36	1.1385e-15	0.00e+00	0.00e+00	2.1350e+01
7.88013e+18	3.9604e+03	6.877e-23	1.0000e+01	2.7755e+00	8.2047e-07	7.3825e-01	2.6175e-01	8.2316e-01	1.7684e-01	2.7126e-07	4.2496e-10	1.2729e-03	9.8553e-01	1.3194e-02	1.1755e-36	7.8359e-01	2.1637e-01	4.0876e-05	1.1755e-36	1.1755e-36	1.1755e-36	1.2685e-15	0.00e+00	0.00e+00	2.1637e+01
###########################
5.41181e+14	6.8801e+03	3.369e-22	1.0000e+01	1.0790e+01	1.1974e-12	6.0283e-03	9.9397e-01	2.5083e-02	9.7248e-01	2.4401e-03	5.4458e-16	5.6827e-04	3.2382e-01	6.7513e-01	4.7964e-04	4.6601e-03	6.8507e-01	3.1010e-01	1.6965e-04	1.1755e-36	1.1755e-36	3.7300e-24	0.00e+00	0.00e+00	4.1197e-04
3.24709e+15	6.8760e+03	3.367e-22	1.0000e+01	1.0788e+01	1.2004e-12	6.0254e-03	9.9397e-01	2.5088e-02	9.7247e-01	2.4376e-03	5.4414e-16	5.6632e-04	3.2387e-01	6.7508e-01	4.8018e-04	4.6574e-03	6.8498e-01	3.1020e-01	1.6915e-04	1.1755e-36	1.1755e-36	3.7246e-24	0.00e+00	0.00e+00	2.0591e-03
1.40707e+16	6.8658e+03	3.361e-22	1.0000e+01	1.0787e+01	1.2090e-12	6.0243e-03	9.9398e-01	2.5126e-02	9.7245e-01	2.4199e-03	5.4462e-16	5.6627e-04	3.2423e-01	6.7473e-01	4.7823e-04	4.6591e-03	6.8520e-01	3.0998e-01	1.6661e-04	1.1755e-36	1.1755e-36	3.7192e-24	0.00e+00	0.00e+00	8.6463e-03
5.73652e+16	6.8469e+03	3.342e-22	1.0000e+01	1.0786e+01	1.2288e-12	6.0293e-03	9.9397e-01	2.5272e-02	9.7239e-01	2.3353e-03	5.4849e-16	5.6994e-04	3.2557e-01	6.7338e-01	4.7156e-04	4.6757e-03	6.8646e-01	3.0871e-01	1.5658e-04	1.1755e-36	1.1755e-36	3.7242e-24	0.00e+00	0.00e+00	3.5017e-02
1.37027e+17	6.7599e+03	3.280e-22	1.0000e+01	1.0787e+01	1.2742e-12	5.9503e-03	9.9405e-01	2.5414e-02	9.7232e-01	2.2681e-03	5.3413e-16	5.6877e-04	3.2707e-01	6.7190e-01	4.6469e-04	4.6160e-03	6.8574e-01	3.0950e-01	1.4535e-04	1.1755e-36	1.1755e-36	3.5256e-24	0.00e+00	0.00e+00	6.8850e-02
2.40588e+17	6.6720e+03	3.221e-22	1.0000e+01	1.0787e+01	1.3376e-12	5.9043e-03	9.9410e-01	2.5661e-02	9.7222e-01	2.1218e-03	5.2886e-16	5.7118e-04	3.2947e-01	6.6951e-01	4.5272e-04	4.6010e-03	6.8754e-01	3.0773e-01	1.2970e-04	1.1755e-36	1.1755e-36	3.4001e-24	0.00e+00	0.00e+00	1.1249e-01
3.75216e+17	6.5819e+03	3.161e-22	1.0000e+01	1.0787e+01	1.4225e-12	5.8854e-03	9.9411e-01	2.6022e-02	9.7208e-01	1.9022e-03	5.3060e-16	5.7671e-04	3.3285e-01	6.6613e-01	4.3581e-04	4.6188e-03	6.9074e-01	3.0453e-01	1.1077e-04	1.1755e-36	1.1755e-36	3.3261e-24	0.00e+00	0.00e+00	1.6905e-01
5.50233e+17	6.4878e+03	3.100e-22	1.0000e+01	1.0786e+01	1.5387e-12	5.9014e-03	9.9410e-01	2.6541e-02	9.7184e-01	1.6146e-03	5.4163e-16	5.8638e-04	3.3759e-01	6.6141e-01	4.1363e-04	4.6806e-03	6.9597e-01	2.9926e-01	8.9254e-05	1.1755e-36	1.1755e-36	3.3135e-24	0.00e+00	0.00e+00	2.4277e-01
7.77756e+17	6.3868e+03	3.042e-22	1.0000e+01	1.0784e+01	1.7078e-12	5.9704e-03	9.9403e-01	2.7304e-02	9.7142e-01	1.2765e-03	5.6714e-16	6.0265e-04	3.4433e-01	6.5468e-01	3.8588e-04	4.8070e-03	7.0387e-01	2.9126e-01	6.6595e-05	1.1755e-36	1.1755e-36	3.3918e-24	0.00e+00	0.00e+00	3.3973e-01
1.07353e+18	6.3000e+03	2.982e-22	1.0000e+01	1.0782e+01	1.9206e-12	6.1064e-03	9.9389e-01	2.8370e-02	9.7071e-01	9.2345e-04	6.1240e-16	6.2759e-04	3.5347e-01	6.4555e-01	3.5400e-04	5.0166e-03	7.1487e-01	2.8007e-01	4.5028e-05	1.1755e-36	1.1755e-36	3.6008e-24	0.00e+00	0.00e+00	4.6864e-01
1.45805e+18	6.2170e+03	2.931e-22	1.0000e+01	1.0778e+01	2.2438e-12	6.3637e-03	9.9364e-01	2.9971e-02	9.6943e-01	5.9638e-04	6.9652e-16	6.6730e-04	3.6660e-01	6.3242e-01	3.1757e-04	5.3701e-03	7.3012e-01	2.6448e-01	2.6700e-05	1.1755e-36	1.1755e-36	4.0629e-24	0.00e+00	0.00e+00	6.4330e-01
1.95791e+18	6.1539e+03	2.893e-22	1.0000e+01	1.0773e+01	2.7379e-12	6.8206e-03	9.9318e-01	3.2440e-02	9.6723e-01	3.3526e-04	8.5472e-16	7.3050e-04	3.8565e-01	6.1334e-01	2.7682e-04	5.9613e-03	7.5088e-01	2.4315e-01	1.3325e-05	1.1755e-36	1.1755e-36	5.0292e-24	0.00e+00	0.00e+00	8.8665e-01
2.52248e+18	6.1194e+03	2.870e-22	1.0000e+01	1.0761e+01	3.4020e-12	7.4623e-03	9.9254e-01	3.5645e-02	9.6418e-01	1.7430e-04	1.1007e-15	8.1468e-04	4.0882e-01	5.9013e-01	2.3791e-04	6.7766e-03	7.7432e-01	2.1890e-01	6.0355e-06	1.1755e-36	1.1755e-36	6.6464e-24	0.00e+00	0.00e+00	1.1524e+00
3.03664e+18	6.1306e+03	2.875e-22	1.0000e+01	1.0750e+01	4.1442e-12	8.2431e-03	9.9176e-01	3.9244e-02	9.6066e-01	9.6866e-05	1.4421e-15	9.0869e-04	4.3266e-01	5.6623e-01	2.0570e-04	7.7502e-03	7.9638e-01	1.9587e-01	2.8899e-06	1.1755e-36	1.1755e-36	9.1067e-24	0.00e+00	0.00e+00	1.3941e+00
3.45766e+18	6.1691e+03	2.900e-22	1.0000e+01	1.0739e+01	4.9295e-12	9.0970e-03	9.9090e-01	4.2973e-02	9.5697e-01	6.0666e-05	1.8787e-15	1.0045e-03	4.5528e-01	5.4353e-01	1.7998e-04	8.8073e-03	8.1547e-01	1.7572e-01	1.5503e-06	1.1755e-36	1.1755e-36	1.2535e-23	0.00e+00	0.00e+00	1.6111e+00
3.81251e+18	6.2199e+03	2.932e-22	1.0000e+01	1.0726e+01	5.7763e-12	1.0014e-02	9.8999e-01	4.6875e-02	9.5308e-01	4.1224e-05	2.4253e-15	1.1018e-03	4.7702e-01	5.2172e-01	1.5841e-04	9.9436e-03	8.3221e-01	1.5784e-01	8.9845e-07	1.1755e-36	1.1755e-36	1.7149e-23	0.00e+00	0.00e+00	1.8210e+00
4.13414e+18	6.2730e+03	2.972e-22	1.0000e+01	1.0711e+01	6.8016e-12	1.1053e-02	9.8895e-01	5.1223e-02	9.4875e-01	2.9186e-05	3.1485e-15	1.2050e-03	4.9926e-01	4.9940e-01	1.3881e-04	1.1234e-02	8.4773e-01	1.4103e-01	5.3634e-07	1.1755e-36	1.1755e-36	2.3700e-23	0.00e+00	0.00e+00	2.0383e+00
4.43720e+18	6.3302e+03	3.018e-22	1.0000e+01	1.0695e+01	8.0745e-12	1.2262e-02	9.8774e-01	5.6206e-02	9.4377e-01	2.1187e-05	4.1332e-15	1.3173e-03	5.2254e-01	4.7602e-01	1.2051e-04	1.2741e-02	8.6240e-01	1.2486e-01	3.2308e-07	1.1755e-36	1.1755e-36	3.3316e-23	0.00e+00	0.00e+00	2.2665e+00
4.72182e+18	6.3913e+03	3.071e-22	1.0000e+01	1.0678e+01	9.6573e-12	1.3668e-02	9.8633e-01	6.1910e-02	9.3807e-01	1.5758e-05	5.4783e-15	1.4384e-03	5.4672e-01	4.5174e-01	1.0358e-04	1.4496e-02	8.7597e-01	1.0953e-01	1.9634e-07	1.1755e-36	1.1755e-36	4.7557e-23	0.00e+00	0.00e+00	2.5034e+00
4.98614e+18	6.4527e+03	3.127e-22	1.0000e+01	1.0661e+01	1.1649e-11	1.5291e-02	9.8471e-01	6.8411e-02	9.3158e-01	1.2014e-05	7.3152e-15	1.5640e-03	5.7150e-01	4.2685e-01	8.8162e-05	1.6528e-02	8.8822e-01	9.5256e-02	1.1755e-36	1.1755e-36	1.1755e-36	6.8742e-23	0.00e+00	0.00e+00	2.7488e+00
5.23231e+18	6.4980e+03	3.190e-22	1.0000e+01	1.0629e+01	1.4366e-11	1.7187e-02	9.8281e-01	7.5975e-02	9.2402e-01	9.3165e-06	9.8330e-15	1.7001e-03	5.9713e-01	4.0110e-01	7.4105e-05	1.8903e-02	8.9902e-01	8.2074e-02	1.1755e-36	1.1755e-36	1.1755e-36	1.0006e-22	0.00e+00	0.00e+00	3.0073e+00
5.46512e+18	6.5639e+03	3.252e-22	1.0000e+01	1.0607e+01	1.7624e-11	1.9404e-02	9.8060e-01	8.4682e-02	9.1531e-01	7.3655e-06	1.3369e-14	1.8400e-03	6.2331e-01	3.7479e-01	6.1456e-05	2.1684e-02	9.0846e-01	6.9858e-02	1.1755e-36	1.1755e-36	1.1755e-36	1.4884e-22	0.00e+00	0.00e+00	3.2859e+00
5.68809e+18	6.6013e+03	3.323e-22	1.0000e+01	1.0563e+01	2.2530e-11	2.2115e-02	9.7789e-01	9.5268e-02	9.0473e-01	5.8510e-06	1.8493e-14	1.9932e-03	6.5100e-01	3.4695e-01	4.9851e-05	2.5079e-02	9.1638e-01	5.8544e-02	1.1755e-36	1.1755e-36	1.1755e-36	2.2570e-22	0.00e+00	0.00e+00	3.5910e+00
5.90333e+18	6.6619e+03	3.393e-22	1.0000e+01	1.0531e+01	2.8874e-11	2.5429e-02	9.7457e-01	1.0801e-01	8.9198e-01	4.7057e-06	2.6165e-14	2.1520e-03	6.7970e-01	3.1811e-01	3.9492e-05	2.9230e-02	9.2268e-01	4.8089e-02	1.1755e-36	1.1755e-36	1.1755e-36	3.5526e-22	0.00e+00	0.00e+00	3.9314e+00
6.11216e+18	6.6928e+03	3.468e-22	1.0000e+01	1.0466e+01	3.8896e-11	2.9633e-02	9.7037e-01	1.2403e-01	8.7596e-01	3.7764e-06	3.7985e-14	2.3239e-03	7.1003e-01	2.8761e-01	3.0275e-05	3.4483e-02	9.2692e-01	3.8596e-02	1.1755e-36	1.1755e-36	1.1755e-36	5.7667e-22	0.00e+00	0.00e+00	4.3163e+00
6.30567e+18	6.7322e+03	3.545e-22	1.0000e+01	1.0416e+01	5.3003e-11	3.4817e-02	9.6518e-01	1.4330e-01	8.5669e-01	3.0832e-06	5.6233e-14	2.4970e-03	7.4023e-01	2.5725e-01	2.2638e-05	4.0940e-02	9.2865e-01	3.0405e-02	1.1755e-36	1.1755e-36	1.1755e-36	9.6750e-22	0.00e+00	0.00e+00	4.7150e+00
6.47096e+18	6.7665e+03	3.606e-22	1.0000e+01	1.0347e+01	7.1599e-11	4.0654e-02	9.5935e-01	1.6449e-01	8.3551e-01	2.5828e-06	8.1691e-14	2.6509e-03	7.6749e-01	2.2984e-01	1.6939e-05	4.8188e-02	9.2780e-01	2.4009e-02	1.1755e-36	1.1755e-36	1.1755e-36	1.5874e-21	0.00e+00	0.00e+00	5.0980e+00
6.60936e+18	6.7908e+03	3.652e-22	1.0000e+01	1.0266e+01	9.5410e-11	4.6981e-02	9.5302e-01	1.8693e-01	8.1307e-01	2.2121e-06	1.1553e-13	2.7818e-03	7.9135e-01	2.0585e-01	1.2794e-05	5.6017e-02	9.2484e-01	1.9142e-02	1.1755e-36	1.1755e-36	1.1755e-36	2.5166e-21	0.00e+00	0.00e+00	5.4765e+00
6.73130e+18	6.8123e+03	3.677e-22	1.0000e+01	1.0160e+01	1.2593e-10	5.3969e-02	9.4603e-01	2.1114e-01	7.8886e-01	1.9157e-06	1.6072e-13	2.8907e-03	8.1275e-01	1.8435e-01	9.6803e-06	6.4636e-02	9.2006e-01	1.5299e-02	1.1755e-36	1.1755e-36	1.1755e-36	3.9051e-21	0.00e+00	0.00e+00	5.8728e+00
6.84425e+18	6.8273e+03	3.689e-22	1.0000e+01	1.0039e+01	1.6807e-10	6.2157e-02	9.3784e-01	2.3863e-01	7.6137e-01	1.6595e-06	2.2500e-13	2.9870e-03	8.3296e-01	1.6404e-01	7.2245e-06	7.4690e-02	9.1320e-01	1.2108e-02	1.1755e-36	1.1755e-36	1.1755e-36	6.1174e-21	0.00e+00	0.00e+00	6.3030e+00
6.94904e+18	6.8344e+03	3.692e-22	1.0000e+01	9.9142e+00	2.2819e-10	7.1943e-02	9.2806e-01	2.6984e-01	7.3016e-01	1.4429e-06	3.1921e-13	3.0743e-03	8.5209e-01	1.4483e-01	5.2988e-06	8.6646e-02	9.0389e-01	9.4672e-03	1.1755e-36	1.1755e-36	1.1755e-36	9.7768e-21	0.00e+00	0.00e+00	6.7572e+00
7.04250e+18	6.8354e+03	3.679e-22	1.0000e+01	9.7738e+00	3.1044e-10	8.3128e-02	9.1687e-01	3.0335e-01	6.9665e-01	1.2630e-06	4.5127e-13	3.1429e-03	8.6918e-01	1.2767e-01	3.8765e-06	1.0023e-01	8.9238e-01	7.3887e-03	1.1755e-36	1.1755e-36	1.1755e-36	1.5574e-20	0.00e+00	0.00e+00	7.2136e+00
7.12412e+18	6.8363e+03	3.645e-22	1.0000e+01	9.6188e+00	4.1729e-10	9.5440e-02	9.0456e-01	3.3782e-01	6.6218e-01	1.1130e-06	6.2901e-13	3.1899e-03	8.8394e-01	1.1286e-01	2.8575e-06	1.1510e-01	8.7911e-01	5.7961e-03	1.1755e-36	1.1755e-36	1.1755e-36	2.4379e-20	0.00e+00	0.00e+00	7.6732e+00
7.19718e+18	6.8168e+03	3.600e-22	1.0000e+01	9.4496e+00	5.6825e-10	1.0939e-01	8.9061e-01	3.7376e-01	6.2624e-01	9.8467e-07	8.7491e-13	3.2213e-03	8.9708e-01	9.9694e-02	2.1048e-06	1.3183e-01	8.6363e-01	4.5466e-03	1.1755e-36	1.1755e-36	1.1755e-36	3.8073e-20	0.00e+00	0.00e+00	8.1557e+00
7.26452e+18	6.7963e+03	3.534e-22	1.0000e+01	9.2578e+00	7.7593e-10	1.2537e-01	8.7463e-01	4.1121e-01	5.8879e-01	8.7187e-07	1.2191e-12	3.2344e-03	9.0886e-01	8.7905e-02	1.5434e-06	1.5085e-01	8.4561e-01	3.5465e-03	1.1755e-36	1.1755e-36	1.1755e-36	5.9742e-20	0.00e+00	0.00e+00	8.6689e+00
7.32699e+18	6.7673e+03	3.448e-22	1.0000e+01	9.0408e+00	1.0719e-09	1.4386e-01	8.5614e-01	4.5000e-01	5.5000e-01	7.7128e-07	1.7081e-12	3.2295e-03	9.1944e-01	7.7326e-02	1.1249e-06	1.7267e-01	8.2458e-01	2.7463e-03	1.1755e-36	1.1755e-36	1.1755e-36	9.4715e-20	0.00e+00	0.00e+00	9.2148e+00
7.38463e+18	6.7285e+03	3.340e-22	1.0000e+01	8.7943e+00	1.4970e-09	1.6511e-01	8.3489e-01	4.8898e-01	5.1102e-01	6.8476e-07	2.4004e-12	3.2051e-03	9.2884e-01	6.7954e-02	8.1738e-07	1.9750e-01	8.0038e-01	2.1146e-03	1.1755e-36	1.1755e-36	1.1755e-36	1.5141e-19	0.00e+00	0.00e+00	9.7902e+00
7.43763e+18	6.6791e+03	3.211e-22	1.0000e+01	8.5192e+00	2.1126e-09	1.8931e-01	8.1069e-01	5.2747e-01	4.7253e-01	6.0888e-07	3.3794e-12	3.1614e-03	9.3711e-01	5.9733e-02	5.9386e-07	2.2548e-01	7.7289e-01	1.6212e-03	1.1755e-36	1.1755e-36	1.1755e-36	2.4407e-19	0.00e+00	0.00e+00	1.0398e+01
7.48664e+18	6.6162e+03	3.061e-22	1.0000e+01	8.2115e+00	3.0193e-09	2.1684e-01	7.8316e-01	5.6488e-01	4.3512e-01	5.4288e-07	4.7641e-12	3.0977e-03	9.4438e-01	5.2522e-02	4.3156e-07	2.5691e-01	7.4186e-01	1.2368e-03	1.1755e-36	1.1755e-36	1.1755e-36	3.9697e-19	0.00e+00	0.00e+00	1.1044e+01
7.53231e+18	6.5383e+03	2.889e-22	1.0000e+01	7.8695e+00	4.3832e-09	2.4815e-01	7.5185e-01	6.0083e-01	3.9917e-01	4.8567e-07	6.7396e-12	3.0139e-03	9.5081e-01	4.6179e-02	3.1348e-07	2.9216e-01	7.0690e-01	9.3738e-04	1.1755e-36	1.1755e-36	1.1755e-36	6.5525e-19	0.00e+00	0.00e+00	1.1736e+01
7.57472e+18	6.4429e+03	2.697e-22	1.0000e+01	7.4902e+00	6.4619e-09	2.8326e-01	7.1674e-01	6.3428e-01	3.6572e-01	4.3792e-07	9.5374e-12	2.9093e-03	9.5642e-01	4.0672e-02	2.2860e-07	3.3109e-01	6.6821e-01	7.0729e-04	1.1755e-36	1.1755e-36	1.1755e-36	1.0965e-18	0.00e+00	0.00e+00	1.2463e+01
7.61111e+18	6.3388e+03	2.503e-22	1.0000e+01	7.1037e+00	9.3882e-09	3.1926e-01	6.8074e-01	6.6204e-01	3.3796e-01	4.0272e-07	1.3150e-11	2.7931e-03	9.6088e-01	3.6325e-02	1.7215e-07	3.7033e-01	6.2912e-01	5.4372e-04	1.1755e-36	1.1755e-36	1.1755e-36	1.7948e-18	0.00e+00	0.00e+00	1.3110e+01
7.63897e+18	6.2406e+03	2.338e-22	1.0000e+01	6.7707e+00	1.2888e-08	3.5113e-01	6.4887e-01	6.8277e-01	3.1723e-01	3.7840e-07	1.7133e-11	2.6877e-03	9.6411e-01	3.3202e-02	1.3735e-07	4.0453e-01	5.9503e-01	4.3780e-04	1.1755e-36	1.1755e-36	1.1755e-36	2.7317e-18	0.00e+00	0.00e+00	1.3634e+01
7.65512e+18	6.1697e+03	2.239e-22	1.0000e+01	6.5676e+00	1.5851e-08	3.7228e-01	6.2772e-01	6.9339e-01	3.0661e-01	3.6754e-07	2.0267e-11	2.6219e-03	9.6582e-01	3.1560e-02	1.1755e-36	4.2696e-01	5.7266e-01	3.8365e-04	1.1755e-36	1.1755e-36	1.1755e-36	3.6059e-18	0.00e+00	0.00e+00	1.3838e+01
7.66179e+18	6.1544e+03	2.193e-22	1.0000e+01	6.4708e+00	1.6961e-08	3.8032e-01	6.1968e-01	6.9762e-01	3.0238e-01	3.6387e-07	2.1510e-11	2.5882e-03	9.6643e-01	3.0978e-02	1.1755e-36	4.3540e-01	5.6423e-01	3.6391e-04	1.1755e-36	1.1755e-36	1.1755e-36	3.9763e-18	0.00e+00	0.00e+00	1.3950e+01
7.66714e+18	6.1256e+03	2.156e-22	1.0000e+01	6.3912e+00	1.8204e-08	3.8715e-01	6.1285e-01	7.0159e-01	2.9841e-01	3.5961e-07	2.2675e-11	2.5619e-03	9.6704e-01	3.0396e-02	1.1755e-36	4.4258e-01	5.5707e-01	3.4812e-04	1.1755e-36	1.1755e-36	1.1755e-36	4.3412e-18	0.00e+00	0.00e+00	1.4097e+01
7.67409e+18	6.0822e+03	2.111e-22	1.0000e+01	6.3034e+00	2.0164e-08	3.9696e-01	6.0304e-01	7.0721e-01	2.9279e-01	3.5267e-07	2.4535e-11	2.5340e-03	9.6789e-01	2.9572e-02	1.1755e-36	4.5286e-01	5.4682e-01	3.2744e-04	1.1755e-36	1.1755e-36	1.1755e-36	4.9586e-18	0.00e+00	0.00e+00	1.4294e+01
7.68206e+18	6.0475e+03	2.055e-22	1.0000e+01	6.1873e+00	2.2264e-08	4.0754e-01	5.9246e-01	7.1268e-01	2.8732e-01	3.4733e-07	2.6570e-11	2.4941e-03	9.6873e-01	2.8781e-02	1.1755e-36	4.6387e-01	5.3583e-01	3.0601e-04	1.1755e-36	1.1755e-36	1.1755e-36	5.6760e-18	0.00e+00	0.00e+00	1.4502e+01
7.69039e+18	6.0018e+03	1.996e-22	1.0000e+01	6.0604e+00	2.4942e-08	4.1902e-01	5.8098e-01	7.1845e-01	2.8155e-01	3.4167e-07	2.8977e-11	2.4510e-03	9.6959e-01	2.7955e-02	1.1755e-36	4.7576e-01	5.2396e-01	2.8480e-04	1.1755e-36	1.1755e-36	1.1755e-36	6.5923e-18	0.00e+00	0.00e+00	1.4729e+01
7.69867e+18	5.9523e+03	1.939e-22	1.0000e+01	5.9409e+00	2.8128e-08	4.3120e-01	5.6880e-01	7.2423e-01	2.7576e-01	3.3572e-07	3.1811e-11	2.4103e-03	9.7046e-01	2.7125e-02	1.1755e-36	4.8831e-01	5.1143e-01	2.6450e-04	1.1755e-36	1.1755e-36	1.1755e-36	7.7642e-18	0.00e+00	0.00e+00	1.4947e+01
7.70619e+18	5.9085e+03	1.884e-22	1.0000e+01	5.8229e+00	3.1306e-08	4.4216e-01	5.5784e-01	7.2909e-01	2.7091e-01	3.3143e-07	3.4537e-11	2.3693e-03	9.7120e-01	2.6428e-02	1.1755e-36	4.9955e-01	5.0021e-01	2.4742e-04	1.1755e-36	1.1755e-36	1.1755e-36	8.9861e-18	0.00e+00	0.00e+00	1.5143e+01
7.71318e+18	5.8707e+03	1.832e-22	1.0000e+01	5.7098e+00	3.4464e-08	4.5233e-01	5.4767e-01	7.3361e-01	2.6639e-01	3.2760e-07	3.7243e-11	2.3295e-03	9.7187e-01	2.5797e-02	1.1755e-36	5.0992e-01	4.8984e-01	2.3239e-04	1.1755e-36	1.1755e-36	1.1755e-36	1.0283e-17	0.00e+00	0.00e+00	1.5342e+01
7.72044e+18	5.8199e+03	1.779e-22	1.0000e+01	5.5938e+00	3.8617e-08	4.6355e-01	5.3645e-01	7.3846e-01	2.6154e-01	3.2312e-07	4.0589e-11	2.2892e-03	9.7260e-01	2.5108e-02	1.1755e-36	5.2130e-01	4.7848e-01	2.1729e-04	1.1755e-36	1.1755e-36	1.1755e-36	1.2029e-17	0.00e+00	0.00e+00	1.5563e+01
7.72775e+18	5.7700e+03	1.725e-22	1.0000e+01	5.4753e+00	4.3267e-08	4.7498e-01	5.2502e-01	7.4308e-01	2.5692e-01	3.1919e-07	4.4302e-11	2.2476e-03	9.7330e-01	2.4452e-02	1.1755e-36	5.3285e-01	4.6694e-01	2.0300e-04	1.1755e-36	1.1755e-36	1.1755e-36	1.4136e-17	0.00e+00	0.00e+00	1.5775e+01
7.73455e+18	5.7171e+03	1.675e-22	1.0000e+01	5.3637e+00	4.8472e-08	4.8598e-01	5.1402e-01	7.4741e-01	2.5259e-01	3.1543e-07	4.8291e-11	2.2085e-03	9.7395e-01	2.3840e-02	1.1755e-36	5.4392e-01	4.5589e-01	1.9033e-04	1.1755e-36	1.1755e-36	1.1755e-36	1.6612e-17	0.00e+00	0.00e+00	1.5976e+01
7.74088e+18	5.6744e+03	1.628e-22	1.0000e+01	5.2574e+00	5.3476e-08	4.9604e-01	5.0396e-01	7.5119e-01	2.4881e-01	3.1263e-07	5.2185e-11	2.1703e-03	9.7452e-01	2.3307e-02	1.1755e-36	5.5397e-01	4.4585e-01	1.7925e-04	1.1755e-36	1.1755e-36	1.1755e-36	1.9219e-17	0.00e+00	0.00e+00	1.6167e+01
7.74720e+18	5.6181e+03	1.581e-22	1.0000e+01	5.1499e+00	5.9933e-08	5.0660e-01	4.9340e-01	7.5522e-01	2.4478e-01	3.0914e-07	5.6876e-11	2.1325e-03	9.7512e-01	2.2743e-02	1.1755e-36	5.6450e-01	4.3533e-01	1.6856e-04	1.1755e-36	1.1755e-36	1.1755e-36	2.2662e-17	0.00e+00	0.00e+00	1.6376e+01
7.75349e+18	5.5645e+03	1.535e-22	1.0000e+01	5.0451e+00	6.7027e-08	5.1728e-01	4.8272e-01	7.5907e-01	2.4093e-01	3.0596e-07	6.2095e-11	2.0952e-03	9.7570e-01	2.2203e-02	1.1755e-36	5.7509e-01	4.2475e-01	1.5843e-04	1.1755e-36	1.1755e-36	1.1755e-36	2.6832e-17	0.00e+00	0.00e+00	1.6574e+01
7.75938e+18	5.5211e+03	1.490e-22	1.0000e+01	4.9402e+00	7.3733e-08	5.2681e-01	4.7319e-01	7.6234e-01	2.3766e-01	3.0402e-07	6.7037e-11	2.0570e-03	9.7620e-01	2.1746e-02	1.1755e-36	5.8450e-01	4.1535e-01	1.4966e-04	1.1755e-36	1.1755e-36	1.1755e-36	3.1110e-17	0.00e+00	0.00e+00	1.6764e+01
7.76538e+18	5.4614e+03	1.446e-22	1.0000e+01	4.8343e+00	8.2824e-08	5.3720e-01	4.6280e-01	7.6599e-01	2.3401e-01	3.0113e-07	7.3378e-11	2.0193e-03	9.7674e-01	2.1237e-02	1.1755e-36	5.9471e-01	4.0515e-01	1.4091e-04	1.1755e-36	1.1755e-36	1.1755e-36	3.7149e-17	0.00e+00	0.00e+00	1.6977e+01
7.77140e+18	5.4039e+03	1.402e-22	1.0000e+01	4.7315e+00	9.2895e-08	5.4777e-01	4.5223e-01	7.6950e-01	2.3050e-01	2.9844e-07	8.0535e-11	1.9823e-03	9.7727e-01	2.0748e-02	1.1755e-36	6.0505e-01	3.9482e-01	1.3257e-04	1.1755e-36	1.1755e-36	1.1755e-36	4.4606e-17	0.00e+00	0.00e+00	1.7176e+01
7.77690e+18	5.3578e+03	1.360e-22	1.0000e+01	4.6304e+00	1.0221e-07	5.5691e-01	4.4309e-01	7.7234e-01	2.2766e-01	2.9715e-07	8.7161e-11	1.9451e-03	9.7771e-01	2.0349e-02	1.1755e-36	6.1394e-01	3.8594e-01	1.2554e-04	1.1755e-36	1.1755e-36	1.1755e-36	5.2136e-17	0.00e+00	0.00e+00	1.7361e+01
7.78245e+18	5.2975e+03	1.320e-22	1.0000e+01	4.5305e+00	1.1449e-07	5.6672e-01	4.3328e-01	7.7556e-01	2.2444e-01	2.9480e-07	9.5616e-11	1.9092e-03	9.7818e-01	1.9906e-02	1.1755e-36	6.2346e-01	3.7642e-01	1.1858e-04	1.1755e-36	1.1755e-36	1.1755e-36	6.2682e-17	0.00e+00	0.00e+00	1.7569e+01
7.78805e+18	5.2379e+03	1.279e-22	1.0000e+01	4.4330e+00	1.2834e-07	5.7680e-01	4.2320e-01	7.7875e-01	2.2125e-01	2.9244e-07	1.0536e-10	1.8740e-03	9.7866e-01	1.9471e-02	1.1755e-36	6.3320e-01	3.6669e-01	1.1185e-04	1.1755e-36	1.1755e-36	1.1755e-36	7.6008e-17	0.00e+00	0.00e+00	1.7766e+01
7.79326e+18	5.1839e+03	1.241e-22	1.0000e+01	4.3376e+00	1.4223e-07	5.8587e-01	4.1413e-01	7.8141e-01	2.1859e-01	2.9112e-07	1.1509e-10	1.8389e-03	9.7906e-01	1.9097e-02	1.1755e-36	6.4192e-01	3.5797e-01	1.0602e-04	1.1755e-36	1.1755e-36	1.1755e-36	9.0658e-17	0.00e+00	0.00e+00	1.7951e+01
7.79833e+18	5.1303e+03	1.205e-22	1.0000e+01	4.2460e+00	1.5742e-07	5.9479e-01	4.0521e-01	7.8408e-01	2.1592e-01	2.8963e-07	1.2586e-10	1.8054e-03	9.7947e-01	1.8729e-02	1.1755e-36	6.5046e-01	3.4944e-01	1.0055e-04	1.1755e-36	1.1755e-36	1.1755e-36	1.0834e-16	0.00e+00	0.00e+00	1.8144e+01
7.80356e+18	5.0662e+03	1.168e-22	1.0000e+01	4.1500e+00	1.7655e-07	6.0419e-01	3.9581e-01	7.8695e-01	2.1305e-01	2.8776e-07	1.3924e-10	1.7707e-03	9.7988e-01	1.8346e-02	1.1755e-36	6.5944e-01	3.4047e-01	9.5156e-05	1.1755e-36	1.1755e-36	1.1755e-36	1.3257e-16	0.00e+00	0.00e+00	1.8347e+01
7.80867e+18	5.0104e+03	1.132e-22	1.0000e+01	4.0552e+00	1.9562e-07	6.1304e-01	3.8696e-01	7.8938e-01	2.1062e-01	2.8688e-07	1.5294e-10	1.7356e-03	9.8026e-01	1.8006e-02	1.1755e-36	6.6785e-01	3.3206e-01	9.0226e-05	1.1755e-36	1.1755e-36	1.1755e-36	1.5984e-16	0.00e+00	0.00e+00	1.8537e+01
7.81364e+18	4.9548e+03	1.097e-22	1.0000e+01	3.9645e+00	2.1627e-07	6.2173e-01	3.7827e-01	7.9183e-01	2.0817e-01	2.8582e-07	1.6559e-10	1.7020e-03	9.8064e-01	1.7654e-02	1.1755e-36	6.7607e-01	3.2384e-01	8.5598e-05	1.1755e-36	1.1755e-36	1.1755e-36	1.8742e-16	0.00e+00	0.00e+00	1.8735e+01
7.81880e+18	4.8873e+03	1.062e-22	1.0000e+01	3.8717e+00	2.4268e-07	6.3111e-01	3.6889e-01	7.9458e-01	2.0542e-01	2.8405e-07	1.8031e-10	1.6684e-03	9.8107e-01	1.7266e-02	1.1755e-36	6.8493e-01	3.1499e-01	8.0942e-05	1.1755e-36	1.1755e-36	1.1755e-36	2.2256e-16	0.00e+00	0.00e+00	1.8945e+01
7.82386e+18	4.8221e+03	1.028e-22	1.0000e+01	3.7790e+00	2.7084e-07	6.4012e-01	3.5988e-01	7.9702e-01	2.0298e-01	2.8295e-07	1.9555e-10	1.6344e-03	9.8145e-01	1.6911e-02	1.1755e-36	6.9339e-01	3.0653e-01	7.6669e-05	1.1755e-36	1.1755e-36	1.1755e-36	2.6237e-16	0.00e+00	0.00e+00	1.9141e+01
7.82861e+18	4.7585e+03	9.961e-23	1.0000e+01	3.6922e+00	3.0063e-07	6.4859e-01	3.5141e-01	7.9933e-01	2.0067e-01	2.8187e-07	2.1116e-10	1.6027e-03	9.8182e-01	1.6577e-02	1.1755e-36	7.0133e-01	2.9860e-01	7.2828e-05	1.1755e-36	1.1755e-36	1.1755e-36	3.0668e-16	0.00e+00	0.00e+00	1.9331e+01
7.83329e+18	4.6941e+03	9.655e-23	1.0000e+01	3.6069e+00	3.3324e-07	6.5693e-01	3.4307e-01	8.0161e-01	1.9839e-01	2.8078e-07	2.2775e-10	1.5716e-03	9.8218e-01	1.6249e-02	1.1755e-36	7.0911e-01	2.9082e-01	6.9202e-05	1.1755e-36	1.1755e-36	1.1755e-36	3.5769e-16	0.00e+00	0.00e+00	1.9527e+01
7.83805e+18	4.6218e+03	9.350e-23	1.0000e+01	3.5200e+00	3.7203e-07	6.6555e-01	3.3445e-01	8.0400e-01	1.9600e-01	2.7938e-07	2.4644e-10	1.5403e-03	9.8255e-01	1.5910e-02	1.1755e-36	7.1713e-01	2.8281e-01	6.5664e-05	1.1755e-36	1.1755e-36	1.1755e-36	4.2021e-16	0.00e+00	0.00e+00	1.9728e+01
7.84276e+18	4.5526e+03	9.053e-23	1.0000e+01	3.4347e+00	4.1251e-07	6.7393e-01	3.2607e-01	8.0623e-01	1.9377e-01	2.7833e-07	2.6557e-10	1.5094e-03	9.8290e-01	1.5590e-02	1.1755e-36	7.2489e-01	2.7505e-01	6.2346e-05	1.1755e-36	1.1755e-36	1.1755e-36	4.8948e-16	0.00e+00	0.00e+00	1.9925e+01
7.84741e+18	4.4861e+03	8.760e-23	1.0000e+01	3.3490e+00	4.5396e-07	6.8193e-01	3.1807e-01	8.0829e-01	1.9171e-01	2.7778e-07	2.8458e-10	1.4779e-03	9.8323e-01	1.5288e-02	1.1755e-36	7.3228e-01	2.6766e-01	5.9254e-05	1.1755e-36	1.1755e-36	1.1755e-36	5.6364e-16	0.00e+00	0.00e+00	2.0127e+01
7.85233e+18	4.4101e+03	8.458e-23	1.0000e+01	3.2601e+00	5.0365e-07	6.9059e-01	3.0941e-01	8.1063e-01	1.8937e-01	2.7668e-07	3.0635e-10	1.4458e-03	9.8360e-01	1.4956e-02	1.1755e-36	7.4025e-01	2.5969e-01	5.6083e-05	1.1755e-36	1.1755e-36	1.1755e-36	6.5508e-16	0.00e+00	0.00e+00	2.0351e+01
7.85751e+18	4.3309e+03	8.148e-23	1.0000e+01	3.1687e+00	5.5842e-07	6.9963e-01	3.0037e-01	8.1302e-01	1.8698e-01	2.7561e-07	3.2975e-10	1.4128e-03	9.8397e-01	1.4616e-02	1.1755e-36	7.4854e-01	2.5141e-01	5.2913e-05	1.1755e-36	1.1755e-36	1.1755e-36	7.6076e-16	0.00e+00	0.00e+00	2.0582e+01
7.86278e+18	4.2507e+03	7.839e-23	1.0000e+01	3.0755e+00	6.1575e-07	7.0862e-01	2.9138e-01	8.1533e-01	1.8467e-01	2.7485e-07	3.5315e-10	1.3790e-03	9.8434e-01	1.4284e-02	1.1755e-36	7.5675e-01	2.4320e-01	4.9880e-05	1.1755e-36	1.1755e-36	1.1755e-36	8.7428e-16	0.00e+00	0.00e+00	2.0819e+01
7.86829e+18	4.1597e+03	7.525e-23	1.0000e+01	2.9803e+00	6.8157e-07	7.1825e-01	2.8175e-01	8.1794e-01	1.8206e-01	2.7340e-07	3.7831e-10	1.3453e-03	9.8473e-01	1.3923e-02	1.1755e-36	7.6550e-01	2.3445e-01	4.6819e-05	1.1755e-36	1.1755e-36	1.1755e-36	1.0048e-15	0.00e+00	0.00e+00	2.1078e+01
7.87410e+18	4.0628e+03	7.202e-23	1.0000e+01	2.8790e+00	7.5049e-07	7.2812e-01	2.7188e-01	8.2052e-01	1.7948e-01	2.7235e-07	4.0254e-10	1.3094e-03	9.8513e-01	1.3562e-02	1.1755e-36	7.7445e-01	2.2551e-01	4.3813e-05	1.1755e-36	1.1755e-36	1.1755e-36	1.1386e-15	0.00e+00	0.00e+00	2.1350e+01
7.88013e+18	3.9606e+03	6.876e-23	1.0000e+01	2.7750e+00	8.2052e-07	7.3830e-01	2.6170e-01	8.2313e-01	1.7687e-01	2.7136e-07	4.2509e-10	1.2728e-03	9.8553e-01	1.3197e-02	1.1755e-36	7.8364e-01	2.1632e-01	4.0864e-05	1.1755e-36	1.1755e-36	1.1755e-36	1.2693e-15	0.00e+00	0.00e+00	2.1637e+01
