#depth	Te	Htot	hden	eden	2H_2/H	HI	HII	HeI	HeII	HeIII	CO/C	C1	C2	C3	C4	O1	O2	O3	O4	O5	O6	H2O/O	AV(point)	AV(extend)	Tau912
1.44232e+14	6.7796e+03	2.829e-21	2.7826e+01	2.9284e+01	5.9160e-11	2.9535e-02	9.7047e-01	7.9138e-02	9.1888e-01	1.9831e-03	5.8655e-14	5.6644e-03	6.1131e-01	3.8294e-01	8.0191e-05	3.3601e-02	9.0540e-01	6.0991e-02	8.7054e-06	1.1755e-36	1.1755e-36	7.6784e-22	0.00e+00	0.00e+00	1.4971e-03
8.65390e+14	6.7707e+03	2.820e-21	2.7826e+01	2.9232e+01	5.9329e-11	2.9465e-02	9.7053e-01	7.9099e-02	9.1892e-01	1.9836e-03	5.8246e-14	5.6358e-03	6.1121e-01	3.8307e-01	8.0495e-05	3.3521e-02	9.0534e-01	6.1132e-02	8.7219e-06	1.1755e-36	1.1755e-36	7.5892e-22	0.00e+00	0.00e+00	7.4712e-03
3.75002e+15	6.7482e+03	2.805e-21	2.7826e+01	2.9224e+01	6.0518e-11	2.9477e-02	9.7052e-01	7.9444e-02	9.1859e-01	1.9693e-03	5.8399e-14	5.6317e-03	6.1235e-01	3.8194e-01	7.9998e-05	3.3547e-02	9.0544e-01	6.1008e-02	8.6081e-06	1.1755e-36	1.1755e-36	7.5778e-22	0.00e+00	0.00e+00	3.1377e-02
1.52886e+16	6.6825e+03	2.769e-21	2.7826e+01	2.9211e+01	6.5613e-11	2.9811e-02	9.7019e-01	8.0945e-02	9.1715e-01	1.9043e-03	6.0339e-14	5.7002e-03	6.1712e-01	3.7710e-01	7.7287e-05	3.3998e-02	9.0607e-01	5.9920e-02	8.0198e-06	1.1755e-36	1.1755e-36	7.7979e-22	0.00e+00	0.00e+00	1.2809e-01
3.65195e+16	6.4647e+03	2.652e-21	2.7826e+01	2.9217e+01	7.6649e-11	2.9374e-02	9.7063e-01	8.3204e-02	9.1497e-01	1.8288e-03	5.9113e-14	5.7019e-03	6.2444e-01	3.6978e-01	7.5129e-05	3.3565e-02	9.0636e-01	6.0067e-02	7.6433e-06	1.1755e-36	1.1755e-36	7.2542e-22	0.00e+00	0.00e+00	2.5196e-01
5.77698e+16	6.2709e+03	2.559e-21	2.7826e+01	2.9222e+01	8.8837e-11	2.9035e-02	9.7097e-01	8.5149e-02	9.1309e-01	1.7610e-03	5.8092e-14	5.7120e-03	6.3074e-01	3.6348e-01	7.3089e-05	3.3241e-02	9.0670e-01	6.0056e-02	7.2894e-06	1.1755e-36	1.1755e-36	6.8176e-22	0.00e+00	0.00e+00	3.4635e-01
7.51917e+16	6.1669e+03	2.513e-21	2.7826e+01	2.9213e+01	9.9323e-11	2.9239e-02	9.7076e-01	8.6876e-02	9.1143e-01	1.6948e-03	5.9368e-14	5.7813e-03	6.3603e-01	3.5812e-01	7.0451e-05	3.3551e-02	9.0740e-01	5.9045e-02	6.7761e-06	1.1755e-36	1.1755e-36	6.8736e-22	0.00e+00	0.00e+00	4.3032e-01
9.39865e+16	6.0973e+03	2.490e-21	2.7826e+01	2.9199e+01	1.1199e-10	2.9968e-02	9.7003e-01	8.9152e-02	9.0924e-01	1.6104e-03	6.3190e-14	5.9276e-03	6.4256e-01	3.5145e-01	6.6552e-05	3.4498e-02	9.0854e-01	5.6953e-02	6.0300e-06	1.1755e-36	1.1755e-36	7.3649e-22	0.00e+00	0.00e+00	5.4220e-01
1.18420e+17	6.0315e+03	2.469e-21	2.7826e+01	2.9169e+01	1.2981e-10	3.1128e-02	9.6887e-01	9.2242e-02	9.0625e-01	1.5042e-03	6.9424e-14	6.1471e-03	6.5104e-01	3.4275e-01	6.1480e-05	3.5987e-02	9.1005e-01	5.3959e-02	5.1145e-06	1.1755e-36	1.1755e-36	8.2388e-22	0.00e+00	0.00e+00	6.9328e-01
1.50183e+17	5.9750e+03	2.453e-21	2.7826e+01	2.9115e+01	1.5611e-10	3.3001e-02	9.6700e-01	9.6569e-02	9.0206e-01	1.3729e-03	8.0012e-14	6.4782e-03	6.6225e-01	3.3122e-01	5.4966e-05	3.8365e-02	9.1187e-01	4.9763e-02	4.0485e-06	1.1755e-36	1.1755e-36	9.8466e-22	0.00e+00	0.00e+00	9.0149e-01
1.91475e+17	5.9379e+03	2.446e-21	2.7826e+01	2.8985e+01	1.9708e-10	3.6065e-02	9.6393e-01	1.0281e-01	8.9598e-01	1.2150e-03	9.8851e-14	6.9752e-03	6.7704e-01	3.1593e-01	4.6885e-05	4.2226e-02	9.1372e-01	4.4047e-02	2.9007e-06	1.1755e-36	1.1755e-36	1.2971e-21	0.00e+00	0.00e+00	1.1973e+00
2.39788e+17	5.9390e+03	2.456e-21	2.7826e+01	2.8837e+01	2.5649e-10	4.0678e-02	9.5932e-01	1.1098e-01	8.8797e-01	1.0541e-03	1.3127e-13	7.6563e-03	6.9464e-01	2.9766e-01	3.8213e-05	4.7995e-02	9.1463e-01	3.7372e-02	1.8965e-06	1.1755e-36	1.1755e-36	1.9023e-21	0.00e+00	0.00e+00	1.5543e+00
2.91733e+17	5.9949e+03	2.489e-21	2.7826e+01	2.8633e+01	3.4228e-10	4.7580e-02	9.5242e-01	1.2162e-01	8.7748e-01	9.0126e-04	1.8947e-13	8.5560e-03	7.1496e-01	2.7645e-01	2.9564e-05	5.6561e-02	9.1329e-01	3.0144e-02	1.1234e-06	1.1755e-36	1.1755e-36	3.1617e-21	0.00e+00	0.00e+00	2.0053e+00
3.42236e+17	6.1056e+03	2.537e-21	2.7826e+01	2.8326e+01	4.5584e-10	5.6936e-02	9.4306e-01	1.3415e-01	8.6508e-01	7.7492e-04	2.8699e-13	9.5755e-03	7.3542e-01	2.5499e-01	2.2198e-05	6.8087e-02	9.0843e-01	2.3486e-02	6.3232e-07	1.1755e-36	1.1755e-36	5.6814e-21	0.00e+00	0.00e+00	2.4762e+00
3.85452e+17	6.2360e+03	2.589e-21	2.7826e+01	2.7979e+01	6.0290e-10	6.8386e-02	9.3161e-01	1.4752e-01	8.5180e-01	6.8027e-04	4.3825e-13	1.0597e-02	7.5464e-01	2.3474e-01	1.6576e-05	8.2085e-02	8.9979e-01	1.8128e-02	3.5842e-07	1.1755e-36	1.1755e-36	1.0393e-20	0.00e+00	0.00e+00	2.9493e+00
4.22479e+17	6.3648e+03	2.634e-21	2.7826e+01	2.7564e+01	7.9850e-10	8.1938e-02	9.1806e-01	1.6192e-01	8.3748e-01	6.0619e-04	6.6609e-13	1.1561e-02	7.7263e-01	2.1580e-01	1.2371e-05	9.8534e-02	8.8751e-01	1.3957e-02	2.0632e-07	1.1755e-36	1.1755e-36	1.8933e-20	0.00e+00	0.00e+00	3.4486e+00
4.56276e+17	6.4860e+03	2.666e-21	2.7826e+01	2.7059e+01	1.0824e-09	9.8676e-02	9.0132e-01	1.7827e-01	8.2119e-01	5.4330e-04	1.0271e-12	1.2482e-02	7.9044e-01	1.9707e-01	9.0906e-06	1.1869e-01	8.7073e-01	1.0589e-02	1.1755e-36	1.1755e-36	1.1755e-36	3.5270e-20	0.00e+00	0.00e+00	4.0192e+00
4.87644e+17	6.6087e+03	2.678e-21	2.7826e+01	2.6430e+01	1.4923e-09	1.1949e-01	8.8051e-01	1.9677e-01	8.0274e-01	4.9002e-04	1.6089e-12	1.3312e-02	8.0788e-01	1.7880e-01	6.5729e-06	1.4350e-01	8.4861e-01	7.8939e-03	1.1755e-36	1.1755e-36	1.1755e-36	6.7434e-20	0.00e+00	0.00e+00	4.6454e+00
5.15275e+17	6.6904e+03	2.671e-21	2.7826e+01	2.5730e+01	2.1341e-09	1.4449e-01	8.5551e-01	2.1683e-01	7.8272e-01	4.4605e-04	2.5303e-12	1.4008e-02	8.2456e-01	1.6142e-01	4.7290e-06	1.7296e-01	8.2118e-01	5.8583e-03	1.1755e-36	1.1755e-36	1.1755e-36	1.3013e-19	0.00e+00	0.00e+00	5.2912e+00
5.38493e+17	6.7506e+03	2.637e-21	2.7826e+01	2.4978e+01	3.0185e-09	1.7204e-01	8.2796e-01	2.3727e-01	7.6232e-01	4.1105e-04	3.8657e-12	1.4504e-02	8.3932e-01	1.4617e-01	3.4664e-06	2.0501e-01	7.9058e-01	4.4074e-03	1.1755e-36	1.1755e-36	1.1755e-36	2.4190e-19	0.00e+00	0.00e+00	5.9259e+00
5.58022e+17	6.7959e+03	2.563e-21	2.7826e+01	2.4039e+01	4.1251e-09	2.0004e-01	7.9996e-01	2.5686e-01	7.4276e-01	3.8410e-04	5.5827e-12	1.4698e-02	8.5156e-01	1.3374e-01	2.6306e-06	2.3716e-01	7.5944e-01	3.3987e-03	1.1755e-36	1.1755e-36	1.1755e-36	4.1490e-19	0.00e+00	0.00e+00	6.5608e+00
5.75794e+17	6.8093e+03	2.474e-21	2.7826e+01	2.3132e+01	5.7514e-09	2.3158e-01	7.6842e-01	2.7777e-01	7.2187e-01	3.5956e-04	8.0953e-12	1.4804e-02	8.6345e-01	1.2175e-01	1.9925e-06	2.7286e-01	7.2452e-01	2.6150e-03	1.1755e-36	1.1755e-36	1.1755e-36	7.2049e-19	0.00e+00	0.00e+00	7.2721e+00
5.92668e+17	6.8017e+03	2.356e-21	2.7826e+01	2.2076e+01	8.1517e-09	2.6723e-01	7.3277e-01	2.9992e-01	6.9974e-01	3.3815e-04	1.1764e-11	1.4726e-02	8.7476e-01	1.1051e-01	1.5064e-06	3.1260e-01	6.8540e-01	1.9964e-03	1.1755e-36	1.1755e-36	1.1755e-36	1.2647e-18	0.00e+00	0.00e+00	8.0359e+00
6.07603e+17	6.7741e+03	2.223e-21	2.7826e+01	2.0988e+01	1.1486e-08	3.0461e-01	6.9539e-01	3.2169e-01	6.7799e-01	3.2045e-04	1.6783e-11	1.4500e-02	8.8480e-01	1.0070e-01	1.1587e-06	3.5355e-01	6.4491e-01	1.5396e-03	1.1755e-36	1.1755e-36	1.1755e-36	2.1810e-18	0.00e+00	0.00e+00	8.7639e+00
6.16748e+17	6.7533e+03	2.130e-21	2.7826e+01	2.0225e+01	1.4349e-08	3.3068e-01	6.6932e-01	3.3465e-01	6.6504e-01	3.1268e-04	2.1068e-11	1.4253e-02	8.9049e-01	9.5257e-02	9.8675e-07	3.8168e-01	6.1702e-01	1.3027e-03	1.1755e-36	1.1755e-36	1.1755e-36	3.1209e-18	0.00e+00	0.00e+00	9.0362e+00
6.20266e+17	6.7433e+03	2.091e-21	2.7826e+01	1.9918e+01	1.5634e-08	3.4092e-01	6.5908e-01	3.3985e-01	6.5984e-01	3.0977e-04	2.2974e-11	1.4141e-02	8.9269e-01	9.3170e-02	9.2726e-07	3.9263e-01	6.0615e-01	1.2207e-03	1.1755e-36	1.1755e-36	1.1755e-36	3.5798e-18	0.00e+00	0.00e+00	9.1769e+00
6.22869e+17	6.7331e+03	2.060e-21	2.7826e+01	1.9683e+01	1.6699e-08	3.4867e-01	6.5133e-01	3.4416e-01	6.5553e-01	3.0717e-04	2.4530e-11	1.4053e-02	8.9446e-01	9.1484e-02	8.8306e-07	4.0090e-01	5.9794e-01	1.1610e-03	1.1755e-36	1.1755e-36	1.1755e-36	3.9694e-18	0.00e+00	0.00e+00	9.3519e+00
6.26155e+17	6.7099e+03	2.022e-21	2.7826e+01	1.9405e+01	1.8364e-08	3.5920e-01	6.4080e-01	3.5020e-01	6.4949e-01	3.0290e-04	2.6858e-11	1.3959e-02	8.9685e-01	8.9188e-02	8.2706e-07	4.1209e-01	5.8683e-01	1.0870e-03	1.1755e-36	1.1755e-36	1.1755e-36	4.5852e-18	0.00e+00	0.00e+00	9.5864e+00
6.30061e+17	6.6854e+03	1.975e-21	2.7826e+01	1.9063e+01	2.0494e-08	3.7187e-01	6.2813e-01	3.5722e-01	6.4248e-01	2.9834e-04	2.9876e-11	1.3830e-02	8.9957e-01	8.6595e-02	7.6615e-07	4.2547e-01	5.7353e-01	1.0049e-03	1.1755e-36	1.1755e-36	1.1755e-36	5.4384e-18	0.00e+00	0.00e+00	9.8541e+00
6.34081e+17	6.6617e+03	1.924e-21	2.7826e+01	1.8679e+01	2.2883e-08	3.8495e-01	6.1505e-01	3.6415e-01	6.3556e-01	2.9449e-04	3.3235e-11	1.3665e-02	9.0223e-01	8.4103e-02	7.0965e-07	4.3920e-01	5.5987e-01	9.2717e-04	1.1755e-36	1.1755e-36	1.1755e-36	6.4614e-18	0.00e+00	0.00e+00	1.0121e+01
6.37940e+17	6.6376e+03	1.873e-21	2.7826e+01	1.8298e+01	2.5475e-08	3.9780e-01	6.0220e-01	3.7086e-01	6.2885e-01	2.9103e-04	3.6850e-11	1.3491e-02	9.0475e-01	8.1759e-02	6.5920e-07	4.5262e-01	5.4653e-01	8.5723e-04	1.1755e-36	1.1755e-36	1.1755e-36	7.6475e-18	0.00e+00	0.00e+00	1.0385e+01
6.41684e+17	6.6132e+03	1.823e-21	2.7826e+01	1.7922e+01	2.8309e-08	4.1060e-01	5.8940e-01	3.7752e-01	6.2219e-01	2.8774e-04	4.0805e-11	1.3312e-02	9.0719e-01	7.9501e-02	6.1321e-07	4.6590e-01	5.3331e-01	7.9326e-04	1.1755e-36	1.1755e-36	1.1755e-36	9.0435e-18	0.00e+00	0.00e+00	1.0652e+01
6.45393e+17	6.5855e+03	1.771e-21	2.7826e+01	1.7528e+01	3.1513e-08	4.2345e-01	5.7655e-01	3.8417e-01	6.1555e-01	2.8464e-04	4.5150e-11	1.3115e-02	9.0956e-01	7.7327e-02	5.7101e-07	4.7915e-01	5.2012e-01	7.3418e-04	1.1755e-36	1.1755e-36	1.1755e-36	1.0699e-17	0.00e+00	0.00e+00	1.0928e+01
6.49070e+17	6.5505e+03	1.721e-21	2.7826e+01	1.7160e+01	3.5380e-08	4.3702e-01	5.6298e-01	3.9124e-01	6.0848e-01	2.8111e-04	5.0346e-11	1.2935e-02	9.1200e-01	7.5060e-02	5.3023e-07	4.9307e-01	5.0626e-01	6.7785e-04	1.1755e-36	1.1755e-36	1.1755e-36	1.2846e-17	0.00e+00	0.00e+00	1.1208e+01
6.52560e+17	6.5215e+03	1.671e-21	2.7826e+01	1.6783e+01	3.9271e-08	4.4968e-01	5.5032e-01	3.9757e-01	6.0215e-01	2.7855e-04	5.5583e-11	1.2734e-02	9.1419e-01	7.3073e-02	4.9546e-07	5.0598e-01	4.9340e-01	6.2878e-04	1.1755e-36	1.1755e-36	1.1755e-36	1.5191e-17	0.00e+00	0.00e+00	1.1472e+01
6.55912e+17	6.4908e+03	1.622e-21	2.7826e+01	1.6420e+01	4.3536e-08	4.6212e-01	5.3788e-01	4.0391e-01	5.9582e-01	2.7595e-04	6.1298e-11	1.2538e-02	9.1632e-01	7.1144e-02	4.6363e-07	5.1859e-01	4.8083e-01	5.8410e-04	1.1755e-36	1.1755e-36	1.1755e-36	1.7952e-17	0.00e+00	0.00e+00	1.1745e+01
6.59314e+17	6.4590e+03	1.572e-21	2.7826e+01	1.6036e+01	4.8332e-08	4.7474e-01	5.2526e-01	4.1029e-01	5.8944e-01	2.7354e-04	6.7658e-11	1.2322e-02	9.1842e-01	6.9257e-02	4.3373e-07	5.3131e-01	4.6815e-01	5.4187e-04	1.1755e-36	1.1755e-36	1.1755e-36	2.1275e-17	0.00e+00	0.00e+00	1.2032e+01
6.62764e+17	6.4176e+03	1.522e-21	2.7826e+01	1.5657e+01	5.4285e-08	4.8815e-01	5.1185e-01	4.1713e-01	5.8260e-01	2.7076e-04	7.5359e-11	1.2109e-02	9.2061e-01	6.7282e-02	4.0447e-07	5.4475e-01	4.5475e-01	5.0106e-04	1.1755e-36	1.1755e-36	1.1755e-36	2.5674e-17	0.00e+00	0.00e+00	1.2329e+01
6.66074e+17	6.3799e+03	1.473e-21	2.7826e+01	1.5290e+01	6.0561e-08	5.0107e-01	4.9893e-01	4.2356e-01	5.7617e-01	2.6843e-04	8.3581e-11	1.1897e-02	9.2264e-01	6.5461e-02	3.7855e-07	5.5762e-01	4.4191e-01	4.6457e-04	1.1755e-36	1.1755e-36	1.1755e-36	3.0797e-17	0.00e+00	0.00e+00	1.2607e+01
6.69178e+17	6.3501e+03	1.426e-21	2.7826e+01	1.4927e+01	6.6613e-08	5.1277e-01	4.8723e-01	4.2934e-01	5.7040e-01	2.6674e-04	9.1649e-11	1.1677e-02	9.2446e-01	6.3866e-02	3.5644e-07	5.6922e-01	4.3035e-01	4.3304e-04	1.1755e-36	1.1755e-36	1.1755e-36	3.6226e-17	0.00e+00	0.00e+00	1.2881e+01
6.72379e+17	6.3039e+03	1.379e-21	2.7826e+01	1.4561e+01	7.4717e-08	5.2553e-01	4.7447e-01	4.3589e-01	5.6385e-01	2.6442e-04	1.0191e-10	1.1458e-02	9.2644e-01	6.2102e-02	3.3385e-07	5.8178e-01	4.1782e-01	4.0175e-04	1.1755e-36	1.1755e-36	1.1755e-36	4.3805e-17	0.00e+00	0.00e+00	1.3191e+01
6.75602e+17	6.2593e+03	1.333e-21	2.7826e+01	1.4204e+01	8.3776e-08	5.3853e-01	4.6147e-01	4.4246e-01	5.5728e-01	2.6208e-04	1.1367e-10	1.1241e-02	9.2838e-01	6.0381e-02	3.1268e-07	5.9453e-01	4.0510e-01	3.7221e-04	1.1755e-36	1.1755e-36	1.1755e-36	5.3319e-17	0.00e+00	0.00e+00	1.3484e+01
6.78579e+17	6.2259e+03	1.288e-21	2.7826e+01	1.3850e+01	9.2166e-08	5.4989e-01	4.5011e-01	4.4798e-01	5.5175e-01	2.6088e-04	1.2477e-10	1.1014e-02	9.3004e-01	5.8943e-02	2.9523e-07	6.0560e-01	3.9405e-01	3.4737e-04	1.1755e-36	1.1755e-36	1.1755e-36	6.3089e-17	0.00e+00	0.00e+00	1.3760e+01
6.81580e+17	6.1775e+03	1.245e-21	2.7826e+01	1.3503e+01	1.0312e-07	5.6194e-01	4.3806e-01	4.5425e-01	5.4549e-01	2.5886e-04	1.3870e-10	1.0796e-02	9.3183e-01	5.7374e-02	2.7767e-07	6.1727e-01	3.8240e-01	3.2322e-04	1.1755e-36	1.1755e-36	1.1755e-36	7.6558e-17	0.00e+00	0.00e+00	1.4070e+01
6.84630e+17	6.1298e+03	1.202e-21	2.7826e+01	1.3162e+01	1.1547e-07	5.7428e-01	4.2572e-01	4.6056e-01	5.3918e-01	2.5686e-04	1.5484e-10	1.0579e-02	9.3359e-01	5.5826e-02	2.6098e-07	6.2917e-01	3.7053e-01	3.0017e-04	1.1755e-36	1.1755e-36	1.1755e-36	9.3683e-17	0.00e+00	0.00e+00	1.4369e+01
6.87493e+17	6.0864e+03	1.161e-21	2.7826e+01	1.2829e+01	1.2806e-07	5.8551e-01	4.1449e-01	4.6621e-01	5.3353e-01	2.5549e-04	1.7131e-10	1.0361e-02	9.3518e-01	5.4458e-02	2.4664e-07	6.3994e-01	3.5977e-01	2.8024e-04	1.1755e-36	1.1755e-36	1.1755e-36	1.1291e-16	0.00e+00	0.00e+00	1.4653e+01
6.90282e+17	6.0463e+03	1.121e-21	2.7826e+01	1.2504e+01	1.4123e-07	5.9624e-01	4.0376e-01	4.7174e-01	5.2800e-01	2.5422e-04	1.8895e-10	1.0144e-02	9.3670e-01	5.3153e-02	2.3347e-07	6.5019e-01	3.4955e-01	2.6202e-04	1.1755e-36	1.1755e-36	1.1755e-36	1.3529e-16	0.00e+00	0.00e+00	1.4948e+01
6.93197e+17	5.9926e+03	1.081e-21	2.7826e+01	1.2169e+01	1.5848e-07	6.0778e-01	3.9222e-01	4.7786e-01	5.2189e-01	2.5255e-04	2.1148e-10	9.9223e-03	9.3833e-01	5.1744e-02	2.2008e-07	6.6115e-01	3.3860e-01	2.4393e-04	1.1755e-36	1.1755e-36	1.1755e-36	1.6695e-16	0.00e+00	0.00e+00	1.5270e+01
6.96090e+17	5.9408e+03	1.042e-21	2.7826e+01	1.1851e+01	1.7756e-07	6.1929e-01	3.8071e-01	4.8391e-01	5.1583e-01	2.5083e-04	2.3723e-10	9.7094e-03	9.3991e-01	5.0384e-02	2.0763e-07	6.7203e-01	3.2774e-01	2.2704e-04	1.1755e-36	1.1755e-36	1.1755e-36	2.0687e-16	0.00e+00	0.00e+00	1.5572e+01
6.98765e+17	5.9011e+03	1.006e-21	2.7826e+01	1.1542e+01	1.9509e-07	6.2924e-01	3.7076e-01	4.8899e-01	5.1076e-01	2.5007e-04	2.6163e-10	9.4954e-03	9.4126e-01	4.9241e-02	1.9727e-07	6.8138e-01	3.1841e-01	2.1282e-04	1.1755e-36	1.1755e-36	1.1755e-36	2.4835e-16	0.00e+00	0.00e+00	1.5857e+01
7.01489e+17	5.8445e+03	9.703e-22	2.7826e+01	1.1237e+01	2.1872e-07	6.3980e-01	3.6020e-01	4.9489e-01	5.0486e-01	2.4842e-04	2.9361e-10	9.2879e-03	9.4273e-01	4.7978e-02	1.8665e-07	6.9128e-01	3.0852e-01	1.9883e-04	1.1755e-36	1.1755e-36	1.1755e-36	3.0849e-16	0.00e+00	0.00e+00	1.6179e+01
7.04252e+17	5.7903e+03	9.354e-22	2.7826e+01	1.0939e+01	2.4493e-07	6.5048e-01	3.4952e-01	5.0073e-01	4.9902e-01	2.4683e-04	3.3052e-10	9.0835e-03	9.4417e-01	4.6751e-02	1.7663e-07	7.0124e-01	2.9858e-01	1.8553e-04	1.1755e-36	1.1755e-36	1.1755e-36	3.8529e-16	0.00e+00	0.00e+00	1.6483e+01
7.06822e+17	5.7477e+03	9.029e-22	2.7826e+01	1.0654e+01	2.6926e-07	6.5976e-01	3.4024e-01	5.0570e-01	4.9405e-01	2.4606e-04	3.6604e-10	8.8810e-03	9.4542e-01	4.5703e-02	1.6817e-07	7.0985e-01	2.8998e-01	1.7420e-04	1.1755e-36	1.1755e-36	1.1755e-36	4.6649e-16	0.00e+00	0.00e+00	1.6771e+01
7.09437e+17	5.6891e+03	8.708e-22	2.7826e+01	1.0369e+01	3.0188e-07	6.6954e-01	3.3045e-01	5.1139e-01	4.8836e-01	2.4452e-04	4.1273e-10	8.6830e-03	9.4676e-01	4.4561e-02	1.5956e-07	7.1889e-01	2.8095e-01	1.6313e-04	1.1755e-36	1.1755e-36	1.1755e-36	5.8494e-16	0.00e+00	0.00e+00	1.7094e+01
7.12081e+17	5.6331e+03	8.397e-22	2.7826e+01	1.0094e+01	3.3787e-07	6.7936e-01	3.2064e-01	5.1701e-01	4.8275e-01	2.4302e-04	4.6645e-10	8.4896e-03	9.4806e-01	4.3454e-02	1.5144e-07	7.2792e-01	2.7192e-01	1.5260e-04	1.1755e-36	1.1755e-36	1.1755e-36	7.3616e-16	0.00e+00	0.00e+00	1.7397e+01
7.14546e+17	5.5885e+03	8.107e-22	2.7826e+01	9.8323e+00	3.7140e-07	6.8789e-01	3.1211e-01	5.2183e-01	4.7793e-01	2.4225e-04	5.1854e-10	8.3001e-03	9.4920e-01	4.2501e-02	1.4451e-07	7.3575e-01	2.6411e-01	1.4360e-04	1.1755e-36	1.1755e-36	1.1755e-36	8.9761e-16	0.00e+00	0.00e+00	1.7686e+01
7.17061e+17	5.5277e+03	7.821e-22	2.7826e+01	9.5695e+00	4.1670e-07	6.9690e-01	3.0310e-01	5.2736e-01	4.7240e-01	2.4072e-04	5.8797e-10	8.1137e-03	9.5042e-01	4.1464e-02	1.3745e-07	7.4397e-01	2.5590e-01	1.3477e-04	1.1755e-36	1.1755e-36	1.1755e-36	1.1369e-15	0.00e+00	0.00e+00	1.8009e+01
7.19599e+17	5.4702e+03	7.545e-22	2.7826e+01	9.3169e+00	4.6621e-07	7.0587e-01	2.9413e-01	5.3277e-01	4.6699e-01	2.3924e-04	6.6737e-10	7.9327e-03	9.5160e-01	4.0463e-02	1.3080e-07	7.5213e-01	2.4774e-01	1.2639e-04	1.1755e-36	1.1755e-36	1.1755e-36	1.4416e-15	0.00e+00	0.00e+00	1.8311e+01
7.21959e+17	5.4258e+03	7.289e-22	2.7826e+01	9.0788e+00	5.1124e-07	7.1360e-01	2.8640e-01	5.3740e-01	4.6236e-01	2.3849e-04	7.4322e-10	7.7573e-03	9.5264e-01	3.9602e-02	1.1755e-36	7.5914e-01	2.4074e-01	1.1922e-04	1.1755e-36	1.1755e-36	1.1755e-36	1.7619e-15	0.00e+00	0.00e+00	1.8598e+01
7.24404e+17	5.3684e+03	7.031e-22	2.7826e+01	8.8357e+00	5.7040e-07	7.2176e-01	2.7824e-01	5.4269e-01	4.5707e-01	2.3712e-04	8.4291e-10	7.5807e-03	9.5376e-01	3.8664e-02	1.1755e-36	7.6650e-01	2.3339e-01	1.1211e-04	1.1755e-36	1.1755e-36	1.1755e-36	2.2283e-15	0.00e+00	0.00e+00	1.8928e+01
7.26957e+17	5.3072e+03	6.775e-22	2.7826e+01	8.5955e+00	6.4129e-07	7.3034e-01	2.6966e-01	5.4829e-01	4.5148e-01	2.3544e-04	9.6688e-10	7.4065e-03	9.5489e-01	3.7703e-02	1.1755e-36	7.7421e-01	2.2568e-01	1.0506e-04	1.1755e-36	1.1755e-36	1.1755e-36	2.8771e-15	0.00e+00	0.00e+00	1.9249e+01
7.29344e+17	5.2524e+03	6.541e-22	2.7826e+01	8.3639e+00	7.1201e-07	7.3781e-01	2.6219e-01	5.5301e-01	4.4676e-01	2.3454e-04	1.0937e-09	7.2350e-03	9.5588e-01	3.6885e-02	1.1755e-36	7.8092e-01	2.1898e-01	9.9064e-05	1.1755e-36	1.1755e-36	1.1755e-36	3.6208e-15	0.00e+00	0.00e+00	1.9543e+01
7.31619e+17	5.1939e+03	6.325e-22	2.7826e+01	8.1528e+00	7.9362e-07	7.4506e-01	2.5494e-01	5.5798e-01	4.4179e-01	2.3307e-04	1.2438e-09	7.0806e-03	9.5685e-01	3.6068e-02	1.1755e-36	7.8740e-01	2.1250e-01	9.3548e-05	1.1755e-36	1.1755e-36	1.1755e-36	4.5980e-15	0.00e+00	0.00e+00	1.9842e+01
7.33871e+17	5.1369e+03	6.118e-22	2.7826e+01	7.9479e+00	8.8234e-07	7.5204e-01	2.4796e-01	5.6281e-01	4.3695e-01	2.3168e-04	1.4128e-09	6.9297e-03	9.5778e-01	3.5286e-02	1.1755e-36	7.9362e-01	2.0629e-01	8.8415e-05	1.1755e-36	1.1755e-36	1.1755e-36	5.8224e-15	0.00e+00	0.00e+00	2.0135e+01
7.36084e+17	5.0805e+03	5.919e-22	2.7826e+01	7.7501e+00	9.7958e-07	7.5874e-01	2.4126e-01	5.6759e-01	4.3218e-01	2.3028e-04	1.6043e-09	6.7834e-03	9.5869e-01	3.4530e-02	1.1755e-36	7.9958e-01	2.0034e-01	8.3646e-05	1.1755e-36	1.1755e-36	1.1755e-36	7.3632e-15	0.00e+00	0.00e+00	2.0430e+01
7.38300e+17	5.0235e+03	5.726e-22	2.7826e+01	7.5558e+00	1.0880e-06	7.6528e-01	2.3472e-01	5.7237e-01	4.2740e-01	2.2885e-04	1.8249e-09	6.6392e-03	9.5957e-01	3.3789e-02	1.1755e-36	8.0538e-01	1.9454e-01	7.9137e-05	1.1755e-36	1.1755e-36	1.1755e-36	9.3370e-15	0.00e+00	0.00e+00	2.0729e+01
7.40528e+17	4.9624e+03	5.539e-22	2.7826e+01	7.3668e+00	1.2149e-06	7.7187e-01	2.2812e-01	5.7736e-01	4.2241e-01	2.2710e-04	2.0551e-09	6.5002e-03	9.6050e-01	3.3001e-02	1.1755e-36	8.1121e-01	1.8872e-01	7.4811e-05	1.1755e-36	1.1755e-36	1.1755e-36	1.1641e-14	0.00e+00	0.00e+00	2.1031e+01
7.42712e+17	4.9026e+03	5.361e-22	2.7826e+01	7.1822e+00	1.3520e-06	7.7809e-01	2.2191e-01	5.8208e-01	4.1769e-01	2.2559e-04	2.2807e-09	6.3636e-03	9.6140e-01	3.2237e-02	1.1755e-36	8.1669e-01	1.8324e-01	7.0852e-05	1.1755e-36	1.1755e-36	1.1755e-36	1.4147e-14	0.00e+00	0.00e+00	2.1323e+01
7.44834e+17	4.8433e+03	5.194e-22	2.7826e+01	7.0066e+00	1.5017e-06	7.8400e-01	2.1600e-01	5.8673e-01	4.1304e-01	2.2401e-04	2.5253e-09	6.2336e-03	9.6227e-01	3.1499e-02	1.1755e-36	8.2189e-01	1.7805e-01	6.7206e-05	1.1755e-36	1.1755e-36	1.1755e-36	1.7118e-14	0.00e+00	0.00e+00	2.1614e+01
7.46944e+17	4.7835e+03	5.032e-22	2.7826e+01	6.8356e+00	1.6679e-06	7.8975e-01	2.1025e-01	5.9139e-01	4.0839e-01	2.2237e-04	2.7952e-09	6.1069e-03	9.6312e-01	3.0774e-02	1.1755e-36	8.2694e-01	1.7300e-01	6.3767e-05	1.1755e-36	1.1755e-36	1.1755e-36	2.0695e-14	0.00e+00	0.00e+00	2.1907e+01
7.49062e+17	4.7184e+03	4.875e-22	2.7826e+01	6.6668e+00	1.8640e-06	7.9549e-01	2.0451e-01	5.9619e-01	4.0359e-01	2.2050e-04	3.1060e-09	5.9831e-03	9.6397e-01	3.0045e-02	1.1755e-36	8.3196e-01	1.6797e-01	6.0483e-05	1.1755e-36	1.1755e-36	1.1755e-36	2.5215e-14	0.00e+00	0.00e+00	2.2203e+01
7.51131e+17	4.6620e+03	4.725e-22	2.7826e+01	6.5060e+00	2.0557e-06	8.0078e-01	1.9921e-01	6.0060e-01	3.9918e-01	2.1903e-04	3.4167e-09	5.8626e-03	9.6476e-01	2.9377e-02	1.1755e-36	8.3658e-01	1.6336e-01	5.7484e-05	1.1755e-36	1.1755e-36	1.1755e-36	3.0118e-14	0.00e+00	0.00e+00	2.2487e+01
7.53220e+17	4.5954e+03	4.579e-22	2.7826e+01	6.3464e+00	2.2962e-06	8.0622e-01	1.9378e-01	6.0547e-01	3.9431e-01	2.1696e-04	3.7909e-09	5.7460e-03	9.6559e-01	2.8668e-02	1.1755e-36	8.4133e-01	1.5862e-01	5.4554e-05	1.1755e-36	1.1755e-36	1.1755e-36	3.6570e-14	0.00e+00	0.00e+00	2.2793e+01
7.55333e+17	4.5326e+03	4.436e-22	2.7826e+01	6.1889e+00	2.5479e-06	8.1148e-01	1.8852e-01	6.1012e-01	3.8967e-01	2.1517e-04	4.1849e-09	5.6293e-03	9.6638e-01	2.7994e-02	1.1755e-36	8.4590e-01	1.5405e-01	5.1785e-05	1.1755e-36	1.1755e-36	1.1755e-36	4.3973e-14	0.00e+00	0.00e+00	2.3088e+01
7.57410e+17	4.4692e+03	4.300e-22	2.7826e+01	6.0372e+00	2.8227e-06	8.1653e-01	1.8346e-01	6.1479e-01	3.8500e-01	2.1325e-04	4.6091e-09	5.5174e-03	9.6715e-01	2.7333e-02	1.1755e-36	8.5029e-01	1.4966e-01	4.9194e-05	1.1755e-36	1.1755e-36	1.1755e-36	5.2617e-14	0.00e+00	0.00e+00	2.3387e+01
7.59528e+17	4.4034e+03	4.165e-22	2.7826e+01	5.8858e+00	3.1305e-06	8.2158e-01	1.7842e-01	6.1958e-01	3.8020e-01	2.1122e-04	5.0773e-09	5.4061e-03	9.6793e-01	2.6667e-02	1.1755e-36	8.5466e-01	1.4529e-01	4.6686e-05	1.1755e-36	1.1755e-36	1.1755e-36	6.2959e-14	0.00e+00	0.00e+00	2.3697e+01
7.61693e+17	4.3354e+03	4.032e-22	2.7826e+01	5.7345e+00	3.4720e-06	8.2662e-01	1.7338e-01	6.2449e-01	3.7530e-01	2.0908e-04	5.5890e-09	5.2951e-03	9.6871e-01	2.6000e-02	1.1755e-36	8.5902e-01	1.4094e-01	4.4257e-05	1.1755e-36	1.1755e-36	1.1755e-36	7.5198e-14	0.00e+00	0.00e+00	2.4014e+01
7.63895e+17	4.2664e+03	3.901e-22	2.7826e+01	5.5812e+00	3.8394e-06	8.3150e-01	1.6849e-01	6.2934e-01	3.7045e-01	2.0705e-04	6.1269e-09	5.1823e-03	9.6947e-01	2.5345e-02	1.1755e-36	8.6325e-01	1.3670e-01	4.1939e-05	1.1755e-36	1.1755e-36	1.1755e-36	8.9078e-14	0.00e+00	0.00e+00	2.4339e+01
7.66164e+17	4.1968e+03	3.769e-22	2.7826e+01	5.4294e+00	4.2341e-06	8.3645e-01	1.6354e-01	6.3439e-01	3.6541e-01	2.0486e-04	6.7036e-09	5.0704e-03	9.7025e-01	2.4680e-02	1.1755e-36	8.6750e-01	1.3246e-01	3.9677e-05	1.1755e-36	1.1755e-36	1.1755e-36	1.0501e-13	0.00e+00	0.00e+00	2.4679e+01
7.68569e+17	4.1180e+03	3.636e-22	2.7826e+01	5.2751e+00	4.6999e-06	8.4172e-01	1.5827e-01	6.4005e-01	3.5975e-01	2.0205e-04	7.3622e-09	4.9596e-03	9.7108e-01	2.3965e-02	1.1755e-36	8.7202e-01	1.2794e-01	3.7373e-05	1.1755e-36	1.1755e-36	1.1755e-36	1.2452e-13	0.00e+00	0.00e+00	2.5047e+01
7.71068e+17	4.0372e+03	3.502e-22	2.7826e+01	5.1127e+00	5.1838e-06	8.4685e-01	1.5315e-01	6.4552e-01	3.5428e-01	1.9962e-04	8.0162e-09	4.8412e-03	9.7189e-01	2.3272e-02	1.1755e-36	8.7642e-01	1.2354e-01	3.5175e-05	1.1755e-36	1.1755e-36	1.1755e-36	1.4521e-13	0.00e+00	0.00e+00	2.5421e+01
7.73669e+17	3.9504e+03	3.369e-22	2.7826e+01	4.9553e+00	5.7146e-06	8.5224e-01	1.4775e-01	6.5168e-01	3.4813e-01	1.9640e-04	8.7164e-09	4.7300e-03	9.7274e-01	2.2533e-02	1.1755e-36	8.8104e-01	1.1893e-01	3.2969e-05	1.1755e-36	1.1755e-36	1.1755e-36	1.6849e-13	0.00e+00	0.00e+00	2.5824e+01
###########################
1.44232e+14	6.7810e+03	2.829e-21	2.7826e+01	2.9284e+01	5.8975e-11	2.9527e-02	9.7047e-01	7.9123e-02	9.1889e-01	1.9834e-03	5.8511e-14	5.5753e-03	6.1131e-01	3.8303e-01	8.0358e-05	3.3591e-02	9.0539e-01	6.1010e-02	8.7100e-06	1.1755e-36	1.1755e-36	7.6496e-22	0.00e+00	0.00e+00	1.4966e-03
8.65390e+14	6.7725e+03	2.820e-21	2.7826e+01	2.9232e+01	5.9123e-11	2.9455e-02	9.7055e-01	7.9081e-02	9.1893e-01	1.9839e-03	5.8098e-14	5.5494e-03	6.1121e-01	3.8316e-01	8.0610e-05	3.3507e-02	9.0532e-01	6.1164e-02	8.7291e-06	1.1755e-36	1.1755e-36	7.5605e-22	0.00e+00	0.00e+00	7.4686e-03
3.75002e+15	6.7615e+03	2.802e-21	2.7826e+01	2.9225e+01	5.9603e-11	2.9427e-02	9.7057e-01	7.9337e-02	9.1869e-01	1.9720e-03	5.8066e-14	5.5508e-03	6.1208e-01	3.8229e-01	8.0192e-05	3.3485e-02	9.0540e-01	6.1108e-02	8.6336e-06	1.1755e-36	1.1755e-36	7.5269e-22	0.00e+00	0.00e+00	3.1334e-02
1.52886e+16	6.6866e+03	2.770e-21	2.7826e+01	2.9212e+01	6.5138e-11	2.9775e-02	9.7022e-01	8.0896e-02	9.1720e-01	1.9052e-03	6.0072e-14	5.6367e-03	6.1703e-01	3.7726e-01	7.7360e-05	3.3949e-02	9.0595e-01	6.0098e-02	8.0516e-06	1.1755e-36	1.1755e-36	7.7495e-22	0.00e+00	0.00e+00	1.2793e-01
3.65195e+16	6.4686e+03	2.653e-21	2.7826e+01	2.9218e+01	7.6073e-11	2.9336e-02	9.7066e-01	8.3147e-02	9.1502e-01	1.8297e-03	5.8852e-14	5.6584e-03	6.2438e-01	3.6988e-01	7.5163e-05	3.3512e-02	9.0618e-01	6.0298e-02	7.6810e-06	1.1755e-36	1.1755e-36	7.2078e-22	0.00e+00	0.00e+00	2.5164e-01
5.77440e+16	6.2733e+03	2.559e-21	2.7826e+01	2.9223e+01	8.8321e-11	2.9003e-02	9.7100e-01	8.5098e-02	9.1314e-01	1.7617e-03	5.7879e-14	5.6815e-03	6.3075e-01	3.6349e-01	7.3083e-05	3.3196e-02	9.0652e-01	6.0274e-02	7.3234e-06	1.1755e-36	1.1755e-36	6.7791e-22	0.00e+00	0.00e+00	3.4566e-01
7.50245e+16	6.1685e+03	2.514e-21	2.7826e+01	2.9214e+01	9.8782e-11	2.9202e-02	9.7080e-01	8.6810e-02	9.1149e-01	1.6962e-03	5.9133e-14	5.7555e-03	6.3604e-01	3.5814e-01	7.0461e-05	3.3500e-02	9.0723e-01	5.9262e-02	6.8128e-06	1.1755e-36	1.1755e-36	6.8315e-22	0.00e+00	0.00e+00	4.2834e-01
9.35534e+16	6.0994e+03	2.490e-21	2.7826e+01	2.9201e+01	1.1125e-10	2.9919e-02	9.7008e-01	8.9055e-02	9.0933e-01	1.6128e-03	6.2898e-14	5.9028e-03	6.4251e-01	3.5153e-01	6.6606e-05	3.4432e-02	9.0839e-01	5.7175e-02	6.0711e-06	1.1755e-36	1.1755e-36	7.3145e-22	0.00e+00	0.00e+00	5.3846e-01
1.17641e+17	6.0334e+03	2.469e-21	2.7826e+01	2.9171e+01	1.2882e-10	3.1059e-02	9.6894e-01	9.2103e-02	9.0639e-01	1.5079e-03	6.9014e-14	6.1232e-03	6.5092e-01	3.4290e-01	6.1589e-05	3.5896e-02	9.0991e-01	5.4192e-02	5.1600e-06	1.1755e-36	1.1755e-36	8.1677e-22	0.00e+00	0.00e+00	6.8707e-01
1.48955e+17	5.9762e+03	2.453e-21	2.7826e+01	2.9118e+01	1.5468e-10	3.2893e-02	9.6711e-01	9.6364e-02	9.0226e-01	1.3780e-03	7.9359e-14	6.4532e-03	6.6201e-01	3.3148e-01	5.5151e-05	3.8227e-02	9.1175e-01	5.0023e-02	4.0981e-06	1.1755e-36	1.1755e-36	9.7304e-22	0.00e+00	0.00e+00	8.9167e-01
1.89663e+17	5.9376e+03	2.445e-21	2.7826e+01	2.8991e+01	1.9486e-10	3.5886e-02	9.6411e-01	1.0249e-01	8.9629e-01	1.2216e-03	9.7682e-14	6.9483e-03	6.7664e-01	3.1636e-01	4.7160e-05	4.2002e-02	9.1364e-01	4.4351e-02	2.9513e-06	1.1755e-36	1.1755e-36	1.2750e-21	0.00e+00	0.00e+00	1.1818e+00
2.37546e+17	5.9359e+03	2.455e-21	2.7826e+01	2.8845e+01	2.5342e-10	4.0408e-02	9.5959e-01	1.1057e-01	8.8837e-01	1.0610e-03	1.2927e-13	7.6271e-03	6.9414e-01	2.9820e-01	3.8523e-05	4.7659e-02	9.1464e-01	3.7700e-02	1.9386e-06	1.1755e-36	1.1755e-36	1.8602e-21	0.00e+00	0.00e+00	1.5351e+00
2.89330e+17	5.9894e+03	2.485e-21	2.7826e+01	2.8632e+01	3.3750e-10	4.7162e-02	9.5284e-01	1.2112e-01	8.7797e-01	9.0727e-04	1.8565e-13	8.5210e-03	7.1429e-01	2.7716e-01	2.9892e-05	5.6047e-02	9.1347e-01	3.0486e-02	1.1542e-06	1.1755e-36	1.1755e-36	3.0683e-21	0.00e+00	0.00e+00	1.9811e+00
3.39863e+17	6.1004e+03	2.532e-21	2.7826e+01	2.8346e+01	4.4815e-10	5.6365e-02	9.4363e-01	1.3340e-01	8.6582e-01	7.8096e-04	2.8060e-13	9.5485e-03	7.3474e-01	2.5569e-01	2.2479e-05	6.7389e-02	9.0882e-01	2.3789e-02	6.5143e-07	1.1755e-36	1.1755e-36	5.4982e-21	0.00e+00	0.00e+00	2.4490e+00
3.83196e+17	6.2252e+03	2.585e-21	2.7826e+01	2.8006e+01	5.9514e-10	6.7673e-02	9.3233e-01	1.4672e-01	8.5260e-01	6.8494e-04	4.2822e-13	1.0584e-02	7.5400e-01	2.3540e-01	1.6799e-05	8.1220e-02	9.0039e-01	1.8387e-02	3.6987e-07	1.1755e-36	1.1755e-36	1.0044e-20	0.00e+00	0.00e+00	2.9178e+00
4.20166e+17	6.3535e+03	2.630e-21	2.7826e+01	2.7594e+01	7.8567e-10	8.0952e-02	9.1905e-01	1.6092e-01	8.3847e-01	6.1055e-04	6.4836e-13	1.1554e-02	7.7183e-01	2.1660e-01	1.2575e-05	9.7346e-02	8.8846e-01	1.4195e-02	2.1392e-07	1.1755e-36	1.1755e-36	1.8197e-20	0.00e+00	0.00e+00	3.4088e+00
4.53846e+17	6.4738e+03	2.663e-21	2.7826e+01	2.7101e+01	1.0610e-09	9.7303e-02	9.0270e-01	1.7699e-01	8.2246e-01	5.4749e-04	9.9534e-13	1.2487e-02	7.8948e-01	1.9802e-01	9.2730e-06	1.1704e-01	8.7215e-01	1.0806e-02	1.1755e-36	1.1755e-36	1.1755e-36	3.3682e-20	0.00e+00	0.00e+00	3.9703e+00
4.85340e+17	6.5971e+03	2.676e-21	2.7826e+01	2.6482e+01	1.4594e-09	1.1775e-01	8.8225e-01	1.9529e-01	8.0422e-01	4.9364e-04	1.5566e-12	1.3340e-02	8.0690e-01	1.7975e-01	6.7148e-06	1.4143e-01	8.5050e-01	8.0697e-03	1.1755e-36	1.1755e-36	1.1755e-36	6.4239e-20	0.00e+00	0.00e+00	4.5940e+00
5.13347e+17	6.6807e+03	2.672e-21	2.7826e+01	2.5787e+01	2.0893e-09	1.4257e-01	8.5743e-01	2.1533e-01	7.8422e-01	4.4885e-04	2.4550e-12	1.4068e-02	8.2371e-01	1.6222e-01	4.8229e-06	1.7072e-01	8.2330e-01	5.9816e-03	1.1755e-36	1.1755e-36	1.1755e-36	1.2448e-19	0.00e+00	0.00e+00	5.2420e+00
5.36912e+17	6.7451e+03	2.639e-21	2.7826e+01	2.5037e+01	2.9551e-09	1.7004e-01	8.2996e-01	2.3576e-01	7.6382e-01	4.1333e-04	3.7634e-12	1.4589e-02	8.3858e-01	1.4683e-01	3.5272e-06	2.0270e-01	7.9281e-01	4.4911e-03	1.1755e-36	1.1755e-36	1.1755e-36	2.3254e-19	0.00e+00	0.00e+00	5.8773e+00
5.56637e+17	6.7907e+03	2.567e-21	2.7826e+01	2.4107e+01	4.0503e-09	1.9801e-01	8.0199e-01	2.5542e-01	7.4420e-01	3.8586e-04	5.4551e-12	1.4814e-02	8.5091e-01	1.3427e-01	2.6715e-06	2.3485e-01	7.6169e-01	3.4585e-03	1.1755e-36	1.1755e-36	1.1755e-36	4.0104e-19	0.00e+00	0.00e+00	6.5100e+00
5.74472e+17	6.8060e+03	2.479e-21	2.7826e+01	2.3198e+01	5.6392e-09	2.2925e-01	7.7075e-01	2.7629e-01	7.2335e-01	3.6102e-04	7.9060e-12	1.4934e-02	8.6279e-01	1.2227e-01	2.0245e-06	2.7026e-01	7.2708e-01	2.6602e-03	1.1755e-36	1.1755e-36	1.1755e-36	6.9555e-19	0.00e+00	0.00e+00	7.2142e+00
5.91379e+17	6.7999e+03	2.364e-21	2.7826e+01	2.2153e+01	7.9844e-09	2.6461e-01	7.3539e-01	2.9819e-01	7.0147e-01	3.3970e-04	1.1486e-11	1.4876e-02	8.7409e-01	1.1103e-01	1.5311e-06	3.0970e-01	6.8826e-01	2.0344e-03	1.1755e-36	1.1755e-36	1.1755e-36	1.2203e-18	0.00e+00	0.00e+00	7.9735e+00
6.06469e+17	6.7737e+03	2.232e-21	2.7826e+01	2.1065e+01	1.1268e-08	3.0199e-01	6.9801e-01	3.2003e-01	6.7965e-01	3.2173e-04	1.6426e-11	1.4664e-02	8.8421e-01	1.0112e-01	1.1755e-06	3.5070e-01	6.4773e-01	1.5667e-03	1.1755e-36	1.1755e-36	1.1755e-36	2.1113e-18	0.00e+00	0.00e+00	8.7083e+00
6.15769e+17	6.7537e+03	2.138e-21	2.7826e+01	2.0294e+01	1.4115e-08	3.2831e-01	6.7169e-01	3.3314e-01	6.6655e-01	3.1377e-04	2.0690e-11	1.4423e-02	8.8997e-01	9.5603e-02	9.9877e-07	3.7914e-01	6.1954e-01	1.3227e-03	1.1755e-36	1.1755e-36	1.1755e-36	3.0365e-18	0.00e+00	0.00e+00	8.9824e+00
6.19323e+17	6.7439e+03	2.099e-21	2.7826e+01	1.9987e+01	1.5388e-08	3.3860e-01	6.6140e-01	3.3838e-01	6.6131e-01	3.1082e-04	2.2579e-11	1.4312e-02	8.9219e-01	9.3498e-02	9.3810e-07	3.9016e-01	6.0860e-01	1.2389e-03	1.1755e-36	1.1755e-36	1.1755e-36	3.4869e-18	0.00e+00	0.00e+00	9.1226e+00
6.21926e+17	6.7342e+03	2.068e-21	2.7826e+01	1.9752e+01	1.6430e-08	3.4630e-01	6.5370e-01	3.4265e-01	6.5704e-01	3.0822e-04	2.4103e-11	1.4226e-02	8.9396e-01	9.1818e-02	8.9353e-07	3.9837e-01	6.0045e-01	1.1785e-03	1.1755e-36	1.1755e-36	1.1755e-36	3.8645e-18	0.00e+00	0.00e+00	9.2959e+00
6.25201e+17	6.7115e+03	2.031e-21	2.7826e+01	1.9477e+01	1.8057e-08	3.5674e-01	6.4326e-01	3.4865e-01	6.5105e-01	3.0395e-04	2.6380e-11	1.4135e-02	8.9634e-01	8.9528e-02	8.3711e-07	4.0948e-01	5.8941e-01	1.1038e-03	1.1755e-36	1.1755e-36	1.1755e-36	4.4606e-18	0.00e+00	0.00e+00	9.5280e+00
6.29107e+17	6.6872e+03	1.985e-21	2.7826e+01	1.9137e+01	2.0149e-08	3.6936e-01	6.3064e-01	3.5564e-01	6.4406e-01	2.9936e-04	2.9343e-11	1.4008e-02	8.9906e-01	8.6931e-02	7.7548e-07	4.2282e-01	5.7616e-01	1.0206e-03	1.1755e-36	1.1755e-36	1.1755e-36	5.2893e-18	0.00e+00	0.00e+00	9.7947e+00
6.33141e+17	6.6640e+03	1.934e-21	2.7826e+01	1.8754e+01	2.2497e-08	3.8242e-01	6.1758e-01	3.6256e-01	6.3714e-01	2.9547e-04	3.2647e-11	1.3845e-02	9.0172e-01	8.4431e-02	7.1818e-07	4.3656e-01	5.6250e-01	9.4163e-04	1.1755e-36	1.1755e-36	1.1755e-36	6.2845e-18	0.00e+00	0.00e+00	1.0061e+01
6.37016e+17	6.6403e+03	1.883e-21	2.7826e+01	1.8372e+01	2.5045e-08	3.9527e-01	6.0473e-01	3.6928e-01	6.3043e-01	2.9198e-04	3.6203e-11	1.3672e-02	9.0425e-01	8.2078e-02	6.6700e-07	4.4998e-01	5.4915e-01	8.7051e-04	1.1755e-36	1.1755e-36	1.1755e-36	7.4378e-18	0.00e+00	0.00e+00	1.0324e+01
6.40776e+17	6.6163e+03	1.832e-21	2.7826e+01	1.7996e+01	2.7832e-08	4.0808e-01	5.9192e-01	3.7595e-01	6.2377e-01	2.8866e-04	4.0095e-11	1.3495e-02	9.0669e-01	7.9810e-02	6.2034e-07	4.6328e-01	5.3591e-01	8.0544e-04	1.1755e-36	1.1755e-36	1.1755e-36	8.7956e-18	0.00e+00	0.00e+00	1.0591e+01
6.44500e+17	6.5887e+03	1.780e-21	2.7826e+01	1.7602e+01	3.0988e-08	4.2093e-01	5.7907e-01	3.8260e-01	6.1712e-01	2.8552e-04	4.4371e-11	1.3299e-02	9.0907e-01	7.7626e-02	5.7751e-07	4.7656e-01	5.2269e-01	7.4535e-04	1.1755e-36	1.1755e-36	1.1755e-36	1.0406e-17	0.00e+00	0.00e+00	1.0866e+01
6.48189e+17	6.5543e+03	1.730e-21	2.7826e+01	1.7234e+01	3.4783e-08	4.3450e-01	5.6550e-01	3.8966e-01	6.1006e-01	2.8198e-04	4.9475e-11	1.3119e-02	9.1153e-01	7.5354e-02	5.3620e-07	4.9049e-01	5.0882e-01	6.8812e-04	1.1755e-36	1.1755e-36	1.1755e-36	1.2490e-17	0.00e+00	0.00e+00	1.1145e+01
6.51691e+17	6.5256e+03	1.680e-21	2.7826e+01	1.6857e+01	3.8606e-08	4.4717e-01	5.5283e-01	3.9600e-01	6.0372e-01	2.7939e-04	5.4625e-11	1.2919e-02	9.1372e-01	7.3359e-02	5.0095e-07	5.0343e-01	4.9594e-01	6.3824e-04	1.1755e-36	1.1755e-36	1.1755e-36	1.4768e-17	0.00e+00	0.00e+00	1.1409e+01
6.55057e+17	6.4953e+03	1.631e-21	2.7826e+01	1.6493e+01	4.2799e-08	4.5964e-01	5.4036e-01	4.0234e-01	5.9738e-01	2.7676e-04	6.0249e-11	1.2722e-02	9.1586e-01	7.1421e-02	4.6866e-07	5.1608e-01	4.8333e-01	5.9278e-04	1.1755e-36	1.1755e-36	1.1755e-36	1.7450e-17	0.00e+00	0.00e+00	1.1682e+01
6.58475e+17	6.4636e+03	1.581e-21	2.7826e+01	1.6107e+01	4.7523e-08	4.7229e-01	5.2771e-01	4.0876e-01	5.9096e-01	2.7426e-04	6.6504e-11	1.2506e-02	9.1797e-01	6.9528e-02	4.3836e-07	5.2884e-01	4.7061e-01	5.4984e-04	1.1755e-36	1.1755e-36	1.1755e-36	2.0678e-17	0.00e+00	0.00e+00	1.1968e+01
6.61938e+17	6.4241e+03	1.530e-21	2.7826e+01	1.5724e+01	5.3276e-08	4.8562e-01	5.1438e-01	4.1549e-01	5.8424e-01	2.7166e-04	7.3970e-11	1.2290e-02	9.2014e-01	6.7566e-02	4.0890e-07	5.4222e-01	4.5727e-01	5.0851e-04	1.1755e-36	1.1755e-36	1.1755e-36	2.4884e-17	0.00e+00	0.00e+00	1.2265e+01
6.65282e+17	6.3849e+03	1.482e-21	2.7826e+01	1.5360e+01	5.9600e-08	4.9879e-01	5.0121e-01	4.2211e-01	5.7762e-01	2.6911e-04	8.2248e-11	1.2080e-02	9.2223e-01	6.5693e-02	3.8216e-07	5.5536e-01	4.4417e-01	4.7093e-04	1.1755e-36	1.1755e-36	1.1755e-36	2.9973e-17	0.00e+00	0.00e+00	1.2546e+01
6.68406e+17	6.3541e+03	1.435e-21	2.7826e+01	1.4993e+01	6.5646e-08	5.1057e-01	4.8943e-01	4.2788e-01	5.7185e-01	2.6745e-04	9.0231e-11	1.1858e-02	9.2405e-01	6.4094e-02	3.5978e-07	5.6705e-01	4.3251e-01	4.3887e-04	1.1755e-36	1.1755e-36	1.1755e-36	3.5292e-17	0.00e+00	0.00e+00	1.2818e+01
6.71568e+17	6.3103e+03	1.388e-21	2.7826e+01	1.4632e+01	7.3399e-08	5.2313e-01	4.7687e-01	4.3431e-01	5.6543e-01	2.6518e-04	1.0010e-10	1.1642e-02	9.2600e-01	6.2359e-02	3.3732e-07	5.7943e-01	4.2016e-01	4.0760e-04	1.1755e-36	1.1755e-36	1.1755e-36	4.2481e-17	0.00e+00	0.00e+00	1.3121e+01
6.74771e+17	6.2664e+03	1.342e-21	2.7826e+01	1.4276e+01	8.2207e-08	5.3604e-01	4.6396e-01	4.4085e-01	5.5888e-01	2.6282e-04	1.1153e-10	1.1425e-02	9.2793e-01	6.0641e-02	3.1603e-07	5.9209e-01	4.0753e-01	3.7782e-04	1.1755e-36	1.1755e-36	1.1755e-36	5.1585e-17	0.00e+00	0.00e+00	1.3414e+01
6.77783e+17	6.2266e+03	1.298e-21	2.7826e+01	1.3926e+01	9.1174e-08	5.4788e-01	4.5212e-01	4.4669e-01	5.5305e-01	2.6126e-04	1.2314e-10	1.1203e-02	9.2967e-01	5.9123e-02	2.9775e-07	6.0364e-01	3.9600e-01	3.5203e-04	1.1755e-36	1.1755e-36	1.1755e-36	6.1722e-17	0.00e+00	0.00e+00	1.3694e+01
6.80716e+17	6.1907e+03	1.254e-21	2.7826e+01	1.3581e+01	1.0048e-07	5.5920e-01	4.4080e-01	4.5242e-01	5.4732e-01	2.5973e-04	1.3544e-10	1.0981e-02	9.3133e-01	5.7684e-02	2.8107e-07	6.1463e-01	3.8504e-01	3.2852e-04	1.1755e-36	1.1755e-36	1.1755e-36	7.3344e-17	0.00e+00	0.00e+00	1.3985e+01
6.83791e+17	6.1437e+03	1.210e-21	2.7826e+01	1.3224e+01	1.1239e-07	5.7140e-01	4.2860e-01	4.5869e-01	5.4105e-01	2.5796e-04	1.5083e-10	1.0751e-02	9.3312e-01	5.6131e-02	2.6415e-07	6.2640e-01	3.7329e-01	3.0512e-04	1.1755e-36	1.1755e-36	1.1755e-36	8.9340e-17	0.00e+00	0.00e+00	1.4305e+01
6.86894e+17	6.0971e+03	1.166e-21	2.7826e+01	1.2868e+01	1.2572e-07	5.8367e-01	4.1633e-01	4.6488e-01	5.3486e-01	2.5636e-04	1.6836e-10	1.0517e-02	9.3485e-01	5.4632e-02	2.4835e-07	6.3818e-01	3.6154e-01	2.8314e-04	1.1755e-36	1.1755e-36	1.1755e-36	1.0939e-16	0.00e+00	0.00e+00	1.4614e+01
6.89822e+17	6.0457e+03	1.125e-21	2.7826e+01	1.2533e+01	1.4083e-07	5.9539e-01	4.0461e-01	4.7090e-01	5.2884e-01	2.5466e-04	1.8795e-10	1.0297e-02	9.3649e-01	5.3214e-02	2.3417e-07	6.4938e-01	3.5036e-01	2.6364e-04	1.1755e-36	1.1755e-36	1.1755e-36	1.3425e-16	0.00e+00	0.00e+00	1.4912e+01
6.92567e+17	6.0042e+03	1.087e-21	2.7826e+01	1.2219e+01	1.5545e-07	6.0602e-01	3.9398e-01	4.7633e-01	5.2341e-01	2.5344e-04	2.0766e-10	1.0085e-02	9.3796e-01	5.1952e-02	2.2187e-07	6.5949e-01	3.4026e-01	2.4664e-04	1.1755e-36	1.1755e-36	1.1755e-36	1.6152e-16	0.00e+00	0.00e+00	1.5194e+01
6.95299e+17	5.9524e+03	1.050e-21	2.7826e+01	1.1908e+01	1.7345e-07	6.1680e-01	3.8320e-01	4.8212e-01	5.1763e-01	2.5184e-04	2.3139e-10	9.8757e-03	9.3947e-01	5.0653e-02	2.0995e-07	6.6968e-01	3.3009e-01	2.3056e-04	1.1755e-36	1.1755e-36	1.1755e-36	1.9776e-16	0.00e+00	0.00e+00	1.5499e+01
6.98064e+17	5.9015e+03	1.013e-21	2.7826e+01	1.1603e+01	1.9357e-07	6.2769e-01	3.7231e-01	4.8795e-01	5.1180e-01	2.5021e-04	2.5875e-10	9.6682e-03	9.4096e-01	4.9370e-02	1.9858e-07	6.7994e-01	3.1985e-01	2.1524e-04	1.1755e-36	1.1755e-36	1.1755e-36	2.4372e-16	0.00e+00	0.00e+00	1.5798e+01
7.00727e+17	5.8532e+03	9.780e-22	2.7826e+01	1.1304e+01	2.1474e-07	6.3786e-01	3.6214e-01	4.9337e-01	5.0638e-01	2.4899e-04	2.8790e-10	9.4613e-03	9.4235e-01	4.8193e-02	1.8844e-07	6.8947e-01	3.1033e-01	2.0156e-04	1.1755e-36	1.1755e-36	1.1755e-36	2.9777e-16	0.00e+00	0.00e+00	1.6091e+01
7.03356e+17	5.8097e+03	9.438e-22	2.7826e+01	1.1010e+01	2.3672e-07	6.4759e-01	3.5241e-01	4.9865e-01	5.0110e-01	2.4792e-04	3.1924e-10	9.2550e-03	9.4368e-01	4.7067e-02	1.7902e-07	6.9855e-01	3.0126e-01	1.8892e-04	1.1755e-36	1.1755e-36	1.1755e-36	3.6117e-16	0.00e+00	0.00e+00	1.6392e+01
7.06106e+17	5.7561e+03	9.089e-22	2.7826e+01	1.0707e+01	2.6452e-07	6.5787e-01	3.4213e-01	5.0439e-01	4.9536e-01	2.4662e-04	3.5876e-10	9.0417e-03	9.4509e-01	4.5871e-02	1.6951e-07	7.0809e-01	2.9174e-01	1.7641e-04	1.1755e-36	1.1755e-36	1.1755e-36	4.4970e-16	0.00e+00	0.00e+00	1.6722e+01
7.08889e+17	5.7026e+03	8.747e-22	2.7826e+01	1.0406e+01	2.9577e-07	6.6813e-01	3.3187e-01	5.1007e-01	4.8968e-01	2.4539e-04	4.0443e-10	8.8285e-03	9.4646e-01	4.4712e-02	1.6055e-07	7.1758e-01	2.8226e-01	1.6460e-04	1.1755e-36	1.1755e-36	1.1755e-36	5.6326e-16	0.00e+00	0.00e+00	1.7040e+01
7.11530e+17	5.6487e+03	8.432e-22	2.7826e+01	1.0125e+01	3.2993e-07	6.7778e-01	3.2222e-01	5.1553e-01	4.8423e-01	2.4414e-04	4.5522e-10	8.6281e-03	9.4774e-01	4.3627e-02	1.5249e-07	7.2646e-01	2.7339e-01	1.5410e-04	1.1755e-36	1.1755e-36	1.1755e-36	7.0362e-16	0.00e+00	0.00e+00	1.7346e+01
7.14055e+17	5.5889e+03	8.141e-22	2.7826e+01	9.8600e+00	3.6986e-07	6.8705e-01	3.1295e-01	5.2098e-01	4.7878e-01	2.4263e-04	5.1477e-10	8.4400e-03	9.4898e-01	4.2581e-02	1.4507e-07	7.3497e-01	2.6488e-01	1.4461e-04	1.1755e-36	1.1755e-36	1.1755e-36	8.8724e-16	0.00e+00	0.00e+00	1.7646e+01
7.16444e+17	5.5483e+03	7.867e-22	2.7826e+01	9.6152e+00	4.0428e-07	6.9523e-01	3.0477e-01	5.2566e-01	4.7410e-01	2.4186e-04	5.7034e-10	8.2601e-03	9.5007e-01	4.1670e-02	1.3864e-07	7.4243e-01	2.5743e-01	1.3629e-04	1.1755e-36	1.1755e-36	1.1755e-36	1.0740e-15	0.00e+00	0.00e+00	1.7926e+01
7.18942e+17	5.4854e+03	7.590e-22	2.7826e+01	9.3613e+00	4.5477e-07	7.0417e-01	2.9582e-01	5.3140e-01	4.6836e-01	2.4002e-04	6.4959e-10	8.0788e-03	9.5129e-01	4.0627e-02	1.3179e-07	7.5058e-01	2.4929e-01	1.2786e-04	1.1755e-36	1.1755e-36	1.1755e-36	1.3709e-15	0.00e+00	0.00e+00	1.8260e+01
7.21507e+17	5.4234e+03	7.316e-22	2.7826e+01	9.0997e+00	5.1128e-07	7.1298e-01	2.8702e-01	5.3669e-01	4.6307e-01	2.3879e-04	7.4060e-10	7.8883e-03	9.5245e-01	3.9663e-02	1.2550e-07	7.5858e-01	2.4130e-01	1.1994e-04	1.1755e-36	1.1755e-36	1.1755e-36	1.7545e-15	0.00e+00	0.00e+00	1.8565e+01
7.23822e+17	5.3769e+03	7.075e-22	2.7826e+01	8.8750e+00	5.6189e-07	7.2061e-01	2.7939e-01	5.4138e-01	4.5838e-01	2.3778e-04	8.2769e-10	7.7219e-03	9.5346e-01	3.8817e-02	1.1755e-36	7.6548e-01	2.3441e-01	1.1320e-04	1.1755e-36	1.1755e-36	1.1755e-36	2.1578e-15	0.00e+00	0.00e+00	1.8843e+01
7.26143e+17	5.3153e+03	6.838e-22	2.7826e+01	8.6468e+00	6.2904e-07	7.2839e-01	2.7161e-01	5.4657e-01	4.5320e-01	2.3624e-04	9.4168e-10	7.5557e-03	9.5452e-01	3.7929e-02	1.1755e-36	7.7248e-01	2.2741e-01	1.0675e-04	1.1755e-36	1.1755e-36	1.1755e-36	2.7465e-15	0.00e+00	0.00e+00	1.9156e+01
7.28507e+17	5.2572e+03	6.607e-22	2.7826e+01	8.4271e+00	7.0226e-07	7.3620e-01	2.6380e-01	5.5172e-01	4.4804e-01	2.3469e-04	1.0723e-09	7.3938e-03	9.5555e-01	3.7060e-02	1.1755e-36	7.7949e-01	2.2041e-01	1.0054e-04	1.1755e-36	1.1755e-36	1.1755e-36	3.4974e-15	0.00e+00	0.00e+00	1.9451e+01
7.30748e+17	5.2037e+03	6.391e-22	2.7826e+01	8.2163e+00	7.7714e-07	7.4323e-01	2.5677e-01	5.5640e-01	4.4337e-01	2.3353e-04	1.2098e-09	7.2369e-03	9.5649e-01	3.6278e-02	1.1755e-36	7.8578e-01	2.1413e-01	9.5079e-05	1.1755e-36	1.1755e-36	1.1755e-36	4.3766e-15	0.00e+00	0.00e+00	1.9738e+01
7.32984e+17	5.1506e+03	6.182e-22	2.7826e+01	8.0127e+00	8.5973e-07	7.5013e-01	2.4987e-01	5.6121e-01	4.3856e-01	2.3220e-04	1.3674e-09	7.0849e-03	9.5742e-01	3.5493e-02	1.1755e-36	7.9193e-01	2.0798e-01	8.9883e-05	1.1755e-36	1.1755e-36	1.1755e-36	5.4877e-15	0.00e+00	0.00e+00	2.0038e+01
7.35307e+17	5.0903e+03	5.971e-22	2.7826e+01	7.8040e+00	9.6095e-07	7.5726e-01	2.4274e-01	5.6633e-01	4.3344e-01	2.3062e-04	1.5647e-09	6.9302e-03	9.5838e-01	3.4685e-02	1.1755e-36	7.9827e-01	2.0164e-01	8.4770e-05	1.1755e-36	1.1755e-36	1.1755e-36	7.0405e-15	0.00e+00	0.00e+00	2.0353e+01
7.37618e+17	5.0345e+03	5.768e-22	2.7826e+01	7.5967e+00	1.0667e-06	7.6396e-01	2.3604e-01	5.7103e-01	4.2875e-01	2.2950e-04	1.7790e-09	6.7732e-03	9.5928e-01	3.3943e-02	1.1755e-36	8.0421e-01	1.9571e-01	8.0076e-05	1.1755e-36	1.1755e-36	1.1755e-36	8.9219e-15	0.00e+00	0.00e+00	2.0655e+01
7.39878e+17	4.9763e+03	5.576e-22	2.7826e+01	7.4010e+00	1.1866e-06	7.7050e-01	2.2950e-01	5.7588e-01	4.2390e-01	2.2807e-04	2.0076e-09	6.6261e-03	9.6020e-01	3.3178e-02	1.1755e-36	8.0999e-01	1.8993e-01	7.5686e-05	1.1755e-36	1.1755e-36	1.1755e-36	1.1158e-14	0.00e+00	0.00e+00	2.0963e+01
7.42136e+17	4.9129e+03	5.391e-22	2.7826e+01	7.2132e+00	1.3292e-06	7.7710e-01	2.2289e-01	5.8099e-01	4.1879e-01	2.2620e-04	2.2427e-09	6.4870e-03	9.6115e-01	3.2361e-02	1.1755e-36	8.1582e-01	1.8411e-01	7.1490e-05	1.1755e-36	1.1755e-36	1.1755e-36	1.3725e-14	0.00e+00	0.00e+00	2.1269e+01
7.44306e+17	4.8528e+03	5.220e-22	2.7826e+01	7.0327e+00	1.4787e-06	7.8316e-01	2.1684e-01	5.8565e-01	4.1413e-01	2.2469e-04	2.4873e-09	6.3517e-03	9.6203e-01	3.1618e-02	1.1755e-36	8.2115e-01	1.7879e-01	6.7743e-05	1.1755e-36	1.1755e-36	1.1755e-36	1.6661e-14	0.00e+00	0.00e+00	2.1557e+01
7.46388e+17	4.7938e+03	5.059e-22	2.7826e+01	6.8632e+00	1.6400e-06	7.8885e-01	2.1115e-01	5.9023e-01	4.0955e-01	2.2309e-04	2.7492e-09	6.2249e-03	9.6287e-01	3.0904e-02	1.1755e-36	8.2614e-01	1.7379e-01	6.4325e-05	1.1755e-36	1.1755e-36	1.1755e-36	2.0092e-14	0.00e+00	0.00e+00	2.1844e+01
7.48476e+17	4.7339e+03	4.903e-22	2.7826e+01	6.6969e+00	1.8199e-06	7.9444e-01	2.0556e-01	5.9487e-01	4.0491e-01	2.2141e-04	3.0398e-09	6.1004e-03	9.6371e-01	3.0195e-02	1.1755e-36	8.3104e-01	1.6890e-01	6.1067e-05	1.1755e-36	1.1755e-36	1.1755e-36	2.4239e-14	0.00e+00	0.00e+00	2.2138e+01
7.50594e+17	4.6679e+03	4.750e-22	2.7826e+01	6.5309e+00	2.0347e-06	8.0008e-01	1.9992e-01	5.9971e-01	4.0007e-01	2.1947e-04	3.3777e-09	5.9774e-03	9.6455e-01	2.9474e-02	1.1755e-36	8.3597e-01	1.6397e-01	5.7922e-05	1.1755e-36	1.1755e-36	1.1755e-36	2.9526e-14	0.00e+00	0.00e+00	2.2438e+01
7.52668e+17	4.6113e+03	4.604e-22	2.7826e+01	6.3727e+00	2.2425e-06	8.0528e-01	1.9472e-01	6.0411e-01	3.9567e-01	2.1797e-04	3.7128e-09	5.8574e-03	9.6533e-01	2.8816e-02	1.1755e-36	8.4050e-01	1.5944e-01	5.5048e-05	1.1755e-36	1.1755e-36	1.1755e-36	3.5211e-14	0.00e+00	0.00e+00	2.2723e+01
7.54766e+17	4.5433e+03	4.461e-22	2.7826e+01	6.2151e+00	2.5060e-06	8.1064e-01	1.8935e-01	6.0904e-01	3.9074e-01	2.1582e-04	4.1188e-09	5.7412e-03	9.6615e-01	2.8113e-02	1.1755e-36	8.4517e-01	1.5477e-01	5.2231e-05	1.1755e-36	1.1755e-36	1.1755e-36	4.2736e-14	0.00e+00	0.00e+00	2.3033e+01
7.56890e+17	4.4799e+03	4.321e-22	2.7826e+01	6.0596e+00	2.7789e-06	8.1582e-01	1.8418e-01	6.1371e-01	3.8608e-01	2.1399e-04	4.5425e-09	5.6247e-03	9.6693e-01	2.7448e-02	1.1755e-36	8.4967e-01	1.5028e-01	4.9570e-05	1.1755e-36	1.1755e-36	1.1755e-36	5.1278e-14	0.00e+00	0.00e+00	2.3330e+01
7.58980e+17	4.4155e+03	4.188e-22	2.7826e+01	5.9096e+00	3.0769e-06	8.2081e-01	1.7918e-01	6.1842e-01	3.8137e-01	2.1201e-04	4.9977e-09	5.5130e-03	9.6769e-01	2.6793e-02	1.1755e-36	8.5399e-01	1.4596e-01	4.7075e-05	1.1755e-36	1.1755e-36	1.1755e-36	6.1220e-14	0.00e+00	0.00e+00	2.3634e+01
7.61124e+17	4.3483e+03	4.055e-22	2.7826e+01	5.7592e+00	3.4106e-06	8.2583e-01	1.7417e-01	6.2329e-01	3.7650e-01	2.0990e-04	5.4998e-09	5.4013e-03	9.6847e-01	2.6129e-02	1.1755e-36	8.5833e-01	1.4163e-01	4.4646e-05	1.1755e-36	1.1755e-36	1.1755e-36	7.3082e-14	0.00e+00	0.00e+00	2.3950e+01
7.63325e+17	4.2786e+03	3.923e-22	2.7826e+01	5.6081e+00	3.7804e-06	8.3086e-01	1.6914e-01	6.2829e-01	3.7150e-01	2.0767e-04	6.0470e-09	5.2895e-03	9.6925e-01	2.5463e-02	1.1755e-36	8.6267e-01	1.3729e-01	4.2285e-05	1.1755e-36	1.1755e-36	1.1755e-36	8.7053e-14	0.00e+00	0.00e+00	2.4275e+01
7.65575e+17	4.2112e+03	3.792e-22	2.7826e+01	5.4542e+00	4.1587e-06	8.3568e-01	1.6432e-01	6.3312e-01	3.6668e-01	2.0576e-04	6.6009e-09	5.1737e-03	9.7001e-01	2.4818e-02	1.1755e-36	8.6682e-01	1.3313e-01	4.0039e-05	1.1755e-36	1.1755e-36	1.1755e-36	1.0221e-13	0.00e+00	0.00e+00	2.4609e+01
7.67963e+17	4.1340e+03	3.658e-22	2.7826e+01	5.2965e+00	4.6092e-06	8.4084e-01	1.5916e-01	6.3858e-01	3.6122e-01	2.0324e-04	7.2387e-09	5.0576e-03	9.7082e-01	2.4119e-02	1.1755e-36	8.7126e-01	1.2870e-01	3.7745e-05	1.1755e-36	1.1755e-36	1.1755e-36	1.2092e-13	0.00e+00	0.00e+00	2.4979e+01
7.70493e+17	4.0515e+03	3.522e-22	2.7826e+01	5.1377e+00	5.1117e-06	8.4630e-01	1.5369e-01	6.4445e-01	3.5535e-01	2.0033e-04	7.9379e-09	4.9424e-03	9.7167e-01	2.3391e-02	1.1755e-36	8.7594e-01	1.2402e-01	3.5431e-05	1.1755e-36	1.1755e-36	1.1755e-36	1.4285e-13	0.00e+00	0.00e+00	2.5359e+01
7.73074e+17	3.9685e+03	3.387e-22	2.7826e+01	4.9698e+00	5.6140e-06	8.5158e-01	1.4841e-01	6.4991e-01	3.4989e-01	1.9805e-04	8.6035e-09	4.8184e-03	9.7248e-01	2.2705e-02	1.1755e-36	8.8047e-01	1.1950e-01	3.3240e-05	1.1755e-36	1.1755e-36	1.1755e-36	1.6507e-13	0.00e+00	0.00e+00	2.5749e+01
###########################
1.44232e+14	6.7810e+03	2.829e-21	2.7826e+01	2.9284e+01	5.8973e-11	2.9527e-02	9.7047e-01	7.9123e-02	9.1889e-01	1.9834e-03	5.8511e-14	5.5753e-03	6.1131e-01	3.8303e-01	8.0358e-05	3.3591e-02	9.0539e-01	6.1010e-02	8.7101e-06	1.1755e-36	1.1755e-36	7.6495e-22	0.00e+00	0.00e+00	1.4966e-03
8.65390e+14	6.7725e+03	2.820e-21	2.7826e+01	2.9232e+01	5.9123e-11	2.9455e-02	9.7055e-01	7.9081e-02	9.1893e-01	1.9839e-03	5.8098e-14	5.5494e-03	6.1121e-01	3.8316e-01	8.0610e-05	3.3507e-02	9.0532e-01	6.1164e-02	8.7291e-06	1.1755e-36	1.1755e-36	7.5604e-22	0.00e+00	0.00e+00	7.4686e-03
3.75002e+15	6.7506e+03	2.805e-21	2.7826e+01	2.9225e+01	6.0248e-11	2.9459e-02	9.7054e-01	7.9417e-02	9.1861e-01	1.9697e-03	5.8222e-14	5.5549e-03	6.1232e-01	3.8205e-01	8.0062e-05	3.3524e-02	9.0538e-01	6.1083e-02	8.6228e-06	1.1755e-36	1.1755e-36	7.5443e-22	0.00e+00	0.00e+00	3.1360e-02
1.52886e+16	6.6866e+03	2.770e-21	2.7826e+01	2.9214e+01	6.5151e-11	2.9778e-02	9.7022e-01	8.0902e-02	9.1719e-01	1.9050e-03	6.0087e-14	5.6366e-03	6.1704e-01	3.7724e-01	7.7351e-05	3.3951e-02	9.0595e-01	6.0094e-02	8.0505e-06	1.1755e-36	1.1755e-36	7.7521e-22	0.00e+00	0.00e+00	1.2796e-01
3.65195e+16	6.4685e+03	2.653e-21	2.7826e+01	2.9218e+01	7.6077e-11	2.9336e-02	9.7066e-01	8.3148e-02	9.1502e-01	1.8296e-03	5.8853e-14	5.6585e-03	6.2439e-01	3.6988e-01	7.5161e-05	3.3512e-02	9.0618e-01	6.0298e-02	7.6808e-06	1.1755e-36	1.1755e-36	7.2079e-22	0.00e+00	0.00e+00	2.5168e-01
5.77445e+16	6.2732e+03	2.559e-21	2.7826e+01	2.9223e+01	8.8326e-11	2.9003e-02	9.7100e-01	8.5098e-02	9.1314e-01	1.7617e-03	5.7880e-14	5.6815e-03	6.3076e-01	3.6349e-01	7.3081e-05	3.3197e-02	9.0652e-01	6.0273e-02	7.3232e-06	1.1755e-36	1.1755e-36	6.7792e-22	0.00e+00	0.00e+00	3.4570e-01
7.50272e+16	6.1685e+03	2.514e-21	2.7826e+01	2.9214e+01	9.8788e-11	2.9203e-02	9.7080e-01	8.6811e-02	9.1149e-01	1.6962e-03	5.9135e-14	5.7556e-03	6.3604e-01	3.5813e-01	7.0459e-05	3.3501e-02	9.0723e-01	5.9261e-02	6.8125e-06	1.1755e-36	1.1755e-36	6.8317e-22	0.00e+00	0.00e+00	4.2840e-01
9.35597e+16	6.0994e+03	2.490e-21	2.7826e+01	2.9201e+01	1.1126e-10	2.9919e-02	9.7008e-01	8.9056e-02	9.0933e-01	1.6128e-03	6.2899e-14	5.9029e-03	6.4251e-01	3.5152e-01	6.6603e-05	3.4433e-02	9.0839e-01	5.7173e-02	6.0707e-06	1.1755e-36	1.1755e-36	7.3145e-22	0.00e+00	0.00e+00	5.3854e-01
1.17652e+17	6.0333e+03	2.469e-21	2.7826e+01	2.9171e+01	1.2883e-10	3.1060e-02	9.6894e-01	9.2105e-02	9.0639e-01	1.5078e-03	6.9019e-14	6.1234e-03	6.5092e-01	3.4289e-01	6.1585e-05	3.5897e-02	9.0991e-01	5.4189e-02	5.1594e-06	1.1755e-36	1.1755e-36	8.1685e-22	0.00e+00	0.00e+00	6.8718e-01
1.48972e+17	5.9762e+03	2.453e-21	2.7826e+01	2.9118e+01	1.5470e-10	3.2895e-02	9.6711e-01	9.6367e-02	9.0225e-01	1.3779e-03	7.9369e-14	6.4535e-03	6.6202e-01	3.3147e-01	5.5146e-05	3.8229e-02	9.1175e-01	5.0019e-02	4.0974e-06	1.1755e-36	1.1755e-36	9.7319e-22	0.00e+00	0.00e+00	8.9183e-01
1.89688e+17	5.9375e+03	2.445e-21	2.7826e+01	2.8990e+01	1.9489e-10	3.5889e-02	9.6411e-01	1.0250e-01	8.9628e-01	1.2215e-03	9.7700e-14	6.9487e-03	6.7665e-01	3.1635e-01	4.7154e-05	4.2005e-02	9.1365e-01	4.4347e-02	2.9505e-06	1.1755e-36	1.1755e-36	1.2753e-21	0.00e+00	0.00e+00	1.1821e+00
2.37574e+17	5.9359e+03	2.455e-21	2.7826e+01	2.8845e+01	2.5346e-10	4.0412e-02	9.5959e-01	1.1057e-01	8.8837e-01	1.0609e-03	1.2930e-13	7.6276e-03	6.9415e-01	2.9818e-01	3.8517e-05	4.7664e-02	9.1464e-01	3.7695e-02	1.9380e-06	1.1755e-36	1.1755e-36	1.8607e-21	0.00e+00	0.00e+00	1.5353e+00
2.89353e+17	5.9895e+03	2.485e-21	2.7826e+01	2.8632e+01	3.3756e-10	4.7167e-02	9.5283e-01	1.2112e-01	8.7797e-01	9.0721e-04	1.8569e-13	8.5216e-03	7.1430e-01	2.7715e-01	2.9887e-05	5.6053e-02	9.1346e-01	3.0482e-02	1.1539e-06	1.1755e-36	1.1755e-36	3.0692e-21	0.00e+00	0.00e+00	1.9813e+00
3.39882e+17	6.1005e+03	2.532e-21	2.7826e+01	2.8346e+01	4.4821e-10	5.6371e-02	9.4363e-01	1.3341e-01	8.6581e-01	7.8092e-04	2.8066e-13	9.5491e-03	7.3475e-01	2.5568e-01	2.2476e-05	6.7396e-02	9.0882e-01	2.3785e-02	6.5123e-07	1.1755e-36	1.1755e-36	5.5000e-21	0.00e+00	0.00e+00	2.4493e+00
3.83213e+17	6.2253e+03	2.585e-21	2.7826e+01	2.8006e+01	5.9524e-10	6.7680e-02	9.3232e-01	1.4672e-01	8.5259e-01	6.8490e-04	4.2834e-13	1.0585e-02	7.5401e-01	2.3539e-01	1.6796e-05	8.1230e-02	9.0039e-01	1.8384e-02	3.6975e-07	1.1755e-36	1.1755e-36	1.0048e-20	0.00e+00	0.00e+00	2.9181e+00
4.20182e+17	6.3535e+03	2.630e-21	2.7826e+01	2.7594e+01	7.8582e-10	8.0962e-02	9.1904e-01	1.6093e-01	8.3846e-01	6.1052e-04	6.4854e-13	1.1555e-02	7.7184e-01	2.1659e-01	1.2572e-05	9.7358e-02	8.8845e-01	1.4192e-02	2.1384e-07	1.1755e-36	1.1755e-36	1.8205e-20	0.00e+00	0.00e+00	3.4092e+00
4.53861e+17	6.4739e+03	2.663e-21	2.7826e+01	2.7100e+01	1.0612e-09	9.7316e-02	9.0268e-01	1.7701e-01	8.2245e-01	5.4746e-04	9.9563e-13	1.2487e-02	7.8950e-01	1.9801e-01	9.2710e-06	1.1706e-01	8.7214e-01	1.0804e-02	1.1755e-36	1.1755e-36	1.1755e-36	3.3697e-20	0.00e+00	0.00e+00	3.9707e+00
4.85352e+17	6.5972e+03	2.676e-21	2.7826e+01	2.6481e+01	1.4597e-09	1.1776e-01	8.8224e-01	1.9530e-01	8.0420e-01	4.9362e-04	1.5570e-12	1.3341e-02	8.0691e-01	1.7974e-01	6.7134e-06	1.4145e-01	8.5048e-01	8.0681e-03	1.1755e-36	1.1755e-36	1.1755e-36	6.4266e-20	0.00e+00	0.00e+00	4.5944e+00
5.13355e+17	6.6808e+03	2.672e-21	2.7826e+01	2.5787e+01	2.0897e-09	1.4259e-01	8.5741e-01	2.1535e-01	7.8421e-01	4.4883e-04	2.4557e-12	1.4069e-02	8.2372e-01	1.6221e-01	4.8219e-06	1.7074e-01	8.2328e-01	5.9804e-03	1.1755e-36	1.1755e-36	1.1755e-36	1.2453e-19	0.00e+00	0.00e+00	5.2424e+00
5.36918e+17	6.7452e+03	2.639e-21	2.7826e+01	2.5036e+01	2.9557e-09	1.7006e-01	8.2994e-01	2.3577e-01	7.6381e-01	4.1332e-04	3.7644e-12	1.4589e-02	8.3859e-01	1.4682e-01	3.5266e-06	2.0272e-01	7.9279e-01	4.4903e-03	1.1755e-36	1.1755e-36	1.1755e-36	2.3263e-19	0.00e+00	0.00e+00	5.8777e+00
5.56641e+17	6.7908e+03	2.567e-21	2.7826e+01	2.4106e+01	4.0511e-09	1.9803e-01	8.0197e-01	2.5543e-01	7.4418e-01	3.8585e-04	5.4564e-12	1.4814e-02	8.5092e-01	1.3426e-01	2.6710e-06	2.3487e-01	7.6167e-01	3.4579e-03	1.1755e-36	1.1755e-36	1.1755e-36	4.0117e-19	0.00e+00	0.00e+00	6.5104e+00
5.74475e+17	6.8060e+03	2.479e-21	2.7826e+01	2.3197e+01	5.6404e-09	2.2928e-01	7.7072e-01	2.7630e-01	7.2334e-01	3.6101e-04	7.9079e-12	1.4934e-02	8.6280e-01	1.2227e-01	2.0241e-06	2.7028e-01	7.2706e-01	2.6598e-03	1.1755e-36	1.1755e-36	1.1755e-36	6.9580e-19	0.00e+00	0.00e+00	7.2147e+00
5.91382e+17	6.7999e+03	2.364e-21	2.7826e+01	2.2152e+01	7.9862e-09	2.6463e-01	7.3537e-01	2.9821e-01	7.0145e-01	3.3970e-04	1.1489e-11	1.4876e-02	8.7410e-01	1.1103e-01	1.5308e-06	3.0973e-01	6.8824e-01	2.0341e-03	1.1755e-36	1.1755e-36	1.1755e-36	1.2207e-18	0.00e+00	0.00e+00	7.9740e+00
6.06470e+17	6.7736e+03	2.232e-21	2.7826e+01	2.1064e+01	1.1270e-08	3.0201e-01	6.9799e-01	3.2004e-01	6.7963e-01	3.2173e-04	1.6430e-11	1.4664e-02	8.8422e-01	1.0112e-01	1.1753e-06	3.5073e-01	6.4770e-01	1.5665e-03	1.1755e-36	1.1755e-36	1.1755e-36	2.1120e-18	0.00e+00	0.00e+00	8.7087e+00
6.15769e+17	6.7537e+03	2.138e-21	2.7826e+01	2.0294e+01	1.4118e-08	3.2834e-01	6.7166e-01	3.3315e-01	6.6653e-01	3.1377e-04	2.0694e-11	1.4423e-02	8.8998e-01	9.5598e-02	9.9864e-07	3.7916e-01	6.1951e-01	1.3225e-03	1.1755e-36	1.1755e-36	1.1755e-36	3.0374e-18	0.00e+00	0.00e+00	8.9829e+00
6.19323e+17	6.7439e+03	2.099e-21	2.7826e+01	1.9986e+01	1.5391e-08	3.3862e-01	6.6138e-01	3.3839e-01	6.6130e-01	3.1082e-04	2.2584e-11	1.4312e-02	8.9219e-01	9.3494e-02	9.3797e-07	3.9018e-01	6.0858e-01	1.2387e-03	1.1755e-36	1.1755e-36	1.1755e-36	3.4879e-18	0.00e+00	0.00e+00	9.1230e+00
6.21925e+17	6.7342e+03	2.068e-21	2.7826e+01	1.9751e+01	1.6433e-08	3.4632e-01	6.5368e-01	3.4267e-01	6.5703e-01	3.0822e-04	2.4107e-11	1.4226e-02	8.9396e-01	9.1813e-02	8.9341e-07	3.9840e-01	6.0042e-01	1.1784e-03	1.1755e-36	1.1755e-36	1.1755e-36	3.8656e-18	0.00e+00	0.00e+00	9.2964e+00
6.25201e+17	6.7114e+03	2.031e-21	2.7826e+01	1.9476e+01	1.8060e-08	3.5677e-01	6.4323e-01	3.4866e-01	6.5104e-01	3.0395e-04	2.6385e-11	1.4135e-02	8.9634e-01	8.9524e-02	8.3700e-07	4.0951e-01	5.8939e-01	1.1036e-03	1.1755e-36	1.1755e-36	1.1755e-36	4.4619e-18	0.00e+00	0.00e+00	9.5285e+00
6.29107e+17	6.6872e+03	1.985e-21	2.7826e+01	1.9136e+01	2.0153e-08	3.6938e-01	6.3062e-01	3.5566e-01	6.4404e-01	2.9936e-04	2.9349e-11	1.4008e-02	8.9907e-01	8.6926e-02	7.7537e-07	4.2285e-01	5.7613e-01	1.0205e-03	1.1755e-36	1.1755e-36	1.1755e-36	5.2909e-18	0.00e+00	0.00e+00	9.7952e+00
6.33140e+17	6.6640e+03	1.934e-21	2.7826e+01	1.8753e+01	2.2501e-08	3.8245e-01	6.1755e-01	3.6258e-01	6.3713e-01	2.9547e-04	3.2653e-11	1.3845e-02	9.0173e-01	8.4427e-02	7.1809e-07	4.3658e-01	5.6248e-01	9.4149e-04	1.1755e-36	1.1755e-36	1.1755e-36	6.2864e-18	0.00e+00	0.00e+00	1.0061e+01
6.37015e+17	6.6402e+03	1.883e-21	2.7826e+01	1.8372e+01	2.5049e-08	3.9530e-01	6.0470e-01	3.6929e-01	6.3042e-01	2.9198e-04	3.6209e-11	1.3672e-02	9.0425e-01	8.2074e-02	6.6691e-07	4.5001e-01	5.4912e-01	8.7038e-04	1.1755e-36	1.1755e-36	1.1755e-36	7.4400e-18	0.00e+00	0.00e+00	1.0324e+01
6.40775e+17	6.6162e+03	1.832e-21	2.7826e+01	1.7996e+01	2.7837e-08	4.0810e-01	5.9190e-01	3.7596e-01	6.2375e-01	2.8866e-04	4.0102e-11	1.3495e-02	9.0670e-01	7.9806e-02	6.2026e-07	4.6331e-01	5.3589e-01	8.0532e-04	1.1755e-36	1.1755e-36	1.1755e-36	8.7982e-18	0.00e+00	0.00e+00	1.0592e+01
6.44499e+17	6.5886e+03	1.780e-21	2.7826e+01	1.7601e+01	3.0993e-08	4.2096e-01	5.7904e-01	3.8261e-01	6.1711e-01	2.8552e-04	4.4379e-11	1.3299e-02	9.0908e-01	7.7622e-02	5.7744e-07	4.7659e-01	5.2267e-01	7.4524e-04	1.1755e-36	1.1755e-36	1.1755e-36	1.0409e-17	0.00e+00	0.00e+00	1.0867e+01
6.48188e+17	6.5542e+03	1.730e-21	2.7826e+01	1.7233e+01	3.4789e-08	4.3452e-01	5.6548e-01	3.8967e-01	6.1005e-01	2.8198e-04	4.9484e-11	1.3119e-02	9.1153e-01	7.5350e-02	5.3613e-07	4.9052e-01	5.0879e-01	6.8802e-04	1.1755e-36	1.1755e-36	1.1755e-36	1.2494e-17	0.00e+00	0.00e+00	1.1146e+01
6.51690e+17	6.5255e+03	1.680e-21	2.7826e+01	1.6856e+01	3.8612e-08	4.4720e-01	5.5280e-01	3.9601e-01	6.0371e-01	2.7939e-04	5.4635e-11	1.2919e-02	9.1373e-01	7.3356e-02	5.0089e-07	5.0345e-01	4.9591e-01	6.3815e-04	1.1755e-36	1.1755e-36	1.1755e-36	1.4772e-17	0.00e+00	0.00e+00	1.1409e+01
6.55057e+17	6.4952e+03	1.631e-21	2.7826e+01	1.6492e+01	4.2807e-08	4.5967e-01	5.4033e-01	4.0236e-01	5.9737e-01	2.7676e-04	6.0260e-11	1.2722e-02	9.1586e-01	7.1418e-02	4.6860e-07	5.1611e-01	4.8330e-01	5.9269e-04	1.1755e-36	1.1755e-36	1.1755e-36	1.7456e-17	0.00e+00	0.00e+00	1.1682e+01
6.58474e+17	6.4635e+03	1.581e-21	2.7826e+01	1.6106e+01	4.7534e-08	4.7231e-01	5.2769e-01	4.0877e-01	5.9095e-01	2.7426e-04	6.6518e-11	1.2506e-02	9.1797e-01	6.9524e-02	4.3830e-07	5.2887e-01	4.7058e-01	5.4976e-04	1.1755e-36	1.1755e-36	1.1755e-36	2.0685e-17	0.00e+00	0.00e+00	1.1969e+01
6.61936e+17	6.4241e+03	1.530e-21	2.7826e+01	1.5723e+01	5.3286e-08	4.8565e-01	5.1435e-01	4.1550e-01	5.8423e-01	2.7167e-04	7.3982e-11	1.2290e-02	9.2015e-01	6.7563e-02	4.0885e-07	5.4224e-01	4.5725e-01	5.0844e-04	1.1755e-36	1.1755e-36	1.1755e-36	2.4891e-17	0.00e+00	0.00e+00	1.2265e+01
6.65280e+17	6.3848e+03	1.482e-21	2.7826e+01	1.5359e+01	5.9609e-08	4.9881e-01	5.0119e-01	4.2212e-01	5.7761e-01	2.6911e-04	8.2260e-11	1.2080e-02	9.2223e-01	6.5691e-02	3.8213e-07	5.5538e-01	4.4415e-01	4.7088e-04	1.1755e-36	1.1755e-36	1.1755e-36	2.9981e-17	0.00e+00	0.00e+00	1.2547e+01
6.68404e+17	6.3540e+03	1.435e-21	2.7826e+01	1.4992e+01	6.5659e-08	5.1059e-01	4.8941e-01	4.2789e-01	5.7184e-01	2.6745e-04	9.0247e-11	1.1858e-02	9.2405e-01	6.4092e-02	3.5974e-07	5.6707e-01	4.3249e-01	4.3881e-04	1.1755e-36	1.1755e-36	1.1755e-36	3.5303e-17	0.00e+00	0.00e+00	1.2819e+01
6.71565e+17	6.3103e+03	1.388e-21	2.7826e+01	1.4631e+01	7.3410e-08	5.2315e-01	4.7685e-01	4.3432e-01	5.6542e-01	2.6518e-04	1.0012e-10	1.1642e-02	9.2600e-01	6.2356e-02	3.3729e-07	5.7945e-01	4.2014e-01	4.0755e-04	1.1755e-36	1.1755e-36	1.1755e-36	4.2492e-17	0.00e+00	0.00e+00	1.3121e+01
6.74769e+17	6.2663e+03	1.342e-21	2.7826e+01	1.4276e+01	8.2219e-08	5.3606e-01	4.6394e-01	4.4086e-01	5.5887e-01	2.6283e-04	1.1155e-10	1.1425e-02	9.2794e-01	6.0639e-02	3.1600e-07	5.9211e-01	4.0751e-01	3.7778e-04	1.1755e-36	1.1755e-36	1.1755e-36	5.1598e-17	0.00e+00	0.00e+00	1.3415e+01
6.77781e+17	6.2266e+03	1.298e-21	2.7826e+01	1.3925e+01	9.1190e-08	5.4790e-01	4.5210e-01	4.4670e-01	5.5304e-01	2.6126e-04	1.2316e-10	1.1203e-02	9.2968e-01	5.9121e-02	2.9772e-07	6.0366e-01	3.9598e-01	3.5198e-04	1.1755e-36	1.1755e-36	1.1755e-36	6.1741e-17	0.00e+00	0.00e+00	1.3695e+01
6.80714e+17	6.1908e+03	1.254e-21	2.7826e+01	1.3580e+01	1.0049e-07	5.5922e-01	4.4078e-01	4.5243e-01	5.4731e-01	2.5973e-04	1.3546e-10	1.0981e-02	9.3134e-01	5.7682e-02	2.8105e-07	6.1465e-01	3.8502e-01	3.2848e-04	1.1755e-36	1.1755e-36	1.1755e-36	7.3358e-17	0.00e+00	0.00e+00	1.3985e+01
6.83790e+17	6.1437e+03	1.210e-21	2.7826e+01	1.3223e+01	1.1241e-07	5.7143e-01	4.2857e-01	4.5870e-01	5.4104e-01	2.5797e-04	1.5087e-10	1.0751e-02	9.3312e-01	5.6128e-02	2.6411e-07	6.2643e-01	3.7327e-01	3.0507e-04	1.1755e-36	1.1755e-36	1.1755e-36	8.9378e-17	0.00e+00	0.00e+00	1.4306e+01
6.86894e+17	6.0970e+03	1.166e-21	2.7826e+01	1.2867e+01	1.2575e-07	5.8370e-01	4.1630e-01	4.6489e-01	5.3485e-01	2.5637e-04	1.6840e-10	1.0517e-02	9.3485e-01	5.4628e-02	2.4832e-07	6.3821e-01	3.6151e-01	2.8308e-04	1.1755e-36	1.1755e-36	1.1755e-36	1.0945e-16	0.00e+00	0.00e+00	1.4615e+01
6.89820e+17	6.0457e+03	1.125e-21	2.7826e+01	1.2532e+01	1.4086e-07	5.9541e-01	4.0459e-01	4.7092e-01	5.2883e-01	2.5467e-04	1.8799e-10	1.0297e-02	9.3649e-01	5.3212e-02	2.3415e-07	6.4940e-01	3.5034e-01	2.6360e-04	1.1755e-36	1.1755e-36	1.1755e-36	1.3430e-16	0.00e+00	0.00e+00	1.4912e+01
6.92564e+17	6.0043e+03	1.087e-21	2.7826e+01	1.2219e+01	1.5544e-07	6.0603e-01	3.9397e-01	4.7634e-01	5.2341e-01	2.5345e-04	2.0767e-10	1.0085e-02	9.3796e-01	5.1951e-02	2.2186e-07	6.5950e-01	3.4025e-01	2.4661e-04	1.1755e-36	1.1755e-36	1.1755e-36	1.6153e-16	0.00e+00	0.00e+00	1.5194e+01
6.95299e+17	5.9522e+03	1.050e-21	2.7826e+01	1.1907e+01	1.7350e-07	6.1683e-01	3.8317e-01	4.8213e-01	5.1761e-01	2.5184e-04	2.3146e-10	9.8753e-03	9.3948e-01	5.0649e-02	2.0992e-07	6.6971e-01	3.3006e-01	2.3052e-04	1.1755e-36	1.1755e-36	1.1755e-36	1.9787e-16	0.00e+00	0.00e+00	1.5500e+01
6.98066e+17	5.9013e+03	1.013e-21	2.7826e+01	1.1602e+01	1.9364e-07	6.2773e-01	3.7227e-01	4.8797e-01	5.1178e-01	2.5022e-04	2.5885e-10	9.6677e-03	9.4097e-01	4.9366e-02	1.9854e-07	6.7997e-01	3.1981e-01	2.1519e-04	1.1755e-36	1.1755e-36	1.1755e-36	2.4390e-16	0.00e+00	0.00e+00	1.5799e+01
7.00725e+17	5.8531e+03	9.779e-22	2.7826e+01	1.1303e+01	2.1480e-07	6.3788e-01	3.6212e-01	4.9338e-01	5.0637e-01	2.4900e-04	2.8798e-10	9.4609e-03	9.4235e-01	4.8191e-02	1.8842e-07	6.8949e-01	3.1031e-01	2.0153e-04	1.1755e-36	1.1755e-36	1.1755e-36	2.9792e-16	0.00e+00	0.00e+00	1.6091e+01
7.03352e+17	5.8086e+03	9.438e-22	2.7826e+01	1.1009e+01	2.3703e-07	6.4763e-01	3.5237e-01	4.9868e-01	5.0107e-01	2.4790e-04	3.1955e-10	9.2549e-03	9.4368e-01	4.7063e-02	1.7899e-07	6.9858e-01	3.0123e-01	1.8890e-04	1.1755e-36	1.1755e-36	1.1755e-36	3.6189e-16	0.00e+00	0.00e+00	1.6392e+01
7.06086e+17	5.7562e+03	9.091e-22	2.7826e+01	1.0708e+01	2.6445e-07	6.5783e-01	3.4217e-01	5.0436e-01	4.9539e-01	2.4663e-04	3.5863e-10	9.0430e-03	9.4508e-01	4.5878e-02	1.6956e-07	7.0806e-01	2.9177e-01	1.7647e-04	1.1755e-36	1.1755e-36	1.1755e-36	4.4942e-16	0.00e+00	0.00e+00	1.6719e+01
7.08858e+17	5.7031e+03	8.750e-22	2.7826e+01	1.0409e+01	2.9547e-07	6.6805e-01	3.3195e-01	5.1003e-01	4.8973e-01	2.4540e-04	4.0400e-10	8.8305e-03	9.4645e-01	4.4721e-02	1.6062e-07	7.1750e-01	2.8234e-01	1.6470e-04	1.1755e-36	1.1755e-36	1.1755e-36	5.6211e-16	0.00e+00	0.00e+00	1.7038e+01
7.11515e+17	5.6491e+03	8.433e-22	2.7826e+01	1.0126e+01	3.2973e-07	6.7774e-01	3.2226e-01	5.1552e-01	4.8424e-01	2.4415e-04	4.5497e-10	8.6287e-03	9.4774e-01	4.3629e-02	1.5251e-07	7.2643e-01	2.7342e-01	1.5413e-04	1.1755e-36	1.1755e-36	1.1755e-36	7.0283e-16	0.00e+00	0.00e+00	1.7347e+01
7.14059e+17	5.5885e+03	8.139e-22	2.7826e+01	9.8586e+00	3.7011e-07	6.8709e-01	3.1291e-01	5.2101e-01	4.7875e-01	2.4262e-04	5.1512e-10	8.4392e-03	9.4899e-01	4.2576e-02	1.4503e-07	7.3501e-01	2.6484e-01	1.4456e-04	1.1755e-36	1.1755e-36	1.1755e-36	8.8839e-16	0.00e+00	0.00e+00	1.7648e+01
7.16449e+17	5.5421e+03	7.868e-22	2.7826e+01	9.6119e+00	4.0736e-07	6.9541e-01	3.0459e-01	5.2580e-01	4.7395e-01	2.4169e-04	5.7389e-10	8.2594e-03	9.5009e-01	4.1652e-02	1.3856e-07	7.4261e-01	2.5726e-01	1.3622e-04	1.1755e-36	1.1755e-36	1.1755e-36	1.0877e-15	0.00e+00	0.00e+00	1.7927e+01
7.18843e+17	5.4835e+03	7.602e-22	2.7826e+01	9.3662e+00	4.5492e-07	7.0387e-01	2.9613e-01	5.3110e-01	4.6866e-01	2.4017e-04	6.4845e-10	8.0829e-03	9.5124e-01	4.0680e-02	1.3211e-07	7.5032e-01	2.4956e-01	1.2822e-04	1.1755e-36	1.1755e-36	1.1755e-36	1.3680e-15	0.00e+00	0.00e+00	1.8237e+01
7.21290e+17	5.4268e+03	7.341e-22	2.7826e+01	9.1249e+00	5.0759e-07	7.1239e-01	2.8761e-01	5.3638e-01	4.6338e-01	2.3870e-04	7.3456e-10	7.9073e-03	9.5237e-01	3.9726e-02	1.2595e-07	7.5804e-01	2.4184e-01	1.2052e-04	1.1755e-36	1.1755e-36	1.1755e-36	1.7276e-15	0.00e+00	0.00e+00	1.8536e+01
7.23639e+17	5.3788e+03	7.093e-22	2.7826e+01	8.8918e+00	5.5898e-07	7.2007e-01	2.7993e-01	5.4113e-01	4.5863e-01	2.3774e-04	8.2219e-10	7.7351e-03	9.5340e-01	3.8869e-02	1.1755e-36	7.6499e-01	2.3490e-01	1.1368e-04	1.1755e-36	1.1755e-36	1.1755e-36	2.1312e-15	0.00e+00	0.00e+00	1.8828e+01
7.26045e+17	5.3168e+03	6.846e-22	2.7826e+01	8.6550e+00	6.2698e-07	7.2810e-01	2.7190e-01	5.4642e-01	4.5334e-01	2.3625e-04	9.3784e-10	7.5621e-03	9.5448e-01	3.7956e-02	1.1755e-36	7.7222e-01	2.2768e-01	1.0699e-04	1.1755e-36	1.1755e-36	1.1755e-36	2.7256e-15	0.00e+00	0.00e+00	1.9148e+01
7.28455e+17	5.2578e+03	6.611e-22	2.7826e+01	8.4316e+00	7.0122e-07	7.3608e-01	2.6392e-01	5.5166e-01	4.4810e-01	2.3467e-04	1.0703e-09	7.3975e-03	9.5553e-01	3.7072e-02	1.1755e-36	7.7938e-01	2.2052e-01	1.0064e-04	1.1755e-36	1.1755e-36	1.1755e-36	3.4855e-15	0.00e+00	0.00e+00	1.9447e+01
7.30703e+17	5.2047e+03	6.395e-22	2.7826e+01	8.2196e+00	7.7572e-07	7.4311e-01	2.5689e-01	5.5631e-01	4.4346e-01	2.3357e-04	1.2072e-09	7.2394e-03	9.5647e-01	3.6292e-02	1.1755e-36	7.8567e-01	2.1424e-01	9.5171e-05	1.1755e-36	1.1755e-36	1.1755e-36	4.3589e-15	0.00e+00	0.00e+00	1.9733e+01
7.32932e+17	5.1519e+03	6.186e-22	2.7826e+01	8.0166e+00	8.5768e-07	7.4999e-01	2.5001e-01	5.6111e-01	4.3866e-01	2.3225e-04	1.3635e-09	7.0879e-03	9.5740e-01	3.5509e-02	1.1755e-36	7.9180e-01	2.0811e-01	8.9985e-05	1.1755e-36	1.1755e-36	1.1755e-36	5.4589e-15	0.00e+00	0.00e+00	2.0032e+01
7.35259e+17	5.0885e+03	5.975e-22	2.7826e+01	7.8058e+00	9.6252e-07	7.5718e-01	2.4282e-01	5.6629e-01	4.3348e-01	2.3058e-04	1.5662e-09	6.9323e-03	9.5837e-01	3.4697e-02	1.1755e-36	7.9820e-01	2.0172e-01	8.4858e-05	1.1755e-36	1.1755e-36	1.1755e-36	7.0551e-15	0.00e+00	0.00e+00	2.0349e+01
7.37541e+17	5.0322e+03	5.775e-22	2.7826e+01	7.6022e+00	1.0689e-06	7.6385e-01	2.3614e-01	5.7096e-01	4.2881e-01	2.2942e-04	1.7811e-09	6.7787e-03	9.5926e-01	3.3961e-02	1.1755e-36	8.0412e-01	1.9580e-01	8.0204e-05	1.1755e-36	1.1755e-36	1.1755e-36	8.9465e-15	0.00e+00	0.00e+00	2.0642e+01
7.39731e+17	4.9744e+03	5.589e-22	2.7826e+01	7.4139e+00	1.1877e-06	7.7027e-01	2.2973e-01	5.7575e-01	4.2402e-01	2.2789e-04	2.0050e-09	6.6379e-03	9.6015e-01	3.3207e-02	1.1755e-36	8.0979e-01	1.9013e-01	7.5919e-05	1.1755e-36	1.1755e-36	1.1755e-36	1.1139e-14	0.00e+00	0.00e+00	2.0939e+01
7.41926e+17	4.9191e+03	5.408e-22	2.7826e+01	7.2272e+00	1.3140e-06	7.7642e-01	2.2358e-01	5.8040e-01	4.1938e-01	2.2656e-04	2.2169e-09	6.4969e-03	9.6105e-01	3.2448e-02	1.1755e-36	8.1522e-01	1.8471e-01	7.1895e-05	1.1755e-36	1.1755e-36	1.1755e-36	1.3434e-14	0.00e+00	0.00e+00	2.1238e+01
7.44165e+17	4.8555e+03	5.229e-22	2.7826e+01	7.0439e+00	1.4710e-06	7.8281e-01	2.1718e-01	5.8550e-01	4.1427e-01	2.2465e-04	2.4743e-09	6.3607e-03	9.6199e-01	3.1646e-02	1.1755e-36	8.2084e-01	1.7909e-01	6.7943e-05	1.1755e-36	1.1755e-36	1.1755e-36	1.6494e-14	0.00e+00	0.00e+00	2.1552e+01
7.46375e+17	4.7940e+03	5.059e-22	2.7826e+01	6.8638e+00	1.6397e-06	7.8885e-01	2.1115e-01	5.9026e-01	4.0951e-01	2.2306e-04	2.7493e-09	6.2255e-03	9.6287e-01	3.0900e-02	1.1755e-36	8.2614e-01	1.7379e-01	6.4319e-05	1.1755e-36	1.1755e-36	1.1755e-36	2.0089e-14	0.00e+00	0.00e+00	2.1849e+01
7.48484e+17	4.7336e+03	4.902e-22	2.7826e+01	6.6956e+00	1.8210e-06	7.9449e-01	2.0551e-01	5.9489e-01	4.0489e-01	2.2142e-04	3.0419e-09	6.0995e-03	9.6371e-01	3.0191e-02	1.1755e-36	8.3108e-01	1.6886e-01	6.1041e-05	1.1755e-36	1.1755e-36	1.1755e-36	2.4270e-14	0.00e+00	0.00e+00	2.2139e+01
7.50568e+17	4.6688e+03	4.751e-22	2.7826e+01	6.5323e+00	2.0319e-06	8.0003e-01	1.9997e-01	5.9963e-01	4.0015e-01	2.1953e-04	3.3737e-09	5.9784e-03	9.6454e-01	2.9484e-02	1.1755e-36	8.3593e-01	1.6401e-01	5.7950e-05	1.1755e-36	1.1755e-36	1.1755e-36	2.9462e-14	0.00e+00	0.00e+00	2.2432e+01
7.52618e+17	4.6124e+03	4.607e-22	2.7826e+01	6.3757e+00	2.2382e-06	8.0518e-01	1.9482e-01	6.0402e-01	3.9576e-01	2.1801e-04	3.7058e-09	5.8598e-03	9.6531e-01	2.8830e-02	1.1755e-36	8.4041e-01	1.5953e-01	5.5104e-05	1.1755e-36	1.1755e-36	1.1755e-36	3.5089e-14	0.00e+00	0.00e+00	2.2717e+01
7.54715e+17	4.5446e+03	4.464e-22	2.7826e+01	6.2182e+00	2.5009e-06	8.1054e-01	1.8946e-01	6.0895e-01	3.9083e-01	2.1587e-04	4.1108e-09	5.7437e-03	9.6613e-01	2.8126e-02	1.1755e-36	8.4509e-01	1.5486e-01	5.2284e-05	1.1755e-36	1.1755e-36	1.1755e-36	4.2582e-14	0.00e+00	0.00e+00	2.3028e+01
7.56846e+17	4.4809e+03	4.324e-22	2.7826e+01	6.0621e+00	2.7743e-06	8.1574e-01	1.8426e-01	6.1363e-01	3.8615e-01	2.1402e-04	4.5354e-09	5.6268e-03	9.6691e-01	2.7459e-02	1.1755e-36	8.4960e-01	1.5035e-01	4.9612e-05	1.1755e-36	1.1755e-36	1.1755e-36	5.1129e-14	0.00e+00	0.00e+00	2.3326e+01
7.58939e+17	4.4165e+03	4.190e-22	2.7826e+01	5.9118e+00	3.0721e-06	8.2074e-01	1.7926e-01	6.1835e-01	3.8144e-01	2.1205e-04	4.9905e-09	5.5148e-03	9.6768e-01	2.6803e-02	1.1755e-36	8.5393e-01	1.4602e-01	4.7112e-05	1.1755e-36	1.1755e-36	1.1755e-36	6.1057e-14	0.00e+00	0.00e+00	2.3630e+01
7.61081e+17	4.3494e+03	4.057e-22	2.7826e+01	5.7614e+00	3.4051e-06	8.2575e-01	1.7425e-01	6.2322e-01	3.7657e-01	2.0994e-04	5.4917e-09	5.4031e-03	9.6846e-01	2.6140e-02	1.1755e-36	8.5826e-01	1.4169e-01	4.4682e-05	1.1755e-36	1.1755e-36	1.1755e-36	7.2884e-14	0.00e+00	0.00e+00	2.3945e+01
7.63281e+17	4.2798e+03	3.925e-22	2.7826e+01	5.6104e+00	3.7743e-06	8.3078e-01	1.6921e-01	6.2821e-01	3.7158e-01	2.0772e-04	6.0381e-09	5.2913e-03	9.6923e-01	2.5474e-02	1.1755e-36	8.6260e-01	1.3735e-01	4.2320e-05	1.1755e-36	1.1755e-36	1.1755e-36	8.6819e-14	0.00e+00	0.00e+00	2.4270e+01
7.65531e+17	4.2124e+03	3.794e-22	2.7826e+01	5.4565e+00	4.1521e-06	8.3560e-01	1.6439e-01	6.3303e-01	3.6676e-01	2.0581e-04	6.5916e-09	5.1755e-03	9.7000e-01	2.4829e-02	1.1755e-36	8.6676e-01	1.3320e-01	4.0072e-05	1.1755e-36	1.1755e-36	1.1755e-36	1.0195e-13	0.00e+00	0.00e+00	2.4604e+01
7.67917e+17	4.1352e+03	3.660e-22	2.7826e+01	5.2987e+00	4.6019e-06	8.4077e-01	1.5923e-01	6.3849e-01	3.6131e-01	2.0329e-04	7.2290e-09	5.0593e-03	9.7081e-01	2.4130e-02	1.1755e-36	8.7120e-01	1.2876e-01	3.7777e-05	1.1755e-36	1.1755e-36	1.1755e-36	1.2063e-13	0.00e+00	0.00e+00	2.4973e+01
7.70446e+17	4.0529e+03	3.524e-22	2.7826e+01	5.1397e+00	5.1036e-06	8.4624e-01	1.5376e-01	6.4434e-01	3.5546e-01	2.0041e-04	7.9281e-09	4.9439e-03	9.7165e-01	2.3404e-02	1.1755e-36	8.7589e-01	1.2407e-01	3.5459e-05	1.1755e-36	1.1755e-36	1.1755e-36	1.4254e-13	0.00e+00	0.00e+00	2.5353e+01
7.73025e+17	3.9705e+03	3.388e-22	2.7826e+01	4.9708e+00	5.6045e-06	8.5156e-01	1.4843e-01	6.4974e-01	3.5006e-01	1.9823e-04	8.5962e-09	4.8189e-03	9.7246e-01	2.2723e-02	1.1755e-36	8.8045e-01	1.1951e-01	3.3253e-05	1.1755e-36	1.1755e-36	1.1755e-36	1.6487e-13	0.00e+00	0.00e+00	2.5742e+01
