#depth	Te	Htot	hden	eden	2H_2/H	HI	HII	HeI	HeII	HeIII	CO/C	C1	C2	C3	C4	O1	O2	O3	O4	O5	O6	H2O/O	AV(point)	AV(extend)	Tau912
5.47207e+14	6.3463e+03	3.102e-22	1.0000e+01	1.0850e+01	1.4354e-14	1.2641e-03	9.9874e-01	9.2331e-03	9.8914e-01	1.6265e-03	1.2851e-18	4.9765e-05	1.4727e-01	8.5196e-01	7.2956e-04	4.9797e-04	4.4281e-01	5.5630e-01	3.9514e-04	1.1755e-36	1.1755e-36	8.1471e-27	0.00e+00	0.00e+00	8.7341e-05
3.28324e+15	6.3451e+03	3.101e-22	1.0000e+01	1.0850e+01	1.4363e-14	1.2639e-03	9.9874e-01	9.2333e-03	9.8914e-01	1.6250e-03	1.2842e-18	4.9729e-05	1.4727e-01	8.5195e-01	7.3122e-04	4.9780e-04	4.4274e-01	5.5637e-01	3.9375e-04	1.1755e-36	1.1755e-36	8.1387e-27	0.00e+00	0.00e+00	4.3665e-04
1.42274e+16	6.3425e+03	3.100e-22	1.0000e+01	1.0850e+01	1.4385e-14	1.2636e-03	9.9874e-01	9.2358e-03	9.8915e-01	1.6140e-03	1.2838e-18	4.9676e-05	1.4731e-01	8.5191e-01	7.3016e-04	4.9782e-04	4.4283e-01	5.5628e-01	3.8789e-04	1.1755e-36	1.1755e-36	8.1293e-27	0.00e+00	0.00e+00	1.8335e-03
5.80040e+16	6.3339e+03	3.096e-22	1.0000e+01	1.0849e+01	1.4487e-14	1.2637e-03	9.9874e-01	9.2516e-03	9.8919e-01	1.5576e-03	1.2875e-18	4.9652e-05	1.4753e-01	8.5169e-01	7.2449e-04	4.9887e-04	4.4349e-01	5.5564e-01	3.6520e-04	1.1755e-36	1.1755e-36	8.1326e-27	0.00e+00	0.00e+00	7.4213e-03
1.38553e+17	6.3103e+03	3.077e-22	1.0000e+01	1.0849e+01	1.4598e-14	1.2576e-03	9.9874e-01	9.2466e-03	9.8923e-01	1.5211e-03	1.2741e-18	4.9356e-05	1.4755e-01	8.5169e-01	7.1851e-04	4.9784e-04	4.4416e-01	5.5501e-01	3.3467e-04	1.1755e-36	1.1755e-36	7.9739e-27	0.00e+00	0.00e+00	1.4650e-02
2.43266e+17	6.2820e+03	3.059e-22	1.0000e+01	1.0849e+01	1.4777e-14	1.2525e-03	9.9875e-01	9.2539e-03	9.8932e-01	1.4294e-03	1.2645e-18	4.9217e-05	1.4772e-01	8.5152e-01	7.0794e-04	4.9786e-04	4.4530e-01	5.5391e-01	2.9772e-04	1.1755e-36	1.1755e-36	7.8258e-27	0.00e+00	0.00e+00	2.4010e-02
3.79394e+17	6.2503e+03	3.038e-22	1.0000e+01	1.0849e+01	1.5009e-14	1.2477e-03	9.9875e-01	9.2709e-03	9.8944e-01	1.2863e-03	1.2578e-18	4.9159e-05	1.4803e-01	8.5123e-01	6.9310e-04	4.9872e-04	4.4692e-01	5.5233e-01	2.5489e-04	1.1755e-36	1.1755e-36	7.6877e-27	0.00e+00	0.00e+00	3.6132e-02
5.56360e+17	6.2144e+03	3.015e-22	1.0000e+01	1.0849e+01	1.5288e-14	1.2433e-03	9.9876e-01	9.3005e-03	9.8960e-01	1.0950e-03	1.2531e-18	4.9180e-05	1.4852e-01	8.5076e-01	6.7390e-04	5.0068e-04	4.4921e-01	5.5008e-01	2.0754e-04	1.1755e-36	1.1755e-36	7.5428e-27	0.00e+00	0.00e+00	5.1834e-02
7.86416e+17	6.1736e+03	2.987e-22	1.0000e+01	1.0849e+01	1.5635e-14	1.2395e-03	9.9876e-01	9.3473e-03	9.8979e-01	8.6718e-04	1.2521e-18	4.9300e-05	1.4925e-01	8.5005e-01	6.5062e-04	5.0416e-04	4.5236e-01	5.4698e-01	1.5829e-04	1.1755e-36	1.1755e-36	7.3981e-27	0.00e+00	0.00e+00	7.2185e-02
1.08549e+18	6.1276e+03	2.956e-22	1.0000e+01	1.0849e+01	1.6107e-14	1.2368e-03	9.9876e-01	9.4181e-03	9.8996e-01	6.2595e-04	1.2595e-18	4.9557e-05	1.5032e-01	8.4900e-01	6.2409e-04	5.0972e-04	4.5662e-01	5.4276e-01	1.1093e-04	1.1755e-36	1.1755e-36	7.2950e-27	0.00e+00	0.00e+00	9.8584e-02
1.47428e+18	6.0763e+03	2.920e-22	1.0000e+01	1.0848e+01	1.6660e-14	1.2360e-03	9.9876e-01	9.5224e-03	9.9008e-01	4.0187e-04	1.2723e-18	5.0008e-05	1.5186e-01	8.4749e-01	5.9549e-04	5.1809e-04	4.6226e-01	5.3715e-01	6.9779e-05	1.1755e-36	1.1755e-36	7.1758e-27	0.00e+00	0.00e+00	1.3288e-01
1.97971e+18	6.0199e+03	2.880e-22	1.0000e+01	1.0848e+01	1.7420e-14	1.2381e-03	9.9876e-01	9.6754e-03	9.9010e-01	2.2310e-04	1.3019e-18	5.0749e-05	1.5407e-01	8.4531e-01	5.6572e-04	5.3030e-04	4.6962e-01	5.2981e-01	3.8288e-05	1.1755e-36	1.1755e-36	7.1397e-27	0.00e+00	0.00e+00	1.7754e-01
2.63678e+18	5.9596e+03	2.836e-22	1.0000e+01	1.0848e+01	1.8362e-14	1.2448e-03	9.9876e-01	9.9002e-03	9.9000e-01	1.0369e-04	1.3493e-18	5.1917e-05	1.5724e-01	8.4217e-01	5.3475e-04	5.4795e-04	4.7915e-01	5.2028e-01	1.7721e-05	1.1755e-36	1.1755e-36	7.1460e-27	0.00e+00	0.00e+00	2.3591e-01
3.49096e+18	5.8967e+03	2.789e-22	1.0000e+01	1.0847e+01	1.9607e-14	1.2589e-03	9.9874e-01	1.0235e-02	9.8973e-01	3.8907e-05	1.4294e-18	5.3703e-05	1.6181e-01	8.3763e-01	5.0131e-04	5.7353e-04	4.9159e-01	5.0783e-01	6.6581e-06	1.1755e-36	1.1755e-36	7.2724e-27	0.00e+00	0.00e+00	3.1266e-01
4.60139e+18	5.8433e+03	2.737e-22	1.0000e+01	1.0847e+01	2.1046e-14	1.2830e-03	9.9872e-01	1.0728e-02	9.8926e-01	1.1352e-05	1.5588e-18	5.6457e-05	1.6840e-01	8.3108e-01	4.6393e-04	6.1034e-04	5.0783e-01	4.9156e-01	1.9517e-06	1.1755e-36	1.1755e-36	7.5794e-27	0.00e+00	0.00e+00	4.1434e-01
6.04496e+18	5.7968e+03	2.684e-22	1.0000e+01	1.0845e+01	2.2993e-14	1.3250e-03	9.9867e-01	1.1489e-02	9.8851e-01	2.4904e-06	1.7818e-18	6.0822e-05	1.7827e-01	8.2125e-01	4.1975e-04	6.6614e-04	5.2981e-01	4.6953e-01	4.3059e-07	1.1755e-36	1.1755e-36	8.2225e-27	0.00e+00	0.00e+00	5.5084e-01
7.92159e+18	5.7690e+03	2.632e-22	1.0000e+01	1.0843e+01	2.5676e-14	1.3959e-03	9.9860e-01	1.2732e-02	9.8727e-01	4.0815e-07	2.1921e-18	6.7879e-05	1.9358e-01	8.0599e-01	3.6693e-04	7.5366e-04	5.6008e-01	4.3917e-01	1.1755e-36	1.1755e-36	1.1755e-36	9.5530e-27	0.00e+00	0.00e+00	7.3781e-01
9.94560e+18	5.7773e+03	2.578e-22	1.0000e+01	1.0840e+01	2.7747e-14	1.4770e-03	9.9852e-01	1.4353e-02	9.8565e-01	6.7598e-08	2.7220e-18	7.6716e-05	2.1248e-01	7.8713e-01	3.1676e-04	8.5863e-04	5.9347e-01	4.0567e-01	1.1755e-36	1.1755e-36	1.1755e-36	1.1123e-26	0.00e+00	0.00e+00	9.1746e-01
1.17082e+19	5.8157e+03	2.545e-22	1.0000e+01	1.0838e+01	2.9542e-14	1.5673e-03	9.9843e-01	1.6276e-02	9.8372e-01	1.7514e-08	3.4123e-18	8.6688e-05	2.3318e-01	7.6646e-01	2.7576e-04	9.7308e-04	6.2550e-01	3.7353e-01	1.1755e-36	1.1755e-36	1.1755e-36	1.3270e-26	0.00e+00	0.00e+00	1.0756e+00
1.32278e+19	5.8760e+03	2.526e-22	1.0000e+01	1.0835e+01	3.1197e-14	1.6658e-03	9.9833e-01	1.8511e-02	9.8149e-01	6.2454e-09	4.3196e-18	9.7932e-05	2.5567e-01	7.4400e-01	2.4141e-04	1.0971e-03	6.5608e-01	3.4282e-01	1.1755e-36	1.1755e-36	1.1755e-36	1.6203e-26	0.00e+00	0.00e+00	1.2272e+00
1.46438e+19	5.9489e+03	2.515e-22	1.0000e+01	1.0831e+01	3.3115e-14	1.7774e-03	9.9822e-01	2.1283e-02	9.7872e-01	2.5868e-09	5.5802e-18	1.1105e-04	2.8135e-01	7.1833e-01	2.0997e-04	1.2391e-03	6.8721e-01	3.1155e-01	1.1755e-36	1.1755e-36	1.1755e-36	2.0382e-26	0.00e+00	0.00e+00	1.3833e+00
1.60009e+19	6.0311e+03	2.510e-22	1.0000e+01	1.0826e+01	3.5183e-14	1.9044e-03	9.9810e-01	2.4902e-02	9.7510e-01	1.1795e-09	7.3172e-18	1.2678e-04	3.1159e-01	6.8811e-01	1.8034e-04	1.4044e-03	7.1952e-01	2.7907e-01	1.1755e-36	1.1755e-36	1.1755e-36	2.5978e-26	0.00e+00	0.00e+00	1.5424e+00
1.72628e+19	6.1168e+03	2.511e-22	1.0000e+01	1.0820e+01	3.7585e-14	2.0440e-03	9.9796e-01	2.9606e-02	9.7039e-01	5.9446e-10	9.6934e-18	1.4514e-04	3.4634e-01	6.5337e-01	1.5303e-04	1.5908e-03	7.5204e-01	2.4637e-01	1.1755e-36	1.1755e-36	1.1755e-36	3.3511e-26	0.00e+00	0.00e+00	1.6974e+00
1.83974e+19	6.1947e+03	2.517e-22	1.0000e+01	1.0813e+01	4.0542e-14	2.1939e-03	9.9781e-01	3.5668e-02	9.6433e-01	3.3084e-10	1.2844e-17	1.6592e-04	3.8507e-01	6.1463e-01	1.2836e-04	1.7950e-03	7.8363e-01	2.1458e-01	1.1755e-36	1.1755e-36	1.1755e-36	4.3228e-26	0.00e+00	0.00e+00	1.8453e+00
1.94103e+19	6.2787e+03	2.524e-22	1.0000e+01	1.0805e+01	4.3415e-14	2.3480e-03	9.9765e-01	4.3590e-02	9.5641e-01	2.0026e-10	1.6900e-17	1.8884e-04	4.2732e-01	5.7239e-01	1.0645e-04	2.0112e-03	8.1365e-01	1.8434e-01	1.1755e-36	1.1755e-36	1.1755e-36	5.5444e-26	0.00e+00	0.00e+00	1.9873e+00
2.02126e+19	6.3511e+03	2.533e-22	1.0000e+01	1.0797e+01	4.5903e-14	2.4853e-03	9.9751e-01	5.2915e-02	9.4708e-01	1.3774e-10	2.1302e-17	2.1102e-04	4.6785e-01	5.3185e-01	8.9243e-05	2.2097e-03	8.3907e-01	1.5872e-01	1.1755e-36	1.1755e-36	1.1755e-36	6.8103e-26	0.00e+00	0.00e+00	2.0888e+00
2.07627e+19	6.3879e+03	2.543e-22	1.0000e+01	1.0786e+01	4.8597e-14	2.5944e-03	9.9741e-01	6.1818e-02	9.3818e-01	1.0648e-10	2.5318e-17	2.2881e-04	5.0049e-01	4.9920e-01	7.7104e-05	2.3683e-03	8.5761e-01	1.4002e-01	1.1755e-36	1.1755e-36	1.1755e-36	7.9182e-26	0.00e+00	0.00e+00	2.1631e+00
2.11917e+19	6.4304e+03	2.548e-22	1.0000e+01	1.0778e+01	5.0420e-14	2.6839e-03	9.9732e-01	7.1061e-02	9.2894e-01	8.6946e-11	2.9165e-17	2.4442e-04	5.2858e-01	4.7110e-01	6.7719e-05	2.5016e-03	8.7238e-01	1.2512e-01	1.1755e-36	1.1755e-36	1.1755e-36	8.9819e-26	0.00e+00	0.00e+00	2.2316e+00
2.16567e+19	6.4659e+03	2.555e-22	1.0000e+01	1.0767e+01	5.3400e-14	2.7939e-03	9.9721e-01	8.4260e-02	9.1574e-01	6.8824e-11	3.4407e-17	2.6311e-04	5.6193e-01	4.3775e-01	5.7428e-05	2.6641e-03	8.8871e-01	1.0863e-01	1.1755e-36	1.1755e-36	1.1755e-36	1.0428e-25	0.00e+00	0.00e+00	2.3243e+00
2.21317e+19	6.5086e+03	2.563e-22	1.0000e+01	1.0751e+01	5.6257e-14	2.9096e-03	9.9709e-01	1.0309e-01	8.9691e-01	5.4789e-11	4.0730e-17	2.8375e-04	5.9904e-01	4.0063e-01	4.7504e-05	2.8400e-03	9.0589e-01	9.1271e-02	1.1755e-36	1.1755e-36	1.1755e-36	1.2109e-25	0.00e+00	0.00e+00	2.4023e+00
2.24864e+19	6.5353e+03	2.569e-22	1.0000e+01	1.0731e+01	5.8816e-14	3.0024e-03	9.9700e-01	1.2335e-01	8.7665e-01	4.5971e-11	4.6404e-17	3.0070e-04	6.2984e-01	3.6982e-01	4.0142e-05	2.9835e-03	9.1938e-01	7.7633e-02	1.1755e-36	1.1755e-36	1.1755e-36	1.3533e-25	0.00e+00	0.00e+00	2.4564e+00
2.27376e+19	6.5568e+03	2.572e-22	1.0000e+01	1.0714e+01	6.0670e-14	3.0710e-03	9.9693e-01	1.4276e-01	8.5724e-01	4.0320e-11	5.1064e-17	3.1359e-04	6.5299e-01	3.4666e-01	3.5003e-05	3.0912e-03	9.2917e-01	6.7737e-02	1.1755e-36	1.1755e-36	1.1755e-36	1.4681e-25	0.00e+00	0.00e+00	2.4985e+00
2.29500e+19	6.5735e+03	2.573e-22	1.0000e+01	1.0696e+01	6.2491e-14	3.1318e-03	9.9687e-01	1.6365e-01	8.3635e-01	3.5729e-11	5.5529e-17	3.2475e-04	6.7316e-01	3.2648e-01	3.0746e-05	3.1868e-03	9.3748e-01	5.9336e-02	1.1755e-36	1.1755e-36	1.1755e-36	1.5777e-25	0.00e+00	0.00e+00	2.5395e+00
2.31884e+19	6.5788e+03	2.576e-22	1.0000e+01	1.0671e+01	6.5664e-14	3.2084e-03	9.9679e-01	1.9404e-01	8.0596e-01	3.0704e-11	6.1440e-17	3.3775e-04	6.9635e-01	3.0328e-01	2.6048e-05	3.3044e-03	9.4674e-01	4.9958e-02	1.1755e-36	1.1755e-36	1.1755e-36	1.7234e-25	0.00e+00	0.00e+00	2.5941e+00
2.34321e+19	6.5990e+03	2.571e-22	1.0000e+01	1.0631e+01	6.7759e-14	3.2782e-03	9.9672e-01	2.3538e-01	7.6462e-01	2.5896e-11	6.7503e-17	3.5015e-04	7.1966e-01	2.7997e-01	2.1714e-05	3.4174e-03	9.5613e-01	4.0453e-02	1.1755e-36	1.1755e-36	1.1755e-36	1.8598e-25	0.00e+00	0.00e+00	2.6392e+00
2.36176e+19	6.6198e+03	2.565e-22	1.0000e+01	1.0604e+01	6.9337e-14	3.3327e-03	9.9667e-01	2.7925e-01	7.2075e-01	2.2613e-11	7.2996e-17	3.6001e-04	7.3773e-01	2.6189e-01	1.8524e-05	3.5064e-03	9.6335e-01	3.3145e-02	1.1755e-36	1.1755e-36	1.1755e-36	1.9881e-25	0.00e+00	0.00e+00	2.6714e+00
2.37559e+19	6.6220e+03	2.555e-22	1.0000e+01	1.0558e+01	7.1039e-14	3.3724e-03	9.9663e-01	3.2038e-01	6.7962e-01	1.9823e-11	7.6982e-17	3.6634e-04	7.5076e-01	2.4886e-01	1.6254e-05	3.5718e-03	9.6854e-01	2.7893e-02	1.1755e-36	1.1755e-36	1.1755e-36	2.0619e-25	0.00e+00	0.00e+00	2.6977e+00
2.38977e+19	6.6242e+03	2.545e-22	1.0000e+01	1.0519e+01	7.3254e-14	3.4182e-03	9.9658e-01	3.7215e-01	6.2785e-01	1.7042e-11	8.1972e-17	3.7308e-04	7.6365e-01	2.3596e-01	1.3985e-05	3.6437e-03	9.7355e-01	2.2809e-02	1.1755e-36	1.1755e-36	1.1755e-36	2.1673e-25	0.00e+00	0.00e+00	2.7323e+00
2.40523e+19	6.6225e+03	2.528e-22	1.0000e+01	1.0464e+01	7.5892e-14	3.4665e-03	9.9653e-01	4.4081e-01	5.5919e-01	1.3972e-11	8.7602e-17	3.7930e-04	7.7647e-01	2.2314e-01	1.1760e-05	3.7193e-03	9.7856e-01	1.7717e-02	1.1755e-36	1.1755e-36	1.1755e-36	2.2768e-25	0.00e+00	0.00e+00	2.7649e+00
2.41872e+19	6.6144e+03	2.512e-22	1.0000e+01	1.0413e+01	7.8943e-14	3.5116e-03	9.9649e-01	5.1393e-01	4.8607e-01	1.1321e-11	9.3271e-17	3.8433e-04	7.8675e-01	2.1286e-01	9.9461e-06	3.7873e-03	9.8253e-01	1.3686e-02	1.1755e-36	1.1755e-36	1.1755e-36	2.3885e-25	0.00e+00	0.00e+00	2.7917e+00
2.43024e+19	6.6050e+03	2.491e-22	1.0000e+01	1.0354e+01	8.1675e-14	3.5474e-03	9.9645e-01	5.8420e-01	4.1580e-01	9.0797e-12	9.8107e-17	3.8746e-04	7.9431e-01	2.0529e-01	8.5263e-06	3.8411e-03	9.8546e-01	1.0694e-02	1.1755e-36	1.1755e-36	1.1755e-36	2.4737e-25	0.00e+00	0.00e+00	2.8162e+00
2.44283e+19	6.5897e+03	2.466e-22	1.0000e+01	1.0288e+01	8.5256e-14	3.5900e-03	9.9641e-01	6.6473e-01	3.3527e-01	6.7995e-12	1.0376e-16	3.9031e-04	8.0131e-01	1.9829e-01	7.0931e-06	3.9018e-03	9.8811e-01	7.9913e-03	1.1755e-36	1.1755e-36	1.1755e-36	2.5740e-25	0.00e+00	0.00e+00	2.8485e+00
2.45919e+19	6.5688e+03	2.431e-22	1.0000e+01	1.0193e+01	8.9965e-14	3.6439e-03	9.9636e-01	7.6443e-01	2.3557e-01	4.3316e-12	1.1063e-16	3.9245e-04	8.0809e-01	1.9151e-01	5.5109e-06	3.9762e-03	9.9069e-01	5.3330e-03	1.1755e-36	1.1755e-36	1.1755e-36	2.6869e-25	0.00e+00	0.00e+00	2.8910e+00
2.48045e+19	6.5479e+03	2.391e-22	1.0000e+01	1.0087e+01	9.6228e-14	3.7191e-03	9.9628e-01	8.6789e-01	1.3211e-01	2.1331e-12	1.1937e-16	3.9438e-04	8.1395e-01	1.8565e-01	3.8682e-06	4.0744e-03	9.9287e-01	3.0547e-03	1.1755e-36	1.1755e-36	1.1755e-36	2.8572e-25	0.00e+00	0.00e+00	2.9475e+00
2.50810e+19	6.5196e+03	2.376e-22	1.0000e+01	1.0031e+01	1.0682e-13	3.8511e-03	9.9615e-01	9.4560e-01	5.4397e-02	7.6844e-13	1.3245e-16	3.9880e-04	8.1924e-01	1.8036e-01	2.3406e-06	4.2351e-03	9.9432e-01	1.4489e-03	1.1755e-36	1.1755e-36	1.1755e-36	3.2123e-25	0.00e+00	0.00e+00	3.0235e+00
2.54404e+19	6.5234e+03	2.374e-22	1.0000e+01	9.9849e+00	1.1721e-13	4.0257e-03	9.9597e-01	9.8345e-01	1.6547e-02	1.9706e-13	1.4709e-16	4.0351e-04	8.2322e-01	1.7637e-01	1.1995e-06	4.4447e-03	9.9500e-01	5.5422e-04	1.1755e-36	1.1755e-36	1.1755e-36	3.6853e-25	0.00e+00	0.00e+00	3.1268e+00
2.59077e+19	6.5454e+03	2.395e-22	1.0000e+01	9.9669e+00	1.3157e-13	4.2834e-03	9.9572e-01	9.9607e-01	3.9277e-03	3.7919e-14	1.6877e-16	4.1078e-04	8.2751e-01	1.7208e-01	5.0203e-07	4.7509e-03	9.9508e-01	1.6728e-04	1.1755e-36	1.1755e-36	1.1755e-36	4.5021e-25	0.00e+00	0.00e+00	3.2696e+00
2.65151e+19	6.5841e+03	2.435e-22	1.0000e+01	9.9637e+00	1.5487e-13	4.6704e-03	9.9533e-01	9.9924e-01	7.5624e-04	5.6174e-15	2.0572e-16	4.2106e-04	8.3297e-01	1.6661e-01	1.6365e-07	5.2101e-03	9.9475e-01	3.8778e-05	1.1755e-36	1.1755e-36	1.1755e-36	6.0880e-25	0.00e+00	0.00e+00	3.4721e+00
2.73048e+19	6.6389e+03	2.493e-22	1.0000e+01	9.9583e+00	1.9332e-13	5.2739e-03	9.9473e-01	9.9988e-01	1.1820e-04	6.3267e-16	2.6927e-16	4.3470e-04	8.4031e-01	1.5925e-01	1.1755e-36	5.9290e-03	9.9406e-01	6.6961e-06	1.1755e-36	1.1755e-36	1.1755e-36	9.1570e-25	0.00e+00	0.00e+00	3.7694e+00
2.83313e+19	6.7199e+03	2.578e-22	1.0000e+01	9.9488e+00	2.6398e-13	6.2865e-03	9.9371e-01	9.9999e-01	1.4570e-05	5.1777e-17	3.9386e-16	4.5300e-04	8.5052e-01	1.4903e-01	1.1755e-36	7.1428e-03	9.9286e-01	8.2512e-07	1.1755e-36	1.1755e-36	1.1755e-36	1.6237e-24	0.00e+00	0.00e+00	4.2301e+00
2.93106e+19	6.7977e+03	2.686e-22	1.0000e+01	9.9373e+00	3.8054e-13	7.7031e-03	9.9230e-01	1.0000e+00	2.2316e-06	5.5784e-18	6.0503e-16	4.7180e-04	8.6122e-01	1.3831e-01	1.1755e-36	8.8492e-03	9.9115e-01	1.1174e-07	1.1755e-36	1.1755e-36	1.1755e-36	3.0952e-24	0.00e+00	0.00e+00	4.6183e+00
2.99451e+19	6.8562e+03	2.768e-22	1.0000e+01	9.9238e+00	5.0590e-13	9.0219e-03	9.9098e-01	1.0000e+00	8.1949e-07	1.6528e-18	8.4329e-16	4.8476e-04	8.6913e-01	1.3039e-01	1.1755e-36	1.0447e-02	9.8955e-01	3.3287e-08	1.1755e-36	1.1755e-36	1.1755e-36	5.0920e-24	0.00e+00	0.00e+00	4.8865e+00
3.03663e+19	6.8919e+03	2.827e-22	1.0000e+01	9.9102e+00	6.2810e-13	1.0139e-02	9.8986e-01	1.0000e+00	4.7131e-07	8.2166e-19	1.0787e-15	4.9355e-04	8.7494e-01	1.2457e-01	1.1755e-36	1.1805e-02	9.8819e-01	1.5205e-08	1.1755e-36	1.1755e-36	1.1755e-36	7.3535e-24	0.00e+00	0.00e+00	5.1244e+00
3.07937e+19	6.9205e+03	2.889e-22	1.0000e+01	9.8963e+00	8.0361e-13	1.1528e-02	9.8847e-01	1.0000e+00	2.9425e-07	4.3782e-19	1.4173e-15	5.0297e-04	8.8145e-01	1.1804e-01	1.1755e-36	1.3498e-02	9.8650e-01	6.7521e-09	1.1755e-36	1.1755e-36	1.1755e-36	1.1033e-23	0.00e+00	0.00e+00	5.4761e+00
3.12546e+19	6.9504e+03	2.965e-22	1.0000e+01	9.8799e+00	1.0833e-12	1.3458e-02	9.8654e-01	1.0000e+00	1.9605e-07	2.4862e-19	1.9644e-15	5.1336e-04	8.8887e-01	1.1061e-01	1.1755e-36	1.5858e-02	9.8414e-01	2.8490e-09	1.1755e-36	1.1755e-36	1.1755e-36	1.7926e-23	0.00e+00	0.00e+00	5.8488e+00
3.16435e+19	6.9729e+03	3.037e-22	1.0000e+01	9.8588e+00	1.4531e-12	1.5640e-02	9.8436e-01	1.0000e+00	1.4945e-07	1.6648e-19	2.6921e-15	5.2225e-04	8.9575e-01	1.0372e-01	1.1755e-36	1.8530e-02	9.8147e-01	1.3767e-09	1.1755e-36	1.1755e-36	1.1755e-36	2.8625e-23	0.00e+00	0.00e+00	6.1837e+00
3.19570e+19	6.9865e+03	3.098e-22	1.0000e+01	9.8324e+00	1.9054e-12	1.7925e-02	9.8207e-01	1.0000e+00	1.2423e-07	1.2464e-19	3.5810e-15	5.2931e-04	9.0182e-01	9.7648e-02	1.1755e-36	2.1333e-02	9.7867e-01	7.5867e-10	1.1755e-36	1.1755e-36	1.1755e-36	4.3687e-23	0.00e+00	0.00e+00	6.5096e+00
3.22881e+19	6.9998e+03	3.163e-22	1.0000e+01	9.8009e+00	2.6200e-12	2.1012e-02	9.7899e-01	1.0000e+00	1.0495e-07	9.3668e-20	5.0017e-15	5.3695e-04	9.0886e-01	9.0606e-02	1.1755e-36	2.5126e-02	9.7487e-01	3.9236e-10	1.1755e-36	1.1755e-36	1.1755e-36	7.1666e-23	0.00e+00	0.00e+00	7.0061e+00
3.26479e+19	6.9902e+03	3.245e-22	1.0000e+01	9.7545e+00	3.9787e-12	2.5669e-02	9.7433e-01	1.0000e+00	8.5530e-08	6.7660e-20	7.5948e-15	5.4528e-04	9.1715e-01	8.2304e-02	1.1755e-36	3.0851e-02	9.6915e-01	1.9104e-10	1.1755e-36	1.1755e-36	1.1755e-36	1.3281e-22	0.00e+00	0.00e+00	7.5659e+00
3.29621e+19	6.9788e+03	3.320e-22	1.0000e+01	9.7046e+00	6.1626e-12	3.1648e-02	9.6835e-01	1.0000e+00	7.1460e-08	5.1044e-20	1.1750e-14	5.5261e-04	9.2530e-01	7.4151e-02	1.1755e-36	3.8200e-02	9.6180e-01	9.9479e-11	1.1755e-36	1.1755e-36	1.1755e-36	2.5340e-22	0.00e+00	0.00e+00	8.1315e+00
3.32156e+19	6.9641e+03	3.372e-22	1.0000e+01	9.6251e+00	9.3592e-12	3.8593e-02	9.6141e-01	1.0000e+00	6.0934e-08	4.0260e-20	1.7716e-14	5.5674e-04	9.3247e-01	6.6973e-02	1.1755e-36	4.6729e-02	9.5327e-01	5.7252e-11	1.1755e-36	1.1755e-36	1.1755e-36	4.6525e-22	0.00e+00	0.00e+00	8.6773e+00
3.34242e+19	6.9420e+03	3.415e-22	1.0000e+01	9.5554e+00	1.4103e-11	4.6762e-02	9.5324e-01	1.0000e+00	5.2869e-08	3.2717e-20	2.6395e-14	5.6030e-04	9.3907e-01	6.0365e-02	1.1755e-36	5.6738e-02	9.4326e-01	3.5193e-11	1.1755e-36	1.1755e-36	1.1755e-36	8.4038e-22	0.00e+00	0.00e+00	9.2480e+00
3.36111e+19	6.9161e+03	3.438e-22	1.0000e+01	9.4582e+00	2.1576e-11	5.6976e-02	9.4302e-01	1.0000e+00	4.5715e-08	2.6739e-20	3.9730e-14	5.6168e-04	9.4543e-01	5.4011e-02	1.1755e-36	6.9215e-02	9.3078e-01	2.2037e-11	1.1755e-36	1.1755e-36	1.1755e-36	1.5423e-21	0.00e+00	0.00e+00	9.8972e+00
3.37834e+19	6.8861e+03	3.436e-22	1.0000e+01	9.3181e+00	3.4041e-11	7.0316e-02	9.2968e-01	1.0000e+00	3.8927e-08	2.1725e-20	6.1281e-14	5.6011e-04	9.5166e-01	4.7778e-02	1.1755e-36	8.5438e-02	9.1456e-01	1.3836e-11	1.1755e-36	1.1755e-36	1.1755e-36	2.9380e-21	0.00e+00	0.00e+00	1.0626e+01
3.39354e+19	6.8489e+03	3.407e-22	1.0000e+01	9.1479e+00	5.5059e-11	8.7529e-02	9.1247e-01	1.0000e+00	3.2853e-08	1.7671e-20	9.6215e-14	5.5617e-04	9.5763e-01	4.1817e-02	1.1755e-36	1.0623e-01	8.9377e-01	8.8151e-12	1.1755e-36	1.1755e-36	1.1755e-36	5.7592e-21	0.00e+00	0.00e+00	1.1400e+01
3.40618e+19	6.8067e+03	3.342e-22	1.0000e+01	8.9301e+00	8.8477e-11	1.0827e-01	8.9173e-01	1.0000e+00	2.7758e-08	1.4594e-20	1.4883e-13	5.4843e-04	9.6290e-01	3.6549e-02	1.1755e-36	1.3107e-01	8.6893e-01	5.8216e-12	1.1755e-36	1.1755e-36	1.1755e-36	1.1058e-20	0.00e+00	0.00e+00	1.2170e+01
3.41635e+19	6.7558e+03	3.250e-22	1.0000e+01	8.6905e+00	1.3939e-10	1.3204e-01	8.6796e-01	1.0000e+00	2.3724e-08	1.2318e-20	2.2378e-13	5.3841e-04	9.6744e-01	3.2022e-02	1.1755e-36	1.5926e-01	8.4074e-01	4.0074e-12	1.1755e-36	1.1755e-36	1.1755e-36	2.0391e-20	0.00e+00	0.00e+00	1.2927e+01
3.42469e+19	6.6948e+03	3.132e-22	1.0000e+01	8.4229e+00	2.1560e-10	1.5876e-01	8.4124e-01	1.0000e+00	2.0477e-08	1.0593e-20	3.2684e-13	5.2595e-04	9.7134e-01	2.8135e-02	1.1755e-36	1.9057e-01	8.0943e-01	2.8487e-12	1.1755e-36	1.1755e-36	1.1755e-36	3.6064e-20	0.00e+00	0.00e+00	1.3689e+01
3.43182e+19	6.6196e+03	2.987e-22	1.0000e+01	8.1178e+00	3.3221e-10	1.8916e-01	8.1084e-01	1.0000e+00	1.7706e-08	9.1988e-21	4.6858e-13	5.1071e-04	9.7478e-01	2.4707e-02	1.1755e-36	2.2571e-01	7.7429e-01	2.0607e-12	1.1755e-36	1.1755e-36	1.1755e-36	6.2124e-20	0.00e+00	0.00e+00	1.4484e+01
3.43812e+19	6.5253e+03	2.812e-22	1.0000e+01	7.7677e+00	5.1647e-10	2.2414e-01	7.7586e-01	1.0000e+00	1.5287e-08	8.0389e-21	6.6463e-13	4.9237e-04	9.7789e-01	2.1618e-02	1.1755e-36	2.6555e-01	7.3445e-01	1.5022e-12	1.1755e-36	1.1755e-36	1.1755e-36	1.0551e-19	0.00e+00	0.00e+00	1.5323e+01
3.44370e+19	6.4077e+03	2.610e-22	1.0000e+01	7.3705e+00	8.1215e-10	2.6383e-01	7.3617e-01	1.0000e+00	1.3172e-08	7.0694e-21	9.3055e-13	4.7082e-04	9.8068e-01	1.8850e-02	1.1755e-36	3.0999e-01	6.9001e-01	1.1027e-12	1.1755e-36	1.1755e-36	1.1755e-36	1.7613e-19	0.00e+00	0.00e+00	1.6195e+01
3.44826e+19	6.2767e+03	2.405e-22	1.0000e+01	6.9662e+00	1.2441e-09	3.0424e-01	6.9576e-01	1.0000e+00	1.1370e-08	6.2668e-21	1.2499e-12	4.4827e-04	9.8296e-01	1.6594e-02	1.1755e-36	3.5439e-01	6.4561e-01	8.3724e-13	1.1755e-36	1.1755e-36	1.1755e-36	2.7692e-19	0.00e+00	0.00e+00	1.6941e+01
3.45154e+19	6.1549e+03	2.233e-22	1.0000e+01	6.6221e+00	1.7593e-09	3.3863e-01	6.6137e-01	1.0000e+00	1.0195e-08	5.7684e-21	1.5619e-12	4.2875e-04	9.8459e-01	1.4980e-02	1.1755e-36	3.9154e-01	6.0846e-01	6.7652e-13	1.1755e-36	1.1755e-36	1.1755e-36	3.9091e-19	0.00e+00	0.00e+00	1.7514e+01
3.45391e+19	6.0478e+03	2.097e-22	1.0000e+01	6.3448e+00	2.3152e-09	3.6636e-01	6.3364e-01	1.0000e+00	9.4682e-09	5.4803e-21	1.8420e-12	4.1285e-04	9.8576e-01	1.3825e-02	1.1755e-36	4.2109e-01	5.7891e-01	5.7505e-13	1.1755e-36	1.1755e-36	1.1755e-36	5.0591e-19	0.00e+00	0.00e+00	1.7991e+01
3.45588e+19	5.9433e+03	1.975e-22	1.0000e+01	6.0938e+00	2.9647e-09	3.9142e-01	6.0858e-01	1.0000e+00	8.8722e-09	5.2472e-21	2.1180e-12	3.9838e-04	9.8673e-01	1.2873e-02	1.1755e-36	4.4747e-01	5.5253e-01	4.9914e-13	1.1755e-36	1.1755e-36	1.1755e-36	6.3105e-19	0.00e+00	0.00e+00	1.8457e+01
3.45774e+19	5.8305e+03	1.855e-22	1.0000e+01	5.8403e+00	3.8074e-09	4.1668e-01	5.8332e-01	1.0000e+00	8.2736e-09	5.0064e-21	2.4205e-12	3.8369e-04	9.8763e-01	1.1989e-02	1.1755e-36	4.7377e-01	5.2623e-01	4.3472e-13	1.1755e-36	1.1755e-36	1.1755e-36	7.8216e-19	0.00e+00	0.00e+00	1.8939e+01
3.45950e+19	5.7102e+03	1.736e-22	1.0000e+01	5.5855e+00	4.9041e-09	4.4205e-01	5.5795e-01	1.0000e+00	7.6829e-09	4.7634e-21	2.7513e-12	3.6884e-04	9.8846e-01	1.1172e-02	1.1755e-36	4.9989e-01	5.0011e-01	3.8000e-13	1.1755e-36	1.1755e-36	1.1755e-36	9.6541e-19	0.00e+00	0.00e+00	1.9410e+01
3.46108e+19	5.5859e+03	1.628e-22	1.0000e+01	5.3453e+00	6.2764e-09	4.6624e-01	5.3376e-01	1.0000e+00	7.1640e-09	4.5477e-21	3.0980e-12	3.5484e-04	9.8920e-01	1.0448e-02	1.1755e-36	5.2453e-01	4.7547e-01	3.3543e-13	1.1755e-36	1.1755e-36	1.1755e-36	1.1798e-18	0.00e+00	0.00e+00	1.9846e+01
3.46248e+19	5.4652e+03	1.529e-22	1.0000e+01	5.1227e+00	7.9041e-09	4.8851e-01	5.1149e-01	1.0000e+00	6.7388e-09	4.3773e-21	3.4472e-12	3.4178e-04	9.8984e-01	9.8227e-03	1.1755e-36	5.4698e-01	4.5302e-01	2.9961e-13	1.1755e-36	1.1755e-36	1.1755e-36	1.4213e-18	0.00e+00	0.00e+00	2.0252e+01
3.46375e+19	5.3439e+03	1.439e-22	1.0000e+01	4.9135e+00	9.8709e-09	5.0943e-01	4.9057e-01	1.0000e+00	6.3618e-09	4.2252e-21	3.8089e-12	3.2952e-04	9.9040e-01	9.2675e-03	1.1755e-36	5.6787e-01	4.3213e-01	2.6984e-13	1.1755e-36	1.1755e-36	1.1755e-36	1.7019e-18	0.00e+00	0.00e+00	2.0642e+01
3.46492e+19	5.2210e+03	1.355e-22	1.0000e+01	4.7132e+00	1.2266e-08	5.2947e-01	4.7053e-01	1.0000e+00	6.0150e-09	4.0834e-21	4.1943e-12	3.1776e-04	9.9092e-01	8.7618e-03	1.1755e-36	5.8772e-01	4.1228e-01	2.4431e-13	1.1755e-36	1.1755e-36	1.1755e-36	2.0383e-18	0.00e+00	0.00e+00	2.1023e+01
3.46578e+19	5.1309e+03	1.296e-22	1.0000e+01	4.5699e+00	1.4334e-08	5.4381e-01	4.5619e-01	1.0000e+00	5.6869e-09	3.9253e-21	4.4974e-12	3.0930e-04	9.9127e-01	8.4188e-03	1.1755e-36	6.0181e-01	3.9819e-01	2.2781e-13	1.1755e-36	1.1755e-36	1.1755e-36	2.3315e-18	0.00e+00	0.00e+00	2.1223e+01
3.46628e+19	5.0799e+03	1.261e-22	1.0000e+01	4.4835e+00	1.5648e-08	5.5202e-01	4.4798e-01	1.0000e+00	5.6315e-09	3.9292e-21	4.6786e-12	3.0417e-04	9.9147e-01	8.2266e-03	1.1755e-36	6.0984e-01	3.9016e-01	2.1868e-13	1.1755e-36	1.1755e-36	1.1755e-36	2.5190e-18	0.00e+00	0.00e+00	2.1364e+01
3.46672e+19	5.0155e+03	1.230e-22	1.0000e+01	4.4043e+00	1.7323e-08	5.6047e-01	4.3953e-01	1.0000e+00	5.5348e-09	3.8917e-21	4.8920e-12	2.9962e-04	9.9167e-01	8.0297e-03	1.1755e-36	6.1809e-01	3.8191e-01	2.1000e-13	1.1755e-36	1.1755e-36	1.1755e-36	2.7550e-18	0.00e+00	0.00e+00	2.1535e+01
3.46721e+19	4.9601e+03	1.194e-22	1.0000e+01	4.3148e+00	1.8973e-08	5.6899e-01	4.3101e-01	1.0000e+00	5.3824e-09	3.8278e-21	5.0834e-12	2.9428e-04	9.9187e-01	7.8308e-03	1.1755e-36	6.2637e-01	3.7363e-01	2.0123e-13	1.1755e-36	1.1755e-36	1.1755e-36	2.9698e-18	0.00e+00	0.00e+00	2.1714e+01
3.46775e+19	4.8857e+03	1.156e-22	1.0000e+01	4.2185e+00	2.1278e-08	5.7906e-01	4.2094e-01	1.0000e+00	5.2200e-09	3.7518e-21	5.3193e-12	2.8872e-04	9.9212e-01	7.5949e-03	1.1755e-36	6.3611e-01	3.6389e-01	1.9159e-13	1.1755e-36	1.1755e-36	1.1755e-36	3.2468e-18	0.00e+00	0.00e+00	2.1923e+01
3.46830e+19	4.8071e+03	1.118e-22	1.0000e+01	4.1168e+00	2.3907e-08	5.8915e-01	4.1085e-01	1.0000e+00	5.0312e-09	3.6589e-21	5.5592e-12	2.8284e-04	9.9235e-01	7.3650e-03	1.1755e-36	6.4583e-01	3.5417e-01	1.8245e-13	1.1755e-36	1.1755e-36	1.1755e-36	3.5459e-18	0.00e+00	0.00e+00	2.2120e+01
3.46880e+19	4.7376e+03	1.083e-22	1.0000e+01	4.0249e+00	2.6472e-08	5.9836e-01	4.0164e-01	1.0000e+00	4.8824e-09	3.5905e-21	5.7839e-12	2.7747e-04	9.9256e-01	7.1582e-03	1.1755e-36	6.5468e-01	3.4532e-01	1.7436e-13	1.1755e-36	1.1755e-36	1.1755e-36	3.8400e-18	0.00e+00	0.00e+00	2.2302e+01
3.46929e+19	4.6612e+03	1.049e-22	1.0000e+01	3.9327e+00	2.9428e-08	6.0759e-01	3.9241e-01	1.0000e+00	4.7471e-09	3.5285e-21	6.0154e-12	2.7220e-04	9.9277e-01	6.9546e-03	1.1755e-36	6.6350e-01	3.3650e-01	1.6673e-13	1.1755e-36	1.1755e-36	1.1755e-36	4.1603e-18	0.00e+00	0.00e+00	2.2492e+01
3.46979e+19	4.5843e+03	1.015e-22	1.0000e+01	3.8400e+00	3.2624e-08	6.1688e-01	3.8312e-01	1.0000e+00	4.5969e-09	3.4551e-21	6.2514e-12	2.6687e-04	9.9298e-01	6.7523e-03	1.1755e-36	6.7237e-01	3.2763e-01	1.5929e-13	1.1755e-36	1.1755e-36	1.1755e-36	4.5016e-18	0.00e+00	0.00e+00	2.2684e+01
3.47029e+19	4.5037e+03	9.812e-23	1.0000e+01	3.7460e+00	3.6164e-08	6.2636e-01	3.7364e-01	1.0000e+00	4.4528e-09	3.3848e-21	6.4940e-12	2.6151e-04	9.9319e-01	6.5496e-03	1.1755e-36	6.8137e-01	3.1863e-01	1.5204e-13	1.1755e-36	1.1755e-36	1.1755e-36	4.8684e-18	0.00e+00	0.00e+00	2.2884e+01
3.47080e+19	4.4197e+03	9.466e-23	1.0000e+01	3.6475e+00	3.9993e-08	6.3591e-01	3.6409e-01	1.0000e+00	4.3093e-09	3.3167e-21	6.7316e-12	2.5587e-04	9.9339e-01	6.3491e-03	1.1755e-36	6.9041e-01	3.0959e-01	1.4502e-13	1.1755e-36	1.1755e-36	1.1755e-36	5.2425e-18	0.00e+00	0.00e+00	2.3091e+01
3.47132e+19	4.3336e+03	9.111e-23	1.0000e+01	3.5466e+00	4.4070e-08	6.4576e-01	3.5424e-01	1.0000e+00	4.1669e-09	3.2498e-21	6.9707e-12	2.5009e-04	9.9360e-01	6.1457e-03	1.1755e-36	6.9968e-01	3.0032e-01	1.3803e-13	1.1755e-36	1.1755e-36	1.1755e-36	5.6294e-18	0.00e+00	0.00e+00	2.3310e+01
3.47188e+19	4.2312e+03	8.745e-23	1.0000e+01	3.4408e+00	4.8952e-08	6.5673e-01	3.4327e-01	1.0000e+00	4.0089e-09	3.1661e-21	7.2343e-12	2.4423e-04	9.9383e-01	5.9221e-03	1.1755e-36	7.0997e-01	2.9003e-01	1.3072e-13	1.1755e-36	1.1755e-36	1.1755e-36	6.0653e-18	0.00e+00	0.00e+00	2.3551e+01
3.47246e+19	4.1242e+03	8.369e-23	1.0000e+01	3.3291e+00	5.3954e-08	6.6786e-01	3.3214e-01	1.0000e+00	3.8435e-09	3.0786e-21	7.4727e-12	2.3805e-04	9.9406e-01	5.7000e-03	1.1755e-36	7.2038e-01	2.7962e-01	1.2360e-13	1.1755e-36	1.1755e-36	1.1755e-36	6.4590e-18	0.00e+00	0.00e+00	2.3797e+01
3.47306e+19	4.0116e+03	7.994e-23	1.0000e+01	3.2155e+00	5.8948e-08	6.7923e-01	3.2077e-01	1.0000e+00	3.6880e-09	2.9972e-21	7.6848e-12	2.3188e-04	9.9429e-01	5.4776e-03	1.1755e-36	7.3094e-01	2.6906e-01	1.1667e-13	1.1755e-36	1.1755e-36	1.1755e-36	6.7941e-18	0.00e+00	0.00e+00	2.4055e+01
3.47365e+19	3.8944e+03	7.624e-23	1.0000e+01	3.1012e+00	6.3662e-08	6.9067e-01	3.0933e-01	1.0000e+00	3.5289e-09	2.9103e-21	7.8576e-12	2.2579e-04	9.9452e-01	5.2578e-03	1.1755e-36	7.4155e-01	2.5845e-01	1.1001e-13	1.1755e-36	1.1755e-36	1.1755e-36	7.0334e-18	0.00e+00	0.00e+00	2.4315e+01
###########################
5.47207e+14	6.3507e+03	3.101e-22	1.0000e+01	1.0850e+01	1.4030e-14	1.2624e-03	9.9874e-01	9.2259e-03	9.8915e-01	1.6272e-03	1.2575e-18	4.7642e-05	1.4707e-01	8.5215e-01	7.3217e-04	4.9688e-04	4.4258e-01	5.5653e-01	3.9545e-04	1.1755e-36	1.1755e-36	7.8422e-27	0.00e+00	0.00e+00	8.7223e-05
3.28324e+15	6.3494e+03	3.101e-22	1.0000e+01	1.0850e+01	1.4041e-14	1.2623e-03	9.9874e-01	9.2262e-03	9.8915e-01	1.6257e-03	1.2569e-18	4.7619e-05	1.4709e-01	8.5213e-01	7.3300e-04	4.9671e-04	4.4248e-01	5.5663e-01	3.9407e-04	1.1755e-36	1.1755e-36	7.8343e-27	0.00e+00	0.00e+00	4.3608e-04
1.42274e+16	6.3465e+03	3.099e-22	1.0000e+01	1.0850e+01	1.4065e-14	1.2620e-03	9.9874e-01	9.2289e-03	9.8916e-01	1.6147e-03	1.2564e-18	4.7665e-05	1.4716e-01	8.5206e-01	7.3111e-04	4.9670e-04	4.4251e-01	5.5660e-01	3.8825e-04	1.1755e-36	1.1755e-36	7.8222e-27	0.00e+00	0.00e+00	1.8312e-03
5.80040e+16	6.3375e+03	3.095e-22	1.0000e+01	1.0850e+01	1.4182e-14	1.2624e-03	9.9874e-01	9.2456e-03	9.8920e-01	1.5582e-03	1.2612e-18	4.7888e-05	1.4743e-01	8.5180e-01	7.2488e-04	4.9771e-04	4.4305e-01	5.5609e-01	3.6560e-04	1.1755e-36	1.1755e-36	7.8346e-27	0.00e+00	0.00e+00	7.4133e-03
1.38553e+17	6.3147e+03	3.078e-22	1.0000e+01	1.0849e+01	1.4280e-14	1.2560e-03	9.9874e-01	9.2392e-03	9.8924e-01	1.5218e-03	1.2468e-18	4.7909e-05	1.4744e-01	8.5179e-01	7.1875e-04	4.9609e-04	4.4336e-01	5.5581e-01	3.3527e-04	1.1755e-36	1.1755e-36	7.6748e-27	0.00e+00	0.00e+00	1.4633e-02
2.43266e+17	6.2865e+03	3.060e-22	1.0000e+01	1.0849e+01	1.4452e-14	1.2508e-03	9.9875e-01	9.2460e-03	9.8932e-01	1.4302e-03	1.2368e-18	4.7999e-05	1.4762e-01	8.5162e-01	7.0809e-04	4.9576e-04	4.4428e-01	5.5493e-01	2.9838e-04	1.1755e-36	1.1755e-36	7.5292e-27	0.00e+00	0.00e+00	2.3980e-02
3.79394e+17	6.2547e+03	3.039e-22	1.0000e+01	1.0849e+01	1.4681e-14	1.2460e-03	9.9875e-01	9.2629e-03	9.8945e-01	1.2870e-03	1.2302e-18	4.8127e-05	1.4794e-01	8.5132e-01	6.9317e-04	4.9644e-04	4.4579e-01	5.5346e-01	2.5552e-04	1.1755e-36	1.1755e-36	7.3974e-27	0.00e+00	0.00e+00	3.6085e-02
5.56360e+17	6.2186e+03	3.016e-22	1.0000e+01	1.0849e+01	1.4962e-14	1.2416e-03	9.9876e-01	9.2927e-03	9.8961e-01	1.0955e-03	1.2263e-18	4.8288e-05	1.4845e-01	8.5083e-01	6.7388e-04	4.9843e-04	4.4807e-01	5.5122e-01	2.0806e-04	1.1755e-36	1.1755e-36	7.2632e-27	0.00e+00	0.00e+00	5.1766e-02
7.86416e+17	6.1776e+03	2.988e-22	1.0000e+01	1.0849e+01	1.5312e-14	1.2379e-03	9.9876e-01	9.3399e-03	9.8979e-01	8.6761e-04	1.2265e-18	4.8514e-05	1.4920e-01	8.5010e-01	6.5052e-04	5.0210e-04	4.5133e-01	5.4801e-01	1.5865e-04	1.1755e-36	1.1755e-36	7.1330e-27	0.00e+00	0.00e+00	7.2090e-02
1.08549e+18	6.1313e+03	2.956e-22	1.0000e+01	1.0849e+01	1.5789e-14	1.2353e-03	9.9876e-01	9.4111e-03	9.8996e-01	6.2625e-04	1.2355e-18	4.8858e-05	1.5029e-01	8.4903e-01	6.2392e-04	5.0795e-04	4.5579e-01	5.4360e-01	1.1115e-04	1.1755e-36	1.1755e-36	7.0461e-27	0.00e+00	0.00e+00	9.8456e-02
1.47428e+18	6.0799e+03	2.920e-22	1.0000e+01	1.0848e+01	1.6343e-14	1.2346e-03	9.9877e-01	9.5158e-03	9.9008e-01	4.0207e-04	1.2498e-18	4.9386e-05	1.5186e-01	8.4750e-01	5.9529e-04	5.1663e-04	4.6164e-01	5.3777e-01	6.9885e-05	1.1755e-36	1.1755e-36	6.9437e-27	0.00e+00	0.00e+00	1.3271e-01
1.97971e+18	6.0233e+03	2.880e-22	1.0000e+01	1.0848e+01	1.7127e-14	1.2367e-03	9.9876e-01	9.6691e-03	9.9011e-01	2.2320e-04	1.2825e-18	5.0197e-05	1.5409e-01	8.4529e-01	5.6547e-04	5.2914e-04	4.6920e-01	5.3023e-01	3.8331e-05	1.1755e-36	1.1755e-36	6.9408e-27	0.00e+00	0.00e+00	1.7732e-01
2.63678e+18	5.9626e+03	2.836e-22	1.0000e+01	1.0848e+01	1.8062e-14	1.2436e-03	9.9876e-01	9.8942e-03	9.9000e-01	1.0374e-04	1.3305e-18	5.1428e-05	1.5729e-01	8.4212e-01	5.3445e-04	5.4700e-04	4.7890e-01	5.2054e-01	1.7736e-05	1.1755e-36	1.1755e-36	6.9530e-27	0.00e+00	0.00e+00	2.3564e-01
3.49096e+18	5.8992e+03	2.788e-22	1.0000e+01	1.0847e+01	1.9316e-14	1.2577e-03	9.9874e-01	1.0229e-02	9.8973e-01	3.8922e-05	1.4116e-18	5.3243e-05	1.6190e-01	8.3755e-01	5.0097e-04	5.7270e-04	4.9142e-01	5.0800e-01	6.6625e-06	1.1755e-36	1.1755e-36	7.0926e-27	0.00e+00	0.00e+00	3.1231e-01
4.60139e+18	5.8450e+03	2.736e-22	1.0000e+01	1.0847e+01	2.0768e-14	1.2819e-03	9.9872e-01	1.0723e-02	9.8927e-01	1.1355e-05	1.5416e-18	5.6058e-05	1.6853e-01	8.3095e-01	4.6353e-04	6.0965e-04	5.0775e-01	4.9164e-01	1.9526e-06	1.1755e-36	1.1755e-36	7.4055e-27	0.00e+00	0.00e+00	4.1390e-01
6.04496e+18	5.7979e+03	2.683e-22	1.0000e+01	1.0845e+01	2.2721e-14	1.3239e-03	9.9868e-01	1.1485e-02	9.8851e-01	2.4909e-06	1.7645e-18	6.0511e-05	1.7846e-01	8.2106e-01	4.1930e-04	6.6556e-04	5.2979e-01	4.6955e-01	4.3073e-07	1.1755e-36	1.1755e-36	8.0482e-27	0.00e+00	0.00e+00	5.5030e-01
7.92159e+18	5.7692e+03	2.631e-22	1.0000e+01	1.0843e+01	2.5444e-14	1.3949e-03	9.9861e-01	1.2728e-02	9.8727e-01	4.0819e-07	2.1763e-18	6.7631e-05	1.9385e-01	8.0571e-01	3.6643e-04	7.5317e-04	5.6011e-01	4.3914e-01	1.1755e-36	1.1755e-36	1.1755e-36	9.3889e-27	0.00e+00	0.00e+00	7.3713e-01
9.94436e+18	5.7763e+03	2.577e-22	1.0000e+01	1.0840e+01	2.7607e-14	1.4760e-03	9.9852e-01	1.4348e-02	9.8565e-01	6.7649e-08	2.7112e-18	7.6543e-05	2.1284e-01	7.8677e-01	3.1626e-04	8.5817e-04	5.9352e-01	4.0562e-01	1.1755e-36	1.1755e-36	1.1755e-36	1.0993e-26	0.00e+00	0.00e+00	9.1643e-01
1.17040e+19	5.8136e+03	2.544e-22	1.0000e+01	1.0838e+01	2.9580e-14	1.5662e-03	9.9843e-01	1.6268e-02	9.8373e-01	1.7562e-08	3.4185e-18	8.6581e-05	2.3362e-01	7.6602e-01	2.7532e-04	9.7248e-04	6.2552e-01	3.7351e-01	1.1755e-36	1.1755e-36	1.1755e-36	1.3265e-26	0.00e+00	0.00e+00	1.0742e+00
1.32208e+19	5.8731e+03	2.526e-22	1.0000e+01	1.0835e+01	3.1322e-14	1.6646e-03	9.9834e-01	1.8497e-02	9.8150e-01	6.2721e-09	4.3368e-18	9.7892e-05	2.5617e-01	7.4350e-01	2.4103e-04	1.0963e-03	6.5604e-01	3.4286e-01	1.1755e-36	1.1755e-36	1.1755e-36	1.6265e-26	0.00e+00	0.00e+00	1.2253e+00
1.46354e+19	5.9455e+03	2.515e-22	1.0000e+01	1.0831e+01	3.3245e-14	1.7760e-03	9.9822e-01	2.1264e-02	9.7874e-01	2.5990e-09	5.5998e-18	1.1110e-04	2.8194e-01	7.1774e-01	2.0963e-04	1.2381e-03	6.8714e-01	3.1162e-01	1.1755e-36	1.1755e-36	1.1755e-36	2.0435e-26	0.00e+00	0.00e+00	1.3813e+00
1.59923e+19	6.0273e+03	2.509e-22	1.0000e+01	1.0826e+01	3.5495e-14	1.9028e-03	9.9810e-01	2.4875e-02	9.7512e-01	1.1847e-09	7.3799e-18	1.2696e-04	3.1231e-01	6.8739e-01	1.8001e-04	1.4032e-03	7.1943e-01	2.7916e-01	1.1755e-36	1.1755e-36	1.1755e-36	2.6300e-26	0.00e+00	0.00e+00	1.5402e+00
1.72545e+19	6.1127e+03	2.509e-22	1.0000e+01	1.0820e+01	3.7975e-14	2.0423e-03	9.9796e-01	2.9571e-02	9.7043e-01	5.9684e-10	9.7932e-18	1.4550e-04	3.4723e-01	6.5247e-01	1.5270e-04	1.5894e-03	7.5194e-01	2.4647e-01	1.1755e-36	1.1755e-36	1.1755e-36	3.4027e-26	0.00e+00	0.00e+00	1.6951e+00
1.83893e+19	6.1906e+03	2.516e-22	1.0000e+01	1.0813e+01	4.1068e-14	2.1920e-03	9.9781e-01	3.5620e-02	9.6438e-01	3.3207e-10	1.3014e-17	1.6649e-04	3.8617e-01	6.1353e-01	1.2804e-04	1.7934e-03	7.8351e-01	2.1470e-01	1.1755e-36	1.1755e-36	1.1755e-36	4.4127e-26	0.00e+00	0.00e+00	1.8430e+00
1.94023e+19	6.2744e+03	2.522e-22	1.0000e+01	1.0805e+01	4.4010e-14	2.3460e-03	9.9765e-01	4.3520e-02	9.5648e-01	2.0097e-10	1.7140e-17	1.8968e-04	4.2865e-01	5.7105e-01	1.0614e-04	2.0094e-03	8.1351e-01	1.8448e-01	1.1755e-36	1.1755e-36	1.1755e-36	5.6680e-26	0.00e+00	0.00e+00	1.9849e+00
2.02050e+19	6.3467e+03	2.531e-22	1.0000e+01	1.0797e+01	4.6568e-14	2.4833e-03	9.9752e-01	5.2822e-02	9.4718e-01	1.3819e-10	2.1629e-17	2.1216e-04	4.6944e-01	5.3026e-01	8.8927e-05	2.2078e-03	8.3892e-01	1.5887e-01	1.1755e-36	1.1755e-36	1.1755e-36	6.9738e-26	0.00e+00	0.00e+00	2.0864e+00
2.07561e+19	6.3890e+03	2.540e-22	1.0000e+01	1.0787e+01	4.9134e-14	2.5908e-03	9.9741e-01	6.1733e-02	9.3827e-01	1.0691e-10	2.5744e-17	2.3015e-04	5.0229e-01	4.9740e-01	7.6832e-05	2.3650e-03	8.5744e-01	1.4019e-01	1.1755e-36	1.1755e-36	1.1755e-36	8.1386e-26	0.00e+00	0.00e+00	2.1608e+00
2.11855e+19	6.4264e+03	2.547e-22	1.0000e+01	1.0779e+01	5.1281e-14	2.6818e-03	9.9732e-01	7.0963e-02	9.2904e-01	8.7197e-11	2.9721e-17	2.4610e-04	5.3071e-01	4.6898e-01	6.7378e-05	2.4997e-03	8.7226e-01	1.2524e-01	1.1755e-36	1.1755e-36	1.1755e-36	9.2549e-26	0.00e+00	0.00e+00	2.2292e+00
2.16502e+19	6.4613e+03	2.554e-22	1.0000e+01	1.0767e+01	5.4370e-14	2.7919e-03	9.9721e-01	8.4107e-02	9.1589e-01	6.9015e-11	3.5094e-17	2.6505e-04	5.6430e-01	4.3537e-01	5.7089e-05	2.6622e-03	8.8858e-01	1.0876e-01	1.1755e-36	1.1755e-36	1.1755e-36	1.0758e-25	0.00e+00	0.00e+00	2.3218e+00
2.21257e+19	6.5042e+03	2.561e-22	1.0000e+01	1.0751e+01	5.7305e-14	2.9076e-03	9.9709e-01	1.0288e-01	8.9712e-01	5.4928e-11	4.1582e-17	2.8605e-04	6.0173e-01	3.9794e-01	4.7166e-05	2.8380e-03	9.0576e-01	9.1406e-02	1.1755e-36	1.1755e-36	1.1755e-36	1.2509e-25	0.00e+00	0.00e+00	2.3999e+00
2.24814e+19	6.5253e+03	2.570e-22	1.0000e+01	1.0733e+01	6.0366e-14	3.0032e-03	9.9700e-01	1.2331e-01	8.7669e-01	4.6097e-11	4.7570e-17	3.0364e-04	6.3308e-01	3.6658e-01	3.9736e-05	2.9844e-03	9.1932e-01	7.7692e-02	1.1755e-36	1.1755e-36	1.1755e-36	1.4055e-25	0.00e+00	0.00e+00	2.4542e+00
2.27324e+19	6.5474e+03	2.572e-22	1.0000e+01	1.0715e+01	6.2226e-14	3.0712e-03	9.9693e-01	1.4261e-01	8.5739e-01	4.0414e-11	5.2333e-17	3.1660e-04	6.5640e-01	3.4325e-01	3.4622e-05	3.0915e-03	9.2910e-01	6.7811e-02	1.1755e-36	1.1755e-36	1.1755e-36	1.5243e-25	0.00e+00	0.00e+00	2.4961e+00
2.29438e+19	6.5678e+03	2.573e-22	1.0000e+01	1.0699e+01	6.3895e-14	3.1308e-03	9.9687e-01	1.6343e-01	8.3657e-01	3.5906e-11	5.6913e-17	3.2786e-04	6.7662e-01	3.2302e-01	3.0404e-05	3.1858e-03	9.3737e-01	5.9441e-02	1.1755e-36	1.1755e-36	1.1755e-36	1.6399e-25	0.00e+00	0.00e+00	2.5370e+00
2.31819e+19	6.5766e+03	2.574e-22	1.0000e+01	1.0672e+01	6.6865e-14	3.2056e-03	9.9679e-01	1.9349e-01	8.0651e-01	3.0843e-11	6.2866e-17	3.4103e-04	6.9996e-01	2.9968e-01	2.5747e-05	3.3015e-03	9.4660e-01	5.0098e-02	1.1755e-36	1.1755e-36	1.1755e-36	1.7872e-25	0.00e+00	0.00e+00	2.5914e+00
2.34261e+19	6.6019e+03	2.569e-22	1.0000e+01	1.0638e+01	6.8806e-14	3.2755e-03	9.9672e-01	2.3507e-01	7.6493e-01	2.6219e-11	6.9235e-17	3.5395e-04	7.2363e-01	2.7599e-01	2.1413e-05	3.4149e-03	9.5604e-01	4.0547e-02	1.1755e-36	1.1755e-36	1.1755e-36	1.9371e-25	0.00e+00	0.00e+00	2.6368e+00
2.36124e+19	6.6029e+03	2.566e-22	1.0000e+01	1.0600e+01	7.1612e-14	3.3347e-03	9.9667e-01	2.7896e-01	7.2104e-01	2.2662e-11	7.4919e-17	3.6394e-04	7.4214e-01	2.5748e-01	1.8190e-05	3.5086e-03	9.6327e-01	3.3217e-02	1.1755e-36	1.1755e-36	1.1755e-36	2.0644e-25	0.00e+00	0.00e+00	2.6691e+00
2.37505e+19	6.6214e+03	2.555e-22	1.0000e+01	1.0568e+01	7.2514e-14	3.3722e-03	9.9663e-01	3.2011e-01	6.7989e-01	2.0075e-11	7.9222e-17	3.7070e-04	7.5527e-01	2.4435e-01	1.5952e-05	3.5719e-03	9.6849e-01	2.7941e-02	1.1755e-36	1.1755e-36	1.1755e-36	2.1576e-25	0.00e+00	0.00e+00	2.6953e+00
2.38920e+19	6.6196e+03	2.544e-22	1.0000e+01	1.0521e+01	7.4963e-14	3.4171e-03	9.9658e-01	3.7143e-01	6.2857e-01	1.7171e-11	8.4224e-17	3.7732e-04	7.6823e-01	2.3138e-01	1.3714e-05	3.6428e-03	9.7348e-01	2.2877e-02	1.1755e-36	1.1755e-36	1.1755e-36	2.2609e-25	0.00e+00	0.00e+00	2.7298e+00
2.40469e+19	6.6165e+03	2.530e-22	1.0000e+01	1.0475e+01	7.7971e-14	3.4692e-03	9.9653e-01	4.4028e-01	5.5972e-01	1.4084e-11	9.0401e-17	3.8419e-04	7.8140e-01	2.1820e-01	1.1487e-05	3.7226e-03	9.7852e-01	1.7760e-02	1.1755e-36	1.1755e-36	1.1755e-36	2.3909e-25	0.00e+00	0.00e+00	2.7626e+00
2.41823e+19	6.6109e+03	2.511e-22	1.0000e+01	1.0417e+01	8.0756e-14	3.5113e-03	9.9649e-01	5.1328e-01	4.8672e-01	1.1382e-11	9.5949e-17	3.8898e-04	7.9170e-01	2.0790e-01	9.7100e-06	3.7875e-03	9.8250e-01	1.3717e-02	1.1755e-36	1.1755e-36	1.1755e-36	2.4955e-25	0.00e+00	0.00e+00	2.7894e+00
2.42977e+19	6.6015e+03	2.489e-22	1.0000e+01	1.0355e+01	8.3464e-14	3.5461e-03	9.9645e-01	5.8347e-01	4.1653e-01	9.1208e-12	1.0078e-16	3.9208e-04	7.9933e-01	2.0027e-01	8.3166e-06	3.8402e-03	9.8544e-01	1.0720e-02	1.1755e-36	1.1755e-36	1.1755e-36	2.5779e-25	0.00e+00	0.00e+00	2.8140e+00
2.44237e+19	6.5848e+03	2.465e-22	1.0000e+01	1.0288e+01	8.7333e-14	3.5892e-03	9.9641e-01	6.6411e-01	3.3589e-01	6.8253e-12	1.0674e-16	3.9503e-04	8.0644e-01	1.9315e-01	6.9067e-06	3.9015e-03	9.8809e-01	8.0095e-03	1.1755e-36	1.1755e-36	1.1755e-36	2.6886e-25	0.00e+00	0.00e+00	2.8463e+00
2.45875e+19	6.5640e+03	2.429e-22	1.0000e+01	1.0193e+01	9.2239e-14	3.6430e-03	9.9636e-01	7.6400e-01	2.3600e-01	4.3463e-12	1.1392e-16	3.9729e-04	8.1333e-01	1.8627e-01	5.3570e-06	3.9758e-03	9.9068e-01	5.3428e-03	1.1755e-36	1.1755e-36	1.1755e-36	2.8118e-25	0.00e+00	0.00e+00	2.8889e+00
2.47725e+19	6.5398e+03	2.398e-22	1.0000e+01	1.0108e+01	9.8486e-14	3.7131e-03	9.9629e-01	8.5795e-01	1.4205e-01	2.3623e-12	1.2225e-16	3.9959e-04	8.1887e-01	1.8073e-01	3.9427e-06	4.0664e-03	9.9267e-01	3.2672e-03	1.1755e-36	1.1755e-36	1.1755e-36	2.9790e-25	0.00e+00	0.00e+00	2.9322e+00
2.49849e+19	6.5214e+03	2.378e-22	1.0000e+01	1.0048e+01	1.0575e-13	3.8062e-03	9.9619e-01	9.2758e-01	7.2418e-02	1.0792e-12	1.3173e-16	4.0248e-04	8.2315e-01	1.7644e-01	2.6893e-06	4.1816e-03	9.9398e-01	1.8343e-03	1.1755e-36	1.1755e-36	1.1755e-36	3.2147e-25	0.00e+00	0.00e+00	2.9899e+00
2.52610e+19	6.5151e+03	2.370e-22	1.0000e+01	9.9981e+00	1.1446e-13	3.9356e-03	9.9606e-01	9.7115e-01	2.8848e-02	3.7439e-13	1.4334e-16	4.0607e-04	8.2670e-01	1.7290e-01	1.6151e-06	4.3379e-03	9.9479e-01	8.7102e-04	1.1755e-36	1.1755e-36	1.1755e-36	3.5672e-25	0.00e+00	0.00e+00	3.0675e+00
2.56199e+19	6.5257e+03	2.380e-22	1.0000e+01	9.9766e+00	1.2549e-13	4.1237e-03	9.9588e-01	9.9097e-01	9.0344e-03	9.9117e-14	1.5942e-16	4.1177e-04	8.3025e-01	1.6934e-01	8.2507e-07	4.5619e-03	9.9510e-01	3.3897e-04	1.1755e-36	1.1755e-36	1.1755e-36	4.1424e-25	0.00e+00	0.00e+00	3.1731e+00
2.60866e+19	6.5515e+03	2.406e-22	1.0000e+01	9.9662e+00	1.4090e-13	4.3950e-03	9.9560e-01	9.9772e-01	2.2844e-03	2.0417e-14	1.8328e-16	4.1949e-04	8.3437e-01	1.6521e-01	3.4602e-07	4.8838e-03	9.9501e-01	1.0507e-04	1.1755e-36	1.1755e-36	1.1755e-36	5.0934e-25	0.00e+00	0.00e+00	3.3195e+00
2.66932e+19	6.5916e+03	2.447e-22	1.0000e+01	9.9629e+00	1.6505e-13	4.8009e-03	9.9520e-01	9.9953e-01	4.7125e-04	3.2528e-15	2.2234e-16	4.3017e-04	8.3977e-01	1.5980e-01	1.1755e-36	5.3659e-03	9.9461e-01	2.5140e-05	1.1755e-36	1.1755e-36	1.1755e-36	6.8151e-25	0.00e+00	0.00e+00	3.5274e+00
2.74818e+19	6.6469e+03	2.507e-22	1.0000e+01	9.9574e+00	2.0608e-13	5.4370e-03	9.9456e-01	9.9992e-01	7.8344e-05	3.9081e-16	2.9108e-16	4.4441e-04	8.4709e-01	1.5246e-01	1.1755e-36	6.1247e-03	9.9387e-01	4.4906e-06	1.1755e-36	1.1755e-36	1.1755e-36	1.0225e-24	0.00e+00	0.00e+00	3.8334e+00
2.85071e+19	6.7276e+03	2.594e-22	1.0000e+01	9.9465e+00	2.8342e-13	6.5117e-03	9.9349e-01	9.9999e-01	1.0172e-05	3.3791e-17	4.2856e-16	4.6352e-04	8.5730e-01	1.4224e-01	1.1755e-36	7.4142e-03	9.9259e-01	5.7022e-07	1.1755e-36	1.1755e-36	1.1755e-36	1.8283e-24	0.00e+00	0.00e+00	4.3100e+00
2.94733e+19	6.8053e+03	2.704e-22	1.0000e+01	9.9343e+00	4.1128e-13	8.0113e-03	9.9199e-01	1.0000e+00	1.6781e-06	3.9529e-18	6.6229e-16	4.8306e-04	8.6775e-01	1.3177e-01	1.1755e-36	9.2230e-03	9.9078e-01	8.0654e-08	1.1755e-36	1.1755e-36	1.1755e-36	3.5152e-24	0.00e+00	0.00e+00	4.7012e+00
3.00834e+19	6.8620e+03	2.786e-22	1.0000e+01	9.9190e+00	5.4647e-13	9.3765e-03	9.9062e-01	1.0000e+00	6.6837e-07	1.2834e-18	9.2087e-16	4.9613e-04	8.7526e-01	1.2424e-01	1.1755e-36	1.0879e-02	9.8912e-01	2.5398e-08	1.1755e-36	1.1755e-36	1.1755e-36	5.7626e-24	0.00e+00	0.00e+00	4.9657e+00
3.04847e+19	6.8948e+03	2.844e-22	1.0000e+01	9.9064e+00	6.7746e-13	1.0521e-02	9.8948e-01	1.0000e+00	4.0586e-07	6.7840e-19	1.1736e-15	5.0511e-04	8.8079e-01	1.1870e-01	1.1755e-36	1.2271e-02	9.8773e-01	1.2056e-08	1.1755e-36	1.1755e-36	1.1755e-36	8.2764e-24	0.00e+00	0.00e+00	5.2021e+00
3.08938e+19	6.9213e+03	2.905e-22	1.0000e+01	9.8921e+00	8.6504e-13	1.1943e-02	9.8806e-01	1.0000e+00	2.6508e-07	3.8090e-19	1.5361e-15	5.1459e-04	8.8704e-01	1.1244e-01	1.1755e-36	1.4007e-02	9.8599e-01	5.5306e-09	1.1755e-36	1.1755e-36	1.1755e-36	1.2349e-23	0.00e+00	0.00e+00	5.5509e+00
3.13398e+19	6.9489e+03	2.981e-22	1.0000e+01	9.8752e+00	1.1667e-12	1.3936e-02	9.8606e-01	1.0000e+00	1.8248e-07	2.2459e-19	2.1261e-15	5.2520e-04	8.9419e-01	1.0529e-01	1.1755e-36	1.6444e-02	9.8356e-01	2.3944e-09	1.1755e-36	1.1755e-36	1.1755e-36	2.0024e-23	0.00e+00	0.00e+00	5.9287e+00
3.17229e+19	6.9696e+03	3.053e-22	1.0000e+01	9.8532e+00	1.5739e-12	1.6232e-02	9.8377e-01	1.0000e+00	1.4103e-07	1.5276e-19	2.9263e-15	5.3445e-04	9.0089e-01	9.8572e-02	1.1755e-36	1.9256e-02	9.8074e-01	1.1666e-09	1.1755e-36	1.1755e-36	1.1755e-36	3.2187e-23	0.00e+00	0.00e+00	6.2741e+00
3.20342e+19	6.9817e+03	3.115e-22	1.0000e+01	9.8250e+00	2.0808e-12	1.8667e-02	9.8133e-01	1.0000e+00	1.1789e-07	1.1513e-19	3.9196e-15	5.4184e-04	9.0686e-01	9.2595e-02	1.1755e-36	2.2245e-02	9.7775e-01	6.4399e-10	1.1755e-36	1.1755e-36	1.1755e-36	4.9645e-23	0.00e+00	0.00e+00	6.6106e+00
3.23197e+19	6.9940e+03	3.173e-22	1.0000e+01	9.7958e+00	2.7658e-12	2.1524e-02	9.7848e-01	1.0000e+00	1.0134e-07	8.9868e-20	5.2809e-15	5.4869e-04	9.1282e-01	8.6632e-02	1.1755e-36	2.5756e-02	9.7424e-01	3.6693e-10	1.1755e-36	1.1755e-36	1.1755e-36	7.7260e-23	0.00e+00	0.00e+00	6.9986e+00
3.26023e+19	6.9848e+03	3.238e-22	1.0000e+01	9.7586e+00	3.8682e-12	2.5260e-02	9.7474e-01	1.0000e+00	8.6875e-08	6.9997e-20	7.3762e-15	5.5570e-04	9.1927e-01	8.0169e-02	1.1755e-36	3.0349e-02	9.6965e-01	2.0765e-10	1.1755e-36	1.1755e-36	1.1755e-36	1.2659e-22	0.00e+00	0.00e+00	7.4450e+00
3.28632e+19	6.9767e+03	3.300e-22	1.0000e+01	9.7192e+00	5.5063e-12	2.9917e-02	9.7008e-01	1.0000e+00	7.4875e-08	5.5377e-20	1.0497e-14	5.6221e-04	9.2573e-01	7.3712e-02	1.1755e-36	3.6073e-02	9.6393e-01	1.2118e-10	1.1755e-36	1.1755e-36	1.1755e-36	2.1349e-22	0.00e+00	0.00e+00	7.9018e+00
3.31047e+19	6.9702e+03	3.348e-22	1.0000e+01	9.6536e+00	7.9625e-12	3.5716e-02	9.6428e-01	1.0000e+00	6.5167e-08	4.4588e-20	1.5161e-14	5.6677e-04	9.3216e-01	6.7277e-02	1.1755e-36	4.3199e-02	9.5680e-01	7.1661e-11	1.1755e-36	1.1755e-36	1.1755e-36	3.6808e-22	0.00e+00	0.00e+00	8.4459e+00
3.33423e+19	6.9430e+03	3.397e-22	1.0000e+01	9.5739e+00	1.2317e-11	4.3751e-02	9.5625e-01	1.0000e+00	5.5539e-08	3.5208e-20	2.3090e-14	5.7097e-04	9.3911e-01	6.0321e-02	1.1755e-36	5.3055e-02	9.4695e-01	4.1614e-11	1.1755e-36	1.1755e-36	1.1755e-36	6.8614e-22	0.00e+00	0.00e+00	9.0921e+00
3.35596e+19	6.9172e+03	3.427e-22	1.0000e+01	9.4665e+00	1.9677e-11	5.4443e-02	9.4556e-01	1.0000e+00	4.6741e-08	2.7773e-20	3.6279e-14	5.7298e-04	9.4599e-01	5.3436e-02	1.1755e-36	6.6131e-02	9.3387e-01	2.4516e-11	1.1755e-36	1.1755e-36	1.1755e-36	1.3421e-21	0.00e+00	0.00e+00	9.7821e+00
3.37414e+19	6.8865e+03	3.434e-22	1.0000e+01	9.3378e+00	3.1550e-11	6.7715e-02	9.3229e-01	1.0000e+00	3.9601e-08	2.2375e-20	5.6914e-14	5.7269e-04	9.5231e-01	4.7113e-02	1.1755e-36	8.2286e-02	9.1771e-01	1.5153e-11	1.1755e-36	1.1755e-36	1.1755e-36	2.6238e-21	0.00e+00	0.00e+00	1.0479e+01
3.38896e+19	6.8487e+03	3.420e-22	1.0000e+01	9.1989e+00	5.0158e-11	8.3613e-02	9.1639e-01	1.0000e+00	3.3847e-08	1.8398e-20	8.8022e-14	5.7053e-04	9.5797e-01	4.1457e-02	1.1755e-36	1.0152e-01	8.9848e-01	9.8302e-12	1.1755e-36	1.1755e-36	1.1755e-36	5.0319e-21	0.00e+00	0.00e+00	1.1183e+01
3.40126e+19	6.8099e+03	3.371e-22	1.0000e+01	9.0174e+00	7.8503e-11	1.0229e-01	8.9771e-01	1.0000e+00	2.9066e-08	1.5397e-20	1.3332e-13	5.6493e-04	9.6293e-01	3.6502e-02	1.1755e-36	1.2393e-01	8.7607e-01	6.6121e-12	1.1755e-36	1.1755e-36	1.1755e-36	9.3671e-21	0.00e+00	0.00e+00	1.1910e+01
3.41173e+19	6.7648e+03	3.286e-22	1.0000e+01	8.7821e+00	1.2213e-10	1.2428e-01	8.7572e-01	1.0000e+00	2.4953e-08	1.3034e-20	1.9868e-13	5.5544e-04	9.6733e-01	3.2117e-02	1.1755e-36	1.5009e-01	8.4991e-01	4.5553e-12	1.1755e-36	1.1755e-36	1.1755e-36	1.7033e-20	0.00e+00	0.00e+00	1.2671e+01
3.42077e+19	6.7159e+03	3.167e-22	1.0000e+01	8.5070e+00	1.8921e-10	1.5025e-01	8.4975e-01	1.0000e+00	2.1373e-08	1.1115e-20	2.9297e-13	5.4249e-04	9.7128e-01	2.8177e-02	1.1755e-36	1.8064e-01	8.1936e-01	3.1890e-12	1.1755e-36	1.1755e-36	1.1755e-36	3.0553e-20	0.00e+00	0.00e+00	1.3466e+01
3.42856e+19	6.6340e+03	3.025e-22	1.0000e+01	8.1993e+00	2.9960e-10	1.8102e-01	8.1898e-01	1.0000e+00	1.8271e-08	9.5150e-21	4.2965e-13	5.2734e-04	9.7488e-01	2.4590e-02	1.1755e-36	2.1636e-01	7.8364e-01	2.2627e-12	1.1755e-36	1.1755e-36	1.1755e-36	5.4408e-20	0.00e+00	0.00e+00	1.4288e+01
3.43518e+19	6.5431e+03	2.853e-22	1.0000e+01	7.8521e+00	4.6952e-10	2.1571e-01	7.8429e-01	1.0000e+00	1.5693e-08	8.2610e-21	6.1626e-13	5.0905e-04	9.7802e-01	2.1471e-02	1.1755e-36	2.5602e-01	7.4398e-01	1.6358e-12	1.1755e-36	1.1755e-36	1.1755e-36	9.3956e-20	0.00e+00	0.00e+00	1.5112e+01
3.44081e+19	6.4332e+03	2.661e-22	1.0000e+01	7.4716e+00	7.3114e-10	2.5373e-01	7.4627e-01	1.0000e+00	1.3583e-08	7.2822e-21	8.6113e-13	4.8821e-04	9.8074e-01	1.8776e-02	1.1755e-36	2.9876e-01	7.0124e-01	1.2053e-12	1.1755e-36	1.1755e-36	1.1755e-36	1.5630e-19	0.00e+00	0.00e+00	1.5947e+01
3.44547e+19	6.3094e+03	2.462e-22	1.0000e+01	7.0802e+00	1.1132e-09	2.9286e-01	7.0714e-01	1.0000e+00	1.1799e-08	6.4819e-21	1.1583e-12	4.6615e-04	9.8298e-01	1.6555e-02	1.1755e-36	3.4198e-01	6.5802e-01	9.1508e-13	1.1755e-36	1.1755e-36	1.1755e-36	2.4605e-19	0.00e+00	0.00e+00	1.6704e+01
3.44899e+19	6.1873e+03	2.285e-22	1.0000e+01	6.7265e+00	1.5957e-09	3.2820e-01	6.7180e-01	1.0000e+00	1.0499e-08	5.9194e-21	1.4672e-12	4.4582e-04	9.8467e-01	1.4885e-02	1.1755e-36	3.8034e-01	6.1966e-01	7.3081e-13	1.1755e-36	1.1755e-36	1.1755e-36	3.5435e-19	0.00e+00	0.00e+00	1.7318e+01
3.45160e+19	6.0760e+03	2.139e-22	1.0000e+01	6.4311e+00	2.1410e-09	3.5776e-01	6.4224e-01	1.0000e+00	9.6545e-09	5.5730e-21	1.7568e-12	4.2865e-04	9.8591e-01	1.3661e-02	1.1755e-36	4.1197e-01	5.8803e-01	6.1280e-13	1.1755e-36	1.1755e-36	1.1755e-36	4.6918e-19	0.00e+00	0.00e+00	1.7827e+01
3.45371e+19	5.9696e+03	2.011e-22	1.0000e+01	6.1694e+00	2.7704e-09	3.8388e-01	6.1612e-01	1.0000e+00	9.0028e-09	5.3132e-21	2.0374e-12	4.1331e-04	9.8691e-01	1.2679e-02	1.1755e-36	4.3957e-01	5.6043e-01	5.2787e-13	1.1755e-36	1.1755e-36	1.1755e-36	5.9269e-19	0.00e+00	0.00e+00	1.8302e+01
3.45561e+19	5.8585e+03	1.889e-22	1.0000e+01	5.9144e+00	3.5620e-09	4.0930e-01	5.9070e-01	1.0000e+00	8.3952e-09	5.0684e-21	2.3349e-12	3.9827e-04	9.8780e-01	1.1801e-02	1.1755e-36	4.6613e-01	5.3387e-01	4.5880e-13	1.1755e-36	1.1755e-36	1.1755e-36	7.3712e-19	0.00e+00	0.00e+00	1.8780e+01
3.45740e+19	5.7405e+03	1.771e-22	1.0000e+01	5.6602e+00	4.5821e-09	4.3461e-01	5.6539e-01	1.0000e+00	7.8050e-09	4.8259e-21	2.6572e-12	3.8319e-04	9.8862e-01	1.0998e-02	1.1755e-36	4.9227e-01	5.0773e-01	4.0074e-13	1.1755e-36	1.1755e-36	1.1755e-36	9.1042e-19	0.00e+00	0.00e+00	1.9251e+01
3.45902e+19	5.6176e+03	1.660e-22	1.0000e+01	5.4173e+00	5.8704e-09	4.5905e-01	5.4095e-01	1.0000e+00	7.2721e-09	4.6038e-21	2.9983e-12	3.6875e-04	9.8935e-01	1.0279e-02	1.1755e-36	5.1724e-01	4.8276e-01	3.5299e-13	1.1755e-36	1.1755e-36	1.1755e-36	1.1147e-18	0.00e+00	0.00e+00	1.9694e+01
3.46046e+19	5.4966e+03	1.558e-22	1.0000e+01	5.1898e+00	7.4199e-09	4.8180e-01	5.1820e-01	1.0000e+00	6.8243e-09	4.4217e-21	3.3457e-12	3.5516e-04	9.8999e-01	9.6523e-03	1.1755e-36	5.4025e-01	4.5975e-01	3.1433e-13	1.1755e-36	1.1755e-36	1.1755e-36	1.3473e-18	0.00e+00	0.00e+00	2.0109e+01
3.46177e+19	5.3751e+03	1.466e-22	1.0000e+01	4.9763e+00	9.2940e-09	5.0315e-01	4.9685e-01	1.0000e+00	6.4302e-09	4.2609e-21	3.7046e-12	3.4239e-04	9.9056e-01	9.0977e-03	1.1755e-36	5.6163e-01	4.3837e-01	2.8239e-13	1.1755e-36	1.1755e-36	1.1755e-36	1.6165e-18	0.00e+00	0.00e+00	2.0504e+01
3.46297e+19	5.2527e+03	1.380e-22	1.0000e+01	4.7731e+00	1.1568e-08	5.2347e-01	4.7653e-01	1.0000e+00	6.0732e-09	4.1140e-21	4.0837e-12	3.3021e-04	9.9107e-01	8.5963e-03	1.1755e-36	5.8181e-01	4.1819e-01	2.5525e-13	1.1755e-36	1.1755e-36	1.1755e-36	1.9363e-18	0.00e+00	0.00e+00	2.0888e+01
3.46385e+19	5.1636e+03	1.320e-22	1.0000e+01	4.6286e+00	1.3521e-08	5.3793e-01	4.6207e-01	1.0000e+00	5.7375e-09	3.9517e-21	4.3794e-12	3.2152e-04	9.9141e-01	8.2646e-03	1.1755e-36	5.9605e-01	4.0395e-01	2.3785e-13	1.1755e-36	1.1755e-36	1.1755e-36	2.2126e-18	0.00e+00	0.00e+00	2.1088e+01
3.46435e+19	5.1137e+03	1.285e-22	1.0000e+01	4.5414e+00	1.4750e-08	5.4615e-01	4.5385e-01	1.0000e+00	5.6816e-09	3.9560e-21	4.5539e-12	3.1618e-04	9.9161e-01	8.0786e-03	1.1755e-36	6.0411e-01	3.9589e-01	2.2830e-13	1.1755e-36	1.1755e-36	1.1755e-36	2.3868e-18	0.00e+00	0.00e+00	2.1229e+01
3.46479e+19	5.0490e+03	1.253e-22	1.0000e+01	4.4631e+00	1.6360e-08	5.5479e-01	4.4521e-01	1.0000e+00	5.5817e-09	3.9149e-21	4.7664e-12	3.1167e-04	9.9181e-01	7.8797e-03	1.1755e-36	6.1257e-01	3.8743e-01	2.1905e-13	1.1755e-36	1.1755e-36	1.1755e-36	2.6135e-18	0.00e+00	0.00e+00	2.1401e+01
3.46529e+19	4.9904e+03	1.217e-22	1.0000e+01	4.3725e+00	1.8009e-08	5.6345e-01	4.3655e-01	1.0000e+00	5.4237e-09	3.8461e-21	4.9723e-12	3.0619e-04	9.9201e-01	7.6868e-03	1.1755e-36	6.2100e-01	3.7900e-01	2.0985e-13	1.1755e-36	1.1755e-36	1.1755e-36	2.8433e-18	0.00e+00	0.00e+00	2.1578e+01
3.46581e+19	4.9245e+03	1.180e-22	1.0000e+01	4.2786e+00	1.9997e-08	5.7295e-01	4.2705e-01	1.0000e+00	5.2660e-09	3.7754e-21	5.1870e-12	3.0058e-04	9.9223e-01	7.4700e-03	1.1755e-36	6.3021e-01	3.6979e-01	2.0025e-13	1.1755e-36	1.1755e-36	1.1755e-36	3.0872e-18	0.00e+00	0.00e+00	2.1775e+01
3.46636e+19	4.8508e+03	1.141e-22	1.0000e+01	4.1797e+00	2.2388e-08	5.8298e-01	4.1702e-01	1.0000e+00	5.0879e-09	3.6897e-21	5.4223e-12	2.9470e-04	9.9246e-01	7.2459e-03	1.1755e-36	6.3990e-01	3.6010e-01	1.9066e-13	1.1755e-36	1.1755e-36	1.1755e-36	3.3702e-18	0.00e+00	0.00e+00	2.1976e+01
3.46689e+19	4.7736e+03	1.104e-22	1.0000e+01	4.0809e+00	2.5061e-08	5.9274e-01	4.0726e-01	1.0000e+00	4.9194e-09	3.6086e-21	5.6570e-12	2.8886e-04	9.9268e-01	7.0332e-03	1.1755e-36	6.4929e-01	3.5071e-01	1.8186e-13	1.1755e-36	1.1755e-36	1.1755e-36	3.6697e-18	0.00e+00	0.00e+00	2.2168e+01
3.46738e+19	4.7041e+03	1.070e-22	1.0000e+01	3.9900e+00	2.7710e-08	6.0185e-01	3.9815e-01	1.0000e+00	4.7713e-09	3.5390e-21	5.8817e-12	2.8345e-04	9.9288e-01	6.8371e-03	1.1755e-36	6.5804e-01	3.4196e-01	1.7387e-13	1.1755e-36	1.1755e-36	1.1755e-36	3.9701e-18	0.00e+00	0.00e+00	2.2351e+01
3.46787e+19	4.6258e+03	1.036e-22	1.0000e+01	3.8969e+00	3.0830e-08	6.1118e-01	3.8882e-01	1.0000e+00	4.6294e-09	3.4709e-21	6.1178e-12	2.7800e-04	9.9308e-01	6.6390e-03	1.1755e-36	6.6696e-01	3.3304e-01	1.6616e-13	1.1755e-36	1.1755e-36	1.1755e-36	4.3032e-18	0.00e+00	0.00e+00	2.2545e+01
3.46837e+19	4.5471e+03	1.002e-22	1.0000e+01	3.8031e+00	3.4190e-08	6.2060e-01	3.7940e-01	1.0000e+00	4.4740e-09	3.3924e-21	6.3579e-12	2.7251e-04	9.9328e-01	6.4427e-03	1.1755e-36	6.7592e-01	3.2408e-01	1.5866e-13	1.1755e-36	1.1755e-36	1.1755e-36	4.6572e-18	0.00e+00	0.00e+00	2.2739e+01
3.46887e+19	4.4650e+03	9.678e-23	1.0000e+01	3.7084e+00	3.7876e-08	6.3015e-01	3.6985e-01	1.0000e+00	4.3260e-09	3.3178e-21	6.6020e-12	2.6700e-04	9.9349e-01	6.2468e-03	1.1755e-36	6.8497e-01	3.1503e-01	1.5138e-13	1.1755e-36	1.1755e-36	1.1755e-36	5.0327e-18	0.00e+00	0.00e+00	2.2940e+01
3.46939e+19	4.3832e+03	9.329e-23	1.0000e+01	3.6088e+00	4.1683e-08	6.3960e-01	3.6040e-01	1.0000e+00	4.1821e-09	3.2502e-21	6.8317e-12	2.6111e-04	9.9368e-01	6.0567e-03	1.1755e-36	6.9390e-01	3.0610e-01	1.4439e-13	1.1755e-36	1.1755e-36	1.1755e-36	5.3987e-18	0.00e+00	0.00e+00	2.3150e+01
3.46993e+19	4.2860e+03	8.968e-23	1.0000e+01	3.5056e+00	4.6310e-08	6.5023e-01	3.4977e-01	1.0000e+00	4.0231e-09	3.1653e-21	7.0940e-12	2.5522e-04	9.9390e-01	5.8449e-03	1.1755e-36	7.0389e-01	2.9611e-01	1.3698e-13	1.1755e-36	1.1755e-36	1.1755e-36	5.8278e-18	0.00e+00	0.00e+00	2.3384e+01
3.47050e+19	4.1868e+03	8.596e-23	1.0000e+01	3.3968e+00	5.1035e-08	6.6098e-01	3.3902e-01	1.0000e+00	3.8509e-09	3.0729e-21	7.3363e-12	2.4896e-04	9.9412e-01	5.6357e-03	1.1755e-36	7.1396e-01	2.8604e-01	1.2976e-13	1.1755e-36	1.1755e-36	1.1755e-36	6.2292e-18	0.00e+00	0.00e+00	2.3621e+01
3.47109e+19	4.0728e+03	8.217e-23	1.0000e+01	3.2828e+00	5.6259e-08	6.7250e-01	3.2750e-01	1.0000e+00	3.6797e-09	2.9775e-21	7.5724e-12	2.4258e-04	9.9434e-01	5.4150e-03	1.1755e-36	7.2471e-01	2.7529e-01	1.2247e-13	1.1755e-36	1.1755e-36	1.1755e-36	6.6142e-18	0.00e+00	0.00e+00	2.3881e+01
3.47170e+19	3.9559e+03	7.835e-23	1.0000e+01	3.1663e+00	6.1258e-08	6.8416e-01	3.1584e-01	1.0000e+00	3.4876e-09	2.8644e-21	7.7724e-12	2.3611e-04	9.9457e-01	5.1966e-03	1.1755e-36	7.3553e-01	2.6447e-01	1.1540e-13	1.1755e-36	1.1755e-36	1.1755e-36	6.9161e-18	0.00e+00	0.00e+00	2.4143e+01
###########################
5.47207e+14	6.3510e+03	3.101e-22	1.0000e+01	1.0850e+01	1.4025e-14	1.2624e-03	9.9874e-01	9.2255e-03	9.8915e-01	1.6273e-03	1.2574e-18	4.7640e-05	1.4707e-01	8.5215e-01	7.3220e-04	4.9686e-04	4.4257e-01	5.5654e-01	3.9546e-04	1.1755e-36	1.1755e-36	7.8411e-27	0.00e+00	0.00e+00	8.7220e-05
3.28324e+15	6.3493e+03	3.101e-22	1.0000e+01	1.0850e+01	1.4042e-14	1.2623e-03	9.9874e-01	9.2263e-03	9.8915e-01	1.6257e-03	1.2569e-18	4.7620e-05	1.4709e-01	8.5212e-01	7.3299e-04	4.9672e-04	4.4249e-01	5.5662e-01	3.9406e-04	1.1755e-36	1.1755e-36	7.8339e-27	0.00e+00	0.00e+00	4.3608e-04
1.42274e+16	6.3465e+03	3.099e-22	1.0000e+01	1.0850e+01	1.4065e-14	1.2620e-03	9.9874e-01	9.2289e-03	9.8916e-01	1.6147e-03	1.2564e-18	4.7665e-05	1.4716e-01	8.5206e-01	7.3111e-04	4.9670e-04	4.4251e-01	5.5660e-01	3.8825e-04	1.1755e-36	1.1755e-36	7.8217e-27	0.00e+00	0.00e+00	1.8312e-03
5.80040e+16	6.3375e+03	3.095e-22	1.0000e+01	1.0850e+01	1.4181e-14	1.2624e-03	9.9874e-01	9.2455e-03	9.8920e-01	1.5582e-03	1.2611e-18	4.7888e-05	1.4743e-01	8.5180e-01	7.2489e-04	4.9771e-04	4.4305e-01	5.5609e-01	3.6560e-04	1.1755e-36	1.1755e-36	7.8340e-27	0.00e+00	0.00e+00	7.4133e-03
1.38553e+17	6.3147e+03	3.078e-22	1.0000e+01	1.0849e+01	1.4280e-14	1.2560e-03	9.9874e-01	9.2392e-03	9.8924e-01	1.5218e-03	1.2467e-18	4.7909e-05	1.4744e-01	8.5179e-01	7.1875e-04	4.9609e-04	4.4336e-01	5.5581e-01	3.3527e-04	1.1755e-36	1.1755e-36	7.6743e-27	0.00e+00	0.00e+00	1.4633e-02
2.43266e+17	6.2865e+03	3.060e-22	1.0000e+01	1.0849e+01	1.4452e-14	1.2508e-03	9.9875e-01	9.2460e-03	9.8932e-01	1.4302e-03	1.2367e-18	4.7999e-05	1.4762e-01	8.5162e-01	7.0809e-04	4.9576e-04	4.4428e-01	5.5493e-01	2.9838e-04	1.1755e-36	1.1755e-36	7.5287e-27	0.00e+00	0.00e+00	2.3980e-02
3.79394e+17	6.2547e+03	3.039e-22	1.0000e+01	1.0849e+01	1.4681e-14	1.2460e-03	9.9875e-01	9.2629e-03	9.8945e-01	1.2870e-03	1.2301e-18	4.8127e-05	1.4794e-01	8.5132e-01	6.9317e-04	4.9644e-04	4.4579e-01	5.5346e-01	2.5552e-04	1.1755e-36	1.1755e-36	7.3969e-27	0.00e+00	0.00e+00	3.6085e-02
5.56360e+17	6.2186e+03	3.016e-22	1.0000e+01	1.0849e+01	1.4961e-14	1.2416e-03	9.9876e-01	9.2927e-03	9.8961e-01	1.0955e-03	1.2263e-18	4.8288e-05	1.4845e-01	8.5083e-01	6.7388e-04	4.9843e-04	4.4807e-01	5.5122e-01	2.0806e-04	1.1755e-36	1.1755e-36	7.2627e-27	0.00e+00	0.00e+00	5.1766e-02
7.86416e+17	6.1776e+03	2.988e-22	1.0000e+01	1.0849e+01	1.5312e-14	1.2379e-03	9.9876e-01	9.3399e-03	9.8979e-01	8.6761e-04	1.2265e-18	4.8514e-05	1.4920e-01	8.5010e-01	6.5052e-04	5.0210e-04	4.5133e-01	5.4801e-01	1.5865e-04	1.1755e-36	1.1755e-36	7.1325e-27	0.00e+00	0.00e+00	7.2090e-02
1.08549e+18	6.1313e+03	2.956e-22	1.0000e+01	1.0849e+01	1.5788e-14	1.2353e-03	9.9876e-01	9.4111e-03	9.8996e-01	6.2625e-04	1.2355e-18	4.8858e-05	1.5029e-01	8.4903e-01	6.2392e-04	5.0795e-04	4.5579e-01	5.4360e-01	1.1115e-04	1.1755e-36	1.1755e-36	7.0456e-27	0.00e+00	0.00e+00	9.8456e-02
1.47428e+18	6.0799e+03	2.920e-22	1.0000e+01	1.0848e+01	1.6342e-14	1.2346e-03	9.9877e-01	9.5158e-03	9.9008e-01	4.0207e-04	1.2498e-18	4.9386e-05	1.5186e-01	8.4750e-01	5.9529e-04	5.1663e-04	4.6164e-01	5.3777e-01	6.9885e-05	1.1755e-36	1.1755e-36	6.9432e-27	0.00e+00	0.00e+00	1.3271e-01
1.97971e+18	6.0233e+03	2.880e-22	1.0000e+01	1.0848e+01	1.7126e-14	1.2367e-03	9.9876e-01	9.6691e-03	9.9011e-01	2.2320e-04	1.2825e-18	5.0197e-05	1.5409e-01	8.4529e-01	5.6547e-04	5.2914e-04	4.6920e-01	5.3023e-01	3.8331e-05	1.1755e-36	1.1755e-36	6.9403e-27	0.00e+00	0.00e+00	1.7732e-01
2.63678e+18	5.9626e+03	2.836e-22	1.0000e+01	1.0848e+01	1.8062e-14	1.2436e-03	9.9876e-01	9.8942e-03	9.9000e-01	1.0374e-04	1.3304e-18	5.1428e-05	1.5729e-01	8.4212e-01	5.3445e-04	5.4700e-04	4.7890e-01	5.2054e-01	1.7736e-05	1.1755e-36	1.1755e-36	6.9524e-27	0.00e+00	0.00e+00	2.3564e-01
3.49096e+18	5.8992e+03	2.788e-22	1.0000e+01	1.0847e+01	1.9315e-14	1.2577e-03	9.9874e-01	1.0229e-02	9.8973e-01	3.8922e-05	1.4115e-18	5.3243e-05	1.6190e-01	8.3755e-01	5.0097e-04	5.7270e-04	4.9142e-01	5.0800e-01	6.6625e-06	1.1755e-36	1.1755e-36	7.0920e-27	0.00e+00	0.00e+00	3.1231e-01
4.60139e+18	5.8450e+03	2.736e-22	1.0000e+01	1.0847e+01	2.0767e-14	1.2819e-03	9.9872e-01	1.0723e-02	9.8927e-01	1.1355e-05	1.5415e-18	5.6058e-05	1.6853e-01	8.3095e-01	4.6353e-04	6.0964e-04	5.0775e-01	4.9164e-01	1.9526e-06	1.1755e-36	1.1755e-36	7.4049e-27	0.00e+00	0.00e+00	4.1390e-01
6.04496e+18	5.7979e+03	2.683e-22	1.0000e+01	1.0845e+01	2.2720e-14	1.3239e-03	9.9868e-01	1.1485e-02	9.8851e-01	2.4909e-06	1.7644e-18	6.0511e-05	1.7846e-01	8.2106e-01	4.1930e-04	6.6556e-04	5.2979e-01	4.6955e-01	4.3073e-07	1.1755e-36	1.1755e-36	8.0475e-27	0.00e+00	0.00e+00	5.5030e-01
7.92159e+18	5.7692e+03	2.631e-22	1.0000e+01	1.0843e+01	2.5443e-14	1.3949e-03	9.9861e-01	1.2728e-02	9.8727e-01	4.0819e-07	2.1762e-18	6.7631e-05	1.9385e-01	8.0571e-01	3.6643e-04	7.5317e-04	5.6011e-01	4.3914e-01	1.1755e-36	1.1755e-36	1.1755e-36	9.3880e-27	0.00e+00	0.00e+00	7.3713e-01
9.94437e+18	5.7763e+03	2.577e-22	1.0000e+01	1.0840e+01	2.7606e-14	1.4760e-03	9.9852e-01	1.4348e-02	9.8565e-01	6.7649e-08	2.7111e-18	7.6543e-05	2.1284e-01	7.8677e-01	3.1626e-04	8.5817e-04	5.9352e-01	4.0562e-01	1.1755e-36	1.1755e-36	1.1755e-36	1.0992e-26	0.00e+00	0.00e+00	9.1643e-01
1.17040e+19	5.8136e+03	2.544e-22	1.0000e+01	1.0838e+01	2.9578e-14	1.5662e-03	9.9843e-01	1.6268e-02	9.8373e-01	1.7562e-08	3.4183e-18	8.6582e-05	2.3362e-01	7.6602e-01	2.7532e-04	9.7248e-04	6.2552e-01	3.7351e-01	1.1755e-36	1.1755e-36	1.1755e-36	1.3264e-26	0.00e+00	0.00e+00	1.0742e+00
1.32208e+19	5.8732e+03	2.526e-22	1.0000e+01	1.0835e+01	3.1321e-14	1.6646e-03	9.9834e-01	1.8497e-02	9.8150e-01	6.2721e-09	4.3365e-18	9.7893e-05	2.5617e-01	7.4350e-01	2.4103e-04	1.0963e-03	6.5604e-01	3.4286e-01	1.1755e-36	1.1755e-36	1.1755e-36	1.6263e-26	0.00e+00	0.00e+00	1.2253e+00
1.46354e+19	5.9455e+03	2.515e-22	1.0000e+01	1.0831e+01	3.3243e-14	1.7760e-03	9.9822e-01	2.1264e-02	9.7874e-01	2.5990e-09	5.5995e-18	1.1110e-04	2.8194e-01	7.1774e-01	2.0963e-04	1.2381e-03	6.8714e-01	3.1162e-01	1.1755e-36	1.1755e-36	1.1755e-36	2.0432e-26	0.00e+00	0.00e+00	1.3813e+00
1.59923e+19	6.0273e+03	2.509e-22	1.0000e+01	1.0826e+01	3.5492e-14	1.9028e-03	9.9810e-01	2.4875e-02	9.7512e-01	1.1847e-09	7.3794e-18	1.2696e-04	3.1231e-01	6.8739e-01	1.8001e-04	1.4032e-03	7.1944e-01	2.7916e-01	1.1755e-36	1.1755e-36	1.1755e-36	2.6297e-26	0.00e+00	0.00e+00	1.5402e+00
1.72545e+19	6.1128e+03	2.509e-22	1.0000e+01	1.0820e+01	3.7973e-14	2.0423e-03	9.9796e-01	2.9571e-02	9.7043e-01	5.9684e-10	9.7925e-18	1.4550e-04	3.4723e-01	6.5247e-01	1.5270e-04	1.5894e-03	7.5194e-01	2.4647e-01	1.1755e-36	1.1755e-36	1.1755e-36	3.4022e-26	0.00e+00	0.00e+00	1.6951e+00
1.83893e+19	6.1906e+03	2.516e-22	1.0000e+01	1.0813e+01	4.1065e-14	2.1920e-03	9.9781e-01	3.5620e-02	9.6438e-01	3.3207e-10	1.3013e-17	1.6650e-04	3.8617e-01	6.1353e-01	1.2804e-04	1.7934e-03	7.8351e-01	2.1470e-01	1.1755e-36	1.1755e-36	1.1755e-36	4.4120e-26	0.00e+00	0.00e+00	1.8430e+00
1.94023e+19	6.2744e+03	2.522e-22	1.0000e+01	1.0805e+01	4.4006e-14	2.3460e-03	9.9765e-01	4.3520e-02	9.5648e-01	2.0097e-10	1.7139e-17	1.8969e-04	4.2865e-01	5.7105e-01	1.0614e-04	2.0094e-03	8.1351e-01	1.8448e-01	1.1755e-36	1.1755e-36	1.1755e-36	5.6670e-26	0.00e+00	0.00e+00	1.9849e+00
2.02050e+19	6.3467e+03	2.531e-22	1.0000e+01	1.0797e+01	4.6564e-14	2.4833e-03	9.9752e-01	5.2822e-02	9.4718e-01	1.3819e-10	2.1627e-17	2.1216e-04	4.6944e-01	5.3025e-01	8.8927e-05	2.2078e-03	8.3892e-01	1.5887e-01	1.1755e-36	1.1755e-36	1.1755e-36	6.9726e-26	0.00e+00	0.00e+00	2.0864e+00
2.07561e+19	6.3890e+03	2.540e-22	1.0000e+01	1.0787e+01	4.9130e-14	2.5908e-03	9.9741e-01	6.1733e-02	9.3827e-01	1.0691e-10	2.5741e-17	2.3015e-04	5.0229e-01	4.9740e-01	7.6832e-05	2.3650e-03	8.5744e-01	1.4019e-01	1.1755e-36	1.1755e-36	1.1755e-36	8.1371e-26	0.00e+00	0.00e+00	2.1608e+00
2.11855e+19	6.4264e+03	2.547e-22	1.0000e+01	1.0779e+01	5.1277e-14	2.6818e-03	9.9732e-01	7.0963e-02	9.2904e-01	8.7197e-11	2.9718e-17	2.4610e-04	5.3071e-01	4.6898e-01	6.7378e-05	2.4997e-03	8.7226e-01	1.2524e-01	1.1755e-36	1.1755e-36	1.1755e-36	9.2531e-26	0.00e+00	0.00e+00	2.2292e+00
2.16502e+19	6.4613e+03	2.554e-22	1.0000e+01	1.0767e+01	5.4365e-14	2.7919e-03	9.9721e-01	8.4107e-02	9.1589e-01	6.9015e-11	3.5090e-17	2.6506e-04	5.6430e-01	4.3537e-01	5.7089e-05	2.6622e-03	8.8858e-01	1.0876e-01	1.1755e-36	1.1755e-36	1.1755e-36	1.0756e-25	0.00e+00	0.00e+00	2.3218e+00
2.21257e+19	6.5042e+03	2.561e-22	1.0000e+01	1.0751e+01	5.7299e-14	2.9076e-03	9.9709e-01	1.0288e-01	8.9712e-01	5.4927e-11	4.1578e-17	2.8605e-04	6.0173e-01	3.9794e-01	4.7166e-05	2.8380e-03	9.0576e-01	9.1406e-02	1.1755e-36	1.1755e-36	1.1755e-36	1.2507e-25	0.00e+00	0.00e+00	2.3999e+00
2.24814e+19	6.5253e+03	2.570e-22	1.0000e+01	1.0733e+01	6.0360e-14	3.0032e-03	9.9700e-01	1.2331e-01	8.7669e-01	4.6097e-11	4.7565e-17	3.0364e-04	6.3308e-01	3.6658e-01	3.9736e-05	2.9844e-03	9.1932e-01	7.7692e-02	1.1755e-36	1.1755e-36	1.1755e-36	1.4052e-25	0.00e+00	0.00e+00	2.4542e+00
2.27324e+19	6.5474e+03	2.572e-22	1.0000e+01	1.0715e+01	6.2219e-14	3.0712e-03	9.9693e-01	1.4261e-01	8.5739e-01	4.0414e-11	5.2328e-17	3.1660e-04	6.5640e-01	3.4325e-01	3.4622e-05	3.0915e-03	9.2910e-01	6.7811e-02	1.1755e-36	1.1755e-36	1.1755e-36	1.5240e-25	0.00e+00	0.00e+00	2.4961e+00
2.29438e+19	6.5678e+03	2.573e-22	1.0000e+01	1.0699e+01	6.3889e-14	3.1308e-03	9.9687e-01	1.6343e-01	8.3657e-01	3.5906e-11	5.6907e-17	3.2786e-04	6.7663e-01	3.2302e-01	3.0404e-05	3.1858e-03	9.3737e-01	5.9441e-02	1.1755e-36	1.1755e-36	1.1755e-36	1.6395e-25	0.00e+00	0.00e+00	2.5370e+00
2.31819e+19	6.5766e+03	2.574e-22	1.0000e+01	1.0672e+01	6.6859e-14	3.2056e-03	9.9679e-01	1.9350e-01	8.0650e-01	3.0843e-11	6.2859e-17	3.4103e-04	6.9996e-01	2.9968e-01	2.5747e-05	3.3015e-03	9.4660e-01	5.0098e-02	1.1755e-36	1.1755e-36	1.1755e-36	1.7868e-25	0.00e+00	0.00e+00	2.5914e+00
2.34261e+19	6.6019e+03	2.569e-22	1.0000e+01	1.0638e+01	6.8798e-14	3.2755e-03	9.9672e-01	2.3507e-01	7.6493e-01	2.6219e-11	6.9227e-17	3.5396e-04	7.2363e-01	2.7599e-01	2.1413e-05	3.4149e-03	9.5604e-01	4.0547e-02	1.1755e-36	1.1755e-36	1.1755e-36	1.9366e-25	0.00e+00	0.00e+00	2.6368e+00
2.36124e+19	6.6029e+03	2.566e-22	1.0000e+01	1.0600e+01	7.1603e-14	3.3347e-03	9.9667e-01	2.7896e-01	7.2104e-01	2.2662e-11	7.4909e-17	3.6394e-04	7.4214e-01	2.5748e-01	1.8190e-05	3.5086e-03	9.6327e-01	3.3217e-02	1.1755e-36	1.1755e-36	1.1755e-36	2.0638e-25	0.00e+00	0.00e+00	2.6691e+00
2.37505e+19	6.6214e+03	2.555e-22	1.0000e+01	1.0568e+01	7.2505e-14	3.3722e-03	9.9663e-01	3.2011e-01	6.7989e-01	2.0075e-11	7.9212e-17	3.7071e-04	7.5526e-01	2.4435e-01	1.5952e-05	3.5719e-03	9.6849e-01	2.7941e-02	1.1755e-36	1.1755e-36	1.1755e-36	2.1571e-25	0.00e+00	0.00e+00	2.6953e+00
2.38920e+19	6.6196e+03	2.544e-22	1.0000e+01	1.0521e+01	7.4953e-14	3.4170e-03	9.9658e-01	3.7143e-01	6.2857e-01	1.7171e-11	8.4213e-17	3.7732e-04	7.6823e-01	2.3138e-01	1.3714e-05	3.6428e-03	9.7348e-01	2.2877e-02	1.1755e-36	1.1755e-36	1.1755e-36	2.2603e-25	0.00e+00	0.00e+00	2.7298e+00
2.40469e+19	6.6165e+03	2.530e-22	1.0000e+01	1.0475e+01	7.7960e-14	3.4692e-03	9.9653e-01	4.4028e-01	5.5972e-01	1.4084e-11	9.0388e-17	3.8420e-04	7.8140e-01	2.1820e-01	1.1487e-05	3.7226e-03	9.7852e-01	1.7760e-02	1.1755e-36	1.1755e-36	1.1755e-36	2.3902e-25	0.00e+00	0.00e+00	2.7626e+00
2.41823e+19	6.6109e+03	2.511e-22	1.0000e+01	1.0417e+01	8.0741e-14	3.5113e-03	9.9649e-01	5.1328e-01	4.8672e-01	1.1382e-11	9.5929e-17	3.8899e-04	7.9170e-01	2.0790e-01	9.7100e-06	3.7875e-03	9.8250e-01	1.3717e-02	1.1755e-36	1.1755e-36	1.1755e-36	2.4945e-25	0.00e+00	0.00e+00	2.7894e+00
2.42977e+19	6.6015e+03	2.489e-22	1.0000e+01	1.0355e+01	8.3448e-14	3.5461e-03	9.9645e-01	5.8347e-01	4.1653e-01	9.1208e-12	1.0076e-16	3.9208e-04	7.9933e-01	2.0027e-01	8.3166e-06	3.8402e-03	9.8544e-01	1.0720e-02	1.1755e-36	1.1755e-36	1.1755e-36	2.5768e-25	0.00e+00	0.00e+00	2.8140e+00
2.44237e+19	6.5848e+03	2.465e-22	1.0000e+01	1.0288e+01	8.7320e-14	3.5892e-03	9.9641e-01	6.6411e-01	3.3589e-01	6.8253e-12	1.0672e-16	3.9504e-04	8.0644e-01	1.9315e-01	6.9067e-06	3.9015e-03	9.8809e-01	8.0095e-03	1.1755e-36	1.1755e-36	1.1755e-36	2.6878e-25	0.00e+00	0.00e+00	2.8463e+00
2.45875e+19	6.5640e+03	2.429e-22	1.0000e+01	1.0193e+01	9.2225e-14	3.6430e-03	9.9636e-01	7.6400e-01	2.3600e-01	4.3464e-12	1.1390e-16	3.9730e-04	8.1333e-01	1.8627e-01	5.3570e-06	3.9758e-03	9.9068e-01	5.3428e-03	1.1755e-36	1.1755e-36	1.1755e-36	2.8109e-25	0.00e+00	0.00e+00	2.8889e+00
2.47725e+19	6.5398e+03	2.398e-22	1.0000e+01	1.0108e+01	9.8474e-14	3.7131e-03	9.9629e-01	8.5795e-01	1.4205e-01	2.3623e-12	1.2223e-16	3.9959e-04	8.1887e-01	1.8073e-01	3.9427e-06	4.0664e-03	9.9267e-01	3.2672e-03	1.1755e-36	1.1755e-36	1.1755e-36	2.9782e-25	0.00e+00	0.00e+00	2.9322e+00
2.49849e+19	6.5214e+03	2.378e-22	1.0000e+01	1.0048e+01	1.0575e-13	3.8062e-03	9.9619e-01	9.2758e-01	7.2419e-02	1.0792e-12	1.3173e-16	4.0249e-04	8.2315e-01	1.7644e-01	2.6893e-06	4.1816e-03	9.9398e-01	1.8343e-03	1.1755e-36	1.1755e-36	1.1755e-36	3.2145e-25	0.00e+00	0.00e+00	2.9899e+00
2.52610e+19	6.5151e+03	2.370e-22	1.0000e+01	9.9981e+00	1.1446e-13	3.9356e-03	9.9606e-01	9.7115e-01	2.8849e-02	3.7439e-13	1.4334e-16	4.0608e-04	8.2670e-01	1.7290e-01	1.6151e-06	4.3379e-03	9.9479e-01	8.7102e-04	1.1755e-36	1.1755e-36	1.1755e-36	3.5674e-25	0.00e+00	0.00e+00	3.0674e+00
2.56199e+19	6.5257e+03	2.380e-22	1.0000e+01	9.9766e+00	1.2550e-13	4.1237e-03	9.9588e-01	9.9097e-01	9.0345e-03	9.9118e-14	1.5943e-16	4.1178e-04	8.3025e-01	1.6934e-01	8.2508e-07	4.5619e-03	9.9510e-01	3.3897e-04	1.1755e-36	1.1755e-36	1.1755e-36	4.1430e-25	0.00e+00	0.00e+00	3.1731e+00
2.60866e+19	6.5515e+03	2.406e-22	1.0000e+01	9.9662e+00	1.4091e-13	4.3950e-03	9.9560e-01	9.9772e-01	2.2845e-03	2.0417e-14	1.8330e-16	4.1950e-04	8.3437e-01	1.6521e-01	3.4602e-07	4.8838e-03	9.9501e-01	1.0507e-04	1.1755e-36	1.1755e-36	1.1755e-36	5.0942e-25	0.00e+00	0.00e+00	3.3195e+00
2.66932e+19	6.5916e+03	2.447e-22	1.0000e+01	9.9629e+00	1.6505e-13	4.8008e-03	9.9520e-01	9.9953e-01	4.7125e-04	3.2529e-15	2.2235e-16	4.3018e-04	8.3977e-01	1.5980e-01	1.1755e-36	5.3659e-03	9.9461e-01	2.5140e-05	1.1755e-36	1.1755e-36	1.1755e-36	6.8158e-25	0.00e+00	0.00e+00	3.5274e+00
2.74818e+19	6.6469e+03	2.507e-22	1.0000e+01	9.9574e+00	2.0609e-13	5.4370e-03	9.9456e-01	9.9992e-01	7.8345e-05	3.9081e-16	2.9109e-16	4.4442e-04	8.4709e-01	1.5246e-01	1.1755e-36	6.1246e-03	9.9387e-01	4.4907e-06	1.1755e-36	1.1755e-36	1.1755e-36	1.0226e-24	0.00e+00	0.00e+00	3.8334e+00
2.85071e+19	6.7276e+03	2.594e-22	1.0000e+01	9.9465e+00	2.8343e-13	6.5116e-03	9.9349e-01	9.9999e-01	1.0172e-05	3.3791e-17	4.2857e-16	4.6353e-04	8.5730e-01	1.4224e-01	1.1755e-36	7.4142e-03	9.9259e-01	5.7023e-07	1.1755e-36	1.1755e-36	1.1755e-36	1.8284e-24	0.00e+00	0.00e+00	4.3100e+00
2.94733e+19	6.8053e+03	2.704e-22	1.0000e+01	9.9343e+00	4.1128e-13	8.0112e-03	9.9199e-01	1.0000e+00	1.6781e-06	3.9530e-18	6.6229e-16	4.8307e-04	8.6775e-01	1.3177e-01	1.1755e-36	9.2229e-03	9.9078e-01	8.0655e-08	1.1755e-36	1.1755e-36	1.1755e-36	3.5152e-24	0.00e+00	0.00e+00	4.7012e+00
3.00834e+19	6.8620e+03	2.786e-22	1.0000e+01	9.9190e+00	5.4647e-13	9.3764e-03	9.9062e-01	1.0000e+00	6.6838e-07	1.2834e-18	9.2087e-16	4.9614e-04	8.7526e-01	1.2424e-01	1.1755e-36	1.0879e-02	9.8912e-01	2.5398e-08	1.1755e-36	1.1755e-36	1.1755e-36	5.7626e-24	0.00e+00	0.00e+00	4.9657e+00
3.04847e+19	6.8948e+03	2.844e-22	1.0000e+01	9.9064e+00	6.7746e-13	1.0520e-02	9.8948e-01	1.0000e+00	4.0586e-07	6.7841e-19	1.1736e-15	5.0512e-04	8.8079e-01	1.1870e-01	1.1755e-36	1.2271e-02	9.8773e-01	1.2056e-08	1.1755e-36	1.1755e-36	1.1755e-36	8.2764e-24	0.00e+00	0.00e+00	5.2021e+00
3.08938e+19	6.9213e+03	2.905e-22	1.0000e+01	9.8921e+00	8.6503e-13	1.1943e-02	9.8806e-01	1.0000e+00	2.6508e-07	3.8090e-19	1.5361e-15	5.1461e-04	8.8704e-01	1.1244e-01	1.1755e-36	1.4006e-02	9.8599e-01	5.5306e-09	1.1755e-36	1.1755e-36	1.1755e-36	1.2349e-23	0.00e+00	0.00e+00	5.5509e+00
3.13398e+19	6.9489e+03	2.981e-22	1.0000e+01	9.8752e+00	1.1667e-12	1.3936e-02	9.8606e-01	1.0000e+00	1.8248e-07	2.2459e-19	2.1261e-15	5.2521e-04	8.9418e-01	1.0529e-01	1.1755e-36	1.6444e-02	9.8356e-01	2.3944e-09	1.1755e-36	1.1755e-36	1.1755e-36	2.0024e-23	0.00e+00	0.00e+00	5.9287e+00
3.17229e+19	6.9696e+03	3.053e-22	1.0000e+01	9.8532e+00	1.5739e-12	1.6232e-02	9.8377e-01	1.0000e+00	1.4103e-07	1.5276e-19	2.9263e-15	5.3447e-04	9.0089e-01	9.8572e-02	1.1755e-36	1.9256e-02	9.8074e-01	1.1666e-09	1.1755e-36	1.1755e-36	1.1755e-36	3.2187e-23	0.00e+00	0.00e+00	6.2741e+00
3.20342e+19	6.9817e+03	3.115e-22	1.0000e+01	9.8250e+00	2.0808e-12	1.8667e-02	9.8133e-01	1.0000e+00	1.1789e-07	1.1513e-19	3.9196e-15	5.4186e-04	9.0686e-01	9.2595e-02	1.1755e-36	2.2245e-02	9.7775e-01	6.4398e-10	1.1755e-36	1.1755e-36	1.1755e-36	4.9644e-23	0.00e+00	0.00e+00	6.6106e+00
3.23197e+19	6.9940e+03	3.173e-22	1.0000e+01	9.7958e+00	2.7657e-12	2.1523e-02	9.7848e-01	1.0000e+00	1.0134e-07	8.9868e-20	5.2808e-15	5.4873e-04	9.1282e-01	8.6632e-02	1.1755e-36	2.5755e-02	9.7424e-01	3.6692e-10	1.1755e-36	1.1755e-36	1.1755e-36	7.7259e-23	0.00e+00	0.00e+00	6.9986e+00
3.26024e+19	6.9848e+03	3.238e-22	1.0000e+01	9.7586e+00	3.8682e-12	2.5260e-02	9.7474e-01	1.0000e+00	8.6875e-08	6.9997e-20	7.3762e-15	5.5574e-04	9.1927e-01	8.0169e-02	1.1755e-36	3.0348e-02	9.6965e-01	2.0765e-10	1.1755e-36	1.1755e-36	1.1755e-36	1.2659e-22	0.00e+00	0.00e+00	7.4450e+00
3.28632e+19	6.9767e+03	3.300e-22	1.0000e+01	9.7192e+00	5.5062e-12	2.9917e-02	9.7008e-01	1.0000e+00	7.4876e-08	5.5377e-20	1.0497e-14	5.6226e-04	9.2573e-01	7.3713e-02	1.1755e-36	3.6073e-02	9.6393e-01	1.2118e-10	1.1755e-36	1.1755e-36	1.1755e-36	2.1349e-22	0.00e+00	0.00e+00	7.9018e+00
3.31047e+19	6.9640e+03	3.351e-22	1.0000e+01	9.6537e+00	8.0086e-12	3.5741e-02	9.6426e-01	1.0000e+00	6.5117e-08	4.4527e-20	1.5183e-14	5.6695e-04	9.3219e-01	6.7242e-02	1.1755e-36	4.3230e-02	9.5677e-01	7.1662e-11	1.1755e-36	1.1755e-36	1.1755e-36	3.6862e-22	0.00e+00	0.00e+00	8.4462e+00
3.33412e+19	6.9426e+03	3.399e-22	1.0000e+01	9.5796e+00	1.2318e-11	4.3747e-02	9.5625e-01	1.0000e+00	5.5579e-08	3.5228e-20	2.3099e-14	5.7135e-04	9.3911e-01	6.0314e-02	1.1755e-36	5.3050e-02	9.4695e-01	4.1707e-11	1.1755e-36	1.1755e-36	1.1755e-36	6.8672e-22	0.00e+00	0.00e+00	9.0864e+00
3.35575e+19	6.9170e+03	3.428e-22	1.0000e+01	9.4689e+00	1.9613e-11	5.4354e-02	9.4565e-01	1.0000e+00	4.6863e-08	2.7858e-20	3.6162e-14	5.7312e-04	9.4595e-01	5.3482e-02	1.1755e-36	6.6022e-02	9.3398e-01	2.4638e-11	1.1755e-36	1.1755e-36	1.1755e-36	1.3357e-21	0.00e+00	0.00e+00	9.7753e+00
3.37399e+19	6.8858e+03	3.436e-22	1.0000e+01	9.3439e+00	3.1501e-11	6.7653e-02	9.3235e-01	1.0000e+00	3.9678e-08	2.2413e-20	5.6837e-14	5.7307e-04	9.5230e-01	4.7124e-02	1.1755e-36	8.2210e-02	9.1779e-01	1.5200e-11	1.1755e-36	1.1755e-36	1.1755e-36	2.6190e-21	0.00e+00	0.00e+00	1.0477e+01
3.38890e+19	6.8519e+03	3.415e-22	1.0000e+01	9.1872e+00	4.9878e-11	8.3462e-02	9.1654e-01	1.0000e+00	3.3864e-08	1.8440e-20	8.7595e-14	5.6997e-04	9.5790e-01	4.1526e-02	1.1755e-36	1.0134e-01	8.9866e-01	9.8529e-12	1.1755e-36	1.1755e-36	1.1755e-36	4.9938e-21	0.00e+00	0.00e+00	1.1182e+01
3.40128e+19	6.8124e+03	3.365e-22	1.0000e+01	9.0011e+00	7.8190e-11	1.0215e-01	8.9785e-01	1.0000e+00	2.9064e-08	1.5426e-20	1.3276e-13	5.6413e-04	9.6288e-01	3.6555e-02	1.1755e-36	1.2378e-01	8.7622e-01	6.6152e-12	1.1755e-36	1.1755e-36	1.1755e-36	9.3020e-21	0.00e+00	0.00e+00	1.1915e+01
3.41184e+19	6.7664e+03	3.280e-22	1.0000e+01	8.7677e+00	1.2212e-10	1.2433e-01	8.7567e-01	1.0000e+00	2.4871e-08	1.3009e-20	1.9856e-13	5.5457e-04	9.6732e-01	3.2124e-02	1.1755e-36	1.5015e-01	8.4985e-01	4.5440e-12	1.1755e-36	1.1755e-36	1.1755e-36	1.7007e-20	0.00e+00	0.00e+00	1.2681e+01
3.42089e+19	6.7071e+03	3.168e-22	1.0000e+01	8.5035e+00	1.9171e-10	1.5072e-01	8.4928e-01	1.0000e+00	2.1293e-08	1.1063e-20	2.9488e-13	5.4252e-04	9.7135e-01	2.8112e-02	1.1755e-36	1.8119e-01	8.1881e-01	3.1737e-12	1.1755e-36	1.1755e-36	1.1755e-36	3.0833e-20	0.00e+00	0.00e+00	1.3477e+01
3.42860e+19	6.6337e+03	3.024e-22	1.0000e+01	8.1984e+00	3.0045e-10	1.8124e-01	8.1876e-01	1.0000e+00	1.8233e-08	9.4951e-21	4.3077e-13	5.2734e-04	9.7490e-01	2.4571e-02	1.1755e-36	2.1661e-01	7.8339e-01	2.2587e-12	1.1755e-36	1.1755e-36	1.1755e-36	5.4628e-20	0.00e+00	0.00e+00	1.4284e+01
3.43513e+19	6.5439e+03	2.855e-22	1.0000e+01	7.8548e+00	4.6794e-10	2.1544e-01	7.8456e-01	1.0000e+00	1.5719e-08	8.2742e-21	6.1468e-13	5.0924e-04	9.7800e-01	2.1494e-02	1.1755e-36	2.5572e-01	7.4428e-01	1.6399e-12	1.1755e-36	1.1755e-36	1.1755e-36	9.3591e-20	0.00e+00	0.00e+00	1.5101e+01
3.44076e+19	6.4343e+03	2.663e-22	1.0000e+01	7.4756e+00	7.2794e-10	2.5333e-01	7.4667e-01	1.0000e+00	1.3614e-08	7.2969e-21	8.5834e-13	4.8847e-04	9.8071e-01	1.8800e-02	1.1755e-36	2.9831e-01	7.0169e-01	1.2088e-12	1.1755e-36	1.1755e-36	1.1755e-36	1.5552e-19	0.00e+00	0.00e+00	1.5941e+01
3.44546e+19	6.3096e+03	2.463e-22	1.0000e+01	7.0813e+00	1.1120e-09	2.9276e-01	7.0724e-01	1.0000e+00	1.1803e-08	6.4835e-21	1.1574e-12	4.6625e-04	9.8298e-01	1.6559e-02	1.1755e-36	3.4186e-01	6.5814e-01	9.1556e-13	1.1755e-36	1.1755e-36	1.1755e-36	2.4576e-19	0.00e+00	0.00e+00	1.6707e+01
3.44902e+19	6.1866e+03	2.284e-22	1.0000e+01	6.7244e+00	1.5991e-09	3.2840e-01	6.7160e-01	1.0000e+00	1.0486e-08	5.9127e-21	1.4691e-12	4.4574e-04	9.8468e-01	1.4875e-02	1.1755e-36	3.8056e-01	6.1944e-01	7.2980e-13	1.1755e-36	1.1755e-36	1.1755e-36	3.5507e-19	0.00e+00	0.00e+00	1.7324e+01
3.45163e+19	6.0750e+03	2.137e-22	1.0000e+01	6.4286e+00	2.1462e-09	3.5801e-01	6.4199e-01	1.0000e+00	9.6420e-09	5.5669e-21	1.7593e-12	4.2854e-04	9.8592e-01	1.3651e-02	1.1755e-36	4.1223e-01	5.8777e-01	6.1188e-13	1.1755e-36	1.1755e-36	1.1755e-36	4.7026e-19	0.00e+00	0.00e+00	1.7830e+01
3.45372e+19	5.9692e+03	2.011e-22	1.0000e+01	6.1681e+00	2.7737e-09	3.8400e-01	6.1600e-01	1.0000e+00	8.9977e-09	5.3108e-21	2.0388e-12	4.1327e-04	9.8691e-01	1.2675e-02	1.1755e-36	4.3970e-01	5.6030e-01	5.2750e-13	1.1755e-36	1.1755e-36	1.1755e-36	5.9333e-19	0.00e+00	0.00e+00	1.8303e+01
3.45562e+19	5.8584e+03	1.889e-22	1.0000e+01	5.9141e+00	3.5627e-09	4.0932e-01	5.9068e-01	1.0000e+00	8.3946e-09	5.0681e-21	2.3351e-12	3.9829e-04	9.8780e-01	1.1801e-02	1.1755e-36	4.6615e-01	5.3385e-01	4.5873e-13	1.1755e-36	1.1755e-36	1.1755e-36	7.3726e-19	0.00e+00	0.00e+00	1.8780e+01
3.45740e+19	5.7404e+03	1.770e-22	1.0000e+01	5.6600e+00	4.5832e-09	4.3464e-01	5.6536e-01	1.0000e+00	7.8036e-09	4.8251e-21	2.6575e-12	3.8321e-04	9.8862e-01	1.0997e-02	1.1755e-36	4.9230e-01	5.0770e-01	4.0066e-13	1.1755e-36	1.1755e-36	1.1755e-36	9.1060e-19	0.00e+00	0.00e+00	1.9252e+01
3.45903e+19	5.6173e+03	1.659e-22	1.0000e+01	5.4166e+00	5.8748e-09	4.5912e-01	5.4088e-01	1.0000e+00	7.2680e-09	4.6014e-21	2.9993e-12	3.6874e-04	9.8935e-01	1.0276e-02	1.1755e-36	5.1731e-01	4.8269e-01	3.5284e-13	1.1755e-36	1.1755e-36	1.1755e-36	1.1154e-18	0.00e+00	0.00e+00	1.9696e+01
3.46047e+19	5.4961e+03	1.558e-22	1.0000e+01	5.1888e+00	7.4271e-09	4.8190e-01	5.1810e-01	1.0000e+00	6.8189e-09	4.4186e-21	3.3472e-12	3.5514e-04	9.9000e-01	9.6498e-03	1.1755e-36	5.4035e-01	4.5965e-01	3.1417e-13	1.1755e-36	1.1755e-36	1.1755e-36	1.3483e-18	0.00e+00	0.00e+00	2.0111e+01
3.46178e+19	5.3747e+03	1.465e-22	1.0000e+01	4.9755e+00	9.3017e-09	5.0323e-01	4.9677e-01	1.0000e+00	6.4250e-09	4.2578e-21	3.7060e-12	3.4237e-04	9.9056e-01	9.0958e-03	1.1755e-36	5.6171e-01	4.3829e-01	2.8226e-13	1.1755e-36	1.1755e-36	1.1755e-36	1.6176e-18	0.00e+00	0.00e+00	2.0506e+01
3.46298e+19	5.2523e+03	1.380e-22	1.0000e+01	4.7726e+00	1.1576e-08	5.2353e-01	4.7647e-01	1.0000e+00	6.0681e-09	4.1108e-21	4.0849e-12	3.3021e-04	9.9107e-01	8.5949e-03	1.1755e-36	5.8187e-01	4.1813e-01	2.5516e-13	1.1755e-36	1.1755e-36	1.1755e-36	1.9373e-18	0.00e+00	0.00e+00	2.0889e+01
3.46385e+19	5.1633e+03	1.320e-22	1.0000e+01	4.6281e+00	1.3529e-08	5.3799e-01	4.6201e-01	1.0000e+00	5.7318e-09	3.9479e-21	4.3805e-12	3.2152e-04	9.9142e-01	8.2633e-03	1.1755e-36	5.9610e-01	4.0390e-01	2.3778e-13	1.1755e-36	1.1755e-36	1.1755e-36	2.2137e-18	0.00e+00	0.00e+00	2.1089e+01
3.46435e+19	5.1133e+03	1.285e-22	1.0000e+01	4.5409e+00	1.4760e-08	5.4621e-01	4.5379e-01	1.0000e+00	5.6749e-09	3.9515e-21	4.5552e-12	3.1618e-04	9.9161e-01	8.0773e-03	1.1755e-36	6.0417e-01	3.9583e-01	2.2823e-13	1.1755e-36	1.1755e-36	1.1755e-36	2.3882e-18	0.00e+00	0.00e+00	2.1230e+01
3.46480e+19	5.0490e+03	1.253e-22	1.0000e+01	4.4626e+00	1.6364e-08	5.5483e-01	4.4517e-01	1.0000e+00	5.5748e-09	3.9104e-21	4.7672e-12	3.1167e-04	9.9181e-01	7.8788e-03	1.1755e-36	6.1261e-01	3.8739e-01	2.1899e-13	1.1755e-36	1.1755e-36	1.1755e-36	2.6143e-18	0.00e+00	0.00e+00	2.1402e+01
3.46530e+19	4.9947e+03	1.217e-22	1.0000e+01	4.3718e+00	1.7922e-08	5.6333e-01	4.3667e-01	1.0000e+00	5.4210e-09	3.8469e-21	4.9668e-12	3.0612e-04	9.9200e-01	7.6901e-03	1.1755e-36	6.2088e-01	3.7912e-01	2.0984e-13	1.1755e-36	1.1755e-36	1.1755e-36	2.8366e-18	0.00e+00	0.00e+00	2.1580e+01
3.46583e+19	4.9219e+03	1.178e-22	1.0000e+01	4.2754e+00	2.0086e-08	5.7338e-01	4.2662e-01	1.0000e+00	5.2561e-09	3.7694e-21	5.1978e-12	3.0042e-04	9.9224e-01	7.4595e-03	1.1755e-36	6.3063e-01	3.6937e-01	1.9980e-13	1.1755e-36	1.1755e-36	1.1755e-36	3.0997e-18	0.00e+00	0.00e+00	2.1788e+01
3.46639e+19	4.8470e+03	1.140e-22	1.0000e+01	4.1740e+00	2.2510e-08	5.8343e-01	4.1657e-01	1.0000e+00	5.0638e-09	3.6750e-21	5.4320e-12	2.9439e-04	9.9247e-01	7.2364e-03	1.1755e-36	6.4034e-01	3.5966e-01	1.9024e-13	1.1755e-36	1.1755e-36	1.1755e-36	3.3824e-18	0.00e+00	0.00e+00	2.1984e+01
3.46690e+19	4.7747e+03	1.104e-22	1.0000e+01	4.0797e+00	2.5048e-08	5.9288e-01	4.0712e-01	1.0000e+00	4.9071e-09	3.6010e-21	5.6600e-12	2.8880e-04	9.9268e-01	7.0301e-03	1.1755e-36	6.4943e-01	3.5057e-01	1.8166e-13	1.1755e-36	1.1755e-36	1.1755e-36	3.6730e-18	0.00e+00	0.00e+00	2.2170e+01
3.46739e+19	4.6998e+03	1.069e-22	1.0000e+01	3.9874e+00	2.7849e-08	6.0210e-01	3.9790e-01	1.0000e+00	4.7610e-09	3.5314e-21	5.8884e-12	2.8337e-04	9.9288e-01	6.8319e-03	1.1755e-36	6.5827e-01	3.4173e-01	1.7372e-13	1.1755e-36	1.1755e-36	1.1755e-36	3.9802e-18	0.00e+00	0.00e+00	2.2356e+01
3.46788e+19	4.6256e+03	1.036e-22	1.0000e+01	3.8962e+00	3.0839e-08	6.1123e-01	3.8877e-01	1.0000e+00	4.6116e-09	3.4580e-21	6.1185e-12	2.7800e-04	9.9308e-01	6.6384e-03	1.1755e-36	6.6700e-01	3.3300e-01	1.6611e-13	1.1755e-36	1.1755e-36	1.1755e-36	4.3042e-18	0.00e+00	0.00e+00	2.2543e+01
3.46838e+19	4.5472e+03	1.002e-22	1.0000e+01	3.8032e+00	3.4186e-08	6.2059e-01	3.7941e-01	1.0000e+00	4.4631e-09	3.3840e-21	6.3577e-12	2.7255e-04	9.9328e-01	6.4428e-03	1.1755e-36	6.7591e-01	3.2409e-01	1.5866e-13	1.1755e-36	1.1755e-36	1.1755e-36	4.6569e-18	0.00e+00	0.00e+00	2.2740e+01
3.46888e+19	4.4640e+03	9.675e-23	1.0000e+01	3.7075e+00	3.7920e-08	6.3026e-01	3.6974e-01	1.0000e+00	4.3069e-09	3.3034e-21	6.6049e-12	2.6698e-04	9.9349e-01	6.2445e-03	1.1755e-36	6.8507e-01	3.1493e-01	1.5130e-13	1.1755e-36	1.1755e-36	1.1755e-36	5.0372e-18	0.00e+00	0.00e+00	2.2944e+01
3.46940e+19	4.3818e+03	9.323e-23	1.0000e+01	3.6072e+00	4.1749e-08	6.3976e-01	3.6024e-01	1.0000e+00	4.1571e-09	3.2314e-21	6.8356e-12	2.6106e-04	9.9369e-01	6.0535e-03	1.1755e-36	6.9405e-01	3.0595e-01	1.4426e-13	1.1755e-36	1.1755e-36	1.1755e-36	5.4050e-18	0.00e+00	0.00e+00	2.3154e+01
3.46994e+19	4.2846e+03	8.963e-23	1.0000e+01	3.5041e+00	4.6376e-08	6.5038e-01	3.4962e-01	1.0000e+00	3.9933e-09	3.1424e-21	7.0976e-12	2.5517e-04	9.9390e-01	5.8420e-03	1.1755e-36	7.0404e-01	2.9596e-01	1.3687e-13	1.1755e-36	1.1755e-36	1.1755e-36	5.8338e-18	0.00e+00	0.00e+00	2.3387e+01
3.47051e+19	4.1855e+03	8.591e-23	1.0000e+01	3.3954e+00	5.1095e-08	6.6112e-01	3.3888e-01	1.0000e+00	3.8124e-09	3.0427e-21	7.3393e-12	2.4892e-04	9.9412e-01	5.6332e-03	1.1755e-36	7.1409e-01	2.8591e-01	1.2967e-13	1.1755e-36	1.1755e-36	1.1755e-36	6.2341e-18	0.00e+00	0.00e+00	2.3624e+01
3.47110e+19	4.0715e+03	8.212e-23	1.0000e+01	3.2815e+00	5.6318e-08	6.7263e-01	3.2737e-01	1.0000e+00	3.6242e-09	2.9330e-21	7.5749e-12	2.4255e-04	9.9434e-01	5.4125e-03	1.1755e-36	7.2483e-01	2.7517e-01	1.2239e-13	1.1755e-36	1.1755e-36	1.1755e-36	6.6182e-18	0.00e+00	0.00e+00	2.3884e+01
3.47171e+19	3.9545e+03	7.831e-23	1.0000e+01	3.1650e+00	6.1315e-08	6.8429e-01	3.1571e-01	1.0000e+00	3.3880e-09	2.7831e-21	7.7745e-12	2.3609e-04	9.9457e-01	5.1941e-03	1.1755e-36	7.3566e-01	2.6434e-01	1.1532e-13	1.1755e-36	1.1755e-36	1.1755e-36	6.9192e-18	0.00e+00	0.00e+00	2.4146e+01
