#depth	Te	Htot	hden	eden	2H_2/H	HI	HII	HeI	HeII	HeIII	CO/C	C1	C2	C3	C4	O1	O2	O3	O4	O5	O6	H2O/O	AV(point)	AV(extend)	Tau912
1.92702e+14	6.5109e+03	2.222e-21	2.7826e+01	2.9982e+01	4.2059e-13	5.5581e-03	9.9444e-01	4.6678e-02	9.5313e-01	1.9116e-04	7.0417e-16	7.0341e-04	4.7498e-01	5.2427e-01	4.6247e-05	5.6579e-03	8.8405e-01	1.1028e-01	4.8352e-06	1.1755e-36	1.1755e-36	3.3532e-24	0.00e+00	0.00e+00	3.7638e-04
1.15621e+15	6.5074e+03	2.221e-21	2.7826e+01	2.9970e+01	4.2132e-13	5.5548e-03	9.9445e-01	4.6676e-02	9.5313e-01	1.9097e-04	7.0292e-16	7.0195e-04	4.7499e-01	5.2427e-01	4.6340e-05	5.6545e-03	8.8404e-01	1.1030e-01	4.8203e-06	1.1755e-36	1.1755e-36	3.3429e-24	0.00e+00	0.00e+00	1.8810e-03
5.01025e+15	6.4981e+03	2.217e-21	2.7826e+01	2.9967e+01	4.2456e-13	5.5548e-03	9.9445e-01	4.6755e-02	9.5306e-01	1.8945e-04	7.0360e-16	7.0100e-04	4.7546e-01	5.2379e-01	4.6155e-05	5.6573e-03	8.8428e-01	1.1006e-01	4.7382e-06	1.1755e-36	1.1755e-36	3.3389e-24	0.00e+00	0.00e+00	7.8995e-03
2.04264e+16	6.4793e+03	2.204e-21	2.7826e+01	2.9965e+01	4.3288e-13	5.5647e-03	9.9444e-01	4.7115e-02	9.5270e-01	1.8228e-04	7.0982e-16	7.0278e-04	4.7753e-01	5.2172e-01	4.5401e-05	5.6794e-03	8.8537e-01	1.0895e-01	4.4146e-06	1.1755e-36	1.1755e-36	3.3511e-24	0.00e+00	0.00e+00	3.2016e-02
4.87922e+16	6.4005e+03	2.164e-21	2.7826e+01	2.9966e+01	4.5169e-13	5.5075e-03	9.9449e-01	4.7284e-02	9.5254e-01	1.7611e-04	6.9530e-16	6.9838e-04	4.7897e-01	5.2029e-01	4.4540e-05	5.6376e-03	8.8652e-01	1.0783e-01	4.0247e-06	1.1755e-36	1.1755e-36	3.2021e-24	0.00e+00	0.00e+00	6.3046e-02
8.56676e+16	6.3197e+03	2.125e-21	2.7826e+01	2.9966e+01	4.7759e-13	5.4784e-03	9.9452e-01	4.7768e-02	9.5207e-01	1.6375e-04	6.9086e-16	6.9976e-04	4.8207e-01	5.1719e-01	4.3160e-05	5.6309e-03	8.8839e-01	1.0598e-01	3.5288e-06	1.1755e-36	1.1755e-36	3.1066e-24	0.00e+00	0.00e+00	1.0317e-01
1.33606e+17	6.2329e+03	2.085e-21	2.7826e+01	2.9964e+01	5.1337e-13	5.4754e-03	9.9452e-01	4.8635e-02	9.5122e-01	1.4567e-04	6.9597e-16	7.0616e-04	4.8715e-01	5.1210e-01	4.1234e-05	5.6589e-03	8.9107e-01	1.0327e-01	2.9453e-06	1.1755e-36	1.1755e-36	3.0538e-24	0.00e+00	0.00e+00	1.5531e-01
1.95925e+17	6.1380e+03	2.046e-21	2.7826e+01	2.9960e+01	5.6406e-13	5.5070e-03	9.9449e-01	5.0036e-02	9.4984e-01	1.2244e-04	7.1390e-16	7.1878e-04	4.9491e-01	5.0433e-01	3.8699e-05	5.7329e-03	8.9479e-01	9.9478e-02	2.3043e-06	1.1755e-36	1.1755e-36	3.0537e-24	0.00e+00	0.00e+00	2.2347e-01
2.76941e+17	6.0359e+03	2.006e-21	2.7826e+01	2.9952e+01	6.3639e-13	5.5877e-03	9.9441e-01	5.2254e-02	9.4765e-01	9.5625e-05	7.5066e-16	7.4041e-04	5.0646e-01	4.9276e-01	3.5502e-05	5.8716e-03	8.9980e-01	9.4325e-02	1.6547e-06	1.1755e-36	1.1755e-36	3.1276e-24	0.00e+00	0.00e+00	3.1339e-01
3.82261e+17	5.9277e+03	1.968e-21	2.7826e+01	2.9939e+01	7.4368e-13	5.7441e-03	9.9426e-01	5.5779e-02	9.4415e-01	6.7956e-05	8.1868e-16	7.7545e-04	5.2352e-01	4.7567e-01	3.1603e-05	6.1084e-03	9.0645e-01	8.7438e-02	1.0600e-06	1.1755e-36	1.1755e-36	3.3252e-24	0.00e+00	0.00e+00	4.3355e-01
5.19177e+17	5.8158e+03	1.935e-21	2.7826e+01	2.9917e+01	9.1134e-13	6.0225e-03	9.9398e-01	6.1558e-02	9.3840e-01	4.2840e-05	9.4317e-16	8.3160e-04	5.4881e-01	4.5033e-01	2.6964e-05	6.5020e-03	9.1513e-01	7.8363e-02	5.8234e-07	1.1755e-36	1.1755e-36	3.7480e-24	0.00e+00	0.00e+00	5.9733e-01
6.97167e+17	5.6994e+03	1.911e-21	2.7826e+01	2.9878e+01	1.2008e-12	6.5143e-03	9.9349e-01	7.1622e-02	9.2836e-01	2.3198e-05	1.1823e-15	9.2269e-04	5.8684e-01	4.1222e-01	2.1519e-05	7.1674e-03	9.2628e-01	6.6554e-02	2.5899e-07	1.1755e-36	1.1755e-36	4.6346e-24	0.00e+00	0.00e+00	8.2764e-01
8.86452e+17	5.6030e+03	1.894e-21	2.7826e+01	2.9826e+01	1.5963e-12	7.1417e-03	9.9286e-01	8.6507e-02	9.1348e-01	1.1932e-05	1.5311e-15	1.0366e-03	6.3242e-01	3.6652e-01	1.6492e-05	8.0064e-03	9.3734e-01	5.4652e-02	1.1755e-36	1.1755e-36	1.1755e-36	5.9557e-24	0.00e+00	0.00e+00	1.0502e+00
1.04719e+18	5.5530e+03	1.897e-21	2.7826e+01	2.9782e+01	2.0515e-12	7.8710e-03	9.9213e-01	1.0603e-01	8.9396e-01	6.7709e-06	2.0081e-15	1.1608e-03	6.7845e-01	3.2038e-01	1.2511e-05	8.9621e-03	9.4659e-01	4.4444e-02	1.1755e-36	1.1755e-36	1.1755e-36	7.8864e-24	0.00e+00	0.00e+00	1.2495e+00
1.17765e+18	5.5248e+03	1.907e-21	2.7826e+01	2.9682e+01	2.5606e-12	8.6374e-03	9.9136e-01	1.2931e-01	8.7069e-01	4.2385e-06	2.5948e-15	1.2792e-03	7.2066e-01	2.7805e-01	9.5103e-06	9.9568e-03	9.5386e-01	3.6179e-02	1.1755e-36	1.1755e-36	1.1755e-36	1.0361e-23	0.00e+00	0.00e+00	1.4268e+00
1.27595e+18	5.5178e+03	1.920e-21	2.7826e+01	2.9602e+01	3.0304e-12	9.3358e-03	9.9066e-01	1.5454e-01	8.4546e-01	2.9700e-06	3.2189e-15	1.3811e-03	7.5533e-01	2.4328e-01	7.4296e-06	1.0859e-02	9.5906e-01	3.0077e-02	1.1755e-36	1.1755e-36	1.1755e-36	1.3086e-23	0.00e+00	0.00e+00	1.5577e+00
1.34653e+18	5.5169e+03	1.931e-21	2.7826e+01	2.9527e+01	3.4518e-12	9.9312e-03	9.9007e-01	1.7908e-01	8.2092e-01	2.2817e-06	3.8257e-15	1.4618e-03	7.8175e-01	2.1678e-01	6.0290e-06	1.1626e-02	9.6265e-01	2.5721e-02	1.1755e-36	1.1755e-36	1.1755e-36	1.5803e-23	0.00e+00	0.00e+00	1.6648e+00
1.40617e+18	5.5168e+03	1.942e-21	2.7826e+01	2.9447e+01	3.8910e-12	1.0511e-02	9.8949e-01	2.0564e-01	7.9436e-01	1.8060e-06	4.4885e-15	1.5345e-03	8.0467e-01	1.9379e-01	4.9271e-06	1.2371e-02	9.6553e-01	2.2100e-02	1.1755e-36	1.1755e-36	1.1755e-36	1.8827e-23	0.00e+00	0.00e+00	1.7718e+00
1.47280e+18	5.5220e+03	1.954e-21	2.7826e+01	2.9370e+01	4.4846e-12	1.1262e-02	9.8874e-01	2.4423e-01	7.5577e-01	1.3754e-06	5.4771e-15	1.6208e-03	8.3055e-01	1.6783e-01	3.8007e-06	1.3334e-02	9.6852e-01	1.8149e-02	1.1755e-36	1.1755e-36	1.1755e-36	2.3470e-23	0.00e+00	0.00e+00	1.9208e+00
1.54057e+18	5.5164e+03	1.970e-21	2.7826e+01	2.9248e+01	5.2823e-12	1.2130e-02	9.8787e-01	2.9643e-01	7.0357e-01	1.0189e-06	6.7866e-15	1.7111e-03	8.5665e-01	1.4163e-01	2.8130e-06	1.4443e-02	9.7112e-01	1.4433e-02	1.1755e-36	1.1755e-36	1.1755e-36	2.9549e-23	0.00e+00	0.00e+00	2.0491e+00
1.59180e+18	5.5248e+03	1.975e-21	2.7826e+01	2.9073e+01	5.9078e-12	1.2832e-02	9.8717e-01	3.4814e-01	6.5186e-01	7.9217e-07	8.0302e-15	1.7742e-03	8.7582e-01	1.2240e-01	2.1733e-06	1.5341e-02	9.7288e-01	1.1783e-02	1.1755e-36	1.1755e-36	1.1755e-36	3.5167e-23	0.00e+00	0.00e+00	2.1444e+00
1.63109e+18	5.5276e+03	1.981e-21	2.7826e+01	2.8951e+01	6.5290e-12	1.3451e-02	9.8655e-01	3.9764e-01	6.0236e-01	6.4187e-07	9.2973e-15	1.8244e-03	8.9006e-01	1.0811e-01	1.7369e-06	1.6129e-02	9.7402e-01	9.8458e-03	1.1755e-36	1.1755e-36	1.1755e-36	4.0897e-23	0.00e+00	0.00e+00	2.2303e+00
1.67287e+18	5.5183e+03	1.983e-21	2.7826e+01	2.8756e+01	7.4086e-12	1.4186e-02	9.8581e-01	4.5881e-01	5.4119e-01	4.9056e-07	1.0973e-14	1.8755e-03	9.0410e-01	9.4020e-02	1.3368e-06	1.7065e-02	9.7500e-01	7.9393e-03	1.1755e-36	1.1755e-36	1.1755e-36	4.8170e-23	0.00e+00	0.00e+00	2.3480e+00
1.71951e+18	5.5104e+03	1.989e-21	2.7826e+01	2.8596e+01	8.5959e-12	1.5119e-02	9.8488e-01	5.3941e-01	4.6059e-01	3.5389e-07	1.3488e-14	1.9334e-03	9.1824e-01	7.9830e-02	9.7445e-07	1.8245e-02	9.7568e-01	6.0706e-03	1.1755e-36	1.1755e-36	1.1755e-36	5.9122e-23	0.00e+00	0.00e+00	2.4704e+00
1.76220e+18	5.5087e+03	1.991e-21	2.7826e+01	2.8391e+01	9.8236e-12	1.6047e-02	9.8395e-01	6.2234e-01	3.7766e-01	2.4889e-07	1.6432e-14	1.9795e-03	9.2936e-01	6.8658e-02	7.1587e-07	1.9416e-02	9.7598e-01	4.6013e-03	1.1755e-36	1.1755e-36	1.1755e-36	7.1465e-23	0.00e+00	0.00e+00	2.5812e+00
1.80105e+18	5.5096e+03	1.985e-21	2.7826e+01	2.8114e+01	1.1074e-11	1.6942e-02	9.8306e-01	6.9947e-01	3.0053e-01	1.7048e-07	1.9668e-14	2.0115e-03	9.3760e-01	6.0388e-02	5.3645e-07	2.0543e-02	9.7597e-01	3.4875e-03	1.1755e-36	1.1755e-36	1.1755e-36	8.4522e-23	0.00e+00	0.00e+00	2.6955e+00
1.84517e+18	5.5003e+03	1.986e-21	2.7826e+01	2.7868e+01	1.3035e-11	1.8158e-02	9.8184e-01	7.8199e-01	2.1801e-01	1.0398e-07	2.4515e-14	2.0507e-03	9.4511e-01	5.2839e-02	3.8068e-07	2.2067e-02	9.7546e-01	2.4733e-03	1.1755e-36	1.1755e-36	1.1755e-36	1.0508e-22	0.00e+00	0.00e+00	2.8546e+00
1.90253e+18	5.4983e+03	1.999e-21	2.7826e+01	2.7677e+01	1.6217e-11	2.0056e-02	9.7994e-01	8.6848e-01	1.3152e-01	5.1184e-08	3.2846e-14	2.1052e-03	9.5213e-01	4.5763e-02	2.4310e-07	2.4433e-02	9.7403e-01	1.5347e-03	1.1755e-36	1.1755e-36	1.1755e-36	1.4459e-22	0.00e+00	0.00e+00	3.0831e+00
1.97710e+18	5.5280e+03	2.019e-21	2.7826e+01	2.7366e+01	2.0975e-11	2.2965e-02	9.7703e-01	9.3792e-01	6.2078e-02	1.8435e-08	4.6470e-14	2.1608e-03	9.5766e-01	4.0178e-02	1.3844e-07	2.8048e-02	9.7115e-01	7.9941e-04	1.1755e-36	1.1755e-36	1.1755e-36	2.2116e-22	0.00e+00	0.00e+00	3.4232e+00
2.07404e+18	5.6015e+03	2.069e-21	2.7826e+01	2.7128e+01	2.9593e-11	2.8086e-02	9.7191e-01	9.7780e-01	2.2204e-02	4.7503e-09	7.3150e-14	2.2375e-03	9.6214e-01	3.5620e-02	1.1755e-36	3.4383e-02	9.6529e-01	3.3116e-04	1.1755e-36	1.1755e-36	1.1755e-36	4.1893e-22	0.00e+00	0.00e+00	3.9640e+00
2.17734e+18	5.7334e+03	2.141e-21	2.7826e+01	2.6863e+01	4.4255e-11	3.6327e-02	9.6367e-01	9.9241e-01	7.5920e-03	1.1766e-09	1.2591e-13	2.3130e-03	9.6575e-01	3.1941e-02	1.1755e-36	4.4540e-02	9.5533e-01	1.2538e-04	1.1755e-36	1.1755e-36	1.1755e-36	9.5804e-22	0.00e+00	0.00e+00	4.5833e+00
2.25870e+18	5.8712e+03	2.207e-21	2.7826e+01	2.6568e+01	6.5525e-11	4.6856e-02	9.5314e-01	9.9649e-01	3.5120e-03	4.3033e-10	2.1267e-13	2.3644e-03	9.6867e-01	2.8970e-02	1.1755e-36	5.7464e-02	9.4248e-01	5.6627e-05	1.1755e-36	1.1755e-36	1.1755e-36	2.1631e-21	0.00e+00	0.00e+00	5.1241e+00
2.31419e+18	5.9832e+03	2.246e-21	2.7826e+01	2.6253e+01	9.0892e-11	5.7722e-02	9.4228e-01	9.9784e-01	2.1599e-03	2.2728e-10	3.2635e-13	2.3878e-03	9.7092e-01	2.6695e-02	1.1755e-36	7.0740e-02	9.2923e-01	3.1989e-05	1.1755e-36	1.1755e-36	1.1755e-36	4.2148e-21	0.00e+00	0.00e+00	5.5833e+00
2.35147e+18	6.0451e+03	2.271e-21	2.7826e+01	2.5968e+01	1.2045e-10	6.7904e-02	9.3210e-01	9.9842e-01	1.5799e-03	1.5053e-10	4.5577e-13	2.3969e-03	9.7264e-01	2.4960e-02	1.1755e-36	8.3128e-02	9.1685e-01	2.1389e-05	1.1755e-36	1.1755e-36	1.1755e-36	7.0767e-21	0.00e+00	0.00e+00	5.9327e+00
2.37857e+18	6.0923e+03	2.281e-21	2.7826e+01	2.5708e+01	1.5123e-10	7.7266e-02	9.2273e-01	9.9874e-01	1.2598e-03	1.1164e-10	5.9516e-13	2.3975e-03	9.7401e-01	2.3590e-02	1.1755e-36	9.4468e-02	9.0552e-01	1.5652e-05	1.1755e-36	1.1755e-36	1.1755e-36	1.0706e-20	0.00e+00	0.00e+00	6.2708e+00
2.40721e+18	6.1353e+03	2.283e-21	2.7826e+01	2.5368e+01	1.9818e-10	8.9477e-02	9.1052e-01	9.9902e-01	9.8323e-04	8.0452e-11	8.0726e-13	2.3914e-03	9.7559e-01	2.2016e-02	1.1755e-36	1.0919e-01	8.9080e-01	1.0976e-05	1.1755e-36	1.1755e-36	1.1755e-36	1.7162e-20	0.00e+00	0.00e+00	6.7798e+00
2.43876e+18	6.1772e+03	2.273e-21	2.7826e+01	2.4910e+01	2.7897e-10	1.0703e-01	8.9297e-01	9.9924e-01	7.5983e-04	5.7320e-11	1.1735e-12	2.3751e-03	9.7745e-01	2.0179e-02	1.1755e-36	1.3020e-01	8.6979e-01	7.3101e-06	1.1755e-36	1.1755e-36	1.1755e-36	3.0675e-20	0.00e+00	0.00e+00	7.3576e+00
2.46587e+18	6.2067e+03	2.241e-21	2.7826e+01	2.4317e+01	3.9336e-10	1.2722e-01	8.7278e-01	9.9939e-01	6.1356e-04	4.3571e-11	1.6833e-12	2.3414e-03	9.7915e-01	1.8507e-02	1.1755e-36	1.5417e-01	8.4583e-01	5.0387e-06	1.1755e-36	1.1755e-36	1.1755e-36	5.3728e-20	0.00e+00	0.00e+00	7.8828e+00
2.48696e+18	6.2163e+03	2.198e-21	2.7826e+01	2.3741e+01	5.3931e-10	1.4781e-01	8.5219e-01	9.9948e-01	5.2013e-04	3.5340e-11	2.3099e-12	2.3038e-03	9.8062e-01	1.7079e-02	1.1755e-36	1.7837e-01	8.2162e-01	3.6808e-06	1.1755e-36	1.1755e-36	1.1755e-36	8.7937e-20	0.00e+00	0.00e+00	8.3680e+00
2.50495e+18	6.2108e+03	2.143e-21	2.7826e+01	2.3130e+01	7.3294e-10	1.6973e-01	8.3027e-01	9.9955e-01	4.5153e-04	2.9615e-11	3.1006e-12	2.2600e-03	9.8196e-01	1.5783e-02	1.1755e-36	2.0388e-01	7.9612e-01	2.7573e-06	1.1755e-36	1.1755e-36	1.1755e-36	1.3922e-19	0.00e+00	0.00e+00	8.8842e+00
2.52486e+18	6.1821e+03	2.057e-21	2.7826e+01	2.2296e+01	1.0779e-09	1.9968e-01	8.0032e-01	9.9962e-01	3.8426e-04	2.4280e-11	4.4021e-12	2.1959e-03	9.8354e-01	1.4266e-02	1.1755e-36	2.3833e-01	7.6167e-01	1.9494e-06	1.1755e-36	1.1755e-36	1.1755e-36	2.4101e-19	0.00e+00	0.00e+00	9.6738e+00
2.54568e+18	6.1213e+03	1.931e-21	2.7826e+01	2.1172e+01	1.7255e-09	2.4003e-01	7.5997e-01	9.9967e-01	3.2927e-04	2.0262e-11	6.5881e-12	2.1039e-03	9.8524e-01	1.2655e-02	1.1755e-36	2.8397e-01	7.1602e-01	1.3259e-06	1.1755e-36	1.1755e-36	1.1755e-36	4.5570e-19	0.00e+00	0.00e+00	1.0480e+01
2.56245e+18	6.0328e+03	1.793e-21	2.7826e+01	2.0007e+01	2.7271e-09	2.8235e-01	7.1765e-01	9.9971e-01	2.9269e-04	1.7808e-11	9.4908e-12	2.0044e-03	9.8671e-01	1.1283e-02	1.1755e-36	3.3096e-01	6.6904e-01	9.4174e-07	1.1755e-36	1.1755e-36	1.1755e-36	8.1727e-19	0.00e+00	0.00e+00	1.1196e+01
2.57461e+18	5.9368e+03	1.667e-21	2.7826e+01	1.8962e+01	4.0043e-09	3.1941e-01	6.8059e-01	9.9973e-01	2.7064e-04	1.6471e-11	1.2608e-11	1.9128e-03	9.8781e-01	1.0275e-02	1.1755e-36	3.7135e-01	6.2865e-01	7.2180e-07	1.1755e-36	1.1755e-36	1.1755e-36	1.2965e-18	0.00e+00	0.00e+00	1.1751e+01
2.58316e+18	5.8487e+03	1.567e-21	2.7826e+01	1.8138e+01	5.4120e-09	3.4900e-01	6.5100e-01	9.9974e-01	2.5659e-04	1.5675e-11	1.5562e-11	1.8395e-03	9.8860e-01	9.5583e-03	1.1755e-36	4.0311e-01	5.9689e-01	5.9252e-07	1.1755e-36	1.1755e-36	1.1755e-36	1.8368e-18	0.00e+00	0.00e+00	1.2192e+01
2.58991e+18	5.7632e+03	1.481e-21	2.7826e+01	1.7428e+01	7.0222e-09	3.7453e-01	6.2547e-01	9.9975e-01	2.4616e-04	1.5112e-11	1.8498e-11	1.7759e-03	9.8924e-01	8.9857e-03	1.1755e-36	4.3019e-01	5.6981e-01	5.0326e-07	1.1755e-36	1.1755e-36	1.1755e-36	2.4585e-18	0.00e+00	0.00e+00	1.2608e+01
2.59618e+18	5.6701e+03	1.397e-21	2.7826e+01	1.6719e+01	9.1206e-09	3.9994e-01	6.0006e-01	9.9976e-01	2.3696e-04	1.4644e-11	2.1839e-11	1.7120e-03	9.8983e-01	8.4542e-03	1.1755e-36	4.5682e-01	5.4318e-01	4.3016e-07	1.1755e-36	1.1755e-36	1.1755e-36	3.2726e-18	0.00e+00	0.00e+00	1.3045e+01
2.60222e+18	5.5665e+03	1.311e-21	2.7826e+01	1.5992e+01	1.1970e-08	4.2597e-01	5.7403e-01	9.9977e-01	2.2878e-04	1.4264e-11	2.5783e-11	1.6461e-03	9.9041e-01	7.9482e-03	1.1755e-36	4.8380e-01	5.1620e-01	3.6832e-07	1.1755e-36	1.1755e-36	1.1755e-36	4.3898e-18	0.00e+00	0.00e+00	1.3483e+01
2.60638e+18	5.4901e+03	1.252e-21	2.7826e+01	1.5482e+01	1.4524e-08	4.4432e-01	5.5568e-01	9.9978e-01	2.2457e-04	1.4124e-11	2.8948e-11	1.5995e-03	9.9077e-01	7.6260e-03	1.1755e-36	5.0264e-01	4.9736e-01	3.3207e-07	1.1755e-36	1.1755e-36	1.1755e-36	5.4165e-18	0.00e+00	0.00e+00	1.3676e+01
2.60831e+18	5.4501e+03	1.225e-21	2.7826e+01	1.5239e+01	1.5995e-08	4.5321e-01	5.4679e-01	9.9978e-01	2.2245e-04	1.4044e-11	3.0629e-11	1.5775e-03	9.9095e-01	7.4711e-03	1.1755e-36	5.1170e-01	4.8830e-01	3.1593e-07	1.1755e-36	1.1755e-36	1.1755e-36	6.0124e-18	0.00e+00	0.00e+00	1.3787e+01
2.60977e+18	5.4177e+03	1.202e-21	2.7826e+01	1.5044e+01	1.7274e-08	4.6019e-01	5.3981e-01	9.9978e-01	2.2064e-04	1.3972e-11	3.2016e-11	1.5597e-03	9.9109e-01	7.3480e-03	1.1755e-36	5.1880e-01	4.8120e-01	3.0358e-07	1.1755e-36	1.1755e-36	1.1755e-36	6.5309e-18	0.00e+00	0.00e+00	1.3910e+01
2.61152e+18	5.3826e+03	1.175e-21	2.7826e+01	1.4804e+01	1.8856e-08	4.6851e-01	5.3149e-01	9.9978e-01	2.1862e-04	1.3907e-11	3.3726e-11	1.5374e-03	9.9126e-01	7.2039e-03	1.1755e-36	5.2722e-01	4.7278e-01	2.8925e-07	1.1755e-36	1.1755e-36	1.1755e-36	7.2019e-18	0.00e+00	0.00e+00	1.4073e+01
2.61369e+18	5.3265e+03	1.141e-21	2.7826e+01	1.4505e+01	2.1377e-08	4.7932e-01	5.2068e-01	9.9978e-01	2.1599e-04	1.3803e-11	3.6173e-11	1.5103e-03	9.9147e-01	7.0190e-03	1.1755e-36	5.3814e-01	4.6186e-01	2.7223e-07	1.1755e-36	1.1755e-36	1.1755e-36	8.2380e-18	0.00e+00	0.00e+00	1.4272e+01
2.61587e+18	5.2733e+03	1.108e-21	2.7826e+01	1.4207e+01	2.4146e-08	4.9004e-01	5.0996e-01	9.9979e-01	2.1374e-04	1.3734e-11	3.8781e-11	1.4830e-03	9.9167e-01	6.8437e-03	1.1755e-36	5.4890e-01	4.5110e-01	2.5649e-07	1.1755e-36	1.1755e-36	1.1755e-36	9.4312e-18	0.00e+00	0.00e+00	1.4444e+01
2.61774e+18	5.2194e+03	1.080e-21	2.7826e+01	1.3956e+01	2.7147e-08	4.9979e-01	5.0021e-01	9.9979e-01	2.1161e-04	1.3645e-11	4.1434e-11	1.4605e-03	9.9186e-01	6.6845e-03	1.1755e-36	5.5866e-01	4.4134e-01	2.4327e-07	1.1755e-36	1.1755e-36	1.1755e-36	1.0750e-17	0.00e+00	0.00e+00	1.4597e+01
2.61940e+18	5.1793e+03	1.054e-21	2.7826e+01	1.3718e+01	2.9787e-08	5.0800e-01	4.9200e-01	9.9979e-01	2.1009e-04	1.3622e-11	4.3733e-11	1.4383e-03	9.9201e-01	6.5564e-03	1.1755e-36	5.6682e-01	4.3318e-01	2.3235e-07	1.1755e-36	1.1755e-36	1.1755e-36	1.1969e-17	0.00e+00	0.00e+00	1.4737e+01
2.62108e+18	5.1260e+03	1.028e-21	2.7826e+01	1.3475e+01	3.3342e-08	5.1698e-01	4.8302e-01	9.9979e-01	2.0825e-04	1.3556e-11	4.6575e-11	1.4164e-03	9.9217e-01	6.4144e-03	1.1755e-36	5.7575e-01	4.2425e-01	2.2129e-07	1.1755e-36	1.1755e-36	1.1755e-36	1.3601e-17	0.00e+00	0.00e+00	1.4899e+01
2.62280e+18	5.0765e+03	1.001e-21	2.7826e+01	1.3224e+01	3.7155e-08	5.2591e-01	4.7409e-01	9.9979e-01	2.0667e-04	1.3527e-11	4.9578e-11	1.3933e-03	9.9233e-01	6.2784e-03	1.1755e-36	5.8457e-01	4.1543e-01	2.1071e-07	1.1755e-36	1.1755e-36	1.1755e-36	1.5455e-17	0.00e+00	0.00e+00	1.5053e+01
2.62445e+18	5.0284e+03	9.747e-22	2.7826e+01	1.2982e+01	4.1276e-08	5.3454e-01	4.6546e-01	9.9979e-01	2.0519e-04	1.3501e-11	5.2743e-11	1.3711e-03	9.9248e-01	6.1486e-03	1.1755e-36	5.9307e-01	4.0693e-01	2.0095e-07	1.1755e-36	1.1755e-36	1.1755e-36	1.7559e-17	0.00e+00	0.00e+00	1.5206e+01
2.62608e+18	4.9761e+03	9.491e-22	2.7826e+01	1.2735e+01	4.6085e-08	5.4316e-01	4.5684e-01	9.9980e-01	2.0372e-04	1.3479e-11	5.6056e-11	1.3485e-03	9.9263e-01	6.0190e-03	1.1755e-36	6.0154e-01	3.9846e-01	1.9172e-07	1.1755e-36	1.1755e-36	1.1755e-36	1.9925e-17	0.00e+00	0.00e+00	1.5361e+01
2.62767e+18	4.9209e+03	9.245e-22	2.7826e+01	1.2502e+01	5.1670e-08	5.5195e-01	4.4805e-01	9.9980e-01	2.0217e-04	1.3437e-11	5.9539e-11	1.3274e-03	9.9279e-01	5.8844e-03	1.1755e-36	6.1013e-01	3.8987e-01	1.8289e-07	1.1755e-36	1.1755e-36	1.1755e-36	2.2577e-17	0.00e+00	0.00e+00	1.5513e+01
2.62918e+18	4.8680e+03	9.012e-22	2.7826e+01	1.2272e+01	5.7587e-08	5.6009e-01	4.3991e-01	9.9980e-01	2.0089e-04	1.3421e-11	6.2972e-11	1.3065e-03	9.9293e-01	5.7626e-03	1.1755e-36	6.1806e-01	3.8194e-01	1.7504e-07	1.1755e-36	1.1755e-36	1.1755e-36	2.5401e-17	0.00e+00	0.00e+00	1.5655e+01
2.63060e+18	4.8170e+03	8.790e-22	2.7826e+01	1.2054e+01	6.3923e-08	5.6786e-01	4.3214e-01	9.9980e-01	1.9969e-04	1.3409e-11	6.6484e-11	1.2866e-03	9.9307e-01	5.6473e-03	1.1755e-36	6.2561e-01	3.7439e-01	1.6783e-07	1.1755e-36	1.1755e-36	1.1755e-36	2.8499e-17	0.00e+00	0.00e+00	1.5795e+01
2.63201e+18	4.7653e+03	8.571e-22	2.7826e+01	1.1838e+01	7.1046e-08	5.7567e-01	4.2433e-01	9.9980e-01	1.9848e-04	1.3395e-11	7.0273e-11	1.2670e-03	9.9320e-01	5.5323e-03	1.1755e-36	6.3317e-01	3.6683e-01	1.6088e-07	1.1755e-36	1.1755e-36	1.1755e-36	3.2082e-17	0.00e+00	0.00e+00	1.5939e+01
2.63343e+18	4.7103e+03	8.353e-22	2.7826e+01	1.1620e+01	7.9346e-08	5.8362e-01	4.1638e-01	9.9980e-01	1.9725e-04	1.3376e-11	7.4445e-11	1.2474e-03	9.9334e-01	5.4162e-03	1.1755e-36	6.4084e-01	3.5916e-01	1.5414e-07	1.1755e-36	1.1755e-36	1.1755e-36	3.6333e-17	0.00e+00	0.00e+00	1.6084e+01
2.63481e+18	4.6555e+03	8.139e-22	2.7826e+01	1.1397e+01	8.8419e-08	5.9115e-01	4.0885e-01	9.9980e-01	1.9625e-04	1.3387e-11	7.8651e-11	1.2272e-03	9.9346e-01	5.3089e-03	1.1755e-36	6.4809e-01	3.5191e-01	1.4797e-07	1.1755e-36	1.1755e-36	1.1755e-36	4.0978e-17	0.00e+00	0.00e+00	1.6224e+01
2.63615e+18	4.6050e+03	7.933e-22	2.7826e+01	1.1188e+01	9.7846e-08	5.9847e-01	4.0153e-01	9.9980e-01	1.9529e-04	1.3397e-11	8.2992e-11	1.2081e-03	9.9359e-01	5.2053e-03	1.1755e-36	6.5510e-01	3.4490e-01	1.4216e-07	1.1755e-36	1.1755e-36	1.1755e-36	4.6086e-17	0.00e+00	0.00e+00	1.6363e+01
2.63749e+18	4.5475e+03	7.730e-22	2.7826e+01	1.0979e+01	1.0947e-07	6.0619e-01	3.9381e-01	9.9981e-01	1.9412e-04	1.3380e-11	8.8030e-11	1.1896e-03	9.9372e-01	5.0953e-03	1.1755e-36	6.6247e-01	3.3753e-01	1.3637e-07	1.1755e-36	1.1755e-36	1.1755e-36	5.2480e-17	0.00e+00	0.00e+00	1.6508e+01
2.63882e+18	4.4912e+03	7.531e-22	2.7826e+01	1.0773e+01	1.2207e-07	6.1368e-01	3.8632e-01	9.9981e-01	1.9310e-04	1.3378e-11	9.3250e-11	1.1711e-03	9.9384e-01	4.9903e-03	1.1755e-36	6.6962e-01	3.3038e-01	1.3094e-07	1.1755e-36	1.1755e-36	1.1755e-36	5.9627e-17	0.00e+00	0.00e+00	1.6647e+01
2.64008e+18	4.4350e+03	7.342e-22	2.7826e+01	1.0571e+01	1.3579e-07	6.2085e-01	3.7914e-01	9.9981e-01	1.9216e-04	1.3382e-11	9.8606e-11	1.1532e-03	9.9396e-01	4.8908e-03	1.1755e-36	6.7643e-01	3.2357e-01	1.2594e-07	1.1755e-36	1.1755e-36	1.1755e-36	6.7545e-17	0.00e+00	0.00e+00	1.6783e+01
2.64133e+18	4.3788e+03	7.158e-22	2.7826e+01	1.0375e+01	1.5084e-07	6.2793e-01	3.7207e-01	9.9981e-01	1.9122e-04	1.3383e-11	1.0425e-10	1.1358e-03	9.9407e-01	4.7932e-03	1.1755e-36	6.8314e-01	3.1686e-01	1.2117e-07	1.1755e-36	1.1755e-36	1.1755e-36	7.6508e-17	0.00e+00	0.00e+00	1.6920e+01
2.64256e+18	4.3215e+03	6.976e-22	2.7826e+01	1.0179e+01	1.6758e-07	6.3500e-01	3.6499e-01	9.9981e-01	1.9030e-04	1.3385e-11	1.1025e-10	1.1185e-03	9.9419e-01	4.6964e-03	1.1755e-36	6.8982e-01	3.1018e-01	1.1658e-07	1.1755e-36	1.1755e-36	1.1755e-36	8.6750e-17	0.00e+00	0.00e+00	1.7058e+01
2.64380e+18	4.2588e+03	6.796e-22	2.7826e+01	9.9800e+00	1.8722e-07	6.4219e-01	3.5781e-01	9.9981e-01	1.8932e-04	1.3380e-11	1.1681e-10	1.1012e-03	9.9430e-01	4.5986e-03	1.1755e-36	6.9660e-01	3.0340e-01	1.1212e-07	1.1755e-36	1.1755e-36	1.1755e-36	9.8854e-17	0.00e+00	0.00e+00	1.7197e+01
2.64501e+18	4.1999e+03	6.622e-22	2.7826e+01	9.7876e+00	2.0745e-07	6.4910e-01	3.5090e-01	9.9981e-01	1.8846e-04	1.3387e-11	1.2337e-10	1.0844e-03	9.9441e-01	4.5058e-03	1.1755e-36	7.0308e-01	2.9692e-01	1.0794e-07	1.1755e-36	1.1755e-36	1.1755e-36	1.1181e-16	0.00e+00	0.00e+00	1.7332e+01
2.64621e+18	4.1394e+03	6.451e-22	2.7826e+01	9.5968e+00	2.2972e-07	6.5601e-01	3.4399e-01	9.9981e-01	1.8757e-04	1.3389e-11	1.3026e-10	1.0679e-03	9.9452e-01	4.4132e-03	1.1755e-36	7.0956e-01	2.9044e-01	1.0390e-07	1.1755e-36	1.1755e-36	1.1755e-36	1.2639e-16	0.00e+00	0.00e+00	1.7472e+01
2.64744e+18	4.0765e+03	6.275e-22	2.7826e+01	9.3956e+00	2.5427e-07	6.6299e-01	3.3701e-01	9.9981e-01	1.8677e-04	1.3408e-11	1.3741e-10	1.0505e-03	9.9463e-01	4.3211e-03	1.1755e-36	7.1608e-01	2.8392e-01	9.9932e-08	1.1755e-36	1.1755e-36	1.1755e-36	1.4261e-16	0.00e+00	0.00e+00	1.7617e+01
2.64871e+18	4.0136e+03	6.095e-22	2.7826e+01	9.1909e+00	2.8051e-07	6.7011e-01	3.2989e-01	9.9981e-01	1.8600e-04	1.3436e-11	1.4482e-10	1.0326e-03	9.9474e-01	4.2278e-03	1.1755e-36	7.2271e-01	2.7729e-01	9.5973e-08	1.1755e-36	1.1755e-36	1.1755e-36	1.6051e-16	0.00e+00	0.00e+00	1.7770e+01
2.65005e+18	3.9419e+03	5.909e-22	2.7826e+01	8.9757e+00	3.1155e-07	6.7780e-01	3.2220e-01	9.9981e-01	1.8506e-04	1.3447e-11	1.5302e-10	1.0144e-03	9.9486e-01	4.1274e-03	1.1755e-36	7.2986e-01	2.7014e-01	9.1898e-08	1.1755e-36	1.1755e-36	1.1755e-36	1.8166e-16	0.00e+00	0.00e+00	1.7934e+01
###########################
1.92702e+14	6.5126e+03	2.222e-21	2.7826e+01	2.9982e+01	4.1783e-13	5.5553e-03	9.9444e-01	4.6666e-02	9.5314e-01	1.9119e-04	7.0021e-16	6.8931e-04	4.7488e-01	5.2438e-01	4.6354e-05	5.6544e-03	8.8402e-01	1.1032e-01	4.8381e-06	1.1755e-36	1.1755e-36	3.3200e-24	0.00e+00	0.00e+00	3.7619e-04
1.15621e+15	6.5093e+03	2.221e-21	2.7826e+01	2.9971e+01	4.1850e-13	5.5517e-03	9.9445e-01	4.6663e-02	9.5315e-01	1.9101e-04	6.9897e-16	6.8798e-04	4.7489e-01	5.2438e-01	4.6402e-05	5.6506e-03	8.8400e-01	1.1035e-01	4.8239e-06	1.1755e-36	1.1755e-36	3.3101e-24	0.00e+00	0.00e+00	1.8800e-03
5.01025e+15	6.5002e+03	2.217e-21	2.7826e+01	2.9968e+01	4.2161e-13	5.5514e-03	9.9445e-01	4.6741e-02	9.5307e-01	1.8949e-04	6.9959e-16	6.8778e-04	4.7536e-01	5.2391e-01	4.6181e-05	5.6529e-03	8.8421e-01	1.1013e-01	4.7429e-06	1.1755e-36	1.1755e-36	3.3059e-24	0.00e+00	0.00e+00	7.8947e-03
2.04264e+16	6.4821e+03	2.205e-21	2.7826e+01	2.9965e+01	4.2961e-13	5.5605e-03	9.9444e-01	4.7098e-02	9.5272e-01	1.8233e-04	7.0570e-16	6.9154e-04	4.7744e-01	5.2182e-01	4.5413e-05	5.6737e-03	8.8526e-01	1.0906e-01	4.4211e-06	1.1755e-36	1.1755e-36	3.3178e-24	0.00e+00	0.00e+00	3.1993e-02
4.87922e+16	6.4038e+03	2.164e-21	2.7826e+01	2.9966e+01	4.4792e-13	5.5023e-03	9.9450e-01	4.7263e-02	9.5256e-01	1.7618e-04	6.9114e-16	6.8918e-04	4.7893e-01	5.2034e-01	4.4540e-05	5.6303e-03	8.8637e-01	1.0800e-01	4.0330e-06	1.1755e-36	1.1755e-36	3.1693e-24	0.00e+00	0.00e+00	6.2994e-02
8.56676e+16	6.3222e+03	2.125e-21	2.7826e+01	2.9966e+01	4.7410e-13	5.4739e-03	9.9453e-01	4.7750e-02	9.5209e-01	1.6379e-04	6.8725e-16	6.9215e-04	4.8211e-01	5.1715e-01	4.3144e-05	5.6247e-03	8.8823e-01	1.0614e-01	3.5357e-06	1.1755e-36	1.1755e-36	3.0775e-24	0.00e+00	0.00e+00	1.0309e-01
1.33606e+17	6.2345e+03	2.085e-21	2.7826e+01	2.9964e+01	5.1027e-13	5.4718e-03	9.9453e-01	4.8617e-02	9.5124e-01	1.4570e-04	6.9285e-16	6.9975e-04	4.8727e-01	5.1199e-01	4.1205e-05	5.6539e-03	8.9094e-01	1.0340e-01	2.9502e-06	1.1755e-36	1.1755e-36	3.0275e-24	0.00e+00	0.00e+00	1.5519e-01
1.95925e+17	6.1392e+03	2.045e-21	2.7826e+01	2.9960e+01	5.6102e-13	5.5037e-03	9.9450e-01	5.0023e-02	9.4985e-01	1.2246e-04	7.1113e-16	7.1350e-04	4.9512e-01	5.0413e-01	3.8660e-05	5.7287e-03	8.9469e-01	9.9575e-02	2.3073e-06	1.1755e-36	1.1755e-36	3.0295e-24	0.00e+00	0.00e+00	2.2331e-01
2.76941e+17	6.0368e+03	2.006e-21	2.7826e+01	2.9952e+01	6.3369e-13	5.5848e-03	9.9442e-01	5.2242e-02	9.4766e-01	9.5637e-05	7.4853e-16	7.3606e-04	5.0675e-01	4.9248e-01	3.5456e-05	5.8679e-03	8.9974e-01	9.4386e-02	1.6563e-06	1.1755e-36	1.1755e-36	3.1079e-24	0.00e+00	0.00e+00	3.1318e-01
3.82261e+17	5.9282e+03	1.968e-21	2.7826e+01	2.9939e+01	7.4081e-13	5.7413e-03	9.9426e-01	5.5769e-02	9.4416e-01	6.7962e-05	8.1654e-16	7.7200e-04	5.2389e-01	4.7530e-01	3.1553e-05	6.1052e-03	9.0643e-01	8.7468e-02	1.0607e-06	1.1755e-36	1.1755e-36	3.3040e-24	0.00e+00	0.00e+00	4.3328e-01
5.19177e+17	5.8158e+03	1.934e-21	2.7826e+01	2.9918e+01	9.0879e-13	6.0200e-03	9.9398e-01	6.1550e-02	9.3841e-01	4.2842e-05	9.4145e-16	8.2906e-04	5.4929e-01	4.4986e-01	2.6911e-05	6.4992e-03	9.1513e-01	7.8370e-02	5.8256e-07	1.1755e-36	1.1755e-36	3.7283e-24	0.00e+00	0.00e+00	5.9700e-01
6.97167e+17	5.6987e+03	1.911e-21	2.7826e+01	2.9878e+01	1.1992e-12	6.5120e-03	9.9349e-01	7.1616e-02	9.2836e-01	2.3197e-05	1.1813e-15	9.2117e-04	5.8744e-01	4.1161e-01	2.1466e-05	7.1650e-03	9.2629e-01	6.6549e-02	2.5903e-07	1.1755e-36	1.1755e-36	4.6168e-24	0.00e+00	0.00e+00	8.2722e-01
8.86353e+17	5.6017e+03	1.894e-21	2.7826e+01	2.9826e+01	1.5966e-12	7.1392e-03	9.9286e-01	8.6495e-02	9.1349e-01	1.1935e-05	1.5314e-15	1.0363e-03	6.3314e-01	3.6581e-01	1.6443e-05	8.0039e-03	9.3735e-01	5.4648e-02	1.1755e-36	1.1755e-36	1.1755e-36	5.9427e-24	0.00e+00	0.00e+00	1.0495e+00
1.04688e+18	5.5510e+03	1.896e-21	2.7826e+01	2.9782e+01	2.0555e-12	7.8677e-03	9.9213e-01	1.0599e-01	8.9400e-01	6.7768e-06	2.0105e-15	1.1610e-03	6.7923e-01	3.1960e-01	1.2469e-05	8.9587e-03	9.4659e-01	4.4452e-02	1.1755e-36	1.1755e-36	1.1755e-36	7.8850e-24	0.00e+00	0.00e+00	1.2484e+00
1.17715e+18	5.5227e+03	1.906e-21	2.7826e+01	2.9682e+01	2.5670e-12	8.6330e-03	9.9137e-01	1.2922e-01	8.7078e-01	4.2450e-06	2.5988e-15	1.2811e-03	7.2148e-01	2.7723e-01	9.4757e-06	9.9520e-03	9.5385e-01	3.6199e-02	1.1755e-36	1.1755e-36	1.1755e-36	1.0368e-23	0.00e+00	0.00e+00	1.4253e+00
1.28867e+18	5.5111e+03	1.921e-21	2.7826e+01	2.9588e+01	3.1477e-12	9.4613e-03	9.9054e-01	1.5830e-01	8.4170e-01	2.8156e-06	3.3517e-15	1.4003e-03	7.6096e-01	2.3763e-01	7.1106e-06	1.1021e-02	9.5977e-01	2.9208e-02	1.1755e-36	1.1755e-36	1.1755e-36	1.3696e-23	0.00e+00	0.00e+00	1.6022e+00
1.37732e+18	5.5042e+03	1.938e-21	2.7826e+01	2.9488e+01	3.7426e-12	1.0242e-02	9.8976e-01	1.9153e-01	8.0846e-01	2.0170e-06	4.1798e-15	1.5042e-03	7.9431e-01	2.0418e-01	5.4162e-06	1.2025e-02	9.6412e-01	2.3860e-02	1.1755e-36	1.1755e-36	1.1755e-36	1.7426e-23	0.00e+00	0.00e+00	1.7298e+00
1.43810e+18	5.5151e+03	1.947e-21	2.7826e+01	2.9398e+01	4.1773e-12	1.0848e-02	9.8915e-01	2.2220e-01	7.7780e-01	1.5882e-06	4.9253e-15	1.5798e-03	8.1790e-01	1.8052e-01	4.3584e-06	1.2804e-02	9.6694e-01	2.0258e-02	1.1755e-36	1.1755e-36	1.1755e-36	2.0856e-23	0.00e+00	0.00e+00	1.8264e+00
1.48715e+18	5.5215e+03	1.956e-21	2.7826e+01	2.9328e+01	4.6242e-12	1.1413e-02	9.8859e-01	2.5391e-01	7.4608e-01	1.2990e-06	5.7089e-15	1.6439e-03	8.3722e-01	1.6113e-01	3.5649e-06	1.3528e-02	9.6907e-01	1.7402e-02	1.1755e-36	1.1755e-36	1.1755e-36	2.4513e-23	0.00e+00	0.00e+00	1.9215e+00
1.54172e+18	5.5130e+03	1.967e-21	2.7826e+01	2.9205e+01	5.3308e-12	1.2142e-02	9.8786e-01	2.9767e-01	7.0233e-01	1.0110e-06	6.8340e-15	1.7186e-03	8.5843e-01	1.3985e-01	2.7650e-06	1.4460e-02	9.7120e-01	1.4341e-02	1.1755e-36	1.1755e-36	1.1755e-36	2.9735e-23	0.00e+00	0.00e+00	2.0531e+00
1.59942e+18	5.5169e+03	1.974e-21	2.7826e+01	2.9022e+01	6.1089e-12	1.2958e-02	9.8704e-01	3.5572e-01	6.4428e-01	7.5347e-07	8.2967e-15	1.7918e-03	8.7963e-01	1.1857e-01	2.0617e-06	1.5502e-02	9.7310e-01	1.1403e-02	1.1755e-36	1.1755e-36	1.1755e-36	3.6425e-23	0.00e+00	0.00e+00	2.1754e+00
1.64692e+18	5.5159e+03	1.984e-21	2.7826e+01	2.8904e+01	6.9532e-12	1.3748e-02	9.8625e-01	4.1857e-01	5.8143e-01	5.8029e-07	9.9709e-15	1.8561e-03	8.9666e-01	1.0149e-01	1.5577e-06	1.6506e-02	9.7437e-01	9.1254e-03	1.1755e-36	1.1755e-36	1.1755e-36	4.4022e-23	0.00e+00	0.00e+00	2.2752e+00
1.68510e+18	5.5186e+03	1.982e-21	2.7826e+01	2.8693e+01	7.6821e-12	1.4400e-02	9.8560e-01	4.7759e-01	5.2241e-01	4.5114e-07	1.1565e-14	1.8992e-03	9.0904e-01	8.9058e-02	1.2234e-06	1.7337e-02	9.7520e-01	7.4618e-03	1.1755e-36	1.1755e-36	1.1755e-36	5.0849e-23	0.00e+00	0.00e+00	2.3639e+00
1.72543e+18	5.5097e+03	1.985e-21	2.7826e+01	2.8524e+01	8.7739e-12	1.5227e-02	9.8477e-01	5.4971e-01	4.5029e-01	3.3635e-07	1.3869e-14	1.9485e-03	9.2108e-01	7.6968e-02	9.2009e-07	1.8383e-02	9.7576e-01	5.8567e-03	1.1755e-36	1.1755e-36	1.1755e-36	6.0746e-23	0.00e+00	0.00e+00	2.4859e+00
1.77086e+18	5.5034e+03	1.987e-21	2.7826e+01	2.8301e+01	1.0188e-11	1.6239e-02	9.8376e-01	6.3794e-01	3.6206e-01	2.2936e-07	1.7157e-14	1.9977e-03	9.3252e-01	6.5485e-02	6.5932e-07	1.9659e-02	9.7600e-01	4.3452e-03	1.1755e-36	1.1755e-36	1.1755e-36	7.4555e-23	0.00e+00	0.00e+00	2.6151e+00
1.81466e+18	5.4969e+03	1.990e-21	2.7826e+01	2.8101e+01	1.1896e-11	1.7363e-02	9.8264e-01	7.2535e-01	2.7465e-01	1.4862e-07	2.1369e-14	2.0431e-03	9.4153e-01	5.6423e-02	4.7001e-07	2.1071e-02	9.7578e-01	3.1527e-03	1.1755e-36	1.1755e-36	1.1755e-36	9.2380e-23	0.00e+00	0.00e+00	2.7442e+00
1.86332e+18	5.4964e+03	1.990e-21	2.7826e+01	2.7823e+01	1.4103e-11	1.8754e-02	9.8125e-01	8.1183e-01	1.8817e-01	8.4709e-08	2.7178e-14	2.0849e-03	9.4897e-01	4.8946e-02	3.2108e-07	2.2812e-02	9.7505e-01	2.1377e-03	1.1755e-36	1.1755e-36	1.1755e-36	1.1769e-22	0.00e+00	0.00e+00	2.9254e+00
1.92658e+18	5.5009e+03	2.003e-21	2.7826e+01	2.7560e+01	1.7818e-11	2.0943e-02	9.7906e-01	8.9537e-01	1.0463e-01	3.7373e-08	3.7073e-14	2.1393e-03	9.5553e-01	4.2332e-02	1.9643e-07	2.5538e-02	9.7321e-01	1.2511e-03	1.1755e-36	1.1755e-36	1.1755e-36	1.6680e-22	0.00e+00	0.00e+00	3.1886e+00
2.00882e+18	5.5432e+03	2.033e-21	2.7826e+01	2.7280e+01	2.3734e-11	2.4494e-02	9.7551e-01	9.5544e-01	4.4562e-02	1.1845e-08	5.4319e-14	2.2051e-03	9.6063e-01	3.7167e-02	1.1755e-36	2.9943e-02	9.6945e-01	6.0230e-04	1.1755e-36	1.1755e-36	1.1755e-36	2.7334e-22	0.00e+00	0.00e+00	3.5887e+00
2.09642e+18	5.6332e+03	2.086e-21	2.7826e+01	2.7070e+01	3.2353e-11	2.9734e-02	9.7027e-01	9.8266e-01	1.7339e-02	3.4768e-09	8.2945e-14	2.2761e-03	9.6413e-01	3.3592e-02	1.1755e-36	3.6417e-02	9.6331e-01	2.6932e-04	1.1755e-36	1.1755e-36	1.1755e-36	5.0651e-22	0.00e+00	0.00e+00	4.0183e+00
2.17556e+18	5.7386e+03	2.144e-21	2.7826e+01	2.6857e+01	4.4644e-11	3.6558e-02	9.6344e-01	9.9226e-01	7.7413e-03	1.2150e-09	1.2777e-13	2.3372e-03	9.6685e-01	3.0813e-02	1.1755e-36	4.4824e-02	9.5505e-01	1.2738e-04	1.1755e-36	1.1755e-36	1.1755e-36	9.7991e-22	0.00e+00	0.00e+00	4.5069e+00
2.24655e+18	5.8507e+03	2.198e-21	2.7826e+01	2.6600e+01	6.2825e-11	4.5462e-02	9.5454e-01	9.9606e-01	3.9359e-03	5.0019e-10	2.0024e-13	2.3846e-03	9.6934e-01	2.8276e-02	1.1755e-36	5.5758e-02	9.4418e-01	6.3623e-05	1.1755e-36	1.1755e-36	1.1755e-36	1.9646e-21	0.00e+00	0.00e+00	5.0332e+00
2.30651e+18	5.9559e+03	2.242e-21	2.7826e+01	2.6288e+01	8.9334e-11	5.6519e-02	9.4348e-01	9.9770e-01	2.2987e-03	2.4623e-10	3.1329e-13	2.4148e-03	9.7167e-01	2.5917e-02	1.1755e-36	6.9280e-02	9.3069e-01	3.4369e-05	1.1755e-36	1.1755e-36	1.1755e-36	3.9378e-21	0.00e+00	0.00e+00	5.5698e+00
2.35019e+18	6.0392e+03	2.271e-21	2.7826e+01	2.5981e+01	1.2224e-10	6.8185e-02	9.3181e-01	9.9840e-01	1.5975e-03	1.5243e-10	4.6108e-13	2.4286e-03	9.7356e-01	2.4007e-02	1.1755e-36	8.3473e-02	9.1651e-01	2.1490e-05	1.1755e-36	1.1755e-36	1.1755e-36	7.1861e-21	0.00e+00	0.00e+00	5.9690e+00
2.37895e+18	6.0907e+03	2.283e-21	2.7826e+01	2.5709e+01	1.5619e-10	7.8388e-02	9.2161e-01	9.9874e-01	1.2612e-03	1.1161e-10	6.1518e-13	2.4307e-03	9.7497e-01	2.2597e-02	1.1755e-36	9.5828e-02	9.0416e-01	1.5443e-05	1.1755e-36	1.1755e-36	1.1755e-36	1.1247e-20	0.00e+00	0.00e+00	6.3025e+00
2.40680e+18	6.1335e+03	2.281e-21	2.7826e+01	2.5339e+01	2.0349e-10	9.0503e-02	9.0950e-01	9.9901e-01	9.8933e-04	8.1144e-11	8.2832e-13	2.4218e-03	9.7646e-01	2.1114e-02	1.1755e-36	1.1043e-01	8.8956e-01	1.0915e-05	1.1755e-36	1.1755e-36	1.1755e-36	1.7823e-20	0.00e+00	0.00e+00	6.8030e+00
2.43782e+18	6.1753e+03	2.268e-21	2.7826e+01	2.4853e+01	2.8487e-10	1.0794e-01	8.9206e-01	9.9923e-01	7.6609e-04	5.8078e-11	1.1956e-12	2.4030e-03	9.7822e-01	1.9380e-02	1.1755e-36	1.3129e-01	8.6870e-01	7.3090e-06	1.1755e-36	1.1755e-36	1.1755e-36	3.1501e-20	0.00e+00	0.00e+00	7.3825e+00
2.46499e+18	6.2027e+03	2.237e-21	2.7826e+01	2.4277e+01	4.0432e-10	1.2859e-01	8.7141e-01	9.9938e-01	6.1804e-04	4.4048e-11	1.7251e-12	2.3718e-03	9.7989e-01	1.7739e-02	1.1755e-36	1.5578e-01	8.4421e-01	5.0194e-06	1.1755e-36	1.1755e-36	1.1755e-36	5.5709e-20	0.00e+00	0.00e+00	7.9199e+00
2.48621e+18	6.2113e+03	2.193e-21	2.7826e+01	2.3690e+01	5.5774e-10	1.4974e-01	8.5026e-01	9.9948e-01	5.2354e-04	3.5699e-11	2.3799e-12	2.3338e-03	9.8132e-01	1.6347e-02	1.1755e-36	1.8063e-01	8.1936e-01	3.6522e-06	1.1755e-36	1.1755e-36	1.1755e-36	9.1969e-20	0.00e+00	0.00e+00	8.4106e+00
2.50404e+18	6.2045e+03	2.136e-21	2.7826e+01	2.3069e+01	7.5898e-10	1.7192e-01	8.2808e-01	9.9954e-01	4.5543e-04	3.0006e-11	3.1941e-12	2.2890e-03	9.8261e-01	1.5102e-02	1.1755e-36	2.0642e-01	7.9357e-01	2.7381e-06	1.1755e-36	1.1755e-36	1.1755e-36	1.4560e-19	0.00e+00	0.00e+00	8.9243e+00
2.52360e+18	6.1744e+03	2.049e-21	2.7826e+01	2.2233e+01	1.1142e-09	2.0194e-01	7.9806e-01	9.9961e-01	3.8862e-04	2.4697e-11	4.5210e-12	2.2243e-03	9.8413e-01	1.3644e-02	1.1755e-36	2.4092e-01	7.5908e-01	1.9426e-06	1.1755e-36	1.1755e-36	1.1755e-36	2.5095e-19	0.00e+00	0.00e+00	9.7088e+00
2.54414e+18	6.1119e+03	1.922e-21	2.7826e+01	2.1106e+01	1.7823e-09	2.4242e-01	7.5758e-01	9.9967e-01	3.3358e-04	2.0662e-11	6.7493e-12	2.1315e-03	9.8576e-01	1.2106e-02	1.1755e-36	2.8666e-01	7.1334e-01	1.3244e-06	1.1755e-36	1.1755e-36	1.1755e-36	4.7286e-19	0.00e+00	0.00e+00	1.0518e+01
2.56075e+18	6.0218e+03	1.783e-21	2.7826e+01	1.9936e+01	2.8170e-09	2.8490e-01	7.1510e-01	9.9970e-01	2.9692e-04	1.8197e-11	9.7074e-12	2.0310e-03	9.8717e-01	1.0799e-02	1.1755e-36	3.3376e-01	6.6624e-01	9.4207e-07	1.1755e-36	1.1755e-36	1.1755e-36	8.4644e-19	0.00e+00	0.00e+00	1.1230e+01
2.57271e+18	5.9253e+03	1.658e-21	2.7826e+01	1.8896e+01	4.1251e-09	3.2177e-01	6.7823e-01	9.9973e-01	2.7496e-04	1.6865e-11	1.2853e-11	1.9391e-03	9.8821e-01	9.8493e-03	1.1755e-36	3.7390e-01	6.2609e-01	7.2427e-07	1.1755e-36	1.1755e-36	1.1755e-36	1.3365e-18	0.00e+00	0.00e+00	1.1778e+01
2.58109e+18	5.8375e+03	1.560e-21	2.7826e+01	1.8082e+01	5.5550e-09	3.5102e-01	6.4898e-01	9.9974e-01	2.6098e-04	1.6071e-11	1.5810e-11	1.8660e-03	9.8896e-01	9.1751e-03	1.1755e-36	4.0527e-01	5.9473e-01	5.9640e-07	1.1755e-36	1.1755e-36	1.1755e-36	1.8839e-18	0.00e+00	0.00e+00	1.2213e+01
2.58774e+18	5.7522e+03	1.475e-21	2.7826e+01	1.7377e+01	7.1929e-09	3.7634e-01	6.2366e-01	9.9975e-01	2.5052e-04	1.5504e-11	1.8756e-11	1.8023e-03	9.8957e-01	8.6313e-03	1.1755e-36	4.3210e-01	5.6790e-01	5.0749e-07	1.1755e-36	1.1755e-36	1.1755e-36	2.5144e-18	0.00e+00	0.00e+00	1.2626e+01
2.59396e+18	5.6586e+03	1.390e-21	2.7826e+01	1.6670e+01	9.3398e-09	4.0169e-01	5.9831e-01	9.9976e-01	2.4122e-04	1.5030e-11	2.2127e-11	1.7379e-03	9.9014e-01	8.1218e-03	1.1755e-36	4.5866e-01	5.4134e-01	4.3408e-07	1.1755e-36	1.1755e-36	1.1755e-36	3.3449e-18	0.00e+00	0.00e+00	1.3062e+01
2.59996e+18	5.5546e+03	1.305e-21	2.7826e+01	1.5944e+01	1.2261e-08	4.2770e-01	5.7230e-01	9.9977e-01	2.3296e-04	1.4646e-11	2.6116e-11	1.6712e-03	9.9069e-01	7.6365e-03	1.1755e-36	4.8560e-01	5.1440e-01	3.7184e-07	1.1755e-36	1.1755e-36	1.1755e-36	4.4878e-18	0.00e+00	0.00e+00	1.3500e+01
2.60409e+18	5.4781e+03	1.246e-21	2.7826e+01	1.5435e+01	1.4873e-08	4.4601e-01	5.5399e-01	9.9977e-01	2.2870e-04	1.4504e-11	2.9312e-11	1.6243e-03	9.9104e-01	7.3356e-03	1.1755e-36	5.0436e-01	4.9564e-01	3.3539e-07	1.1755e-36	1.1755e-36	1.1755e-36	5.5373e-18	0.00e+00	0.00e+00	1.3692e+01
2.60601e+18	5.4379e+03	1.219e-21	2.7826e+01	1.5193e+01	1.6380e-08	4.5487e-01	5.4513e-01	9.9977e-01	2.2655e-04	1.4423e-11	3.1012e-11	1.6022e-03	9.9121e-01	7.1893e-03	1.1755e-36	5.1340e-01	4.8660e-01	3.1915e-07	1.1755e-36	1.1755e-36	1.1755e-36	6.1474e-18	0.00e+00	0.00e+00	1.3803e+01
2.60747e+18	5.4054e+03	1.197e-21	2.7826e+01	1.4999e+01	1.7691e-08	4.6184e-01	5.3816e-01	9.9978e-01	2.2472e-04	1.4351e-11	3.2415e-11	1.5842e-03	9.9135e-01	7.0708e-03	1.1755e-36	5.2048e-01	4.7952e-01	3.0672e-07	1.1755e-36	1.1755e-36	1.1755e-36	6.6791e-18	0.00e+00	0.00e+00	1.3926e+01
2.60921e+18	5.3693e+03	1.169e-21	2.7826e+01	1.4758e+01	1.9334e-08	4.7017e-01	5.2983e-01	9.9978e-01	2.2266e-04	1.4283e-11	3.4156e-11	1.5616e-03	9.9151e-01	6.9308e-03	1.1755e-36	5.2891e-01	4.7109e-01	2.9227e-07	1.1755e-36	1.1755e-36	1.1755e-36	7.3717e-18	0.00e+00	0.00e+00	1.4088e+01
2.61135e+18	5.3143e+03	1.136e-21	2.7826e+01	1.4462e+01	2.1878e-08	4.8086e-01	5.1914e-01	9.9978e-01	2.2004e-04	1.4180e-11	3.6607e-11	1.5344e-03	9.9171e-01	6.7543e-03	1.1755e-36	5.3970e-01	4.6030e-01	2.7526e-07	1.1755e-36	1.1755e-36	1.1755e-36	8.4230e-18	0.00e+00	0.00e+00	1.4284e+01
2.61350e+18	5.2613e+03	1.103e-21	2.7826e+01	1.4167e+01	2.4696e-08	4.9149e-01	5.0851e-01	9.9978e-01	2.1777e-04	1.4111e-11	3.9232e-11	1.5070e-03	9.9191e-01	6.5876e-03	1.1755e-36	5.5036e-01	4.4964e-01	2.5947e-07	1.1755e-36	1.1755e-36	1.1755e-36	9.6399e-18	0.00e+00	0.00e+00	1.4456e+01
2.61537e+18	5.2069e+03	1.075e-21	2.7826e+01	1.3916e+01	2.7788e-08	5.0127e-01	4.9873e-01	9.9978e-01	2.1559e-04	1.4019e-11	4.1938e-11	1.4842e-03	9.9208e-01	6.4344e-03	1.1755e-36	5.6014e-01	4.3986e-01	2.4608e-07	1.1755e-36	1.1755e-36	1.1755e-36	1.1002e-17	0.00e+00	0.00e+00	1.4609e+01
2.61702e+18	5.1668e+03	1.049e-21	2.7826e+01	1.3677e+01	3.0491e-08	5.0947e-01	4.9053e-01	9.9979e-01	2.1405e-04	1.3996e-11	4.4269e-11	1.4618e-03	9.9223e-01	6.3117e-03	1.1755e-36	5.6830e-01	4.3170e-01	2.3505e-07	1.1755e-36	1.1755e-36	1.1755e-36	1.2257e-17	0.00e+00	0.00e+00	1.4749e+01
2.61869e+18	5.1134e+03	1.023e-21	2.7826e+01	1.3435e+01	3.4133e-08	5.1842e-01	4.8158e-01	9.9979e-01	2.1219e-04	1.3930e-11	4.7152e-11	1.4396e-03	9.9239e-01	6.1750e-03	1.1755e-36	5.7718e-01	4.2282e-01	2.2390e-07	1.1755e-36	1.1755e-36	1.1755e-36	1.3936e-17	0.00e+00	0.00e+00	1.4910e+01
2.62040e+18	5.0639e+03	9.961e-22	2.7826e+01	1.3184e+01	3.8033e-08	5.2731e-01	4.7269e-01	9.9979e-01	2.1060e-04	1.3901e-11	5.0197e-11	1.4162e-03	9.9254e-01	6.0449e-03	1.1755e-36	5.8597e-01	4.1403e-01	2.1324e-07	1.1755e-36	1.1755e-36	1.1755e-36	1.5844e-17	0.00e+00	0.00e+00	1.5064e+01
2.62204e+18	5.0159e+03	9.703e-22	2.7826e+01	1.2944e+01	4.2240e-08	5.3591e-01	4.6409e-01	9.9979e-01	2.0909e-04	1.3876e-11	5.3405e-11	1.3938e-03	9.9269e-01	5.9206e-03	1.1755e-36	5.9443e-01	4.0557e-01	2.0341e-07	1.1755e-36	1.1755e-36	1.1755e-36	1.8007e-17	0.00e+00	0.00e+00	1.5216e+01
2.62366e+18	4.9642e+03	9.447e-22	2.7826e+01	1.2698e+01	4.7113e-08	5.4449e-01	4.5551e-01	9.9979e-01	2.0761e-04	1.3855e-11	5.6660e-11	1.3710e-03	9.9283e-01	5.7951e-03	1.1755e-36	6.0285e-01	3.9715e-01	1.9409e-07	1.1755e-36	1.1755e-36	1.1755e-36	2.0352e-17	0.00e+00	0.00e+00	1.5371e+01
2.62525e+18	4.9083e+03	9.202e-22	2.7826e+01	1.2464e+01	5.2887e-08	5.5333e-01	4.4667e-01	9.9979e-01	2.0602e-04	1.3810e-11	6.0219e-11	1.3496e-03	9.9299e-01	5.6645e-03	1.1755e-36	6.1149e-01	3.8851e-01	1.8510e-07	1.1755e-36	1.1755e-36	1.1755e-36	2.3098e-17	0.00e+00	0.00e+00	1.5524e+01
2.62676e+18	4.8540e+03	8.969e-22	2.7826e+01	1.2234e+01	5.9070e-08	5.6152e-01	4.3848e-01	9.9980e-01	2.0468e-04	1.3790e-11	6.3738e-11	1.3284e-03	9.9313e-01	5.5466e-03	1.1755e-36	6.1947e-01	3.8053e-01	1.7714e-07	1.1755e-36	1.1755e-36	1.1755e-36	2.6037e-17	0.00e+00	0.00e+00	1.5666e+01
2.62816e+18	4.8034e+03	8.750e-22	2.7826e+01	1.2017e+01	6.5499e-08	5.6917e-01	4.3083e-01	9.9980e-01	2.0350e-04	1.3781e-11	6.7241e-11	1.3083e-03	9.9325e-01	5.4377e-03	1.1755e-36	6.2689e-01	3.7311e-01	1.6996e-07	1.1755e-36	1.1755e-36	1.1755e-36	2.9175e-17	0.00e+00	0.00e+00	1.5803e+01
2.62955e+18	4.7525e+03	8.535e-22	2.7826e+01	1.1804e+01	7.2670e-08	5.7685e-01	4.2315e-01	9.9980e-01	2.0230e-04	1.3768e-11	7.1012e-11	1.2887e-03	9.9338e-01	5.3287e-03	1.1755e-36	6.3432e-01	3.6568e-01	1.6303e-07	1.1755e-36	1.1755e-36	1.1755e-36	3.2790e-17	0.00e+00	0.00e+00	1.5945e+01
2.63096e+18	4.6981e+03	8.314e-22	2.7826e+01	1.1574e+01	8.0975e-08	5.8447e-01	4.1553e-01	9.9980e-01	2.0124e-04	1.3780e-11	7.5000e-11	1.2674e-03	9.9351e-01	5.2230e-03	1.1755e-36	6.4167e-01	3.5833e-01	1.5641e-07	1.1755e-36	1.1755e-36	1.1755e-36	3.6931e-17	0.00e+00	0.00e+00	1.6090e+01
2.63236e+18	4.6459e+03	8.098e-22	2.7826e+01	1.1359e+01	9.0024e-08	5.9223e-01	4.0777e-01	9.9980e-01	2.0012e-04	1.3777e-11	7.9367e-11	1.2476e-03	9.9364e-01	5.1155e-03	1.1755e-36	6.4913e-01	3.5087e-01	1.4994e-07	1.1755e-36	1.1755e-36	1.1755e-36	4.1756e-17	0.00e+00	0.00e+00	1.6234e+01
2.63373e+18	4.5883e+03	7.890e-22	2.7826e+01	1.1148e+01	1.0084e-07	6.0013e-01	3.9987e-01	9.9980e-01	1.9887e-04	1.3755e-11	8.4247e-11	1.2285e-03	9.9377e-01	5.0059e-03	1.1755e-36	6.5670e-01	3.4330e-01	1.4370e-07	1.1755e-36	1.1755e-36	1.1755e-36	4.7592e-17	0.00e+00	0.00e+00	1.6379e+01
2.63506e+18	4.5326e+03	7.690e-22	2.7826e+01	1.0940e+01	1.1240e-07	6.0760e-01	3.9240e-01	9.9980e-01	1.9783e-04	1.3754e-11	8.9169e-11	1.2095e-03	9.9389e-01	4.9046e-03	1.1755e-36	6.6383e-01	3.3617e-01	1.3802e-07	1.1755e-36	1.1755e-36	1.1755e-36	5.3957e-17	0.00e+00	0.00e+00	1.6516e+01
2.63633e+18	4.4779e+03	7.500e-22	2.7826e+01	1.0741e+01	1.2485e-07	6.1476e-01	3.8524e-01	9.9980e-01	1.9684e-04	1.3753e-11	9.4233e-11	1.1914e-03	9.9400e-01	4.8079e-03	1.1755e-36	6.7065e-01	3.2935e-01	1.3276e-07	1.1755e-36	1.1755e-36	1.1755e-36	6.1003e-17	0.00e+00	0.00e+00	1.6650e+01
2.63757e+18	4.4225e+03	7.313e-22	2.7826e+01	1.0543e+01	1.3869e-07	6.2188e-01	3.7812e-01	9.9980e-01	1.9586e-04	1.3753e-11	9.9612e-11	1.1735e-03	9.9411e-01	4.7124e-03	1.1755e-36	6.7741e-01	3.2259e-01	1.2772e-07	1.1755e-36	1.1755e-36	1.1755e-36	6.9047e-17	0.00e+00	0.00e+00	1.6787e+01
2.63882e+18	4.3657e+03	7.128e-22	2.7826e+01	1.0345e+01	1.5422e-07	6.2902e-01	3.7098e-01	9.9981e-01	1.9490e-04	1.3754e-11	1.0538e-10	1.1556e-03	9.9423e-01	4.6173e-03	1.1755e-36	6.8418e-01	3.1582e-01	1.2284e-07	1.1755e-36	1.1755e-36	1.1755e-36	7.8321e-17	0.00e+00	0.00e+00	1.6925e+01
2.64007e+18	4.3076e+03	6.944e-22	2.7826e+01	1.0147e+01	1.7150e-07	6.3617e-01	3.6383e-01	9.9981e-01	1.9395e-04	1.3757e-11	1.1151e-10	1.1379e-03	9.9434e-01	4.5231e-03	1.1755e-36	6.9092e-01	3.0908e-01	1.1813e-07	1.1755e-36	1.1755e-36	1.1755e-36	8.8925e-17	0.00e+00	0.00e+00	1.7064e+01
2.64131e+18	4.2444e+03	6.765e-22	2.7826e+01	9.9475e+00	1.9165e-07	6.4337e-01	3.5663e-01	9.9981e-01	1.9294e-04	1.3752e-11	1.1816e-10	1.1202e-03	9.9445e-01	4.4286e-03	1.1755e-36	6.9771e-01	3.0229e-01	1.1361e-07	1.1755e-36	1.1755e-36	1.1755e-36	1.0136e-16	0.00e+00	0.00e+00	1.7204e+01
2.64252e+18	4.1855e+03	6.592e-22	2.7826e+01	9.7557e+00	2.1220e-07	6.5025e-01	3.4975e-01	9.9981e-01	1.9207e-04	1.3759e-11	1.2475e-10	1.1032e-03	9.9456e-01	4.3396e-03	1.1755e-36	7.0417e-01	2.9583e-01	1.0938e-07	1.1755e-36	1.1755e-36	1.1755e-36	1.1456e-16	0.00e+00	0.00e+00	1.7338e+01
2.64371e+18	4.1248e+03	6.421e-22	2.7826e+01	9.5651e+00	2.3489e-07	6.5716e-01	3.4284e-01	9.9981e-01	1.9116e-04	1.3760e-11	1.3169e-10	1.0864e-03	9.9466e-01	4.2502e-03	1.1755e-36	7.1065e-01	2.8935e-01	1.0528e-07	1.1755e-36	1.1755e-36	1.1755e-36	1.2944e-16	0.00e+00	0.00e+00	1.7478e+01
2.64494e+18	4.0614e+03	6.245e-22	2.7826e+01	9.3629e+00	2.5998e-07	6.6416e-01	3.3584e-01	9.9981e-01	1.9033e-04	1.3780e-11	1.3890e-10	1.0685e-03	9.9477e-01	4.1610e-03	1.1755e-36	7.1719e-01	2.8281e-01	1.0125e-07	1.1755e-36	1.1755e-36	1.1755e-36	1.4602e-16	0.00e+00	0.00e+00	1.7625e+01
2.64622e+18	3.9980e+03	6.064e-22	2.7826e+01	9.1569e+00	2.8672e-07	6.7133e-01	3.2867e-01	9.9981e-01	1.8955e-04	1.3809e-11	1.4637e-10	1.0503e-03	9.9488e-01	4.0705e-03	1.1755e-36	7.2386e-01	2.7614e-01	9.7210e-08	1.1755e-36	1.1755e-36	1.1755e-36	1.6426e-16	0.00e+00	0.00e+00	1.7778e+01
###########################
1.92702e+14	6.5126e+03	2.222e-21	2.7826e+01	2.9982e+01	4.1783e-13	5.5553e-03	9.9444e-01	4.6666e-02	9.5314e-01	1.9119e-04	7.0021e-16	6.8932e-04	4.7488e-01	5.2438e-01	4.6354e-05	5.6544e-03	8.8402e-01	1.1032e-01	4.8381e-06	1.1755e-36	1.1755e-36	3.3199e-24	0.00e+00	0.00e+00	3.7619e-04
1.15621e+15	6.5093e+03	2.221e-21	2.7826e+01	2.9971e+01	4.1849e-13	5.5517e-03	9.9445e-01	4.6663e-02	9.5315e-01	1.9101e-04	6.9896e-16	6.8799e-04	4.7489e-01	5.2438e-01	4.6402e-05	5.6506e-03	8.8400e-01	1.1035e-01	4.8239e-06	1.1755e-36	1.1755e-36	3.3100e-24	0.00e+00	0.00e+00	1.8800e-03
5.01025e+15	6.5002e+03	2.217e-21	2.7826e+01	2.9968e+01	4.2161e-13	5.5514e-03	9.9445e-01	4.6741e-02	9.5307e-01	1.8949e-04	6.9959e-16	6.8778e-04	4.7536e-01	5.2391e-01	4.6181e-05	5.6529e-03	8.8421e-01	1.1013e-01	4.7429e-06	1.1755e-36	1.1755e-36	3.3058e-24	0.00e+00	0.00e+00	7.8947e-03
2.04264e+16	6.4821e+03	2.205e-21	2.7826e+01	2.9965e+01	4.2961e-13	5.5605e-03	9.9444e-01	4.7098e-02	9.5272e-01	1.8233e-04	7.0570e-16	6.9154e-04	4.7744e-01	5.2182e-01	4.5413e-05	5.6737e-03	8.8526e-01	1.0906e-01	4.4211e-06	1.1755e-36	1.1755e-36	3.3178e-24	0.00e+00	0.00e+00	3.1993e-02
4.87922e+16	6.4038e+03	2.164e-21	2.7826e+01	2.9966e+01	4.4791e-13	5.5023e-03	9.9450e-01	4.7263e-02	9.5256e-01	1.7618e-04	6.9114e-16	6.8919e-04	4.7893e-01	5.2034e-01	4.4540e-05	5.6303e-03	8.8637e-01	1.0800e-01	4.0330e-06	1.1755e-36	1.1755e-36	3.1692e-24	0.00e+00	0.00e+00	6.2994e-02
8.56676e+16	6.3222e+03	2.125e-21	2.7826e+01	2.9966e+01	4.7410e-13	5.4739e-03	9.9453e-01	4.7750e-02	9.5209e-01	1.6379e-04	6.8725e-16	6.9215e-04	4.8211e-01	5.1715e-01	4.3144e-05	5.6247e-03	8.8823e-01	1.0614e-01	3.5357e-06	1.1755e-36	1.1755e-36	3.0774e-24	0.00e+00	0.00e+00	1.0309e-01
1.33606e+17	6.2345e+03	2.085e-21	2.7826e+01	2.9964e+01	5.1027e-13	5.4718e-03	9.9453e-01	4.8617e-02	9.5124e-01	1.4570e-04	6.9284e-16	6.9975e-04	4.8727e-01	5.1199e-01	4.1205e-05	5.6539e-03	8.9094e-01	1.0340e-01	2.9502e-06	1.1755e-36	1.1755e-36	3.0275e-24	0.00e+00	0.00e+00	1.5519e-01
1.95925e+17	6.1392e+03	2.045e-21	2.7826e+01	2.9960e+01	5.6101e-13	5.5037e-03	9.9450e-01	5.0023e-02	9.4985e-01	1.2246e-04	7.1112e-16	7.1350e-04	4.9512e-01	5.0413e-01	3.8660e-05	5.7287e-03	8.9469e-01	9.9575e-02	2.3073e-06	1.1755e-36	1.1755e-36	3.0295e-24	0.00e+00	0.00e+00	2.2331e-01
2.76941e+17	6.0368e+03	2.006e-21	2.7826e+01	2.9952e+01	6.3368e-13	5.5848e-03	9.9442e-01	5.2242e-02	9.4766e-01	9.5637e-05	7.4852e-16	7.3607e-04	5.0675e-01	4.9248e-01	3.5456e-05	5.8679e-03	8.9974e-01	9.4386e-02	1.6563e-06	1.1755e-36	1.1755e-36	3.1078e-24	0.00e+00	0.00e+00	3.1318e-01
3.82261e+17	5.9282e+03	1.968e-21	2.7826e+01	2.9939e+01	7.4080e-13	5.7413e-03	9.9426e-01	5.5769e-02	9.4416e-01	6.7962e-05	8.1653e-16	7.7201e-04	5.2389e-01	4.7530e-01	3.1553e-05	6.1052e-03	9.0643e-01	8.7468e-02	1.0607e-06	1.1755e-36	1.1755e-36	3.3039e-24	0.00e+00	0.00e+00	4.3328e-01
5.19177e+17	5.8158e+03	1.934e-21	2.7826e+01	2.9918e+01	9.0878e-13	6.0200e-03	9.9398e-01	6.1550e-02	9.3841e-01	4.2842e-05	9.4144e-16	8.2906e-04	5.4929e-01	4.4986e-01	2.6911e-05	6.4992e-03	9.1513e-01	7.8370e-02	5.8256e-07	1.1755e-36	1.1755e-36	3.7282e-24	0.00e+00	0.00e+00	5.9700e-01
6.97167e+17	5.6987e+03	1.911e-21	2.7826e+01	2.9878e+01	1.1992e-12	6.5120e-03	9.9349e-01	7.1616e-02	9.2836e-01	2.3197e-05	1.1813e-15	9.2118e-04	5.8744e-01	4.1161e-01	2.1466e-05	7.1650e-03	9.2629e-01	6.6549e-02	2.5903e-07	1.1755e-36	1.1755e-36	4.6167e-24	0.00e+00	0.00e+00	8.2722e-01
8.86353e+17	5.6017e+03	1.894e-21	2.7826e+01	2.9826e+01	1.5966e-12	7.1392e-03	9.9286e-01	8.6495e-02	9.1349e-01	1.1935e-05	1.5314e-15	1.0363e-03	6.3314e-01	3.6581e-01	1.6443e-05	8.0039e-03	9.3735e-01	5.4648e-02	1.1755e-36	1.1755e-36	1.1755e-36	5.9425e-24	0.00e+00	0.00e+00	1.0495e+00
1.04688e+18	5.5510e+03	1.896e-21	2.7826e+01	2.9782e+01	2.0555e-12	7.8678e-03	9.9213e-01	1.0599e-01	8.9400e-01	6.7768e-06	2.0104e-15	1.1610e-03	6.7923e-01	3.1960e-01	1.2469e-05	8.9587e-03	9.4659e-01	4.4452e-02	1.1755e-36	1.1755e-36	1.1755e-36	7.8848e-24	0.00e+00	0.00e+00	1.2484e+00
1.17715e+18	5.5227e+03	1.906e-21	2.7826e+01	2.9682e+01	2.5669e-12	8.6330e-03	9.9137e-01	1.2922e-01	8.7078e-01	4.2450e-06	2.5987e-15	1.2811e-03	7.2148e-01	2.7723e-01	9.4757e-06	9.9520e-03	9.5385e-01	3.6199e-02	1.1755e-36	1.1755e-36	1.1755e-36	1.0367e-23	0.00e+00	0.00e+00	1.4253e+00
1.28867e+18	5.5111e+03	1.921e-21	2.7826e+01	2.9588e+01	3.1477e-12	9.4613e-03	9.9054e-01	1.5830e-01	8.4170e-01	2.8156e-06	3.3517e-15	1.4003e-03	7.6096e-01	2.3763e-01	7.1106e-06	1.1021e-02	9.5977e-01	2.9208e-02	1.1755e-36	1.1755e-36	1.1755e-36	1.3696e-23	0.00e+00	0.00e+00	1.6022e+00
1.37732e+18	5.5042e+03	1.938e-21	2.7826e+01	2.9488e+01	3.7425e-12	1.0242e-02	9.8976e-01	1.9153e-01	8.0846e-01	2.0170e-06	4.1797e-15	1.5043e-03	7.9431e-01	2.0418e-01	5.4162e-06	1.2025e-02	9.6412e-01	2.3860e-02	1.1755e-36	1.1755e-36	1.1755e-36	1.7425e-23	0.00e+00	0.00e+00	1.7298e+00
1.43810e+18	5.5151e+03	1.947e-21	2.7826e+01	2.9398e+01	4.1770e-12	1.0848e-02	9.8915e-01	2.2220e-01	7.7780e-01	1.5883e-06	4.9251e-15	1.5798e-03	8.1790e-01	1.8052e-01	4.3584e-06	1.2804e-02	9.6694e-01	2.0258e-02	1.1755e-36	1.1755e-36	1.1755e-36	2.0855e-23	0.00e+00	0.00e+00	1.8264e+00
1.48715e+18	5.5215e+03	1.956e-21	2.7826e+01	2.9328e+01	4.6241e-12	1.1413e-02	9.8859e-01	2.5392e-01	7.4608e-01	1.2990e-06	5.7088e-15	1.6439e-03	8.3722e-01	1.6113e-01	3.5649e-06	1.3528e-02	9.6907e-01	1.7402e-02	1.1755e-36	1.1755e-36	1.1755e-36	2.4512e-23	0.00e+00	0.00e+00	1.9215e+00
1.54173e+18	5.5130e+03	1.967e-21	2.7826e+01	2.9205e+01	5.3305e-12	1.2142e-02	9.8786e-01	2.9767e-01	7.0232e-01	1.0110e-06	6.8339e-15	1.7186e-03	8.5843e-01	1.3985e-01	2.7650e-06	1.4460e-02	9.7120e-01	1.4341e-02	1.1755e-36	1.1755e-36	1.1755e-36	2.9733e-23	0.00e+00	0.00e+00	2.0531e+00
1.59942e+18	5.5172e+03	1.974e-21	2.7826e+01	2.9022e+01	6.1061e-12	1.2957e-02	9.8704e-01	3.5567e-01	6.4433e-01	7.5306e-07	8.2953e-15	1.7918e-03	8.7962e-01	1.1858e-01	2.0619e-06	1.5501e-02	9.7310e-01	1.1403e-02	1.1755e-36	1.1755e-36	1.1755e-36	3.6419e-23	0.00e+00	0.00e+00	2.1754e+00
1.64694e+18	5.5158e+03	1.984e-21	2.7826e+01	2.8904e+01	6.9548e-12	1.3748e-02	9.8625e-01	4.1857e-01	5.8143e-01	5.8007e-07	9.9716e-15	1.8562e-03	8.9666e-01	1.0148e-01	1.5576e-06	1.6507e-02	9.7437e-01	9.1248e-03	1.1755e-36	1.1755e-36	1.1755e-36	4.4024e-23	0.00e+00	0.00e+00	2.2753e+00
1.68514e+18	5.5196e+03	1.982e-21	2.7826e+01	2.8693e+01	7.6723e-12	1.4399e-02	9.8560e-01	4.7764e-01	5.2236e-01	4.5160e-07	1.1564e-14	1.8992e-03	9.0904e-01	8.9057e-02	1.2234e-06	1.7335e-02	9.7520e-01	7.4608e-03	1.1755e-36	1.1755e-36	1.1755e-36	5.0845e-23	0.00e+00	0.00e+00	2.3640e+00
1.72546e+18	5.5107e+03	1.984e-21	2.7826e+01	2.8512e+01	8.7545e-12	1.5218e-02	9.8478e-01	5.4955e-01	4.5045e-01	3.3593e-07	1.3845e-14	1.9475e-03	9.2104e-01	7.7008e-02	9.2102e-07	1.8373e-02	9.7577e-01	5.8585e-03	1.1755e-36	1.1755e-36	1.1755e-36	6.0594e-23	0.00e+00	0.00e+00	2.4858e+00
1.77096e+18	5.5035e+03	1.986e-21	2.7826e+01	2.8299e+01	1.0188e-11	1.6239e-02	9.8376e-01	6.3803e-01	3.6197e-01	2.2910e-07	1.7157e-14	1.9977e-03	9.3253e-01	6.5477e-02	6.5909e-07	1.9659e-02	9.7600e-01	4.3435e-03	1.1755e-36	1.1755e-36	1.1755e-36	7.4542e-23	0.00e+00	0.00e+00	2.6154e+00
1.81482e+18	5.4967e+03	1.990e-21	2.7826e+01	2.8100e+01	1.1904e-11	1.7367e-02	9.8263e-01	7.2559e-01	2.7441e-01	1.4837e-07	2.1381e-14	2.0432e-03	9.4156e-01	5.6400e-02	4.6956e-07	2.1075e-02	9.7578e-01	3.1497e-03	1.1755e-36	1.1755e-36	1.1755e-36	9.2426e-23	0.00e+00	0.00e+00	2.7445e+00
1.86347e+18	5.4975e+03	1.989e-21	2.7826e+01	2.7822e+01	1.4087e-11	1.8755e-02	9.8124e-01	8.1200e-01	1.8800e-01	8.4589e-08	2.7184e-14	2.0849e-03	9.4898e-01	4.8936e-02	3.2086e-07	2.2813e-02	9.7505e-01	2.1355e-03	1.1755e-36	1.1755e-36	1.1755e-36	1.1772e-22	0.00e+00	0.00e+00	2.9258e+00
1.92673e+18	5.5055e+03	2.002e-21	2.7826e+01	2.7560e+01	1.7712e-11	2.0933e-02	9.7907e-01	8.9544e-01	1.0456e-01	3.7352e-08	3.7043e-14	2.1391e-03	9.5552e-01	4.2345e-02	1.9647e-07	2.5526e-02	9.7322e-01	1.2499e-03	1.1755e-36	1.1755e-36	1.1755e-36	1.6669e-22	0.00e+00	0.00e+00	3.1888e+00
2.00896e+18	5.5432e+03	2.033e-21	2.7826e+01	2.7279e+01	2.3735e-11	2.4495e-02	9.7550e-01	9.5549e-01	4.4512e-02	1.1813e-08	5.4323e-14	2.2051e-03	9.6063e-01	3.7165e-02	1.1755e-36	2.9944e-02	9.6945e-01	6.0182e-04	1.1755e-36	1.1755e-36	1.1755e-36	2.7334e-22	0.00e+00	0.00e+00	3.5889e+00
2.09641e+18	5.6331e+03	2.086e-21	2.7826e+01	2.7073e+01	3.2344e-11	2.9731e-02	9.7027e-01	9.8265e-01	1.7353e-02	3.4829e-09	8.2925e-14	2.2765e-03	9.6413e-01	3.3593e-02	1.1755e-36	3.6413e-02	9.6332e-01	2.6946e-04	1.1755e-36	1.1755e-36	1.1755e-36	5.0636e-22	0.00e+00	0.00e+00	4.0169e+00
2.17531e+18	5.7387e+03	2.143e-21	2.7826e+01	2.6858e+01	4.4555e-11	3.6524e-02	9.6348e-01	9.9224e-01	7.7644e-03	1.2199e-09	1.2753e-13	2.3371e-03	9.6684e-01	3.0826e-02	1.1755e-36	4.4782e-02	9.5509e-01	1.2775e-04	1.1755e-36	1.1755e-36	1.1755e-36	9.7708e-22	0.00e+00	0.00e+00	4.5038e+00
2.24625e+18	5.8501e+03	2.198e-21	2.7826e+01	2.6601e+01	6.2706e-11	4.5406e-02	9.5459e-01	9.9605e-01	3.9478e-03	5.0213e-10	1.9974e-13	2.3845e-03	9.6933e-01	2.8289e-02	1.1755e-36	5.5690e-02	9.4425e-01	6.3839e-05	1.1755e-36	1.1755e-36	1.1755e-36	1.9571e-21	0.00e+00	0.00e+00	5.0304e+00
2.30636e+18	5.9554e+03	2.242e-21	2.7826e+01	2.6290e+01	8.9198e-11	5.6466e-02	9.4353e-01	9.9770e-01	2.3023e-03	2.4670e-10	3.1268e-13	2.4148e-03	9.7166e-01	2.5926e-02	1.1755e-36	6.9214e-02	9.3075e-01	3.4441e-05	1.1755e-36	1.1755e-36	1.1755e-36	3.9258e-21	0.00e+00	0.00e+00	5.5682e+00
2.35015e+18	6.0389e+03	2.271e-21	2.7826e+01	2.5982e+01	1.2213e-10	6.8148e-02	9.3185e-01	9.9840e-01	1.5984e-03	1.5253e-10	4.6057e-13	2.4287e-03	9.7356e-01	2.4012e-02	1.1755e-36	8.3428e-02	9.1655e-01	2.1511e-05	1.1755e-36	1.1755e-36	1.1755e-36	7.1740e-21	0.00e+00	0.00e+00	5.9679e+00
2.37894e+18	6.0906e+03	2.283e-21	2.7826e+01	2.5710e+01	1.5606e-10	7.8352e-02	9.2165e-01	9.9874e-01	1.2617e-03	1.1166e-10	6.1458e-13	2.4308e-03	9.7497e-01	2.2602e-02	1.1755e-36	9.5784e-02	9.0420e-01	1.5456e-05	1.1755e-36	1.1755e-36	1.1755e-36	1.1231e-20	0.00e+00	0.00e+00	6.3010e+00
2.40677e+18	6.1334e+03	2.281e-21	2.7826e+01	2.5341e+01	2.0327e-10	9.0450e-02	9.0955e-01	9.9901e-01	9.8987e-04	8.1193e-11	8.2732e-13	2.4220e-03	9.7646e-01	2.1120e-02	1.1755e-36	1.1036e-01	8.8963e-01	1.0927e-05	1.1755e-36	1.1755e-36	1.1755e-36	1.7789e-20	0.00e+00	0.00e+00	6.8010e+00
2.43778e+18	6.1751e+03	2.268e-21	2.7826e+01	2.4855e+01	2.8449e-10	1.0787e-01	8.9213e-01	9.9923e-01	7.6651e-04	5.8112e-11	1.1939e-12	2.4033e-03	9.7821e-01	1.9387e-02	1.1755e-36	1.3121e-01	8.6879e-01	7.3176e-06	1.1755e-36	1.1755e-36	1.1755e-36	3.1433e-20	0.00e+00	0.00e+00	7.3802e+00
2.46497e+18	6.2026e+03	2.237e-21	2.7826e+01	2.4279e+01	4.0377e-10	1.2850e-01	8.7150e-01	9.9938e-01	6.1829e-04	4.4065e-11	1.7227e-12	2.3721e-03	9.7988e-01	1.7745e-02	1.1755e-36	1.5568e-01	8.4431e-01	5.0248e-06	1.1755e-36	1.1755e-36	1.1755e-36	5.5590e-20	0.00e+00	0.00e+00	7.9178e+00
2.48621e+18	6.2113e+03	2.192e-21	2.7826e+01	2.3690e+01	5.5692e-10	1.4964e-01	8.5036e-01	9.9948e-01	5.2398e-04	3.5731e-11	2.3761e-12	2.3339e-03	9.8131e-01	1.6354e-02	1.1755e-36	1.8051e-01	8.1948e-01	3.6559e-06	1.1755e-36	1.1755e-36	1.1755e-36	9.1735e-20	0.00e+00	0.00e+00	8.4086e+00
2.50406e+18	6.2046e+03	2.136e-21	2.7826e+01	2.3072e+01	7.5807e-10	1.7183e-01	8.2817e-01	9.9954e-01	4.5550e-04	3.0007e-11	3.1906e-12	2.2894e-03	9.8260e-01	1.5107e-02	1.1755e-36	2.0632e-01	7.9368e-01	2.7401e-06	1.1755e-36	1.1755e-36	1.1755e-36	1.4535e-19	0.00e+00	0.00e+00	8.9225e+00
2.52363e+18	6.1745e+03	2.049e-21	2.7826e+01	2.2235e+01	1.1131e-09	2.0186e-01	7.9814e-01	9.9961e-01	3.8861e-04	2.4691e-11	4.5172e-12	2.2247e-03	9.8413e-01	1.3647e-02	1.1755e-36	2.4083e-01	7.5917e-01	1.9435e-06	1.1755e-36	1.1755e-36	1.1755e-36	2.5061e-19	0.00e+00	0.00e+00	9.7075e+00
2.54420e+18	6.1120e+03	1.922e-21	2.7826e+01	2.1108e+01	1.7808e-09	2.4235e-01	7.5765e-01	9.9967e-01	3.3354e-04	2.0655e-11	6.7447e-12	2.1318e-03	9.8576e-01	1.2109e-02	1.1755e-36	2.8658e-01	7.1342e-01	1.3248e-06	1.1755e-36	1.1755e-36	1.1755e-36	4.7235e-19	0.00e+00	0.00e+00	1.0516e+01
2.56080e+18	6.0220e+03	1.783e-21	2.7826e+01	1.9939e+01	2.8145e-09	2.8482e-01	7.1518e-01	9.9970e-01	2.9688e-04	1.8191e-11	9.7010e-12	2.0314e-03	9.8717e-01	1.0802e-02	1.1755e-36	3.3367e-01	6.6633e-01	9.4237e-07	1.1755e-36	1.1755e-36	1.1755e-36	8.4553e-19	0.00e+00	0.00e+00	1.1228e+01
2.57277e+18	5.9255e+03	1.659e-21	2.7826e+01	1.8899e+01	4.1214e-09	3.2168e-01	6.7832e-01	9.9973e-01	2.7492e-04	1.6858e-11	1.2845e-11	1.9394e-03	9.8821e-01	9.8514e-03	1.1755e-36	3.7381e-01	6.2619e-01	7.2448e-07	1.1755e-36	1.1755e-36	1.1755e-36	1.3351e-18	0.00e+00	0.00e+00	1.1776e+01
2.58115e+18	5.8377e+03	1.560e-21	2.7826e+01	1.8084e+01	5.5506e-09	3.5094e-01	6.4906e-01	9.9974e-01	2.6092e-04	1.6063e-11	1.5802e-11	1.8664e-03	9.8896e-01	9.1769e-03	1.1755e-36	4.0519e-01	5.9481e-01	5.9652e-07	1.1755e-36	1.1755e-36	1.1755e-36	1.8822e-18	0.00e+00	0.00e+00	1.2211e+01
2.58780e+18	5.7524e+03	1.475e-21	2.7826e+01	1.7379e+01	7.1878e-09	3.7627e-01	6.2373e-01	9.9975e-01	2.5046e-04	1.5497e-11	1.8748e-11	1.8026e-03	9.8956e-01	8.6327e-03	1.1755e-36	4.3203e-01	5.6797e-01	5.0755e-07	1.1755e-36	1.1755e-36	1.1755e-36	2.5124e-18	0.00e+00	0.00e+00	1.2625e+01
2.59402e+18	5.6589e+03	1.390e-21	2.7826e+01	1.6672e+01	9.3337e-09	4.0163e-01	5.9837e-01	9.9976e-01	2.4116e-04	1.5022e-11	2.2118e-11	1.7382e-03	9.9014e-01	8.1230e-03	1.1755e-36	4.5859e-01	5.4141e-01	4.3411e-07	1.1755e-36	1.1755e-36	1.1755e-36	3.3425e-18	0.00e+00	0.00e+00	1.3061e+01
2.60003e+18	5.5548e+03	1.305e-21	2.7826e+01	1.5945e+01	1.2253e-08	4.2764e-01	5.7236e-01	9.9977e-01	2.3290e-04	1.4638e-11	2.6106e-11	1.6715e-03	9.9069e-01	7.6376e-03	1.1755e-36	4.8553e-01	5.1447e-01	3.7186e-07	1.1755e-36	1.1755e-36	1.1755e-36	4.4846e-18	0.00e+00	0.00e+00	1.3499e+01
2.60416e+18	5.4783e+03	1.247e-21	2.7826e+01	1.5437e+01	1.4863e-08	4.4594e-01	5.5406e-01	9.9977e-01	2.2864e-04	1.4496e-11	2.9301e-11	1.6246e-03	9.9104e-01	7.3366e-03	1.1755e-36	5.0430e-01	4.9570e-01	3.3541e-07	1.1755e-36	1.1755e-36	1.1755e-36	5.5333e-18	0.00e+00	0.00e+00	1.3691e+01
2.60608e+18	5.4382e+03	1.219e-21	2.7826e+01	1.5195e+01	1.6369e-08	4.5481e-01	5.4519e-01	9.9977e-01	2.2649e-04	1.4416e-11	3.1000e-11	1.6024e-03	9.9121e-01	7.1903e-03	1.1755e-36	5.1334e-01	4.8666e-01	3.1916e-07	1.1755e-36	1.1755e-36	1.1755e-36	6.1430e-18	0.00e+00	0.00e+00	1.3802e+01
2.60754e+18	5.4057e+03	1.197e-21	2.7826e+01	1.5000e+01	1.7679e-08	4.6178e-01	5.3822e-01	9.9978e-01	2.2466e-04	1.4343e-11	3.2403e-11	1.5844e-03	9.9134e-01	7.0718e-03	1.1755e-36	5.2042e-01	4.7958e-01	3.0673e-07	1.1755e-36	1.1755e-36	1.1755e-36	6.6743e-18	0.00e+00	0.00e+00	1.3925e+01
2.60928e+18	5.3695e+03	1.169e-21	2.7826e+01	1.4760e+01	1.9323e-08	4.7011e-01	5.2989e-01	9.9978e-01	2.2260e-04	1.4275e-11	3.4144e-11	1.5619e-03	9.9151e-01	6.9317e-03	1.1755e-36	5.2885e-01	4.7115e-01	2.9228e-07	1.1755e-36	1.1755e-36	1.1755e-36	7.3667e-18	0.00e+00	0.00e+00	1.4087e+01
2.61142e+18	5.3146e+03	1.136e-21	2.7826e+01	1.4464e+01	2.1863e-08	4.8080e-01	5.1920e-01	9.9978e-01	2.1998e-04	1.4173e-11	3.6592e-11	1.5347e-03	9.9171e-01	6.7553e-03	1.1755e-36	5.3963e-01	4.6037e-01	2.7527e-07	1.1755e-36	1.1755e-36	1.1755e-36	8.4164e-18	0.00e+00	0.00e+00	1.4283e+01
2.61357e+18	5.2616e+03	1.103e-21	2.7826e+01	1.4168e+01	2.4678e-08	4.9142e-01	5.0858e-01	9.9978e-01	2.1771e-04	1.4103e-11	3.9215e-11	1.5073e-03	9.9190e-01	6.5886e-03	1.1755e-36	5.5030e-01	4.4970e-01	2.5948e-07	1.1755e-36	1.1755e-36	1.1755e-36	9.6318e-18	0.00e+00	0.00e+00	1.4454e+01
2.61544e+18	5.2073e+03	1.075e-21	2.7826e+01	1.3918e+01	2.7768e-08	5.0121e-01	4.9879e-01	9.9978e-01	2.1553e-04	1.4011e-11	4.1921e-11	1.4845e-03	9.9208e-01	6.4353e-03	1.1755e-36	5.6008e-01	4.3992e-01	2.4609e-07	1.1755e-36	1.1755e-36	1.1755e-36	1.0994e-17	0.00e+00	0.00e+00	1.4608e+01
2.61709e+18	5.1671e+03	1.049e-21	2.7826e+01	1.3679e+01	3.0470e-08	5.0941e-01	4.9059e-01	9.9979e-01	2.1399e-04	1.3988e-11	4.4252e-11	1.4620e-03	9.9223e-01	6.3126e-03	1.1755e-36	5.6824e-01	4.3176e-01	2.3505e-07	1.1755e-36	1.1755e-36	1.1755e-36	1.2247e-17	0.00e+00	0.00e+00	1.4748e+01
2.61876e+18	5.1138e+03	1.023e-21	2.7826e+01	1.3436e+01	3.4109e-08	5.1836e-01	4.8164e-01	9.9979e-01	2.1213e-04	1.3923e-11	4.7133e-11	1.4398e-03	9.9238e-01	6.1759e-03	1.1755e-36	5.7713e-01	4.2287e-01	2.2390e-07	1.1755e-36	1.1755e-36	1.1755e-36	1.3925e-17	0.00e+00	0.00e+00	1.4910e+01
2.62047e+18	5.0642e+03	9.963e-22	2.7826e+01	1.3186e+01	3.8007e-08	5.2725e-01	4.7275e-01	9.9979e-01	2.1054e-04	1.3893e-11	5.0177e-11	1.4165e-03	9.9254e-01	6.0457e-03	1.1755e-36	5.8591e-01	4.1409e-01	2.1324e-07	1.1755e-36	1.1755e-36	1.1755e-36	1.5830e-17	0.00e+00	0.00e+00	1.5063e+01
2.62211e+18	5.0162e+03	9.705e-22	2.7826e+01	1.2945e+01	4.2210e-08	5.3585e-01	4.6415e-01	9.9979e-01	2.0904e-04	1.3868e-11	5.3383e-11	1.3940e-03	9.9268e-01	5.9214e-03	1.1755e-36	5.9437e-01	4.0563e-01	2.0341e-07	1.1755e-36	1.1755e-36	1.1755e-36	1.7992e-17	0.00e+00	0.00e+00	1.5215e+01
2.62373e+18	4.9645e+03	9.449e-22	2.7826e+01	1.2699e+01	4.7078e-08	5.4443e-01	4.5557e-01	9.9979e-01	2.0756e-04	1.3847e-11	5.6639e-11	1.3713e-03	9.9283e-01	5.7959e-03	1.1755e-36	6.0280e-01	3.9720e-01	1.9408e-07	1.1755e-36	1.1755e-36	1.1755e-36	2.0336e-17	0.00e+00	0.00e+00	1.5370e+01
2.62533e+18	4.9087e+03	9.203e-22	2.7826e+01	1.2466e+01	5.2845e-08	5.5328e-01	4.4672e-01	9.9979e-01	2.0596e-04	1.3802e-11	6.0196e-11	1.3498e-03	9.9298e-01	5.6653e-03	1.1755e-36	6.1143e-01	3.8856e-01	1.8510e-07	1.1755e-36	1.1755e-36	1.1755e-36	2.3079e-17	0.00e+00	0.00e+00	1.5523e+01
2.62683e+18	4.8543e+03	8.971e-22	2.7826e+01	1.2235e+01	5.9035e-08	5.6148e-01	4.3852e-01	9.9980e-01	2.0462e-04	1.3782e-11	6.3720e-11	1.3286e-03	9.9312e-01	5.5472e-03	1.1755e-36	6.1943e-01	3.8057e-01	1.7712e-07	1.1755e-36	1.1755e-36	1.1755e-36	2.6021e-17	0.00e+00	0.00e+00	1.5665e+01
2.62824e+18	4.8037e+03	8.752e-22	2.7826e+01	1.2018e+01	6.5461e-08	5.6913e-01	4.3087e-01	9.9980e-01	2.0344e-04	1.3774e-11	6.7220e-11	1.3085e-03	9.9325e-01	5.4383e-03	1.1755e-36	6.2685e-01	3.7315e-01	1.6994e-07	1.1755e-36	1.1755e-36	1.1755e-36	2.9156e-17	0.00e+00	0.00e+00	1.5802e+01
2.62962e+18	4.7528e+03	8.536e-22	2.7826e+01	1.1805e+01	7.2621e-08	5.7680e-01	4.2320e-01	9.9980e-01	2.0225e-04	1.3761e-11	7.0986e-11	1.2889e-03	9.9338e-01	5.3294e-03	1.1755e-36	6.3427e-01	3.6573e-01	1.6303e-07	1.1755e-36	1.1755e-36	1.1755e-36	3.2764e-17	0.00e+00	0.00e+00	1.5944e+01
2.63103e+18	4.6985e+03	8.315e-22	2.7826e+01	1.1575e+01	8.0913e-08	5.8442e-01	4.1558e-01	9.9980e-01	2.0118e-04	1.3772e-11	7.4971e-11	1.2677e-03	9.9351e-01	5.2237e-03	1.1755e-36	6.4162e-01	3.5838e-01	1.5641e-07	1.1755e-36	1.1755e-36	1.1755e-36	3.6900e-17	0.00e+00	0.00e+00	1.6089e+01
2.63243e+18	4.6463e+03	8.100e-22	2.7826e+01	1.1361e+01	8.9958e-08	5.9218e-01	4.0782e-01	9.9980e-01	2.0006e-04	1.3770e-11	7.9337e-11	1.2478e-03	9.9364e-01	5.1161e-03	1.1755e-36	6.4908e-01	3.5092e-01	1.4993e-07	1.1755e-36	1.1755e-36	1.1755e-36	4.1721e-17	0.00e+00	0.00e+00	1.6233e+01
2.63381e+18	4.5886e+03	7.891e-22	2.7826e+01	1.1149e+01	1.0078e-07	6.0009e-01	3.9991e-01	9.9980e-01	1.9881e-04	1.3748e-11	8.4218e-11	1.2287e-03	9.9376e-01	5.0065e-03	1.1755e-36	6.5665e-01	3.4335e-01	1.4369e-07	1.1755e-36	1.1755e-36	1.1755e-36	4.7555e-17	0.00e+00	0.00e+00	1.6378e+01
2.63514e+18	4.5329e+03	7.691e-22	2.7826e+01	1.0941e+01	1.1232e-07	6.0755e-01	3.9245e-01	9.9980e-01	1.9777e-04	1.3747e-11	8.9138e-11	1.2097e-03	9.9389e-01	4.9052e-03	1.1755e-36	6.6379e-01	3.3621e-01	1.3801e-07	1.1755e-36	1.1755e-36	1.1755e-36	5.3915e-17	0.00e+00	0.00e+00	1.6515e+01
2.63640e+18	4.4783e+03	7.501e-22	2.7826e+01	1.0742e+01	1.2477e-07	6.1472e-01	3.8528e-01	9.9980e-01	1.9678e-04	1.3746e-11	9.4199e-11	1.1916e-03	9.9400e-01	4.8085e-03	1.1755e-36	6.7061e-01	3.2939e-01	1.3275e-07	1.1755e-36	1.1755e-36	1.1755e-36	6.0954e-17	0.00e+00	0.00e+00	1.6650e+01
2.63765e+18	4.4229e+03	7.314e-22	2.7826e+01	1.0545e+01	1.3860e-07	6.2183e-01	3.7817e-01	9.9980e-01	1.9580e-04	1.3746e-11	9.9576e-11	1.1737e-03	9.9411e-01	4.7131e-03	1.1755e-36	6.7737e-01	3.2263e-01	1.2772e-07	1.1755e-36	1.1755e-36	1.1755e-36	6.8991e-17	0.00e+00	0.00e+00	1.6786e+01
2.63890e+18	4.3660e+03	7.129e-22	2.7826e+01	1.0347e+01	1.5411e-07	6.2898e-01	3.7102e-01	9.9981e-01	1.9484e-04	1.3747e-11	1.0534e-10	1.1558e-03	9.9423e-01	4.6179e-03	1.1755e-36	6.8413e-01	3.1586e-01	1.2283e-07	1.1755e-36	1.1755e-36	1.1755e-36	7.8257e-17	0.00e+00	0.00e+00	1.6924e+01
2.64015e+18	4.3080e+03	6.945e-22	2.7826e+01	1.0149e+01	1.7138e-07	6.3612e-01	3.6388e-01	9.9981e-01	1.9389e-04	1.3750e-11	1.1147e-10	1.1381e-03	9.9434e-01	4.5237e-03	1.1755e-36	6.9088e-01	3.0912e-01	1.1812e-07	1.1755e-36	1.1755e-36	1.1755e-36	8.8853e-17	0.00e+00	0.00e+00	1.7064e+01
2.64139e+18	4.2448e+03	6.766e-22	2.7826e+01	9.9488e+00	1.9152e-07	6.4333e-01	3.5667e-01	9.9981e-01	1.9289e-04	1.3744e-11	1.1811e-10	1.1204e-03	9.9445e-01	4.4292e-03	1.1755e-36	6.9767e-01	3.0233e-01	1.1360e-07	1.1755e-36	1.1755e-36	1.1755e-36	1.0128e-16	0.00e+00	0.00e+00	1.7203e+01
2.64259e+18	4.1859e+03	6.593e-22	2.7826e+01	9.7570e+00	2.1206e-07	6.5020e-01	3.4980e-01	9.9981e-01	1.9201e-04	1.3751e-11	1.2470e-10	1.1034e-03	9.9456e-01	4.3402e-03	1.1755e-36	7.0413e-01	2.9587e-01	1.0938e-07	1.1755e-36	1.1755e-36	1.1755e-36	1.1447e-16	0.00e+00	0.00e+00	1.7337e+01
2.64378e+18	4.1252e+03	6.422e-22	2.7826e+01	9.5663e+00	2.3474e-07	6.5712e-01	3.4288e-01	9.9981e-01	1.9110e-04	1.3753e-11	1.3164e-10	1.0866e-03	9.9466e-01	4.2508e-03	1.1755e-36	7.1060e-01	2.8940e-01	1.0528e-07	1.1755e-36	1.1755e-36	1.1755e-36	1.2934e-16	0.00e+00	0.00e+00	1.7477e+01
2.64502e+18	4.0618e+03	6.246e-22	2.7826e+01	9.3642e+00	2.5981e-07	6.6412e-01	3.3588e-01	9.9981e-01	1.9028e-04	1.3772e-11	1.3885e-10	1.0687e-03	9.9477e-01	4.1616e-03	1.1755e-36	7.1714e-01	2.8286e-01	1.0124e-07	1.1755e-36	1.1755e-36	1.1755e-36	1.4590e-16	0.00e+00	0.00e+00	1.7624e+01
2.64630e+18	3.9984e+03	6.065e-22	2.7826e+01	9.1582e+00	2.8654e-07	6.7129e-01	3.2871e-01	9.9981e-01	1.8949e-04	1.3801e-11	1.4632e-10	1.0505e-03	9.9488e-01	4.0711e-03	1.1755e-36	7.2381e-01	2.7619e-01	9.7206e-08	1.1755e-36	1.1755e-36	1.1755e-36	1.6414e-16	0.00e+00	0.00e+00	1.7777e+01
