#depth	Te	Htot	hden	eden	2H_2/H	HI	HII	HeI	HeII	HeIII	CO/C	C1	C2	C3	C4	O1	O2	O3	O4	O5	O6	H2O/O	AV(point)	AV(extend)	Tau912
1.94462e+14	6.5980e+03	2.226e-21	2.7826e+01	3.0117e+01	4.2388e-14	2.5754e-03	9.9742e-01	2.2112e-02	9.7746e-01	4.2419e-04	4.0359e-17	2.0307e-04	2.9499e-01	7.0464e-01	1.6114e-04	1.9768e-03	7.3073e-01	2.6725e-01	3.7634e-05	1.1755e-36	1.1755e-36	1.9907e-25	0.00e+00	0.00e+00	1.7597e-04
1.16677e+15	6.5961e+03	2.225e-21	2.7826e+01	3.0114e+01	4.2424e-14	2.5746e-03	9.9743e-01	2.2112e-02	9.7746e-01	4.2377e-04	4.0325e-17	2.0283e-04	2.9500e-01	7.0463e-01	1.6148e-04	1.9762e-03	7.3070e-01	2.6728e-01	3.7504e-05	1.1755e-36	1.1755e-36	1.9879e-25	0.00e+00	0.00e+00	8.7966e-04
5.05601e+15	6.5915e+03	2.223e-21	2.7826e+01	3.0113e+01	4.2556e-14	2.5740e-03	9.9743e-01	2.2127e-02	9.7745e-01	4.2073e-04	4.0330e-17	2.0256e-04	2.9516e-01	7.0447e-01	1.6111e-04	1.9767e-03	7.3095e-01	2.6704e-01	3.6919e-05	1.1755e-36	1.1755e-36	1.9856e-25	0.00e+00	0.00e+00	3.6937e-03
2.06130e+16	6.5815e+03	2.216e-21	2.7826e+01	3.0113e+01	4.2917e-14	2.5744e-03	9.9743e-01	2.2201e-02	9.7739e-01	4.0568e-04	4.0502e-17	2.0260e-04	2.9591e-01	7.0373e-01	1.5950e-04	1.9815e-03	7.3205e-01	2.6593e-01	3.4649e-05	1.1755e-36	1.1755e-36	1.9872e-25	0.00e+00	0.00e+00	1.4952e-02
4.92377e+16	6.5404e+03	2.192e-21	2.7826e+01	3.0113e+01	4.3556e-14	2.5548e-03	9.9745e-01	2.2191e-02	9.7741e-01	3.9479e-04	3.9836e-17	2.0113e-04	2.9607e-01	7.0357e-01	1.5762e-04	1.9726e-03	7.3331e-01	2.6468e-01	3.1696e-05	1.1755e-36	1.1755e-36	1.9252e-25	0.00e+00	0.00e+00	2.9476e-02
8.64499e+16	6.4966e+03	2.168e-21	2.7826e+01	3.0113e+01	4.4467e-14	2.5397e-03	9.9746e-01	2.2242e-02	9.7739e-01	3.6979e-04	3.9430e-17	2.0067e-04	2.9681e-01	7.0284e-01	1.5461e-04	1.9695e-03	7.3524e-01	2.6276e-01	2.8082e-05	1.1755e-36	1.1755e-36	1.8759e-25	0.00e+00	0.00e+00	4.8245e-02
1.34826e+17	6.4485e+03	2.142e-21	2.7826e+01	3.0113e+01	4.5685e-14	2.5277e-03	9.9747e-01	2.2357e-02	9.7731e-01	3.3162e-04	3.9229e-17	2.0087e-04	2.9815e-01	7.0149e-01	1.5044e-04	1.9717e-03	7.3795e-01	2.6005e-01	2.3878e-05	1.1755e-36	1.1755e-36	1.8342e-25	0.00e+00	0.00e+00	7.2531e-02
1.97714e+17	6.3950e+03	2.113e-21	2.7826e+01	3.0113e+01	4.7296e-14	2.5198e-03	9.9748e-01	2.2559e-02	9.7716e-01	2.8125e-04	3.9276e-17	2.0184e-04	3.0032e-01	6.9933e-01	1.4501e-04	1.9809e-03	7.4167e-01	2.5633e-01	1.9239e-05	1.1755e-36	1.1755e-36	1.8004e-25	0.00e+00	0.00e+00	1.0400e-01
2.79470e+17	6.3359e+03	2.081e-21	2.7826e+01	3.0112e+01	4.9432e-14	2.5176e-03	9.9748e-01	2.2883e-02	9.7689e-01	2.2188e-04	3.9674e-17	2.0385e-04	3.0364e-01	6.9602e-01	1.3832e-04	1.9994e-03	7.4669e-01	2.5129e-01	1.4448e-05	1.1755e-36	1.1755e-36	1.7779e-25	0.00e+00	0.00e+00	1.4488e-01
3.85751e+17	6.2713e+03	2.047e-21	2.7826e+01	3.0111e+01	5.2252e-14	2.5244e-03	9.9748e-01	2.3387e-02	9.7645e-01	1.5952e-04	4.0564e-17	2.0736e-04	3.0857e-01	6.9109e-01	1.3039e-04	2.0314e-03	7.5340e-01	2.4456e-01	9.9023e-06	1.1755e-36	1.1755e-36	1.7699e-25	0.00e+00	0.00e+00	1.9817e-01
5.23918e+17	6.2023e+03	2.010e-21	2.7826e+01	3.0108e+01	5.5990e-14	2.5447e-03	9.9746e-01	2.4161e-02	9.7574e-01	1.0199e-04	4.2209e-17	2.1307e-04	3.1586e-01	6.8381e-01	1.2135e-04	2.0825e-03	7.6225e-01	2.3566e-01	6.0319e-06	1.1755e-36	1.1755e-36	1.7849e-25	0.00e+00	0.00e+00	2.6800e-01
7.03534e+17	6.1315e+03	1.971e-21	2.7826e+01	3.0104e+01	6.1191e-14	2.5857e-03	9.9741e-01	2.5357e-02	9.7459e-01	5.6366e-05	4.5209e-17	2.2210e-04	3.2663e-01	6.7304e-01	1.1119e-04	2.1619e-03	7.7387e-01	2.2397e-01	3.1591e-06	1.1755e-36	1.1755e-36	1.8489e-25	0.00e+00	0.00e+00	3.6023e-01
9.37035e+17	6.0624e+03	1.932e-21	2.7826e+01	3.0097e+01	6.8332e-14	2.6595e-03	9.9734e-01	2.7250e-02	9.7272e-01	2.6056e-05	5.0336e-17	2.3642e-04	3.4275e-01	6.5692e-01	9.9682e-05	2.2848e-03	7.8909e-01	2.0862e-01	1.3648e-06	1.1755e-36	1.1755e-36	1.9802e-25	0.00e+00	0.00e+00	4.8357e-01
1.24059e+18	6.0018e+03	1.895e-21	2.7826e+01	3.0089e+01	7.8709e-14	2.7872e-03	9.9721e-01	3.0393e-02	9.6960e-01	9.7039e-06	5.9634e-17	2.5947e-04	3.6744e-01	6.3222e-01	8.6315e-05	2.4781e-03	8.0911e-01	1.8841e-01	4.6161e-07	1.1755e-36	1.1755e-36	2.2516e-25	0.00e+00	0.00e+00	6.5161e-01
1.63520e+18	5.9596e+03	1.861e-21	2.7826e+01	3.0064e+01	9.4441e-14	3.0055e-03	9.9699e-01	3.5891e-02	9.6411e-01	2.7896e-06	7.7453e-17	2.9781e-04	4.0636e-01	5.9327e-01	7.0452e-05	2.7905e-03	8.3547e-01	1.6174e-01	1.1755e-36	1.1755e-36	1.1755e-36	2.8015e-25	0.00e+00	0.00e+00	8.8717e-01
2.01889e+18	5.9241e+03	1.836e-21	2.7826e+01	3.0039e+01	1.1239e-13	3.2466e-03	9.9675e-01	4.3620e-02	9.5638e-01	8.1672e-07	1.0041e-16	3.4362e-04	4.5249e-01	5.4711e-01	5.6434e-05	3.1364e-03	8.6057e-01	1.3630e-01	1.1755e-36	1.1755e-36	1.1755e-36	3.4544e-25	0.00e+00	0.00e+00	1.0704e+00
2.29342e+18	5.9300e+03	1.829e-21	2.7826e+01	3.0012e+01	1.2727e-13	3.4754e-03	9.9652e-01	5.2125e-02	9.4787e-01	3.6046e-07	1.2630e-16	3.8728e-04	4.9478e-01	5.0479e-01	4.6517e-05	3.4556e-03	8.7961e-01	1.1694e-01	1.1755e-36	1.1755e-36	1.1755e-36	4.2211e-25	0.00e+00	0.00e+00	1.2095e+00
2.51369e+18	5.9486e+03	1.830e-21	2.7826e+01	2.9983e+01	1.4250e-13	3.7110e-03	9.9629e-01	6.2034e-02	9.3797e-01	1.9200e-07	1.5751e-16	4.3108e-04	5.3554e-01	4.6399e-01	3.8520e-05	3.7782e-03	8.9563e-01	1.0059e-01	1.1755e-36	1.1755e-36	1.1755e-36	5.1825e-25	0.00e+00	0.00e+00	1.3483e+00
2.70403e+18	5.9700e+03	1.834e-21	2.7826e+01	2.9950e+01	1.5759e-13	3.9443e-03	9.9606e-01	7.4027e-02	9.2597e-01	1.1357e-07	1.9310e-16	4.7544e-04	5.7602e-01	4.2347e-01	3.1818e-05	4.0980e-03	9.0961e-01	8.6297e-02	1.1755e-36	1.1755e-36	1.1755e-36	6.2615e-25	0.00e+00	0.00e+00	1.4646e+00
2.85311e+18	5.9925e+03	1.839e-21	2.7826e+01	2.9914e+01	1.7127e-13	4.1529e-03	9.9585e-01	8.7079e-02	9.1292e-01	7.5991e-08	2.2973e-16	5.1535e-04	6.1193e-01	3.8753e-01	2.6655e-05	4.3844e-03	9.2080e-01	7.4811e-02	1.1755e-36	1.1755e-36	1.1755e-36	7.3760e-25	0.00e+00	0.00e+00	1.5597e+00
2.97365e+18	6.0185e+03	1.844e-21	2.7826e+01	2.9881e+01	1.8305e-13	4.3404e-03	9.9566e-01	1.0140e-01	8.9860e-01	5.5093e-08	2.6707e-16	5.5161e-04	6.4386e-01	3.5557e-01	2.2565e-05	4.6425e-03	9.3001e-01	6.5348e-02	1.1755e-36	1.1755e-36	1.1755e-36	8.5170e-25	0.00e+00	0.00e+00	1.6442e+00
3.07959e+18	6.0283e+03	1.850e-21	2.7826e+01	2.9825e+01	1.9776e-13	4.5288e-03	9.9547e-01	1.1774e-01	8.8226e-01	4.1194e-08	3.0747e-16	5.8617e-04	6.7421e-01	3.2519e-01	1.9032e-05	4.9003e-03	9.3818e-01	5.6920e-02	1.1755e-36	1.1755e-36	1.1755e-36	9.7226e-25	0.00e+00	0.00e+00	1.7246e+00
3.17716e+18	6.0511e+03	1.855e-21	2.7826e+01	2.9787e+01	2.1069e-13	4.7132e-03	9.9529e-01	1.3795e-01	8.6205e-01	3.1612e-08	3.5294e-16	6.2060e-04	7.0377e-01	2.9559e-01	1.5923e-05	5.1541e-03	9.4573e-01	4.9113e-02	1.1755e-36	1.1755e-36	1.1755e-36	1.1120e-24	0.00e+00	0.00e+00	1.8025e+00
3.26533e+18	6.0568e+03	1.860e-21	2.7826e+01	2.9714e+01	2.2696e-13	4.8984e-03	9.9510e-01	1.6201e-01	8.3799e-01	2.4630e-08	4.0154e-16	6.5332e-04	7.3204e-01	2.6730e-01	1.3217e-05	5.4083e-03	9.5256e-01	4.2030e-02	1.1755e-36	1.1755e-36	1.1755e-36	1.2544e-24	0.00e+00	0.00e+00	1.8733e+00
3.34181e+18	6.0761e+03	1.862e-21	2.7826e+01	2.9648e+01	2.3922e-13	5.0631e-03	9.9494e-01	1.8969e-01	8.1031e-01	1.9764e-08	4.5080e-16	6.8294e-04	7.5728e-01	2.4203e-01	1.1014e-05	5.6365e-03	9.5847e-01	3.5892e-02	1.1755e-36	1.1755e-36	1.1755e-36	1.3996e-24	0.00e+00	0.00e+00	1.9362e+00
3.40822e+18	6.0824e+03	1.865e-21	2.7826e+01	2.9571e+01	2.5380e-13	5.2206e-03	9.9478e-01	2.2119e-01	7.7881e-01	1.6120e-08	5.0143e-16	7.0948e-04	7.7982e-01	2.1946e-01	9.1906e-06	5.8533e-03	9.6357e-01	3.0574e-02	1.1755e-36	1.1755e-36	1.1755e-36	1.5443e-24	0.00e+00	0.00e+00	1.9932e+00
3.46730e+18	6.0982e+03	1.865e-21	2.7826e+01	2.9498e+01	2.6542e-13	5.3625e-03	9.9464e-01	2.5721e-01	7.4279e-01	1.3325e-08	5.5339e-16	7.3299e-04	7.9984e-01	1.9942e-01	7.6856e-06	6.0500e-03	9.6804e-01	2.5907e-02	1.1755e-36	1.1755e-36	1.1755e-36	1.6935e-24	0.00e+00	0.00e+00	2.0460e+00
3.52116e+18	6.0940e+03	1.863e-21	2.7826e+01	2.9368e+01	2.8167e-13	5.5020e-03	9.9450e-01	2.9826e-01	7.0174e-01	1.0861e-08	6.0635e-16	7.5356e-04	8.1784e-01	1.8140e-01	6.4099e-06	6.2421e-03	9.7198e-01	2.1781e-02	1.1755e-36	1.1755e-36	1.1755e-36	1.8323e-24	0.00e+00	0.00e+00	2.0959e+00
3.57126e+18	6.1031e+03	1.859e-21	2.7826e+01	2.9266e+01	2.9457e-13	5.6337e-03	9.9437e-01	3.4664e-01	6.5336e-01	8.9395e-09	6.6379e-16	7.7270e-04	8.3409e-01	1.6513e-01	5.3263e-06	6.4237e-03	9.7551e-01	1.8065e-02	1.1755e-36	1.1755e-36	1.1755e-36	1.9847e-24	0.00e+00	0.00e+00	2.1440e+00
3.61798e+18	6.1039e+03	1.855e-21	2.7826e+01	2.9159e+01	3.1057e-13	5.7662e-03	9.9423e-01	4.0252e-01	5.9748e-01	7.2847e-09	7.2753e-16	7.8991e-04	8.4863e-01	1.5058e-01	4.4037e-06	6.6042e-03	9.7862e-01	1.4774e-02	1.1755e-36	1.1755e-36	1.1755e-36	2.1504e-24	0.00e+00	0.00e+00	2.1895e+00
3.66132e+18	6.0941e+03	1.848e-21	2.7826e+01	2.8991e+01	3.2881e-13	5.8906e-03	9.9411e-01	4.6421e-01	5.3579e-01	5.7830e-09	7.9086e-16	8.0364e-04	8.6107e-01	1.3813e-01	3.6440e-06	6.7731e-03	9.8127e-01	1.1958e-02	1.1755e-36	1.1755e-36	1.1755e-36	2.2937e-24	0.00e+00	0.00e+00	2.2327e+00
3.70265e+18	6.0900e+03	1.839e-21	2.7826e+01	2.8855e+01	3.4680e-13	6.0162e-03	9.9398e-01	5.3257e-01	4.6743e-01	4.5149e-09	8.6302e-16	8.1648e-04	8.7185e-01	1.2733e-01	3.0018e-06	6.9416e-03	9.8354e-01	9.5172e-03	1.1755e-36	1.1755e-36	1.1755e-36	2.4622e-24	0.00e+00	0.00e+00	2.2759e+00
3.74968e+18	6.0800e+03	1.820e-21	2.7826e+01	2.8597e+01	3.6935e-13	6.1511e-03	9.9385e-01	6.1735e-01	3.8265e-01	3.2010e-09	9.4840e-16	8.2639e-04	8.8212e-01	1.1706e-01	2.3845e-06	7.1227e-03	9.8574e-01	7.1388e-03	1.1755e-36	1.1755e-36	1.1755e-36	2.6375e-24	0.00e+00	0.00e+00	2.3334e+00
3.80130e+18	6.0655e+03	1.802e-21	2.7826e+01	2.8359e+01	3.9868e-13	6.3163e-03	9.9368e-01	7.1429e-01	2.8571e-01	2.0658e-09	1.0575e-15	8.3662e-04	8.9128e-01	1.0788e-01	1.8339e-06	7.3385e-03	9.8763e-01	5.0360e-03	1.1755e-36	1.1755e-36	1.1755e-36	2.8675e-24	0.00e+00	0.00e+00	2.3890e+00
3.85027e+18	6.0390e+03	1.790e-21	2.7826e+01	2.8151e+01	4.3631e-13	6.4974e-03	9.9350e-01	8.0008e-01	1.9992e-01	1.2634e-09	1.1751e-15	8.4540e-04	8.9800e-01	1.0115e-01	1.4098e-06	7.5692e-03	9.8892e-01	3.5098e-03	1.1755e-36	1.1755e-36	1.1755e-36	3.1273e-24	0.00e+00	0.00e+00	2.4436e+00
3.90529e+18	6.0147e+03	1.782e-21	2.7826e+01	2.7999e+01	4.8344e-13	6.7302e-03	9.9327e-01	8.7577e-01	1.2423e-01	6.7985e-10	1.3198e-15	8.5578e-04	9.0345e-01	9.5693e-02	1.0357e-06	7.8603e-03	9.8985e-01	2.2945e-03	1.1755e-36	1.1755e-36	1.1755e-36	3.4965e-24	0.00e+00	0.00e+00	2.5172e+00
3.97682e+18	6.0017e+03	1.777e-21	2.7826e+01	2.7827e+01	5.4090e-13	7.0447e-03	9.9296e-01	9.3756e-01	6.2438e-02	2.8297e-10	1.4993e-15	8.6680e-04	9.0787e-01	9.1265e-02	6.9554e-07	8.2501e-03	9.9044e-01	1.3096e-03	1.1755e-36	1.1755e-36	1.1755e-36	4.0222e-24	0.00e+00	0.00e+00	2.6173e+00
4.06981e+18	6.0073e+03	1.785e-21	2.7826e+01	2.7707e+01	6.1563e-13	7.5004e-03	9.9250e-01	9.7540e-01	2.4600e-02	8.7830e-11	1.7420e-15	8.8181e-04	9.1145e-01	8.7673e-02	4.1365e-07	8.8099e-03	9.9056e-01	6.3130e-04	1.1755e-36	1.1755e-36	1.1755e-36	4.8957e-24	0.00e+00	0.00e+00	2.7558e+00
4.19070e+18	6.0216e+03	1.811e-21	2.7826e+01	2.7643e+01	7.3269e-13	8.1996e-03	9.9180e-01	9.9233e-01	7.6734e-03	2.0578e-11	2.1119e-15	9.0312e-04	9.1489e-01	8.4209e-02	2.0980e-07	9.6644e-03	9.9009e-01	2.4939e-04	1.1755e-36	1.1755e-36	1.1755e-36	6.4712e-24	0.00e+00	0.00e+00	2.9527e+00
4.34785e+18	6.0615e+03	1.855e-21	2.7826e+01	2.7601e+01	9.2082e-13	9.2932e-03	9.9071e-01	9.9805e-01	1.9493e-03	3.6557e-12	2.7529e-15	9.3179e-04	9.1880e-01	8.0270e-02	1.1755e-36	1.1000e-02	9.8892e-01	7.7939e-05	1.1755e-36	1.1755e-36	1.1755e-36	9.6864e-24	0.00e+00	0.00e+00	3.2428e+00
4.51814e+18	6.1204e+03	1.914e-21	2.7826e+01	2.7557e+01	1.2031e-12	1.0826e-02	9.8917e-01	9.9950e-01	5.0256e-04	6.5948e-13	3.7803e-15	9.6363e-04	9.2300e-01	7.6037e-02	1.1755e-36	1.2875e-02	9.8710e-01	2.2837e-05	1.1755e-36	1.1755e-36	1.1755e-36	1.5795e-23	0.00e+00	0.00e+00	3.5527e+00
4.66177e+18	6.1791e+03	1.974e-21	2.7826e+01	2.7513e+01	1.5547e-12	1.2564e-02	9.8744e-01	9.9982e-01	1.8060e-04	1.7858e-13	5.1292e-15	9.9168e-04	9.2684e-01	7.2173e-02	1.1755e-36	1.5003e-02	9.8499e-01	8.4787e-06	1.1755e-36	1.1755e-36	1.1755e-36	2.5265e-23	0.00e+00	0.00e+00	3.8271e+00
4.77498e+18	6.2262e+03	2.028e-21	2.7826e+01	2.7473e+01	1.9650e-12	1.4352e-02	9.8565e-01	9.9991e-01	8.6050e-05	6.8353e-14	6.7421e-15	1.0150e-03	9.3020e-01	6.8785e-02	1.1755e-36	1.7197e-02	9.8280e-01	3.9821e-06	1.1755e-36	1.1755e-36	1.1755e-36	3.8416e-23	0.00e+00	0.00e+00	4.0846e+00
4.87573e+18	6.2712e+03	2.078e-21	2.7826e+01	2.7412e+01	2.4757e-12	1.6354e-02	9.8365e-01	9.9995e-01	4.5822e-05	2.9967e-14	8.8155e-15	1.0349e-03	9.3343e-01	6.5534e-02	1.1755e-36	1.9655e-02	9.8034e-01	2.0429e-06	1.1755e-36	1.1755e-36	1.1755e-36	5.7861e-23	0.00e+00	0.00e+00	4.3702e+00
4.99002e+18	6.3136e+03	2.141e-21	2.7826e+01	2.7351e+01	3.3629e-12	1.9297e-02	9.8070e-01	9.9998e-01	2.2819e-05	1.1900e-14	1.2418e-14	1.0582e-03	9.3758e-01	6.1362e-02	1.1755e-36	2.3274e-02	9.7672e-01	9.5194e-07	1.1755e-36	1.1755e-36	1.1755e-36	9.7397e-23	0.00e+00	0.00e+00	4.8082e+00
5.11068e+18	6.3747e+03	2.215e-21	2.7826e+01	2.7226e+01	4.8267e-12	2.3574e-02	9.7643e-01	9.9999e-01	1.1415e-05	4.7880e-15	1.8725e-14	1.0813e-03	9.4218e-01	5.6735e-02	1.1755e-36	2.8536e-02	9.7146e-01	4.2981e-07	1.1755e-36	1.1755e-36	1.1755e-36	1.8206e-22	0.00e+00	0.00e+00	5.2726e+00
5.21152e+18	6.4282e+03	2.285e-21	2.7826e+01	2.7112e+01	6.9755e-12	2.8802e-02	9.7120e-01	9.9999e-01	6.5431e-06	2.3014e-15	2.8280e-14	1.1011e-03	9.4664e-01	5.2255e-02	1.1755e-36	3.4968e-02	9.6503e-01	2.1857e-07	1.1755e-36	1.1755e-36	1.1755e-36	3.4095e-22	0.00e+00	0.00e+00	5.7259e+00
5.29606e+18	6.4707e+03	2.342e-21	2.7826e+01	2.6918e+01	1.0056e-11	3.4979e-02	9.6502e-01	1.0000e+00	4.1377e-06	1.2593e-15	4.2113e-14	1.1134e-03	9.5080e-01	4.8090e-02	1.1755e-36	4.2561e-02	9.5744e-01	1.2129e-07	1.1755e-36	1.1755e-36	1.1755e-36	6.2341e-22	0.00e+00	0.00e+00	6.2144e+00
5.37241e+18	6.5172e+03	2.388e-21	2.7826e+01	2.6665e+01	1.4666e-11	4.2764e-02	9.5724e-01	1.0000e+00	2.7491e-06	7.3730e-16	6.3574e-14	1.1212e-03	9.5491e-01	4.3972e-02	1.1755e-36	5.2112e-02	9.4789e-01	6.9473e-08	1.1755e-36	1.1755e-36	1.1755e-36	1.1642e-21	0.00e+00	0.00e+00	6.7646e+00
5.44165e+18	6.5456e+03	2.430e-21	2.7826e+01	2.6382e+01	2.2346e-11	5.3003e-02	9.4700e-01	1.0000e+00	1.9082e-06	4.5729e-16	9.8852e-14	1.1265e-03	9.5915e-01	3.9727e-02	1.1755e-36	6.4637e-02	9.3536e-01	4.0662e-08	1.1755e-36	1.1755e-36	1.1755e-36	2.2715e-21	0.00e+00	0.00e+00	7.3722e+00
5.50142e+18	6.5721e+03	2.453e-21	2.7826e+01	2.6023e+01	3.4334e-11	6.5863e-02	9.3414e-01	1.0000e+00	1.3990e-06	3.0608e-16	1.5456e-13	1.1260e-03	9.6320e-01	3.5679e-02	1.1755e-36	8.0297e-02	9.1970e-01	2.4749e-08	1.1755e-36	1.1755e-36	1.1755e-36	4.4733e-21	0.00e+00	0.00e+00	8.0005e+00
5.54535e+18	6.5968e+03	2.454e-21	2.7826e+01	2.5643e+01	4.9689e-11	7.9400e-02	9.2060e-01	1.0000e+00	1.1242e-06	2.3206e-16	2.2707e-13	1.1203e-03	9.6644e-01	3.2439e-02	1.1755e-36	9.6685e-02	9.0331e-01	1.6767e-08	1.1755e-36	1.1755e-36	1.1755e-36	8.0295e-21	0.00e+00	0.00e+00	8.4688e+00
5.57438e+18	6.5927e+03	2.447e-21	2.7826e+01	2.5311e+01	6.6951e-11	9.1419e-02	9.0858e-01	1.0000e+00	9.6955e-07	1.9255e-16	3.0376e-13	1.1136e-03	9.6882e-01	3.0062e-02	1.1755e-36	1.1116e-01	8.8884e-01	1.2661e-08	1.1755e-36	1.1755e-36	1.1755e-36	1.2479e-20	0.00e+00	0.00e+00	8.8623e+00
5.59877e+18	6.5864e+03	2.437e-21	2.7826e+01	2.5040e+01	8.8447e-11	1.0414e-01	8.9586e-01	1.0000e+00	8.5238e-07	1.6341e-16	3.9901e-13	1.1085e-03	9.7101e-01	2.7882e-02	1.1755e-36	1.2639e-01	8.7361e-01	9.7794e-09	1.1755e-36	1.1755e-36	1.1755e-36	1.8906e-20	0.00e+00	0.00e+00	9.3064e+00
5.62669e+18	6.5768e+03	2.394e-21	2.7826e+01	2.4502e+01	1.2393e-10	1.2166e-01	8.7834e-01	1.0000e+00	7.3207e-07	1.3567e-16	5.5019e-13	1.0920e-03	9.7349e-01	2.5422e-02	1.1755e-36	1.4723e-01	8.5277e-01	7.1364e-09	1.1755e-36	1.1755e-36	1.1755e-36	3.0792e-20	0.00e+00	0.00e+00	9.9810e+00
5.65653e+18	6.5522e+03	2.326e-21	2.7826e+01	2.3780e+01	1.8756e-10	1.4634e-01	8.5366e-01	1.0000e+00	6.2378e-07	1.1241e-16	8.0728e-13	1.0679e-03	9.7623e-01	2.2702e-02	1.1755e-36	1.7629e-01	8.2371e-01	4.9928e-09	1.1755e-36	1.1755e-36	1.1755e-36	5.5220e-20	0.00e+00	0.00e+00	1.0704e+01
5.68357e+18	6.5052e+03	2.232e-21	2.7826e+01	2.2932e+01	2.9385e-10	1.7699e-01	8.2301e-01	1.0000e+00	5.4078e-07	9.5551e-17	1.2026e-12	1.0377e-03	9.7893e-01	2.0037e-02	1.1755e-36	2.1192e-01	7.8808e-01	3.4771e-09	1.1755e-36	1.1755e-36	1.1755e-36	1.0156e-19	0.00e+00	0.00e+00	1.1511e+01
5.70765e+18	6.4335e+03	2.107e-21	2.7826e+01	2.1908e+01	4.7086e-10	2.1357e-01	7.8643e-01	1.0000e+00	4.7783e-07	8.3786e-17	1.7876e-12	9.9899e-04	9.8143e-01	1.7572e-02	1.1755e-36	2.5378e-01	7.4622e-01	2.4345e-09	1.1755e-36	1.1755e-36	1.1755e-36	1.8658e-19	0.00e+00	0.00e+00	1.2344e+01
5.72792e+18	6.3375e+03	1.963e-21	2.7826e+01	2.0783e+01	7.5254e-10	2.5399e-01	7.4601e-01	1.0000e+00	4.3224e-07	7.6052e-17	2.5874e-12	9.5478e-04	9.8362e-01	1.5427e-02	1.1755e-36	2.9922e-01	7.0078e-01	1.7451e-09	1.1755e-36	1.1755e-36	1.1755e-36	3.3000e-19	0.00e+00	0.00e+00	1.3162e+01
5.74385e+18	6.2275e+03	1.818e-21	2.7826e+01	1.9671e+01	1.1560e-09	2.9392e-01	7.0608e-01	1.0000e+00	4.0169e-07	7.1549e-17	3.5466e-12	9.0997e-04	9.8537e-01	1.3715e-02	1.1755e-36	3.4329e-01	6.5671e-01	1.3109e-09	1.1755e-36	1.1755e-36	1.1755e-36	5.3850e-19	0.00e+00	0.00e+00	1.3861e+01
5.75541e+18	6.1207e+03	1.693e-21	2.7826e+01	1.8715e+01	1.6459e-09	3.2825e-01	6.7175e-01	1.0000e+00	3.8230e-07	6.9156e-17	4.5164e-12	8.7079e-04	9.8666e-01	1.2469e-02	1.1755e-36	3.8054e-01	6.1946e-01	1.0489e-09	1.1755e-36	1.1755e-36	1.1755e-36	7.8621e-19	0.00e+00	0.00e+00	1.4414e+01
5.76395e+18	6.0227e+03	1.591e-21	2.7826e+01	1.7931e+01	2.1963e-09	3.5680e-01	6.4320e-01	1.0000e+00	3.6917e-07	6.7766e-17	5.4374e-12	8.3834e-04	9.8762e-01	1.1545e-02	1.1755e-36	4.1108e-01	5.8892e-01	8.8110e-10	1.1755e-36	1.1755e-36	1.1755e-36	1.0543e-18	0.00e+00	0.00e+00	1.4884e+01
5.77113e+18	5.9245e+03	1.498e-21	2.7826e+01	1.7197e+01	2.8568e-09	3.8278e-01	6.1722e-01	1.0000e+00	3.5942e-07	6.7014e-17	6.3667e-12	8.0780e-04	9.8841e-01	1.0778e-02	1.1755e-36	4.3853e-01	5.6147e-01	7.5637e-10	1.1755e-36	1.1755e-36	1.1755e-36	1.3561e-18	0.00e+00	0.00e+00	1.5346e+01
5.77778e+18	5.8196e+03	1.407e-21	2.7826e+01	1.6475e+01	3.7161e-09	4.0866e-01	5.9134e-01	1.0000e+00	3.5073e-07	6.6492e-17	7.3950e-12	7.7759e-04	9.8915e-01	1.0073e-02	1.1755e-36	4.6556e-01	5.3444e-01	6.5327e-10	1.1755e-36	1.1755e-36	1.1755e-36	1.7279e-18	0.00e+00	0.00e+00	1.5807e+01
5.78393e+18	5.7085e+03	1.319e-21	2.7826e+01	1.5763e+01	4.8326e-09	4.3416e-01	5.6584e-01	1.0000e+00	3.4332e-07	6.6268e-17	8.5182e-12	7.4764e-04	9.8982e-01	9.4304e-03	1.1755e-36	4.9189e-01	5.0811e-01	5.6805e-10	1.1755e-36	1.1755e-36	1.1755e-36	2.1814e-18	0.00e+00	0.00e+00	1.6255e+01
5.78947e+18	5.5954e+03	1.237e-21	2.7826e+01	1.5088e+01	6.2345e-09	4.5835e-01	5.4165e-01	1.0000e+00	3.3748e-07	6.6347e-17	9.7012e-12	7.1911e-04	9.9042e-01	8.8615e-03	1.1755e-36	5.1660e-01	4.8340e-01	4.9921e-10	1.1755e-36	1.1755e-36	1.1755e-36	2.7163e-18	0.00e+00	0.00e+00	1.6674e+01
5.79439e+18	5.4804e+03	1.163e-21	2.7826e+01	1.4463e+01	7.9812e-09	4.8098e-01	5.1902e-01	1.0000e+00	3.3257e-07	6.6539e-17	1.0938e-11	6.9279e-04	9.9095e-01	8.3588e-03	1.1755e-36	5.3949e-01	4.6051e-01	4.4354e-10	1.1755e-36	1.1755e-36	1.1755e-36	3.3450e-18	0.00e+00	0.00e+00	1.7067e+01
5.79886e+18	5.3663e+03	1.095e-21	2.7826e+01	1.3871e+01	1.0133e-08	5.0226e-01	4.9774e-01	1.0000e+00	3.2866e-07	6.6932e-17	1.2234e-11	6.6772e-04	9.9142e-01	7.9106e-03	1.1755e-36	5.6080e-01	4.3920e-01	3.9738e-10	1.1755e-36	1.1755e-36	1.1755e-36	4.0873e-18	0.00e+00	0.00e+00	1.7446e+01
5.80203e+18	5.2852e+03	1.049e-21	2.7826e+01	1.3459e+01	1.1987e-08	5.1702e-01	4.8298e-01	1.0000e+00	3.2663e-07	6.7429e-17	1.3223e-11	6.5017e-04	9.9173e-01	7.6195e-03	1.1755e-36	5.7546e-01	4.2454e-01	3.6889e-10	1.1755e-36	1.1755e-36	1.1755e-36	4.7177e-18	0.00e+00	0.00e+00	1.7630e+01
5.80369e+18	5.2367e+03	1.024e-21	2.7826e+01	1.3237e+01	1.3211e-08	5.2517e-01	4.7483e-01	1.0000e+00	3.2559e-07	6.7682e-17	1.3817e-11	6.4081e-04	9.9190e-01	7.4600e-03	1.1755e-36	5.8352e-01	4.1648e-01	3.5411e-10	1.1755e-36	1.1755e-36	1.1755e-36	5.1251e-18	0.00e+00	0.00e+00	1.7751e+01
5.80506e+18	5.1921e+03	1.003e-21	2.7826e+01	1.3044e+01	1.4410e-08	5.3214e-01	4.6786e-01	1.0000e+00	3.2449e-07	6.7846e-17	1.4353e-11	6.3270e-04	9.9204e-01	7.3241e-03	1.1755e-36	5.9040e-01	4.0960e-01	3.4188e-10	1.1755e-36	1.1755e-36	1.1755e-36	5.5129e-18	0.00e+00	0.00e+00	1.7883e+01
5.80661e+18	5.1474e+03	9.783e-22	2.7826e+01	1.2825e+01	1.5794e-08	5.4002e-01	4.5998e-01	1.0000e+00	3.2335e-07	6.8114e-17	1.4979e-11	6.2332e-04	9.9220e-01	7.1722e-03	1.1755e-36	5.9813e-01	4.0187e-01	3.2824e-10	1.1755e-36	1.1755e-36	1.1755e-36	5.9867e-18	0.00e+00	0.00e+00	1.8045e+01
5.80843e+18	5.0894e+03	9.495e-22	2.7826e+01	1.2557e+01	1.7703e-08	5.4920e-01	4.5080e-01	1.0000e+00	3.2225e-07	6.8514e-17	1.5752e-11	6.1189e-04	9.9239e-01	7.0001e-03	1.1755e-36	6.0713e-01	3.9287e-01	3.1318e-10	1.1755e-36	1.1755e-36	1.1755e-36	6.6119e-18	0.00e+00	0.00e+00	1.8232e+01
5.81030e+18	5.0287e+03	9.209e-22	2.7826e+01	1.2291e+01	1.9944e-08	5.5873e-01	4.4127e-01	1.0000e+00	3.2101e-07	6.8874e-17	1.6627e-11	6.0063e-04	9.9257e-01	6.8249e-03	1.1755e-36	6.1641e-01	3.8359e-01	2.9842e-10	1.1755e-36	1.1755e-36	1.1755e-36	7.3692e-18	0.00e+00	0.00e+00	1.8408e+01
5.81200e+18	4.9706e+03	8.951e-22	2.7826e+01	1.2048e+01	2.2305e-08	5.6746e-01	4.3254e-01	1.0000e+00	3.2001e-07	6.9236e-17	1.7456e-11	5.9034e-04	9.9275e-01	6.6638e-03	1.1755e-36	6.2490e-01	3.7510e-01	2.8555e-10	1.1755e-36	1.1755e-36	1.1755e-36	8.1257e-18	0.00e+00	0.00e+00	1.8568e+01
5.81356e+18	4.9130e+03	8.715e-22	2.7826e+01	1.1821e+01	2.4852e-08	5.7563e-01	4.2437e-01	1.0000e+00	3.1902e-07	6.9552e-17	1.8242e-11	5.8083e-04	9.9291e-01	6.5116e-03	1.1755e-36	6.3281e-01	3.6719e-01	2.7409e-10	1.1755e-36	1.1755e-36	1.1755e-36	8.8786e-18	0.00e+00	0.00e+00	1.8721e+01
5.81505e+18	4.8564e+03	8.489e-22	2.7826e+01	1.1601e+01	2.7625e-08	5.8352e-01	4.1648e-01	1.0000e+00	3.1812e-07	6.9881e-17	1.9041e-11	5.7160e-04	9.9306e-01	6.3666e-03	1.1755e-36	6.4042e-01	3.5958e-01	2.6343e-10	1.1755e-36	1.1755e-36	1.1755e-36	9.6900e-18	0.00e+00	0.00e+00	1.8872e+01
5.81652e+18	4.7995e+03	8.266e-22	2.7826e+01	1.1382e+01	3.0701e-08	5.9131e-01	4.0869e-01	1.0000e+00	3.1730e-07	7.0239e-17	1.9869e-11	5.6242e-04	9.9321e-01	6.2251e-03	1.1755e-36	6.4792e-01	3.5208e-01	2.5326e-10	1.1755e-36	1.1755e-36	1.1755e-36	1.0584e-17	0.00e+00	0.00e+00	1.9025e+01
5.81799e+18	4.7371e+03	8.049e-22	2.7826e+01	1.1168e+01	3.4396e-08	5.9940e-01	4.0060e-01	1.0000e+00	3.1616e-07	7.0465e-17	2.0798e-11	5.5359e-04	9.9337e-01	6.0790e-03	1.1755e-36	6.5568e-01	3.4432e-01	2.4327e-10	1.1755e-36	1.1755e-36	1.1755e-36	1.1652e-17	0.00e+00	0.00e+00	1.9179e+01
5.81941e+18	4.6787e+03	7.839e-22	2.7826e+01	1.0957e+01	3.8239e-08	6.0696e-01	3.9304e-01	1.0000e+00	3.1540e-07	7.0827e-17	2.1696e-11	5.4478e-04	9.9351e-01	5.9451e-03	1.1755e-36	6.6290e-01	3.3710e-01	2.3417e-10	1.1755e-36	1.1755e-36	1.1755e-36	1.2753e-17	0.00e+00	0.00e+00	1.9325e+01
5.82077e+18	4.6207e+03	7.638e-22	2.7826e+01	1.0753e+01	4.2437e-08	6.1432e-01	3.8568e-01	1.0000e+00	3.1467e-07	7.1180e-17	2.2618e-11	5.3629e-04	9.9365e-01	5.8159e-03	1.1755e-36	6.6992e-01	3.3008e-01	2.2562e-10	1.1755e-36	1.1755e-36	1.1755e-36	1.3953e-17	0.00e+00	0.00e+00	1.9471e+01
5.82214e+18	4.5609e+03	7.437e-22	2.7826e+01	1.0547e+01	4.7173e-08	6.2174e-01	3.7826e-01	1.0000e+00	3.1395e-07	7.1543e-17	2.3595e-11	5.2776e-04	9.9379e-01	5.6870e-03	1.1755e-36	6.7697e-01	3.2303e-01	2.1729e-10	1.1755e-36	1.1755e-36	1.1755e-36	1.5305e-17	0.00e+00	0.00e+00	1.9621e+01
5.82351e+18	4.4995e+03	7.238e-22	2.7826e+01	1.0341e+01	5.2498e-08	6.2920e-01	3.7080e-01	1.0000e+00	3.1324e-07	7.1922e-17	2.4627e-11	5.1923e-04	9.9392e-01	5.5588e-03	1.1755e-36	6.8403e-01	3.1597e-01	2.0921e-10	1.1755e-36	1.1755e-36	1.1755e-36	1.6824e-17	0.00e+00	0.00e+00	1.9773e+01
5.82486e+18	4.4337e+03	7.043e-22	2.7826e+01	1.0132e+01	5.8669e-08	6.3668e-01	3.6332e-01	1.0000e+00	3.1248e-07	7.2270e-17	2.5720e-11	5.1077e-04	9.9406e-01	5.4316e-03	1.1755e-36	6.9110e-01	3.0890e-01	2.0146e-10	1.1755e-36	1.1755e-36	1.1755e-36	1.8547e-17	0.00e+00	0.00e+00	1.9923e+01
5.82618e+18	4.3753e+03	6.855e-22	2.7826e+01	9.9358e+00	6.4748e-08	6.4375e-01	3.5625e-01	1.0000e+00	3.1197e-07	7.2708e-17	2.6779e-11	5.0261e-04	9.9418e-01	5.3129e-03	1.1755e-36	6.9775e-01	3.0225e-01	1.9423e-10	1.1755e-36	1.1755e-36	1.1755e-36	2.0303e-17	0.00e+00	0.00e+00	2.0068e+01
5.82750e+18	4.3062e+03	6.668e-22	2.7826e+01	9.7313e+00	7.2330e-08	6.5119e-01	3.4881e-01	1.0000e+00	3.1116e-07	7.3031e-17	2.7964e-11	4.9444e-04	9.9432e-01	5.1886e-03	1.1755e-36	7.0474e-01	2.9526e-01	1.8704e-10	1.1755e-36	1.1755e-36	1.1755e-36	2.2409e-17	0.00e+00	0.00e+00	2.0225e+01
5.82884e+18	4.2400e+03	6.482e-22	2.7826e+01	9.5286e+00	8.0224e-08	6.5847e-01	3.4153e-01	1.0000e+00	3.1055e-07	7.3442e-17	2.9145e-11	4.8623e-04	9.9445e-01	5.0686e-03	1.1755e-36	7.1156e-01	2.8844e-01	1.8015e-10	1.1755e-36	1.1755e-36	1.1755e-36	2.4626e-17	0.00e+00	0.00e+00	2.0375e+01
5.83015e+18	4.1735e+03	6.298e-22	2.7826e+01	9.3234e+00	8.8637e-08	6.6557e-01	3.3443e-01	1.0000e+00	3.1011e-07	7.3935e-17	3.0306e-11	4.7793e-04	9.9457e-01	4.9531e-03	1.1755e-36	7.1819e-01	2.8181e-01	1.7361e-10	1.1755e-36	1.1755e-36	1.1755e-36	2.6939e-17	0.00e+00	0.00e+00	2.0530e+01
5.83151e+18	4.1062e+03	6.110e-22	2.7826e+01	9.1138e+00	9.7679e-08	6.7288e-01	3.2712e-01	1.0000e+00	3.0972e-07	7.4482e-17	3.1507e-11	4.6942e-04	9.9470e-01	4.8353e-03	1.1755e-36	7.2499e-01	2.7501e-01	1.6703e-10	1.1755e-36	1.1755e-36	1.1755e-36	2.9444e-17	0.00e+00	0.00e+00	2.0695e+01
5.83296e+18	4.0293e+03	5.912e-22	2.7826e+01	8.8903e+00	1.0838e-07	6.8084e-01	3.1916e-01	1.0000e+00	3.0914e-07	7.4995e-17	3.2824e-11	4.6054e-04	9.9483e-01	4.7081e-03	1.1755e-36	7.3237e-01	2.6763e-01	1.6016e-10	1.1755e-36	1.1755e-36	1.1755e-36	3.2336e-17	0.00e+00	0.00e+00	2.0876e+01
5.83448e+18	3.9430e+03	5.713e-22	2.7826e+01	8.6635e+00	1.2075e-07	6.8941e-01	3.1059e-01	1.0000e+00	3.0814e-07	7.5341e-17	3.4245e-11	4.5186e-04	9.9498e-01	4.5720e-03	1.1755e-36	7.4030e-01	2.5970e-01	1.5312e-10	1.1755e-36	1.1755e-36	1.1755e-36	3.5600e-17	0.00e+00	0.00e+00	2.1060e+01
###########################
1.94462e+14	6.6001e+03	2.226e-21	2.7826e+01	3.0117e+01	4.1888e-14	2.5733e-03	9.9743e-01	2.2103e-02	9.7747e-01	4.2429e-04	3.9913e-17	1.9852e-04	2.9485e-01	7.0479e-01	1.6157e-04	1.9747e-03	7.3064e-01	2.6735e-01	3.7659e-05	1.1755e-36	1.1755e-36	1.9513e-25	0.00e+00	0.00e+00	1.7583e-04
1.16677e+15	6.5983e+03	2.225e-21	2.7826e+01	3.0114e+01	4.1960e-14	2.5725e-03	9.9743e-01	2.2104e-02	9.7747e-01	4.2386e-04	3.9913e-17	1.9764e-04	2.9486e-01	7.0478e-01	1.6175e-04	1.9740e-03	7.3059e-01	2.6740e-01	3.7532e-05	1.1755e-36	1.1755e-36	1.9519e-25	0.00e+00	0.00e+00	8.7895e-04
5.05601e+15	6.5936e+03	2.223e-21	2.7826e+01	3.0113e+01	4.2088e-14	2.5719e-03	9.9743e-01	2.2119e-02	9.7746e-01	4.2082e-04	3.9912e-17	1.9751e-04	2.9503e-01	7.0461e-01	1.6122e-04	1.9744e-03	7.3079e-01	2.6720e-01	3.6953e-05	1.1755e-36	1.1755e-36	1.9491e-25	0.00e+00	0.00e+00	3.6907e-03
2.06130e+16	6.5838e+03	2.216e-21	2.7826e+01	3.0113e+01	4.2452e-14	2.5724e-03	9.9743e-01	2.2192e-02	9.7740e-01	4.0578e-04	4.0095e-17	1.9822e-04	2.9581e-01	7.0384e-01	1.5953e-04	1.9789e-03	7.3180e-01	2.6619e-01	3.4693e-05	1.1755e-36	1.1755e-36	1.9518e-25	0.00e+00	0.00e+00	1.4940e-02
4.92377e+16	6.5435e+03	2.193e-21	2.7826e+01	3.0113e+01	4.3036e-14	2.5522e-03	9.9745e-01	2.2180e-02	9.7743e-01	3.9492e-04	3.9409e-17	1.9735e-04	2.9599e-01	7.0366e-01	1.5763e-04	1.9688e-03	7.3290e-01	2.6510e-01	3.1760e-05	1.1755e-36	1.1755e-36	1.8892e-25	0.00e+00	0.00e+00	2.9449e-02
8.64499e+16	6.4996e+03	2.169e-21	2.7826e+01	3.0113e+01	4.3942e-14	2.5370e-03	9.9746e-01	2.2231e-02	9.7740e-01	3.6991e-04	3.9017e-17	1.9747e-04	2.9675e-01	7.0290e-01	1.5459e-04	1.9655e-03	7.3477e-01	2.6324e-01	2.8145e-05	1.1755e-36	1.1755e-36	1.8413e-25	0.00e+00	0.00e+00	4.8198e-02
1.34826e+17	6.4510e+03	2.143e-21	2.7826e+01	3.0113e+01	4.5180e-14	2.5253e-03	9.9747e-01	2.2347e-02	9.7732e-01	3.3171e-04	3.8844e-17	1.9811e-04	2.9815e-01	7.0151e-01	1.5038e-04	1.9680e-03	7.3749e-01	2.6052e-01	2.3930e-05	1.1755e-36	1.1755e-36	1.8018e-25	0.00e+00	0.00e+00	7.2460e-02
1.97714e+17	6.3971e+03	2.113e-21	2.7826e+01	3.0113e+01	4.6815e-14	2.5176e-03	9.9748e-01	2.2550e-02	9.7717e-01	2.8132e-04	3.8922e-17	1.9945e-04	3.0036e-01	6.9929e-01	1.4493e-04	1.9777e-03	7.4127e-01	2.5674e-01	1.9276e-05	1.1755e-36	1.1755e-36	1.7703e-25	0.00e+00	0.00e+00	1.0391e-01
2.79470e+17	6.3376e+03	2.082e-21	2.7826e+01	3.0112e+01	4.8970e-14	2.5157e-03	9.9748e-01	2.2875e-02	9.7690e-01	2.2193e-04	3.9350e-17	2.0177e-04	3.0373e-01	6.9593e-01	1.3821e-04	1.9968e-03	7.4638e-01	2.5160e-01	1.4471e-05	1.1755e-36	1.1755e-36	1.7500e-25	0.00e+00	0.00e+00	1.4475e-01
3.85751e+17	6.2726e+03	2.047e-21	2.7826e+01	3.0111e+01	5.1796e-14	2.5227e-03	9.9748e-01	2.3380e-02	9.7646e-01	1.5955e-04	4.0263e-17	2.0555e-04	3.0872e-01	6.9095e-01	1.3028e-04	2.0292e-03	7.5319e-01	2.4477e-01	9.9139e-06	1.1755e-36	1.1755e-36	1.7436e-25	0.00e+00	0.00e+00	1.9800e-01
5.23918e+17	6.2035e+03	2.010e-21	2.7826e+01	3.0108e+01	5.5592e-14	2.5430e-03	9.9746e-01	2.4154e-02	9.7574e-01	1.0201e-04	4.1973e-17	2.1150e-04	3.1606e-01	6.8361e-01	1.2122e-04	2.0806e-03	7.6213e-01	2.3578e-01	6.0368e-06	1.1755e-36	1.1755e-36	1.7638e-25	0.00e+00	0.00e+00	2.6779e-01
7.03534e+17	6.1323e+03	1.971e-21	2.7826e+01	3.0104e+01	6.0748e-14	2.5841e-03	9.9742e-01	2.5351e-02	9.7459e-01	5.6373e-05	4.4950e-17	2.2077e-04	3.2690e-01	6.7277e-01	1.1105e-04	2.1603e-03	7.7381e-01	2.2402e-01	3.1608e-06	1.1755e-36	1.1755e-36	1.8255e-25	0.00e+00	0.00e+00	3.5997e-01
9.37035e+17	6.0628e+03	1.932e-21	2.7826e+01	3.0098e+01	6.7936e-14	2.6580e-03	9.9734e-01	2.7244e-02	9.7273e-01	2.6058e-05	5.0121e-17	2.3532e-04	3.4310e-01	6.5656e-01	9.9536e-05	2.2835e-03	7.8909e-01	2.0863e-01	1.3652e-06	1.1755e-36	1.1755e-36	1.9596e-25	0.00e+00	0.00e+00	4.8324e-01
1.24059e+18	6.0005e+03	1.894e-21	2.7826e+01	3.0087e+01	7.8473e-14	2.7858e-03	9.9721e-01	3.0377e-02	9.6961e-01	9.7013e-06	5.9467e-17	2.5864e-04	3.6790e-01	6.3176e-01	8.6158e-05	2.4770e-03	8.0914e-01	1.8838e-01	4.6167e-07	1.1755e-36	1.1755e-36	2.2329e-25	0.00e+00	0.00e+00	6.5119e-01
1.63520e+18	5.9553e+03	1.862e-21	2.7826e+01	3.0065e+01	9.4594e-14	3.0056e-03	9.9699e-01	3.5920e-02	9.6408e-01	2.7891e-06	7.7423e-17	2.9743e-04	4.0710e-01	5.9253e-01	7.0253e-05	2.7909e-03	8.3555e-01	1.6166e-01	1.1755e-36	1.1755e-36	1.1755e-36	2.7859e-25	0.00e+00	0.00e+00	8.8676e-01
2.01842e+18	5.9227e+03	1.835e-21	2.7826e+01	3.0039e+01	1.1237e-13	3.2450e-03	9.9676e-01	4.3619e-02	9.5638e-01	8.1770e-07	1.0048e-16	3.4354e-04	4.5331e-01	5.4629e-01	5.6288e-05	3.1352e-03	8.6059e-01	1.3627e-01	1.1755e-36	1.1755e-36	1.1755e-36	3.4453e-25	0.00e+00	0.00e+00	1.0694e+00
2.29233e+18	5.9281e+03	1.828e-21	2.7826e+01	3.0012e+01	1.2747e-13	3.4734e-03	9.9653e-01	5.2098e-02	9.4790e-01	3.6153e-07	1.2655e-16	3.8752e-04	4.9566e-01	5.0391e-01	4.6395e-05	3.4537e-03	8.7959e-01	1.1696e-01	1.1755e-36	1.1755e-36	1.1755e-36	4.2220e-25	0.00e+00	0.00e+00	1.2082e+00
2.51251e+18	5.9464e+03	1.829e-21	2.7826e+01	2.9983e+01	1.4294e-13	3.7088e-03	9.9629e-01	6.1992e-02	9.3801e-01	1.9259e-07	1.5804e-16	4.3169e-04	5.3654e-01	4.6299e-01	3.8404e-05	3.7762e-03	8.9560e-01	1.0062e-01	1.1755e-36	1.1755e-36	1.1755e-36	5.1969e-25	0.00e+00	0.00e+00	1.3469e+00
2.70301e+18	5.9677e+03	1.834e-21	2.7826e+01	2.9950e+01	1.5840e-13	3.9423e-03	9.9606e-01	7.3982e-02	9.2602e-01	1.1385e-07	1.9415e-16	4.7651e-04	5.7721e-01	4.2228e-01	3.1700e-05	4.0962e-03	9.0959e-01	8.6317e-02	1.1755e-36	1.1755e-36	1.1755e-36	6.3021e-25	0.00e+00	0.00e+00	1.4634e+00
2.85228e+18	5.9900e+03	1.839e-21	2.7826e+01	2.9914e+01	1.7229e-13	4.1512e-03	9.9585e-01	8.7038e-02	9.1296e-01	7.6135e-08	2.3119e-16	5.1690e-04	6.1330e-01	3.8616e-01	2.6534e-05	4.3829e-03	9.2080e-01	7.4821e-02	1.1755e-36	1.1755e-36	1.1755e-36	7.4337e-25	0.00e+00	0.00e+00	1.5585e+00
2.97290e+18	6.0159e+03	1.843e-21	2.7826e+01	2.9881e+01	1.8422e-13	4.3387e-03	9.9566e-01	1.0136e-01	8.9864e-01	5.5185e-08	2.6892e-16	5.5344e-04	6.4539e-01	3.5403e-01	2.2445e-05	4.6411e-03	9.3000e-01	6.5355e-02	1.1755e-36	1.1755e-36	1.1755e-36	8.5915e-25	0.00e+00	0.00e+00	1.6430e+00
3.07883e+18	6.0255e+03	1.849e-21	2.7826e+01	2.9825e+01	1.9934e-13	4.5271e-03	9.9547e-01	1.1768e-01	8.8232e-01	4.1263e-08	3.1008e-16	5.8855e-04	6.7587e-01	3.2352e-01	1.8915e-05	4.8990e-03	9.3817e-01	5.6929e-02	1.1755e-36	1.1755e-36	1.1755e-36	9.8360e-25	0.00e+00	0.00e+00	1.7234e+00
3.17639e+18	6.0482e+03	1.854e-21	2.7826e+01	2.9787e+01	2.1238e-13	4.7115e-03	9.9529e-01	1.3787e-01	8.6213e-01	3.1664e-08	3.5596e-16	6.2325e-04	7.0557e-01	2.9379e-01	1.5810e-05	5.1528e-03	9.4572e-01	4.9124e-02	1.1755e-36	1.1755e-36	1.1755e-36	1.1249e-24	0.00e+00	0.00e+00	1.8013e+00
3.26458e+18	6.0539e+03	1.859e-21	2.7826e+01	2.9714e+01	2.2907e-13	4.8970e-03	9.9510e-01	1.6192e-01	8.3808e-01	2.4669e-08	4.0550e-16	6.5656e-04	7.3397e-01	2.6536e-01	1.3108e-05	5.4071e-03	9.5255e-01	4.2041e-02	1.1755e-36	1.1755e-36	1.1755e-36	1.2719e-24	0.00e+00	0.00e+00	1.8721e+00
3.34110e+18	6.0730e+03	1.861e-21	2.7826e+01	2.9648e+01	2.4159e-13	5.0619e-03	9.9494e-01	1.8959e-01	8.1041e-01	1.9793e-08	4.5556e-16	6.8658e-04	7.5935e-01	2.3996e-01	1.0909e-05	5.6356e-03	9.5846e-01	3.5902e-02	1.1755e-36	1.1755e-36	1.1755e-36	1.4208e-24	0.00e+00	0.00e+00	1.9350e+00
3.40753e+18	6.0793e+03	1.864e-21	2.7826e+01	2.9572e+01	2.5646e-13	5.2195e-03	9.9478e-01	2.2109e-01	7.7891e-01	1.6143e-08	5.0703e-16	7.1350e-04	7.8201e-01	2.1727e-01	9.0895e-06	5.8526e-03	9.6357e-01	3.0582e-02	1.1755e-36	1.1755e-36	1.1755e-36	1.5693e-24	0.00e+00	0.00e+00	1.9920e+00
3.46663e+18	6.0950e+03	1.864e-21	2.7826e+01	2.9498e+01	2.6819e-13	5.3615e-03	9.9464e-01	2.5709e-01	7.4291e-01	1.3344e-08	5.5952e-16	7.3724e-04	8.0213e-01	1.9713e-01	7.5891e-06	6.0495e-03	9.6804e-01	2.5915e-02	1.1755e-36	1.1755e-36	1.1755e-36	1.7203e-24	0.00e+00	0.00e+00	2.0448e+00
3.52049e+18	6.0959e+03	1.861e-21	2.7826e+01	2.9369e+01	2.8323e-13	5.4977e-03	9.9450e-01	2.9805e-01	7.0195e-01	1.0900e-08	6.1301e-16	7.5807e-04	8.2016e-01	1.7908e-01	6.3250e-06	6.2378e-03	9.7197e-01	2.1792e-02	1.1755e-36	1.1755e-36	1.1755e-36	1.8635e-24	0.00e+00	0.00e+00	2.0947e+00
3.57064e+18	6.0954e+03	1.860e-21	2.7826e+01	2.9267e+01	2.9955e-13	5.6361e-03	9.9436e-01	3.4664e-01	6.5336e-01	8.9500e-09	6.7293e-16	7.7792e-04	8.3664e-01	1.6258e-01	5.2353e-06	6.4271e-03	9.7551e-01	1.8068e-02	1.1755e-36	1.1755e-36	1.1755e-36	2.0236e-24	0.00e+00	0.00e+00	2.1428e+00
3.61732e+18	6.1026e+03	1.854e-21	2.7826e+01	2.9159e+01	3.1332e-13	5.7640e-03	9.9424e-01	4.0229e-01	5.9771e-01	7.3005e-09	7.3585e-16	7.9503e-04	8.5116e-01	1.4804e-01	4.3262e-06	6.6023e-03	9.7862e-01	1.4782e-02	1.1755e-36	1.1755e-36	1.1755e-36	2.1867e-24	0.00e+00	0.00e+00	2.1882e+00
3.66060e+18	6.0928e+03	1.848e-21	2.7826e+01	2.9020e+01	3.3285e-13	5.8941e-03	9.9411e-01	4.6421e-01	5.3579e-01	5.8145e-09	8.0376e-16	8.1004e-04	8.6376e-01	1.3542e-01	3.5669e-06	6.7779e-03	9.8126e-01	1.1958e-02	1.1755e-36	1.1755e-36	1.1755e-36	2.3515e-24	0.00e+00	0.00e+00	2.2315e+00
3.70187e+18	6.0858e+03	1.838e-21	2.7826e+01	2.8865e+01	3.5172e-13	6.0179e-03	9.9398e-01	5.3235e-01	4.6765e-01	4.5311e-09	8.7569e-16	8.2248e-04	8.7456e-01	1.2462e-01	2.9346e-06	6.9443e-03	9.8353e-01	9.5250e-03	1.1755e-36	1.1755e-36	1.1755e-36	2.5166e-24	0.00e+00	0.00e+00	2.2745e+00
3.74873e+18	6.0744e+03	1.820e-21	2.7826e+01	2.8599e+01	3.7508e-13	6.1518e-03	9.9385e-01	6.1674e-01	3.8326e-01	3.2123e-09	9.6181e-16	8.3247e-04	8.8484e-01	1.1433e-01	2.3279e-06	7.1241e-03	9.8572e-01	7.1545e-03	1.1755e-36	1.1755e-36	1.1755e-36	2.6939e-24	0.00e+00	0.00e+00	2.3318e+00
3.80027e+18	6.0550e+03	1.804e-21	2.7826e+01	2.8376e+01	4.0775e-13	6.3245e-03	9.9368e-01	7.1385e-01	2.8615e-01	2.0848e-09	1.0760e-15	8.4365e-04	8.9415e-01	1.0500e-01	1.7828e-06	7.3485e-03	9.8760e-01	5.0492e-03	1.1755e-36	1.1755e-36	1.1755e-36	2.9421e-24	0.00e+00	0.00e+00	2.3875e+00
3.84921e+18	6.0339e+03	1.791e-21	2.7826e+01	2.8177e+01	4.4373e-13	6.5037e-03	9.9350e-01	7.9962e-01	2.0038e-01	1.2797e-09	1.1953e-15	8.5282e-04	9.0088e-01	9.8265e-02	1.3686e-06	7.5772e-03	9.8890e-01	3.5190e-03	1.1755e-36	1.1755e-36	1.1755e-36	3.2099e-24	0.00e+00	0.00e+00	2.4421e+00
3.90412e+18	6.0113e+03	1.781e-21	2.7826e+01	2.8007e+01	4.8993e-13	6.7308e-03	9.9327e-01	8.7521e-01	1.2479e-01	6.8705e-10	1.3389e-15	8.6269e-04	9.0627e-01	9.2865e-02	1.0057e-06	7.8618e-03	9.8984e-01	2.3032e-03	1.1755e-36	1.1755e-36	1.1755e-36	3.5742e-24	0.00e+00	0.00e+00	2.5155e+00
3.97550e+18	5.9991e+03	1.777e-21	2.7826e+01	2.7848e+01	5.4817e-13	7.0472e-03	9.9295e-01	9.3719e-01	6.2812e-02	2.8672e-10	1.5231e-15	8.7455e-04	9.1072e-01	8.8404e-02	6.7446e-07	8.2538e-03	9.9043e-01	1.3157e-03	1.1755e-36	1.1755e-36	1.1755e-36	4.1212e-24	0.00e+00	0.00e+00	2.6154e+00
4.06830e+18	5.9975e+03	1.786e-21	2.7826e+01	2.7715e+01	6.2815e-13	7.5064e-03	9.9249e-01	9.7522e-01	2.4778e-02	8.9284e-11	1.7687e-15	8.8973e-04	9.1430e-01	8.4808e-02	4.0075e-07	8.8177e-03	9.9055e-01	6.3533e-04	1.1755e-36	1.1755e-36	1.1755e-36	5.0034e-24	0.00e+00	0.00e+00	2.7537e+00
4.18893e+18	6.0172e+03	1.810e-21	2.7826e+01	2.7646e+01	7.4218e-13	8.1981e-03	9.9180e-01	9.9225e-01	7.7460e-03	2.0866e-11	2.1391e-15	9.1130e-04	9.1763e-01	8.1461e-02	2.0363e-07	9.6633e-03	9.9009e-01	2.5129e-04	1.1755e-36	1.1755e-36	1.1755e-36	6.5935e-24	0.00e+00	0.00e+00	2.9502e+00
4.34576e+18	6.0565e+03	1.854e-21	2.7826e+01	2.7601e+01	9.2981e-13	9.2890e-03	9.9071e-01	9.9803e-01	1.9699e-03	3.7100e-12	2.7769e-15	9.4063e-04	9.2145e-01	7.7610e-02	1.1755e-36	1.0996e-02	9.8893e-01	7.8663e-05	1.1755e-36	1.1755e-36	1.1755e-36	9.7915e-24	0.00e+00	0.00e+00	3.2395e+00
4.51595e+18	6.1150e+03	1.913e-21	2.7826e+01	2.7557e+01	1.2110e-12	1.0821e-02	9.8918e-01	9.9949e-01	5.0748e-04	6.6853e-13	3.7989e-15	9.7354e-04	9.2553e-01	7.3501e-02	1.1755e-36	1.2869e-02	9.8711e-01	2.3053e-05	1.1755e-36	1.1755e-36	1.1755e-36	1.5849e-23	0.00e+00	0.00e+00	3.5497e+00
4.65976e+18	6.1736e+03	1.973e-21	2.7826e+01	2.7513e+01	1.5642e-12	1.2560e-02	9.8744e-01	9.9982e-01	1.8194e-04	1.8050e-13	5.1509e-15	1.0027e-03	9.2924e-01	6.9760e-02	1.1755e-36	1.5000e-02	9.8499e-01	8.5442e-06	1.1755e-36	1.1755e-36	1.1755e-36	2.5317e-23	0.00e+00	0.00e+00	3.8244e+00
4.77304e+18	6.2208e+03	2.027e-21	2.7826e+01	2.7473e+01	1.9765e-12	1.4351e-02	9.8565e-01	9.9991e-01	8.6602e-05	6.9014e-14	6.7689e-15	1.0265e-03	9.3249e-01	6.6480e-02	1.1755e-36	1.7196e-02	9.8280e-01	4.0101e-06	1.1755e-36	1.1755e-36	1.1755e-36	3.8483e-23	0.00e+00	0.00e+00	4.0817e+00
4.87377e+18	6.2655e+03	2.077e-21	2.7826e+01	2.7412e+01	2.4907e-12	1.6353e-02	9.8365e-01	9.9995e-01	4.6093e-05	3.0239e-14	8.8501e-15	1.0477e-03	9.3563e-01	6.3321e-02	1.1755e-36	1.9656e-02	9.8034e-01	2.0566e-06	1.1755e-36	1.1755e-36	1.1755e-36	5.7959e-23	0.00e+00	0.00e+00	4.3674e+00
4.98809e+18	6.3078e+03	2.140e-21	2.7826e+01	2.7351e+01	3.3833e-12	1.9300e-02	9.8070e-01	9.9998e-01	2.2935e-05	1.1996e-14	1.2464e-14	1.0714e-03	9.3968e-01	5.9246e-02	1.1755e-36	2.3280e-02	9.7672e-01	9.5758e-07	1.1755e-36	1.1755e-36	1.1755e-36	9.7525e-23	0.00e+00	0.00e+00	4.8056e+00
5.10876e+18	6.3688e+03	2.214e-21	2.7826e+01	2.7226e+01	4.8586e-12	2.3583e-02	9.7642e-01	9.9999e-01	1.1467e-05	4.8239e-15	1.8803e-14	1.0962e-03	9.4414e-01	5.4765e-02	1.1755e-36	2.8549e-02	9.7145e-01	4.3214e-07	1.1755e-36	1.1755e-36	1.1755e-36	1.8249e-22	0.00e+00	0.00e+00	5.2701e+00
5.20946e+18	6.4225e+03	2.284e-21	2.7826e+01	2.7112e+01	7.0186e-12	2.8812e-02	9.7119e-01	9.9999e-01	6.5774e-06	2.3209e-15	2.8386e-14	1.1164e-03	9.4844e-01	5.0440e-02	1.1755e-36	3.4982e-02	9.6502e-01	2.1992e-07	1.1755e-36	1.1755e-36	1.1755e-36	3.4160e-22	0.00e+00	0.00e+00	5.7221e+00
5.29374e+18	6.4648e+03	2.341e-21	2.7826e+01	2.6918e+01	1.0113e-11	3.4979e-02	9.6502e-01	1.0000e+00	4.1638e-06	1.2718e-15	4.2242e-14	1.1303e-03	9.5245e-01	4.6416e-02	1.1755e-36	4.2562e-02	9.5744e-01	1.2221e-07	1.1755e-36	1.1755e-36	1.1755e-36	6.2420e-22	0.00e+00	0.00e+00	6.2093e+00
5.36995e+18	6.5055e+03	2.389e-21	2.7826e+01	2.6667e+01	1.4834e-11	4.2784e-02	9.5722e-01	1.0000e+00	2.7663e-06	7.4426e-16	6.3832e-14	1.1392e-03	9.5645e-01	4.2408e-02	1.1755e-36	5.2140e-02	9.4786e-01	7.0044e-08	1.1755e-36	1.1755e-36	1.1755e-36	1.1670e-21	0.00e+00	0.00e+00	6.7592e+00
5.43903e+18	6.5399e+03	2.428e-21	2.7826e+01	2.6381e+01	2.2458e-11	5.2983e-02	9.4702e-01	1.0000e+00	1.9216e-06	4.6240e-16	9.9078e-14	1.1448e-03	9.6052e-01	3.8332e-02	1.1755e-36	6.4616e-02	9.3538e-01	4.1030e-08	1.1755e-36	1.1755e-36	1.1755e-36	2.2730e-21	0.00e+00	0.00e+00	7.3644e+00
5.49872e+18	6.5667e+03	2.451e-21	2.7826e+01	2.6024e+01	3.4484e-11	6.5822e-02	9.3418e-01	1.0000e+00	1.4093e-06	3.0961e-16	1.5484e-13	1.1450e-03	9.6443e-01	3.4425e-02	1.1755e-36	8.0251e-02	9.1975e-01	2.4983e-08	1.1755e-36	1.1755e-36	1.1755e-36	4.4747e-21	0.00e+00	0.00e+00	7.9930e+00
5.54271e+18	6.5824e+03	2.455e-21	2.7826e+01	2.5645e+01	5.0414e-11	7.9460e-02	9.2054e-01	1.0000e+00	1.1312e-06	2.3421e-16	2.2816e-13	1.1402e-03	9.6758e-01	3.1282e-02	1.1755e-36	9.6764e-02	9.0324e-01	1.6911e-08	1.1755e-36	1.1755e-36	1.1755e-36	8.0631e-21	0.00e+00	0.00e+00	8.4626e+00
5.57171e+18	6.5874e+03	2.446e-21	2.7826e+01	2.5312e+01	6.7329e-11	9.1408e-02	9.0859e-01	1.0000e+00	9.7657e-07	1.9474e-16	3.0464e-13	1.1334e-03	9.6985e-01	2.9019e-02	1.1755e-36	1.1115e-01	8.8885e-01	1.2775e-08	1.1755e-36	1.1755e-36	1.1755e-36	1.2511e-20	0.00e+00	0.00e+00	8.8537e+00
5.59603e+18	6.5852e+03	2.428e-21	2.7826e+01	2.4967e+01	8.8093e-11	1.0378e-01	8.9622e-01	1.0000e+00	8.5837e-07	1.6579e-16	3.9621e-13	1.1248e-03	9.7188e-01	2.6999e-02	1.1755e-36	1.2597e-01	8.7403e-01	9.8984e-09	1.1755e-36	1.1755e-36	1.1755e-36	1.8652e-20	0.00e+00	0.00e+00	9.2967e+00
5.62397e+18	6.5791e+03	2.389e-21	2.7826e+01	2.4475e+01	1.2328e-10	1.2135e-01	8.7865e-01	1.0000e+00	7.3624e-07	1.3727e-16	5.4822e-13	1.1104e-03	9.7432e-01	2.4570e-02	1.1755e-36	1.4686e-01	8.5314e-01	7.2143e-09	1.1755e-36	1.1755e-36	1.1755e-36	3.0580e-20	0.00e+00	0.00e+00	9.9701e+00
5.65376e+18	6.5475e+03	2.325e-21	2.7826e+01	2.3786e+01	1.8811e-10	1.4617e-01	8.5383e-01	1.0000e+00	6.2848e-07	1.1372e-16	8.0774e-13	1.0881e-03	9.7701e-01	2.1906e-02	1.1755e-36	1.7609e-01	8.2391e-01	5.0450e-09	1.1755e-36	1.1755e-36	1.1755e-36	5.5192e-20	0.00e+00	0.00e+00	1.0689e+01
5.68057e+18	6.5010e+03	2.232e-21	2.7826e+01	2.2940e+01	2.9366e-10	1.7651e-01	8.2349e-01	1.0000e+00	5.4576e-07	9.6865e-17	1.1991e-12	1.0578e-03	9.7959e-01	1.9353e-02	1.1755e-36	2.1137e-01	7.8863e-01	3.5247e-09	1.1755e-36	1.1755e-36	1.1755e-36	1.0097e-19	0.00e+00	0.00e+00	1.1484e+01
5.70444e+18	6.4305e+03	2.109e-21	2.7826e+01	2.1934e+01	4.6840e-10	2.1265e-01	7.8735e-01	1.0000e+00	4.8243e-07	8.4942e-17	1.7765e-12	1.0196e-03	9.8199e-01	1.6990e-02	1.1755e-36	2.5275e-01	7.4725e-01	2.4754e-09	1.1755e-36	1.1755e-36	1.1755e-36	1.8459e-19	0.00e+00	0.00e+00	1.2310e+01
5.72473e+18	6.3353e+03	1.966e-21	2.7826e+01	2.0814e+01	7.4777e-10	2.5288e-01	7.4712e-01	1.0000e+00	4.3622e-07	7.7046e-17	2.5702e-12	9.7522e-04	9.8410e-01	1.4920e-02	1.1755e-36	2.9799e-01	7.0201e-01	1.7748e-09	1.1755e-36	1.1755e-36	1.1755e-36	3.2627e-19	0.00e+00	0.00e+00	1.3130e+01
5.74081e+18	6.2252e+03	1.820e-21	2.7826e+01	1.9697e+01	1.1519e-09	2.9301e-01	7.0699e-01	1.0000e+00	4.0504e-07	7.2409e-17	3.5316e-12	9.2973e-04	9.8581e-01	1.3260e-02	1.1755e-36	3.4230e-01	6.5770e-01	1.3301e-09	1.1755e-36	1.1755e-36	1.1755e-36	5.3440e-19	0.00e+00	0.00e+00	1.3836e+01
5.75251e+18	6.1178e+03	1.694e-21	2.7826e+01	1.8732e+01	1.6457e-09	3.2767e-01	6.7233e-01	1.0000e+00	3.8525e-07	6.9951e-17	4.5091e-12	8.8974e-04	9.8706e-01	1.2050e-02	1.1755e-36	3.7992e-01	6.2008e-01	1.0617e-09	1.1755e-36	1.1755e-36	1.1755e-36	7.8344e-19	0.00e+00	0.00e+00	1.4393e+01
5.76110e+18	6.0194e+03	1.592e-21	2.7826e+01	1.7943e+01	2.1993e-09	3.5636e-01	6.4364e-01	1.0000e+00	3.7195e-07	6.8537e-17	5.4342e-12	8.5675e-04	9.8799e-01	1.1156e-02	1.1755e-36	4.1062e-01	5.8938e-01	8.9101e-10	1.1755e-36	1.1755e-36	1.1755e-36	1.0523e-18	0.00e+00	0.00e+00	1.4863e+01
5.76827e+18	5.9216e+03	1.499e-21	2.7826e+01	1.7211e+01	2.8595e-09	3.8231e-01	6.1769e-01	1.0000e+00	3.6215e-07	6.7778e-17	6.3617e-12	8.2581e-04	9.8876e-01	1.0416e-02	1.1755e-36	4.3804e-01	5.6196e-01	7.6499e-10	1.1755e-36	1.1755e-36	1.1755e-36	1.3531e-18	0.00e+00	0.00e+00	1.5322e+01
5.77490e+18	5.8170e+03	1.408e-21	2.7826e+01	1.6490e+01	3.7172e-09	4.0812e-01	5.9188e-01	1.0000e+00	3.5340e-07	6.7247e-17	7.3867e-12	7.9524e-04	9.8947e-01	9.7369e-03	1.1755e-36	4.6501e-01	5.3499e-01	6.6092e-10	1.1755e-36	1.1755e-36	1.1755e-36	1.7231e-18	0.00e+00	0.00e+00	1.5783e+01
5.78106e+18	5.7060e+03	1.320e-21	2.7826e+01	1.5778e+01	4.8341e-09	4.3362e-01	5.6638e-01	1.0000e+00	3.4592e-07	6.7014e-17	8.5091e-12	7.6484e-04	9.9012e-01	9.1162e-03	1.1755e-36	4.9135e-01	5.0865e-01	5.7465e-10	1.1755e-36	1.1755e-36	1.1755e-36	2.1755e-18	0.00e+00	0.00e+00	1.6231e+01
5.78661e+18	5.5929e+03	1.239e-21	2.7826e+01	1.5101e+01	6.2398e-09	4.5787e-01	5.4213e-01	1.0000e+00	3.4001e-07	6.7091e-17	9.6939e-12	7.3582e-04	9.9070e-01	8.5663e-03	1.1755e-36	5.1613e-01	4.8387e-01	5.0483e-10	1.1755e-36	1.1755e-36	1.1755e-36	2.7105e-18	0.00e+00	0.00e+00	1.6651e+01
5.79154e+18	5.4778e+03	1.164e-21	2.7826e+01	1.4475e+01	7.9918e-09	4.8056e-01	5.1944e-01	1.0000e+00	3.3504e-07	6.7283e-17	1.0933e-11	7.0900e-04	9.9121e-01	8.0805e-03	1.1755e-36	5.3907e-01	4.6093e-01	4.4841e-10	1.1755e-36	1.1755e-36	1.1755e-36	3.3396e-18	0.00e+00	0.00e+00	1.7043e+01
5.79602e+18	5.3637e+03	1.096e-21	2.7826e+01	1.3882e+01	1.0149e-08	5.0186e-01	4.9814e-01	1.0000e+00	3.3110e-07	6.7679e-17	1.2229e-11	6.8350e-04	9.9167e-01	7.6477e-03	1.1755e-36	5.6041e-01	4.3959e-01	4.0170e-10	1.1755e-36	1.1755e-36	1.1755e-36	4.0816e-18	0.00e+00	0.00e+00	1.7423e+01
5.79918e+18	5.2829e+03	1.050e-21	2.7826e+01	1.3471e+01	1.2001e-08	5.1660e-01	4.8340e-01	1.0000e+00	3.2905e-07	6.8180e-17	1.3218e-11	6.6572e-04	9.9196e-01	7.3726e-03	1.1755e-36	5.7506e-01	4.2494e-01	3.7292e-10	1.1755e-36	1.1755e-36	1.1755e-36	4.7107e-18	0.00e+00	0.00e+00	1.7606e+01
5.80085e+18	5.2344e+03	1.025e-21	2.7826e+01	1.3249e+01	1.3226e-08	5.2475e-01	4.7525e-01	1.0000e+00	3.2800e-07	6.8433e-17	1.3811e-11	6.5621e-04	9.9212e-01	7.2203e-03	1.1755e-36	5.8312e-01	4.1688e-01	3.5798e-10	1.1755e-36	1.1755e-36	1.1755e-36	5.1176e-18	0.00e+00	0.00e+00	1.7727e+01
5.80221e+18	5.1897e+03	1.004e-21	2.7826e+01	1.3056e+01	1.4431e-08	5.3173e-01	4.6827e-01	1.0000e+00	3.2688e-07	6.8596e-17	1.4348e-11	6.4795e-04	9.9226e-01	7.0881e-03	1.1755e-36	5.9001e-01	4.0999e-01	3.4559e-10	1.1755e-36	1.1755e-36	1.1755e-36	5.5063e-18	0.00e+00	0.00e+00	1.7859e+01
5.80376e+18	5.1453e+03	9.793e-22	2.7826e+01	1.2837e+01	1.5813e-08	5.3961e-01	4.6039e-01	1.0000e+00	3.2573e-07	6.8866e-17	1.4974e-11	6.3843e-04	9.9242e-01	6.9405e-03	1.1755e-36	5.9775e-01	4.0225e-01	3.3181e-10	1.1755e-36	1.1755e-36	1.1755e-36	5.9795e-18	0.00e+00	0.00e+00	1.8020e+01
5.80558e+18	5.0873e+03	9.505e-22	2.7826e+01	1.2568e+01	1.7725e-08	5.4880e-01	4.5120e-01	1.0000e+00	3.2462e-07	6.9272e-17	1.5747e-11	6.2676e-04	9.9260e-01	6.7735e-03	1.1755e-36	6.0674e-01	3.9326e-01	3.1659e-10	1.1755e-36	1.1755e-36	1.1755e-36	6.6039e-18	0.00e+00	0.00e+00	1.8207e+01
5.80745e+18	5.0266e+03	9.218e-22	2.7826e+01	1.2302e+01	1.9970e-08	5.5833e-01	4.4167e-01	1.0000e+00	3.2337e-07	6.9634e-17	1.6623e-11	6.1529e-04	9.9278e-01	6.6043e-03	1.1755e-36	6.1604e-01	3.8396e-01	3.0166e-10	1.1755e-36	1.1755e-36	1.1755e-36	7.3612e-18	0.00e+00	0.00e+00	1.8384e+01
5.80915e+18	4.9685e+03	8.960e-22	2.7826e+01	1.2058e+01	2.2334e-08	5.6707e-01	4.3293e-01	1.0000e+00	3.2235e-07	6.9998e-17	1.7449e-11	6.0481e-04	9.9295e-01	6.4487e-03	1.1755e-36	6.2453e-01	3.7547e-01	2.8864e-10	1.1755e-36	1.1755e-36	1.1755e-36	8.1140e-18	0.00e+00	0.00e+00	1.8543e+01
5.81071e+18	4.9109e+03	8.725e-22	2.7826e+01	1.1832e+01	2.4885e-08	5.7524e-01	4.2476e-01	1.0000e+00	3.2136e-07	7.0316e-17	1.8236e-11	5.9511e-04	9.9310e-01	6.3018e-03	1.1755e-36	6.3245e-01	3.6755e-01	2.7705e-10	1.1755e-36	1.1755e-36	1.1755e-36	8.8662e-18	0.00e+00	0.00e+00	1.8696e+01
5.81220e+18	4.8543e+03	8.499e-22	2.7826e+01	1.1612e+01	2.7661e-08	5.8313e-01	4.1687e-01	1.0000e+00	3.2044e-07	7.0647e-17	1.9034e-11	5.8571e-04	9.9325e-01	6.1616e-03	1.1755e-36	6.4006e-01	3.5994e-01	2.6628e-10	1.1755e-36	1.1755e-36	1.1755e-36	9.6767e-18	0.00e+00	0.00e+00	1.8847e+01
5.81367e+18	4.7975e+03	8.276e-22	2.7826e+01	1.1393e+01	3.0741e-08	5.9093e-01	4.0907e-01	1.0000e+00	3.1961e-07	7.1007e-17	1.9863e-11	5.7636e-04	9.9340e-01	6.0247e-03	1.1755e-36	6.4756e-01	3.5244e-01	2.5600e-10	1.1755e-36	1.1755e-36	1.1755e-36	1.0570e-17	0.00e+00	0.00e+00	1.8999e+01
5.81514e+18	4.7351e+03	8.058e-22	2.7826e+01	1.1179e+01	3.4440e-08	5.9902e-01	4.0098e-01	1.0000e+00	3.1845e-07	7.1234e-17	2.0792e-11	5.6736e-04	9.9355e-01	5.8834e-03	1.1755e-36	6.5532e-01	3.4468e-01	2.4589e-10	1.1755e-36	1.1755e-36	1.1755e-36	1.1637e-17	0.00e+00	0.00e+00	1.9153e+01
5.81655e+18	4.6768e+03	7.849e-22	2.7826e+01	1.0968e+01	3.8288e-08	6.0658e-01	3.9342e-01	1.0000e+00	3.1768e-07	7.1598e-17	2.1690e-11	5.5838e-04	9.9369e-01	5.7541e-03	1.1755e-36	6.6256e-01	3.3744e-01	2.3670e-10	1.1755e-36	1.1755e-36	1.1755e-36	1.2737e-17	0.00e+00	0.00e+00	1.9299e+01
5.81791e+18	4.6188e+03	7.647e-22	2.7826e+01	1.0763e+01	4.2492e-08	6.1395e-01	3.8605e-01	1.0000e+00	3.1694e-07	7.1953e-17	2.2612e-11	5.4971e-04	9.9382e-01	5.6291e-03	1.1755e-36	6.6958e-01	3.3042e-01	2.2805e-10	1.1755e-36	1.1755e-36	1.1755e-36	1.3937e-17	0.00e+00	0.00e+00	1.9445e+01
5.81928e+18	4.5591e+03	7.446e-22	2.7826e+01	1.0557e+01	4.7235e-08	6.2138e-01	3.7862e-01	1.0000e+00	3.1620e-07	7.2318e-17	2.3590e-11	5.4102e-04	9.9395e-01	5.5044e-03	1.1755e-36	6.7663e-01	3.2337e-01	2.1963e-10	1.1755e-36	1.1755e-36	1.1755e-36	1.5288e-17	0.00e+00	0.00e+00	1.9595e+01
5.82065e+18	4.4977e+03	7.246e-22	2.7826e+01	1.0350e+01	5.2567e-08	6.2884e-01	3.7116e-01	1.0000e+00	3.1548e-07	7.2698e-17	2.4621e-11	5.3231e-04	9.9409e-01	5.3804e-03	1.1755e-36	6.8370e-01	3.1630e-01	2.1145e-10	1.1755e-36	1.1755e-36	1.1755e-36	1.6806e-17	0.00e+00	0.00e+00	1.9746e+01
5.82201e+18	4.4319e+03	7.051e-22	2.7826e+01	1.0142e+01	5.8744e-08	6.3633e-01	3.6367e-01	1.0000e+00	3.1470e-07	7.3047e-17	2.5715e-11	5.2366e-04	9.9422e-01	5.2574e-03	1.1755e-36	6.9078e-01	3.0922e-01	2.0362e-10	1.1755e-36	1.1755e-36	1.1755e-36	1.8528e-17	0.00e+00	0.00e+00	1.9897e+01
5.82332e+18	4.3736e+03	6.863e-22	2.7826e+01	9.9455e+00	6.4830e-08	6.4340e-01	3.5660e-01	1.0000e+00	3.1417e-07	7.3485e-17	2.6774e-11	5.1537e-04	9.9434e-01	5.1427e-03	1.1755e-36	6.9743e-01	3.0257e-01	1.9631e-10	1.1755e-36	1.1755e-36	1.1755e-36	2.0283e-17	0.00e+00	0.00e+00	2.0042e+01
5.82465e+18	4.3044e+03	6.676e-22	2.7826e+01	9.7408e+00	7.2424e-08	6.5085e-01	3.4915e-01	1.0000e+00	3.1334e-07	7.3808e-17	2.7960e-11	5.0699e-04	9.9447e-01	5.0222e-03	1.1755e-36	7.0443e-01	2.9557e-01	1.8904e-10	1.1755e-36	1.1755e-36	1.1755e-36	2.2388e-17	0.00e+00	0.00e+00	2.0198e+01
5.82598e+18	4.2384e+03	6.490e-22	2.7826e+01	9.5379e+00	8.0326e-08	6.5814e-01	3.4186e-01	1.0000e+00	3.1270e-07	7.4219e-17	2.9141e-11	4.9862e-04	9.9460e-01	4.9063e-03	1.1755e-36	7.1126e-01	2.8874e-01	1.8207e-10	1.1755e-36	1.1755e-36	1.1755e-36	2.4604e-17	0.00e+00	0.00e+00	2.0349e+01
5.82729e+18	4.1718e+03	6.306e-22	2.7826e+01	9.3325e+00	8.8750e-08	6.6525e-01	3.3475e-01	1.0000e+00	3.1223e-07	7.4709e-17	3.0302e-11	4.9014e-04	9.9472e-01	4.7944e-03	1.1755e-36	7.1790e-01	2.8210e-01	1.7546e-10	1.1755e-36	1.1755e-36	1.1755e-36	2.6916e-17	0.00e+00	0.00e+00	2.0504e+01
5.82865e+18	4.1045e+03	6.117e-22	2.7826e+01	9.1227e+00	9.7806e-08	6.7257e-01	3.2743e-01	1.0000e+00	3.1180e-07	7.5253e-17	3.1504e-11	4.8145e-04	9.9484e-01	4.6802e-03	1.1755e-36	7.2471e-01	2.7529e-01	1.6881e-10	1.1755e-36	1.1755e-36	1.1755e-36	2.9420e-17	0.00e+00	0.00e+00	2.0668e+01
5.83010e+18	4.0276e+03	5.920e-22	2.7826e+01	8.8989e+00	1.0852e-07	6.8053e-01	3.1947e-01	1.0000e+00	3.1116e-07	7.5759e-17	3.2822e-11	4.7238e-04	9.9497e-01	4.5569e-03	1.1755e-36	7.3210e-01	2.6790e-01	1.6186e-10	1.1755e-36	1.1755e-36	1.1755e-36	3.2311e-17	0.00e+00	0.00e+00	2.0848e+01
5.83162e+18	3.9414e+03	5.720e-22	2.7826e+01	8.6719e+00	1.2090e-07	6.8911e-01	3.1089e-01	1.0000e+00	3.1007e-07	7.6085e-17	3.4244e-11	4.6351e-04	9.9511e-01	4.4252e-03	1.1755e-36	7.4004e-01	2.5996e-01	1.5474e-10	1.1755e-36	1.1755e-36	1.1755e-36	3.5572e-17	0.00e+00	0.00e+00	2.1033e+01
###########################
1.94462e+14	6.6001e+03	2.226e-21	2.7826e+01	3.0117e+01	4.1888e-14	2.5733e-03	9.9743e-01	2.2103e-02	9.7747e-01	4.2429e-04	3.9912e-17	1.9852e-04	2.9485e-01	7.0479e-01	1.6157e-04	1.9747e-03	7.3064e-01	2.6735e-01	3.7659e-05	1.1755e-36	1.1755e-36	1.9512e-25	0.00e+00	0.00e+00	1.7583e-04
1.16677e+15	6.5983e+03	2.225e-21	2.7826e+01	3.0114e+01	4.1959e-14	2.5725e-03	9.9743e-01	2.2104e-02	9.7747e-01	4.2386e-04	3.9912e-17	1.9764e-04	2.9486e-01	7.0478e-01	1.6175e-04	1.9740e-03	7.3059e-01	2.6740e-01	3.7532e-05	1.1755e-36	1.1755e-36	1.9519e-25	0.00e+00	0.00e+00	8.7895e-04
5.05601e+15	6.5936e+03	2.223e-21	2.7826e+01	3.0113e+01	4.2087e-14	2.5719e-03	9.9743e-01	2.2119e-02	9.7746e-01	4.2082e-04	3.9911e-17	1.9751e-04	2.9503e-01	7.0461e-01	1.6122e-04	1.9744e-03	7.3079e-01	2.6720e-01	3.6953e-05	1.1755e-36	1.1755e-36	1.9490e-25	0.00e+00	0.00e+00	3.6907e-03
2.06130e+16	6.5838e+03	2.216e-21	2.7826e+01	3.0113e+01	4.2451e-14	2.5724e-03	9.9743e-01	2.2192e-02	9.7740e-01	4.0578e-04	4.0094e-17	1.9822e-04	2.9581e-01	7.0384e-01	1.5953e-04	1.9789e-03	7.3180e-01	2.6619e-01	3.4693e-05	1.1755e-36	1.1755e-36	1.9517e-25	0.00e+00	0.00e+00	1.4940e-02
4.92377e+16	6.5435e+03	2.193e-21	2.7826e+01	3.0113e+01	4.3035e-14	2.5522e-03	9.9745e-01	2.2180e-02	9.7743e-01	3.9492e-04	3.9408e-17	1.9735e-04	2.9599e-01	7.0366e-01	1.5763e-04	1.9688e-03	7.3290e-01	2.6510e-01	3.1760e-05	1.1755e-36	1.1755e-36	1.8891e-25	0.00e+00	0.00e+00	2.9449e-02
8.64499e+16	6.4996e+03	2.169e-21	2.7826e+01	3.0113e+01	4.3942e-14	2.5370e-03	9.9746e-01	2.2231e-02	9.7740e-01	3.6991e-04	3.9016e-17	1.9747e-04	2.9675e-01	7.0290e-01	1.5459e-04	1.9655e-03	7.3477e-01	2.6324e-01	2.8145e-05	1.1755e-36	1.1755e-36	1.8413e-25	0.00e+00	0.00e+00	4.8198e-02
1.34826e+17	6.4510e+03	2.143e-21	2.7826e+01	3.0113e+01	4.5179e-14	2.5253e-03	9.9747e-01	2.2347e-02	9.7732e-01	3.3171e-04	3.8843e-17	1.9811e-04	2.9815e-01	7.0151e-01	1.5038e-04	1.9680e-03	7.3749e-01	2.6052e-01	2.3930e-05	1.1755e-36	1.1755e-36	1.8018e-25	0.00e+00	0.00e+00	7.2460e-02
1.97714e+17	6.3971e+03	2.113e-21	2.7826e+01	3.0113e+01	4.6814e-14	2.5176e-03	9.9748e-01	2.2550e-02	9.7717e-01	2.8132e-04	3.8921e-17	1.9945e-04	3.0036e-01	6.9929e-01	1.4493e-04	1.9777e-03	7.4127e-01	2.5674e-01	1.9276e-05	1.1755e-36	1.1755e-36	1.7703e-25	0.00e+00	0.00e+00	1.0391e-01
2.79470e+17	6.3376e+03	2.082e-21	2.7826e+01	3.0112e+01	4.8969e-14	2.5157e-03	9.9748e-01	2.2875e-02	9.7690e-01	2.2193e-04	3.9349e-17	2.0177e-04	3.0373e-01	6.9593e-01	1.3821e-04	1.9968e-03	7.4638e-01	2.5160e-01	1.4471e-05	1.1755e-36	1.1755e-36	1.7499e-25	0.00e+00	0.00e+00	1.4475e-01
3.85751e+17	6.2726e+03	2.047e-21	2.7826e+01	3.0111e+01	5.1795e-14	2.5227e-03	9.9748e-01	2.3380e-02	9.7646e-01	1.5955e-04	4.0263e-17	2.0555e-04	3.0872e-01	6.9095e-01	1.3028e-04	2.0292e-03	7.5319e-01	2.4477e-01	9.9139e-06	1.1755e-36	1.1755e-36	1.7436e-25	0.00e+00	0.00e+00	1.9800e-01
5.23918e+17	6.2035e+03	2.010e-21	2.7826e+01	3.0108e+01	5.5591e-14	2.5430e-03	9.9746e-01	2.4154e-02	9.7574e-01	1.0201e-04	4.1972e-17	2.1150e-04	3.1606e-01	6.8361e-01	1.2122e-04	2.0806e-03	7.6213e-01	2.3578e-01	6.0368e-06	1.1755e-36	1.1755e-36	1.7637e-25	0.00e+00	0.00e+00	2.6779e-01
7.03534e+17	6.1323e+03	1.971e-21	2.7826e+01	3.0104e+01	6.0747e-14	2.5841e-03	9.9742e-01	2.5351e-02	9.7459e-01	5.6373e-05	4.4949e-17	2.2078e-04	3.2690e-01	6.7277e-01	1.1105e-04	2.1603e-03	7.7381e-01	2.2402e-01	3.1608e-06	1.1755e-36	1.1755e-36	1.8254e-25	0.00e+00	0.00e+00	3.5997e-01
9.37035e+17	6.0628e+03	1.932e-21	2.7826e+01	3.0098e+01	6.7935e-14	2.6580e-03	9.9734e-01	2.7244e-02	9.7273e-01	2.6058e-05	5.0120e-17	2.3532e-04	3.4310e-01	6.5656e-01	9.9536e-05	2.2835e-03	7.8909e-01	2.0863e-01	1.3652e-06	1.1755e-36	1.1755e-36	1.9595e-25	0.00e+00	0.00e+00	4.8324e-01
1.24059e+18	6.0005e+03	1.894e-21	2.7826e+01	3.0087e+01	7.8472e-14	2.7858e-03	9.9721e-01	3.0377e-02	9.6961e-01	9.7013e-06	5.9465e-17	2.5865e-04	3.6790e-01	6.3176e-01	8.6158e-05	2.4770e-03	8.0914e-01	1.8838e-01	4.6167e-07	1.1755e-36	1.1755e-36	2.2328e-25	0.00e+00	0.00e+00	6.5119e-01
1.63520e+18	5.9553e+03	1.862e-21	2.7826e+01	3.0065e+01	9.4591e-14	3.0056e-03	9.9699e-01	3.5920e-02	9.6408e-01	2.7891e-06	7.7421e-17	2.9743e-04	4.0710e-01	5.9253e-01	7.0253e-05	2.7909e-03	8.3555e-01	1.6166e-01	1.1755e-36	1.1755e-36	1.1755e-36	2.7858e-25	0.00e+00	0.00e+00	8.8676e-01
2.01842e+18	5.9227e+03	1.835e-21	2.7826e+01	3.0039e+01	1.1237e-13	3.2450e-03	9.9676e-01	4.3619e-02	9.5638e-01	8.1770e-07	1.0047e-16	3.4355e-04	4.5331e-01	5.4629e-01	5.6288e-05	3.1352e-03	8.6059e-01	1.3627e-01	1.1755e-36	1.1755e-36	1.1755e-36	3.4450e-25	0.00e+00	0.00e+00	1.0694e+00
2.29233e+18	5.9281e+03	1.828e-21	2.7826e+01	3.0012e+01	1.2747e-13	3.4734e-03	9.9653e-01	5.2098e-02	9.4790e-01	3.6153e-07	1.2654e-16	3.8752e-04	4.9566e-01	5.0391e-01	4.6396e-05	3.4537e-03	8.7959e-01	1.1696e-01	1.1755e-36	1.1755e-36	1.1755e-36	4.2217e-25	0.00e+00	0.00e+00	1.2082e+00
2.51251e+18	5.9464e+03	1.829e-21	2.7826e+01	2.9983e+01	1.4293e-13	3.7088e-03	9.9629e-01	6.1992e-02	9.3801e-01	1.9259e-07	1.5803e-16	4.3169e-04	5.3654e-01	4.6299e-01	3.8404e-05	3.7762e-03	8.9560e-01	1.0062e-01	1.1755e-36	1.1755e-36	1.1755e-36	5.1965e-25	0.00e+00	0.00e+00	1.3469e+00
2.70301e+18	5.9677e+03	1.834e-21	2.7826e+01	2.9950e+01	1.5839e-13	3.9423e-03	9.9606e-01	7.3982e-02	9.2602e-01	1.1385e-07	1.9414e-16	4.7652e-04	5.7721e-01	4.2228e-01	3.1700e-05	4.0962e-03	9.0959e-01	8.6317e-02	1.1755e-36	1.1755e-36	1.1755e-36	6.3017e-25	0.00e+00	0.00e+00	1.4634e+00
2.85228e+18	5.9900e+03	1.839e-21	2.7826e+01	2.9914e+01	1.7228e-13	4.1512e-03	9.9585e-01	8.7038e-02	9.1296e-01	7.6135e-08	2.3118e-16	5.1690e-04	6.1330e-01	3.8616e-01	2.6534e-05	4.3829e-03	9.2080e-01	7.4821e-02	1.1755e-36	1.1755e-36	1.1755e-36	7.4331e-25	0.00e+00	0.00e+00	1.5585e+00
2.97290e+18	6.0159e+03	1.843e-21	2.7826e+01	2.9881e+01	1.8421e-13	4.3387e-03	9.9566e-01	1.0136e-01	8.9864e-01	5.5185e-08	2.6891e-16	5.5345e-04	6.4539e-01	3.5403e-01	2.2445e-05	4.6411e-03	9.3000e-01	6.5355e-02	1.1755e-36	1.1755e-36	1.1755e-36	8.5908e-25	0.00e+00	0.00e+00	1.6430e+00
3.07883e+18	6.0255e+03	1.849e-21	2.7826e+01	2.9825e+01	1.9933e-13	4.5271e-03	9.9547e-01	1.1768e-01	8.8232e-01	4.1263e-08	3.1007e-16	5.8856e-04	6.7587e-01	3.2352e-01	1.8915e-05	4.8990e-03	9.3817e-01	5.6929e-02	1.1755e-36	1.1755e-36	1.1755e-36	9.8351e-25	0.00e+00	0.00e+00	1.7234e+00
3.17639e+18	6.0482e+03	1.854e-21	2.7826e+01	2.9787e+01	2.1238e-13	4.7115e-03	9.9529e-01	1.3787e-01	8.6213e-01	3.1664e-08	3.5594e-16	6.2326e-04	7.0557e-01	2.9379e-01	1.5810e-05	5.1528e-03	9.4572e-01	4.9124e-02	1.1755e-36	1.1755e-36	1.1755e-36	1.1248e-24	0.00e+00	0.00e+00	1.8013e+00
3.26458e+18	6.0539e+03	1.859e-21	2.7826e+01	2.9714e+01	2.2906e-13	4.8970e-03	9.9510e-01	1.6192e-01	8.3808e-01	2.4669e-08	4.0548e-16	6.5657e-04	7.3397e-01	2.6536e-01	1.3108e-05	5.4071e-03	9.5255e-01	4.2041e-02	1.1755e-36	1.1755e-36	1.1755e-36	1.2718e-24	0.00e+00	0.00e+00	1.8721e+00
3.34110e+18	6.0730e+03	1.861e-21	2.7826e+01	2.9648e+01	2.4166e-13	5.0619e-03	9.9494e-01	1.8959e-01	8.1041e-01	1.9793e-08	4.5568e-16	6.8659e-04	7.5935e-01	2.3996e-01	1.0909e-05	5.6356e-03	9.5846e-01	3.5902e-02	1.1755e-36	1.1755e-36	1.1755e-36	1.4216e-24	0.00e+00	0.00e+00	1.9350e+00
3.40753e+18	6.0793e+03	1.864e-21	2.7826e+01	2.9572e+01	2.5644e-13	5.2195e-03	9.9478e-01	2.2109e-01	7.7891e-01	1.6143e-08	5.0701e-16	7.1350e-04	7.8201e-01	2.1727e-01	9.0895e-06	5.8526e-03	9.6357e-01	3.0582e-02	1.1755e-36	1.1755e-36	1.1755e-36	1.5692e-24	0.00e+00	0.00e+00	1.9920e+00
3.46663e+18	6.0950e+03	1.864e-21	2.7826e+01	2.9498e+01	2.6817e-13	5.3615e-03	9.9464e-01	2.5709e-01	7.4291e-01	1.3344e-08	5.5949e-16	7.3725e-04	8.0213e-01	1.9713e-01	7.5891e-06	6.0495e-03	9.6804e-01	2.5915e-02	1.1755e-36	1.1755e-36	1.1755e-36	1.7202e-24	0.00e+00	0.00e+00	2.0448e+00
3.52050e+18	6.0959e+03	1.861e-21	2.7826e+01	2.9369e+01	2.8321e-13	5.4977e-03	9.9450e-01	2.9805e-01	7.0195e-01	1.0900e-08	6.1298e-16	7.5808e-04	8.2016e-01	1.7908e-01	6.3250e-06	6.2378e-03	9.7197e-01	2.1792e-02	1.1755e-36	1.1755e-36	1.1755e-36	1.8633e-24	0.00e+00	0.00e+00	2.0947e+00
3.57064e+18	6.0954e+03	1.860e-21	2.7826e+01	2.9267e+01	2.9953e-13	5.6361e-03	9.9436e-01	3.4664e-01	6.5336e-01	8.9500e-09	6.7289e-16	7.7793e-04	8.3664e-01	1.6258e-01	5.2353e-06	6.4271e-03	9.7551e-01	1.8068e-02	1.1755e-36	1.1755e-36	1.1755e-36	2.0234e-24	0.00e+00	0.00e+00	2.1428e+00
3.61732e+18	6.1026e+03	1.854e-21	2.7826e+01	2.9159e+01	3.1331e-13	5.7640e-03	9.9424e-01	4.0229e-01	5.9771e-01	7.3005e-09	7.3581e-16	7.9504e-04	8.5116e-01	1.4804e-01	4.3262e-06	6.6023e-03	9.7862e-01	1.4782e-02	1.1755e-36	1.1755e-36	1.1755e-36	2.1864e-24	0.00e+00	0.00e+00	2.1882e+00
3.66060e+18	6.0928e+03	1.848e-21	2.7826e+01	2.9020e+01	3.3283e-13	5.8941e-03	9.9411e-01	4.6421e-01	5.3579e-01	5.8145e-09	8.0371e-16	8.1005e-04	8.6376e-01	1.3542e-01	3.5669e-06	6.7779e-03	9.8126e-01	1.1958e-02	1.1755e-36	1.1755e-36	1.1755e-36	2.3512e-24	0.00e+00	0.00e+00	2.2315e+00
3.70187e+18	6.0858e+03	1.838e-21	2.7826e+01	2.8865e+01	3.5170e-13	6.0179e-03	9.9398e-01	5.3235e-01	4.6765e-01	4.5311e-09	8.7563e-16	8.2249e-04	8.7456e-01	1.2462e-01	2.9346e-06	6.9443e-03	9.8353e-01	9.5250e-03	1.1755e-36	1.1755e-36	1.1755e-36	2.5163e-24	0.00e+00	0.00e+00	2.2745e+00
3.74873e+18	6.0744e+03	1.820e-21	2.7826e+01	2.8599e+01	3.7505e-13	6.1518e-03	9.9385e-01	6.1674e-01	3.8326e-01	3.2123e-09	9.6175e-16	8.3248e-04	8.8484e-01	1.1433e-01	2.3279e-06	7.1241e-03	9.8572e-01	7.1545e-03	1.1755e-36	1.1755e-36	1.1755e-36	2.6935e-24	0.00e+00	0.00e+00	2.3318e+00
3.80028e+18	6.0550e+03	1.804e-21	2.7826e+01	2.8376e+01	4.0772e-13	6.3245e-03	9.9368e-01	7.1385e-01	2.8615e-01	2.0848e-09	1.0760e-15	8.4366e-04	8.9415e-01	1.0500e-01	1.7828e-06	7.3485e-03	9.8760e-01	5.0492e-03	1.1755e-36	1.1755e-36	1.1755e-36	2.9417e-24	0.00e+00	0.00e+00	2.3875e+00
3.84921e+18	6.0339e+03	1.791e-21	2.7826e+01	2.8177e+01	4.4369e-13	6.5037e-03	9.9350e-01	7.9962e-01	2.0038e-01	1.2797e-09	1.1952e-15	8.5283e-04	9.0088e-01	9.8265e-02	1.3686e-06	7.5772e-03	9.8890e-01	3.5190e-03	1.1755e-36	1.1755e-36	1.1755e-36	3.2092e-24	0.00e+00	0.00e+00	2.4421e+00
3.90412e+18	6.0113e+03	1.781e-21	2.7826e+01	2.8007e+01	4.8990e-13	6.7308e-03	9.9327e-01	8.7521e-01	1.2479e-01	6.8705e-10	1.3388e-15	8.6271e-04	9.0627e-01	9.2865e-02	1.0057e-06	7.8618e-03	9.8984e-01	2.3032e-03	1.1755e-36	1.1755e-36	1.1755e-36	3.5737e-24	0.00e+00	0.00e+00	2.5155e+00
3.97550e+18	5.9991e+03	1.777e-21	2.7826e+01	2.7848e+01	5.4814e-13	7.0472e-03	9.9295e-01	9.3719e-01	6.2812e-02	2.8672e-10	1.5230e-15	8.7456e-04	9.1072e-01	8.8404e-02	6.7446e-07	8.2538e-03	9.9043e-01	1.3157e-03	1.1755e-36	1.1755e-36	1.1755e-36	4.1207e-24	0.00e+00	0.00e+00	2.6154e+00
4.06830e+18	5.9975e+03	1.786e-21	2.7826e+01	2.7715e+01	6.2814e-13	7.5063e-03	9.9249e-01	9.7522e-01	2.4778e-02	8.9284e-11	1.7687e-15	8.8974e-04	9.1430e-01	8.4808e-02	4.0075e-07	8.8177e-03	9.9055e-01	6.3533e-04	1.1755e-36	1.1755e-36	1.1755e-36	5.0033e-24	0.00e+00	0.00e+00	2.7537e+00
4.18893e+18	6.0172e+03	1.810e-21	2.7826e+01	2.7646e+01	7.4220e-13	8.1980e-03	9.9180e-01	9.9225e-01	7.7460e-03	2.0866e-11	2.1392e-15	9.1131e-04	9.1763e-01	8.1461e-02	2.0363e-07	9.6633e-03	9.9009e-01	2.5129e-04	1.1755e-36	1.1755e-36	1.1755e-36	6.5938e-24	0.00e+00	0.00e+00	2.9502e+00
4.34576e+18	6.0565e+03	1.854e-21	2.7826e+01	2.7601e+01	9.2983e-13	9.2890e-03	9.9071e-01	9.9803e-01	1.9699e-03	3.7100e-12	2.7770e-15	9.4064e-04	9.2145e-01	7.7610e-02	1.1755e-36	1.0996e-02	9.8893e-01	7.8663e-05	1.1755e-36	1.1755e-36	1.1755e-36	9.7920e-24	0.00e+00	0.00e+00	3.2395e+00
4.51595e+18	6.1150e+03	1.913e-21	2.7826e+01	2.7557e+01	1.2110e-12	1.0821e-02	9.8918e-01	9.9949e-01	5.0748e-04	6.6852e-13	3.7990e-15	9.7356e-04	9.2553e-01	7.3501e-02	1.1755e-36	1.2869e-02	9.8711e-01	2.3053e-05	1.1755e-36	1.1755e-36	1.1755e-36	1.5850e-23	0.00e+00	0.00e+00	3.5497e+00
4.65976e+18	6.1736e+03	1.973e-21	2.7826e+01	2.7513e+01	1.5642e-12	1.2560e-02	9.8744e-01	9.9982e-01	1.8194e-04	1.8050e-13	5.1510e-15	1.0027e-03	9.2924e-01	6.9760e-02	1.1755e-36	1.5000e-02	9.8499e-01	8.5442e-06	1.1755e-36	1.1755e-36	1.1755e-36	2.5318e-23	0.00e+00	0.00e+00	3.8244e+00
4.77304e+18	6.2208e+03	2.027e-21	2.7826e+01	2.7473e+01	1.9765e-12	1.4351e-02	9.8565e-01	9.9991e-01	8.6601e-05	6.9013e-14	6.7690e-15	1.0265e-03	9.3249e-01	6.6480e-02	1.1755e-36	1.7196e-02	9.8280e-01	4.0100e-06	1.1755e-36	1.1755e-36	1.1755e-36	3.8484e-23	0.00e+00	0.00e+00	4.0817e+00
4.87377e+18	6.2655e+03	2.077e-21	2.7826e+01	2.7412e+01	2.4907e-12	1.6353e-02	9.8365e-01	9.9995e-01	4.6093e-05	3.0239e-14	8.8502e-15	1.0477e-03	9.3563e-01	6.3321e-02	1.1755e-36	1.9656e-02	9.8034e-01	2.0565e-06	1.1755e-36	1.1755e-36	1.1755e-36	5.7960e-23	0.00e+00	0.00e+00	4.3674e+00
4.98809e+18	6.3078e+03	2.140e-21	2.7826e+01	2.7351e+01	3.3833e-12	1.9300e-02	9.8070e-01	9.9998e-01	2.2934e-05	1.1996e-14	1.2464e-14	1.0715e-03	9.3968e-01	5.9246e-02	1.1755e-36	2.3280e-02	9.7672e-01	9.5757e-07	1.1755e-36	1.1755e-36	1.1755e-36	9.7526e-23	0.00e+00	0.00e+00	4.8056e+00
5.10876e+18	6.3688e+03	2.214e-21	2.7826e+01	2.7226e+01	4.8586e-12	2.3583e-02	9.7642e-01	9.9999e-01	1.1467e-05	4.8238e-15	1.8803e-14	1.0962e-03	9.4414e-01	5.4765e-02	1.1755e-36	2.8549e-02	9.7145e-01	4.3214e-07	1.1755e-36	1.1755e-36	1.1755e-36	1.8249e-22	0.00e+00	0.00e+00	5.2701e+00
5.20946e+18	6.4225e+03	2.284e-21	2.7826e+01	2.7112e+01	7.0186e-12	2.8812e-02	9.7119e-01	9.9999e-01	6.5773e-06	2.3208e-15	2.8386e-14	1.1164e-03	9.4844e-01	5.0440e-02	1.1755e-36	3.4982e-02	9.6502e-01	2.1991e-07	1.1755e-36	1.1755e-36	1.1755e-36	3.4160e-22	0.00e+00	0.00e+00	5.7221e+00
5.29374e+18	6.4648e+03	2.341e-21	2.7826e+01	2.6918e+01	1.0114e-11	3.4979e-02	9.6502e-01	1.0000e+00	4.1638e-06	1.2718e-15	4.2243e-14	1.1303e-03	9.5245e-01	4.6416e-02	1.1755e-36	4.2562e-02	9.5744e-01	1.2221e-07	1.1755e-36	1.1755e-36	1.1755e-36	6.2421e-22	0.00e+00	0.00e+00	6.2093e+00
5.36995e+18	6.5113e+03	2.387e-21	2.7826e+01	2.6665e+01	1.4743e-11	4.2752e-02	9.5725e-01	1.0000e+00	2.7669e-06	7.4490e-16	6.3734e-14	1.1389e-03	9.5643e-01	4.2434e-02	1.1755e-36	5.2101e-02	9.4790e-01	7.0047e-08	1.1755e-36	1.1755e-36	1.1755e-36	1.1650e-21	0.00e+00	0.00e+00	6.7588e+00
5.43917e+18	6.5398e+03	2.428e-21	2.7826e+01	2.6382e+01	2.2469e-11	5.2995e-02	9.4701e-01	1.0000e+00	1.9203e-06	4.6193e-16	9.9127e-14	1.1449e-03	9.6053e-01	3.8326e-02	1.1755e-36	6.4630e-02	9.3537e-01	4.0987e-08	1.1755e-36	1.1755e-36	1.1755e-36	2.2748e-21	0.00e+00	0.00e+00	7.3667e+00
5.49896e+18	6.5663e+03	2.452e-21	2.7826e+01	2.6024e+01	3.4553e-11	6.5875e-02	9.3412e-01	1.0000e+00	1.4079e-06	3.0915e-16	1.5510e-13	1.1451e-03	9.6445e-01	3.4410e-02	1.1755e-36	8.0315e-02	9.1969e-01	2.4935e-08	1.1755e-36	1.1755e-36	1.1755e-36	4.4861e-21	0.00e+00	0.00e+00	7.9951e+00
5.54287e+18	6.5912e+03	2.453e-21	2.7826e+01	2.5643e+01	5.0009e-11	7.9417e-02	9.2058e-01	1.0000e+00	1.1312e-06	2.3439e-16	2.2789e-13	1.1398e-03	9.6756e-01	3.1302e-02	1.1755e-36	9.6710e-02	9.0329e-01	1.6895e-08	1.1755e-36	1.1755e-36	1.1755e-36	8.0562e-21	0.00e+00	0.00e+00	8.4627e+00
5.57185e+18	6.5877e+03	2.446e-21	2.7826e+01	2.5311e+01	6.7334e-11	9.1425e-02	9.0857e-01	1.0000e+00	9.7586e-07	1.9455e-16	3.0475e-13	1.1334e-03	9.6985e-01	2.9015e-02	1.1755e-36	1.1117e-01	8.8883e-01	1.2762e-08	1.1755e-36	1.1755e-36	1.1755e-36	1.2518e-20	0.00e+00	0.00e+00	8.8554e+00
5.59620e+18	6.5811e+03	2.435e-21	2.7826e+01	2.5039e+01	8.8978e-11	1.0414e-01	8.9586e-01	1.0000e+00	8.5793e-07	1.6511e-16	4.0029e-13	1.1282e-03	9.7197e-01	2.6906e-02	1.1755e-36	1.2640e-01	8.7360e-01	9.8585e-09	1.1755e-36	1.1755e-36	1.1755e-36	1.8965e-20	0.00e+00	0.00e+00	9.2993e+00
5.62410e+18	6.5715e+03	2.393e-21	2.7826e+01	2.4502e+01	1.2472e-10	1.2168e-01	8.7832e-01	1.0000e+00	7.3677e-07	1.3708e-16	5.5213e-13	1.1120e-03	9.7438e-01	2.4510e-02	1.1755e-36	1.4726e-01	8.5274e-01	7.1932e-09	1.1755e-36	1.1755e-36	1.1755e-36	3.0908e-20	0.00e+00	0.00e+00	9.9735e+00
5.65391e+18	6.5560e+03	2.322e-21	2.7826e+01	2.3780e+01	1.8704e-10	1.4624e-01	8.5376e-01	1.0000e+00	6.2850e-07	1.1382e-16	8.0846e-13	1.0876e-03	9.7701e-01	2.1904e-02	1.1755e-36	1.7617e-01	8.2383e-01	5.0342e-09	1.1755e-36	1.1755e-36	1.1755e-36	5.5312e-20	0.00e+00	0.00e+00	1.0695e+01
5.68098e+18	6.5000e+03	2.230e-21	2.7826e+01	2.2926e+01	2.9580e-10	1.7704e-01	8.2296e-01	1.0000e+00	5.4430e-07	9.6568e-17	1.2066e-12	1.0573e-03	9.7963e-01	1.9310e-02	1.1755e-36	2.1198e-01	7.8802e-01	3.5032e-09	1.1755e-36	1.1755e-36	1.1755e-36	1.0194e-19	0.00e+00	0.00e+00	1.1506e+01
5.70510e+18	6.4280e+03	2.105e-21	2.7826e+01	2.1903e+01	4.7485e-10	2.1377e-01	7.8623e-01	1.0000e+00	4.8085e-07	8.4653e-17	1.7964e-12	1.0184e-03	9.8206e-01	1.6925e-02	1.1755e-36	2.5402e-01	7.4598e-01	2.4504e-09	1.1755e-36	1.1755e-36	1.1755e-36	1.8778e-19	0.00e+00	0.00e+00	1.2338e+01
5.72528e+18	6.3322e+03	1.961e-21	2.7826e+01	2.0778e+01	7.5829e-10	2.5415e-01	7.4585e-01	1.0000e+00	4.3509e-07	7.6870e-17	2.5978e-12	9.7382e-04	9.8416e-01	1.4863e-02	1.1755e-36	2.9941e-01	7.0059e-01	1.7579e-09	1.1755e-36	1.1755e-36	1.1755e-36	3.3172e-19	0.00e+00	0.00e+00	1.3152e+01
5.74113e+18	6.2226e+03	1.817e-21	2.7826e+01	1.9671e+01	1.1628e-09	2.9393e-01	7.0607e-01	1.0000e+00	4.0452e-07	7.2349e-17	3.5555e-12	9.2871e-04	9.8584e-01	1.3227e-02	1.1755e-36	3.4330e-01	6.5670e-01	1.3222e-09	1.1755e-36	1.1755e-36	1.1755e-36	5.4006e-19	0.00e+00	0.00e+00	1.3847e+01
5.75265e+18	6.1162e+03	1.693e-21	2.7826e+01	1.8718e+01	1.6539e-09	3.2816e-01	6.7184e-01	1.0000e+00	3.8506e-07	6.9936e-17	4.5240e-12	8.8919e-04	9.8708e-01	1.2034e-02	1.1755e-36	3.8044e-01	6.1956e-01	1.0586e-09	1.1755e-36	1.1755e-36	1.1755e-36	7.8750e-19	0.00e+00	0.00e+00	1.4399e+01
5.76119e+18	6.0181e+03	1.591e-21	2.7826e+01	1.7933e+01	2.2075e-09	3.5673e-01	6.4327e-01	1.0000e+00	3.7182e-07	6.8528e-17	5.4467e-12	8.5634e-04	9.8800e-01	1.1145e-02	1.1755e-36	4.1101e-01	5.8899e-01	8.8910e-10	1.1755e-36	1.1755e-36	1.1755e-36	1.0561e-18	0.00e+00	0.00e+00	1.4870e+01
5.76839e+18	5.9197e+03	1.497e-21	2.7826e+01	1.7198e+01	2.8731e-09	3.8277e-01	6.1723e-01	1.0000e+00	3.6199e-07	6.7767e-17	6.3793e-12	8.2528e-04	9.8877e-01	1.0403e-02	1.1755e-36	4.3853e-01	5.6147e-01	7.6295e-10	1.1755e-36	1.1755e-36	1.1755e-36	1.3591e-18	0.00e+00	0.00e+00	1.5332e+01
5.77503e+18	5.8147e+03	1.406e-21	2.7826e+01	1.6475e+01	3.7386e-09	4.0868e-01	5.9132e-01	1.0000e+00	3.5324e-07	6.7242e-17	7.4101e-12	7.9459e-04	9.8948e-01	9.7227e-03	1.1755e-36	4.6560e-01	5.3440e-01	6.5888e-10	1.1755e-36	1.1755e-36	1.1755e-36	1.7321e-18	0.00e+00	0.00e+00	1.5793e+01
5.78117e+18	5.7036e+03	1.318e-21	2.7826e+01	1.5763e+01	4.8612e-09	4.3416e-01	5.6584e-01	1.0000e+00	3.4580e-07	6.7019e-17	8.5341e-12	7.6422e-04	9.9013e-01	9.1036e-03	1.1755e-36	4.9191e-01	5.0809e-01	5.7301e-10	1.1755e-36	1.1755e-36	1.1755e-36	2.1862e-18	0.00e+00	0.00e+00	1.6240e+01
5.78670e+18	5.5907e+03	1.237e-21	2.7826e+01	1.5088e+01	6.2702e-09	4.5833e-01	5.4167e-01	1.0000e+00	3.3993e-07	6.7100e-17	9.7174e-12	7.3529e-04	9.9071e-01	8.5563e-03	1.1755e-36	5.1659e-01	4.8341e-01	5.0365e-10	1.1755e-36	1.1755e-36	1.1755e-36	2.7217e-18	0.00e+00	0.00e+00	1.6658e+01
5.79161e+18	5.4757e+03	1.163e-21	2.7826e+01	1.4464e+01	8.0271e-09	4.8096e-01	5.1904e-01	1.0000e+00	3.3498e-07	6.7295e-17	1.0956e-11	7.0854e-04	9.9122e-01	8.0722e-03	1.1755e-36	5.3948e-01	4.6052e-01	4.4750e-10	1.1755e-36	1.1755e-36	1.1755e-36	3.3519e-18	0.00e+00	0.00e+00	1.7050e+01
5.79609e+18	5.3616e+03	1.095e-21	2.7826e+01	1.3871e+01	1.0194e-08	5.0225e-01	4.9775e-01	1.0000e+00	3.3105e-07	6.7692e-17	1.2254e-11	6.8305e-04	9.9168e-01	7.6399e-03	1.1755e-36	5.6080e-01	4.3920e-01	4.0091e-10	1.1755e-36	1.1755e-36	1.1755e-36	4.0970e-18	0.00e+00	0.00e+00	1.7430e+01
5.79925e+18	5.2807e+03	1.049e-21	2.7826e+01	1.3460e+01	1.2057e-08	5.1700e-01	4.8300e-01	1.0000e+00	3.2901e-07	6.8195e-17	1.3245e-11	6.6527e-04	9.9197e-01	7.3650e-03	1.1755e-36	5.7545e-01	4.2455e-01	3.7219e-10	1.1755e-36	1.1755e-36	1.1755e-36	4.7291e-18	0.00e+00	0.00e+00	1.7614e+01
5.80091e+18	5.2321e+03	1.024e-21	2.7826e+01	1.3238e+01	1.3288e-08	5.2514e-01	4.7486e-01	1.0000e+00	3.2796e-07	6.8449e-17	1.3840e-11	6.5576e-04	9.9213e-01	7.2128e-03	1.1755e-36	5.8350e-01	4.1650e-01	3.5729e-10	1.1755e-36	1.1755e-36	1.1755e-36	5.1380e-18	0.00e+00	0.00e+00	1.7734e+01
5.80227e+18	5.1874e+03	1.003e-21	2.7826e+01	1.3045e+01	1.4497e-08	5.3212e-01	4.6788e-01	1.0000e+00	3.2684e-07	6.8613e-17	1.4378e-11	6.4751e-04	9.9227e-01	7.0810e-03	1.1755e-36	5.9039e-01	4.0961e-01	3.4494e-10	1.1755e-36	1.1755e-36	1.1755e-36	5.5283e-18	0.00e+00	0.00e+00	1.7866e+01
5.80383e+18	5.1429e+03	9.781e-22	2.7826e+01	1.2826e+01	1.5887e-08	5.3999e-01	4.6001e-01	1.0000e+00	3.2570e-07	6.8885e-17	1.5005e-11	6.3799e-04	9.9243e-01	6.9336e-03	1.1755e-36	5.9812e-01	4.0188e-01	3.3119e-10	1.1755e-36	1.1755e-36	1.1755e-36	6.0037e-18	0.00e+00	0.00e+00	1.8027e+01
5.80564e+18	5.0849e+03	9.493e-22	2.7826e+01	1.2558e+01	1.7808e-08	5.4917e-01	4.5083e-01	1.0000e+00	3.2459e-07	6.9290e-17	1.5780e-11	6.2633e-04	9.9261e-01	6.7669e-03	1.1755e-36	6.0710e-01	3.9290e-01	3.1601e-10	1.1755e-36	1.1755e-36	1.1755e-36	6.6314e-18	0.00e+00	0.00e+00	1.8214e+01
5.80751e+18	5.0242e+03	9.208e-22	2.7826e+01	1.2292e+01	2.0062e-08	5.5869e-01	4.4131e-01	1.0000e+00	3.2334e-07	6.9653e-17	1.6657e-11	6.1488e-04	9.9279e-01	6.5980e-03	1.1755e-36	6.1639e-01	3.8361e-01	3.0112e-10	1.1755e-36	1.1755e-36	1.1755e-36	7.3921e-18	0.00e+00	0.00e+00	1.8390e+01
5.80921e+18	4.9661e+03	8.950e-22	2.7826e+01	1.2049e+01	2.2436e-08	5.6743e-01	4.3257e-01	1.0000e+00	3.2232e-07	7.0017e-17	1.7482e-11	6.0440e-04	9.9295e-01	6.4423e-03	1.1755e-36	6.2487e-01	3.7513e-01	2.8815e-10	1.1755e-36	1.1755e-36	1.1755e-36	8.1444e-18	0.00e+00	0.00e+00	1.8550e+01
5.81076e+18	4.9085e+03	8.715e-22	2.7826e+01	1.1822e+01	2.5000e-08	5.7559e-01	4.2441e-01	1.0000e+00	3.2133e-07	7.0334e-17	1.8270e-11	5.9472e-04	9.9311e-01	6.2956e-03	1.1755e-36	6.3278e-01	3.6722e-01	2.7658e-10	1.1755e-36	1.1755e-36	1.1755e-36	8.8999e-18	0.00e+00	0.00e+00	1.8702e+01
5.81225e+18	4.8519e+03	8.489e-22	2.7826e+01	1.1602e+01	2.7789e-08	5.8347e-01	4.1653e-01	1.0000e+00	3.2042e-07	7.0666e-17	1.9069e-11	5.8532e-04	9.9326e-01	6.1556e-03	1.1755e-36	6.4039e-01	3.5961e-01	2.6583e-10	1.1755e-36	1.1755e-36	1.1755e-36	9.7138e-18	0.00e+00	0.00e+00	1.8853e+01
5.81372e+18	4.7951e+03	8.266e-22	2.7826e+01	1.1384e+01	3.0881e-08	5.9126e-01	4.0874e-01	1.0000e+00	3.1958e-07	7.1027e-17	1.9899e-11	5.7598e-04	9.9341e-01	6.0189e-03	1.1755e-36	6.4788e-01	3.5212e-01	2.5559e-10	1.1755e-36	1.1755e-36	1.1755e-36	1.0611e-17	0.00e+00	0.00e+00	1.9006e+01
5.81519e+18	4.7326e+03	8.049e-22	2.7826e+01	1.1170e+01	3.4598e-08	5.9935e-01	4.0065e-01	1.0000e+00	3.1843e-07	7.1253e-17	2.0830e-11	5.6699e-04	9.9356e-01	5.8777e-03	1.1755e-36	6.5564e-01	3.4436e-01	2.4550e-10	1.1755e-36	1.1755e-36	1.1755e-36	1.1682e-17	0.00e+00	0.00e+00	1.9160e+01
5.81660e+18	4.6743e+03	7.840e-22	2.7826e+01	1.0959e+01	3.8463e-08	6.0691e-01	3.9309e-01	1.0000e+00	3.1765e-07	7.1617e-17	2.1729e-11	5.5801e-04	9.9369e-01	5.7486e-03	1.1755e-36	6.6286e-01	3.3714e-01	2.3632e-10	1.1755e-36	1.1755e-36	1.1755e-36	1.2787e-17	0.00e+00	0.00e+00	1.9305e+01
5.81796e+18	4.6162e+03	7.638e-22	2.7826e+01	1.0754e+01	4.2685e-08	6.1427e-01	3.8573e-01	1.0000e+00	3.1691e-07	7.1972e-17	2.2653e-11	5.4936e-04	9.9383e-01	5.6237e-03	1.1755e-36	6.6988e-01	3.3012e-01	2.2769e-10	1.1755e-36	1.1755e-36	1.1755e-36	1.3991e-17	0.00e+00	0.00e+00	1.9452e+01
5.81933e+18	4.5565e+03	7.437e-22	2.7826e+01	1.0548e+01	4.7448e-08	6.2170e-01	3.7830e-01	1.0000e+00	3.1618e-07	7.2337e-17	2.3632e-11	5.4067e-04	9.9396e-01	5.4991e-03	1.1755e-36	6.7693e-01	3.2307e-01	2.1929e-10	1.1755e-36	1.1755e-36	1.1755e-36	1.5349e-17	0.00e+00	0.00e+00	1.9602e+01
5.82070e+18	4.4951e+03	7.238e-22	2.7826e+01	1.0342e+01	5.2804e-08	6.2916e-01	3.7084e-01	1.0000e+00	3.1546e-07	7.2717e-17	2.4666e-11	5.3197e-04	9.9409e-01	5.3752e-03	1.1755e-36	6.8400e-01	3.1600e-01	2.1113e-10	1.1755e-36	1.1755e-36	1.1755e-36	1.6873e-17	0.00e+00	0.00e+00	1.9753e+01
5.82205e+18	4.4292e+03	7.043e-22	2.7826e+01	1.0134e+01	5.9010e-08	6.3664e-01	3.6336e-01	1.0000e+00	3.1467e-07	7.3065e-17	2.5761e-11	5.2332e-04	9.9422e-01	5.2523e-03	1.1755e-36	6.9107e-01	3.0893e-01	2.0331e-10	1.1755e-36	1.1755e-36	1.1755e-36	1.8603e-17	0.00e+00	0.00e+00	1.9904e+01
5.82337e+18	4.3709e+03	6.855e-22	2.7826e+01	9.9369e+00	6.5119e-08	6.4371e-01	3.5629e-01	1.0000e+00	3.1414e-07	7.3504e-17	2.6822e-11	5.1503e-04	9.9435e-01	5.1377e-03	1.1755e-36	6.9773e-01	3.0227e-01	1.9601e-10	1.1755e-36	1.1755e-36	1.1755e-36	2.0364e-17	0.00e+00	0.00e+00	2.0048e+01
5.82469e+18	4.3016e+03	6.668e-22	2.7826e+01	9.7322e+00	7.2748e-08	6.5116e-01	3.4884e-01	1.0000e+00	3.1331e-07	7.3825e-17	2.8010e-11	5.0666e-04	9.9448e-01	5.0172e-03	1.1755e-36	7.0472e-01	2.9527e-01	1.8875e-10	1.1755e-36	1.1755e-36	1.1755e-36	2.2479e-17	0.00e+00	0.00e+00	2.0205e+01
5.82603e+18	4.2355e+03	6.482e-22	2.7826e+01	9.5292e+00	8.0683e-08	6.5845e-01	3.4155e-01	1.0000e+00	3.1266e-07	7.4235e-17	2.9192e-11	4.9829e-04	9.9460e-01	4.9013e-03	1.1755e-36	7.1155e-01	2.8845e-01	1.8179e-10	1.1755e-36	1.1755e-36	1.1755e-36	2.4703e-17	0.00e+00	0.00e+00	2.0355e+01
5.82734e+18	4.1688e+03	6.298e-22	2.7826e+01	9.3238e+00	8.9138e-08	6.6556e-01	3.3444e-01	1.0000e+00	3.1219e-07	7.4725e-17	3.0355e-11	4.8980e-04	9.9472e-01	4.7895e-03	1.1755e-36	7.1819e-01	2.8181e-01	1.7519e-10	1.1755e-36	1.1755e-36	1.1755e-36	2.7023e-17	0.00e+00	0.00e+00	2.0510e+01
5.82870e+18	4.1014e+03	6.110e-22	2.7826e+01	9.1137e+00	9.8222e-08	6.7288e-01	3.2712e-01	1.0000e+00	3.1175e-07	7.5268e-17	3.1557e-11	4.8111e-04	9.9484e-01	4.6753e-03	1.1755e-36	7.2500e-01	2.7500e-01	1.6853e-10	1.1755e-36	1.1755e-36	1.1755e-36	2.9534e-17	0.00e+00	0.00e+00	2.0675e+01
5.83015e+18	4.0244e+03	5.912e-22	2.7826e+01	8.8895e+00	1.0898e-07	6.8086e-01	3.1914e-01	1.0000e+00	3.1109e-07	7.5770e-17	3.2876e-11	4.7203e-04	9.9498e-01	4.5518e-03	1.1755e-36	7.3241e-01	2.6759e-01	1.6158e-10	1.1755e-36	1.1755e-36	1.1755e-36	3.2433e-17	0.00e+00	0.00e+00	2.0856e+01
5.83167e+18	3.9378e+03	5.712e-22	2.7826e+01	8.6621e+00	1.2141e-07	6.8946e-01	3.1054e-01	1.0000e+00	3.0993e-07	7.6081e-17	3.4299e-11	4.6315e-04	9.9512e-01	4.4198e-03	1.1755e-36	7.4036e-01	2.5964e-01	1.5446e-10	1.1755e-36	1.1755e-36	1.1755e-36	3.5703e-17	0.00e+00	0.00e+00	2.1041e+01
