#depth	Te	Htot	hden	eden	2H_2/H	HI	HII	HeI	HeII	HeIII	CO/C	C1	C2	C3	C4	O1	O2	O3	O4	O5	O6	H2O/O	AV(point)	AV(extend)	Tau912
2.00159e+14	6.2826e+03	2.633e-21	2.7826e+01	3.0249e+01	1.0570e-15	6.2206e-04	9.9938e-01	3.3545e-03	9.8692e-01	9.7287e-03	1.7811e-20	1.0077e-05	5.8854e-02	9.3687e-01	4.2649e-03	7.0905e-05	1.6479e-01	8.3095e-01	4.1878e-03	1.1755e-36	1.1755e-36	1.7582e-28	0.00e+00	0.00e+00	4.3742e-05
1.20095e+15	6.2818e+03	2.633e-21	2.7826e+01	3.0247e+01	1.0573e-15	6.2196e-04	9.9938e-01	3.3543e-03	9.8692e-01	9.7212e-03	1.7793e-20	1.0071e-05	5.8849e-02	9.3686e-01	4.2758e-03	7.0860e-05	1.6472e-01	8.3104e-01	4.1730e-03	1.1755e-36	1.1755e-36	1.7559e-28	0.00e+00	0.00e+00	2.1868e-04
5.20413e+15	6.2802e+03	2.632e-21	2.7826e+01	3.0247e+01	1.0582e-15	6.2181e-04	9.9938e-01	3.3547e-03	9.8699e-01	9.6596e-03	1.7776e-20	1.0062e-05	5.8851e-02	9.3687e-01	4.2723e-03	7.0833e-05	1.6469e-01	8.3112e-01	4.1123e-03	1.1755e-36	1.1755e-36	1.7535e-28	0.00e+00	0.00e+00	9.1828e-04
2.12169e+16	6.2751e+03	2.630e-21	2.7826e+01	3.0246e+01	1.0621e-15	6.2170e-04	9.9938e-01	3.3579e-03	9.8731e-01	9.3364e-03	1.7784e-20	1.0052e-05	5.8891e-02	9.3685e-01	4.2446e-03	7.0885e-05	1.6478e-01	8.3127e-01	3.8787e-03	1.1755e-36	1.1755e-36	1.7517e-28	0.00e+00	0.00e+00	3.7161e-03
5.06803e+16	6.2604e+03	2.621e-21	2.7826e+01	3.0245e+01	1.0680e-15	6.1983e-04	9.9938e-01	3.3580e-03	9.8750e-01	9.1452e-03	1.7659e-20	1.0006e-05	5.8900e-02	9.3687e-01	4.2200e-03	7.0733e-05	1.6474e-01	8.3163e-01	3.5593e-03	1.1755e-36	1.1755e-36	1.7301e-28	0.00e+00	0.00e+00	7.3424e-03
8.89827e+16	6.2426e+03	2.612e-21	2.7826e+01	3.0244e+01	1.0748e-15	6.1817e-04	9.9938e-01	3.3611e-03	9.8801e-01	8.6248e-03	1.7528e-20	9.9799e-06	5.8943e-02	9.3688e-01	4.1677e-03	7.0685e-05	1.6486e-01	8.3190e-01	3.1741e-03	1.1755e-36	1.1755e-36	1.7023e-28	0.00e+00	0.00e+00	1.2044e-02
1.38776e+17	6.2223e+03	2.601e-21	2.7826e+01	3.0242e+01	1.0817e-15	6.1645e-04	9.9938e-01	3.3663e-03	9.8884e-01	7.7925e-03	1.7382e-20	9.9609e-06	5.9008e-02	9.3689e-01	4.0906e-03	7.0711e-05	1.6512e-01	8.3209e-01	2.7271e-03	1.1755e-36	1.1755e-36	1.6693e-28	0.00e+00	0.00e+00	1.8139e-02
2.03507e+17	6.1967e+03	2.590e-21	2.7826e+01	3.0241e+01	1.0953e-15	6.1482e-04	9.9939e-01	3.3750e-03	9.8996e-01	6.6612e-03	1.7300e-20	9.9508e-06	5.9117e-02	9.3688e-01	3.9881e-03	7.0877e-05	1.6562e-01	8.3208e-01	2.2311e-03	1.1755e-36	1.1755e-36	1.6426e-28	0.00e+00	0.00e+00	2.6042e-02
2.87657e+17	6.1703e+03	2.575e-21	2.7826e+01	3.0238e+01	1.1096e-15	6.1291e-04	9.9939e-01	3.3854e-03	9.9131e-01	5.3010e-03	1.7244e-20	9.9450e-06	5.9249e-02	9.3688e-01	3.8661e-03	7.1151e-05	1.6637e-01	8.3185e-01	1.7127e-03	1.1755e-36	1.1755e-36	1.6184e-28	0.00e+00	0.00e+00	3.6283e-02
3.97053e+17	6.1371e+03	2.559e-21	2.7826e+01	3.0234e+01	1.1257e-15	6.1120e-04	9.9939e-01	3.4001e-03	9.9276e-01	3.8441e-03	1.7164e-20	9.9527e-06	5.9450e-02	9.3681e-01	3.7295e-03	7.1665e-05	1.6753e-01	8.3119e-01	1.2105e-03	1.1755e-36	1.1755e-36	1.5807e-28	0.00e+00	0.00e+00	4.9560e-02
5.39267e+17	6.1001e+03	2.540e-21	2.7826e+01	3.0231e+01	1.1502e-15	6.0954e-04	9.9939e-01	3.4183e-03	9.9410e-01	2.4796e-03	1.7208e-20	9.9733e-06	5.9719e-02	9.3668e-01	3.5907e-03	7.2423e-05	1.6912e-01	8.3004e-01	7.7006e-04	1.1755e-36	1.1755e-36	1.5583e-28	0.00e+00	0.00e+00	6.6773e-02
7.24146e+17	6.0591e+03	2.517e-21	2.7826e+01	3.0227e+01	1.1700e-15	6.0809e-04	9.9939e-01	3.4404e-03	9.9518e-01	1.3832e-03	1.7168e-20	1.0014e-05	6.0077e-02	9.3645e-01	3.4592e-03	7.3467e-05	1.7115e-01	8.2835e-01	4.2911e-04	1.1755e-36	1.1755e-36	1.5117e-28	0.00e+00	0.00e+00	8.9096e-02
9.64488e+17	6.0088e+03	2.493e-21	2.7826e+01	3.0225e+01	1.2080e-15	6.0751e-04	9.9939e-01	3.4707e-03	9.9588e-01	6.4622e-04	1.7328e-20	1.0085e-05	6.0594e-02	9.3606e-01	3.3357e-03	7.4938e-05	1.7373e-01	8.2599e-01	2.0298e-04	1.1755e-36	1.1755e-36	1.4855e-28	0.00e+00	0.00e+00	1.1809e-01
1.27693e+18	5.9516e+03	2.466e-21	2.7826e+01	3.0224e+01	1.2536e-15	6.0805e-04	9.9939e-01	3.5113e-03	9.9624e-01	2.4435e-04	1.7553e-20	1.0200e-05	6.1308e-02	9.3547e-01	3.2165e-03	7.6921e-05	1.7692e-01	8.2293e-01	7.8804e-05	1.1755e-36	1.1755e-36	1.4532e-28	0.00e+00	0.00e+00	1.5581e-01
1.68311e+18	5.8881e+03	2.436e-21	2.7826e+01	3.0223e+01	1.3114e-15	6.1030e-04	9.9939e-01	3.5672e-03	9.9636e-01	7.2258e-05	1.7933e-20	1.0377e-05	6.2289e-02	9.3461e-01	3.0915e-03	7.9620e-05	1.8090e-01	8.1900e-01	2.4303e-05	1.1755e-36	1.1755e-36	1.4243e-28	0.00e+00	0.00e+00	2.0504e-01
2.21114e+18	5.8201e+03	2.404e-21	2.7826e+01	3.0222e+01	1.3828e-15	6.1523e-04	9.9938e-01	3.6454e-03	9.9634e-01	1.6301e-05	1.8547e-20	1.0642e-05	6.3645e-02	9.3339e-01	2.9492e-03	8.3387e-05	1.8599e-01	8.1392e-01	5.8233e-06	1.1755e-36	1.1755e-36	1.4014e-28	0.00e+00	0.00e+00	2.6954e-01
2.89758e+18	5.7513e+03	2.369e-21	2.7826e+01	3.0222e+01	1.4691e-15	6.2420e-04	9.9938e-01	3.7563e-03	9.9624e-01	2.8197e-06	1.9536e-20	1.1041e-05	6.5538e-02	9.3167e-01	2.7811e-03	8.8737e-05	1.9267e-01	8.0724e-01	1.0885e-06	1.1755e-36	1.1755e-36	1.3912e-28	0.00e+00	0.00e+00	3.5462e-01
3.78996e+18	5.6854e+03	2.334e-21	2.7826e+01	3.0221e+01	1.5810e-15	6.3957e-04	9.9936e-01	3.9180e-03	9.9608e-01	3.9380e-07	2.1256e-20	1.1643e-05	6.8237e-02	9.2917e-01	2.5803e-03	9.6561e-05	2.0163e-01	7.9828e-01	1.6513e-07	1.1755e-36	1.1755e-36	1.4176e-28	0.00e+00	0.00e+00	4.6796e-01
4.95004e+18	5.6393e+03	2.296e-21	2.7826e+01	3.0219e+01	1.6991e-15	6.6434e-04	9.9934e-01	4.1533e-03	9.9585e-01	4.7473e-08	2.4106e-20	1.2569e-05	7.2105e-02	9.2554e-01	2.3445e-03	1.0832e-04	2.1391e-01	7.8598e-01	1.1755e-36	1.1755e-36	1.1755e-36	1.4913e-28	0.00e+00	0.00e+00	6.2099e-01
6.45815e+18	5.6229e+03	2.259e-21	2.7826e+01	3.0217e+01	1.8447e-15	7.0513e-04	9.9929e-01	4.5183e-03	9.9548e-01	5.0491e-09	2.9493e-20	1.4040e-05	7.7934e-02	9.1998e-01	2.0681e-03	1.2701e-04	2.3128e-01	7.6859e-01	1.1755e-36	1.1755e-36	1.1755e-36	1.6908e-28	0.00e+00	0.00e+00	8.3215e-01
7.67609e+18	5.5959e+03	2.227e-21	2.7826e+01	3.0215e+01	1.8837e-15	7.3197e-04	9.9927e-01	4.7923e-03	9.9521e-01	9.7471e-10	3.1754e-20	1.5103e-05	8.2295e-02	9.1581e-01	1.8802e-03	1.4171e-04	2.4482e-01	7.5504e-01	1.1755e-36	1.1755e-36	1.1755e-36	1.6481e-28	0.00e+00	0.00e+00	9.2615e-01
8.44370e+18	5.6324e+03	2.216e-21	2.7826e+01	3.0213e+01	1.9209e-15	7.5988e-04	9.9924e-01	5.0390e-03	9.9496e-01	4.0405e-10	3.6220e-20	1.6116e-05	8.6050e-02	9.1217e-01	1.7635e-03	1.5485e-04	2.5515e-01	7.4469e-01	1.1755e-36	1.1755e-36	1.1755e-36	1.8417e-28	0.00e+00	0.00e+00	1.0335e+00
9.28807e+18	5.6776e+03	2.208e-21	2.7826e+01	3.0212e+01	1.9670e-15	7.9490e-04	9.9921e-01	5.3482e-03	9.9465e-01	1.6413e-10	4.2363e-20	1.7390e-05	9.0678e-02	9.0766e-01	1.6397e-03	1.7171e-04	2.6755e-01	7.3228e-01	1.1755e-36	1.1755e-36	1.1755e-36	2.1051e-28	0.00e+00	0.00e+00	1.1570e+00
1.02169e+19	5.7398e+03	2.201e-21	2.7826e+01	3.0209e+01	2.0329e-15	8.3875e-04	9.9916e-01	5.7419e-03	9.9426e-01	6.5389e-11	5.1665e-20	1.9014e-05	9.6458e-02	9.0201e-01	1.5091e-03	1.9370e-04	2.8259e-01	7.1721e-01	1.1755e-36	1.1755e-36	1.1755e-36	2.5345e-28	0.00e+00	0.00e+00	1.3004e+00
1.12386e+19	5.8135e+03	2.200e-21	2.7826e+01	3.0206e+01	2.1297e-15	8.9556e-04	9.9910e-01	6.2614e-03	9.9374e-01	2.5519e-11	6.5965e-20	2.1148e-05	1.0392e-01	8.9469e-01	1.3693e-03	2.2362e-04	3.0142e-01	6.9835e-01	1.1755e-36	1.1755e-36	1.1755e-36	3.1965e-28	0.00e+00	0.00e+00	1.4687e+00
1.23624e+19	5.9289e+03	2.196e-21	2.7826e+01	3.0202e+01	2.2103e-15	9.6706e-04	9.9903e-01	6.9510e-03	9.9305e-01	9.7911e-12	8.8841e-20	2.3963e-05	1.1353e-01	8.8522e-01	1.2246e-03	2.6441e-04	3.2474e-01	6.7499e-01	1.1755e-36	1.1755e-36	1.1755e-36	4.2903e-28	0.00e+00	0.00e+00	1.6688e+00
1.35987e+19	6.0657e+03	2.199e-21	2.7826e+01	3.0196e+01	2.3525e-15	1.0634e-03	9.9894e-01	7.9334e-03	9.9207e-01	3.6829e-12	1.2937e-19	2.7883e-05	1.2667e-01	8.7223e-01	1.0693e-03	3.2412e-04	3.5528e-01	6.4439e-01	1.1755e-36	1.1755e-36	1.1755e-36	6.2536e-28	0.00e+00	0.00e+00	1.9107e+00
1.48282e+19	6.2267e+03	2.207e-21	2.7826e+01	3.0189e+01	2.5096e-15	1.1804e-03	9.9882e-01	9.2384e-03	9.9076e-01	1.5008e-12	1.9607e-19	3.2884e-05	1.4318e-01	8.5587e-01	9.2266e-04	4.0491e-04	3.9193e-01	6.0766e-01	1.1755e-36	1.1755e-36	1.1755e-36	9.4809e-28	0.00e+00	0.00e+00	2.1520e+00
1.58311e+19	6.3801e+03	2.219e-21	2.7826e+01	3.0181e+01	2.6576e-15	1.2980e-03	9.9870e-01	1.0689e-02	9.8931e-01	7.6468e-13	2.8691e-19	3.8181e-05	1.6050e-01	8.3865e-01	8.0693e-04	4.9532e-04	4.2846e-01	5.7104e-01	1.1755e-36	1.1755e-36	1.1755e-36	1.3830e-27	0.00e+00	0.00e+00	2.3440e+00
1.65883e+19	6.5061e+03	2.231e-21	2.7826e+01	3.0174e+01	2.8167e-15	1.4054e-03	9.9859e-01	1.2161e-02	9.8784e-01	4.7126e-13	3.9798e-19	4.3285e-05	1.7702e-01	8.2222e-01	7.1840e-04	5.8572e-04	4.6123e-01	5.3818e-01	1.1755e-36	1.1755e-36	1.1755e-36	1.9143e-27	0.00e+00	0.00e+00	2.5100e+00
1.72464e+19	6.6204e+03	2.242e-21	2.7826e+01	3.0166e+01	3.0148e-15	1.5151e-03	9.9848e-01	1.3818e-02	9.8618e-01	3.1216e-13	5.4721e-19	4.8742e-05	1.9452e-01	8.0479e-01	6.4007e-04	6.8533e-04	4.9385e-01	5.0547e-01	1.1755e-36	1.1755e-36	1.1755e-36	2.6355e-27	0.00e+00	0.00e+00	2.6813e+00
1.79867e+19	6.7498e+03	2.255e-21	2.7826e+01	3.0156e+01	3.3343e-15	1.6617e-03	9.9834e-01	1.6294e-02	9.8371e-01	1.9698e-13	8.1505e-19	5.6377e-05	2.1872e-01	7.8067e-01	5.4974e-04	8.2860e-04	5.3546e-01	4.6371e-01	1.1755e-36	1.1755e-36	1.1755e-36	3.9374e-27	0.00e+00	0.00e+00	2.9256e+00
1.87355e+19	6.8989e+03	2.273e-21	2.7826e+01	3.0141e+01	3.6783e-15	1.8374e-03	9.9816e-01	1.9794e-02	9.8021e-01	1.2829e-13	1.2476e-18	6.6095e-05	2.4948e-01	7.4999e-01	4.6308e-04	1.0179e-03	5.8470e-01	4.1429e-01	1.1755e-36	1.1755e-36	1.1755e-36	5.9720e-27	0.00e+00	0.00e+00	3.1389e+00
1.92974e+19	7.0193e+03	2.289e-21	2.7826e+01	3.0126e+01	4.0069e-15	1.9966e-03	9.9800e-01	2.3671e-02	9.7633e-01	9.4514e-14	1.7785e-18	7.5551e-05	2.7934e-01	7.2018e-01	3.9696e-04	1.2046e-03	6.2794e-01	3.7085e-01	1.1755e-36	1.1755e-36	1.1755e-36	8.3978e-27	0.00e+00	0.00e+00	3.3013e+00
1.97213e+19	7.1106e+03	2.302e-21	2.7826e+01	3.0112e+01	4.3329e-15	2.1364e-03	9.9786e-01	2.7750e-02	9.7225e-01	7.5092e-14	2.3826e-18	8.4339e-05	3.0698e-01	6.9259e-01	3.4572e-04	1.3786e-03	6.6417e-01	3.3445e-01	1.1755e-36	1.1755e-36	1.1755e-36	1.1108e-26	0.00e+00	0.00e+00	3.4458e+00
2.00813e+19	7.1916e+03	2.314e-21	2.7826e+01	3.0099e+01	4.6692e-15	2.2700e-03	9.9773e-01	3.2456e-02	9.6754e-01	6.1830e-14	3.1089e-18	9.3229e-05	3.3469e-01	6.6491e-01	3.0207e-04	1.5533e-03	6.9744e-01	3.0101e-01	1.1755e-36	1.1755e-36	1.1755e-36	1.4340e-26	0.00e+00	0.00e+00	3.5794e+00
2.03970e+19	7.2562e+03	2.325e-21	2.7826e+01	3.0079e+01	5.0280e-15	2.4025e-03	9.9760e-01	3.7886e-02	9.6211e-01	5.2020e-14	3.9649e-18	1.0223e-04	3.6300e-01	6.3663e-01	2.6343e-04	1.7332e-03	7.2882e-01	2.6945e-01	1.1755e-36	1.1755e-36	1.1755e-36	1.7989e-26	0.00e+00	0.00e+00	3.7045e+00
2.06780e+19	7.3104e+03	2.338e-21	2.7826e+01	3.0062e+01	5.4423e-15	2.5349e-03	9.9747e-01	4.4538e-02	9.5546e-01	4.4588e-14	5.0097e-18	1.1171e-04	3.9228e-01	6.0737e-01	2.2883e-04	1.9190e-03	7.5859e-01	2.3949e-01	1.1755e-36	1.1755e-36	1.1755e-36	2.2438e-26	0.00e+00	0.00e+00	3.8228e+00
2.09244e+19	7.3782e+03	2.345e-21	2.7826e+01	3.0044e+01	5.7611e-15	2.6565e-03	9.9734e-01	5.2377e-02	9.4762e-01	3.8986e-14	6.1742e-18	1.2096e-04	4.2111e-01	5.7857e-01	1.9923e-04	2.0994e-03	7.8606e-01	2.1184e-01	1.1755e-36	1.1755e-36	1.1755e-36	2.7315e-26	0.00e+00	0.00e+00	3.9288e+00
2.11346e+19	7.4195e+03	2.353e-21	2.7826e+01	3.0012e+01	6.1174e-15	2.7741e-03	9.9723e-01	6.1195e-02	9.3880e-01	3.4519e-14	7.4130e-18	1.2984e-04	4.4920e-01	5.5049e-01	1.7355e-04	2.2758e-03	8.1079e-01	1.8694e-01	1.1755e-36	1.1755e-36	1.1755e-36	3.2125e-26	0.00e+00	0.00e+00	4.0230e+00
2.13175e+19	7.4596e+03	2.360e-21	2.7826e+01	2.9987e+01	6.4844e-15	2.8837e-03	9.9712e-01	7.1664e-02	9.2834e-01	3.0996e-14	8.7947e-18	1.3856e-04	4.7618e-01	5.2353e-01	1.5142e-04	2.4448e-03	8.3314e-01	1.6442e-01	1.1755e-36	1.1755e-36	1.1755e-36	3.7656e-26	0.00e+00	0.00e+00	4.1104e+00
2.14793e+19	7.4943e+03	2.366e-21	2.7826e+01	2.9956e+01	6.8355e-15	2.9871e-03	9.9701e-01	8.4013e-02	9.1599e-01	2.8035e-14	1.0256e-17	1.4690e-04	5.0225e-01	4.9747e-01	1.3204e-04	2.6081e-03	8.5363e-01	1.4376e-01	1.1755e-36	1.1755e-36	1.1755e-36	4.3309e-26	0.00e+00	0.00e+00	4.1897e+00
2.16206e+19	7.5234e+03	2.371e-21	2.7826e+01	2.9919e+01	7.1739e-15	3.0830e-03	9.9692e-01	9.8421e-02	9.0158e-01	2.5529e-14	1.1766e-17	1.5474e-04	5.2685e-01	4.7288e-01	1.1530e-04	2.7625e-03	8.7211e-01	1.2513e-01	1.1755e-36	1.1755e-36	1.1755e-36	4.9017e-26	0.00e+00	0.00e+00	4.2609e+00
2.17439e+19	7.5487e+03	2.375e-21	2.7826e+01	2.9877e+01	7.4918e-15	3.1709e-03	9.9683e-01	1.1513e-01	8.8487e-01	2.3367e-14	1.3293e-17	1.6201e-04	5.4971e-01	4.5003e-01	1.0091e-04	2.9067e-03	8.8864e-01	1.0846e-01	1.1755e-36	1.1755e-36	1.1755e-36	5.4660e-26	0.00e+00	0.00e+00	4.3250e+00
2.18523e+19	7.5664e+03	2.379e-21	2.7826e+01	2.9839e+01	7.8505e-15	3.2532e-03	9.9675e-01	1.3476e-01	8.6524e-01	2.1479e-14	1.4904e-17	1.6879e-04	5.7091e-01	4.2883e-01	8.8398e-05	3.0427e-03	9.0349e-01	9.3464e-02	1.1755e-36	1.1755e-36	1.1755e-36	6.0810e-26	0.00e+00	0.00e+00	4.3832e+00
2.19479e+19	7.5864e+03	2.378e-21	2.7826e+01	2.9776e+01	8.1083e-15	3.3255e-03	9.9667e-01	1.5719e-01	8.4281e-01	1.9719e-14	1.6371e-17	1.7479e-04	5.9021e-01	4.0954e-01	7.7679e-05	3.1659e-03	9.1670e-01	8.0132e-02	1.1755e-36	1.1755e-36	1.1755e-36	6.5846e-26	0.00e+00	0.00e+00	4.4354e+00
2.20329e+19	7.6020e+03	2.378e-21	2.7826e+01	2.9724e+01	8.4158e-15	3.3932e-03	9.9661e-01	1.8353e-01	8.1647e-01	1.8133e-14	1.7945e-17	1.8033e-04	6.0782e-01	3.9193e-01	6.8286e-05	3.2812e-03	9.2854e-01	6.8174e-02	1.1755e-36	1.1755e-36	1.1755e-36	7.1737e-26	0.00e+00	0.00e+00	4.4835e+00
2.21093e+19	7.6142e+03	2.375e-21	2.7826e+01	2.9656e+01	8.6917e-15	3.4551e-03	9.9654e-01	2.1419e-01	7.8581e-01	1.6604e-14	1.9432e-17	1.8525e-04	6.2382e-01	3.7593e-01	6.0053e-05	3.3877e-03	9.3913e-01	5.7483e-02	1.1755e-36	1.1755e-36	1.1755e-36	7.6953e-26	0.00e+00	0.00e+00	4.5273e+00
2.21778e+19	7.6235e+03	2.371e-21	2.7826e+01	2.9576e+01	8.9562e-15	3.5109e-03	9.9649e-01	2.4950e-01	7.5050e-01	1.5120e-14	2.0859e-17	1.8951e-04	6.3807e-01	3.6169e-01	5.2869e-05	3.4845e-03	9.4846e-01	4.8053e-02	1.1755e-36	1.1755e-36	1.1755e-36	8.1838e-26	0.00e+00	0.00e+00	4.5672e+00
2.22396e+19	7.6312e+03	2.364e-21	2.7826e+01	2.9484e+01	9.2077e-15	3.5611e-03	9.9644e-01	2.8997e-01	7.1003e-01	1.3663e-14	2.2227e-17	1.9316e-04	6.5065e-01	3.4911e-01	4.6564e-05	3.5722e-03	9.5664e-01	3.9787e-02	1.1755e-36	1.1755e-36	1.1755e-36	8.6435e-26	0.00e+00	0.00e+00	4.6041e+00
2.22964e+19	7.6344e+03	2.354e-21	2.7826e+01	2.9377e+01	9.4696e-15	3.6075e-03	9.9639e-01	3.3639e-01	6.6361e-01	1.2206e-14	2.3550e-17	1.9626e-04	6.6177e-01	3.3799e-01	4.0949e-05	3.6525e-03	9.6379e-01	3.2557e-02	1.1755e-36	1.1755e-36	1.1755e-36	9.0757e-26	0.00e+00	0.00e+00	4.6387e+00
2.23492e+19	7.6357e+03	2.342e-21	2.7826e+01	2.9256e+01	9.7357e-15	3.6498e-03	9.9635e-01	3.8940e-01	6.1060e-01	1.0738e-14	2.4842e-17	1.9882e-04	6.7151e-01	3.2825e-01	3.5907e-05	3.7256e-03	9.7001e-01	2.6267e-02	1.1755e-36	1.1755e-36	1.1755e-36	9.4941e-26	0.00e+00	0.00e+00	4.6714e+00
2.23990e+19	7.6329e+03	2.327e-21	2.7826e+01	2.9119e+01	1.0019e-14	3.6898e-03	9.9631e-01	4.4945e-01	5.5055e-01	9.2533e-15	2.6098e-17	2.0089e-04	6.8001e-01	3.1975e-01	3.1322e-05	3.7933e-03	9.7536e-01	2.0848e-02	1.1755e-36	1.1755e-36	1.1755e-36	9.8856e-26	0.00e+00	0.00e+00	4.7029e+00
2.24470e+19	7.6273e+03	2.308e-21	2.7826e+01	2.8964e+01	1.0236e-14	3.7278e-03	9.9627e-01	5.1642e-01	4.8358e-01	7.6976e-15	2.7100e-17	2.0250e-04	6.8735e-01	3.1242e-01	2.7112e-05	3.8561e-03	9.7991e-01	1.6233e-02	1.1755e-36	1.1755e-36	1.1755e-36	1.0083e-25	0.00e+00	0.00e+00	4.7339e+00
2.25014e+19	7.6173e+03	2.281e-21	2.7826e+01	2.8740e+01	1.0534e-14	3.7674e-03	9.9623e-01	6.0048e-01	3.9952e-01	5.9751e-15	2.8251e-17	2.0356e-04	6.9427e-01	3.0550e-01	2.2604e-05	3.9208e-03	9.8420e-01	1.1879e-02	1.1755e-36	1.1755e-36	1.1755e-36	1.0323e-25	0.00e+00	0.00e+00	4.7746e+00
2.25604e+19	7.6006e+03	2.251e-21	2.7826e+01	2.8511e+01	1.0957e-14	3.8150e-03	9.9619e-01	6.9682e-01	3.0318e-01	4.2489e-15	2.9648e-17	2.0446e-04	7.0050e-01	2.9928e-01	1.8222e-05	3.9922e-03	9.8788e-01	8.1327e-03	1.1755e-36	1.1755e-36	1.1755e-36	1.0680e-25	0.00e+00	0.00e+00	4.8126e+00
2.26152e+19	7.5803e+03	2.226e-21	2.7826e+01	2.8329e+01	1.1516e-14	3.8662e-03	9.9613e-01	7.8201e-01	2.1799e-01	2.8942e-15	3.1282e-17	2.0524e-04	7.0524e-01	2.9454e-01	1.4549e-05	4.0628e-03	9.9039e-01	5.5484e-03	1.1755e-36	1.1755e-36	1.1755e-36	1.1254e-25	0.00e+00	0.00e+00	4.8486e+00
2.26761e+19	7.5644e+03	2.200e-21	2.7826e+01	2.8139e+01	1.2014e-14	3.9238e-03	9.9608e-01	8.5839e-01	1.4161e-01	1.7741e-15	3.2730e-17	2.0571e-04	7.0914e-01	2.9064e-01	1.1056e-05	4.1389e-03	9.9227e-01	3.5876e-03	1.1755e-36	1.1755e-36	1.1755e-36	1.1704e-25	0.00e+00	0.00e+00	4.8960e+00
2.27553e+19	7.5504e+03	2.177e-21	2.7826e+01	2.7937e+01	1.2500e-14	4.0035e-03	9.9600e-01	9.2447e-01	7.5529e-02	8.7619e-16	3.4089e-17	2.0615e-04	7.1284e-01	2.8695e-01	7.5810e-06	4.2396e-03	9.9374e-01	2.0245e-03	1.1755e-36	1.1755e-36	1.1755e-36	1.2034e-25	0.00e+00	0.00e+00	4.9590e+00
2.28583e+19	7.5456e+03	2.167e-21	2.7826e+01	2.7828e+01	1.3466e-14	4.1267e-03	9.9587e-01	9.6820e-01	3.1799e-02	3.4169e-16	3.7029e-17	2.0759e-04	7.1706e-01	2.8273e-01	4.5192e-06	4.3886e-03	9.9465e-01	9.6511e-04	1.1755e-36	1.1755e-36	1.1755e-36	1.3414e-25	0.00e+00	0.00e+00	5.0434e+00
2.29921e+19	7.5463e+03	2.172e-21	2.7826e+01	2.7759e+01	1.4525e-14	4.3046e-03	9.9570e-01	9.8940e-01	1.0598e-02	1.0372e-16	4.0332e-17	2.0971e-04	7.2200e-01	2.7779e-01	2.2762e-06	4.5997e-03	9.9502e-01	3.7847e-04	1.1755e-36	1.1755e-36	1.1755e-36	1.4917e-25	0.00e+00	0.00e+00	5.1578e+00
2.31661e+19	7.5612e+03	2.188e-21	2.7826e+01	2.7729e+01	1.6330e-14	4.5593e-03	9.9544e-01	9.9715e-01	2.8497e-03	2.5029e-17	4.6290e-17	2.1281e-04	7.2827e-01	2.7152e-01	9.3418e-07	4.9007e-03	9.9498e-01	1.1867e-04	1.1755e-36	1.1755e-36	1.1755e-36	1.8180e-25	0.00e+00	0.00e+00	5.3153e+00
2.33922e+19	7.5844e+03	2.214e-21	2.7826e+01	2.7717e+01	1.9174e-14	4.9351e-03	9.9506e-01	9.9938e-01	6.2409e-04	4.8077e-18	5.5951e-17	2.1711e-04	7.3668e-01	2.6311e-01	2.9651e-07	5.3451e-03	9.9463e-01	2.8863e-05	1.1755e-36	1.1755e-36	1.1755e-36	2.3952e-25	0.00e+00	0.00e+00	5.5370e+00
2.36862e+19	7.6146e+03	2.252e-21	2.7826e+01	2.7705e+01	2.3986e-14	5.5118e-03	9.9449e-01	9.9989e-01	1.1128e-04	7.2809e-19	7.2716e-17	2.2297e-04	7.4820e-01	2.5158e-01	1.1755e-36	6.0303e-03	9.9396e-01	5.2450e-06	1.1755e-36	1.1755e-36	1.1755e-36	3.5077e-25	0.00e+00	0.00e+00	5.8588e+00
2.40684e+19	7.6504e+03	2.305e-21	2.7826e+01	2.7683e+01	3.3119e-14	6.4591e-03	9.9354e-01	9.9998e-01	1.7181e-05	9.1415e-20	1.0542e-16	2.3102e-04	7.6439e-01	2.3538e-01	1.1755e-36	7.1630e-03	9.9284e-01	6.7357e-07	1.1755e-36	1.1755e-36	1.1755e-36	6.0141e-25	0.00e+00	0.00e+00	6.3491e+00
2.44398e+19	7.6883e+03	2.365e-21	2.7826e+01	2.7650e+01	4.8930e-14	7.7527e-03	9.9225e-01	1.0000e+00	4.3342e-06	1.9246e-20	1.6389e-16	2.3932e-04	7.8144e-01	2.1832e-01	1.1755e-36	8.7212e-03	9.9128e-01	8.9966e-08	1.1755e-36	1.1755e-36	1.1755e-36	1.1588e-24	0.00e+00	0.00e+00	6.7724e+00
2.46906e+19	7.7018e+03	2.412e-21	2.7826e+01	2.7609e+01	6.6895e-14	8.9804e-03	9.9102e-01	1.0000e+00	2.4787e-06	9.7850e-21	2.3054e-16	2.4545e-04	7.9457e-01	2.0518e-01	1.1755e-36	1.0208e-02	9.8979e-01	2.4789e-08	1.1755e-36	1.1755e-36	1.1755e-36	1.9112e-24	0.00e+00	0.00e+00	7.0734e+00
2.48622e+19	7.7089e+03	2.447e-21	2.7826e+01	2.7579e+01	8.4504e-14	1.0039e-02	9.8996e-01	1.0000e+00	1.9129e-06	6.9469e-21	2.9696e-16	2.4999e-04	8.0446e-01	1.9529e-01	1.1755e-36	1.1494e-02	9.8851e-01	1.0491e-08	1.1755e-36	1.1755e-36	1.1755e-36	2.7616e-24	0.00e+00	0.00e+00	7.3422e+00
2.50375e+19	7.7098e+03	2.482e-21	2.7826e+01	2.7543e+01	1.0939e-13	1.1341e-02	9.8866e-01	1.0000e+00	1.5511e-06	5.1374e-21	3.9123e-16	2.5491e-04	8.1543e-01	1.8432e-01	1.1755e-36	1.3081e-02	9.8692e-01	4.3040e-09	1.1755e-36	1.1755e-36	1.1755e-36	4.1147e-24	0.00e+00	0.00e+00	7.7372e+00
2.52654e+19	7.7010e+03	2.532e-21	2.7826e+01	2.7483e+01	1.5911e-13	1.3521e-02	9.8648e-01	1.0000e+00	1.2074e-06	3.5495e-21	5.7918e-16	2.6157e-04	8.3067e-01	1.6907e-01	1.1755e-36	1.5746e-02	9.8425e-01	1.3642e-09	1.1755e-36	1.1755e-36	1.1755e-36	7.2485e-24	0.00e+00	0.00e+00	8.3492e+00
2.54856e+19	7.6807e+03	2.588e-21	2.7826e+01	2.7397e+01	2.4707e-13	1.6618e-02	9.8338e-01	1.0000e+00	9.1715e-07	2.4295e-21	9.0883e-16	2.6835e-04	8.4676e-01	1.5298e-01	1.1755e-36	1.9542e-02	9.8046e-01	4.4517e-10	1.1755e-36	1.1755e-36	1.1755e-36	1.3896e-23	0.00e+00	0.00e+00	8.8828e+00
2.56353e+19	7.6541e+03	2.631e-21	2.7826e+01	2.7310e+01	3.5692e-13	1.9712e-02	9.8029e-01	1.0000e+00	7.6665e-07	1.8950e-21	1.3138e-15	2.7337e-04	8.5926e-01	1.4046e-01	1.1755e-36	2.3340e-02	9.7666e-01	2.0761e-10	1.1755e-36	1.1755e-36	1.1755e-36	2.3655e-23	0.00e+00	0.00e+00	9.2865e+00
2.57402e+19	7.6258e+03	2.664e-21	2.7826e+01	2.7239e+01	4.8026e-13	2.2583e-02	9.7742e-01	1.0000e+00	6.7718e-07	1.5912e-21	1.7603e-15	2.7716e-04	8.6891e-01	1.3081e-01	1.1755e-36	2.6868e-02	9.7313e-01	1.1987e-10	1.1755e-36	1.1755e-36	1.1755e-36	3.6081e-23	0.00e+00	0.00e+00	9.6565e+00
2.58474e+19	7.5942e+03	2.691e-21	2.7826e+01	2.7126e+01	6.6703e-13	2.6245e-02	9.7376e-01	1.0000e+00	5.9565e-07	1.3250e-21	2.4292e-15	2.8085e-04	8.7940e-01	1.2032e-01	1.1755e-36	3.1370e-02	9.6863e-01	6.6219e-11	1.1755e-36	1.1755e-36	1.1755e-36	5.7427e-23	0.00e+00	0.00e+00	1.0215e+01
2.59641e+19	7.5359e+03	2.727e-21	2.7826e+01	2.6974e+01	1.0211e-12	3.1742e-02	9.6826e-01	1.0000e+00	4.8992e-07	1.0292e-21	3.6386e-15	2.8498e-04	8.9155e-01	1.0816e-01	1.1755e-36	3.8126e-02	9.6187e-01	3.4495e-11	1.1755e-36	1.1755e-36	1.1755e-36	1.0292e-22	0.00e+00	0.00e+00	1.0841e+01
2.60665e+19	7.4770e+03	2.755e-21	2.7826e+01	2.6780e+01	1.5929e-12	3.8737e-02	9.6126e-01	1.0000e+00	4.0719e-07	8.1567e-22	5.5370e-15	2.8834e-04	9.0324e-01	9.6468e-02	1.1755e-36	4.6712e-02	9.5329e-01	1.8968e-11	1.1755e-36	1.1755e-36	1.1755e-36	1.8906e-22	0.00e+00	0.00e+00	1.1472e+01
2.61504e+19	7.4155e+03	2.775e-21	2.7826e+01	2.6583e+01	2.4662e-12	4.7056e-02	9.5294e-01	1.0000e+00	3.4320e-07	6.6148e-22	8.3318e-15	2.9107e-04	9.1380e-01	8.5911e-02	1.1755e-36	5.6901e-02	9.4310e-01	1.1277e-11	1.1755e-36	1.1755e-36	1.1755e-36	3.4238e-22	0.00e+00	0.00e+00	1.2092e+01
2.62204e+19	7.3537e+03	2.785e-21	2.7826e+01	2.6369e+01	3.7900e-12	5.6927e-02	9.4307e-01	1.0000e+00	2.9194e-07	5.4513e-22	1.2414e-14	2.9320e-04	9.2337e-01	7.6338e-02	1.1755e-36	6.8950e-02	9.3105e-01	7.0670e-12	1.1755e-36	1.1755e-36	1.1755e-36	6.1245e-22	0.00e+00	0.00e+00	1.2742e+01
2.62835e+19	7.2919e+03	2.771e-21	2.7826e+01	2.5996e+01	5.8876e-12	6.9172e-02	9.3083e-01	1.0000e+00	2.4721e-07	4.5141e-22	1.8562e-14	2.9307e-04	9.3231e-01	6.7399e-02	1.1755e-36	8.3838e-02	9.1616e-01	4.4907e-12	1.1755e-36	1.1755e-36	1.1755e-36	1.1009e-21	0.00e+00	0.00e+00	1.3485e+01
2.63422e+19	7.2161e+03	2.738e-21	2.7826e+01	2.5514e+01	9.5797e-12	8.5493e-02	9.1451e-01	1.0000e+00	2.0454e-07	3.6726e-22	2.8686e-14	2.9171e-04	9.4114e-01	5.8567e-02	1.1755e-36	1.0356e-01	8.9644e-01	2.8360e-12	1.1755e-36	1.1755e-36	1.1755e-36	2.0800e-21	0.00e+00	0.00e+00	1.4330e+01
2.63934e+19	7.1466e+03	2.684e-21	2.7826e+01	2.4981e+01	1.5815e-11	1.0654e-01	8.9346e-01	1.0000e+00	1.6721e-07	2.9733e-22	4.5069e-14	2.8929e-04	9.4940e-01	5.0312e-02	1.1755e-36	1.2878e-01	8.7122e-01	1.8167e-12	1.1755e-36	1.1755e-36	1.1755e-36	4.0443e-21	0.00e+00	0.00e+00	1.5194e+01
2.64341e+19	7.0721e+03	2.603e-21	2.7826e+01	2.4315e+01	2.5506e-11	1.3084e-01	8.6916e-01	1.0000e+00	1.3844e-07	2.4646e-22	6.8426e-14	2.8471e-04	9.5630e-01	4.3417e-02	1.1755e-36	1.5759e-01	8.4241e-01	1.2225e-12	1.1755e-36	1.1755e-36	1.1755e-36	7.4815e-21	0.00e+00	0.00e+00	1.6008e+01
2.64660e+19	6.9934e+03	2.504e-21	2.7826e+01	2.3581e+01	3.9550e-11	1.5717e-01	8.4283e-01	1.0000e+00	1.1694e-07	2.1002e-22	9.9064e-14	2.7884e-04	9.6191e-01	3.7814e-02	1.1755e-36	1.8845e-01	8.1155e-01	8.6447e-13	1.1755e-36	1.1755e-36	1.1755e-36	1.2908e-20	0.00e+00	0.00e+00	1.6792e+01
2.64927e+19	6.9110e+03	2.380e-21	2.7826e+01	2.2685e+01	5.9686e-11	1.8572e-01	8.1428e-01	1.0000e+00	9.9988e-08	1.8304e-22	1.3790e-13	2.7051e-04	9.6658e-01	3.3149e-02	1.1755e-36	2.2149e-01	7.7851e-01	6.2901e-13	1.1755e-36	1.1755e-36	1.1755e-36	2.0980e-20	0.00e+00	0.00e+00	1.7606e+01
2.65169e+19	6.8069e+03	2.240e-21	2.7826e+01	2.1742e+01	9.2090e-11	2.1975e-01	7.8025e-01	1.0000e+00	8.4785e-08	1.5864e-22	1.9271e-13	2.6153e-04	9.7097e-01	2.8767e-02	1.1755e-36	2.6029e-01	7.3971e-01	4.5644e-13	1.1755e-36	1.1755e-36	1.1755e-36	3.4352e-20	0.00e+00	0.00e+00	1.8508e+01
2.65390e+19	6.6784e+03	2.073e-21	2.7826e+01	2.0622e+01	1.4536e-10	2.5980e-01	7.4020e-01	1.0000e+00	7.1070e-08	1.3722e-22	2.6785e-13	2.5030e-04	9.7498e-01	2.4765e-02	1.1755e-36	3.0519e-01	6.9481e-01	3.3033e-13	1.1755e-36	1.1755e-36	1.1755e-36	5.5722e-20	0.00e+00	0.00e+00	1.9460e+01
2.65571e+19	6.5379e+03	1.902e-21	2.7826e+01	1.9467e+01	2.2378e-10	3.0127e-01	6.9873e-01	1.0000e+00	5.9603e-08	1.1946e-22	3.5720e-13	2.3827e-04	9.7825e-01	2.1508e-02	1.1755e-36	3.5081e-01	6.4919e-01	2.4701e-13	1.1755e-36	1.1755e-36	1.1755e-36	8.4944e-20	0.00e+00	0.00e+00	2.0272e+01
2.65699e+19	6.4145e+03	1.760e-21	2.7826e+01	1.8488e+01	3.1486e-10	3.3629e-01	6.6371e-01	1.0000e+00	5.2437e-08	1.0887e-22	4.4107e-13	2.2780e-04	9.8054e-01	1.9231e-02	1.1755e-36	3.8868e-01	6.1132e-01	1.9772e-13	1.1755e-36	1.1755e-36	1.1755e-36	1.1553e-19	0.00e+00	0.00e+00	2.0883e+01
2.65790e+19	6.3000e+03	1.650e-21	2.7826e+01	1.7714e+01	4.1356e-10	3.6427e-01	6.3573e-01	1.0000e+00	4.8204e-08	1.0297e-22	5.1337e-13	2.1946e-04	9.8215e-01	1.7633e-02	1.1755e-36	4.1850e-01	5.8150e-01	1.6735e-13	1.1755e-36	1.1755e-36	1.1755e-36	1.4390e-19	0.00e+00	0.00e+00	2.1384e+01
2.65865e+19	6.1943e+03	1.553e-21	2.7826e+01	1.7019e+01	5.2500e-10	3.8918e-01	6.1082e-01	1.0000e+00	4.4878e-08	9.8480e-23	5.8123e-13	2.1191e-04	9.8345e-01	1.6341e-02	1.1755e-36	4.4475e-01	5.5525e-01	1.4494e-13	1.1755e-36	1.1755e-36	1.1755e-36	1.7206e-19	0.00e+00	0.00e+00	2.1873e+01
2.65936e+19	6.0800e+03	1.457e-21	2.7826e+01	1.6314e+01	6.6904e-10	4.1444e-01	5.8556e-01	1.0000e+00	4.1507e-08	9.3713e-23	6.5323e-13	2.0418e-04	9.8465e-01	1.5143e-02	1.1755e-36	4.7107e-01	5.2893e-01	1.2587e-13	1.1755e-36	1.1755e-36	1.1755e-36	2.0338e-19	0.00e+00	0.00e+00	2.2384e+01
2.66003e+19	5.9575e+03	1.361e-21	2.7826e+01	1.5600e+01	8.5667e-10	4.4002e-01	5.5998e-01	1.0000e+00	3.8159e-08	8.8791e-23	7.2916e-13	1.9627e-04	9.8577e-01	1.4032e-02	1.1755e-36	4.9742e-01	5.0258e-01	1.0959e-13	1.1755e-36	1.1755e-36	1.1755e-36	2.3794e-19	0.00e+00	0.00e+00	2.2886e+01
2.66064e+19	5.8319e+03	1.273e-21	2.7826e+01	1.4924e+01	1.0900e-09	4.6443e-01	5.3557e-01	1.0000e+00	3.5266e-08	8.4507e-23	8.0462e-13	1.8879e-04	9.8676e-01	1.3054e-02	1.1755e-36	5.2229e-01	4.7771e-01	9.6390e-14	1.1755e-36	1.1755e-36	1.1755e-36	2.7383e-19	0.00e+00	0.00e+00	2.3348e+01
2.66117e+19	5.7102e+03	1.194e-21	2.7826e+01	1.4301e+01	1.3654e-09	4.8680e-01	5.1320e-01	1.0000e+00	3.2959e-08	8.1238e-23	8.7604e-13	1.8183e-04	9.8760e-01	1.2218e-02	1.1755e-36	5.4485e-01	4.5515e-01	8.5859e-14	1.1755e-36	1.1755e-36	1.1755e-36	3.0922e-19	0.00e+00	0.00e+00	2.3777e+01
2.66165e+19	5.5893e+03	1.122e-21	2.7826e+01	1.3719e+01	1.6957e-09	5.0772e-01	4.9228e-01	1.0000e+00	3.0972e-08	7.8441e-23	9.4502e-13	1.7531e-04	9.8834e-01	1.1481e-02	1.1755e-36	5.6576e-01	4.3424e-01	7.7161e-14	1.1755e-36	1.1755e-36	1.1755e-36	3.4489e-19	0.00e+00	0.00e+00	2.4187e+01
2.66210e+19	5.4654e+03	1.055e-21	2.7826e+01	1.3160e+01	2.1037e-09	5.2783e-01	4.7217e-01	1.0000e+00	2.9154e-08	7.5839e-23	1.0136e-12	1.6903e-04	9.8902e-01	1.0812e-02	1.1755e-36	5.8567e-01	4.1433e-01	6.9707e-14	1.1755e-36	1.1755e-36	1.1755e-36	3.8208e-19	0.00e+00	0.00e+00	2.4590e+01
2.66246e+19	5.3649e+03	1.003e-21	2.7826e+01	1.2716e+01	2.5008e-09	5.4378e-01	4.5622e-01	1.0000e+00	2.7394e-08	7.2860e-23	1.0699e-12	1.6401e-04	9.8953e-01	1.0307e-02	1.1755e-36	6.0134e-01	3.9866e-01	6.4364e-14	1.1755e-36	1.1755e-36	1.1755e-36	4.1418e-19	0.00e+00	0.00e+00	2.4858e+01
2.66271e+19	5.2871e+03	9.657e-22	2.7826e+01	1.2391e+01	2.8498e-09	5.5543e-01	4.4457e-01	1.0000e+00	2.6718e-08	7.2238e-23	1.1122e-12	1.6033e-04	9.8989e-01	9.9496e-03	1.1755e-36	6.1273e-01	3.8727e-01	6.0722e-14	1.1755e-36	1.1755e-36	1.1755e-36	4.3943e-19	0.00e+00	0.00e+00	2.5078e+01
2.66295e+19	5.2070e+03	9.303e-22	2.7826e+01	1.2077e+01	3.2505e-09	5.6675e-01	4.3325e-01	1.0000e+00	2.6006e-08	7.1423e-23	1.1551e-12	1.5683e-04	9.9023e-01	9.6118e-03	1.1755e-36	6.2373e-01	3.7627e-01	5.7387e-14	1.1755e-36	1.1755e-36	1.1755e-36	4.6615e-19	0.00e+00	0.00e+00	2.5322e+01
2.66321e+19	5.1180e+03	8.915e-22	2.7826e+01	1.1734e+01	3.7601e-09	5.7934e-01	4.2066e-01	1.0000e+00	2.5014e-08	6.9920e-23	1.2047e-12	1.5295e-04	9.9060e-01	9.2459e-03	1.1755e-36	6.3592e-01	3.6408e-01	5.3870e-14	1.1755e-36	1.1755e-36	1.1755e-36	4.9885e-19	0.00e+00	0.00e+00	2.5600e+01
2.66348e+19	5.0166e+03	8.513e-22	2.7826e+01	1.1361e+01	4.4147e-09	5.9253e-01	4.0747e-01	1.0000e+00	2.3909e-08	6.8146e-23	1.2586e-12	1.4878e-04	9.9097e-01	8.8766e-03	1.1755e-36	6.4861e-01	3.5139e-01	5.0443e-14	1.1755e-36	1.1755e-36	1.1755e-36	5.3639e-19	0.00e+00	0.00e+00	2.5884e+01
2.66374e+19	4.9127e+03	8.131e-22	2.7826e+01	1.1002e+01	5.1748e-09	6.0554e-01	3.9446e-01	1.0000e+00	2.2884e-08	6.6460e-23	1.3108e-12	1.4477e-04	9.9135e-01	8.5075e-03	1.1755e-36	6.6108e-01	3.3892e-01	4.7278e-14	1.1755e-36	1.1755e-36	1.1755e-36	5.7286e-19	0.00e+00	0.00e+00	2.6157e+01
2.66399e+19	4.8100e+03	7.773e-22	2.7826e+01	1.0657e+01	6.0273e-09	6.1791e-01	3.8209e-01	1.0000e+00	2.1982e-08	6.5026e-23	1.3602e-12	1.4093e-04	9.9170e-01	8.1628e-03	1.1755e-36	6.7286e-01	3.2714e-01	4.4445e-14	1.1755e-36	1.1755e-36	1.1755e-36	6.0864e-19	0.00e+00	0.00e+00	2.6422e+01
2.66424e+19	4.7052e+03	7.432e-22	2.7826e+01	1.0322e+01	7.0067e-09	6.3004e-01	3.6996e-01	1.0000e+00	2.1141e-08	6.3671e-23	1.4096e-12	1.3721e-04	9.9203e-01	7.8326e-03	1.1755e-36	6.8436e-01	3.1564e-01	4.1827e-14	1.1755e-36	1.1755e-36	1.1755e-36	6.4614e-19	0.00e+00	0.00e+00	2.6688e+01
2.66448e+19	4.6032e+03	7.095e-22	2.7826e+01	9.9854e+00	8.0720e-09	6.4180e-01	3.5820e-01	1.0000e+00	2.0331e-08	6.2425e-23	1.4561e-12	1.3344e-04	9.9235e-01	7.5203e-03	1.1755e-36	6.9544e-01	3.0456e-01	3.9397e-14	1.1755e-36	1.1755e-36	1.1755e-36	6.8275e-19	0.00e+00	0.00e+00	2.6957e+01
2.66472e+19	4.4906e+03	6.767e-22	2.7826e+01	9.6489e+00	9.3527e-09	6.5390e-01	3.4610e-01	1.0000e+00	1.9519e-08	6.1059e-23	1.5049e-12	1.2975e-04	9.9266e-01	7.2054e-03	1.1755e-36	7.0681e-01	2.9319e-01	3.7054e-14	1.1755e-36	1.1755e-36	1.1755e-36	7.2281e-19	0.00e+00	0.00e+00	2.7233e+01
2.66495e+19	4.3758e+03	6.450e-22	2.7826e+01	9.3168e+00	1.0758e-08	6.6584e-01	3.3416e-01	1.0000e+00	1.8701e-08	5.9607e-23	1.5517e-12	1.2613e-04	9.9297e-01	6.9016e-03	1.1755e-36	7.1796e-01	2.8204e-01	3.4863e-14	1.1755e-36	1.1755e-36	1.1755e-36	7.6207e-19	0.00e+00	0.00e+00	2.7506e+01
2.66516e+19	4.2750e+03	6.187e-22	2.7826e+01	9.0345e+00	1.2047e-08	6.7598e-01	3.2402e-01	1.0000e+00	1.7929e-08	5.8077e-23	1.5895e-12	1.2308e-04	9.9323e-01	6.6481e-03	1.1755e-36	7.2739e-01	2.7261e-01	3.3095e-14	1.1755e-36	1.1755e-36	1.1755e-36	7.9369e-19	0.00e+00	0.00e+00	2.7718e+01
2.66533e+19	4.1822e+03	5.967e-22	2.7826e+01	8.7934e+00	1.3248e-08	6.8482e-01	3.1518e-01	1.0000e+00	1.7476e-08	5.7367e-23	1.6209e-12	1.2053e-04	9.9345e-01	6.4311e-03	1.1755e-36	7.3559e-01	2.6441e-01	3.1625e-14	1.1755e-36	1.1755e-36	1.1755e-36	8.1938e-19	0.00e+00	0.00e+00	2.7918e+01
2.66551e+19	4.0756e+03	5.741e-22	2.7826e+01	8.5237e+00	1.4560e-08	6.9375e-01	3.0625e-01	1.0000e+00	1.6991e-08	5.6617e-23	1.6454e-12	1.1771e-04	9.9367e-01	6.2171e-03	1.1755e-36	7.4387e-01	2.5613e-01	3.0212e-14	1.1755e-36	1.1755e-36	1.1755e-36	8.3649e-19	0.00e+00	0.00e+00	2.8142e+01
2.66570e+19	3.9839e+03	5.496e-22	2.7826e+01	8.2682e+00	1.5722e-08	7.0352e-01	2.9648e-01	1.0000e+00	1.6392e-08	5.5513e-23	1.6746e-12	1.1498e-04	9.9390e-01	5.9848e-03	1.1755e-36	7.5283e-01	2.4717e-01	2.8641e-14	1.1755e-36	1.1755e-36	1.1755e-36	8.5637e-19	0.00e+00	0.00e+00	2.8394e+01
###########################
2.00159e+14	6.3107e+03	2.626e-21	2.7826e+01	3.0249e+01	9.8083e-16	6.1934e-04	9.9938e-01	3.3425e-03	9.8690e-01	9.7573e-03	1.6771e-20	9.6450e-06	5.8554e-02	9.3714e-01	4.2980e-03	7.0365e-05	1.6428e-01	8.3146e-01	4.1940e-03	1.1755e-36	1.1755e-36	1.5904e-28	0.00e+00	0.00e+00	4.3550e-05
1.20095e+15	6.3099e+03	2.626e-21	2.7826e+01	3.0247e+01	9.8203e-16	6.1928e-04	9.9938e-01	3.3424e-03	9.8691e-01	9.7497e-03	1.6773e-20	9.6241e-06	5.8571e-02	9.3711e-01	4.3044e-03	7.0319e-05	1.6418e-01	8.3157e-01	4.1793e-03	1.1755e-36	1.1755e-36	1.5911e-28	0.00e+00	0.00e+00	2.1774e-04
5.20413e+15	6.3077e+03	2.625e-21	2.7826e+01	3.0247e+01	9.8402e-16	6.1927e-04	9.9938e-01	3.3429e-03	9.8697e-01	9.6875e-03	1.6777e-20	9.6338e-06	5.8611e-02	9.3708e-01	4.2951e-03	7.0292e-05	1.6411e-01	8.3170e-01	4.1186e-03	1.1755e-36	1.1755e-36	1.5904e-28	0.00e+00	0.00e+00	9.1447e-04
2.12169e+16	6.3020e+03	2.623e-21	2.7826e+01	3.0246e+01	9.8615e-16	6.1933e-04	9.9938e-01	3.3465e-03	9.8729e-01	9.3630e-03	1.6747e-20	9.6613e-06	5.8686e-02	9.3704e-01	4.2629e-03	7.0318e-05	1.6408e-01	8.3197e-01	3.8850e-03	1.1755e-36	1.1755e-36	1.5800e-28	0.00e+00	0.00e+00	3.7017e-03
5.06803e+16	6.2882e+03	2.615e-21	2.7826e+01	3.0245e+01	9.9168e-16	6.1734e-04	9.9938e-01	3.3459e-03	9.8748e-01	9.1728e-03	1.6606e-20	9.6554e-06	5.8693e-02	9.3706e-01	4.2369e-03	6.9995e-05	1.6370e-01	8.3266e-01	3.5668e-03	1.1755e-36	1.1755e-36	1.5602e-28	0.00e+00	0.00e+00	7.3134e-03
8.89827e+16	6.2706e+03	2.606e-21	2.7826e+01	3.0244e+01	9.9795e-16	6.1560e-04	9.9938e-01	3.3486e-03	9.8800e-01	8.6517e-03	1.6459e-20	9.6586e-06	5.8731e-02	9.3708e-01	4.1837e-03	6.9807e-05	1.6353e-01	8.3321e-01	3.1822e-03	1.1755e-36	1.1755e-36	1.5340e-28	0.00e+00	0.00e+00	1.1995e-02
1.38776e+17	6.2479e+03	2.597e-21	2.7826e+01	3.0243e+01	1.0068e-15	6.1399e-04	9.9939e-01	3.3544e-03	9.8883e-01	7.8153e-03	1.6316e-20	9.6493e-06	5.8807e-02	9.3708e-01	4.1048e-03	6.9758e-05	1.6362e-01	8.3358e-01	2.7346e-03	1.1755e-36	1.1755e-36	1.5035e-28	0.00e+00	0.00e+00	1.8066e-02
2.03507e+17	6.2274e+03	2.584e-21	2.7826e+01	3.0241e+01	1.0139e-15	6.1194e-04	9.9939e-01	3.3610e-03	9.8995e-01	6.6850e-03	1.6192e-20	9.6608e-06	5.8885e-02	9.3710e-01	4.0041e-03	6.9776e-05	1.6389e-01	8.3380e-01	2.2383e-03	1.1755e-36	1.1755e-36	1.4764e-28	0.00e+00	0.00e+00	2.5932e-02
2.87657e+17	6.2011e+03	2.569e-21	2.7826e+01	3.0237e+01	1.0271e-15	6.1000e-04	9.9939e-01	3.3712e-03	9.9131e-01	5.3206e-03	1.6137e-20	9.6964e-06	5.9014e-02	9.3709e-01	3.8812e-03	7.0021e-05	1.6460e-01	8.3361e-01	1.7185e-03	1.1755e-36	1.1755e-36	1.4546e-28	0.00e+00	0.00e+00	3.6124e-02
3.97053e+17	6.1695e+03	2.553e-21	2.7826e+01	3.0233e+01	1.0398e-15	6.0817e-04	9.9939e-01	3.3852e-03	9.9276e-01	3.8595e-03	1.6063e-20	9.7213e-06	5.9209e-02	9.3704e-01	3.7448e-03	7.0554e-05	1.6584e-01	8.3288e-01	1.2146e-03	1.1755e-36	1.1755e-36	1.4208e-28	0.00e+00	0.00e+00	4.9335e-02
5.39267e+17	6.1324e+03	2.533e-21	2.7826e+01	3.0230e+01	1.0624e-15	6.0653e-04	9.9939e-01	3.4033e-03	9.9411e-01	2.4897e-03	1.6130e-20	9.7594e-06	5.9482e-02	9.3690e-01	3.6054e-03	7.1397e-05	1.6762e-01	8.3154e-01	7.7255e-04	1.1755e-36	1.1755e-36	1.4031e-28	0.00e+00	0.00e+00	6.6463e-02
7.24146e+17	6.0888e+03	2.511e-21	2.7826e+01	3.0227e+01	1.0863e-15	6.0532e-04	9.9939e-01	3.4267e-03	9.9518e-01	1.3885e-03	1.6184e-20	9.8173e-06	5.9863e-02	9.3665e-01	3.4719e-03	7.2589e-05	1.6994e-01	8.2956e-01	4.3033e-04	1.1755e-36	1.1755e-36	1.3721e-28	0.00e+00	0.00e+00	8.8685e-02
9.64488e+17	6.0382e+03	2.487e-21	2.7826e+01	3.0225e+01	1.1191e-15	6.0480e-04	9.9940e-01	3.4572e-03	9.9589e-01	6.4870e-04	1.6325e-20	9.9031e-06	6.0388e-02	9.3625e-01	3.3477e-03	7.4162e-05	1.7275e-01	8.2698e-01	2.0351e-04	1.1755e-36	1.1755e-36	1.3437e-28	0.00e+00	0.00e+00	1.1755e-01
1.27693e+18	5.9804e+03	2.459e-21	2.7826e+01	3.0224e+01	1.1616e-15	6.0538e-04	9.9939e-01	3.4979e-03	9.9626e-01	2.4529e-04	1.6559e-20	1.0029e-05	6.1106e-02	9.3566e-01	3.2279e-03	7.6213e-05	1.7608e-01	8.2376e-01	7.8991e-05	1.1755e-36	1.1755e-36	1.3160e-28	0.00e+00	0.00e+00	1.5511e-01
1.68311e+18	5.9162e+03	2.430e-21	2.7826e+01	3.0223e+01	1.2178e-15	6.0767e-04	9.9939e-01	3.5537e-03	9.9637e-01	7.2532e-05	1.6966e-20	1.0216e-05	6.2092e-02	9.3480e-01	3.1021e-03	7.8952e-05	1.8016e-01	8.1974e-01	2.4357e-05	1.1755e-36	1.1755e-36	1.2956e-28	0.00e+00	0.00e+00	2.0412e-01
2.21114e+18	5.8470e+03	2.397e-21	2.7826e+01	3.0223e+01	1.2856e-15	6.1262e-04	9.9939e-01	3.6316e-03	9.9635e-01	1.6360e-05	1.7569e-20	1.0491e-05	6.3454e-02	9.3358e-01	2.9590e-03	8.2731e-05	1.8531e-01	8.1460e-01	5.8354e-06	1.1755e-36	1.1755e-36	1.2766e-28	0.00e+00	0.00e+00	2.6835e-01
2.89758e+18	5.7764e+03	2.363e-21	2.7826e+01	3.0222e+01	1.3699e-15	6.2160e-04	9.9938e-01	3.7423e-03	9.9625e-01	2.8293e-06	1.8551e-20	1.0899e-05	6.5355e-02	9.3184e-01	2.7898e-03	8.8082e-05	1.9203e-01	8.0788e-01	1.0906e-06	1.1755e-36	1.1755e-36	1.2720e-28	0.00e+00	0.00e+00	3.5308e-01
3.78996e+18	5.7100e+03	2.327e-21	2.7826e+01	3.0221e+01	1.4747e-15	6.3681e-04	9.9936e-01	3.9024e-03	9.9610e-01	3.9509e-07	2.0198e-20	1.1509e-05	6.8050e-02	9.2935e-01	2.5883e-03	9.5869e-05	2.0101e-01	7.9889e-01	1.6542e-07	1.1755e-36	1.1755e-36	1.2972e-28	0.00e+00	0.00e+00	4.6592e-01
4.95004e+18	5.6599e+03	2.290e-21	2.7826e+01	3.0220e+01	1.6038e-15	6.6158e-04	9.9934e-01	4.1394e-03	9.9586e-01	4.7609e-08	2.3114e-20	1.2432e-05	7.1943e-02	9.2569e-01	2.3512e-03	1.0757e-04	2.1328e-01	7.8662e-01	1.1755e-36	1.1755e-36	1.1755e-36	1.3873e-28	0.00e+00	0.00e+00	6.1832e-01
6.45815e+18	5.6267e+03	2.258e-21	2.7826e+01	3.0217e+01	1.7879e-15	7.0353e-04	9.9930e-01	4.5097e-03	9.9549e-01	5.0521e-09	2.8654e-20	1.3941e-05	7.7906e-02	9.2001e-01	2.0689e-03	1.2655e-04	2.3101e-01	7.6886e-01	1.1755e-36	1.1755e-36	1.1755e-36	1.6001e-28	0.00e+00	0.00e+00	8.2900e-01
7.67609e+18	5.5973e+03	2.226e-21	2.7826e+01	3.0215e+01	1.8487e-15	7.3043e-04	9.9927e-01	4.7839e-03	9.9522e-01	9.7497e-10	3.1204e-20	1.5020e-05	8.2312e-02	9.1579e-01	1.8803e-03	1.4129e-04	2.4461e-01	7.5525e-01	1.1755e-36	1.1755e-36	1.1755e-36	1.5930e-28	0.00e+00	0.00e+00	9.2280e-01
8.44370e+18	5.6316e+03	2.215e-21	2.7826e+01	3.0214e+01	1.8977e-15	7.5842e-04	9.9924e-01	5.0308e-03	9.9497e-01	4.0403e-10	3.5767e-20	1.6042e-05	8.6098e-02	9.1212e-01	1.7630e-03	1.5444e-04	2.5498e-01	7.4487e-01	1.1755e-36	1.1755e-36	1.1755e-36	1.7955e-28	0.00e+00	0.00e+00	1.0299e+00
9.28807e+18	5.6713e+03	2.208e-21	2.7826e+01	3.0212e+01	1.9629e-15	7.9385e-04	9.9921e-01	5.3430e-03	9.9466e-01	1.6402e-10	4.2071e-20	1.7326e-05	9.0787e-02	9.0756e-01	1.6380e-03	1.7141e-04	2.6748e-01	7.3235e-01	1.1755e-36	1.1755e-36	1.1755e-36	2.0699e-28	0.00e+00	0.00e+00	1.1533e+00
1.02169e+19	5.7305e+03	2.202e-21	2.7826e+01	3.0209e+01	2.0428e-15	8.3790e-04	9.9916e-01	5.7375e-03	9.9426e-01	6.5317e-11	5.1568e-20	1.8975e-05	9.6626e-02	9.0185e-01	1.5068e-03	1.9348e-04	2.8260e-01	7.1721e-01	1.1755e-36	1.1755e-36	1.1755e-36	2.5130e-28	0.00e+00	0.00e+00	1.2965e+00
1.12386e+19	5.8000e+03	2.201e-21	2.7826e+01	3.0206e+01	2.1714e-15	8.9507e-04	9.9910e-01	6.2592e-03	9.9374e-01	2.5478e-11	6.6628e-20	2.1134e-05	1.0417e-01	8.9444e-01	1.3663e-03	2.2353e-04	3.0152e-01	6.9826e-01	1.1755e-36	1.1755e-36	1.1755e-36	3.2392e-28	0.00e+00	0.00e+00	1.4648e+00
1.23624e+19	5.9111e+03	2.199e-21	2.7826e+01	3.0202e+01	2.2846e-15	9.6705e-04	9.9903e-01	6.9517e-03	9.9305e-01	9.7704e-12	9.0751e-20	2.3988e-05	1.1388e-01	8.8487e-01	1.2210e-03	2.6450e-04	3.2494e-01	6.7480e-01	1.1755e-36	1.1755e-36	1.1755e-36	4.4371e-28	0.00e+00	0.00e+00	1.6648e+00
1.35987e+19	6.0443e+03	2.202e-21	2.7826e+01	3.0196e+01	2.4645e-15	1.0639e-03	9.9894e-01	7.9371e-03	9.9206e-01	3.6736e-12	1.3377e-19	2.7962e-05	1.2715e-01	8.7176e-01	1.0655e-03	3.2447e-04	3.5557e-01	6.4410e-01	1.1755e-36	1.1755e-36	1.1755e-36	6.6139e-28	0.00e+00	0.00e+00	1.9068e+00
1.48273e+19	6.2020e+03	2.211e-21	2.7826e+01	3.0189e+01	2.6657e-15	1.1815e-03	9.9882e-01	9.2415e-03	9.9076e-01	1.4974e-12	2.0541e-19	3.3044e-05	1.4382e-01	8.5523e-01	9.1886e-04	4.0555e-04	3.9228e-01	6.0731e-01	1.1755e-36	1.1755e-36	1.1755e-36	1.0277e-27	0.00e+00	0.00e+00	2.1480e+00
1.58275e+19	6.3540e+03	2.223e-21	2.7826e+01	3.0181e+01	2.8558e-15	1.2992e-03	9.9870e-01	1.0695e-02	9.8931e-01	7.6445e-13	3.0410e-19	3.8412e-05	1.6124e-01	8.3792e-01	8.0368e-04	4.9598e-04	4.2874e-01	5.7076e-01	1.1755e-36	1.1755e-36	1.1755e-36	1.5354e-27	0.00e+00	0.00e+00	2.3393e+00
1.65818e+19	6.4793e+03	2.234e-21	2.7826e+01	3.0174e+01	3.0495e-15	1.4064e-03	9.9859e-01	1.2163e-02	9.8784e-01	4.7197e-13	4.2513e-19	4.3586e-05	1.7783e-01	8.2141e-01	7.1567e-04	5.8621e-04	4.6139e-01	5.3803e-01	1.1755e-36	1.1755e-36	1.1755e-36	2.1607e-27	0.00e+00	0.00e+00	2.5049e+00
1.72385e+19	6.5938e+03	2.245e-21	2.7826e+01	3.0166e+01	3.2746e-15	1.5160e-03	9.9848e-01	1.3816e-02	9.8618e-01	3.1284e-13	5.8706e-19	4.9124e-05	1.9543e-01	8.0389e-01	6.3770e-04	6.8569e-04	4.9391e-01	5.0541e-01	1.1755e-36	1.1755e-36	1.1755e-36	3.0013e-27	0.00e+00	0.00e+00	2.6763e+00
1.79784e+19	6.7244e+03	2.258e-21	2.7826e+01	3.0156e+01	3.6332e-15	1.6626e-03	9.9834e-01	1.6287e-02	9.8371e-01	1.9746e-13	8.7898e-19	5.6879e-05	2.1979e-01	7.7960e-01	5.4771e-04	8.2885e-04	5.3544e-01	4.6373e-01	1.1755e-36	1.1755e-36	1.1755e-36	4.5315e-27	0.00e+00	0.00e+00	2.9205e+00
1.87271e+19	6.8751e+03	2.276e-21	2.7826e+01	3.0141e+01	4.0209e-15	1.8382e-03	9.9816e-01	1.9780e-02	9.8022e-01	1.2861e-13	1.3531e-18	6.6780e-05	2.5077e-01	7.4870e-01	4.6136e-04	1.0180e-03	5.8458e-01	4.1440e-01	1.1755e-36	1.1755e-36	1.1755e-36	6.9520e-27	0.00e+00	0.00e+00	3.1340e+00
1.92894e+19	6.9973e+03	2.291e-21	2.7826e+01	3.0127e+01	4.3988e-15	1.9975e-03	9.9800e-01	2.3660e-02	9.7634e-01	9.4749e-14	1.9421e-18	7.6444e-05	2.8092e-01	7.1861e-01	3.9539e-04	1.2047e-03	6.2779e-01	3.7100e-01	1.1755e-36	1.1755e-36	1.1755e-36	9.9059e-27	0.00e+00	0.00e+00	3.2967e+00
1.97139e+19	7.0789e+03	2.307e-21	2.7826e+01	3.0112e+01	4.8130e-15	2.1401e-03	9.9786e-01	2.7760e-02	9.7224e-01	7.5164e-14	2.6197e-18	8.5522e-05	3.0903e-01	6.9054e-01	3.4366e-04	1.3808e-03	6.6421e-01	3.3440e-01	1.1755e-36	1.1755e-36	1.1755e-36	1.3227e-26	0.00e+00	0.00e+00	3.4416e+00
2.00734e+19	7.1703e+03	2.315e-21	2.7826e+01	3.0097e+01	5.1430e-15	2.2713e-03	9.9773e-01	3.2368e-02	9.6763e-01	6.1932e-14	3.4122e-18	9.4459e-05	3.3675e-01	6.6286e-01	3.0066e-04	1.5538e-03	6.9725e-01	3.0119e-01	1.1755e-36	1.1755e-36	1.1755e-36	1.7075e-26	0.00e+00	0.00e+00	3.5747e+00
2.03910e+19	7.2468e+03	2.325e-21	2.7826e+01	3.0084e+01	5.5081e-15	2.4020e-03	9.9760e-01	3.7941e-02	9.6206e-01	5.2187e-14	4.3674e-18	1.0377e-04	3.6534e-01	6.3429e-01	2.6220e-04	1.7326e-03	7.2864e-01	2.6963e-01	1.1755e-36	1.1755e-36	1.1755e-36	2.1602e-26	0.00e+00	0.00e+00	3.7019e+00
2.06731e+19	7.2999e+03	2.338e-21	2.7826e+01	3.0063e+01	5.9732e-15	2.5353e-03	9.9746e-01	4.4577e-02	9.5542e-01	4.4686e-14	5.5324e-18	1.1352e-04	3.9527e-01	6.0439e-01	2.2742e-04	1.9197e-03	7.5859e-01	2.3949e-01	1.1755e-36	1.1755e-36	1.1755e-36	2.7002e-26	0.00e+00	0.00e+00	3.8189e+00
2.09171e+19	7.3609e+03	2.345e-21	2.7826e+01	3.0040e+01	6.3505e-15	2.6578e-03	9.9734e-01	5.2258e-02	9.4774e-01	3.9060e-14	6.8165e-18	1.2297e-04	4.2438e-01	5.7530e-01	1.9789e-04	2.1001e-03	7.8584e-01	2.1206e-01	1.1755e-36	1.1755e-36	1.1755e-36	3.2819e-26	0.00e+00	0.00e+00	3.9241e+00
2.11278e+19	7.4084e+03	2.353e-21	2.7826e+01	3.0016e+01	6.7530e-15	2.7743e-03	9.9723e-01	6.1198e-02	9.3880e-01	3.4645e-14	8.2359e-18	1.3221e-04	4.5275e-01	5.4695e-01	1.7231e-04	2.2757e-03	8.1056e-01	1.8716e-01	1.1755e-36	1.1755e-36	1.1755e-36	3.9122e-26	0.00e+00	0.00e+00	4.0197e+00
2.13118e+19	7.4483e+03	2.360e-21	2.7826e+01	2.9987e+01	7.1562e-15	2.8845e-03	9.9712e-01	7.1669e-02	9.2833e-01	3.1069e-14	9.7740e-18	1.4115e-04	4.8023e-01	5.1948e-01	1.5007e-04	2.4457e-03	8.3306e-01	1.6449e-01	1.1755e-36	1.1755e-36	1.1755e-36	4.5813e-26	0.00e+00	0.00e+00	4.1069e+00
2.14731e+19	7.4834e+03	2.366e-21	2.7826e+01	2.9956e+01	7.5468e-15	2.9877e-03	9.9701e-01	8.3947e-02	9.1605e-01	2.8102e-14	1.1408e-17	1.4972e-04	5.0659e-01	4.9313e-01	1.3077e-04	2.6086e-03	8.5350e-01	1.4389e-01	1.1755e-36	1.1755e-36	1.1755e-36	5.2783e-26	0.00e+00	0.00e+00	4.1860e+00
2.16145e+19	7.5134e+03	2.371e-21	2.7826e+01	2.9919e+01	7.9265e-15	3.0835e-03	9.9692e-01	9.8309e-02	9.0169e-01	2.5588e-14	1.3110e-17	1.5781e-04	5.3154e-01	4.6819e-01	1.1407e-04	2.7631e-03	8.7197e-01	1.2527e-01	1.1755e-36	1.1755e-36	1.1755e-36	5.9917e-26	0.00e+00	0.00e+00	4.2575e+00
2.17383e+19	7.5394e+03	2.374e-21	2.7826e+01	2.9878e+01	8.2920e-15	3.1717e-03	9.9683e-01	1.1504e-01	8.8496e-01	2.3412e-14	1.4851e-17	1.6534e-04	5.5483e-01	4.4490e-01	9.9660e-05	2.9078e-03	8.8856e-01	1.0853e-01	1.1755e-36	1.1755e-36	1.1755e-36	6.7123e-26	0.00e+00	0.00e+00	4.3220e+00
2.18472e+19	7.5577e+03	2.378e-21	2.7826e+01	2.9839e+01	8.6637e-15	3.2544e-03	9.9675e-01	1.3474e-01	8.6526e-01	2.1513e-14	1.6616e-17	1.7234e-04	5.7646e-01	4.2328e-01	8.7139e-05	3.0444e-03	9.0347e-01	9.3481e-02	1.1755e-36	1.1755e-36	1.1755e-36	7.4273e-26	0.00e+00	0.00e+00	4.3803e+00
2.19428e+19	7.5784e+03	2.377e-21	2.7826e+01	2.9776e+01	8.9787e-15	3.3267e-03	9.9667e-01	1.5718e-01	8.4282e-01	1.9749e-14	1.8331e-17	1.7855e-04	5.9608e-01	4.0367e-01	7.6466e-05	3.1677e-03	9.1670e-01	8.0137e-02	1.1755e-36	1.1755e-36	1.1755e-36	8.1112e-26	0.00e+00	0.00e+00	4.4325e+00
2.20277e+19	7.5944e+03	2.377e-21	2.7826e+01	2.9724e+01	9.2850e-15	3.3943e-03	9.9661e-01	1.8348e-01	8.1652e-01	1.8163e-14	2.0022e-17	1.8423e-04	6.1397e-01	3.8578e-01	6.7138e-05	3.2829e-03	9.2852e-01	6.8196e-02	1.1755e-36	1.1755e-36	1.1755e-36	8.7712e-26	0.00e+00	0.00e+00	4.4805e+00
2.21041e+19	7.6072e+03	2.374e-21	2.7826e+01	2.9657e+01	9.5864e-15	3.4560e-03	9.9654e-01	2.1408e-01	7.8592e-01	1.6633e-14	2.1686e-17	1.8930e-04	6.3022e-01	3.6954e-01	5.8972e-05	3.3893e-03	9.3909e-01	5.7517e-02	1.1755e-36	1.1755e-36	1.1755e-36	9.4117e-26	0.00e+00	0.00e+00	4.5243e+00
2.21726e+19	7.6166e+03	2.370e-21	2.7826e+01	2.9576e+01	9.8849e-15	3.5120e-03	9.9649e-01	2.4938e-01	7.5062e-01	1.5146e-14	2.3301e-17	1.9371e-04	6.4472e-01	3.5503e-01	5.1842e-05	3.4863e-03	9.4843e-01	4.8082e-02	1.1755e-36	1.1755e-36	1.1755e-36	1.0025e-25	0.00e+00	0.00e+00	4.5643e+00
2.22345e+19	7.6249e+03	2.362e-21	2.7826e+01	2.9484e+01	1.0156e-14	3.5621e-03	9.9644e-01	2.8987e-01	7.1013e-01	1.3684e-14	2.4829e-17	1.9750e-04	6.5754e-01	3.4222e-01	4.5596e-05	3.5740e-03	9.5662e-01	3.9805e-02	1.1755e-36	1.1755e-36	1.1755e-36	1.0585e-25	0.00e+00	0.00e+00	4.6012e+00
2.22913e+19	7.6280e+03	2.353e-21	2.7826e+01	2.9377e+01	1.0449e-14	3.6086e-03	9.9639e-01	3.3631e-01	6.6369e-01	1.2222e-14	2.6320e-17	2.0071e-04	6.6887e-01	3.3089e-01	4.0043e-05	3.6545e-03	9.6378e-01	3.2569e-02	1.1755e-36	1.1755e-36	1.1755e-36	1.1122e-25	0.00e+00	0.00e+00	4.6358e+00
2.23441e+19	7.6299e+03	2.340e-21	2.7826e+01	2.9256e+01	1.0729e-14	3.6509e-03	9.9635e-01	3.8929e-01	6.1071e-01	1.0752e-14	2.7739e-17	2.0337e-04	6.7879e-01	3.2097e-01	3.5073e-05	3.7276e-03	9.6999e-01	2.6279e-02	1.1755e-36	1.1755e-36	1.1755e-36	1.1612e-25	0.00e+00	0.00e+00	4.6686e+00
2.23939e+19	7.6270e+03	2.325e-21	2.7826e+01	2.9119e+01	1.1031e-14	3.6910e-03	9.9631e-01	4.4931e-01	5.5069e-01	9.2642e-15	2.9117e-17	2.0553e-04	6.8745e-01	3.1231e-01	3.0562e-05	3.7953e-03	9.7534e-01	2.0861e-02	1.1755e-36	1.1755e-36	1.1755e-36	1.2067e-25	0.00e+00	0.00e+00	4.7001e+00
2.24418e+19	7.6218e+03	2.307e-21	2.7826e+01	2.8965e+01	1.1341e-14	3.7289e-03	9.9627e-01	5.1625e-01	4.8375e-01	7.7057e-15	3.0450e-17	2.0722e-04	6.9492e-01	3.0484e-01	2.6428e-05	3.8582e-03	9.7990e-01	1.6244e-02	1.1755e-36	1.1755e-36	1.1755e-36	1.2485e-25	0.00e+00	0.00e+00	4.7311e+00
2.24962e+19	7.6118e+03	2.279e-21	2.7826e+01	2.8741e+01	1.1715e-14	3.7687e-03	9.9623e-01	6.0032e-01	3.9968e-01	5.9801e-15	3.1876e-17	2.0835e-04	7.0200e-01	2.9776e-01	2.2009e-05	3.9231e-03	9.8419e-01	1.1887e-02	1.1755e-36	1.1755e-36	1.1755e-36	1.2889e-25	0.00e+00	0.00e+00	4.7718e+00
2.25553e+19	7.5952e+03	2.249e-21	2.7826e+01	2.8511e+01	1.2189e-14	3.8163e-03	9.9618e-01	6.9666e-01	3.0334e-01	4.2516e-15	3.3470e-17	2.0930e-04	7.0835e-01	2.9143e-01	1.7726e-05	3.9946e-03	9.8787e-01	8.1382e-03	1.1755e-36	1.1755e-36	1.1755e-36	1.3346e-25	0.00e+00	0.00e+00	4.8097e+00
2.26101e+19	7.5749e+03	2.224e-21	2.7826e+01	2.8329e+01	1.2713e-14	3.8676e-03	9.9613e-01	7.8185e-01	2.1815e-01	2.8959e-15	3.5033e-17	2.1011e-04	7.1317e-01	2.8660e-01	1.4144e-05	4.0653e-03	9.9038e-01	5.5529e-03	1.1755e-36	1.1755e-36	1.1755e-36	1.3835e-25	0.00e+00	0.00e+00	4.8457e+00
2.26710e+19	7.5591e+03	2.199e-21	2.7826e+01	2.8139e+01	1.3243e-14	3.9253e-03	9.9607e-01	8.5824e-01	1.4176e-01	1.7755e-15	3.6600e-17	2.1062e-04	7.1713e-01	2.8264e-01	1.0742e-05	4.1415e-03	9.9227e-01	3.5910e-03	1.1755e-36	1.1755e-36	1.1755e-36	1.4344e-25	0.00e+00	0.00e+00	4.8932e+00
2.27501e+19	7.5452e+03	2.175e-21	2.7826e+01	2.7937e+01	1.3875e-14	4.0050e-03	9.9599e-01	9.2437e-01	7.5630e-02	8.7736e-16	3.8403e-17	2.1112e-04	7.2087e-01	2.7891e-01	7.3622e-06	4.2423e-03	9.9373e-01	2.0268e-03	1.1755e-36	1.1755e-36	1.1755e-36	1.4974e-25	0.00e+00	0.00e+00	4.9561e+00
2.28530e+19	7.5400e+03	2.166e-21	2.7826e+01	2.7828e+01	1.4741e-14	4.1286e-03	9.9587e-01	9.6815e-01	3.1847e-02	3.4234e-16	4.1102e-17	2.1260e-04	7.2511e-01	2.7467e-01	4.3864e-06	4.3916e-03	9.9464e-01	9.6631e-04	1.1755e-36	1.1755e-36	1.1755e-36	1.6193e-25	0.00e+00	0.00e+00	5.0405e+00
2.29867e+19	7.5409e+03	2.170e-21	2.7826e+01	2.7759e+01	1.6004e-14	4.3067e-03	9.9569e-01	9.8939e-01	1.0614e-02	1.0399e-16	4.5070e-17	2.1486e-04	7.3002e-01	2.6976e-01	2.2081e-06	4.6031e-03	9.9502e-01	3.7896e-04	1.1755e-36	1.1755e-36	1.1755e-36	1.8261e-25	0.00e+00	0.00e+00	5.1549e+00
2.31605e+19	7.5558e+03	2.186e-21	2.7826e+01	2.7729e+01	1.7859e-14	4.5618e-03	9.9544e-01	9.9715e-01	2.8532e-03	2.5101e-17	5.1313e-17	2.1811e-04	7.3624e-01	2.6354e-01	9.0553e-07	4.9046e-03	9.9498e-01	1.1883e-04	1.1755e-36	1.1755e-36	1.1755e-36	2.1897e-25	0.00e+00	0.00e+00	5.3124e+00
2.33866e+19	7.5788e+03	2.213e-21	2.7826e+01	2.7717e+01	2.0837e-14	4.9382e-03	9.9506e-01	9.9938e-01	6.2443e-04	4.8207e-18	6.1589e-17	2.2261e-04	7.4457e-01	2.5521e-01	2.8707e-07	5.3498e-03	9.9462e-01	2.8896e-05	1.1755