#depth	Te	Htot	hden	eden	2H_2/H	HI	HII	HeI	HeII	HeIII	CO/C	C1	C2	C3	C4	O1	O2	O3	O4	O5	O6	H2O/O	AV(point)	AV(extend)	Tau912
1.93338e+14	6.7237e+03	2.366e-21	2.7826e+01	3.0003e+01	4.2281e-13	5.7069e-03	9.9429e-01	3.4999e-02	9.6439e-01	6.1263e-04	6.4389e-16	6.4635e-04	4.0188e-01	5.9733e-01	1.3709e-04	5.2835e-03	8.1118e-01	1.8352e-01	2.5568e-05	1.1755e-36	1.1755e-36	3.5784e-24	0.00e+00	0.00e+00	3.8772e-04
1.16003e+15	6.7200e+03	2.365e-21	2.7826e+01	2.9995e+01	4.2362e-13	5.7043e-03	9.9430e-01	3.5003e-02	9.6439e-01	6.1199e-04	6.4306e-16	6.4517e-04	4.0192e-01	5.9730e-01	1.3736e-04	5.2809e-03	8.1114e-01	1.8355e-01	2.5488e-05	1.1755e-36	1.1755e-36	3.5697e-24	0.00e+00	0.00e+00	1.9379e-03
5.02679e+15	6.7106e+03	2.361e-21	2.7826e+01	2.9994e+01	4.2666e-13	5.7037e-03	9.9430e-01	3.5057e-02	9.6434e-01	6.0733e-04	6.4366e-16	6.4432e-04	4.0233e-01	5.9689e-01	1.3688e-04	5.2833e-03	8.1141e-01	1.8329e-01	2.5079e-05	1.1755e-36	1.1755e-36	3.5653e-24	0.00e+00	0.00e+00	8.1379e-03
2.04938e+16	6.6924e+03	2.347e-21	2.7826e+01	2.9992e+01	4.3399e-13	5.7113e-03	9.9429e-01	3.5285e-02	9.6413e-01	5.8520e-04	6.4864e-16	6.4576e-04	4.0401e-01	5.9521e-01	1.3490e-04	5.3035e-03	8.1269e-01	1.8199e-01	2.3465e-05	1.1755e-36	1.1755e-36	3.5733e-24	0.00e+00	0.00e+00	3.2971e-02
4.89532e+16	6.6127e+03	2.303e-21	2.7826e+01	2.9993e+01	4.5066e-13	5.6453e-03	9.9435e-01	3.5433e-02	9.6400e-01	5.6700e-04	6.3438e-16	6.4152e-04	4.0542e-01	5.9380e-01	1.3271e-04	5.2571e-03	8.1373e-01	1.8099e-01	2.1546e-05	1.1755e-36	1.1755e-36	3.4065e-24	0.00e+00	0.00e+00	6.4881e-02
8.59504e+16	6.5326e+03	2.261e-21	2.7826e+01	2.9994e+01	4.7306e-13	5.6070e-03	9.9439e-01	3.5755e-02	9.6372e-01	5.2897e-04	6.2870e-16	6.4226e-04	4.0802e-01	5.9121e-01	1.2909e-04	5.2445e-03	8.1575e-01	1.7899e-01	1.9066e-05	1.1755e-36	1.1755e-36	3.2949e-24	0.00e+00	0.00e+00	1.0608e-01
1.34047e+17	6.4481e+03	2.219e-21	2.7826e+01	2.9993e+01	5.0378e-13	5.5943e-03	9.9441e-01	3.6291e-02	9.6324e-01	4.7254e-04	6.3131e-16	6.4726e-04	4.1206e-01	5.8717e-01	1.2400e-04	5.2655e-03	8.1889e-01	1.7583e-01	1.6104e-05	1.1755e-36	1.1755e-36	3.2292e-24	0.00e+00	0.00e+00	1.5952e-01
1.96572e+17	6.3580e+03	2.176e-21	2.7826e+01	2.9990e+01	5.4630e-13	5.6147e-03	9.9439e-01	3.7121e-02	9.6248e-01	3.9928e-04	6.4457e-16	6.5755e-04	4.1804e-01	5.8119e-01	1.1731e-04	5.3302e-03	8.2345e-01	1.7121e-01	1.2798e-05	1.1755e-36	1.1755e-36	3.2169e-24	0.00e+00	0.00e+00	2.2925e-01
2.77855e+17	6.2627e+03	2.133e-21	2.7826e+01	2.9985e+01	6.0663e-13	5.6831e-03	9.9432e-01	3.8381e-02	9.6130e-01	3.1392e-04	6.7409e-16	6.7524e-04	4.2674e-01	5.7248e-01	1.0892e-04	5.4571e-03	8.2984e-01	1.6470e-01	9.3854e-06	1.1755e-36	1.1755e-36	3.2856e-24	0.00e+00	0.00e+00	3.2100e-01
3.83522e+17	6.1657e+03	2.092e-21	2.7826e+01	2.9976e+01	6.9328e-13	5.8235e-03	9.9418e-01	4.0312e-02	9.5946e-01	2.2510e-04	7.2940e-16	7.0414e-04	4.3937e-01	5.5983e-01	9.8844e-05	5.6764e-03	8.3856e-01	1.5575e-01	6.1895e-06	1.1755e-36	1.1755e-36	3.4803e-24	0.00e+00	0.00e+00	4.4322e-01
5.20890e+17	6.0710e+03	2.055e-21	2.7826e+01	2.9961e+01	8.2334e-13	6.0792e-03	9.9392e-01	4.3332e-02	9.5652e-01	1.4371e-04	8.3051e-16	7.5045e-04	4.5784e-01	5.4132e-01	8.7071e-05	6.0416e-03	8.5027e-01	1.4369e-01	3.5461e-06	1.1755e-36	1.1755e-36	3.9025e-24	0.00e+00	0.00e+00	6.0909e-01
6.99469e+17	5.9858e+03	2.027e-21	2.7826e+01	2.9940e+01	1.0307e-12	6.5310e-03	9.9347e-01	4.8289e-02	9.5163e-01	7.9444e-05	1.0219e-15	8.2567e-04	4.8534e-01	5.1376e-01	7.3465e-05	6.6542e-03	8.6577e-01	1.2758e-01	1.6822e-06	1.1755e-36	1.1755e-36	4.7854e-24	0.00e+00	0.00e+00	8.4074e-01
8.97628e+17	5.9163e+03	2.009e-21	2.7826e+01	2.9908e+01	1.3235e-12	7.1533e-03	9.9285e-01	5.5224e-02	9.4474e-01	4.0821e-05	1.3168e-15	9.2413e-04	5.1934e-01	4.7968e-01	6.0323e-05	7.4808e-03	8.8236e-01	1.1016e-01	7.2456e-07	1.1755e-36	1.1755e-36	6.2179e-24	0.00e+00	0.00e+00	1.0851e+00
1.07685e+18	5.8893e+03	2.011e-21	2.7826e+01	2.9860e+01	1.6687e-12	7.9134e-03	9.9209e-01	6.3714e-02	9.3626e-01	2.2410e-05	1.7325e-15	1.0361e-03	5.5527e-01	4.4365e-01	4.9339e-05	8.4696e-03	8.9738e-01	9.4155e-02	3.2847e-07	1.1755e-36	1.1755e-36	8.3959e-24	0.00e+00	0.00e+00	1.3132e+00
1.22920e+18	5.8920e+03	2.027e-21	2.7826e+01	2.9814e+01	2.0625e-12	8.7817e-03	9.9122e-01	7.3727e-02	9.2626e-01	1.3565e-05	2.2927e-15	1.1553e-03	5.9096e-01	4.0785e-01	4.0350e-05	9.5858e-03	9.1023e-01	8.0182e-02	1.6190e-07	1.1755e-36	1.1755e-36	1.1556e-23	0.00e+00	0.00e+00	1.5303e+00
1.36154e+18	5.9085e+03	2.050e-21	2.7826e+01	2.9757e+01	2.5248e-12	9.7555e-03	9.9024e-01	8.5458e-02	9.1453e-01	8.7983e-06	3.0347e-15	1.2793e-03	6.2612e-01	3.7257e-01	3.2842e-05	1.0831e-02	9.2122e-01	6.7953e-02	1.1755e-36	1.1755e-36	1.1755e-36	1.6029e-23	0.00e+00	0.00e+00	1.7428e+00
1.48007e+18	5.9310e+03	2.079e-21	2.7826e+01	2.9699e+01	3.0919e-12	1.0866e-02	9.8913e-01	9.9697e-02	9.0030e-01	5.9793e-06	4.0360e-15	1.4095e-03	6.6129e-01	3.3727e-01	2.6395e-05	1.2247e-02	9.3071e-01	5.7039e-02	1.1755e-36	1.1755e-36	1.1755e-36	2.2471e-23	0.00e+00	0.00e+00	1.9587e+00
1.58911e+18	5.9591e+03	2.110e-21	2.7826e+01	2.9612e+01	3.7964e-12	1.2143e-02	9.8786e-01	1.1713e-01	8.8287e-01	4.1756e-06	5.4007e-15	1.5455e-03	6.9654e-01	3.0190e-01	2.0837e-05	1.3872e-02	9.3890e-01	4.7229e-02	1.1755e-36	1.1755e-36	1.1755e-36	3.1860e-23	0.00e+00	0.00e+00	2.1826e+00
1.69071e+18	5.9905e+03	2.146e-21	2.7826e+01	2.9524e+01	4.7039e-12	1.3643e-02	9.8636e-01	1.3951e-01	8.6049e-01	2.9843e-06	7.3211e-15	1.6890e-03	7.3214e-01	2.6616e-01	1.6027e-05	1.5777e-02	9.4585e-01	3.8373e-02	1.1755e-36	1.1755e-36	1.1755e-36	4.6038e-23	0.00e+00	0.00e+00	2.4182e+00
1.78572e+18	6.0268e+03	2.183e-21	2.7826e+01	2.9419e+01	5.8706e-12	1.5407e-02	9.8459e-01	1.6842e-01	8.3158e-01	2.1639e-06	1.0051e-14	1.8379e-03	7.6755e-01	2.3060e-01	1.1957e-05	1.8014e-02	9.5150e-01	3.0487e-02	1.1755e-36	1.1755e-36	1.1755e-36	6.7733e-23	0.00e+00	0.00e+00	2.6666e+00
1.87270e+18	6.0503e+03	2.224e-21	2.7826e+01	2.9279e+01	7.4837e-12	1.7471e-02	9.8253e-01	2.0534e-01	7.9466e-01	1.5842e-06	1.3924e-14	1.9850e-03	8.0159e-01	1.9642e-01	8.6550e-06	2.0623e-02	9.5566e-01	2.3719e-02	1.1755e-36	1.1755e-36	1.1755e-36	1.0065e-22	0.00e+00	0.00e+00	2.9189e+00
1.94913e+18	6.0886e+03	2.260e-21	2.7826e+01	2.9145e+01	9.3520e-12	1.9740e-02	9.8026e-01	2.5065e-01	7.4935e-01	1.1873e-06	1.9175e-14	2.1236e-03	8.3212e-01	1.6575e-01	6.1705e-06	2.3485e-02	9.5828e-01	1.8230e-02	1.1755e-36	1.1755e-36	1.1755e-36	1.4867e-22	0.00e+00	0.00e+00	3.1640e+00
2.01505e+18	6.1119e+03	2.293e-21	2.7826e+01	2.8967e+01	1.1738e-11	2.2192e-02	9.7781e-01	3.0403e-01	6.9596e-01	9.0150e-07	2.6111e-14	2.2446e-03	8.5840e-01	1.3935e-01	4.3659e-06	2.6569e-02	9.5950e-01	1.3933e-02	1.1755e-36	1.1755e-36	1.1755e-36	2.1551e-22	0.00e+00	0.00e+00	3.4025e+00
2.07300e+18	6.1390e+03	2.318e-21	2.7826e+01	2.8758e+01	1.4530e-11	2.4810e-02	9.7519e-01	3.6560e-01	6.3439e-01	6.8677e-07	3.5208e-14	2.3485e-03	8.8066e-01	1.1699e-01	3.0717e-06	2.9854e-02	9.5958e-01	1.0569e-02	1.1755e-36	1.1755e-36	1.1755e-36	3.0730e-22	0.00e+00	0.00e+00	3.6411e+00
2.12578e+18	6.1523e+03	2.336e-21	2.7826e+01	2.8469e+01	1.8178e-11	2.7698e-02	9.7230e-01	4.3628e-01	5.6372e-01	5.1433e-07	4.7440e-14	2.4343e-03	8.9960e-01	9.7965e-02	2.1340e-06	3.3467e-02	9.5863e-01	7.9077e-03	1.1755e-36	1.1755e-36	1.1755e-36	4.3397e-22	0.00e+00	0.00e+00	3.8885e+00
2.17532e+18	6.1803e+03	2.352e-21	2.7826e+01	2.8231e+01	2.2606e-11	3.1009e-02	9.6899e-01	5.1707e-01	4.8293e-01	3.7679e-07	6.5002e-14	2.5153e-03	9.1583e-01	8.1655e-02	1.4506e-06	3.7594e-02	9.5663e-01	5.7732e-03	1.1755e-36	1.1755e-36	1.1755e-36	6.2440e-22	0.00e+00	0.00e+00	4.1514e+00
2.22206e+18	6.1956e+03	2.359e-21	2.7826e+01	2.7881e+01	2.8566e-11	3.4778e-02	9.6522e-01	6.0332e-01	3.9668e-01	2.6509e-07	8.9507e-14	2.5755e-03	9.2911e-01	6.8309e-02	9.7356e-07	4.2279e-02	9.5359e-01	4.1286e-03	1.1755e-36	1.1755e-36	1.1755e-36	8.9622e-22	0.00e+00	0.00e+00	4.4278e+00
2.26680e+18	6.2095e+03	2.371e-21	2.7826e+01	2.7597e+01	3.6798e-11	3.9330e-02	9.6067e-01	6.9075e-01	3.0925e-01	1.7882e-07	1.2628e-13	2.6340e-03	9.4000e-01	5.7366e-02	6.4014e-07	4.7913e-02	9.4921e-01	2.8723e-03	1.1755e-36	1.1755e-36	1.1755e-36	1.3314e-21	0.00e+00	0.00e+00	4.7336e+00
2.31088e+18	6.2277e+03	2.378e-21	2.7826e+01	2.7268e+01	4.8122e-11	4.4890e-02	9.5511e-01	7.7220e-01	2.2780e-01	1.1420e-07	1.8079e-13	2.6800e-03	9.4867e-01	4.8652e-02	4.1365e-07	5.4768e-02	9.4330e-01	1.9365e-03	1.1755e-36	1.1755e-36	1.1755e-36	2.0308e-21	0.00e+00	0.00e+00	5.0798e+00
2.36137e+18	6.2585e+03	2.374e-21	2.7826e+01	2.6757e+01	6.6233e-11	5.2756e-02	9.4724e-01	8.4941e-01	1.5059e-01	6.3677e-08	2.7374e-13	2.7084e-03	9.5626e-01	4.1030e-02	2.4620e-07	6.4431e-02	9.3438e-01	1.1844e-03	1.1755e-36	1.1755e-36	1.1755e-36	3.3725e-21	0.00e+00	0.00e+00	5.6088e+00
2.41674e+18	6.2883e+03	2.384e-21	2.7826e+01	2.6289e+01	1.0062e-10	6.5020e-02	9.3498e-01	9.1062e-01	8.9382e-02	3.2008e-08	4.5245e-13	2.7412e-03	9.6280e-01	3.4462e-02	1.3470e-07	7.9405e-02	9.1994e-01	6.5750e-04	1.1755e-36	1.1755e-36	1.1755e-36	6.5609e-21	0.00e+00	0.00e+00	6.2220e+00
2.46561e+18	6.3259e+03	2.383e-21	2.7826e+01	2.5767e+01	1.5496e-10	8.0841e-02	9.1916e-01	9.4528e-01	5.4717e-02	1.7110e-08	7.4172e-13	2.7526e-03	9.6756e-01	2.9688e-02	1.1755e-36	9.8583e-02	9.0105e-01	3.7183e-04	1.1755e-36	1.1755e-36	1.1755e-36	1.3214e-20	0.00e+00	0.00e+00	6.8479e+00
2.50122e+18	6.3523e+03	2.369e-21	2.7826e+01	2.5258e+01	2.2613e-10	9.7496e-02	9.0250e-01	9.6164e-01	3.8355e-02	1.0981e-08	1.1185e-12	2.7446e-03	9.7075e-01	2.6503e-02	1.1755e-36	1.1862e-01	8.8115e-01	2.3781e-04	1.1755e-36	1.1755e-36	1.1755e-36	2.4208e-20	0.00e+00	0.00e+00	7.3133e+00
2.52470e+18	6.3738e+03	2.341e-21	2.7826e+01	2.4814e+01	2.9743e-10	1.1171e-01	8.8829e-01	9.6968e-01	3.0318e-02	8.2188e-09	1.5011e-12	2.7253e-03	9.7283e-01	2.4447e-02	1.1755e-36	1.3559e-01	8.6424e-01	1.7339e-04	1.1755e-36	1.1755e-36	1.1755e-36	3.7626e-20	0.00e+00	0.00e+00	7.7015e+00
2.54744e+18	6.3636e+03	2.308e-21	2.7826e+01	2.4327e+01	4.0773e-10	1.2878e-01	8.7122e-01	9.7615e-01	2.3852e-02	6.1059e-09	2.0431e-12	2.7008e-03	9.7496e-01	2.2335e-02	1.1755e-36	1.5583e-01	8.4405e-01	1.2439e-04	1.1755e-36	1.1755e-36	1.1755e-36	5.9821e-20	0.00e+00	0.00e+00	8.2833e+00
2.57292e+18	6.3508e+03	2.246e-21	2.7826e+01	2.3641e+01	5.9967e-10	1.5300e-01	8.4700e-01	9.8157e-01	1.8433e-02	4.4663e-09	2.9659e-12	2.6552e-03	9.7730e-01	2.0040e-02	1.1755e-36	1.8426e-01	8.1565e-01	8.4198e-05	1.1755e-36	1.1755e-36	1.1755e-36	1.0561e-19	0.00e+00	0.00e+00	8.9620e+00
2.59562e+18	6.3205e+03	2.162e-21	2.7826e+01	2.2830e+01	8.9914e-10	1.8173e-01	8.1827e-01	9.8527e-01	1.4733e-02	3.4289e-09	4.3097e-12	2.5912e-03	9.7945e-01	1.7954e-02	1.1755e-36	2.1758e-01	7.8236e-01	5.7809e-05	1.1755e-36	1.1755e-36	1.1755e-36	1.8789e-19	0.00e+00	0.00e+00	9.6051e+00
2.61544e+18	6.2682e+03	2.058e-21	2.7826e+01	2.1924e+01	1.3573e-09	2.1404e-01	7.8596e-01	9.8790e-01	1.2105e-02	2.7329e-09	6.1759e-12	2.5124e-03	9.8143e-01	1.6054e-02	1.1755e-36	2.5452e-01	7.4544e-01	4.0342e-05	1.1755e-36	1.1755e-36	1.1755e-36	3.2883e-19	0.00e+00	0.00e+00	1.0338e+01
2.63462e+18	6.1850e+03	1.922e-21	2.7826e+01	2.0817e+01	2.1531e-09	2.5362e-01	7.4638e-01	9.8995e-01	1.0050e-02	2.2212e-09	9.0274e-12	2.4095e-03	9.8340e-01	1.4193e-02	1.1755e-36	2.9902e-01	7.0095e-01	2.7684e-05	1.1755e-36	1.1755e-36	1.1755e-36	5.9786e-19	0.00e+00	0.00e+00	1.1179e+01
2.65115e+18	6.0752e+03	1.771e-21	2.7826e+01	1.9605e+01	3.4467e-09	2.9704e-01	7.0296e-01	9.9135e-01	8.6518e-03	1.8995e-09	1.2971e-11	2.2908e-03	9.8512e-01	1.2586e-02	1.1755e-36	3.4691e-01	6.5307e-01	1.9475e-05	1.1755e-36	1.1755e-36	1.1755e-36	1.0688e-18	0.00e+00	0.00e+00	1.1920e+01
2.66284e+18	5.9662e+03	1.642e-21	2.7826e+01	1.8566e+01	5.0754e-09	3.3428e-01	6.6572e-01	9.9217e-01	7.8289e-03	1.7252e-09	1.7155e-11	2.1858e-03	9.8637e-01	1.1442e-02	1.1755e-36	3.8724e-01	6.1275e-01	1.4901e-05	1.1755e-36	1.1755e-36	1.1755e-36	1.6891e-18	0.00e+00	0.00e+00	1.2459e+01
2.67072e+18	5.8735e+03	1.544e-21	2.7826e+01	1.7788e+01	6.7797e-09	3.6251e-01	6.3749e-01	9.9267e-01	7.3275e-03	1.6236e-09	2.0926e-11	2.1060e-03	9.8723e-01	1.0666e-02	1.1755e-36	4.1735e-01	5.8263e-01	1.2321e-05	1.1755e-36	1.1755e-36	1.1755e-36	2.3551e-18	0.00e+00	0.00e+00	1.2877e+01
2.67700e+18	5.7858e+03	1.461e-21	2.7826e+01	1.7108e+01	8.6947e-09	3.8657e-01	6.1343e-01	9.9304e-01	6.9572e-03	1.5517e-09	2.4605e-11	2.0355e-03	9.8791e-01	1.0050e-02	1.1755e-36	4.4272e-01	5.5727e-01	1.0528e-05	1.1755e-36	1.1755e-36	1.1755e-36	3.1050e-18	0.00e+00	0.00e+00	1.3285e+01
2.68302e+18	5.6890e+03	1.377e-21	2.7826e+01	1.6421e+01	1.1242e-08	4.1117e-01	5.8883e-01	9.9338e-01	6.6180e-03	1.4875e-09	2.8923e-11	1.9638e-03	9.8858e-01	9.4597e-03	1.1755e-36	4.6838e-01	5.3161e-01	9.0087e-06	1.1755e-36	1.1755e-36	1.1755e-36	4.1194e-18	0.00e+00	0.00e+00	1.3722e+01
2.68738e+18	5.6148e+03	1.316e-21	2.7826e+01	1.5905e+01	1.3627e-08	4.2969e-01	5.7031e-01	9.9358e-01	6.4239e-03	1.4568e-09	3.2596e-11	1.9092e-03	9.8902e-01	9.0716e-03	1.1755e-36	4.8751e-01	5.1248e-01	8.0683e-06	1.1755e-36	1.1755e-36	1.1755e-36	5.1026e-18	0.00e+00	0.00e+00	1.3923e+01
2.68947e+18	5.5749e+03	1.286e-21	2.7826e+01	1.5650e+01	1.5039e-08	4.3894e-01	5.6106e-01	9.9367e-01	6.3282e-03	1.4412e-09	3.4604e-11	1.8824e-03	9.8924e-01	8.8790e-03	1.1755e-36	4.9701e-01	5.0298e-01	7.6393e-06	1.1755e-36	1.1755e-36	1.1755e-36	5.6894e-18	0.00e+00	0.00e+00	1.4040e+01
2.69104e+18	5.5427e+03	1.262e-21	2.7826e+01	1.5451e+01	1.6250e-08	4.4609e-01	5.5391e-01	9.9375e-01	6.2483e-03	1.4273e-09	3.6238e-11	1.8614e-03	9.8941e-01	8.7260e-03	1.1755e-36	5.0432e-01	4.9568e-01	7.3178e-06	1.1755e-36	1.1755e-36	1.1755e-36	6.1936e-18	0.00e+00	0.00e+00	1.4167e+01
2.69291e+18	5.5056e+03	1.233e-21	2.7826e+01	1.5207e+01	1.7794e-08	4.5459e-01	5.4541e-01	9.9384e-01	6.1552e-03	1.4120e-09	3.8268e-11	1.8355e-03	9.8962e-01	8.5455e-03	1.1755e-36	5.1298e-01	4.8701e-01	6.9486e-06	1.1755e-36	1.1755e-36	1.1755e-36	6.8527e-18	0.00e+00	0.00e+00	1.4336e+01
2.69518e+18	5.4527e+03	1.199e-21	2.7826e+01	1.4910e+01	2.0083e-08	4.6532e-01	5.3468e-01	9.9396e-01	6.0445e-03	1.3930e-09	4.1048e-11	1.8042e-03	9.8987e-01	8.3238e-03	1.1755e-36	5.2388e-01	4.7612e-01	6.5214e-06	1.1755e-36	1.1755e-36	1.1755e-36	7.8222e-18	0.00e+00	0.00e+00	1.4535e+01
2.69746e+18	5.4006e+03	1.164e-21	2.7826e+01	1.4609e+01	2.2655e-08	4.7612e-01	5.2388e-01	9.9406e-01	5.9447e-03	1.3776e-09	4.4059e-11	1.7723e-03	9.9012e-01	8.1117e-03	1.1755e-36	5.3479e-01	4.6520e-01	6.1228e-06	1.1755e-36	1.1755e-36	1.1755e-36	8.9556e-18	0.00e+00	0.00e+00	1.4713e+01
2.69947e+18	5.3466e+03	1.135e-21	2.7826e+01	1.4351e+01	2.5498e-08	4.8619e-01	5.1381e-01	9.9415e-01	5.8527e-03	1.3613e-09	4.7184e-11	1.7453e-03	9.9034e-01	7.9152e-03	1.1755e-36	5.4493e-01	4.5507e-01	5.7823e-06	1.1755e-36	1.1755e-36	1.1755e-36	1.0233e-17	0.00e+00	0.00e+00	1.4873e+01
2.70125e+18	5.3065e+03	1.107e-21	2.7826e+01	1.4103e+01	2.8010e-08	4.9467e-01	5.0533e-01	9.9422e-01	5.7822e-03	1.3526e-09	4.9901e-11	1.7186e-03	9.9052e-01	7.7573e-03	1.1755e-36	5.5342e-01	4.4657e-01	5.5019e-06	1.1755e-36	1.1755e-36	1.1755e-36	1.1418e-17	0.00e+00	0.00e+00	1.5020e+01
2.70303e+18	5.2539e+03	1.079e-21	2.7826e+01	1.3855e+01	3.1330e-08	5.0381e-01	4.9619e-01	9.9430e-01	5.7036e-03	1.3398e-09	5.3184e-11	1.6926e-03	9.9072e-01	7.5846e-03	1.1755e-36	5.6255e-01	4.3745e-01	5.2232e-06	1.1755e-36	1.1755e-36	1.1755e-36	1.2969e-17	0.00e+00	0.00e+00	1.5186e+01
2.70486e+18	5.2046e+03	1.051e-21	2.7826e+01	1.3598e+01	3.4921e-08	5.1295e-01	4.8705e-01	9.9437e-01	5.6322e-03	1.3304e-09	5.6682e-11	1.6651e-03	9.9092e-01	7.4188e-03	1.1755e-36	5.7164e-01	4.2836e-01	4.9565e-06	1.1755e-36	1.1755e-36	1.1755e-36	1.4745e-17	0.00e+00	0.00e+00	1.5346e+01
2.70660e+18	5.1569e+03	1.023e-21	2.7826e+01	1.3350e+01	3.8802e-08	5.2181e-01	4.7819e-01	9.9443e-01	5.5652e-03	1.3219e-09	6.0363e-11	1.6385e-03	9.9110e-01	7.2608e-03	1.1755e-36	5.8041e-01	4.1959e-01	4.7110e-06	1.1755e-36	1.1755e-36	1.1755e-36	1.6758e-17	0.00e+00	0.00e+00	1.5504e+01
2.70833e+18	5.1052e+03	9.959e-22	2.7826e+01	1.3097e+01	4.3319e-08	5.3063e-01	4.6937e-01	9.9450e-01	5.4997e-03	1.3139e-09	6.4397e-11	1.6117e-03	9.9128e-01	7.1064e-03	1.1755e-36	5.8912e-01	4.1088e-01	4.4800e-06	1.1755e-36	1.1755e-36	1.1755e-36	1.9152e-17	0.00e+00	0.00e+00	1.5665e+01
2.71002e+18	5.0519e+03	9.698e-22	2.7826e+01	1.2857e+01	4.8504e-08	5.3959e-01	4.6041e-01	9.9457e-01	5.4344e-03	1.3048e-09	6.8958e-11	1.5863e-03	9.9146e-01	6.9511e-03	1.1755e-36	5.9792e-01	4.0208e-01	4.2602e-06	1.1755e-36	1.1755e-36	1.1755e-36	2.2079e-17	0.00e+00	0.00e+00	1.5821e+01
2.71161e+18	5.0003e+03	9.448e-22	2.7826e+01	1.2620e+01	5.4061e-08	5.4797e-01	4.5203e-01	9.9462e-01	5.3774e-03	1.2984e-09	7.3639e-11	1.5611e-03	9.9163e-01	6.8100e-03	1.1755e-36	6.0612e-01	3.9387e-01	4.0636e-06	1.1755e-36	1.1755e-36	1.1755e-36	2.5345e-17	0.00e+00	0.00e+00	1.5970e+01
2.71314e+18	4.9494e+03	9.210e-22	2.7826e+01	1.2393e+01	6.0071e-08	5.5606e-01	4.4394e-01	9.9468e-01	5.3231e-03	1.2922e-09	7.7989e-11	1.5370e-03	9.9179e-01	6.6694e-03	1.1755e-36	6.1402e-01	3.8597e-01	3.8825e-06	1.1755e-36	1.1755e-36	1.1755e-36	2.8568e-17	0.00e+00	0.00e+00	1.6117e+01
2.71464e+18	4.8959e+03	8.976e-22	2.7826e+01	1.2165e+01	6.6980e-08	5.6412e-01	4.3588e-01	9.9473e-01	5.2697e-03	1.2863e-09	8.2662e-11	1.5130e-03	9.9196e-01	6.5311e-03	1.1755e-36	6.2186e-01	3.7814e-01	3.7109e-06	1.1755e-36	1.1755e-36	1.1755e-36	3.2303e-17	0.00e+00	0.00e+00	1.6266e+01
2.71612e+18	4.8404e+03	8.749e-22	2.7826e+01	1.1947e+01	7.4936e-08	5.7230e-01	4.2770e-01	9.9478e-01	5.2155e-03	1.2791e-09	8.7845e-11	1.4900e-03	9.9212e-01	6.3911e-03	1.1755e-36	6.2979e-01	3.7021e-01	3.5460e-06	1.1755e-36	1.1755e-36	1.1755e-36	3.6760e-17	0.00e+00	0.00e+00	1.6413e+01
2.71754e+18	4.7882e+03	8.531e-22	2.7826e+01	1.1731e+01	8.3279e-08	5.7993e-01	4.2007e-01	9.9483e-01	5.1691e-03	1.2747e-09	9.2994e-11	1.4672e-03	9.9227e-01	6.2637e-03	1.1755e-36	6.3716e-01	3.6283e-01	3.3972e-06	1.1755e-36	1.1755e-36	1.1755e-36	4.1542e-17	0.00e+00	0.00e+00	1.6553e+01
2.71891e+18	4.7361e+03	8.320e-22	2.7826e+01	1.1522e+01	9.2492e-08	5.8743e-01	4.1257e-01	9.9488e-01	5.1234e-03	1.2701e-09	9.8453e-11	1.4451e-03	9.9242e-01	6.1390e-03	1.1755e-36	6.4439e-01	3.5561e-01	3.2569e-06	1.1755e-36	1.1755e-36	1.1755e-36	4.6990e-17	0.00e+00	0.00e+00	1.6694e+01
2.72028e+18	4.6813e+03	8.111e-22	2.7826e+01	1.1313e+01	1.0315e-07	5.9506e-01	4.0494e-01	9.9492e-01	5.0770e-03	1.2650e-09	1.0447e-10	1.4232e-03	9.9256e-01	6.0131e-03	1.1755e-36	6.5171e-01	3.4829e-01	3.1207e-06	1.1755e-36	1.1755e-36	1.1755e-36	5.3466e-17	0.00e+00	0.00e+00	1.6838e+01
2.72164e+18	4.6304e+03	7.901e-22	2.7826e+01	1.1096e+01	1.1415e-07	6.0217e-01	3.9783e-01	9.9496e-01	5.0394e-03	1.2642e-09	1.1036e-10	1.4001e-03	9.9270e-01	5.8994e-03	1.1755e-36	6.5852e-01	3.4148e-01	2.9960e-06	1.1755e-36	1.1755e-36	1.1755e-36	6.0304e-17	0.00e+00	0.00e+00	1.6979e+01
2.72299e+18	4.5722e+03	7.698e-22	2.7826e+01	1.0889e+01	1.2786e-07	6.0985e-01	3.9015e-01	9.9501e-01	4.9929e-03	1.2588e-09	1.1743e-10	1.3786e-03	9.9285e-01	5.7745e-03	1.1755e-36	6.6584e-01	3.3415e-01	2.8700e-06	1.1755e-36	1.1755e-36	1.1755e-36	6.9134e-17	0.00e+00	0.00e+00	1.7127e+01
2.72433e+18	4.5157e+03	7.499e-22	2.7826e+01	1.0684e+01	1.4269e-07	6.1728e-01	3.8272e-01	9.9505e-01	4.9514e-03	1.2551e-09	1.2476e-10	1.3572e-03	9.9299e-01	5.6562e-03	1.1755e-36	6.7291e-01	3.2709e-01	2.7524e-06	1.1755e-36	1.1755e-36	1.1755e-36	7.9030e-17	0.00e+00	0.00e+00	1.7266e+01
2.72559e+18	4.4596e+03	7.312e-22	2.7826e+01	1.0486e+01	1.5874e-07	6.2431e-01	3.7569e-01	9.9509e-01	4.9132e-03	1.2521e-09	1.3224e-10	1.3366e-03	9.9312e-01	5.5452e-03	1.1755e-36	6.7959e-01	3.2041e-01	2.6452e-06	1.1755e-36	1.1755e-36	1.1755e-36	8.9977e-17	0.00e+00	0.00e+00	1.7402e+01
2.72683e+18	4.4039e+03	7.130e-22	2.7826e+01	1.0294e+01	1.7629e-07	6.3123e-01	3.6877e-01	9.9512e-01	4.8755e-03	1.2490e-09	1.4014e-10	1.3167e-03	9.9325e-01	5.4365e-03	1.1755e-36	6.8613e-01	3.1387e-01	2.5435e-06	1.1755e-36	1.1755e-36	1.1755e-36	1.0239e-16	0.00e+00	0.00e+00	1.7538e+01
2.72806e+18	4.3470e+03	6.951e-22	2.7826e+01	1.0103e+01	1.9585e-07	6.3815e-01	3.6185e-01	9.9516e-01	4.8383e-03	1.2459e-09	1.4857e-10	1.2969e-03	9.9337e-01	5.3287e-03	1.1755e-36	6.9266e-01	3.0734e-01	2.4454e-06	1.1755e-36	1.1755e-36	1.1755e-36	1.1666e-16	0.00e+00	0.00e+00	1.7677e+01
2.72929e+18	4.2847e+03	6.774e-22	2.7826e+01	9.9074e+00	2.1889e-07	6.4519e-01	3.5481e-01	9.9520e-01	4.7997e-03	1.2421e-09	1.5785e-10	1.2772e-03	9.9350e-01	5.2196e-03	1.1755e-36	6.9929e-01	3.0071e-01	2.3503e-06	1.1755e-36	1.1755e-36	1.1755e-36	1.3369e-16	0.00e+00	0.00e+00	1.7816e+01
2.73049e+18	4.2304e+03	6.601e-22	2.7826e+01	9.7216e+00	2.4128e-07	6.5184e-01	3.4816e-01	9.9523e-01	4.7669e-03	1.2406e-09	1.6687e-10	1.2579e-03	9.9362e-01	5.1184e-03	1.1755e-36	7.0552e-01	2.9448e-01	2.2614e-06	1.1755e-36	1.1755e-36	1.1755e-36	1.5132e-16	0.00e+00	0.00e+00	1.7951e+01
2.73171e+18	4.1642e+03	6.429e-22	2.7826e+01	9.5284e+00	2.6982e-07	6.5893e-01	3.4107e-01	9.9527e-01	4.7272e-03	1.2360e-09	1.7735e-10	1.2387e-03	9.9375e-01	5.0097e-03	1.1755e-36	7.1216e-01	2.8784e-01	2.1725e-06	1.1755e-36	1.1755e-36	1.1755e-36	1.7358e-16	0.00e+00	0.00e+00	1.8097e+01
2.73294e+18	4.1019e+03	6.258e-22	2.7826e+01	9.3357e+00	2.9912e-07	6.6583e-01	3.3417e-01	9.9531e-01	4.6926e-03	1.2337e-09	1.8781e-10	1.2193e-03	9.9387e-01	4.9061e-03	1.1755e-36	7.1860e-01	2.8140e-01	2.0877e-06	1.1755e-36	1.1755e-36	1.1755e-36	1.9737e-16	0.00e+00	0.00e+00	1.8236e+01
2.73414e+18	4.0432e+03	6.088e-22	2.7826e+01	9.1408e+00	3.2838e-07	6.7235e-01	3.2765e-01	9.9534e-01	4.6636e-03	1.2342e-09	1.9778e-10	1.1992e-03	9.9399e-01	4.8097e-03	1.1755e-36	7.2466e-01	2.7534e-01	2.0086e-06	1.1755e-36	1.1755e-36	1.1755e-36	2.2165e-16	0.00e+00	0.00e+00	1.8380e+01
2.73544e+18	3.9693e+03	5.911e-22	2.7826e+01	8.9340e+00	3.6658e-07	6.7982e-01	3.2018e-01	9.9538e-01	4.6235e-03	1.2301e-09	2.0983e-10	1.1791e-03	9.9412e-01	4.6979e-03	1.1755e-36	7.3161e-01	2.6839e-01	1.9235e-06	1.1755e-36	1.1755e-36	1.1755e-36	2.5315e-16	0.00e+00	0.00e+00	1.8544e+01
###########################
1.93338e+14	6.7253e+03	2.367e-21	2.7826e+01	3.0008e+01	4.2008e-13	5.7051e-03	9.9429e-01	3.4995e-02	9.6439e-01	6.1263e-04	6.4043e-16	6.3348e-04	4.0183e-01	5.9740e-01	1.3740e-04	5.2812e-03	8.1114e-01	1.8355e-01	2.5575e-05	1.1755e-36	1.1755e-36	3.5434e-24	0.00e+00	0.00e+00	3.8759e-04
1.16003e+15	6.7219e+03	2.365e-21	2.7826e+01	2.9997e+01	4.2073e-13	5.7013e-03	9.9430e-01	3.4994e-02	9.6439e-01	6.1208e-04	6.3929e-16	6.3228e-04	4.0183e-01	5.9740e-01	1.3756e-04	5.2773e-03	8.1107e-01	1.8363e-01	2.5506e-05	1.1755e-36	1.1755e-36	3.5330e-24	0.00e+00	0.00e+00	1.9370e-03
5.02679e+15	6.7126e+03	2.361e-21	2.7826e+01	2.9994e+01	4.2366e-13	5.7004e-03	9.9430e-01	3.5046e-02	9.6435e-01	6.0745e-04	6.3975e-16	6.3206e-04	4.0223e-01	5.9700e-01	1.3696e-04	5.2790e-03	8.1128e-01	1.8342e-01	2.5106e-05	1.1755e-36	1.1755e-36	3.5278e-24	0.00e+00	0.00e+00	8.1334e-03
2.04938e+16	6.6950e+03	2.348e-21	2.7826e+01	2.9992e+01	4.3067e-13	5.7071e-03	9.9429e-01	3.5272e-02	9.6414e-01	5.8535e-04	6.4448e-16	6.3525e-04	4.0392e-01	5.9531e-01	1.3493e-04	5.2973e-03	8.1245e-01	1.8223e-01	2.3506e-05	1.1755e-36	1.1755e-36	3.5343e-24	0.00e+00	0.00e+00	3.2948e-02
4.89532e+16	6.6161e+03	2.304e-21	2.7826e+01	2.9993e+01	4.4660e-13	5.6393e-03	9.9436e-01	3.5415e-02	9.6402e-01	5.6721e-04	6.2987e-16	6.3281e-04	4.0535e-01	5.9388e-01	1.3271e-04	5.2480e-03	8.1335e-01	1.8138e-01	2.1605e-05	1.1755e-36	1.1755e-36	3.3661e-24	0.00e+00	0.00e+00	6.4824e-02
8.59504e+16	6.5353e+03	2.262e-21	2.7826e+01	2.9994e+01	4.6916e-13	5.6016e-03	9.9440e-01	3.5738e-02	9.6373e-01	5.2914e-04	6.2462e-16	6.3504e-04	4.0801e-01	5.9122e-01	1.2906e-04	5.2361e-03	8.1535e-01	1.7939e-01	1.9119e-05	1.1755e-36	1.1755e-36	3.2581e-24	0.00e+00	0.00e+00	1.0599e-01
1.34047e+17	6.4501e+03	2.219e-21	2.7826e+01	2.9993e+01	5.0017e-13	5.5898e-03	9.9441e-01	3.6276e-02	9.6325e-01	4.7265e-04	6.2770e-16	6.4128e-04	4.1212e-01	5.8711e-01	1.2393e-04	5.2584e-03	8.1854e-01	1.7618e-01	1.6144e-05	1.1755e-36	1.1755e-36	3.1958e-24	0.00e+00	0.00e+00	1.5938e-01
1.96572e+17	6.3593e+03	2.176e-21	2.7826e+01	2.9990e+01	5.4293e-13	5.6110e-03	9.9439e-01	3.7109e-02	9.6249e-01	3.9935e-04	6.4138e-16	6.5259e-04	4.1817e-01	5.8106e-01	1.1720e-04	5.3245e-03	8.2318e-01	1.7148e-01	1.2824e-05	1.1755e-36	1.1755e-36	3.1862e-24	0.00e+00	0.00e+00	2.2907e-01
2.77855e+17	6.2636e+03	2.133e-21	2.7826e+01	2.9985e+01	6.0335e-13	5.6797e-03	9.9432e-01	3.8371e-02	9.6131e-01	3.1396e-04	6.7123e-16	6.7115e-04	4.2695e-01	5.7227e-01	1.0879e-04	5.4524e-03	8.2966e-01	1.6488e-01	9.3991e-06	1.1755e-36	1.1755e-36	3.2568e-24	0.00e+00	0.00e+00	3.2076e-01
3.83522e+17	6.1662e+03	2.091e-21	2.7826e+01	2.9976e+01	6.9034e-13	5.8203e-03	9.9418e-01	4.0304e-02	9.5947e-01	2.2512e-04	7.2713e-16	7.0089e-04	4.3966e-01	5.5955e-01	9.8704e-05	5.6725e-03	8.3847e-01	1.5585e-01	6.1954e-06	1.1755e-36	1.1755e-36	3.4556e-24	0.00e+00	0.00e+00	4.4291e-01
5.20890e+17	6.0710e+03	2.054e-21	2.7826e+01	2.9961e+01	8.2046e-13	6.0761e-03	9.9392e-01	4.3326e-02	9.5653e-01	1.4371e-04	8.2839e-16	7.4804e-04	4.5821e-01	5.4095e-01	8.6922e-05	6.0384e-03	8.5025e-01	1.4371e-01	3.5479e-06	1.1755e-36	1.1755e-36	3.8770e-24	0.00e+00	0.00e+00	6.0870e-01
6.99469e+17	5.9852e+03	2.026e-21	2.7826e+01	2.9940e+01	1.0285e-12	6.5281e-03	9.9347e-01	4.8285e-02	9.5164e-01	7.9441e-05	1.0205e-15	8.2418e-04	4.8582e-01	5.1328e-01	7.3312e-05	6.6514e-03	8.6579e-01	1.2756e-01	1.6825e-06	1.1755e-36	1.1755e-36	4.7625e-24	0.00e+00	0.00e+00	8.4024e-01
8.97505e+17	5.9150e+03	2.009e-21	2.7826e+01	2.9908e+01	1.3230e-12	7.1500e-03	9.9285e-01	5.5217e-02	9.4474e-01	4.0832e-05	1.3164e-15	9.2367e-04	5.1992e-01	4.7910e-01	6.0181e-05	7.4778e-03	8.8238e-01	1.1014e-01	7.2495e-07	1.1755e-36	1.1755e-36	6.1997e-24	0.00e+00	0.00e+00	1.0842e+00
1.07646e+18	5.8874e+03	2.010e-21	2.7826e+01	2.9860e+01	1.6697e-12	7.9091e-03	9.9209e-01	6.3695e-02	9.3628e-01	2.2435e-05	1.7327e-15	1.0367e-03	5.5591e-01	4.4301e-01	4.9217e-05	8.4652e-03	8.9738e-01	9.4154e-02	3.2901e-07	1.1755e-36	1.1755e-36	8.3777e-24	0.00e+00	0.00e+00	1.3117e+00
1.22830e+18	5.8896e+03	2.026e-21	2.7826e+01	2.9814e+01	2.0639e-12	8.7737e-03	9.9123e-01	7.3666e-02	9.2632e-01	1.3602e-05	2.2917e-15	1.1566e-03	5.9156e-01	4.0724e-01	4.0266e-05	9.5768e-03	9.1019e-01	8.0232e-02	1.6258e-07	1.1755e-36	1.1755e-36	1.1526e-23	0.00e+00	0.00e+00	1.5275e+00
1.36005e+18	5.9055e+03	2.048e-21	2.7826e+01	2.9758e+01	2.5269e-12	9.7419e-03	9.9026e-01	8.5322e-02	9.1467e-01	8.8388e-06	3.0316e-15	1.2812e-03	6.2663e-01	3.7205e-01	3.2795e-05	1.0815e-02	9.2113e-01	6.8055e-02	1.1755e-36	1.1755e-36	1.1755e-36	1.5982e-23	0.00e+00	0.00e+00	1.7389e+00
1.47837e+18	5.9275e+03	2.077e-21	2.7826e+01	2.9700e+01	3.0964e-12	1.0848e-02	9.8915e-01	9.9492e-02	9.0050e-01	6.0104e-06	4.0322e-15	1.4126e-03	6.6180e-01	3.3676e-01	2.6362e-05	1.2226e-02	9.3062e-01	5.7158e-02	1.1755e-36	1.1755e-36	1.1755e-36	2.2416e-23	0.00e+00	0.00e+00	1.9546e+00
1.58750e+18	5.9552e+03	2.109e-21	2.7826e+01	2.9614e+01	3.8061e-12	1.2123e-02	9.8788e-01	1.1687e-01	8.8312e-01	4.1959e-06	5.3998e-15	1.5503e-03	6.9712e-01	3.0131e-01	2.0804e-05	1.3848e-02	9.3881e-01	4.7337e-02	1.1755e-36	1.1755e-36	1.1755e-36	3.1827e-23	0.00e+00	0.00e+00	2.1785e+00
1.68931e+18	5.9862e+03	2.144e-21	2.7826e+01	2.9526e+01	4.7211e-12	1.3623e-02	9.8638e-01	1.3921e-01	8.6078e-01	2.9968e-06	7.3269e-15	1.6959e-03	7.3284e-01	2.6545e-01	1.5988e-05	1.5753e-02	9.4579e-01	3.8461e-02	1.1755e-36	1.1755e-36	1.1755e-36	4.6062e-23	0.00e+00	0.00e+00	2.4143e+00
1.78452e+18	6.0223e+03	2.182e-21	2.7826e+01	2.9420e+01	5.8984e-12	1.5388e-02	9.8461e-01	1.6808e-01	8.3191e-01	2.1716e-06	1.0069e-14	1.8472e-03	7.6838e-01	2.2976e-01	1.1915e-05	1.7991e-02	9.5146e-01	3.0553e-02	1.1755e-36	1.1755e-36	1.1755e-36	6.7875e-23	0.00e+00	0.00e+00	2.6628e+00
1.87159e+18	6.0458e+03	2.223e-21	2.7826e+01	2.9281e+01	7.5252e-12	1.7451e-02	9.8255e-01	2.0493e-01	7.9507e-01	1.5896e-06	1.3961e-14	1.9969e-03	8.0251e-01	1.9548e-01	8.6156e-06	2.0600e-02	9.5563e-01	2.3773e-02	1.1755e-36	1.1755e-36	1.1755e-36	1.0102e-22	0.00e+00	0.00e+00	2.9149e+00
1.94802e+18	6.0838e+03	2.259e-21	2.7826e+01	2.9146e+01	9.4102e-12	1.9718e-02	9.8028e-01	2.5010e-01	7.4990e-01	1.1916e-06	1.9232e-14	2.1370e-03	8.3309e-01	1.6477e-01	6.1363e-06	2.3459e-02	9.5826e-01	1.8279e-02	1.1755e-36	1.1755e-36	1.1755e-36	1.4934e-22	0.00e+00	0.00e+00	3.1597e+00
2.01394e+18	6.1069e+03	2.292e-21	2.7826e+01	2.8970e+01	1.1815e-11	2.2167e-02	9.7783e-01	3.0331e-01	6.9669e-01	9.0501e-07	2.6195e-14	2.2605e-03	8.5941e-01	1.3833e-01	4.3365e-06	2.6539e-02	9.5949e-01	1.3976e-02	1.1755e-36	1.1755e-36	1.1755e-36	2.1662e-22	0.00e+00	0.00e+00	3.3980e+00
2.07193e+18	6.1339e+03	2.317e-21	2.7826e+01	2.8760e+01	1.4634e-11	2.4785e-02	9.7521e-01	3.6472e-01	6.3528e-01	6.8962e-07	3.5337e-14	2.3670e-03	8.8172e-01	1.1591e-01	3.0458e-06	2.9824e-02	9.5957e-01	1.0605e-02	1.1755e-36	1.1755e-36	1.1755e-36	3.0918e-22	0.00e+00	0.00e+00	3.6366e+00
2.12476e+18	6.1472e+03	2.335e-21	2.7826e+01	2.8472e+01	1.8322e-11	2.7674e-02	9.7233e-01	4.3526e-01	5.6473e-01	5.1661e-07	4.7645e-14	2.4563e-03	9.0070e-01	9.6839e-02	2.1113e-06	3.3438e-02	9.5863e-01	7.9358e-03	1.1755e-36	1.1755e-36	1.1755e-36	4.3722e-22	0.00e+00	0.00e+00	3.8840e+00
2.17432e+18	6.1752e+03	2.350e-21	2.7826e+01	2.8234e+01	2.2788e-11	3.0984e-02	9.6902e-01	5.1592e-01	4.8408e-01	3.7867e-07	6.5291e-14	2.5387e-03	9.1696e-01	8.0497e-02	1.4315e-06	3.7565e-02	9.5664e-01	5.7954e-03	1.1755e-36	1.1755e-36	1.1755e-36	6.2935e-22	0.00e+00	0.00e+00	4.1466e+00
2.22105e+18	6.1904e+03	2.358e-21	2.7826e+01	2.7884e+01	2.8808e-11	3.4751e-02	9.6525e-01	6.0206e-01	3.9794e-01	2.6664e-07	8.9930e-14	2.6019e-03	9.3026e-01	6.7137e-02	9.5814e-07	4.2247e-02	9.5361e-01	4.1464e-03	1.1755e-36	1.1755e-36	1.1755e-36	9.0407e-22	0.00e+00	0.00e+00	4.4227e+00
2.26576e+18	6.2044e+03	2.369e-21	2.7826e+01	2.7601e+01	3.7099e-11	3.9298e-02	9.6070e-01	6.8944e-01	3.1056e-01	1.8007e-07	1.2683e-13	2.6616e-03	9.4114e-01	5.6197e-02	6.2821e-07	4.7875e-02	9.4924e-01	2.8865e-03	1.1755e-36	1.1755e-36	1.1755e-36	1.3424e-21	0.00e+00	0.00e+00	4.7280e+00
2.30979e+18	6.2224e+03	2.377e-21	2.7826e+01	2.7273e+01	4.8509e-11	4.4848e-02	9.5515e-01	7.7095e-01	2.2905e-01	1.1516e-07	1.8153e-13	2.7094e-03	9.4979e-01	4.7500e-02	4.0481e-07	5.4719e-02	9.4333e-01	1.9476e-03	1.1755e-36	1.1755e-36	1.1755e-36	2.0471e-21	0.00e+00	0.00e+00	5.0734e+00
2.36020e+18	6.2536e+03	2.372e-21	2.7826e+01	2.6761e+01	6.6723e-11	5.2694e-02	9.4731e-01	8.4836e-01	1.5164e-01	6.4322e-08	2.7484e-13	2.7405e-03	9.5736e-01	3.9898e-02	2.4016e-07	6.4358e-02	9.3445e-01	1.1923e-03	1.1755e-36	1.1755e-36	1.1755e-36	3.3988e-21	0.00e+00	0.00e+00	5.6010e+00
2.41548e+18	6.2829e+03	2.383e-21	2.7826e+01	2.6293e+01	1.0137e-10	6.4927e-02	9.3507e-01	9.0987e-01	9.0133e-02	3.2381e-08	4.5420e-13	2.7757e-03	9.6382e-01	3.3399e-02	1.3107e-07	7.9294e-02	9.2004e-01	6.6265e-04	1.1755e-36	1.1755e-36	1.1755e-36	6.6087e-21	0.00e+00	0.00e+00	6.2122e+00
2.46427e+18	6.3204e+03	2.382e-21	2.7826e+01	2.5772e+01	1.5576e-10	8.0693e-02	9.1931e-01	9.4477e-01	5.5233e-02	1.7329e-08	7.4293e-13	2.7892e-03	9.6849e-01	2.8718e-02	1.1755e-36	9.8407e-02	9.0122e-01	3.7519e-04	1.1755e-36	1.1755e-36	1.1755e-36	1.3252e-20	0.00e+00	0.00e+00	6.8359e+00
2.49985e+18	6.3429e+03	2.371e-21	2.7826e+01	2.5295e+01	2.2828e-10	9.7439e-02	9.0256e-01	9.6129e-01	3.8713e-02	1.1111e-08	1.1231e-12	2.7861e-03	9.7163e-01	2.5587e-02	1.1755e-36	1.1855e-01	8.8121e-01	2.3982e-04	1.1755e-36	1.1755e-36	1.1755e-36	2.4353e-20	0.00e+00	0.00e+00	7.3011e+00
2.52325e+18	6.3589e+03	2.343e-21	2.7826e+01	2.4824e+01	3.0121e-10	1.1160e-01	8.8840e-01	9.6938e-01	3.0625e-02	8.3251e-09	1.5032e-12	2.7656e-03	9.7362e-01	2.3611e-02	1.1755e-36	1.3546e-01	8.6437e-01	1.7514e-04	1.1755e-36	1.1755e-36	1.1755e-36	3.7647e-20	0.00e+00	0.00e+00	7.6862e+00
2.54584e+18	6.3586e+03	2.307e-21	2.7826e+01	2.4338e+01	4.0755e-10	1.2838e-01	8.7162e-01	9.7586e-01	2.4135e-02	6.2026e-09	2.0359e-12	2.7407e-03	9.7568e-01	2.1581e-02	1.1755e-36	1.5536e-01	8.4451e-01	1.2597e-04	1.1755e-36	1.1755e-36	1.1755e-36	5.9444e-20	0.00e+00	0.00e+00	8.2621e+00
2.57134e+18	6.3460e+03	2.246e-21	2.7826e+01	2.3656e+01	5.9883e-10	1.5250e-01	8.4750e-01	9.8136e-01	1.8637e-02	4.5319e-09	2.9532e-12	2.6960e-03	9.7795e-01	1.9351e-02	1.1755e-36	1.8368e-01	8.1623e-01	8.5268e-05	1.1755e-36	1.1755e-36	1.1755e-36	1.0481e-19	0.00e+00	0.00e+00	8.9442e+00
2.59423e+18	6.3158e+03	2.162e-21	2.7826e+01	2.2844e+01	9.0049e-10	1.8140e-01	8.1860e-01	9.8514e-01	1.4859e-02	3.4681e-09	4.3048e-12	2.6325e-03	9.8005e-01	1.7319e-02	1.1755e-36	2.1720e-01	7.8274e-01	5.8361e-05	1.1755e-36	1.1755e-36	1.1755e-36	1.8736e-19	0.00e+00	0.00e+00	9.5922e+00
2.61416e+18	6.2635e+03	2.057e-21	2.7826e+01	2.1929e+01	1.3620e-09	2.1385e-01	7.8615e-01	9.8780e-01	1.2199e-02	2.7622e-09	6.1788e-12	2.5530e-03	9.8197e-01	1.5472e-02	1.1755e-36	2.5431e-01	7.4565e-01	4.0655e-05	1.1755e-36	1.1755e-36	1.1755e-36	3.2871e-19	0.00e+00	0.00e+00	1.0325e+01
2.63327e+18	6.1832e+03	1.922e-21	2.7826e+01	2.0825e+01	2.1522e-09	2.5326e-01	7.4674e-01	9.8986e-01	1.0137e-02	2.2480e-09	9.0178e-12	2.4497e-03	9.8387e-01	1.3682e-02	1.1755e-36	2.9862e-01	7.0135e-01	2.7932e-05	1.1755e-36	1.1755e-36	1.1755e-36	5.9628e-19	0.00e+00	0.00e+00	1.1159e+01
2.64970e+18	6.0720e+03	1.773e-21	2.7826e+01	1.9623e+01	3.4430e-09	2.9640e-01	7.0360e-01	9.9127e-01	8.7305e-03	1.9227e-09	1.2933e-11	2.3315e-03	9.8553e-01	1.2143e-02	1.1755e-36	3.4622e-01	6.5376e-01	1.9693e-05	1.1755e-36	1.1755e-36	1.1755e-36	1.0627e-18	0.00e+00	0.00e+00	1.1894e+01
2.66137e+18	5.9637e+03	1.643e-21	2.7826e+01	1.8588e+01	5.0637e-09	3.3351e-01	6.6649e-01	9.9210e-01	7.8990e-03	1.7457e-09	1.7093e-11	2.2262e-03	9.8672e-01	1.1050e-02	1.1755e-36	3.8642e-01	6.1357e-01	1.5075e-05	1.1755e-36	1.1755e-36	1.1755e-36	1.6774e-18	0.00e+00	0.00e+00	1.2434e+01
2.66929e+18	5.8709e+03	1.546e-21	2.7826e+01	1.7807e+01	6.7724e-09	3.6186e-01	6.3814e-01	9.9261e-01	7.3890e-03	1.6418e-09	2.0871e-11	2.1455e-03	9.8755e-01	1.0302e-02	1.1755e-36	4.1667e-01	5.8332e-01	1.2452e-05	1.1755e-36	1.1755e-36	1.1755e-36	2.3426e-18	0.00e+00	0.00e+00	1.2855e+01
2.67562e+18	5.7828e+03	1.462e-21	2.7826e+01	1.7122e+01	8.6995e-09	3.8608e-01	6.1392e-01	9.9299e-01	7.0125e-03	1.5685e-09	2.4569e-11	2.0738e-03	9.8822e-01	9.7040e-03	1.1755e-36	4.4221e-01	5.5778e-01	1.0628e-05	1.1755e-36	1.1755e-36	1.1755e-36	3.0945e-18	0.00e+00	0.00e+00	1.3265e+01
2.68166e+18	5.6859e+03	1.378e-21	2.7826e+01	1.6433e+01	1.1256e-08	4.1075e-01	5.8925e-01	9.9333e-01	6.6695e-03	1.5034e-09	2.8895e-11	2.0011e-03	9.8887e-01	9.1319e-03	1.1755e-36	4.6795e-01	5.3204e-01	9.0903e-06	1.1755e-36	1.1755e-36	1.1755e-36	4.1091e-18	0.00e+00	0.00e+00	1.3701e+01
2.68601e+18	5.6120e+03	1.317e-21	2.7826e+01	1.5917e+01	1.3638e-08	4.2924e-01	5.7076e-01	9.9353e-01	6.4738e-03	1.4723e-09	3.2558e-11	1.9461e-03	9.8929e-01	8.7668e-03	1.1755e-36	4.8705e-01	5.1294e-01	8.1426e-06	1.1755e-36	1.1755e-36	1.1755e-36	5.0883e-18	0.00e+00	0.00e+00	1.3901e+01
2.68810e+18	5.5723e+03	1.287e-21	2.7826e+01	1.5663e+01	1.5047e-08	4.3847e-01	5.6153e-01	9.9362e-01	6.3774e-03	1.4565e-09	3.4559e-11	1.9191e-03	9.8950e-01	8.5843e-03	1.1755e-36	4.9653e-01	5.0346e-01	7.7103e-06	1.1755e-36	1.1755e-36	1.1755e-36	5.6722e-18	0.00e+00	0.00e+00	1.4019e+01
2.68967e+18	5.5401e+03	1.263e-21	2.7826e+01	1.5464e+01	1.6259e-08	4.4562e-01	5.5438e-01	9.9370e-01	6.2966e-03	1.4424e-09	3.6194e-11	1.8978e-03	9.8967e-01	8.4359e-03	1.1755e-36	5.0385e-01	4.9615e-01	7.3854e-06	1.1755e-36	1.1755e-36	1.1755e-36	6.1756e-18	0.00e+00	0.00e+00	1.4146e+01
2.69154e+18	5.5053e+03	1.234e-21	2.7826e+01	1.5220e+01	1.7758e-08	4.5408e-01	5.4592e-01	9.9380e-01	6.2031e-03	1.4273e-09	3.8201e-11	1.8714e-03	9.8987e-01	8.2613e-03	1.1755e-36	5.1247e-01	4.8752e-01	7.0123e-06	1.1755e-36	1.1755e-36	1.1755e-36	6.8245e-18	0.00e+00	0.00e+00	1.4314e+01
2.69385e+18	5.4491e+03	1.199e-21	2.7826e+01	1.4916e+01	2.0145e-08	4.6507e-01	5.3493e-01	9.9391e-01	6.0881e-03	1.4071e-09	4.1059e-11	1.8391e-03	9.9012e-01	8.0402e-03	1.1755e-36	5.2364e-01	4.7635e-01	6.5723e-06	1.1755e-36	1.1755e-36	1.1755e-36	7.8212e-18	0.00e+00	0.00e+00	1.4519e+01
2.69616e+18	5.3964e+03	1.164e-21	2.7826e+01	1.4612e+01	2.2757e-08	4.7600e-01	5.2400e-01	9.9401e-01	5.9871e-03	1.3916e-09	4.4109e-11	1.8064e-03	9.9036e-01	7.8347e-03	1.1755e-36	5.3469e-01	4.6531e-01	6.1666e-06	1.1755e-36	1.1755e-36	1.1755e-36	8.9701e-18	0.00e+00	0.00e+00	1.4696e+01
2.69814e+18	5.3436e+03	1.135e-21	2.7826e+01	1.4356e+01	2.5559e-08	4.8591e-01	5.1409e-01	9.9410e-01	5.8965e-03	1.3757e-09	4.7183e-11	1.7793e-03	9.9057e-01	7.6493e-03	1.1755e-36	5.4466e-01	4.5534e-01	5.8288e-06	1.1755e-36	1.1755e-36	1.1755e-36	1.0226e-17	0.00e+00	0.00e+00	1.4853e+01
2.69990e+18	5.3036e+03	1.107e-21	2.7826e+01	1.4112e+01	2.8062e-08	4.9433e-01	5.0567e-01	9.9417e-01	5.8254e-03	1.3667e-09	4.9881e-11	1.7527e-03	9.9075e-01	7.4981e-03	1.1755e-36	5.5309e-01	4.4691e-01	5.5485e-06	1.1755e-36	1.1755e-36	1.1755e-36	1.1404e-17	0.00e+00	0.00e+00	1.4999e+01
2.70168e+18	5.2507e+03	1.080e-21	2.7826e+01	1.3864e+01	3.1406e-08	5.0350e-01	4.9650e-01	9.9425e-01	5.7454e-03	1.3535e-09	5.3184e-11	1.7263e-03	9.9094e-01	7.3299e-03	1.1755e-36	5.6225e-01	4.3774e-01	5.2667e-06	1.1755e-36	1.1755e-36	1.1755e-36	1.2964e-17	0.00e+00	0.00e+00	1.5166e+01
2.70351e+18	5.2016e+03	1.051e-21	2.7826e+01	1.3607e+01	3.5002e-08	5.1265e-01	4.8735e-01	9.9433e-01	5.6736e-03	1.3440e-09	5.6683e-11	1.6984e-03	9.9113e-01	7.1703e-03	1.1755e-36	5.7135e-01	4.2865e-01	4.9976e-06	1.1755e-36	1.1755e-36	1.1755e-36	1.4739e-17	0.00e+00	0.00e+00	1.5325e+01
2.70526e+18	5.1537e+03	1.024e-21	2.7826e+01	1.3359e+01	3.8900e-08	5.2151e-01	4.7849e-01	9.9439e-01	5.6059e-03	1.3354e-09	6.0368e-11	1.6715e-03	9.9131e-01	7.0179e-03	1.1755e-36	5.8012e-01	4.1988e-01	4.7503e-06	1.1755e-36	1.1755e-36	1.1755e-36	1.6754e-17	0.00e+00	0.00e+00	1.5483e+01
2.70698e+18	5.1029e+03	9.966e-22	2.7826e+01	1.3111e+01	4.3400e-08	5.3040e-01	4.6960e-01	9.9446e-01	5.5394e-03	1.3268e-09	6.4440e-11	1.6448e-03	9.9149e-01	6.8671e-03	1.1755e-36	5.8889e-01	4.1111e-01	4.5161e-06	1.1755e-36	1.1755e-36	1.1755e-36	1.9165e-17	0.00e+00	0.00e+00	1.5643e+01
2.70866e+18	5.0496e+03	9.701e-22	2.7826e+01	1.2861e+01	4.8557e-08	5.3917e-01	4.6083e-01	9.9452e-01	5.4760e-03	1.3192e-09	6.8876e-11	1.6179e-03	9.9166e-01	6.7221e-03	1.1755e-36	5.9751e-01	4.0248e-01	4.2978e-06	1.1755e-36	1.1755e-36	1.1755e-36	2.2020e-17	0.00e+00	0.00e+00	1.5800e+01
2.71027e+18	4.9967e+03	9.452e-22	2.7826e+01	1.2628e+01	5.4250e-08	5.4775e-01	4.5225e-01	9.9458e-01	5.4156e-03	1.3112e-09	7.3669e-11	1.5927e-03	9.9183e-01	6.5814e-03	1.1755e-36	6.0591e-01	3.9408e-01	4.0960e-06	1.1755e-36	1.1755e-36	1.1755e-36	2.5354e-17	0.00e+00	0.00e+00	1.5950e+01
2.71180e+18	4.9457e+03	9.215e-22	2.7826e+01	1.2400e+01	6.0290e-08	5.5582e-01	4.4418e-01	9.9464e-01	5.3614e-03	1.3052e-09	7.8010e-11	1.5682e-03	9.9199e-01	6.4465e-03	1.1755e-36	6.1380e-01	3.8620e-01	3.9139e-06	1.1755e-36	1.1755e-36	1.1755e-36	2.8572e-17	0.00e+00	0.00e+00	1.6095e+01
2.71328e+18	4.8949e+03	8.983e-22	2.7826e+01	1.2179e+01	6.6969e-08	5.6379e-01	4.3621e-01	9.9469e-01	5.3088e-03	1.2993e-09	8.2613e-11	1.5443e-03	9.9214e-01	6.3143e-03	1.1755e-36	6.2155e-01	3.7845e-01	3.7421e-06	1.1755e-36	1.1755e-36	1.1755e-36	3.2236e-17	0.00e+00	0.00e+00	1.6242e+01
2.71477e+18	4.8371e+03	8.754e-22	2.7826e+01	1.1951e+01	7.5133e-08	5.7194e-01	4.2806e-01	9.9475e-01	5.2542e-03	1.2926e-09	8.7770e-11	1.5201e-03	9.9230e-01	6.1802e-03	1.1755e-36	6.2945e-01	3.7055e-01	3.5767e-06	1.1755e-36	1.1755e-36	1.1755e-36	3.6691e-17	0.00e+00	0.00e+00	1.6392e+01
2.71620e+18	4.7843e+03	8.535e-22	2.7826e+01	1.1737e+01	8.3641e-08	5.7974e-01	4.2026e-01	9.9479e-01	5.2056e-03	1.2873e-09	9.3057e-11	1.4971e-03	9.9245e-01	6.0543e-03	1.1755e-36	6.3699e-01	3.6301e-01	3.4240e-06	1.1755e-36	1.1755e-36	1.1755e-36	4.1590e-17	0.00e+00	0.00e+00	1.6531e+01
2.71756e+18	4.7332e+03	8.326e-22	2.7826e+01	1.1529e+01	9.2719e-08	5.8713e-01	4.1287e-01	9.9484e-01	5.1609e-03	1.2831e-09	9.8422e-11	1.4747e-03	9.9259e-01	5.9361e-03	1.1755e-36	6.4411e-01	3.5589e-01	3.2844e-06	1.1755e-36	1.1755e-36	1.1755e-36	4.6945e-17	0.00e+00	0.00e+00	1.6670e+01
2.71892e+18	4.6799e+03	8.117e-22	2.7826e+01	1.1322e+01	1.0316e-07	5.9467e-01	4.0533e-01	9.9489e-01	5.1150e-03	1.2783e-09	1.0434e-10	1.4526e-03	9.9273e-01	5.8160e-03	1.1755e-36	6.5135e-01	3.4865e-01	3.1481e-06	1.1755e-36	1.1755e-36	1.1755e-36	5.3302e-17	0.00e+00	0.00e+00	1.6814e+01
2.72028e+18	4.6283e+03	7.905e-22	2.7826e+01	1.1103e+01	1.1433e-07	6.0189e-01	3.9811e-01	9.9492e-01	5.0760e-03	1.2771e-09	1.1032e-10	1.4288e-03	9.9287e-01	5.7044e-03	1.1755e-36	6.5826e-01	3.4173e-01	3.0205e-06	1.1755e-36	1.1755e-36	1.1755e-36	6.0232e-17	0.00e+00	0.00e+00	1.6958e+01
2.72166e+18	4.5688e+03	7.699e-22	2.7826e+01	1.0893e+01	1.2838e-07	6.0971e-01	3.9029e-01	9.9497e-01	5.0281e-03	1.2714e-09	1.1753e-10	1.4067e-03	9.9301e-01	5.5816e-03	1.1755e-36	6.6572e-01	3.3428e-01	2.8916e-06	1.1755e-36	1.1755e-36	1.1755e-36	6.9244e-17	0.00e+00	0.00e+00	1.7107e+01
2.72299e+18	4.5124e+03	7.501e-22	2.7826e+01	1.0689e+01	1.4321e-07	6.1710e-01	3.8290e-01	9.9501e-01	4.9868e-03	1.2678e-09	1.2483e-10	1.3849e-03	9.9315e-01	5.4685e-03	1.1755e-36	6.7275e-01	3.2724e-01	2.7737e-06	1.1755e-36	1.1755e-36	1.1755e-36	7.9113e-17	0.00e+00	0.00e+00	1.7245e+01
2.72424e+18	4.4570e+03	7.316e-22	2.7826e+01	1.0493e+01	1.5913e-07	6.2407e-01	3.7593e-01	9.9505e-01	4.9485e-03	1.2648e-09	1.3225e-10	1.3642e-03	9.9327e-01	5.3625e-03	1.1755e-36	6.7936e-01	3.2063e-01	2.6668e-06	1.1755e-36	1.1755e-36	1.1755e-36	8.9951e-17	0.00e+00	0.00e+00	1.7379e+01
2.72547e+18	4.4015e+03	7.135e-22	2.7826e+01	1.0302e+01	1.7665e-07	6.3097e-01	3.6903e-01	9.9509e-01	4.9106e-03	1.2616e-09	1.4011e-10	1.3440e-03	9.9340e-01	5.2579e-03	1.1755e-36	6.8589e-01	3.1411e-01	2.5646e-06	1.1755e-36	1.1755e-36	1.1755e-36	1.0231e-16	0.00e+00	0.00e+00	1.7515e+01
2.72670e+18	4.3445e+03	6.955e-22	2.7826e+01	1.0110e+01	1.9630e-07	6.3791e-01	3.6209e-01	9.9513e-01	4.8729e-03	1.2584e-09	1.4857e-10	1.3238e-03	9.9352e-01	5.1534e-03	1.1755e-36	6.9244e-01	3.0756e-01	2.4653e-06	1.1755e-36	1.1755e-36	1.1755e-36	1.1662e-16	0.00e+00	0.00e+00	1.7654e+01
2.72793e+18	4.2820e+03	6.777e-22	2.7826e+01	9.9134e+00	2.1947e-07	6.4498e-01	3.5502e-01	9.9517e-01	4.8338e-03	1.2546e-09	1.5789e-10	1.3035e-03	9.9365e-01	5.0477e-03	1.1755e-36	6.9910e-01	3.0090e-01	2.3690e-06	1.1755e-36	1.1755e-36	1.1755e-36	1.3371e-16	0.00e+00	0.00e+00	1.7794e+01
2.72914e+18	4.2277e+03	6.605e-22	2.7826e+01	9.7274e+00	2.4192e-07	6.5164e-01	3.4836e-01	9.9520e-01	4.8008e-03	1.2531e-09	1.6691e-10	1.2839e-03	9.9377e-01	4.9502e-03	1.1755e-36	7.0534e-01	2.9466e-01	2.2795e-06	1.1755e-36	1.1755e-36	1.1755e-36	1.5135e-16	0.00e+00	0.00e+00	1.7928e+01
2.73035e+18	4.1616e+03	6.433e-22	2.7826e+01	9.5341e+00	2.7051e-07	6.5873e-01	3.4127e-01	9.9524e-01	4.7609e-03	1.2484e-09	1.7738e-10	1.2643e-03	9.9389e-01	4.8450e-03	1.1755e-36	7.1198e-01	2.8802e-01	2.1898e-06	1.1755e-36	1.1755e-36	1.1755e-36	1.7359e-16	0.00e+00	0.00e+00	1.8074e+01
2.73158e+18	4.0993e+03	6.261e-22	2.7826e+01	9.3412e+00	2.9985e-07	6.6563e-01	3.3437e-01	9.9527e-01	4.7259e-03	1.2461e-09	1.8784e-10	1.2445e-03	9.9401e-01	4.7452e-03	1.1755e-36	7.1843e-01	2.8157e-01	2.1043e-06	1.1755e-36	1.1755e-36	1.1755e-36	1.9737e-16	0.00e+00	0.00e+00	1.8213e+01
2.73279e+18	4.0406e+03	6.091e-22	2.7826e+01	9.1460e+00	3.2919e-07	6.7216e-01	3.2784e-01	9.9530e-01	4.6967e-03	1.2466e-09	1.9781e-10	1.2240e-03	9.9412e-01	4.6520e-03	1.1755e-36	7.2450e-01	2.7550e-01	2.0244e-06	1.1755e-36	1.1755e-36	1.1755e-36	2.2165e-16	0.00e+00	0.00e+00	1.8357e+01
2.73408e+18	3.9666e+03	5.913e-22	2.7826e+01	8.9387e+00	3.6750e-07	6.7966e-01	3.2034e-01	9.9534e-01	4.6563e-03	1.2425e-09	2.0987e-10	1.2034e-03	9.9425e-01	4.5436e-03	1.1755e-36	7.3146e-01	2.6854e-01	1.9385e-06	1.1755e-36	1.1755e-36	1.1755e-36	2.5317e-16	0.00e+00	0.00e+00	1.8521e+01
###########################
1.93338e+14	6.7253e+03	2.366e-21	2.7826e+01	3.0003e+01	4.1987e-13	5.7041e-03	9.9430e-01	3.4989e-02	9.6440e-01	6.1274e-04	6.3991e-16	6.3425e-04	4.0179e-01	5.9744e-01	1.3742e-04	5.2801e-03	8.1112e-01	1.8357e-01	2.5583e-05	1.1755e-36	1.1755e-36	3.5391e-24	0.00e+00	0.00e+00	3.8753e-04
1.16003e+15	6.7219e+03	2.365e-21	2.7826e+01	2.9996e+01	4.2070e-13	5.7011e-03	9.9430e-01	3.4992e-02	9.6440e-01	6.1211e-04	6.3919e-16	6.3223e-04	4.0182e-01	5.9741e-01	1.3757e-04	5.2771e-03	8.1106e-01	1.8364e-01	2.5508e-05	1.1755e-36	1.1755e-36	3.5322e-24	0.00e+00	0.00e+00	1.9368e-03
5.02679e+15	6.7126e+03	2.361e-21	2.7826e+01	2.9994e+01	4.2365e-13	5.7004e-03	9.9430e-01	3.5046e-02	9.6435e-01	6.0746e-04	6.3972e-16	6.3205e-04	4.0223e-01	5.9700e-01	1.3697e-04	5.2789e-03	8.1128e-01	1.8342e-01	2.5106e-05	1.1755e-36	1.1755e-36	3.5275e-24	0.00e+00	0.00e+00	8.1332e-03
2.04938e+16	6.6950e+03	2.348e-21	2.7826e+01	2.9992e+01	4.3067e-13	5.7071e-03	9.9429e-01	3.5272e-02	9.6414e-01	5.8535e-04	6.4447e-16	6.3525e-04	4.0392e-01	5.9531e-01	1.3493e-04	5.2973e-03	8.1245e-01	1.8223e-01	2.3506e-05	1.1755e-36	1.1755e-36	3.5342e-24	0.00e+00	0.00e+00	3.2948e-02
4.89532e+16	6.6161e+03	2.304e-21	2.7826e+01	2.9993e+01	4.4661e-13	5.6393e-03	9.9436e-01	3.5415e-02	9.6402e-01	5.6721e-04	6.2988e-16	6.3282e-04	4.0535e-01	5.9388e-01	1.3271e-04	5.2480e-03	8.1336e-01	1.8137e-01	2.1605e-05	1.1755e-36	1.1755e-36	3.3662e-24	0.00e+00	0.00e+00	6.4824e-02
8.59504e+16	6.5353e+03	2.262e-21	2.7826e+01	2.9994e+01	4.6916e-13	5.6016e-03	9.9440e-01	3.5738e-02	9.6373e-01	5.2914e-04	6.2461e-16	6.3504e-04	4.0801e-01	5.9122e-01	1.2906e-04	5.2361e-03	8.1535e-01	1.7939e-01	1.9119e-05	1.1755e-36	1.1755e-36	3.2580e-24	0.00e+00	0.00e+00	1.0599e-01
1.34047e+17	6.4501e+03	2.219e-21	2.7826e+01	2.9993e+01	5.0017e-13	5.5898e-03	9.9441e-01	3.6276e-02	9.6325e-01	4.7265e-04	6.2769e-16	6.4128e-04	4.1212e-01	5.8711e-01	1.2393e-04	5.2584e-03	8.1854e-01	1.7618e-01	1.6144e-05	1.1755e-36	1.1755e-36	3.1957e-24	0.00e+00	0.00e+00	1.5938e-01
1.96572e+17	6.3593e+03	2.176e-21	2.7826e+01	2.9990e+01	5.4293e-13	5.6110e-03	9.9439e-01	3.7109e-02	9.6249e-01	3.9935e-04	6.4137e-16	6.5259e-04	4.1817e-01	5.8106e-01	1.1720e-04	5.3245e-03	8.2318e-01	1.7148e-01	1.2824e-05	1.1755e-36	1.1755e-36	3.1861e-24	0.00e+00	0.00e+00	2.2907e-01
2.77855e+17	6.2636e+03	2.133e-21	2.7826e+01	2.9985e+01	6.0334e-13	5.6797e-03	9.9432e-01	3.8371e-02	9.6131e-01	3.1396e-04	6.7122e-16	6.7115e-04	4.2695e-01	5.7227e-01	1.0879e-04	5.4524e-03	8.2966e-01	1.6488e-01	9.3991e-06	1.1755e-36	1.1755e-36	3.2567e-24	0.00e+00	0.00e+00	3.2076e-01
3.83522e+17	6.1662e+03	2.091e-21	2.7826e+01	2.9976e+01	6.9034e-13	5.8203e-03	9.9418e-01	4.0304e-02	9.5947e-01	2.2512e-04	7.2712e-16	7.0089e-04	4.3966e-01	5.5955e-01	9.8704e-05	5.6725e-03	8.3847e-01	1.5585e-01	6.1954e-06	1.1755e-36	1.1755e-36	3.4555e-24	0.00e+00	0.00e+00	4.4291e-01
5.20890e+17	6.0710e+03	2.054e-21	2.7826e+01	2.9961e+01	8.2045e-13	6.0761e-03	9.9392e-01	4.3326e-02	9.5653e-01	1.4371e-04	8.2838e-16	7.4804e-04	4.5821e-01	5.4095e-01	8.6922e-05	6.0384e-03	8.5025e-01	1.4371e-01	3.5479e-06	1.1755e-36	1.1755e-36	3.8769e-24	0.00e+00	0.00e+00	6.0870e-01
6.99469e+17	5.9852e+03	2.026e-21	2.7826e+01	2.9940e+01	1.0285e-12	6.5281e-03	9.9347e-01	4.8285e-02	9.5164e-01	7.9441e-05	1.0205e-15	8.2418e-04	4.8582e-01	5.1328e-01	7.3312e-05	6.6514e-03	8.6579e-01	1.2756e-01	1.6825e-06	1.1755e-36	1.1755e-36	4.7624e-24	0.00e+00	0.00e+00	8.4024e-01
8.97505e+17	5.9150e+03	2.009e-21	2.7826e+01	2.9908e+01	1.3229e-12	7.1500e-03	9.9285e-01	5.5217e-02	9.4474e-01	4.0832e-05	1.3164e-15	9.2367e-04	5.1992e-01	4.7910e-01	6.0181e-05	7.4778e-03	8.8238e-01	1.1014e-01	7.2495e-07	1.1755e-36	1.1755e-36	6.1995e-24	0.00e+00	0.00e+00	1.0842e+00
1.07646e+18	5.8874e+03	2.010e-21	2.7826e+01	2.9860e+01	1.6697e-12	7.9091e-03	9.9209e-01	6.3695e-02	9.3628e-01	2.2435e-05	1.7327e-15	1.0367e-03	5.5591e-01	4.4301e-01	4.9217e-05	8.4652e-03	8.9738e-01	9.4154e-02	3.2901e-07	1.1755e-36	1.1755e-36	8.3774e-24	0.00e+00	0.00e+00	1.3117e+00
1.22830e+18	5.8896e+03	2.026e-21	2.7826e+01	2.9814e+01	2.0639e-12	8.7737e-03	9.9123e-01	7.3666e-02	9.2632e-01	1.3602e-05	2.2917e-15	1.1566e-03	5.9156e-01	4.0724e-01	4.0266e-05	9.5768e-03	9.1019e-01	8.0232e-02	1.6258e-07	1.1755e-36	1.1755e-36	1.1525e-23	0.00e+00	0.00e+00	1.5275e+00
1.36005e+18	5.9055e+03	2.048e-21	2.7826e+01	2.9758e+01	2.5269e-12	9.7419e-03	9.9026e-01	8.5322e-02	9.1467e-01	8.8388e-06	3.0316e-15	1.2813e-03	6.2663e-01	3.7205e-01	3.2795e-05	1.0815e-02	9.2113e-01	6.8055e-02	1.1755e-36	1.1755e-36	1.1755e-36	1.5982e-23	0.00e+00	0.00e+00	1.7389e+00
1.47837e+18	5.9275e+03	2.077e-21	2.7826e+01	2.9700e+01	3.0963e-12	1.0848e-02	9.8915e-01	9.9492e-02	9.0050e-01	6.0104e-06	4.0321e-15	1.4126e-03	6.6180e-01	3.3676e-01	2.6362e-05	1.2226e-02	9.3062e-01	5.7157e-02	1.1755e-36	1.1755e-36	1.1755e-36	2.2416e-23	0.00e+00	0.00e+00	1.9546e+00
1.58750e+18	5.9552e+03	2.109e-21	2.7826e+01	2.9614e+01	3.8060e-12	1.2123e-02	9.8788e-01	1.1687e-01	8.8312e-01	4.1959e-06	5.3996e-15	1.5503e-03	6.9712e-01	3.0131e-01	2.0804e-05	1.3848e-02	9.3881e-01	4.7337e-02	1.1755e-36	1.1755e-36	1.1755e-36	3.1826e-23	0.00e+00	0.00e+00	2.1785e+00
1.68931e+18	5.9862e+03	2.144e-21	2.7826e+01	2.9526e+01	4.7210e-12	1.3623e-02	9.8638e-01	1.3921e-01	8.6078e-01	2.9968e-06	7.3267e-15	1.6959e-03	7.3284e-01	2.6545e-01	1.5988e-05	1.5753e-02	9.4579e-01	3.8461e-02	1.1755e-36	1.1755e-36	1.1755e-36	4.6060e-23	0.00e+00	0.00e+00	2.4143e+00
1.78452e+18	6.0223e+03	2.182e-21	2.7826e+01	2.9420e+01	5.8982e-12	1.5388e-02	9.8461e-01	1.6808e-01	8.3191e-01	2.1716e-06	1.0069e-14	1.8472e-03	7.6838e-01	2.2976e-01	1.1915e-05	1.7991e-02	9.5146e-01	3.0553e-02	1.1755e-36	1.1755e-36	1.1755e-36	6.7872e-23	0.00e+00	0.00e+00	2.6628e+00
1.87159e+18	6.0458e+03	2.223e-21	2.7826e+01	2.9281e+01	7.5250e-12	1.7451e-02	9.8255e-01	2.0493e-01	7.9507e-01	1.5896e-06	1.3960e-14	1.9969e-03	8.0251e-01	1.9548e-01	8.6156e-06	2.0600e-02	9.5563e-01	2.3773e-02	1.1755e-36	1.1755e-36	1.1755e-36	1.0101e-22	0.00e+00	0.00e+00	2.9149e+00
1.94802e+18	6.0838e+03	2.259e-21	2.7826e+01	2.9146e+01	9.4100e-12	1.9718e-02	9.8028e-01	2.5010e-01	7.4990e-01	1.1916e-06	1.9232e-14	2.1371e-03	8.3309e-01	1.6477e-01	6.1363e-06	2.3459e-02	9.5826e-01	1.8278e-02	1.1755e-36	1.1755e-36	1.1755e-36	1.4933e-22	0.00e+00	0.00e+00	3.1597e+00
2.01395e+18	6.1069e+03	2.292e-21	2.7826e+01	2.8970e+01	1.1815e-11	2.2167e-02	9.7783e-01	3.0331e-01	6.9669e-01	9.0501e-07	2.6194e-14	2.2605e-03	8.5941e-01	1.3833e-01	4.3365e-06	2.6539e-02	9.5949e-01	1.3976e-02	1.1755e-36	1.1755e-36	1.1755e-36	2.1661e-22	0.00e+00	0.00e+00	3.3980e+00
2.07193e+18	6.1339e+03	2.317e-21	2.7826e+01	2.8760e+01	1.4633e-11	2.4785e-02	9.7521e-01	3.6472e-01	6.3528e-01	6.8961e-07	3.5336e-14	2.3671e-03	8.8172e-01	1.1591e-01	3.0458e-06	2.9824e-02	9.5957e-01	1.0605e-02	1.1755e-36	1.1755e-36	1.1755e-36	3.0916e-22	0.00e+00	0.00e+00	3.6366e+00
2.12476e+18	6.1472e+03	2.335e-21	2.7826e+01	2.8472e+01	1.8321e-11	2.7674e-02	9.7233e-01	4.3527e-01	5.6473e-01	5.1660e-07	4.7644e-14	2.4563e-03	9.0070e-01	9.6839e-02	2.1113e-06	3.3438e-02	9.5863e-01	7.9358e-03	1.1755e-36	1.1755e-36	1.1755e-36	4.3719e-22	0.00e+00	0.00e+00	3.8840e+00
2.17432e+18	6.1752e+03	2.350e-21	2.7826e+01	2.8234e+01	2.2787e-11	3.0984e-02	9.6902e-01	5.1592e-01	4.8408e-01	3.7867e-07	6.5289e-14	2.5387e-03	9.1696e-01	8.0497e-02	1.4315e-06	3.7565e-02	9.5664e-01	5.7953e-03	1.1755e-36	1.1755e-36	1.1755e-36	6.2931e-22	0.00e+00	0.00e+00	4.1466e+00
2.22105e+18	6.1904e+03	2.358e-21	2.7826e+01	2.7884e+01	2.8807e-11	3.4751e-02	9.6525e-01	6.0206e-01	3.9794e-01	2.6664e-07	8.9927e-14	2.6020e-03	9.3026e-01	6.7137e-02	9.5814e-07	4.2247e-02	9.5361e-01	4.1464e-03	1.1755e-36	1.1755e-36	1.1755e-36	9.0401e-22	0.00e+00	0.00e+00	4.4227e+00
2.26576e+18	6.2044e+03	2.369e-21	2.7826e+01	2.7601e+01	3.7098e-11	3.9298e-02	9.6070e-01	6.8944e-01	3.1056e-01	1.8007e-07	1.2682e-13	2.6616e-03	9.4114e-01	5.6197e-02	6.2821e-07	4.7875e-02	9.4924e-01	2.8865e-03	1.1755e-36	1.1755e-36	1.1755e-36	1.3423e-21	0.00e+00	0.00e+00	4.7280e+00
2.30979e+18	6.2224e+03	2.377e-21	2.7826e+01	2.7273e+01	4.8506e-11	4.4848e-02	9.5515e-01	7.7095e-01	2.2905e-01	1.1516e-07	1.8152e-13	2.7095e-03	9.4979e-01	4.7500e-02	4.0481e-07	5.4719e-02	9.4333e-01	1.9475e-03	1.1755e-36	1.1755e-36	1.1755e-36	2.0469e-21	0.00e+00	0.00e+00	5.0734e+00
2.36020e+18	6.2536e+03	2.372e-21	2.7826e+01	2.6761e+01	6.6720e-11	5.2694e-02	9.4731e-01	8.4836e-01	1.5164e-01	6.4322e-08	2.7483e-13	2.7405e-03	9.5736e-01	3.9898e-02	2.4016e-07	6.4358e-02	9.3445e-01	1.1923e-03	1.1755e-36	1.1755e-36	1.1755e-36	3.3987e-21	0.00e+00	0.00e+00	5.6010e+00
2.41548e+18	6.2829e+03	2.383e-21	2.7826e+01	2.6293e+01	1.0137e-10	6.4927e-02	9.3507e-01	9.0987e-01	9.0133e-02	3.2380e-08	4.5418e-13	2.7757e-03	9.6382e-01	3.3399e-02	1.3107e-07	7.9295e-02	9.2004e-01	6.6265e-04	1.1755e-36	1.1755e-36	1.1755e-36	6.6082e-21	0.00e+00	0.00e+00	6.2123e+00
2.46427e+18	6.3204e+03	2.382e-21	2.7826e+01	2.5772e+01	1.5576e-10	8.0693e-02	9.1931e-01	9.4477e-01	5.5233e-02	1.7329e-08	7.4293e-13	2.7892e-03	9.6849e-01	2.8718e-02	1.1755e-36	9.8408e-02	9.0122e-01	3.7518e-04	1.1755e-36	1.1755e-36	1.1755e-36	1.3252e-20	0.00e+00	0.00e+00	6.8359e+00
2.49985e+18	6.3429e+03	2.371e-21	2.7826e+01	2.5295e+01	2.2828e-10	9.7440e-02	9.0256e-01	9.6129e-01	3.8712e-02	1.1111e-08	1.1231e-12	2.7861e-03	9.7163e-01	2.5587e-02	1.1755e-36	1.1855e-01	8.8121e-01	2.3982e-04	1.1755e-36	1.1755e-36	1.1755e-36	2.4353e-20	0.00e+00	0.00e+00	7.3011e+00
2.52326e+18	6.3590e+03	2.343e-21	2.7826e+01	2.4824e+01	3.0121e-10	1.1160e-01	8.8840e-01	9.6938e-01	3.0625e-02	8.3250e-09	1.5032e-12	2.7656e-03	9.7362e-01	2.3611e-02	1.1755e-36	1.3546e-01	8.6437e-01	1.7514e-04	1.1755e-36	1.1755e-36	1.1755e-36	3.7647e-20	0.00e+00	0.00e+00	7.6862e+00
2.54584e+18	6.3586e+03	2.307e-21	2.7826e+01	2.4338e+01	4.0755e-10	1.2838e-01	8.7162e-01	9.7586e-01	2.4135e-02	6.2026e-09	2.0359e-12	2.7408e-03	9.7568e-01	2.1581e-02	1.1755e-36	1.5536e-01	8.4451e-01	1.2597e-04	1.1755e-36	1.1755e-36	1.1755e-36	5.9445e-20	0.00e+00	0.00e+00	8.2621e+00
2.57134e+18	6.3460e+03	2.246e-21	2.7826e+01	2.3656e+01	5.9883e-10	1.5250e-01	8.4750e-01	9.8136e-01	1.8637e-02	4.5319e-09	2.9533e-12	2.6961e-03	9.7795e-01	1.9351e-02	1.1755e-36	1.8368e-01	8.1623e-01	8.5268e-05	1.1755e-36	1.1755e-36	1.1755e-36	1.0481e-19	0.00e+00	0.00e+00	8.9442e+00
2.59423e+18	6.3158e+03	2.162e-21	2.7826e+01	2.2844e+01	9.0048e-10	1.8140e-01	8.1860e-01	9.8514e-01	1.4859e-02	3.4681e-09	4.3048e-12	2.6326e-03	9.8005e-01	1.7319e-02	1.1755e-36	2.1720e-01	7.8274e-01	5.8360e-05	1.1755e-36	1.1755e-36	1.1755e-36	1.8736e-19	0.00e+00	0.00e+00	9.5922e+00
2.61416e+18	6.2635e+03	2.057e-21	2.7826e+01	2.1929e+01	1.3620e-09	2.1385e-01	7.8615e-01	9.8780e-01	1.2199e-02	2.7622e-09	6.1788e-12	2.5530e-03	9.8197e-01	1.5472e-02	1.1755e-36	2.5431e-01	7.4565e-01	4.0655e-05	1.1755e-36	1.1755e-36	1.1755e-36	3.2871e-19	0.00e+00	0.00e+00	1.0326e+01
2.63328e+18	6.1807e+03	1.922e-21	2.7826e+01	2.0825e+01	2.1582e-09	2.5332e-01	7.4668e-01	9.8987e-01	1.0134e-02	2.2468e-09	9.0237e-12	2.4499e-03	9.8387e-01	1.3678e-02	1.1755e-36	2.9869e-01	7.0128e-01	2.7928e-05	1.1755e-36	1.1755e-36	1.1755e-36	5.9683e-19	0.00e+00	0.00e+00	1.1159e+01
2.64970e+18	6.0720e+03	1.773e-21	2.7826e+01	1.9623e+01	3.4436e-09	2.9642e-01	7.0358e-01	9.9127e-01	8.7304e-03	1.9227e-09	1.2935e-11	2.3315e-03	9.8553e-01	1.2143e-02	1.1755e-36	3.4624e-01	6.5374e-01	1.9691e-05	1.1755e-36	1.1755e-36	1.1755e-36	1.0629e-18	0.00e+00	0.00e+00	1.1894e+01
2.66137e+18	5.9637e+03	1.643e-21	2.7826e+01	1.8587e+01	5.0641e-09	3.3352e-01	6.6648e-01	9.9210e-01	7.8991e-03	1.7457e-09	1.7094e-11	2.2262e-03	9.8672e-01	1.1050e-02	1.1755e-36	3.8643e-01	6.1356e-01	1.5075e-05	1.1755e-36	1.1755e-36	1.1755e-36	1.6775e-18	0.00e+00	0.00e+00	1.2434e+01
2.66929e+18	5.8709e+03	1.546e-21	2.7826e+01	1.7807e+01	6.7723e-09	3.6186e-01	6.3814e-01	9.9261e-01	7.3892e-03	1.6419e-09	2.0871e-11	2.1455e-03	9.8755e-01	1.0302e-02	1.1755e-36	4.1667e-01	5.8332e-01	1.2453e-05	1.1755e-36	1.1755e-36	1.1755e-36	2.3426e-18	0.00e+00	0.00e+00	1.2855e+01
2.67562e+18	5.7828e+03	1.462e-21	2.7826e+01	1.7122e+01	8.6993e-09	3.8607e-01	6.1393e-01	9.9299e-01	7.0127e-03	1.5686e-09	2.4568e-11	2.0738e-03	9.8822e-01	9.7040e-03	1.1755e-36	4.4221e-01	5.5778e-01	1.0628e-05	1.1755e-36	1.1755e-36	1.1755e-36	3.0945e-18	0.00e+00	0.00e+00	1.3265e+01
2.68166e+18	5.6859e+03	1.378e-21	2.7826e+01	1.6433e+01	1.1256e-08	4.1075e-01	5.8925e-01	9.9333e-01	6.6696e-03	1.5035e-09	2.8896e-11	2.0011e-03	9.8887e-01	9.1319e-03	1.1755e-36	4.6795e-01	5.3204e-01	9.0905e-06	1.1755e-36	1.1755e-36	1.1755e-36	4.1092e-18	0.00e+00	0.00e+00	1.3701e+01
2.68601e+18	5.6120e+03	1.317e-21	2.7826e+01	1.5917e+01	1.3638e-08	4.2924e-01	5.7076e-01	9.9353e-01	6.4740e-03	1.4724e-09	3.2559e-11	1.9461e-03	9.8929e-01	8.7667e-03	1.1755e-36	4.8705e-01	5.1294e-01	8.1426e-06	1.1755e-36	1.1755e-36	1.1755e-36	5.0885e-18	0.00e+00	0.00e+00	1.3901e+01
2.68810e+18	5.5723e+03	1.287e-21	2.7826e+01	1.5663e+01	1.5047e-08	4.3847e-01	5.6153e-01	9.9362e-01	6.3775e-03	1.4566e-09	3.4560e-11	1.9191e-03	9.8950e-01	8.5842e-03	1.1755e-36	4.9653e-01	5.0346e-01	7.7103e-06	1.1755e-36	1.1755e-36	1.1755e-36	5.6725e-18	0.00e+00	0.00e+00	1.4019e+01
2.68967e+18	5.5401e+03	1.263e-21	2.7826e+01	1.5464e+01	1.6260e-08	4.4562e-01	5.5438e-01	9.9370e-01	6.2967e-03	1.4425e-09	3.6195e-11	1.8978e-03	9.8967e-01	8.4359e-03	1.1755e-36	5.0385e-01	4.9614e-01	7.3854e-06	1.1755e-36	1.1755e-36	1.1755e-36	6.1759e-18	0.00e+00	0.00e+00	1.4146e+01
2.69154e+18	5.5005e+03	1.235e-21	2.7826e+01	1.5218e+01	1.7866e-08	4.5423e-01	5.4577e-01	9.9380e-01	6.2009e-03	1.4261e-09	3.8260e-11	1.8715e-03	9.8987e-01	8.2578e-03	1.1755e-36	5.1263e-01	4.8737e-01	7.0111e-06	1.1755e-36	1.1755e-36	1.1755e-36	6.8469e-18	0.00e+00	0.00e+00	1.4315e+01
2.69377e+18	5.4509e+03	1.200e-21	2.7826e+01	1.4927e+01	2.0060e-08	4.6470e-01	5.3530e-01	9.9391e-01	6.0932e-03	1.4081e-09	4.0959e-11	1.8403e-03	9.9011e-01	8.0490e-03	1.1755e-36	5.2326e-01	4.7673e-01	6.5883e-06	1.1755e-36	1.1755e-36	1.1755e-36	7.7853e-18	0.00e+00	0.00e+00	1.4507e+01
2.69602e+18	5.3996e+03	1.166e-21	2.7826e+01	1.4630e+01	2.2593e-08	4.7537e-01	5.2463e-01	9.9401e-01	5.9929e-03	1.3925e-09	4.3924e-11	1.8084e-03	9.9035e-01	7.8464e-03	1.1755e-36	5.3404e-01	4.6595e-01	6.1895e-06	1.1755e-36	1.1755e-36	1.1755e-36	8.8979e-18	0.00e+00	0.00e+00	1.4686e+01
2.69806e+18	5.3446e+03	1.136e-21	2.7826e+01	1.4369e+01	2.5485e-08	4.8561e-01	5.1439e-01	9.9410e-01	5.8979e-03	1.3754e-09	4.7103e-11	1.7808e-03	9.9057e-01	7.6536e-03	1.1755e-36	5.4436e-01	4.5564e-01	5.8398e-06	1.1755e-36	1.1755e-36	1.1755e-36	1.0193e-17	0.00e+00	0.00e+00	1.4850e+01
2.69986e+18	5.3044e+03	1.108e-21	2.7826e+01	1.4117e+01	2.8011e-08	4.9417e-01	5.0583e-01	9.9417e-01	5.8268e-03	1.3669e-09	4.9827e-11	1.7533e-03	9.9075e-01	7.5010e-03	1.1755e-36	5.5292e-01	4.4707e-01	5.5542e-06	1.1755e-36	1.1755e-36	1.1755e-36	1.1380e-17	0.00e+00	0.00e+00	1.4996e+01
2.70164e+18	5.2521e+03	1.080e-21	2.7826e+01	1.3869e+01	3.1321e-08	5.0330e-01	4.9670e-01	9.9425e-01	5.7477e-03	1.3540e-09	5.3103e-11	1.7269e-03	9.9094e-01	7.3339e-03	1.1755e-36	5.6205e-01	4.3795e-01	5.2728e-06	1.1755e-36	1.1755e-36	1.1755e-36	1.2924e-17	0.00e+00	0.00e+00	1.5162e+01
2.70347e+18	5.2028e+03	1.052e-21	2.7826e+01	1.3612e+01	3.4914e-08	5.1244e-01	4.8756e-01	9.9432e-01	5.6756e-03	1.3444e-09	5.6598e-11	1.6990e-03	9.9113e-01	7.1740e-03	1.1755e-36	5.7114e-01	4.2885e-01	5.0036e-06	1.1755e-36	1.1755e-36	1.1755e-36	1.4694e-17	0.00e+00	0.00e+00	1.5322e+01
2.70521e+18	5.1553e+03	1.024e-21	2.7826e+01	1.3364e+01	3.8780e-08	5.2130e-01	4.7870e-01	9.9439e-01	5.6080e-03	1.3358e-09	6.0268e-11	1.6721e-03	9.9131e-01	7.0215e-03	1.1755e-36	5.7991e-01	4.2008e-01	4.7558e-06	1.1755e-36	1.1755e-36	1.1755e-36	1.6697e-17	0.00e+00	0.00e+00	1.5479e+01
2.70694e+18	5.1048e+03	9.969e-22	2.7826e+01	1.3111e+01	4.3233e-08	5.3010e-01	4.6990e-01	9.9446e-01	5.5423e-03	1.3280e-09	6.4267e-11	1.6447e-03	9.9148e-01	6.8728e-03	1.1755e-36	5.8861e-01	4.1139e-01	4.5222e-06	1.1755e-36	1.1755e-36	1.1755e-36	1.9061e-17	0.00e+00	0.00e+00	1.5640e+01
2.70864e+18	5.0467e+03	9.706e-22	2.7826e+01	1.2863e+01	4.8739e-08	5.3921e-01	4.6079e-01	9.9453e-01	5.4739e-03	1.3180e-09	6.8968e-11	1.6184e-03	9.9166e-01	6.7208e-03	1.1755e-36	5.9756e-01	4.0244e-01	4.2989e-06	1.1755e-36	1.1755e-36	1.1755e-36	2.2090e-17	0.00e+00	0.00e+00	1.5799e+01
2.71022e+18	5.0038e+03	9.454e-22	2.7826e+01	1.2629e+01	5.3615e-08	5.4717e-01	4.5283e-01	9.9458e-01	5.4236e-03	1.3146e-09	7.3223e-11	1.5925e-03	9.9181e-01	6.5937e-03	1.1755e-36	6.0534e-01	3.9466e-01	4.1059e-06	1.1755e-36	1.1755e-36	1.1755e-36	2.5026e-17	0.00e+00	0.00e+00	1.5942e+01
2.71178e+18	4.9456e+03	9.212e-22	2.7826e+01	1.2394e+01	6.0260e-08	5.5568e-01	4.4432e-01	9.9464e-01	5.3624e-03	1.3061e-09	7.7904e-11	1.5675e-03	9.9198e-01	6.4486e-03	1.1755e-36	6.1366e-01	3.8633e-01	3.9160e-06	1.1755e-36	1.1755e-36	1.1755e-36	2.8503e-17	0.00e+00	0.00e+00	1.6102e+01
2.71334e+18	4.8889e+03	8.976e-22	2.7826e+01	1.2171e+01	6.7648e-08	5.6430e-01	4.3570e-01	9.9470e-01	5.3030e-03	1.2974e-09	8.2994e-11	1.5438e-03	9.9215e-01	6.3049e-03	1.1755e-36	6.2205e-01	3.7795e-01	3.7337e-06	1.1755e-36	1.1755e-36	1.1755e-36	3.2561e-17	0.00e+00	0.00e+00	1.6248e+01
2.71476e+18	4.8393e+03	8.755e-22	2.7826e+01	1.1954e+01	7.4878e-08	5.7182e-01	4.2818e-01	9.9474e-01	5.2572e-03	1.2935e-09	8.7666e-11	1.5202e-03	9.9230e-01	6.1835e-03	1.1755e-36	6.2934e-01	3.7066e-01	3.5788e-06	1.1755e-36	1.1755e-36	1.1755e-36	3.6589e-17	0.00e+00	0.00e+00	1.6385e+01
2.71614e+18	4.7898e+03	8.541e-22	2.7826e+01	1.1745e+01	8.2869e-08	5.7931e-01	4.2069e-01	9.9479e-01	5.2101e-03	1.2888e-09	9.2683e-11	1.4977e-03	9.9244e-01	6.0616e-03	1.1755e-36	6.3657e-01	3.6342e-01	3.4304e-06	1.1755e-36	1.1755e-36	1.1755e-36	4.1216e-17	0.00e+00	0.00e+00	1.6528e+01
2.71757e+18	4.7312e+03	8.322e-22	2.7826e+01	1.1524e+01	9.3031e-08	5.8728e-01	4.1272e-01	9.9484e-01	5.1587e-03	1.2825e-09	9.8557e-11	1.4744e-03	9.9259e-01	5.9328e-03	1.1755e-36	6.4426e-01	3.5574e-01	3.2817e-06	1.1755e-36	1.1755e-36	1.1755e-36	4.7094e-17	0.00e+00	0.00e+00	1.6678e+01
2.71897e+18	4.6775e+03	8.108e-22	2.7826e+01	1.1306e+01	1.0354e-07	5.9478e-01	4.0522e-01	9.9488e-01	5.1164e-03	1.2798e-09	1.0440e-10	1.4508e-03	9.9273e-01	5.8157e-03	1.1755e-36	6.5145e-01	3.4854e-01	3.1459e-06	1.1755e-36	1.1755e-36	1.1755e-36	5.3405e-17	0.00e+00	0.00e+00	1.6817e+01
2.72029e+18	4.6237e+03	7.907e-22	2.7826e+01	1.1103e+01	1.1515e-07	6.0211e-01	3.9789e-01	9.9493e-01	5.0730e-03	1.2756e-09	1.1063e-10	1.4291e-03	9.9287e-01	5.7004e-03	1.1755e-36	6.5848e-01	3.4152e-01	3.0189e-06	1.1755e-36	1.1755e-36	1.1755e-36	6.0634e-17	0.00e+00	0.00e+00	1.6956e+01
2.72160e+18	4.5730e+03	7.707e-22	2.7826e+01	1.0899e+01	1.2737e-07	6.0921e-01	3.9079e-01	9.9497e-01	5.0339e-03	1.2733e-09	1.1700e-10	1.4071e-03	9.9300e-01	5.5908e-03	1.1755e-36	6.6525e-01	3.3475e-01	2.8990e-06	1.1755e-36	1.1755e-36	1.1755e-36	6.8568e-17	0.00e+00	0.00e+00	1.7096e+01
2.72293e+18	4.5140e+03	7.509e-22	2.7826e+01	1.0696e+01	1.4270e-07	6.1680e-01	3.8320e-01	9.9501e-01	4.9882e-03	1.2679e-09	1.2454e-10	1.3857e-03	9.9314e-01	5.4725e-03	1.1755e-36	6.7247e-01	3.2753e-01	2.7784e-06	1.1755e-36	1.1755e-36	1.1755e-36	7.8717e-17	0.00e+00	0.00e+00	1.7243e+01
2.72424e+18	4.4572e+03	7.316e-22	2.7826e+01	1.0494e+01	1.5914e-07	6.2412e-01	3.7588e-01	9.9505e-01	4.9478e-03	1.2645e-09	1.3230e-10	1.3643e-03	9.9327e-01	5.3612e-03	1.1755e-36	6.7941e-01	3.2058e-01	2.6659e-06	1.1755e-36	1.1755e-36	1.1755e-36	9.0017e-17	0.00e+00	0.00e+00	1.7381e+01
2.72548e+18	4.4006e+03	7.132e-22	2.7826e+01	1.0299e+01	1.7694e-07	6.3108e-01	3.6892e-01	9.9509e-01	4.9102e-03	1.2616e-09	1.4024e-10	1.3437e-03	9.9340e-01	5.2563e-03	1.1755e-36	6.8599e-01	3.1400e-01	2.5631e-06	1.1755e-36	1.1755e-36	1.1755e-36	1.0252e-16	0.00e+00	0.00e+00	1.7517e+01
2.72670e+18	4.3441e+03	6.954e-22	2.7826e+01	1.0108e+01	1.9643e-07	6.3795e-01	3.6205e-01	9.9513e-01	4.8730e-03	1.2585e-09	1.4862e-10	1.3237e-03	9.9352e-01	5.1530e-03	1.1755e-36	6.9248e-01	3.0752e-01	2.4649e-06	1.1755e-36	1.1755e-36	1.1755e-36	1.1671e-16	0.00e+00	0.00e+00	1.7654e+01
2.72792e+18	4.2824e+03	6.778e-22	2.7826e+01	9.9144e+00	2.1931e-07	6.4494e-01	3.5506e-01	9.9517e-01	4.8343e-03	1.2547e-09	1.5782e-10	1.3037e-03	9.9365e-01	5.0485e-03	1.1755e-36	6.9906e-01	3.0094e-01	2.3697e-06	1.1755e-36	1.1755e-36	1.1755e-36	1.3359e-16	0.00e+00	0.00e+00	1.7792e+01
2.72912e+18	4.2281e+03	6.606e-22	2.7826e+01	9.7287e+00	2.4175e-07	6.5159e-01	3.4841e-01	9.9520e-01	4.8012e-03	1.2531e-09	1.6684e-10	1.2841e-03	9.9377e-01	4.9509e-03	1.1755e-36	7.0530e-01	2.9470e-01	2.2801e-06	1.1755e-36	1.1755e-36	1.1755e-36	1.5122e-16	0.00e+00	0.00e+00	1.7927e+01
2.73035e+18	4.1617e+03	6.433e-22	2.7826e+01	9.5346e+00	2.7044e-07	6.5871e-01	3.4129e-01	9.9524e-01	4.7610e-03	1.2484e-09	1.7736e-10	1.2644e-03	9.9389e-01	4.8452e-03	1.1755e-36	7.1197e-01	2.8803e-01	2.1901e-06	1.1755e-36	1.1755e-36	1.1755e-36	1.7353e-16	0.00e+00	0.00e+00	1.8073e+01
2.73158e+18	4.0993e+03	6.262e-22	2.7826e+01	9.3415e+00	2.9982e-07	6.6563e-01	3.3437e-01	9.9527e-01	4.7261e-03	1.2461e-09	1.8783e-10	1.2446e-03	9.9401e-01	4.7453e-03	1.1755e-36	7.1842e-01	2.8158e-01	2.1044e-06	1.1755e-36	1.1755e-36	1.1755e-36	1.9735e-16	0.00e+00	0.00e+00	1.8213e+01
2.73278e+18	4.0407e+03	6.091e-22	2.7826e+01	9.1464e+00	3.2912e-07	6.7215e-01	3.2785e-01	9.9530e-01	4.6969e-03	1.2467e-09	1.9779e-10	1.2241e-03	9.9412e-01	4.6522e-03	1.1755e-36	7.2449e-01	2.7551e-01	2.0246e-06	1.1755e-36	1.1755e-36	1.1755e-36	2.2160e-16	0.00e+00	0.00e+00	1.8357e+01
2.73407e+18	3.9668e+03	5.914e-22	2.7826e+01	8.9392e+00	3.6740e-07	6.7964e-01	3.2036e-01	9.9534e-01	4.6565e-03	1.2425e-09	2.0984e-10	1.2035e-03	9.9425e-01	4.5439e-03	1.1755e-36	7.3145e-01	2.6855e-01	1.9388e-06	1.1755e-36	1.1755e-36	1.1755e-36	2.5309e-16	0.00e+00	0.00e+00	1.8520e+01
