#depth	Te	Htot	hden	eden	2H_2/H	HI	HII	HeI	HeII	HeIII	CO/C	C1	C2	C3	C4	O1	O2	O3	O4	O5	O6	H2O/O	AV(point)	AV(extend)	Tau912
1.48741e+14	6.4295e+03	2.667e-21	2.7826e+01	2.9255e+01	6.5922e-11	2.8637e-02	9.7136e-01	1.0051e-01	8.9879e-01	6.9898e-04	6.1565e-14	5.7194e-03	6.7053e-01	3.2372e-01	3.0174e-05	3.3464e-02	9.2763e-01	3.8904e-02	2.0722e-06	1.1755e-36	1.1755e-36	6.8315e-22	0.00e+00	0.00e+00	1.4970e-03
8.92446e+14	6.4203e+03	2.658e-21	2.7826e+01	2.9202e+01	6.6187e-11	2.8575e-02	9.7143e-01	1.0047e-01	8.9883e-01	6.9903e-04	6.1161e-14	5.6908e-03	6.7047e-01	3.2381e-01	3.0277e-05	3.3392e-02	9.2763e-01	3.8980e-02	2.0747e-06	1.1755e-36	1.1755e-36	6.7547e-22	0.00e+00	0.00e+00	7.4718e-03
3.86726e+15	6.3969e+03	2.644e-21	2.7826e+01	2.9193e+01	6.7752e-11	2.8604e-02	9.7140e-01	1.0096e-01	8.9835e-01	6.9330e-04	6.1403e-14	5.6875e-03	6.7168e-01	3.2260e-01	3.0037e-05	3.3441e-02	9.2772e-01	3.8841e-02	2.0420e-06	1.1755e-36	1.1755e-36	6.7555e-22	0.00e+00	0.00e+00	3.1396e-02
1.57665e+16	6.3273e+03	2.612e-21	2.7826e+01	2.9179e+01	7.4405e-11	2.9003e-02	9.7100e-01	1.0313e-01	8.9620e-01	6.6773e-04	6.3781e-14	5.7599e-03	6.7685e-01	3.1736e-01	2.8821e-05	3.3972e-02	9.2810e-01	3.7921e-02	1.8822e-06	1.1755e-36	1.1755e-36	6.9974e-22	0.00e+00	0.00e+00	1.2843e-01
3.76612e+16	6.0999e+03	2.505e-21	2.7826e+01	2.9177e+01	9.0181e-11	2.8744e-02	9.7126e-01	1.0624e-01	8.9313e-01	6.3641e-04	6.3204e-14	5.7726e-03	6.8448e-01	3.0972e-01	2.7652e-05	3.3758e-02	9.2864e-01	3.7598e-02	1.7576e-06	1.1755e-36	1.1755e-36	6.6042e-22	0.00e+00	0.00e+00	2.5344e-01
5.91277e+16	5.8960e+03	2.419e-21	2.7826e+01	2.9176e+01	1.0822e-10	2.8533e-02	9.7147e-01	1.0892e-01	8.9048e-01	6.0929e-04	6.2617e-14	5.7877e-03	6.9101e-01	3.0318e-01	2.6624e-05	3.3591e-02	9.2914e-01	3.7271e-02	1.6522e-06	1.1755e-36	1.1755e-36	6.2692e-22	0.00e+00	0.00e+00	3.4460e-01
7.60699e+16	5.7903e+03	2.379e-21	2.7826e+01	2.9162e+01	1.2311e-10	2.8822e-02	9.7118e-01	1.1134e-01	8.8808e-01	5.8445e-04	6.4374e-14	5.8620e-03	6.9650e-01	2.9762e-01	2.5483e-05	3.4003e-02	9.2958e-01	3.6413e-02	1.5221e-06	1.1755e-36	1.1755e-36	6.3742e-22	0.00e+00	0.00e+00	4.2413e-01
9.41271e+16	5.7221e+03	2.358e-21	2.7826e+01	2.9134e+01	1.3992e-10	2.9581e-02	9.7042e-01	1.1452e-01	8.8492e-01	5.5416e-04	6.8658e-14	6.0051e-03	7.0314e-01	2.9083e-01	2.3941e-05	3.4986e-02	9.3007e-01	3.4939e-02	1.3466e-06	1.1755e-36	1.1755e-36	6.8530e-22	0.00e+00	0.00e+00	5.3023e-01
1.17602e+17	5.6527e+03	2.338e-21	2.7826e+01	2.9091e+01	1.6433e-10	3.0779e-02	9.6922e-01	1.1898e-01	8.8050e-01	5.1601e-04	7.5654e-14	6.2182e-03	7.1193e-01	2.8183e-01	2.1943e-05	3.6521e-02	9.3059e-01	3.2885e-02	1.1340e-06	1.1755e-36	1.1755e-36	7.6973e-22	0.00e+00	0.00e+00	6.7376e-01
1.48118e+17	5.5889e+03	2.323e-21	2.7826e+01	2.9033e+01	2.0100e-10	3.2699e-02	9.6730e-01	1.2539e-01	8.7414e-01	4.6896e-04	8.7575e-14	6.5403e-03	7.2366e-01	2.6978e-01	1.9397e-05	3.8957e-02	9.3097e-01	3.0068e-02	8.8943e-07	1.1755e-36	1.1755e-36	9.2521e-22	0.00e+00	0.00e+00	8.7197e-01
1.87790e+17	5.5435e+03	2.317e-21	2.7826e+01	2.8932e+01	2.5814e-10	3.5833e-02	9.6417e-01	1.3480e-01	8.6479e-01	4.1274e-04	1.0903e-13	7.0261e-03	7.3924e-01	2.5372e-01	1.6267e-05	4.2903e-02	9.3078e-01	2.6313e-02	6.2946e-07	1.1755e-36	1.1755e-36	1.2319e-21	0.00e+00	0.00e+00	1.1544e+00
2.33922e+17	5.5352e+03	2.319e-21	2.7826e+01	2.8757e+01	3.3850e-10	4.0393e-02	9.5961e-01	1.4705e-01	8.5259e-01	3.5634e-04	1.4463e-13	7.6609e-03	7.5710e-01	2.3522e-01	1.3046e-05	4.8607e-02	9.2930e-01	2.2092e-02	4.0878e-07	1.1755e-36	1.1755e-36	1.8021e-21	0.00e+00	0.00e+00	1.4909e+00
2.82018e+17	5.5810e+03	2.339e-21	2.7826e+01	2.8538e+01	4.4642e-10	4.6925e-02	9.5308e-01	1.6265e-01	8.3704e-01	3.0446e-04	2.0574e-13	8.4555e-03	7.7666e-01	2.1488e-01	9.9913e-06	5.6715e-02	9.2553e-01	1.7752e-02	2.4497e-07	1.1755e-36	1.1755e-36	2.9303e-21	0.00e+00	0.00e+00	1.8931e+00
3.28650e+17	5.6829e+03	2.369e-21	2.7826e+01	2.8247e+01	5.8071e-10	5.5672e-02	9.4433e-01	1.8108e-01	8.1866e-01	2.6124e-04	3.0678e-13	9.3440e-03	7.9621e-01	1.9444e-01	7.4108e-06	6.7493e-02	9.1872e-01	1.3788e-02	1.3965e-07	1.1755e-36	1.1755e-36	5.1322e-21	0.00e+00	0.00e+00	2.3283e+00
3.70327e+17	5.7972e+03	2.408e-21	2.7826e+01	2.7897e+01	7.6708e-10	6.6825e-02	9.3318e-01	2.0194e-01	7.9783e-01	2.2668e-04	4.7028e-13	1.0253e-02	8.1495e-01	1.7479e-01	5.3893e-06	8.1139e-02	9.0835e-01	1.0509e-02	1.1755e-36	1.1755e-36	1.1755e-36	9.3862e-21	0.00e+00	0.00e+00	2.7846e+00
4.06824e+17	5.9270e+03	2.440e-21	2.7826e+01	2.7458e+01	1.0070e-09	8.0359e-02	9.1964e-01	2.2473e-01	7.7507e-01	1.9918e-04	7.2480e-13	1.1098e-02	8.3213e-01	1.5677e-01	3.8921e-06	9.7574e-02	8.9449e-01	7.9353e-03	1.1755e-36	1.1755e-36	1.1755e-36	1.7346e-20	0.00e+00	0.00e+00	3.2666e+00
4.39487e+17	6.0591e+03	2.459e-21	2.7826e+01	2.6933e+01	1.3367e-09	9.6936e-02	9.0306e-01	2.4992e-01	7.4990e-01	1.7638e-04	1.1291e-12	1.1865e-02	8.4823e-01	1.3990e-01	2.7768e-06	1.1754e-01	8.7654e-01	5.9195e-03	1.1755e-36	1.1755e-36	1.1755e-36	3.2598e-20	0.00e+00	0.00e+00	3.7979e+00
4.68909e+17	6.1676e+03	2.465e-21	2.7826e+01	2.6298e+01	1.8440e-09	1.1745e-01	8.8255e-01	2.7780e-01	7.2205e-01	1.5710e-04	1.7863e-12	1.2520e-02	8.6342e-01	1.2406e-01	1.9533e-06	1.4201e-01	8.5363e-01	4.3611e-03	1.1755e-36	1.1755e-36	1.1755e-36	6.2715e-20	0.00e+00	0.00e+00	4.3685e+00
4.94469e+17	6.2620e+03	2.448e-21	2.7826e+01	2.5566e+01	2.5598e-09	1.4143e-01	8.5857e-01	3.0685e-01	6.9301e-01	1.4145e-04	2.8030e-12	1.3005e-02	8.7698e-01	1.1001e-01	1.3800e-06	1.7030e-01	8.2649e-01	3.2150e-03	1.1755e-36	1.1755e-36	1.1755e-36	1.1957e-19	0.00e+00	0.00e+00	4.9517e+00
5.16220e+17	6.3234e+03	2.412e-21	2.7826e+01	2.4830e+01	3.6052e-09	1.6870e-01	8.3130e-01	3.3649e-01	6.6338e-01	1.2843e-04	4.3497e-12	1.3349e-02	8.8905e-01	9.7595e-02	9.8453e-07	2.0207e-01	7.9554e-01	2.3884e-03	1.1755e-36	1.1755e-36	1.1755e-36	2.2535e-19	0.00e+00	0.00e+00	5.5455e+00
5.34879e+17	6.3680e+03	2.338e-21	2.7826e+01	2.3864e+01	4.9730e-09	1.9739e-01	8.0261e-01	3.6518e-01	6.3470e-01	1.1792e-04	6.4521e-12	1.3422e-02	8.9907e-01	8.7504e-02	7.2386e-07	2.3505e-01	7.6315e-01	1.8080e-03	1.1755e-36	1.1755e-36	1.1755e-36	3.9821e-19	0.00e+00	0.00e+00	6.1450e+00
5.51723e+17	6.3791e+03	2.247e-21	2.7826e+01	2.2893e+01	7.0203e-09	2.2975e-01	7.7025e-01	3.9470e-01	6.0520e-01	1.0860e-04	9.5949e-12	1.3392e-02	9.0842e-01	7.8191e-02	5.3260e-07	2.7172e-01	7.2691e-01	1.3674e-03	1.1755e-36	1.1755e-36	1.1755e-36	7.1124e-19	0.00e+00	0.00e+00	6.8071e+00
5.67547e+17	6.3640e+03	2.130e-21	2.7826e+01	2.1794e+01	1.0148e-08	2.6662e-01	7.3338e-01	4.2520e-01	5.7470e-01	1.0034e-04	1.4368e-11	1.3206e-02	9.1713e-01	6.9662e-02	3.9109e-07	3.1284e-01	6.8613e-01	1.0263e-03	1.1755e-36	1.1755e-36	1.1755e-36	1.2953e-18	0.00e+00	0.00e+00	7.5213e+00
5.77643e+17	6.3463e+03	2.038e-21	2.7826e+01	2.0965e+01	1.3157e-08	2.9473e-01	7.0527e-01	4.4456e-01	5.5534e-01	9.6118e-05	1.8964e-11	1.2975e-02	9.2229e-01	6.4738e-02	3.1996e-07	3.4370e-01	6.5546e-01	8.4419e-04	1.1755e-36	1.1755e-36	1.1755e-36	1.9799e-18	0.00e+00	0.00e+00	7.7775e+00
5.81198e+17	6.3287e+03	2.004e-21	2.7826e+01	2.0653e+01	1.4587e-08	3.0537e-01	6.9463e-01	4.5187e-01	5.4804e-01	9.4508e-05	2.1005e-11	1.2878e-02	9.2414e-01	6.2981e-02	2.9740e-07	3.5529e-01	6.4392e-01	7.8634e-04	1.1755e-36	1.1755e-36	1.1755e-36	2.3190e-18	0.00e+00	0.00e+00	7.8935e+00
5.83383e+17	6.3260e+03	1.979e-21	2.7826e+01	2.0460e+01	1.5407e-08	3.1184e-01	6.8816e-01	4.5652e-01	5.4338e-01	9.3501e-05	2.2320e-11	1.2812e-02	9.2531e-01	6.1880e-02	2.8404e-07	3.6230e-01	6.3695e-01	7.5176e-04	1.1755e-36	1.1755e-36	1.1755e-36	2.5441e-18	0.00e+00	0.00e+00	8.0144e+00
5.85920e+17	6.3128e+03	1.951e-21	2.7826e+01	2.0230e+01	1.6602e-08	3.1981e-01	6.8019e-01	4.6217e-01	5.3773e-01	9.2315e-05	2.4062e-11	1.2736e-02	9.2673e-01	6.0531e-02	2.6857e-07	3.7091e-01	6.2838e-01	7.1229e-04	1.1755e-36	1.1755e-36	1.1755e-36	2.8574e-18	0.00e+00	0.00e+00	8.1756e+00
5.89219e+17	6.2929e+03	1.914e-21	2.7826e+01	1.9938e+01	1.8378e-08	3.3068e-01	6.6932e-01	4.6999e-01	5.2992e-01	9.0545e-05	2.6655e-11	1.2640e-02	9.2861e-01	5.8745e-02	2.4917e-07	3.8261e-01	6.1673e-01	6.6276e-04	1.1755e-36	1.1755e-36	1.1755e-36	3.3494e-18	0.00e+00	0.00e+00	8.3922e+00
5.93012e+17	6.2729e+03	1.867e-21	2.7826e+01	1.9545e+01	2.0526e-08	3.4290e-01	6.5710e-01	4.7825e-01	5.2167e-01	8.8938e-05	2.9744e-11	1.2484e-02	9.3059e-01	5.6921e-02	2.2976e-07	3.9569e-01	6.0370e-01	6.1142e-04	1.1755e-36	1.1755e-36	1.1755e-36	3.9768e-18	0.00e+00	0.00e+00	8.6247e+00
5.96786e+17	6.2453e+03	1.821e-21	2.7826e+01	1.9170e+01	2.3160e-08	3.5597e-01	6.4403e-01	4.8687e-01	5.1305e-01	8.7230e-05	3.3455e-11	1.2337e-02	9.3261e-01	5.5052e-02	2.1124e-07	4.0961e-01	5.8983e-01	5.6260e-04	1.1755e-36	1.1755e-36	1.1755e-36	4.7933e-18	0.00e+00	0.00e+00	8.8553e+00
6.00251e+17	6.2183e+03	1.777e-21	2.7826e+01	1.8821e+01	2.5953e-08	3.6847e-01	6.3153e-01	4.9485e-01	5.0506e-01	8.5703e-05	3.7389e-11	1.2196e-02	9.3444e-01	5.3363e-02	1.9540e-07	4.2283e-01	5.7665e-01	5.2037e-04	1.1755e-36	1.1755e-36	1.1755e-36	5.7296e-18	0.00e+00	0.00e+00	9.0653e+00
6.03379e+17	6.1971e+03	1.733e-21	2.7826e+01	1.8465e+01	2.8617e-08	3.7958e-01	6.2042e-01	5.0181e-01	4.9811e-01	8.4507e-05	4.1138e-11	1.2036e-02	9.3601e-01	5.1953e-02	1.8255e-07	4.3452e-01	5.6499e-01	4.8522e-04	1.1755e-36	1.1755e-36	1.1755e-36	6.6835e-18	0.00e+00	0.00e+00	9.2662e+00
6.06504e+17	6.1625e+03	1.692e-21	2.7826e+01	1.8137e+01	3.2118e-08	3.9181e-01	6.0819e-01	5.0950e-01	4.9042e-01	8.3055e-05	4.5860e-11	1.1896e-02	9.3771e-01	5.0394e-02	1.6954e-07	4.4733e-01	5.5222e-01	4.5053e-04	1.1755e-36	1.1755e-36	1.1755e-36	7.9864e-18	0.00e+00	0.00e+00	9.4890e+00
6.09608e+17	6.1402e+03	1.646e-21	2.7826e+01	1.7768e+01	3.5452e-08	4.0336e-01	5.9664e-01	5.1642e-01	4.8350e-01	8.1964e-05	5.0550e-11	1.1720e-02	9.3923e-01	4.9052e-02	1.5839e-07	4.5935e-01	5.4023e-01	4.1946e-04	1.1755e-36	1.1755e-36	1.1755e-36	9.3684e-18	0.00e+00	0.00e+00	9.6995e+00
6.12671e+17	6.1061e+03	1.602e-21	2.7826e+01	1.7411e+01	3.9677e-08	4.1559e-01	5.8441e-01	5.2369e-01	4.7623e-01	8.0777e-05	5.6195e-11	1.1552e-02	9.4081e-01	4.7637e-02	1.4751e-07	4.7202e-01	5.2759e-01	3.8967e-04	1.1755e-36	1.1755e-36	1.1755e-36	1.1179e-17	0.00e+00	0.00e+00	9.9301e+00
6.15733e+17	6.0656e+03	1.558e-21	2.7826e+01	1.7066e+01	4.4787e-08	4.2848e-01	5.7152e-01	5.3124e-01	4.6868e-01	7.9477e-05	6.2934e-11	1.1391e-02	9.4240e-01	4.6207e-02	1.3713e-07	4.8530e-01	5.1434e-01	3.6130e-04	1.1755e-36	1.1755e-36	1.1755e-36	1.3539e-17	0.00e+00	0.00e+00	1.0153e+01
6.18515e+17	6.0413e+03	1.515e-21	2.7826e+01	1.6711e+01	4.9187e-08	4.3948e-01	5.6052e-01	5.3732e-01	4.6260e-01	7.8688e-05	6.8973e-11	1.1208e-02	9.4371e-01	4.5084e-02	1.2898e-07	4.9657e-01	5.0309e-01	3.3802e-04	1.1755e-36	1.1755e-36	1.1755e-36	1.5809e-17	0.00e+00	0.00e+00	1.0354e+01
6.21267e+17	5.9991e+03	1.473e-21	2.7826e+01	1.6370e+01	5.5179e-08	4.5138e-01	5.4862e-01	5.4415e-01	4.5577e-01	7.7608e-05	7.6615e-11	1.1039e-02	9.4512e-01	4.3842e-02	1.1755e-36	5.0869e-01	4.9099e-01	3.1532e-04	1.1755e-36	1.1755e-36	1.1755e-36	1.8954e-17	0.00e+00	0.00e+00	1.0584e+01
6.24058e+17	5.9585e+03	1.431e-21	2.7826e+01	1.6032e+01	6.1904e-08	4.6366e-01	5.3634e-01	5.5094e-01	4.4898e-01	7.6568e-05	8.5387e-11	1.0867e-02	9.4650e-01	4.2630e-02	1.1755e-36	5.2114e-01	4.7856e-01	2.9366e-04	1.1755e-36	1.1755e-36	1.1755e-36	2.2884e-17	0.00e+00	0.00e+00	1.0802e+01
6.26627e+17	5.9222e+03	1.390e-21	2.7826e+01	1.5700e+01	6.8663e-08	4.7483e-01	5.2517e-01	5.5692e-01	4.4300e-01	7.5769e-05	9.4165e-11	1.0691e-02	9.4773e-01	4.1578e-02	1.1755e-36	5.3241e-01	4.6732e-01	2.7511e-04	1.1755e-36	1.1755e-36	1.1755e-36	2.7169e-17	0.00e+00	0.00e+00	1.1008e+01
6.29109e+17	5.8899e+03	1.350e-21	2.7826e+01	1.5369e+01	7.5629e-08	4.8552e-01	5.1448e-01	5.6271e-01	4.3722e-01	7.5027e-05	1.0338e-10	1.0512e-02	9.4889e-01	4.0596e-02	1.1755e-36	5.4313e-01	4.5661e-01	2.5820e-04	1.1755e-36	1.1755e-36	1.1755e-36	3.2008e-17	0.00e+00	0.00e+00	1.1221e+01
6.31718e+17	5.8449e+03	1.309e-21	2.7826e+01	1.5025e+01	8.4864e-08	4.9732e-01	5.0268e-01	5.6903e-01	4.3090e-01	7.4180e-05	1.1515e-10	1.0327e-02	9.5015e-01	3.9520e-02	1.1755e-36	5.5491e-01	4.4484e-01	2.4109e-04	1.1755e-36	1.1755e-36	1.1755e-36	3.8801e-17	0.00e+00	0.00e+00	1.1459e+01
6.34325e+17	5.8010e+03	1.268e-21	2.7826e+01	1.4681e+01	9.5117e-08	5.0917e-01	4.9083e-01	5.7514e-01	4.2479e-01	7.3410e-05	1.2838e-10	1.0138e-02	9.5136e-01	3.8497e-02	1.1755e-36	5.6668e-01	4.3310e-01	2.2511e-04	1.1755e-36	1.1755e-36	1.1755e-36	4.7183e-17	0.00e+00	0.00e+00	1.1682e+01
6.36731e+17	5.7514e+03	1.231e-21	2.7826e+01	1.4372e+01	1.0696e-07	5.2066e-01	4.7934e-01	5.8115e-01	4.1878e-01	7.2553e-05	1.4344e-10	9.9702e-03	9.5252e-01	3.7515e-02	1.1755e-36	5.7804e-01	4.2175e-01	2.1086e-04	1.1755e-36	1.1755e-36	1.1755e-36	5.7721e-17	0.00e+00	0.00e+00	1.1894e+01
6.38934e+17	5.7155e+03	1.195e-21	2.7826e+01	1.4068e+01	1.1756e-07	5.3056e-01	4.6944e-01	5.8606e-01	4.1387e-01	7.2049e-05	1.5734e-10	9.7964e-03	9.5348e-01	3.6719e-02	1.1755e-36	5.8777e-01	4.1204e-01	1.9894e-04	1.1755e-36	1.1755e-36	1.1755e-36	6.8293e-17	0.00e+00	0.00e+00	1.2089e+01
6.41140e+17	5.6646e+03	1.160e-21	2.7826e+01	1.3773e+01	1.3178e-07	5.4120e-01	4.5880e-01	5.9166e-01	4.0827e-01	7.1281e-05	1.7535e-10	9.6323e-03	9.5454e-01	3.5832e-02	1.1755e-36	5.9820e-01	4.0162e-01	1.8714e-04	1.1755e-36	1.1755e-36	1.1755e-36	8.3359e-17	0.00e+00	0.00e+00	1.2309e+01
6.43374e+17	5.6289e+03	1.124e-21	2.7826e+01	1.3459e+01	1.4490e-07	5.5118e-01	4.4882e-01	5.9646e-01	4.0347e-01	7.0872e-05	1.9300e-10	9.4486e-03	9.5548e-01	3.5067e-02	1.1755e-36	6.0791e-01	3.9191e-01	1.7629e-04	1.1755e-36	1.1755e-36	1.1755e-36	9.9361e-17	0.00e+00	0.00e+00	1.2517e+01
6.45636e+17	5.5780e+03	1.089e-21	2.7826e+01	1.3147e+01	1.6259e-07	5.6191e-01	4.3809e-01	6.0195e-01	3.9798e-01	7.0215e-05	2.1602e-10	9.2692e-03	9.5651e-01	3.4223e-02	1.1755e-36	6.1832e-01	3.8152e-01	1.6556e-04	1.1755e-36	1.1755e-36	1.1755e-36	1.2241e-16	0.00e+00	0.00e+00	1.2752e+01
6.47914e+17	5.5234e+03	1.053e-21	2.7826e+01	1.2836e+01	1.8345e-07	5.7284e-01	4.2716e-01	6.0734e-01	3.9259e-01	6.9585e-05	2.4332e-10	9.0895e-03	9.5751e-01	3.3401e-02	1.1755e-36	6.2888e-01	3.7096e-01	1.5537e-04	1.1755e-36	1.1755e-36	1.1755e-36	1.5284e-16	0.00e+00	0.00e+00	1.2971e+01
6.49964e+17	5.4759e+03	1.022e-21	2.7826e+01	1.2559e+01	2.0420e-07	5.8267e-01	4.1733e-01	6.1209e-01	3.8784e-01	6.9066e-05	2.7124e-10	8.9272e-03	9.5839e-01	3.2682e-02	1.1755e-36	6.3833e-01	3.6152e-01	1.4668e-04	1.1755e-36	1.1755e-36	1.1755e-36	1.8715e-16	0.00e+00	0.00e+00	1.3168e+01
6.51868e+17	5.4359e+03	9.925e-22	2.7826e+01	1.2292e+01	2.2422e-07	5.9143e-01	4.0857e-01	6.1632e-01	3.8361e-01	6.8688e-05	2.9887e-10	8.7674e-03	9.5918e-01	3.2053e-02	1.1755e-36	6.4671e-01	3.5316e-01	1.3912e-04	1.1755e-36	1.1755e-36	1.1755e-36	2.2416e-16	0.00e+00	0.00e+00	1.3364e+01
6.53869e+17	5.3812e+03	9.621e-22	2.7826e+01	1.2015e+01	2.5159e-07	6.0109e-01	3.9891e-01	6.2119e-01	3.7874e-01	6.8121e-05	3.3603e-10	8.6046e-03	9.6005e-01	3.1342e-02	1.1755e-36	6.5593e-01	3.4394e-01	1.3136e-04	1.1755e-36	1.1755e-36	1.1755e-36	2.7924e-16	0.00e+00	0.00e+00	1.3587e+01
6.55899e+17	5.3277e+03	9.322e-22	2.7826e+01	1.1745e+01	2.8240e-07	6.1095e-01	3.8905e-01	6.2600e-01	3.7393e-01	6.7566e-05	3.7935e-10	8.4443e-03	9.6091e-01	3.0649e-02	1.1755e-36	6.6528e-01	3.3459e-01	1.2389e-04	1.1755e-36	1.1755e-36	1.1755e-36	3.5038e-16	0.00e+00	0.00e+00	1.3796e+01
6.57762e+17	5.2863e+03	9.041e-22	2.7826e+01	1.1482e+01	3.1040e-07	6.1937e-01	3.8063e-01	6.2988e-01	3.7005e-01	6.7310e-05	4.1999e-10	8.2829e-03	9.6163e-01	3.0084e-02	1.1755e-36	6.7324e-01	3.2664e-01	1.1760e-04	1.1755e-36	1.1755e-36	1.1755e-36	4.2385e-16	0.00e+00	0.00e+00	1.3990e+01
6.59641e+17	5.2299e+03	8.767e-22	2.7826e+01	1.1223e+01	3.4845e-07	6.2839e-01	3.7161e-01	6.3440e-01	3.6554e-01	6.6806e-05	4.7454e-10	8.1279e-03	9.6242e-01	2.9453e-02	1.1755e-36	6.8174e-01	3.1815e-01	1.1134e-04	1.1755e-36	1.1755e-36	1.1755e-36	5.3315e-16	0.00e+00	0.00e+00	1.4208e+01
6.61533e+17	5.1760e+03	8.498e-22	2.7826e+01	1.0972e+01	3.9035e-07	6.3746e-01	3.6254e-01	6.3879e-01	3.6114e-01	6.6330e-05	5.3706e-10	7.9762e-03	9.6318e-01	2.8844e-02	1.1755e-36	6.9026e-01	3.0964e-01	1.0536e-04	1.1755e-36	1.1755e-36	1.1755e-36	6.7222e-16	0.00e+00	0.00e+00	1.4411e+01
6.63280e+17	5.1347e+03	8.247e-22	2.7826e+01	1.0732e+01	4.2815e-07	6.4526e-01	3.5474e-01	6.4241e-01	3.5753e-01	6.6099e-05	5.9590e-10	7.8264e-03	9.6384e-01	2.8337e-02	1.1755e-36	6.9756e-01	3.0234e-01	1.0024e-04	1.1755e-36	1.1755e-36	1.1755e-36	8.1608e-16	0.00e+00	0.00e+00	1.4602e+01
6.65077e+17	5.0805e+03	7.994e-22	2.7826e+01	1.0486e+01	4.7866e-07	6.5364e-01	3.4636e-01	6.4656e-01	3.5338e-01	6.5692e-05	6.7425e-10	7.6761e-03	9.6455e-01	2.7775e-02	1.1755e-36	7.0535e-01	2.9455e-01	9.5096e-05	1.1755e-36	1.1755e-36	1.1755e-36	1.0283e-15	0.00e+00	0.00e+00	1.4821e+01
6.66936e+17	5.0235e+03	7.742e-22	2.7826e+01	1.0241e+01	5.3835e-07	6.6239e-01	3.3761e-01	6.5083e-01	3.4910e-01	6.5240e-05	7.6993e-10	7.5268e-03	9.6527e-01	2.7208e-02	1.1755e-36	7.1347e-01	2.8644e-01	9.0012e-05	1.1755e-36	1.1755e-36	1.1755e-36	1.3175e-15	0.00e+00	0.00e+00	1.5031e+01
6.68657e+17	4.9657e+03	7.512e-22	2.7826e+01	1.0007e+01	6.0369e-07	6.7035e-01	3.2965e-01	6.5462e-01	3.4531e-01	6.4889e-05	8.6262e-10	7.3833e-03	9.6593e-01	2.6685e-02	1.1755e-36	7.2084e-01	2.7907e-01	8.5605e-05	1.1755e-36	1.1755e-36	1.1755e-36	1.6336e-15	0.00e+00	0.00e+00	1.5224e+01
6.70226e+17	4.9147e+03	7.306e-22	2.7826e+01	9.8023e+00	6.6910e-07	6.7763e-01	3.2237e-01	6.5817e-01	3.4176e-01	6.4525e-05	9.4903e-10	7.2578e-03	9.6655e-01	2.6192e-02	1.1755e-36	7.2756e-01	2.7236e-01	8.1709e-05	1.1755e-36	1.1755e-36	1.1755e-36	1.9574e-15	0.00e+00	0.00e+00	1.5403e+01
6.71751e+17	4.8649e+03	7.107e-22	2.7826e+01	9.6008e+00	7.3935e-07	6.8455e-01	3.1545e-01	6.6159e-01	3.3835e-01	6.4200e-05	1.0410e-09	7.1333e-03	9.6715e-01	2.5720e-02	1.1755e-36	7.3391e-01	2.6601e-01	7.8098e-05	1.1755e-36	1.1755e-36	1.1755e-36	2.3327e-15	0.00e+00	0.00e+00	1.5589e+01
6.73333e+17	4.8122e+03	6.904e-22	2.7826e+01	9.3933e+00	8.2120e-07	6.9168e-01	3.0832e-01	6.6514e-01	3.3479e-01	6.3856e-05	1.1474e-09	7.0050e-03	9.6776e-01	2.5234e-02	1.1755e-36	7.4044e-01	2.5948e-01	7.4505e-05	1.1755e-36	1.1755e-36	1.1755e-36	2.8056e-15	0.00e+00	0.00e+00	1.5786e+01
6.74959e+17	4.7592e+03	6.699e-22	2.7826e+01	9.1789e+00	9.1258e-07	6.9877e-01	3.0123e-01	6.6860e-01	3.3134e-01	6.3582e-05	1.2654e-09	6.8709e-03	9.6837e-01	2.4759e-02	1.1755e-36	7.4693e-01	2.5300e-01	7.1021e-05	1.1755e-36	1.1755e-36	1.1755e-36	3.3795e-15	0.00e+00	0.00e+00	1.5986e+01
6.76586e+17	4.7041e+03	6.498e-22	2.7826e+01	8.9690e+00	1.0175e-06	7.0591e-01	2.9409e-01	6.7213e-01	3.2781e-01	6.3266e-05	1.3996e-09	6.7402e-03	9.6898e-01	2.4281e-02	1.1755e-36	7.5343e-01	2.4650e-01	6.7664e-05	1.1755e-36	1.1755e-36	1.1755e-36	4.0934e-15	0.00e+00	0.00e+00	1.6187e+01
6.78188e+17	4.6449e+03	6.308e-22	2.7826e+01	8.7693e+00	1.1408e-06	7.1311e-01	2.8688e-01	6.7581e-01	3.2413e-01	6.2846e-05	1.5545e-09	6.6176e-03	9.6959e-01	2.3797e-02	1.1755e-36	7.5997e-01	2.3996e-01	6.4455e-05	1.1755e-36	1.1755e-36	1.1755e-36	4.9995e-15	0.00e+00	0.00e+00	1.6385e+01
6.79706e+17	4.5916e+03	6.129e-22	2.7826e+01	8.5737e+00	1.2641e-06	7.1955e-01	2.8045e-01	6.7892e-01	3.2101e-01	6.2612e-05	1.7077e-09	6.4950e-03	9.7013e-01	2.3376e-02	1.1755e-36	7.6581e-01	2.3413e-01	6.1634e-05	1.1755e-36	1.1755e-36	1.1755e-36	5.9832e-15	0.00e+00	0.00e+00	1.6569e+01
6.81184e+17	4.5352e+03	5.959e-22	2.7826e+01	8.3930e+00	1.4067e-06	7.2606e-01	2.7394e-01	6.8234e-01	3.1760e-01	6.2210e-05	1.8831e-09	6.3841e-03	9.7068e-01	2.2935e-02	1.1755e-36	7.7168e-01	2.2826e-01	5.8913e-05	1.1755e-36	1.1755e-36	1.1755e-36	7.2075e-15	0.00e+00	0.00e+00	1.6760e+01
6.82670e+17	4.4794e+03	5.792e-22	2.7826e+01	8.2093e+00	1.5615e-06	7.3237e-01	2.6763e-01	6.8557e-01	3.1436e-01	6.1889e-05	2.0713e-09	6.2701e-03	9.7122e-01	2.2515e-02	1.1755e-36	7.7737e-01	2.2258e-01	5.6334e-05	1.1755e-36	1.1755e-36	1.1755e-36	8.6430e-15	0.00e+00	0.00e+00	1.6950e+01
6.84152e+17	4.4230e+03	5.628e-22	2.7826e+01	8.0282e+00	1.7332e-06	7.3860e-01	2.6140e-01	6.8881e-01	3.1113e-01	6.1559e-05	2.2773e-09	6.1579e-03	9.7174e-01	2.2098e-02	1.1755e-36	7.8296e-01	2.1698e-01	5.3865e-05	1.1755e-36	1.1755e-36	1.1755e-36	1.0355e-14	0.00e+00	0.00e+00	1.7143e+01
6.85647e+17	4.3610e+03	5.467e-22	2.7826e+01	7.8471e+00	1.9360e-06	7.4494e-01	2.5506e-01	6.9219e-01	3.0775e-01	6.1165e-05	2.5133e-09	6.0473e-03	9.7228e-01	2.1672e-02	1.1755e-36	7.8865e-01	2.1130e-01	5.1462e-05	1.1755e-36	1.1755e-36	1.1755e-36	1.2501e-14	0.00e+00	0.00e+00	1.7340e+01
6.87116e+17	4.3073e+03	5.312e-22	2.7826e+01	7.6719e+00	2.1321e-06	7.5083e-01	2.4917e-01	6.9521e-01	3.0473e-01	6.0903e-05	2.7454e-09	5.9374e-03	9.7278e-01	2.1285e-02	1.1755e-36	7.9391e-01	2.0604e-01	4.9242e-05	1.1755e-36	1.1755e-36	1.1755e-36	1.4788e-14	0.00e+00	0.00e+00	1.7529e+01
6.88613e+17	4.2427e+03	5.157e-22	2.7826e+01	7.4951e+00	2.3799e-06	7.5706e-01	2.4294e-01	6.9867e-01	3.0127e-01	6.0466e-05	3.0245e-09	5.8304e-03	9.7331e-01	2.0860e-02	1.1755e-36	7.9947e-01	2.0048e-01	4.7018e-05	1.1755e-36	1.1755e-36	1.1755e-36	1.7782e-14	0.00e+00	0.00e+00	1.7737e+01
6.90142e+17	4.1813e+03	5.004e-22	2.7826e+01	7.3173e+00	2.6373e-06	7.6316e-01	2.3684e-01	7.0193e-01	2.9801e-01	6.0124e-05	3.3139e-09	5.7208e-03	9.7382e-01	2.0456e-02	1.1755e-36	8.0489e-01	1.9506e-01	4.4884e-05	1.1755e-36	1.1755e-36	1.1755e-36	2.1155e-14	0.00e+00	0.00e+00	1.7937e+01
6.91658e+17	4.1187e+03	4.855e-22	2.7826e+01	7.1432e+00	2.9162e-06	7.6914e-01	2.3085e-01	7.0523e-01	2.9471e-01	5.9752e-05	3.6204e-09	5.6143e-03	9.7433e-01	2.0054e-02	1.1755e-36	8.1021e-01	1.8975e-01	4.2848e-05	1.1755e-36	1.1755e-36	1.1755e-36	2.5015e-14	0.00e+00	0.00e+00	1.8145e+01
6.93228e+17	4.0527e+03	4.704e-22	2.7826e+01	6.9656e+00	3.2267e-06	7.7527e-01	2.2473e-01	7.0866e-01	2.9128e-01	5.9348e-05	3.9535e-09	5.5063e-03	9.7485e-01	1.9641e-02	1.1755e-36	8.1563e-01	1.8433e-01	4.0829e-05	1.1755e-36	1.1755e-36	1.1755e-36	2.9540e-14	0.00e+00	0.00e+00	1.8363e+01
6.94864e+17	3.9842e+03	4.551e-22	2.7826e+01	6.7795e+00	3.5612e-06	7.8141e-01	2.1858e-01	7.1208e-01	2.8786e-01	5.8994e-05	4.3003e-09	5.3925e-03	9.7538e-01	1.9229e-02	1.1755e-36	8.2106e-01	1.7890e-01	3.8848e-05	1.1755e-36	1.1755e-36	1.1755e-36	3.4613e-14	0.00e+00	0.00e+00	1.8592e+01
###########################
1.48741e+14	6.4310e+03	2.667e-21	2.7826e+01	2.9255e+01	6.5706e-11	2.8629e-02	9.7137e-01	1.0049e-01	8.9881e-01	6.9910e-04	6.1423e-14	5.6285e-03	6.7054e-01	3.2381e-01	3.0234e-05	3.3453e-02	9.2763e-01	3.8915e-02	2.0732e-06	1.1755e-36	1.1755e-36	6.8074e-22	0.00e+00	0.00e+00	1.4965e-03
8.92446e+14	6.4221e+03	2.658e-21	2.7826e+01	2.9202e+01	6.5948e-11	2.8564e-02	9.7144e-01	1.0045e-01	8.9885e-01	6.9917e-04	6.1015e-14	5.6031e-03	6.7047e-01	3.2390e-01	3.0317e-05	3.3378e-02	9.2762e-01	3.8997e-02	2.0762e-06	1.1755e-36	1.1755e-36	6.7305e-22	0.00e+00	0.00e+00	7.4691e-03
3.86726e+15	6.3995e+03	2.645e-21	2.7826e+01	2.9194e+01	6.7434e-11	2.8588e-02	9.7141e-01	1.0093e-01	8.9838e-01	6.9348e-04	6.1231e-14	5.6100e-03	6.7166e-01	3.2270e-01	3.0059e-05	3.3419e-02	9.2770e-01	3.8878e-02	2.0449e-06	1.1755e-36	1.1755e-36	6.7278e-22	0.00e+00	0.00e+00	3.1379e-02
1.57665e+16	6.3314e+03	2.612e-21	2.7826e+01	2.9180e+01	7.3868e-11	2.8971e-02	9.7103e-01	1.0308e-01	8.9625e-01	6.6804e-04	6.3534e-14	5.6968e-03	6.7680e-01	3.1747e-01	2.8844e-05	3.3930e-02	9.2807e-01	3.8000e-02	1.8878e-06	1.1755e-36	1.1755e-36	6.9586e-22	0.00e+00	0.00e+00	1.2830e-01
3.76612e+16	6.1031e+03	2.505e-21	2.7826e+01	2.9178e+01	8.9600e-11	2.8715e-02	9.7128e-01	1.0619e-01	8.9318e-01	6.3665e-04	6.2989e-14	5.7314e-03	6.8451e-01	3.0973e-01	2.7654e-05	3.3719e-02	9.2859e-01	3.7688e-02	1.7633e-06	1.1755e-36	1.1755e-36	6.5698e-22	0.00e+00	0.00e+00	2.5319e-01
5.90580e+16	5.8975e+03	2.419e-21	2.7826e+01	2.9177e+01	1.0772e-10	2.8506e-02	9.7149e-01	1.0886e-01	8.9053e-01	6.0961e-04	6.2433e-14	5.7583e-03	6.9109e-01	3.0313e-01	2.6617e-05	3.3555e-02	9.2908e-01	3.7360e-02	1.6580e-06	1.1755e-36	1.1755e-36	6.2394e-22	0.00e+00	0.00e+00	3.4357e-01
7.57630e+16	5.7919e+03	2.379e-21	2.7826e+01	2.9164e+01	1.2244e-10	2.8784e-02	9.7122e-01	1.1124e-01	8.8817e-01	5.8519e-04	6.4128e-14	5.8362e-03	6.9652e-01	2.9762e-01	2.5494e-05	3.3953e-02	9.2953e-01	3.6513e-02	1.5298e-06	1.1755e-36	1.1755e-36	6.3363e-22	0.00e+00	0.00e+00	4.2129e-01
9.34352e+16	5.7245e+03	2.358e-21	2.7826e+01	2.9136e+01	1.3886e-10	2.9523e-02	9.7048e-01	1.1436e-01	8.8509e-01	5.5548e-04	6.8308e-14	5.9800e-03	7.0305e-01	2.9094e-01	2.3980e-05	3.4912e-02	9.3003e-01	3.5061e-02	1.3569e-06	1.1755e-36	1.1755e-36	6.8021e-22	0.00e+00	0.00e+00	5.2493e-01
1.16409e+17	5.6554e+03	2.338e-21	2.7826e+01	2.9094e+01	1.6267e-10	3.0689e-02	9.6931e-01	1.1871e-01	8.8077e-01	5.1803e-04	7.5093e-14	6.1923e-03	7.1169e-01	2.8210e-01	2.2019e-05	3.6406e-02	9.3055e-01	3.3041e-02	1.1470e-06	1.1755e-36	1.1755e-36	7.6163e-22	0.00e+00	0.00e+00	6.6498e-01
1.46275e+17	5.5912e+03	2.323e-21	2.7826e+01	2.9038e+01	1.9835e-10	3.2549e-02	9.6745e-01	1.2496e-01	8.7457e-01	4.7178e-04	8.6602e-14	6.5108e-03	7.2319e-01	2.7028e-01	1.9519e-05	3.8768e-02	9.3096e-01	3.0274e-02	9.0474e-07	1.1755e-36	1.1755e-36	9.1083e-22	0.00e+00	0.00e+00	8.5808e-01
1.85101e+17	5.5441e+03	2.316e-21	2.7826e+01	2.8940e+01	2.5379e-10	3.5574e-02	9.6443e-01	1.3410e-01	8.6549e-01	4.1639e-04	1.0718e-13	6.9884e-03	7.3847e-01	2.5453e-01	1.6441e-05	4.2580e-02	9.3083e-01	2.6586e-02	6.4594e-07	1.1755e-36	1.1755e-36	1.2027e-21	0.00e+00	0.00e+00	1.1324e+00
2.30927e+17	5.5324e+03	2.318e-21	2.7826e+01	2.8769e+01	3.3307e-10	4.0043e-02	9.5996e-01	1.4622e-01	8.5342e-01	3.5961e-04	1.4176e-13	7.6234e-03	7.5631e-01	2.3606e-01	1.3210e-05	4.8172e-02	9.2946e-01	2.2365e-02	4.2110e-07	1.1755e-36	1.1755e-36	1.7513e-21	0.00e+00	0.00e+00	1.4685e+00
2.78971e+17	5.5743e+03	2.337e-21	2.7826e+01	2.8555e+01	4.3926e-10	4.6426e-02	9.5357e-01	1.6156e-01	8.3813e-01	3.0751e-04	2.0075e-13	8.4163e-03	7.7575e-01	2.1582e-01	1.0148e-05	5.6099e-02	9.2588e-01	1.8024e-02	2.5374e-07	1.1755e-36	1.1755e-36	2.8290e-21	0.00e+00	0.00e+00	1.8628e+00
3.25210e+17	5.6715e+03	2.366e-21	2.7826e+01	2.8272e+01	5.7033e-10	5.4907e-02	9.4509e-01	1.7957e-01	8.2017e-01	2.6425e-04	2.9724e-13	9.3009e-03	7.9510e-01	1.9559e-01	7.5661e-06	6.6556e-02	9.1938e-01	1.4069e-02	1.4601e-07	1.1755e-36	1.1755e-36	4.9044e-21	0.00e+00	0.00e+00	2.2887e+00
3.66756e+17	5.7830e+03	2.404e-21	2.7826e+01	2.7932e+01	7.5093e-10	6.5725e-02	9.3427e-01	1.9999e-01	7.9978e-01	2.2944e-04	4.5279e-13	1.0213e-02	8.1371e-01	1.7607e-01	5.5283e-06	7.9801e-02	9.0943e-01	1.0771e-02	1.1755e-36	1.1755e-36	1.1755e-36	8.8881e-21	0.00e+00	0.00e+00	2.7385e+00
4.03426e+17	5.9113e+03	2.436e-21	2.7826e+01	2.7503e+01	9.8362e-10	7.8922e-02	9.2108e-01	2.2244e-01	7.7736e-01	2.0157e-04	6.9550e-13	1.1073e-02	8.3088e-01	1.5804e-01	4.0034e-06	9.5838e-02	8.9601e-01	8.1558e-03	1.1755e-36	1.1755e-36	1.1755e-36	1.6346e-20	0.00e+00	0.00e+00	3.2155e+00
4.36468e+17	6.0367e+03	2.458e-21	2.7826e+01	2.6988e+01	1.3155e-09	9.5281e-02	9.0472e-01	2.4748e-01	7.5234e-01	1.7832e-04	1.0856e-12	1.1869e-02	8.4717e-01	1.4095e-01	2.8535e-06	1.1556e-01	8.7836e-01	6.0863e-03	1.1755e-36	1.1755e-36	1.1755e-36	3.0801e-20	0.00e+00	0.00e+00	3.7460e+00
4.66308e+17	6.1543e+03	2.464e-21	2.7826e+01	2.6359e+01	1.7988e-09	1.1545e-01	8.8455e-01	2.7521e-01	7.2463e-01	1.5865e-04	1.7169e-12	1.2551e-02	8.6242e-01	1.2503e-01	2.0078e-06	1.3964e-01	8.5588e-01	4.4829e-03	1.1755e-36	1.1755e-36	1.1755e-36	5.9239e-20	0.00e+00	0.00e+00	4.3138e+00
4.92203e+17	6.2513e+03	2.448e-21	2.7826e+01	2.5631e+01	2.4938e-09	1.3913e-01	8.6087e-01	3.0423e-01	6.9563e-01	1.4265e-04	2.6969e-12	1.3064e-02	8.7608e-01	1.1085e-01	1.4174e-06	1.6760e-01	8.2910e-01	3.3037e-03	1.1755e-36	1.1755e-36	1.1755e-36	1.1309e-19	0.00e+00	0.00e+00	4.8956e+00
5.14251e+17	6.3200e+03	2.410e-21	2.7826e+01	2.4856e+01	3.4834e-09	1.6582e-01	8.3418e-01	3.3343e-01	6.6644e-01	1.2973e-04	4.1639e-12	1.3406e-02	8.8809e-01	9.8499e-02	1.0136e-06	1.9874e-01	7.9881e-01	2.4569e-03	1.1755e-36	1.1755e-36	1.1755e-36	2.1142e-19	0.00e+00	0.00e+00	5.4870e+00
5.33278e+17	6.3615e+03	2.343e-21	2.7826e+01	2.3944e+01	4.8588e-09	1.9482e-01	8.0518e-01	3.6280e-01	6.3708e-01	1.1862e-04	6.2537e-12	1.3537e-02	8.9845e-01	8.8008e-02	7.3943e-07	2.3212e-01	7.6603e-01	1.8510e-03	1.1755e-36	1.1755e-36	1.1755e-36	3.8055e-19	0.00e+00	0.00e+00	6.0948e+00
5.50331e+17	6.3757e+03	2.254e-21	2.7826e+01	2.2972e+01	6.8627e-09	2.2711e-01	7.7289e-01	3.9223e-01	6.0766e-01	1.0932e-04	9.3245e-12	1.3525e-02	9.0787e-01	7.8606e-02	5.4297e-07	2.6876e-01	7.2984e-01	1.3978e-03	1.1755e-36	1.1755e-36	1.1755e-36	6.8240e-19	0.00e+00	0.00e+00	6.7471e+00
5.66070e+17	6.3631e+03	2.140e-21	2.7826e+01	2.1892e+01	9.8710e-09	2.6332e-01	7.3668e-01	4.2235e-01	5.7755e-01	1.0109e-04	1.3910e-11	1.3358e-02	9.1652e-01	7.0119e-02	3.9983e-07	3.0920e-01	6.8975e-01	1.0524e-03	1.1755e-36	1.1755e-36	1.1755e-36	1.2352e-18	0.00e+00	0.00e+00	7.4472e+00
5.79772e+17	6.3275e+03	2.012e-21	2.7826e+01	2.0777e+01	1.4118e-08	3.0098e-01	6.9902e-01	4.5051e-01	5.4940e-01	9.4460e-05	2.0276e-11	1.3061e-02	9.2392e-01	6.3018e-02	3.0162e-07	3.5053e-01	6.4867e-01	8.0434e-04	1.1755e-36	1.1755e-36	1.1755e-36	2.1874e-18	0.00e+00	0.00e+00	8.0961e+00
5.87948e+17	6.2980e+03	1.924e-21	2.7826e+01	2.0019e+01	1.7795e-08	3.2679e-01	6.7321e-01	4.6688e-01	5.3303e-01	9.1290e-05	2.5733e-11	1.2798e-02	9.2799e-01	5.9209e-02	2.5489e-07	3.7843e-01	6.2089e-01	6.7982e-04	1.1755e-36	1.1755e-36	1.1755e-36	3.1749e-18	0.00e+00	0.00e+00	8.3304e+00
5.90975e+17	6.2831e+03	1.890e-21	2.7826e+01	1.9728e+01	1.9452e-08	3.3670e-01	6.6330e-01	4.7324e-01	5.2667e-01	9.0045e-05	2.8147e-11	1.2688e-02	9.2951e-01	5.7797e-02	2.3921e-07	3.8907e-01	6.1029e-01	6.3796e-04	1.1755e-36	1.1755e-36	1.1755e-36	3.6562e-18	0.00e+00	0.00e+00	8.4472e+00
5.93121e+17	6.2696e+03	1.863e-21	2.7826e+01	1.9512e+01	2.0787e-08	3.4394e-01	6.5606e-01	4.7812e-01	5.2179e-01	8.9096e-05	3.0051e-11	1.2606e-02	9.3068e-01	5.6713e-02	2.2803e-07	3.9680e-01	6.0259e-01	6.0856e-04	1.1755e-36	1.1755e-36	1.1755e-36	4.0528e-18	0.00e+00	0.00e+00	8.5873e+00
5.95787e+17	6.2474e+03	1.831e-21	2.7826e+01	1.9261e+01	2.2746e-08	3.5350e-01	6.4650e-01	4.8463e-01	5.1529e-01	8.7731e-05	3.2807e-11	1.2514e-02	9.3220e-01	5.5284e-02	2.1417e-07	4.0699e-01	5.9244e-01	5.7258e-04	1.1755e-36	1.1755e-36	1.1755e-36	4.6579e-18	0.00e+00	0.00e+00	8.7744e+00
5.99044e+17	6.2244e+03	1.789e-21	2.7826e+01	1.8927e+01	2.5244e-08	3.6507e-01	6.3493e-01	4.9226e-01	5.0765e-01	8.6236e-05	3.6366e-11	1.2378e-02	9.3395e-01	5.3670e-02	1.9891e-07	4.1925e-01	5.8022e-01	5.3191e-04	1.1755e-36	1.1755e-36	1.1755e-36	5.4882e-18	0.00e+00	0.00e+00	8.9989e+00
6.02562e+17	6.1961e+03	1.741e-21	2.7826e+01	1.8533e+01	2.8318e-08	3.7770e-01	6.2230e-01	5.0023e-01	4.9969e-01	8.4821e-05	4.0589e-11	1.2206e-02	9.3576e-01	5.2032e-02	1.8400e-07	4.3255e-01	5.6696e-01	4.9143e-04	1.1755e-36	1.1755e-36	1.1755e-36	6.5537e-18	0.00e+00	0.00e+00	9.2336e+00
6.05959e+17	6.1645e+03	1.696e-21	2.7826e+01	1.8174e+01	3.1875e-08	3.9070e-01	6.0930e-01	5.0827e-01	4.9165e-01	8.3346e-05	4.5495e-11	1.2050e-02	9.3754e-01	5.0410e-02	1.7018e-07	4.4618e-01	5.5337e-01	4.5397e-04	1.1755e-36	1.1755e-36	1.1755e-36	7.8966e-18	0.00e+00	0.00e+00	9.4572e+00
6.09048e+17	6.1359e+03	1.652e-21	2.7826e+01	1.7817e+01	3.5447e-08	4.0253e-01	5.9747e-01	5.1530e-01	4.8462e-01	8.2201e-05	5.0350e-11	1.1884e-02	9.3909e-01	4.9024e-02	1.5877e-07	4.5849e-01	5.4108e-01	4.2246e-04	1.1755e-36	1.1755e-36	1.1755e-36	9.3357e-18	0.00e+00	0.00e+00	9.6637e+00
6.11956e+17	6.1062e+03	1.609e-21	2.7826e+01	1.7478e+01	3.9323e-08	4.1403e-01	5.8597e-01	5.2213e-01	4.7779e-01	8.1085e-05	5.5583e-11	1.1723e-02	9.4057e-01	4.7708e-02	1.4852e-07	4.7041e-01	5.2920e-01	3.9412e-04	1.1755e-36	1.1755e-36	1.1755e-36	1.1006e-17	0.00e+00	0.00e+00	9.8744e+00
6.14874e+17	6.0752e+03	1.566e-21	2.7826e+01	1.7124e+01	4.3687e-08	4.2571e-01	5.7429e-01	5.2897e-01	4.7095e-01	8.0018e-05	6.1425e-11	1.1551e-02	9.4203e-01	4.6424e-02	1.3893e-07	4.8245e-01	5.1718e-01	3.6736e-04	1.1755e-36	1.1755e-36	1.1755e-36	1.3017e-17	0.00e+00	0.00e+00	1.0094e+01
6.17815e+17	6.0327e+03	1.522e-21	2.7826e+01	1.6768e+01	4.9234e-08	4.3814e-01	5.6186e-01	5.3619e-01	4.6373e-01	7.8823e-05	6.8512e-11	1.1378e-02	9.4353e-01	4.5095e-02	1.2960e-07	4.9521e-01	5.0445e-01	3.4156e-04	1.1755e-36	1.1755e-36	1.1755e-36	1.5689e-17	0.00e+00	0.00e+00	1.0321e+01
6.20592e+17	6.0090e+03	1.479e-21	2.7826e+01	1.6423e+01	5.4086e-08	4.4944e-01	5.5056e-01	5.4232e-01	4.5760e-01	7.8037e-05	7.5287e-11	1.1197e-02	9.4483e-01	4.3970e-02	1.1755e-36	5.0672e-01	4.9296e-01	3.1913e-04	1.1755e-36	1.1755e-36	1.1755e-36	1.8416e-17	0.00e+00	0.00e+00	1.0527e+01
6.23353e+17	5.9674e+03	1.436e-21	2.7826e+01	1.6073e+01	6.0640e-08	4.6142e-01	5.3858e-01	5.4913e-01	4.5080e-01	7.7000e-05	8.3680e-11	1.1018e-02	9.4622e-01	4.2764e-02	1.1755e-36	5.1888e-01	4.8082e-01	2.9749e-04	1.1755e-36	1.1755e-36	1.1755e-36	2.2126e-17	0.00e+00	0.00e+00	1.0763e+01
6.26155e+17	5.9241e+03	1.393e-21	2.7826e+01	1.5718e+01	6.8218e-08	4.7381e-01	5.2619e-01	5.5584e-01	4.4408e-01	7.6030e-05	9.3394e-11	1.0833e-02	9.4758e-01	4.1586e-02	1.1755e-36	5.3138e-01	4.6834e-01	2.7692e-04	1.1755e-36	1.1755e-36	1.1755e-36	2.6833e-17	0.00e+00	0.00e+00	1.0987e+01
6.28714e+17	5.8837e+03	1.353e-21	2.7826e+01	1.5397e+01	7.6102e-08	4.8536e-01	5.1463e-01	5.6202e-01	4.3790e-01	7.5148e-05	1.0360e-10	1.0662e-02	9.4881e-01	4.0523e-02	1.1755e-36	5.4298e-01	4.5676e-01	2.5907e-04	1.1755e-36	1.1755e-36	1.1755e-36	3.2234e-17	0.00e+00	0.00e+00	1.1194e+01
6.31097e+17	5.8553e+03	1.314e-21	2.7826e+01	1.5075e+01	8.3228e-08	4.9558e-01	5.0442e-01	5.6730e-01	4.3263e-01	7.4580e-05	1.1318e-10	1.0483e-02	9.4989e-01	3.9626e-02	1.1755e-36	5.5317e-01	4.4658e-01	2.4376e-04	1.1755e-36	1.1755e-36	1.1755e-36	3.7677e-17	0.00e+00	0.00e+00	1.1398e+01
6.33634e+17	5.8058e+03	1.274e-21	2.7826e+01	1.4736e+01	9.3744e-08	5.0730e-01	4.9270e-01	5.7366e-01	4.2627e-01	7.3686e-05	1.2636e-10	1.0299e-02	9.5113e-01	3.8573e-02	1.1755e-36	5.6483e-01	4.3494e-01	2.2778e-04	1.1755e-36	1.1755e-36	1.1755e-36	4.5951e-17	0.00e+00	0.00e+00	1.1641e+01
6.36219e+17	5.7604e+03	1.233e-21	2.7826e+01	1.4392e+01	1.0522e-07	5.1916e-01	4.8084e-01	5.7969e-01	4.2024e-01	7.2946e-05	1.4115e-10	1.0107e-02	9.5231e-01	3.7583e-02	1.1755e-36	5.7656e-01	4.2323e-01	2.1269e-04	1.1755e-36	1.1755e-36	1.1755e-36	5.6149e-17	0.00e+00	0.00e+00	1.1864e+01
6.38554e+17	5.7105e+03	1.197e-21	2.7826e+01	1.4089e+01	1.1819e-07	5.3041e-01	4.6959e-01	5.8551e-01	4.1442e-01	7.2134e-05	1.5767e-10	9.9393e-03	9.5341e-01	3.6649e-02	1.1755e-36	5.8763e-01	4.1217e-01	1.9951e-04	1.1755e-36	1.1755e-36	1.1755e-36	6.8741e-17	0.00e+00	0.00e+00	1.2072e+01
6.40690e+17	5.6745e+03	1.163e-21	2.7826e+01	1.3794e+01	1.2975e-07	5.4008e-01	4.5992e-01	5.9028e-01	4.0965e-01	7.1649e-05	1.7291e-10	9.7689e-03	9.5434e-01	3.5889e-02	1.1755e-36	5.9710e-01	4.0272e-01	1.8845e-04	1.1755e-36	1.1755e-36	1.1755e-36	8.1360e-17	0.00e+00	0.00e+00	1.2265e+01
6.42850e+17	5.6225e+03	1.129e-21	2.7826e+01	1.3502e+01	1.4550e-07	5.5056e-01	4.4944e-01	5.9575e-01	4.0418e-01	7.0914e-05	1.9289e-10	9.6036e-03	9.5536e-01	3.5035e-02	1.1755e-36	6.0732e-01	3.9250e-01	1.7742e-04	1.1755e-36	1.1755e-36	1.1755e-36	9.9598e-17	0.00e+00	0.00e+00	1.2486e+01
6.45048e+17	5.5854e+03	1.094e-21	2.7826e+01	1.3193e+01	1.6014e-07	5.6043e-01	4.3957e-01	6.0048e-01	3.9945e-01	7.0517e-05	2.1261e-10	9.4197e-03	9.5628e-01	3.4297e-02	1.1755e-36	6.1689e-01	3.8294e-01	1.6723e-04	1.1755e-36	1.1755e-36	1.1755e-36	1.1913e-16	0.00e+00	0.00e+00	1.2694e+01
6.47258e+17	5.5348e+03	1.059e-21	2.7826e+01	1.2887e+01	1.7943e-07	5.7092e-01	4.2908e-01	6.0578e-01	3.9415e-01	6.9909e-05	2.3798e-10	9.2411e-03	9.5727e-01	3.3491e-02	1.1755e-36	6.2703e-01	3.7281e-01	1.5722e-04	1.1755e-36	1.1755e-36	1.1755e-36	1.4686e-16	0.00e+00	0.00e+00	1.2925e+01
6.49486e+17	5.4797e+03	1.025e-21	2.7826e+01	1.2582e+01	2.0241e-07	5.8165e-01	4.1835e-01	6.1105e-01	3.8888e-01	6.9303e-05	2.6834e-10	9.0623e-03	9.5824e-01	3.2701e-02	1.1755e-36	6.3735e-01	3.6250e-01	1.4769e-04	1.1755e-36	1.1755e-36	1.1755e-36	1.8383e-16	0.00e+00	0.00e+00	1.3145e+01
6.51506e+17	5.4314e+03	9.943e-22	2.7826e+01	1.2309e+01	2.2541e-07	5.9135e-01	4.0865e-01	6.1572e-01	3.8422e-01	6.8801e-05	2.9961e-10	8.8999e-03	9.5909e-01	3.2006e-02	1.1755e-36	6.4664e-01	3.5322e-01	1.3950e-04	1.1755e-36	1.1755e-36	1.1755e-36	2.2588e-16	0.00e+00	0.00e+00	1.3341e+01
6.53378e+17	5.3948e+03	9.653e-22	2.7826e+01	1.2048e+01	2.4631e-07	5.9985e-01	4.0015e-01	6.1977e-01	3.8016e-01	6.8483e-05	3.2934e-10	8.7406e-03	9.5985e-01	3.1407e-02	1.1755e-36	6.5474e-01	3.4513e-01	1.3240e-04	1.1755e-36	1.1755e-36	1.1755e-36	2.6923e-16	0.00e+00	0.00e+00	1.3537e+01
6.55398e+17	5.3397e+03	9.348e-22	2.7826e+01	1.1767e+01	2.7667e-07	6.0951e-01	3.9049e-01	6.2464e-01	3.7529e-01	6.7943e-05	3.7130e-10	8.5720e-03	9.6072e-01	3.0707e-02	1.1755e-36	6.6392e-01	3.3596e-01	1.2493e-04	1.1755e-36	1.1755e-36	1.1755e-36	3.3709e-16	0.00e+00	0.00e+00	1.3771e+01
6.57486e+17	5.2866e+03	9.039e-22	2.7826e+01	1.1481e+01	3.1054e-07	6.1935e-01	3.8065e-01	6.2931e-01	3.7062e-01	6.7503e-05	4.1976e-10	8.3981e-03	9.6156e-01	3.0038e-02	1.1755e-36	6.7322e-01	3.2666e-01	1.1771e-04	1.1755e-36	1.1755e-36	1.1755e-36	4.2424e-16	0.00e+00	0.00e+00	1.3988e+01
6.59395e+17	5.2349e+03	8.762e-22	2.7826e+01	1.1221e+01	3.4667e-07	6.2838e-01	3.7162e-01	6.3363e-01	3.6630e-01	6.7080e-05	4.7232e-10	8.2395e-03	9.6233e-01	2.9431e-02	1.1755e-36	6.8173e-01	3.1816e-01	1.1142e-04	1.1755e-36	1.1755e-36	1.1755e-36	5.2932e-16	0.00e+00	0.00e+00	1.4189e+01
6.61184e+17	5.1776e+03	8.510e-22	2.7826e+01	1.0982e+01	3.8932e-07	6.3717e-01	3.6283e-01	6.3801e-01	3.6193e-01	6.6537e-05	5.3481e-10	8.0964e-03	9.6307e-01	2.8834e-02	1.1755e-36	6.8999e-01	3.0991e-01	1.0569e-04	1.1755e-36	1.1755e-36	1.1755e-36	6.6853e-16	0.00e+00	0.00e+00	1.4385e+01
6.62859e+17	5.1385e+03	8.268e-22	2.7826e+01	1.0749e+01	4.2494e-07	6.4459e-01	3.5541e-01	6.4136e-01	3.5858e-01	6.6368e-05	5.8996e-10	7.9495e-03	9.6369e-01	2.8360e-02	1.1755e-36	6.9692e-01	3.0298e-01	1.0081e-04	1.1755e-36	1.1755e-36	1.1755e-36	8.0315e-16	0.00e+00	0.00e+00	1.4566e+01
6.64612e+17	5.0849e+03	8.021e-22	2.7826e+01	1.0511e+01	4.7432e-07	6.5283e-01	3.4717e-01	6.4555e-01	3.5439e-01	6.5916e-05	6.6637e-10	7.8032e-03	9.6440e-01	2.7800e-02	1.1755e-36	7.0460e-01	2.9530e-01	9.5716e-05	1.1755e-36	1.1755e-36	1.1755e-36	1.0084e-15	0.00e+00	0.00e+00	1.4785e+01
6.66483e+17	5.0283e+03	7.766e-22	2.7826e+01	1.0265e+01	5.3334e-07	6.6162e-01	3.3838e-01	6.4985e-01	3.5009e-01	6.5466e-05	7.6073e-10	7.6511e-03	9.6512e-01	2.7230e-02	1.1755e-36	7.1276e-01	2.8715e-01	9.0572e-05	1.1755e-36	1.1755e-36	1.1755e-36	1.2913e-15	0.00e+00	0.00e+00	1.4998e+01
6.68227e+17	4.9779e+03	7.530e-22	2.7826e+01	1.0028e+01	5.9227e-07	6.6944e-01	3.3055e-01	6.5348e-01	3.4646e-01	6.5210e-05	8.4933e-10	7.5022e-03	9.6577e-01	2.6729e-02	1.1755e-36	7.2000e-01	2.7992e-01	8.6119e-05	1.1755e-36	1.1755e-36	1.1755e-36	1.5883e-15	0.00e+00	0.00e+00	1.5193e+01
6.69887e+17	4.9212e+03	7.313e-22	2.7826e+01	9.8121e+00	6.6288e-07	6.7727e-01	3.2273e-01	6.5743e-01	3.4251e-01	6.4751e-05	9.4217e-10	7.3698e-03	9.6644e-01	2.6190e-02	1.1755e-36	7.2722e-01	2.7270e-01	8.1935e-05	1.1755e-36	1.1755e-36	1.1755e-36	1.9329e-15	0.00e+00	0.00e+00	1.5391e+01
6.71500e+17	4.8707e+03	7.102e-22	2.7826e+01	9.5944e+00	7.3393e-07	6.8441e-01	3.1559e-01	6.6079e-01	3.3914e-01	6.4510e-05	1.0354e-09	7.2326e-03	9.6705e-01	2.5718e-02	1.1755e-36	7.3378e-01	2.6614e-01	7.8179e-05	1.1755e-36	1.1755e-36	1.1755e-36	2.3126e-15	0.00e+00	0.00e+00	1.5579e+01
6.73088e+17	4.8152e+03	6.901e-22	2.7826e+01	9.3921e+00	8.1912e-07	6.9178e-01	3.0821e-01	6.6456e-01	3.3537e-01	6.4066e-05	1.1460e-09	7.1079e-03	9.6768e-01	2.5212e-02	1.1755e-36	7.4054e-01	2.5939e-01	7.4510e-05	1.1755e-36	1.1755e-36	1.1755e-36	2.8035e-15	0.00e+00	0.00e+00	1.5775e+01
6.74671e+17	4.7608e+03	6.703e-22	2.7826e+01	9.1859e+00	9.1174e-07	6.9886e-01	3.0114e-01	6.6804e-01	3.3190e-01	6.3741e-05	1.2648e-09	6.9788e-03	9.6828e-01	2.4740e-02	1.1755e-36	7.4700e-01	2.5293e-01	7.1088e-05	1.1755e-36	1.1755e-36	1.1755e-36	3.3823e-15	0.00e+00	0.00e+00	1.5965e+01
6.76211e+17	4.7074e+03	6.514e-22	2.7826e+01	8.9883e+00	1.0125e-06	7.0568e-01	2.9431e-01	6.7144e-01	3.2850e-01	6.3413e-05	1.3933e-09	6.8550e-03	9.6886e-01	2.4284e-02	1.1755e-36	7.5322e-01	2.4671e-01	6.7890e-05	1.1755e-36	1.1755e-36	1.1755e-36	4.0664e-15	0.00e+00	0.00e+00	1.6155e+01
6.77742e+17	4.6474e+03	6.331e-22	2.7826e+01	8.7916e+00	1.1346e-06	7.1257e-01	2.8743e-01	6.7497e-01	3.2497e-01	6.3013e-05	1.5434e-09	6.7336e-03	9.6945e-01	2.3820e-02	1.1755e-36	7.5949e-01	2.4045e-01	6.4824e-05	1.1755e-36	1.1755e-36	1.1755e-36	4.9449e-15	0.00e+00	0.00e+00	1.6347e+01
6.79222e+17	4.5935e+03	6.156e-22	2.7826e+01	8.5990e+00	1.2572e-06	7.1888e-01	2.8112e-01	6.7803e-01	3.2191e-01	6.2777e-05	1.6936e-09	6.6120e-03	9.6998e-01	2.3408e-02	1.1755e-36	7.6521e-01	2.3473e-01	6.2058e-05	1.1755e-36	1.1755e-36	1.1755e-36	5.9079e-15	0.00e+00	0.00e+00	1.6527e+01
6.80667e+17	4.5405e+03	5.989e-22	2.7826e+01	8.4194e+00	1.3910e-06	7.2512e-01	2.7488e-01	6.8124e-01	3.1870e-01	6.2449e-05	1.8584e-09	6.4995e-03	9.7051e-01	2.2990e-02	1.1755e-36	7.7084e-01	2.2910e-01	5.9407e-05	1.1755e-36	1.1755e-36	1.1755e-36	7.0508e-15	0.00e+00	0.00e+00	1.6713e+01
6.82158e+17	4.4894e+03	5.818e-22	2.7826e+01	8.2346e+00	1.5342e-06	7.3132e-01	2.6868e-01	6.8438e-01	3.1555e-01	6.2186e-05	2.0361e-09	6.3818e-03	9.7104e-01	2.2579e-02	1.1755e-36	7.7642e-01	2.2352e-01	5.6810e-05	1.1755e-36	1.1755e-36	1.1755e-36	8.3860e-15	0.00e+00	0.00e+00	1.6909e+01
6.83733e+17	4.4240e+03	5.644e-22	2.7826e+01	8.0401e+00	1.7273e-06	7.3810e-01	2.6189e-01	6.8802e-01	3.1192e-01	6.1756e-05	2.2631e-09	6.2617e-03	9.7162e-01	2.2119e-02	1.1755e-36	7.8253e-01	2.1742e-01	5.4141e-05	1.1755e-36	1.1755e-36	1.1755e-36	1.0263e-14	0.00e+00	0.00e+00	1.7120e+01
6.85276e+17	4.3695e+03	5.478e-22	2.7826e+01	7.8584e+00	1.9120e-06	7.4448e-01	2.5552e-01	6.9124e-01	3.0869e-01	6.1455e-05	2.4876e-09	6.1468e-03	9.7215e-01	2.1707e-02	1.1755e-36	7.8823e-01	2.1172e-01	5.1674e-05	1.1755e-36	1.1755e-36	1.1755e-36	1.2283e-14	0.00e+00	0.00e+00	1.7311e+01
6.86758e+17	4.3072e+03	5.322e-22	2.7826e+01	7.6808e+00	2.1324e-06	7.5070e-01	2.4929e-01	6.9462e-01	3.0532e-01	6.1053e-05	2.7408e-09	6.0373e-03	9.7267e-01	2.1289e-02	1.1755e-36	7.9380e-01	2.0615e-01	4.9376e-05	1.1755e-36	1.1755e-36	1.1755e-36	1.4778e-14	0.00e+00	0.00e+00	1.7510e+01
6.88242e+17	4.2486e+03	5.168e-22	2.7826e+01	7.5055e+00	2.3601e-06	7.5671e-01	2.4328e-01	6.9778e-01	3.0216e-01	6.0729e-05	3.0021e-09	5.9277e-03	9.7318e-01	2.0894e-02	1.1755e-36	7.9916e-01	2.0079e-01	4.7200e-05	1.1755e-36	1.1755e-36	1.1755e-36	1.7575e-14	0.00e+00	0.00e+00	1.7704e+01
6.89729e+17	4.1882e+03	5.018e-22	2.7826e+01	7.3321e+00	2.6116e-06	7.6269e-01	2.3731e-01	7.0103e-01	2.9891e-01	6.0372e-05	3.2850e-09	5.8199e-03	9.7368e-01	2.0495e-02	1.1755e-36	8.0448e-01	1.9548e-01	4.5099e-05	1.1755e-36	1.1755e-36	1.1755e-36	2.0853e-14	0.00e+00	0.00e+00	1.7906e+01
6.91270e+17	4.1245e+03	4.866e-22	2.7826e+01	7.1544e+00	2.8943e-06	7.6882e-01	2.3118e-01	7.0439e-01	2.9555e-01	5.9995e-05	3.5967e-09	5.7099e-03	9.7420e-01	2.0087e-02	1.1755e-36	8.0991e-01	1.9004e-01	4.3010e-05	1.1755e-36	1.1755e-36	1.1755e-36	2.4763e-14	0.00e+00	0.00e+00	1.8118e+01
6.92860e+17	4.0583e+03	4.713e-22	2.7826e+01	6.9729e+00	3.2060e-06	7.7508e-01	2.2491e-01	7.0780e-01	2.9214e-01	5.9622e-05	3.9336e-09	5.5979e-03	9.7473e-01	1.9677e-02	1.1755e-36	8.1546e-01	1.8450e-01	4.0943e-05	1.1755e-36	1.1755e-36	1.1755e-36	2.9333e-14	0.00e+00	0.00e+00	1.8338e+01
6.94491e+17	3.9910e+03	4.557e-22	2.7826e+01	6.7832e+00	3.5377e-06	7.8137e-01	2.1863e-01	7.1107e-01	2.8887e-01	5.9344e-05	4.2825e-09	5.4799e-03	9.7524e-01	1.9279e-02	1.1755e-36	8.2100e-01	1.7896e-01	3.8923e-05	1.1755e-36	1.1755e-36	1.1755e-36	3.4450e-14	0.00e+00	0.00e+00	1.8565e+01
###########################
1.48741e+14	6.4310e+03	2.667e-21	2.7826e+01	2.9255e+01	6.5707e-11	2.8629e-02	9.7137e-01	1.0049e-01	8.9881e-01	6.9910e-04	6.1423e-14	5.6285e-03	6.7054e-01	3.2380e-01	3.0234e-05	3.3454e-02	9.2763e-01	3.8915e-02	2.0732e-06	1.1755e-36	1.1755e-36	6.8074e-22	0.00e+00	0.00e+00	1.4965e-03
8.92446e+14	6.4221e+03	2.658e-21	2.7826e+01	2.9202e+01	6.5948e-11	2.8564e-02	9.7144e-01	1.0045e-01	8.9885e-01	6.9917e-04	6.1014e-14	5.6031e-03	6.7047e-01	3.2390e-01	3.0317e-05	3.3378e-02	9.2762e-01	3.8997e-02	2.0762e-06	1.1755e-36	1.1755e-36	6.7304e-22	0.00e+00	0.00e+00	7.4691e-03
3.86726e+15	6.3995e+03	2.645e-21	2.7826e+01	2.9194e+01	6.7434e-11	2.8588e-02	9.7141e-01	1.0093e-01	8.9838e-01	6.9348e-04	6.1231e-14	5.6100e-03	6.7166e-01	3.2270e-01	3.0059e-05	3.3419e-02	9.2770e-01	3.8878e-02	2.0449e-06	1.1755e-36	1.1755e-36	6.7277e-22	0.00e+00	0.00e+00	3.1379e-02
1.57665e+16	6.3314e+03	2.612e-21	2.7826e+01	2.9180e+01	7.3868e-11	2.8971e-02	9.7103e-01	1.0308e-01	8.9625e-01	6.6804e-04	6.3534e-14	5.6968e-03	6.7680e-01	3.1747e-01	2.8844e-05	3.3930e-02	9.2807e-01	3.8000e-02	1.8878e-06	1.1755e-36	1.1755e-36	6.9585e-22	0.00e+00	0.00e+00	1.2830e-01
3.76612e+16	6.1031e+03	2.505e-21	2.7826e+01	2.9178e+01	8.9599e-11	2.8715e-02	9.7128e-01	1.0619e-01	8.9318e-01	6.3665e-04	6.2989e-14	5.7314e-03	6.8451e-01	3.0973e-01	2.7654e-05	3.3719e-02	9.2859e-01	3.7688e-02	1.7633e-06	1.1755e-36	1.1755e-36	6.5698e-22	0.00e+00	0.00e+00	2.5319e-01
5.90580e+16	5.8975e+03	2.419e-21	2.7826e+01	2.9177e+01	1.0772e-10	2.8506e-02	9.7149e-01	1.0886e-01	8.9053e-01	6.0961e-04	6.2433e-14	5.7583e-03	6.9109e-01	3.0313e-01	2.6617e-05	3.3555e-02	9.2908e-01	3.7360e-02	1.6580e-06	1.1755e-36	1.1755e-36	6.2394e-22	0.00e+00	0.00e+00	3.4357e-01
7.57630e+16	5.7919e+03	2.379e-21	2.7826e+01	2.9164e+01	1.2244e-10	2.8784e-02	9.7122e-01	1.1124e-01	8.8817e-01	5.8519e-04	6.4127e-14	5.8362e-03	6.9652e-01	2.9762e-01	2.5494e-05	3.3953e-02	9.2953e-01	3.6513e-02	1.5298e-06	1.1755e-36	1.1755e-36	6.3362e-22	0.00e+00	0.00e+00	4.2129e-01
9.34352e+16	5.7245e+03	2.358e-21	2.7826e+01	2.9136e+01	1.3886e-10	2.9523e-02	9.7048e-01	1.1436e-01	8.8509e-01	5.5548e-04	6.8308e-14	5.9800e-03	7.0305e-01	2.9094e-01	2.3980e-05	3.4912e-02	9.3003e-01	3.5061e-02	1.3569e-06	1.1755e-36	1.1755e-36	6.8021e-22	0.00e+00	0.00e+00	5.2493e-01
1.16409e+17	5.6554e+03	2.338e-21	2.7826e+01	2.9094e+01	1.6267e-10	3.0689e-02	9.6931e-01	1.1871e-01	8.8077e-01	5.1803e-04	7.5093e-14	6.1923e-03	7.1169e-01	2.8210e-01	2.2019e-05	3.6406e-02	9.3055e-01	3.3041e-02	1.1470e-06	1.1755e-36	1.1755e-36	7.6162e-22	0.00e+00	0.00e+00	6.6498e-01
1.46275e+17	5.5912e+03	2.323e-21	2.7826e+01	2.9038e+01	1.9835e-10	3.2549e-02	9.6745e-01	1.2496e-01	8.7457e-01	4.7178e-04	8.6601e-14	6.5108e-03	7.2319e-01	2.7028e-01	1.9519e-05	3.8768e-02	9.3096e-01	3.0274e-02	9.0474e-07	1.1755e-36	1.1755e-36	9.1082e-22	0.00e+00	0.00e+00	8.5808e-01
1.85101e+17	5.5441e+03	2.316e-21	2.7826e+01	2.8940e+01	2.5379e-10	3.5574e-02	9.6443e-01	1.3410e-01	8.6549e-01	4.1639e-04	1.0718e-13	6.9884e-03	7.3847e-01	2.5453e-01	1.6441e-05	4.2580e-02	9.3083e-01	2.6586e-02	6.4595e-07	1.1755e-36	1.1755e-36	1.2027e-21	0.00e+00	0.00e+00	1.1324e+00
2.30927e+17	5.5324e+03	2.318e-21	2.7826e+01	2.8769e+01	3.3307e-10	4.0043e-02	9.5996e-01	1.4622e-01	8.5342e-01	3.5961e-04	1.4176e-13	7.6234e-03	7.5631e-01	2.3606e-01	1.3210e-05	4.8172e-02	9.2946e-01	2.2365e-02	4.2110e-07	1.1755e-36	1.1755e-36	1.7513e-21	0.00e+00	0.00e+00	1.4685e+00
2.78971e+17	5.5743e+03	2.337e-21	2.7826e+01	2.8555e+01	4.3928e-10	4.6426e-02	9.5357e-01	1.6156e-01	8.3813e-01	3.0751e-04	2.0075e-13	8.4163e-03	7.7575e-01	2.1582e-01	1.0148e-05	5.6099e-02	9.2588e-01	1.8024e-02	2.5374e-07	1.1755e-36	1.1755e-36	2.8290e-21	0.00e+00	0.00e+00	1.8628e+00
3.25209e+17	5.6715e+03	2.366e-21	2.7826e+01	2.8272e+01	5.7032e-10	5.4907e-02	9.4509e-01	1.7957e-01	8.2017e-01	2.6425e-04	2.9723e-13	9.3010e-03	7.9510e-01	1.9559e-01	7.5661e-06	6.6556e-02	9.1938e-01	1.4069e-02	1.4601e-07	1.1755e-36	1.1755e-36	4.9043e-21	0.00e+00	0.00e+00	2.2887e+00
3.66755e+17	5.7830e+03	2.404e-21	2.7826e+01	2.7932e+01	7.5092e-10	6.5725e-02	9.3428e-01	1.9999e-01	7.9978e-01	2.2944e-04	4.5279e-13	1.0213e-02	8.1371e-01	1.7607e-01	5.5284e-06	7.9801e-02	9.0943e-01	1.0771e-02	1.1755e-36	1.1755e-36	1.1755e-36	8.8878e-21	0.00e+00	0.00e+00	2.7384e+00
4.03425e+17	5.9113e+03	2.436e-21	2.7826e+01	2.7503e+01	9.8361e-10	7.8922e-02	9.2108e-01	2.2244e-01	7.7736e-01	2.0157e-04	6.9549e-13	1.1073e-02	8.3088e-01	1.5804e-01	4.0034e-06	9.5838e-02	8.9601e-01	8.1558e-03	1.1755e-36	1.1755e-36	1.1755e-36	1.6346e-20	0.00e+00	0.00e+00	3.2155e+00
4.36468e+17	6.0367e+03	2.458e-21	2.7826e+01	2.6988e+01	1.3155e-09	9.5280e-02	9.0472e-01	2.4748e-01	7.5234e-01	1.7832e-04	1.0856e-12	1.1869e-02	8.4717e-01	1.4095e-01	2.8535e-06	1.1556e-01	8.7836e-01	6.0863e-03	1.1755e-36	1.1755e-36	1.1755e-36	3.0801e-20	0.00e+00	0.00e+00	3.7460e+00
4.66307e+17	6.1543e+03	2.464e-21	2.7826e+01	2.6359e+01	1.7988e-09	1.1545e-01	8.8455e-01	2.7521e-01	7.2463e-01	1.5865e-04	1.7169e-12	1.2551e-02	8.6242e-01	1.2503e-01	2.0078e-06	1.3964e-01	8.5588e-01	4.4829e-03	1.1755e-36	1.1755e-36	1.1755e-36	5.9238e-20	0.00e+00	0.00e+00	4.3138e+00
4.92203e+17	6.2513e+03	2.448e-21	2.7826e+01	2.5631e+01	2.4938e-09	1.3912e-01	8.6088e-01	3.0423e-01	6.9563e-01	1.4265e-04	2.6969e-12	1.3064e-02	8.7608e-01	1.1085e-01	1.4174e-06	1.6760e-01	8.2910e-01	3.3037e-03	1.1755e-36	1.1755e-36	1.1755e-36	1.1309e-19	0.00e+00	0.00e+00	4.8956e+00
5.14251e+17	6.3200e+03	2.410e-21	2.7826e+01	2.4856e+01	3.4834e-09	1.6582e-01	8.3418e-01	3.3343e-01	6.6644e-01	1.2973e-04	4.1639e-12	1.3406e-02	8.8809e-01	9.8499e-02	1.0136e-06	1.9874e-01	7.9881e-01	2.4569e-03	1.1755e-36	1.1755e-36	1.1755e-36	2.1142e-19	0.00e+00	0.00e+00	5.4870e+00
5.33278e+17	6.3615e+03	2.343e-21	2.7826e+01	2.3944e+01	4.8587e-09	1.9482e-01	8.0518e-01	3.6280e-01	6.3708e-01	1.1862e-04	6.2536e-12	1.3537e-02	8.9845e-01	8.8008e-02	7.3944e-07	2.3212e-01	7.6603e-01	1.8510e-03	1.1755e-36	1.1755e-36	1.1755e-36	3.8054e-19	0.00e+00	0.00e+00	6.0948e+00
5.50331e+17	6.3757e+03	2.254e-21	2.7826e+01	2.2972e+01	6.8626e-09	2.2711e-01	7.7289e-01	3.9223e-01	6.0766e-01	1.0932e-04	9.3243e-12	1.3525e-02	9.0787e-01	7.8606e-02	5.4297e-07	2.6876e-01	7.2984e-01	1.3978e-03	1.1755e-36	1.1755e-36	1.1755e-36	6.8239e-19	0.00e+00	0.00e+00	6.7471e+00
5.66070e+17	6.3631e+03	2.140e-21	2.7826e+01	2.1892e+01	9.8708e-09	2.6332e-01	7.3668e-01	4.2235e-01	5.7755e-01	1.0109e-04	1.3910e-11	1.3358e-02	9.1652e-01	7.0119e-02	3.9983e-07	3.0920e-01	6.8975e-01	1.0524e-03	1.1755e-36	1.1755e-36	1.1755e-36	1.2352e-18	0.00e+00	0.00e+00	7.4472e+00
5.79772e+17	6.3275e+03	2.012e-21	2.7826e+01	2.0777e+01	1.4117e-08	3.0098e-01	6.9902e-01	4.5051e-01	5.4940e-01	9.4460e-05	2.0276e-11	1.3061e-02	9.2392e-01	6.3018e-02	3.0162e-07	3.5053e-01	6.4867e-01	8.0435e-04	1.1755e-36	1.1755e-36	1.1755e-36	2.1873e-18	0.00e+00	0.00e+00	8.0961e+00
5.87948e+17	6.2980e+03	1.924e-21	2.7826e+01	2.0019e+01	1.7795e-08	3.2679e-01	6.7321e-01	4.6688e-01	5.3303e-01	9.1290e-05	2.5733e-11	1.2798e-02	9.2799e-01	5.9209e-02	2.5489e-07	3.7843e-01	6.2089e-01	6.7982e-04	1.1755e-36	1.1755e-36	1.1755e-36	3.1747e-18	0.00e+00	0.00e+00	8.3304e+00
5.90975e+17	6.2831e+03	1.890e-21	2.7826e+01	1.9728e+01	1.9451e-08	3.3670e-01	6.6330e-01	4.7324e-01	5.2667e-01	9.0045e-05	2.8146e-11	1.2688e-02	9.2951e-01	5.7797e-02	2.3921e-07	3.8907e-01	6.1029e-01	6.3796e-04	1.1755e-36	1.1755e-36	1.1755e-36	3.6561e-18	0.00e+00	0.00e+00	8.4472e+00
5.93121e+17	6.2696e+03	1.863e-21	2.7826e+01	1.9512e+01	2.0787e-08	3.4394e-01	6.5606e-01	4.7812e-01	5.2179e-01	8.9096e-05	3.0051e-11	1.2606e-02	9.3068e-01	5.6713e-02	2.2804e-07	3.9680e-01	6.0259e-01	6.0856e-04	1.1755e-36	1.1755e-36	1.1755e-36	4.0527e-18	0.00e+00	0.00e+00	8.5872e+00
5.95787e+17	6.2474e+03	1.831e-21	2.7826e+01	1.9262e+01	2.2745e-08	3.5350e-01	6.4650e-01	4.8463e-01	5.1529e-01	8.7731e-05	3.2806e-11	1.2515e-02	9.3220e-01	5.5285e-02	2.1418e-07	4.0698e-01	5.9244e-01	5.7259e-04	1.1755e-36	1.1755e-36	1.1755e-36	4.6577e-18	0.00e+00	0.00e+00	8.7744e+00
5.99043e+17	6.2244e+03	1.789e-21	2.7826e+01	1.8927e+01	2.5243e-08	3.6507e-01	6.3493e-01	4.9226e-01	5.0765e-01	8.6236e-05	3.6365e-11	1.2378e-02	9.3395e-01	5.3670e-02	1.9892e-07	4.1925e-01	5.8022e-01	5.3192e-04	1.1755e-36	1.1755e-36	1.1755e-36	5.4879e-18	0.00e+00	0.00e+00	8.9989e+00
6.02562e+17	6.1961e+03	1.741e-21	2.7826e+01	1.8534e+01	2.8318e-08	3.7770e-01	6.2230e-01	5.0023e-01	4.9969e-01	8.4821e-05	4.0588e-11	1.2206e-02	9.3576e-01	5.2032e-02	1.8400e-07	4.3255e-01	5.6696e-01	4.9143e-04	1.1755e-36	1.1755e-36	1.1755e-36	6.5535e-18	0.00e+00	0.00e+00	9.2336e+00
6.05959e+17	6.1645e+03	1.696e-21	2.7826e+01	1.8174e+01	3.1874e-08	3.9070e-01	6.0930e-01	5.0827e-01	4.9165e-01	8.3346e-05	4.5494e-11	1.2050e-02	9.3754e-01	5.0410e-02	1.7018e-07	4.4618e-01	5.5337e-01	4.5397e-04	1.1755e-36	1.1755e-36	1.1755e-36	7.8963e-18	0.00e+00	0.00e+00	9.4572e+00
6.09047e+17	6.1359e+03	1.652e-21	2.7826e+01	1.7818e+01	3.5446e-08	4.0253e-01	5.9747e-01	5.1530e-01	4.8462e-01	8.2201e-05	5.0349e-11	1.1884e-02	9.3909e-01	4.9024e-02	1.5877e-07	4.5849e-01	5.4108e-01	4.2246e-04	1.1755e-36	1.1755e-36	1.1755e-36	9.3353e-18	0.00e+00	0.00e+00	9.6636e+00
6.11955e+17	6.1062e+03	1.609e-21	2.7826e+01	1.7478e+01	3.9322e-08	4.1402e-01	5.8598e-01	5.2213e-01	4.7779e-01	8.1086e-05	5.5582e-11	1.1723e-02	9.4057e-01	4.7708e-02	1.4852e-07	4.7041e-01	5.2920e-01	3.9412e-04	1.1755e-36	1.1755e-36	1.1755e-36	1.1005e-17	0.00e+00	0.00e+00	9.8744e+00
6.14874e+17	6.0752e+03	1.566e-21	2.7826e+01	1.7124e+01	4.3685e-08	4.2571e-01	5.7429e-01	5.2896e-01	4.7096e-01	8.0018e-05	6.1424e-11	1.1551e-02	9.4202e-01	4.6424e-02	1.3893e-07	4.8245e-01	5.1718e-01	3.6736e-04	1.1755e-36	1.1755e-36	1.1755e-36	1.3016e-17	0.00e+00	0.00e+00	1.0094e+01
6.17814e+17	6.0328e+03	1.522e-21	2.7826e+01	1.6769e+01	4.9231e-08	4.3814e-01	5.6186e-01	5.3619e-01	4.6373e-01	7.8823e-05	6.8509e-11	1.1378e-02	9.4353e-01	4.5095e-02	1.2960e-07	4.9521e-01	5.0445e-01	3.4157e-04	1.1755e-36	1.1755e-36	1.1755e-36	1.5688e-17	0.00e+00	0.00e+00	1.0321e+01
6.20592e+17	6.0089e+03	1.479e-21	2.7826e+01	1.6423e+01	5.4094e-08	4.4945e-01	5.5055e-01	5.4233e-01	4.5760e-01	7.8035e-05	7.5293e-11	1.1197e-02	9.4483e-01	4.3969e-02	1.1755e-36	5.0672e-01	4.9296e-01	3.1912e-04	1.1755e-36	1.1755e-36	1.1755e-36	1.8419e-17	0.00e+00	0.00e+00	1.0527e+01
6.23351e+17	5.9674e+03	1.436e-21	2.7826e+01	1.6073e+01	6.0634e-08	4.6141e-01	5.3859e-01	5.4912e-01	4.5080e-01	7.7001e-05	8.3672e-11	1.1018e-02	9.4622e-01	4.2765e-02	1.1755e-36	5.1887e-01	4.8083e-01	2.9751e-04	1.1755e-36	1.1755e-36	1.1755e-36	2.2122e-17	0.00e+00	0.00e+00	1.0763e+01
6.26150e+17	5.9242e+03	1.393e-21	2.7826e+01	1.5719e+01	6.8204e-08	4.7379e-01	5.2621e-01	5.5583e-01	4.4409e-01	7.6032e-05	9.3377e-11	1.0833e-02	9.4758e-01	4.1588e-02	1.1755e-36	5.3136e-01	4.6836e-01	2.7695e-04	1.1755e-36	1.1755e-36	1.1755e-36	2.6825e-17	0.00e+00	0.00e+00	1.0987e+01
6.28711e+17	5.8838e+03	1.353e-21	2.7826e+01	1.5398e+01	7.6093e-08	4.8535e-01	5.1465e-01	5.6202e-01	4.3791e-01	7.5149e-05	1.0359e-10	1.0663e-02	9.4881e-01	4.0524e-02	1.1755e-36	5.4297e-01	4.5677e-01	2.5909e-04	1.1755e-36	1.1755e-36	1.1755e-36	3.2228e-17	0.00e+00	0.00e+00	1.1194e+01
6.31095e+17	5.8552e+03	1.314e-21	2.7826e+01	1.5075e+01	8.3237e-08	4.9558e-01	5.0442e-01	5.6730e-01	4.3263e-01	7.4579e-05	1.1318e-10	1.0483e-02	9.4989e-01	3.9626e-02	1.1755e-36	5.5317e-01	4.4659e-01	2.4376e-04	1.1755e-36	1.1755e-36	1.1755e-36	3.7680e-17	0.00e+00	0.00e+00	1.1398e+01
6.33629e+17	5.8058e+03	1.274e-21	2.7826e+01	1.4737e+01	9.3726e-08	5.0728e-01	4.9272e-01	5.7365e-01	4.2628e-01	7.3688e-05	1.2634e-10	1.0299e-02	9.5113e-01	3.8575e-02	1.1755e-36	5.6481e-01	4.3496e-01	2.2781e-04	1.1755e-36	1.1755e-36	1.1755e-36	4.5936e-17	0.00e+00	0.00e+00	1.1641e+01
6.36212e+17	5.7605e+03	1.233e-21	2.7826e+01	1.4393e+01	1.0518e-07	5.1913e-01	4.8087e-01	5.7968e-01	4.2025e-01	7.2948e-05	1.4111e-10	1.0107e-02	9.5231e-01	3.7586e-02	1.1755e-36	5.7653e-01	4.2326e-01	2.1273e-04	1.1755e-36	1.1755e-36	1.1755e-36	5.6118e-17	0.00e+00	0.00e+00	1.1863e+01
6.38549e+17	5.7106e+03	1.197e-21	2.7826e+01	1.4090e+01	1.1817e-07	5.3039e-01	4.6961e-01	5.8550e-01	4.1443e-01	7.2134e-05	1.5763e-10	9.9398e-03	9.5341e-01	3.6650e-02	1.1755e-36	5.8761e-01	4.1219e-01	1.9953e-04	1.1755e-36	1.1755e-36	1.1755e-36	6.8715e-17	0.00e+00	0.00e+00	1.2072e+01
6.40686e+17	5.6745e+03	1.163e-21	2.7826e+01	1.3795e+01	1.2973e-07	5.4007e-01	4.5993e-01	5.9027e-01	4.0965e-01	7.1650e-05	1.7288e-10	9.7692e-03	9.5434e-01	3.5890e-02	1.1755e-36	5.9708e-01	4.0273e-01	1.8847e-04	1.1755e-36	1.1755e-36	1.1755e-36	8.1336e-17	0.00e+00	0.00e+00	1.2265e+01
6.42847e+17	5.6225e+03	1.129e-21	2.7826e+01	1.3503e+01	1.4548e-07	5.5055e-01	4.4945e-01	5.9574e-01	4.0419e-01	7.0915e-05	1.9286e-10	9.6039e-03	9.5536e-01	3.5037e-02	1.1755e-36	6.0731e-01	3.9251e-01	1.7743e-04	1.1755e-36	1.1755e-36	1.1755e-36	9.9569e-17	0.00e+00	0.00e+00	1.2486e+01
6.45044e+17	5.5855e+03	1.094e-21	2.7826e+01	1.3193e+01	1.6010e-07	5.6042e-01	4.3958e-01	6.0047e-01	3.9946e-01	7.0519e-05	2.1256e-10	9.4200e-03	9.5628e-01	3.4299e-02	1.1755e-36	6.1688e-01	3.8296e-01	1.6725e-04	1.1755e-36	1.1755e-36	1.1755e-36	1.1908e-16	0.00e+00	0.00e+00	1.2694e+01
6.47255e+17	5.5349e+03	1.059e-21	2.7826e+01	1.2887e+01	1.7941e-07	5.7091e-01	4.2909e-01	6.0578e-01	3.9415e-01	6.9909e-05	2.3795e-10	9.2413e-03	9.5727e-01	3.3491e-02	1.1755e-36	6.2702e-01	3.7282e-01	1.5723e-04	1.1755e-36	1.1755e-36	1.1755e-36	1.4683e-16	0.00e+00	0.00e+00	1.2925e+01
6.49485e+17	5.4797e+03	1.025e-21	2.7826e+01	1.2582e+01	2.0240e-07	5.8164e-01	4.1836e-01	6.1105e-01	3.8889e-01	6.9303e-05	2.6832e-10	9.0625e-03	9.5824e-01	3.2701e-02	1.1755e-36	6.3735e-01	3.6251e-01	1.4769e-04	1.1755e-36	1.1755e-36	1.1755e-36	1.8380e-16	0.00e+00	0.00e+00	1.3145e+01
6.51503e+17	5.4315e+03	9.944e-22	2.7826e+01	1.2309e+01	2.2538e-07	5.9134e-01	4.0866e-01	6.1571e-01	3.8422e-01	6.8802e-05	2.9957e-10	8.9001e-03	9.5909e-01	3.2007e-02	1.1755e-36	6.4663e-01	3.5323e-01	1.3951e-04	1.1755e-36	1.1755e-36	1.1755e-36	2.2582e-16	0.00e+00	0.00e+00	1.3341e+01
6.53376e+17	5.3940e+03	9.654e-22	2.7826e+01	1.2048e+01	2.4655e-07	5.9987e-01	4.0013e-01	6.1978e-01	3.8015e-01	6.8474e-05	3.2956e-10	8.7409e-03	9.5985e-01	3.1406e-02	1.1755e-36	6.5475e-01	3.4512e-01	1.3241e-04	1.1755e-36	1.1755e-36	1.1755e-36	2.6960e-16	0.00e+00	0.00e+00	1.3537e+01
6.55382e+17	5.3399e+03	9.350e-22	2.7826e+01	1.1769e+01	2.7648e-07	6.0944e-01	3.9055e-01	6.2460e-01	3.7533e-01	6.7946e-05	3.7102e-10	8.5736e-03	9.6071e-01	3.0713e-02	1.1755e-36	6.6386e-01	3.3602e-01	1.2498e-04	1.1755e-36	1.1755e-36	1.1755e-36	3.3663e-16	0.00e+00	0.00e+00	1.3768e+01
6.57459e+17	5.2873e+03	9.043e-22	2.7826e+01	1.1485e+01	3.1004e-07	6.1922e-01	3.8078e-01	6.2925e-01	3.7068e-01	6.7508e-05	4.1906e-10	8.4005e-03	9.6155e-01	3.0047e-02	1.1755e-36	6.7310e-01	3.2678e-01	1.1780e-04	1.1755e-36	1.1755e-36	1.1755e-36	4.2290e-16	0.00e+00	0.00e+00	1.3985e+01
6.59377e+17	5.2355e+03	8.765e-22	2.7826e+01	1.1223e+01	3.4623e-07	6.2829e-01	3.7171e-01	6.3359e-01	3.6634e-01	6.7085e-05	4.7170e-10	8.2409e-03	9.6232e-01	2.9437e-02	1.1755e-36	6.8164e-01	3.1825e-01	1.1148e-04	1.1755e-36	1.1755e-36	1.1755e-36	5.2801e-16	0.00e+00	0.00e+00	1.4188e+01
6.61179e+17	5.1774e+03	8.511e-22	2.7826e+01	1.0983e+01	3.8939e-07	6.3717e-01	3.6283e-01	6.3802e-01	3.6192e-01	6.6529e-05	5.3490e-10	8.0972e-03	9.6307e-01	2.8833e-02	1.1755e-36	6.8999e-01	3.0991e-01	1.0570e-04	1.1755e-36	1.1755e-36	1.1755e-36	6.6872e-16	0.00e+00	0.00e+00	1.4385e+01
6.62856e+17	5.1397e+03	8.268e-22	2.7826e+01	1.0750e+01	4.2420e-07	6.4454e-01	3.5546e-01	6.4131e-01	3.5862e-01	6.6384e-05	5.8904e-10	7.9496e-03	9.6369e-01	2.8364e-02	1.1755e-36	6.9687e-01	3.0303e-01	1.0083e-04	1.1755e-36	1.1755e-36	1.1755e-36	8.0071e-16	0.00e+00	0.00e+00	1.4565e+01
6.64620e+17	5.0850e+03	8.020e-22	2.7826e+01	1.0510e+01	4.7435e-07	6.5285e-01	3.4715e-01	6.4556e-01	3.5437e-01	6.5917e-05	6.6647e-10	7.8023e-03	9.6440e-01	2.7797e-02	1.1755e-36	7.0462e-01	2.9528e-01	9.5694e-05	1.1755e-36	1.1755e-36	1.1755e-36	1.0086e-15	0.00e+00	0.00e+00	1.4788e+01
6.66506e+17	5.0276e+03	7.763e-22	2.7826e+01	1.0262e+01	5.3409e-07	6.6173e-01	3.3827e-01	6.4990e-01	3.5004e-01	6.5461e-05	7.6196e-10	7.6493e-03	9.6513e-01	2.7223e-02	1.1755e-36	7.1286e-01	2.8705e-01	9.0510e-05	1.1755e-36	1.1755e-36	1.1755e-36	1.2952e-15	0.00e+00	0.00e+00	1.5001e+01
6.68242e+17	4.9697e+03	7.531e-22	2.7826e+01	1.0025e+01	5.9928e-07	6.6977e-01	3.3023e-01	6.5372e-01	3.4621e-01	6.5107e-05	8.5576e-10	7.5033e-03	9.6580e-01	2.6701e-02	1.1755e-36	7.2031e-01	2.7961e-01	8.6039e-05	1.1755e-36	1.1755e-36	1.1755e-36	1.6129e-15	0.00e+00	0.00e+00	1.5194e+01
6.69814e+17	4.9188e+03	7.325e-22	2.7826e+01	9.8202e+00	6.6406e-07	6.7706e-01	3.2294e-01	6.5727e-01	3.4266e-01	6.4745e-05	9.4136e-10	7.3758e-03	9.6641e-01	2.6209e-02	1.1755e-36	7.2703e-01	2.7289e-01	8.2119e-05	1.1755e-36	1.1755e-36	1.1755e-36	1.9320e-15	0.00e+00	0.00e+00	1.5373e+01
6.71340e+17	4.8691e+03	7.126e-22	2.7826e+01	9.6184e+00	7.3367e-07	6.8399e-01	3.1601e-01	6.6069e-01	3.3924e-01	6.4421e-05	1.0325e-09	7.2500e-03	9.6701e-01	2.5738e-02	1.1755e-36	7.3340e-01	2.6652e-01	7.8487e-05	1.1755e-36	1.1755e-36	1.1755e-36	2.3020e-15	0.00e+00	0.00e+00	1.5559e+01
6.72926e+17	4.8173e+03	6.921e-22	2.7826e+01	9.4105e+00	8.1395e-07	6.9111e-01	3.0889e-01	6.6424e-01	3.3569e-01	6.4085e-05	1.1373e-09	7.1202e-03	9.6763e-01	2.5255e-02	1.1755e-36	7.3993e-01	2.6000e-01	7.4870e-05	1.1755e-36	1.1755e-36	1.1755e-36	2.7648e-15	0.00e+00	0.00e+00	1.5756e+01
6.74565e+17	4.7637e+03	6.714e-22	2.7826e+01	9.1939e+00	9.0559e-07	6.9829e-01	3.0171e-01	6.6774e-01	3.3219e-01	6.3804e-05	1.2555e-09	6.9834e-03	9.6824e-01	2.4776e-02	1.1755e-36	7.4649e-01	2.5344e-01	7.1337e-05	1.1755e-36	1.1755e-36	1.1755e-36	3.3369e-15	0.00e+00	0.00e+00	1.5959e+01
6.76206e+17	4.7055e+03	6.514e-22	2.7826e+01	8.9862e+00	1.0150e-06	7.0568e-01	2.9432e-01	6.7149e-01	3.2845e-01	6.3398e-05	1.3949e-09	6.8542e-03	9.6887e-01	2.4279e-02	1.1755e-36	7.5322e-01	2.4671e-01	6.7893e-05	1.1755e-36	1.1755e-36	1.1755e-36	4.0765e-15	0.00e+00	0.00e+00	1.6161e+01
6.77778e+17	4.6516e+03	6.324e-22	2.7826e+01	8.7821e+00	1.1274e-06	7.1243e-01	2.8757e-01	6.7473e-01	3.2520e-01	6.3154e-05	1.5364e-09	6.7249e-03	9.6944e-01	2.3839e-02	1.1755e-36	7.5935e-01	2.4058e-01	6.4822e-05	1.1755e-36	1.1755e-36	1.1755e-36	4.9022e-15	0.00e+00	0.00e+00	1.6350e+01
6.79292e+17	4.5950e+03	6.147e-22	2.7826e+01	8.5946e+00	1.2568e-06	7.1917e-01	2.8083e-01	6.7822e-01	3.2171e-01	6.2754e-05	1.6974e-09	6.6085e-03	9.7001e-01	2.3385e-02	1.1755e-36	7.6545e-01	2.3448e-01	6.1901e-05	1.1755e-36	1.1755e-36	1.1755e-36	5.9262e-15	0.00e+00	0.00e+00	1.6542e+01
6.80788e+17	4.5417e+03	5.973e-22	2.7826e+01	8.4036e+00	1.3911e-06	7.2544e-01	2.7456e-01	6.8132e-01	3.1862e-01	6.2515e-05	1.8625e-09	6.4873e-03	9.7054e-01	2.2974e-02	1.1755e-36	7.7113e-01	2.2881e-01	5.9219e-05	1.1755e-36	1.1755e-36	1.1755e-36	7.0757e-15	0.00e+00	0.00e+00	1.6730e+01
6.82289e+17	4.4839e+03	5.804e-22	2.7826e+01	8.2221e+00	1.5507e-06	7.3199e-01	2.6801e-01	6.8479e-01	3.1515e-01	6.2100e-05	2.0570e-09	6.3748e-03	9.7109e-01	2.2532e-02	1.1755e-36	7.7703e-01	2.2292e-01	5.6554e-05	1.1755e-36	1.1755e-36	1.1755e-36	8.5484e-15	0.00e+00	0.00e+00	1.6926e+01
6.83794e+17	4.4231e+03	5.639e-22	2.7826e+01	8.0373e+00	1.7325e-06	7.3843e-01	2.6157e-01	6.8815e-01	3.1179e-01	6.1727e-05	2.2719e-09	6.2602e-03	9.7164e-01	2.2104e-02	1.1755e-36	7.8282e-01	2.1713e-01	5.4028e-05	1.1755e-36	1.1755e-36	1.1755e-36	1.0337e-14	0.00e+00	0.00e+00	1.7119e+01
6.85243e+17	4.3719e+03	5.481e-22	2.7826e+01	7.8584e+00	1.9033e-06	7.4421e-01	2.5579e-01	6.9101e-01	3.0893e-01	6.1539e-05	2.4764e-09	6.1457e-03	9.7212e-01	2.1731e-02	1.1755e-36	7.8799e-01	2.1196e-01	5.1760e-05	1.1755e-36	1.1755e-36	1.1755e-36	1.2183e-14	0.00e+00	0.00e+00	1.7304e+01
6.86737e+17	4.3075e+03	5.323e-22	2.7826e+01	7.6831e+00	2.1310e-06	7.5064e-01	2.4936e-01	6.9462e-01	3.0532e-01	6.1042e-05	2.7388e-09	6.0390e-03	9.7267e-01	2.1290e-02	1.1755e-36	7.9374e-01	2.0621e-01	4.9398e-05	1.1755e-36	1.1755e-36	1.1755e-36	1.4756e-14	0.00e+00	0.00e+00	1.7511e+01
6.88262e+17	4.2476e+03	5.166e-22	2.7826e+01	7.5031e+00	2.3642e-06	7.5681e-01	2.4319e-01	6.9784e-01	3.0210e-01	6.0720e-05	3.0066e-09	5.9263e-03	9.7319e-01	2.0887e-02	1.1755e-36	7.9924e-01	2.0071e-01	4.7167e-05	1.1755e-36	1.1755e-36	1.1755e-36	1.7624e-14	0.00e+00	0.00e+00	1.7707e+01
6.89747e+17	4.1876e+03	5.016e-22	2.7826e+01	7.3298e+00	2.6143e-06	7.6276e-01	2.3723e-01	7.0105e-01	2.9888e-01	6.0374e-05	3.2883e-09	5.8185e-03	9.7369e-01	2.0492e-02	1.1755e-36	8.0454e-01	1.9541e-01	4.5074e-05	1.1755e-36	1.1755e-36	1.1755e-36	2.0893e-14	0.00e+00	0.00e+00	1.7908e+01
6.91275e+17	4.1244e+03	4.865e-22	2.7826e+01	7.1536e+00	2.8948e-06	7.6884e-01	2.3115e-01	7.0439e-01	2.9555e-01	6.0000e-05	3.5976e-09	5.7094e-03	9.7420e-01	2.0088e-02	1.1755e-36	8.0994e-01	1.9002e-01	4.3001e-05	1.1755e-36	1.1755e-36	1.1755e-36	2.4775e-14	0.00e+00	0.00e+00	1.8119e+01
6.92862e+17	4.0583e+03	4.712e-22	2.7826e+01	6.9721e+00	3.2066e-06	7.7511e-01	2.2489e-01	7.0780e-01	2.9214e-01	5.9628e-05	3.9345e-09	5.5974e-03	9.7472e-01	1.9678e-02	1.1755e-36	8.1548e-01	1.8448e-01	4.0935e-05	1.1755e-36	1.1755e-36	1.1755e-36	2.9348e-14	0.00e+00	0.00e+00	1.8338e+01
6.94497e+17	3.9908e+03	4.556e-22	2.7826e+01	6.7811e+00	3.5393e-06	7.8145e-01	2.1855e-01	7.1104e-01	2.8890e-01	5.9364e-05	4.2852e-09	5.4786e-03	9.7524e-01	1.9281e-02	1.1755e-36	8.2107e-01	1.7889e-01	3.8902e-05	1.1755e-36	1.1755e-36	1.1755e-36	3.4497e-14	0.00e+00	0.00e+00	1.8566e+01
