#depth	Te	Htot	hden	eden	2H_2/H	HI	HII	HeI	HeII	HeIII	CO/C	C1	C2	C3	C4	O1	O2	O3	O4	O5	O6	H2O/O	AV(point)	AV(extend)	Tau912
5.48987e+14	6.3797e+03	3.220e-22	1.0000e+01	1.0852e+01	1.5635e-14	1.2907e-03	9.9871e-01	8.0641e-03	9.8914e-01	2.7985e-03	1.1365e-18	4.6186e-05	1.3105e-01	8.6773e-01	1.1691e-03	4.2403e-04	3.7470e-01	6.2411e-01	7.6565e-04	1.1755e-36	1.1755e-36	7.9674e-27	0.00e+00	0.00e+00	8.9463e-05
3.29392e+15	6.3785e+03	3.220e-22	1.0000e+01	1.0852e+01	1.5646e-14	1.2905e-03	9.9871e-01	8.0645e-03	9.8914e-01	2.7960e-03	1.1357e-18	4.6153e-05	1.3106e-01	8.6773e-01	1.1718e-03	4.2387e-04	3.7462e-01	6.2419e-01	7.6296e-04	1.1755e-36	1.1755e-36	7.9591e-27	0.00e+00	0.00e+00	4.4726e-04
1.42737e+16	6.3756e+03	3.219e-22	1.0000e+01	1.0852e+01	1.5672e-14	1.2901e-03	9.9871e-01	8.0668e-03	9.8916e-01	2.7774e-03	1.1353e-18	4.6105e-05	1.3109e-01	8.6769e-01	1.1702e-03	4.2386e-04	3.7468e-01	6.2415e-01	7.5173e-04	1.1755e-36	1.1755e-36	7.9497e-27	0.00e+00	0.00e+00	1.8781e-03
5.81926e+16	6.3665e+03	3.214e-22	1.0000e+01	1.0852e+01	1.5789e-14	1.2902e-03	9.9871e-01	8.0807e-03	9.8924e-01	2.6814e-03	1.1384e-18	4.6083e-05	1.3129e-01	8.6750e-01	1.1610e-03	4.2474e-04	3.7521e-01	6.2366e-01	7.0822e-04	1.1755e-36	1.1755e-36	7.9519e-27	0.00e+00	0.00e+00	7.6019e-03
1.39003e+17	6.3416e+03	3.195e-22	1.0000e+01	1.0852e+01	1.5923e-14	1.2839e-03	9.9872e-01	8.0800e-03	9.8930e-01	2.6203e-03	1.1264e-18	4.5819e-05	1.3134e-01	8.6746e-01	1.1516e-03	4.2370e-04	3.7567e-01	6.2326e-01	6.4963e-04	1.1755e-36	1.1755e-36	7.7916e-27	0.00e+00	0.00e+00	1.5006e-02
2.44058e+17	6.3117e+03	3.176e-22	1.0000e+01	1.0852e+01	1.6115e-14	1.2787e-03	9.9872e-01	8.0898e-03	9.8945e-01	2.4644e-03	1.1163e-18	4.5697e-05	1.3154e-01	8.6728e-01	1.1344e-03	4.2360e-04	3.7655e-01	6.2244e-01	5.7864e-04	1.1755e-36	1.1755e-36	7.6236e-27	0.00e+00	0.00e+00	2.4593e-02
3.80628e+17	6.2783e+03	3.155e-22	1.0000e+01	1.0851e+01	1.6402e-14	1.2737e-03	9.9873e-01	8.1078e-03	9.8967e-01	2.2197e-03	1.1115e-18	4.5648e-05	1.3184e-01	8.6700e-01	1.1101e-03	4.2423e-04	3.7788e-01	6.2120e-01	4.9621e-04	1.1755e-36	1.1755e-36	7.5031e-27	0.00e+00	0.00e+00	3.7007e-02
5.58169e+17	6.2406e+03	3.130e-22	1.0000e+01	1.0851e+01	1.6707e-14	1.2691e-03	9.9873e-01	8.1363e-03	9.8997e-01	1.8916e-03	1.1058e-18	4.5671e-05	1.3230e-01	8.6658e-01	1.0786e-03	4.2584e-04	3.7981e-01	6.1936e-01	4.0488e-04	1.1755e-36	1.1755e-36	7.3396e-27	0.00e+00	0.00e+00	5.3087e-02
7.88973e+17	6.1977e+03	3.102e-22	1.0000e+01	1.0851e+01	1.7116e-14	1.2652e-03	9.9873e-01	8.1791e-03	9.9032e-01	1.5000e-03	1.1051e-18	4.5782e-05	1.3296e-01	8.6595e-01	1.0406e-03	4.2883e-04	3.8254e-01	6.1672e-01	3.0963e-04	1.1755e-36	1.1755e-36	7.2008e-27	0.00e+00	0.00e+00	7.3926e-02
1.08902e+18	6.1493e+03	3.070e-22	1.0000e+01	1.0850e+01	1.7647e-14	1.2624e-03	9.9874e-01	8.2409e-03	9.9067e-01	1.0844e-03	1.1104e-18	4.6012e-05	1.3391e-01	8.6505e-01	9.9757e-04	4.3370e-04	3.8630e-01	6.1305e-01	2.1776e-04	1.1755e-36	1.1755e-36	7.0857e-27	0.00e+00	0.00e+00	1.0096e-01
1.47908e+18	6.0952e+03	3.034e-22	1.0000e+01	1.0850e+01	1.8325e-14	1.2615e-03	9.9874e-01	8.3296e-03	9.9097e-01	6.9761e-04	1.1238e-18	4.6419e-05	1.3525e-01	8.6375e-01	9.5183e-04	4.4108e-04	3.9132e-01	6.0810e-01	1.3761e-04	1.1755e-36	1.1755e-36	6.9974e-27	0.00e+00	0.00e+00	1.3607e-01
1.98615e+18	6.0357e+03	2.994e-22	1.0000e+01	1.0849e+01	1.9200e-14	1.2638e-03	9.9874e-01	8.4561e-03	9.9116e-01	3.8830e-04	1.1489e-18	4.7080e-05	1.3714e-01	8.6191e-01	9.0517e-04	4.5186e-04	3.9787e-01	6.0160e-01	7.5988e-05	1.1755e-36	1.1755e-36	6.9556e-27	0.00e+00	0.00e+00	1.8181e-01
2.64535e+18	5.9718e+03	2.950e-22	1.0000e+01	1.0849e+01	2.0300e-14	1.2709e-03	9.9873e-01	8.6373e-03	9.9118e-01	1.8118e-04	1.1898e-18	4.8115e-05	1.3980e-01	8.5930e-01	8.5781e-04	4.6742e-04	4.0633e-01	5.9317e-01	3.5491e-05	1.1755e-36	1.1755e-36	6.9609e-27	0.00e+00	0.00e+00	2.4160e-01
3.50231e+18	5.9040e+03	2.903e-22	1.0000e+01	1.0849e+01	2.1751e-14	1.2860e-03	9.9871e-01	8.9029e-03	9.9103e-01	6.8402e-05	1.2573e-18	4.9696e-05	1.4360e-01	8.5554e-01	8.0775e-04	4.8998e-04	4.1732e-01	5.8217e-01	1.3515e-05	1.1755e-36	1.1755e-36	7.0685e-27	0.00e+00	0.00e+00	3.2025e-01
4.61636e+18	5.8447e+03	2.852e-22	1.0000e+01	1.0848e+01	2.3516e-14	1.3116e-03	9.9869e-01	9.2855e-03	9.9069e-01	2.0169e-05	1.3695e-18	5.2134e-05	1.4899e-01	8.5020e-01	7.5269e-04	5.2250e-04	4.3166e-01	5.6782e-01	4.0446e-06	1.1755e-36	1.1755e-36	7.3848e-27	0.00e+00	0.00e+00	4.2453e-01
6.06462e+18	5.7957e+03	2.800e-22	1.0000e+01	1.0847e+01	2.5778e-14	1.3555e-03	9.9864e-01	9.8658e-03	9.9013e-01	4.5125e-06	1.5584e-18	5.5883e-05	1.5689e-01	8.4236e-01	6.8847e-04	5.7148e-04	4.5093e-01	5.4850e-01	9.2254e-07	1.1755e-36	1.1755e-36	8.0199e-27	0.00e+00	0.00e+00	5.6464e-01
7.94736e+18	5.7634e+03	2.752e-22	1.0000e+01	1.0845e+01	2.8989e-14	1.4301e-03	9.9857e-01	1.0782e-02	9.8922e-01	7.6490e-07	1.9068e-18	6.1957e-05	1.6898e-01	8.3035e-01	6.1155e-04	6.4888e-04	4.7768e-01	5.2167e-01	1.5894e-07	1.1755e-36	1.1755e-36	9.3534e-27	0.00e+00	0.00e+00	7.5679e-01
1.00376e+19	5.7726e+03	2.701e-22	1.0000e+01	1.0843e+01	3.1667e-14	1.5208e-03	9.9848e-01	1.1973e-02	9.8803e-01	1.2812e-07	2.3797e-18	6.9715e-05	1.8398e-01	8.1542e-01	5.3626e-04	7.4663e-04	5.0827e-01	4.9099e-01	1.1755e-36	1.1755e-36	1.1755e-36	1.1107e-26	0.00e+00	0.00e+00	9.5384e-01
1.19475e+19	5.8160e+03	2.670e-22	1.0000e+01	1.0840e+01	3.4118e-14	1.6267e-03	9.9837e-01	1.3392e-02	9.8661e-01	3.1473e-08	3.0254e-18	7.8756e-05	2.0078e-01	7.9866e-01	4.7214e-04	8.5952e-04	5.3917e-01	4.5997e-01	1.1755e-36	1.1755e-36	1.1755e-36	1.3642e-26	0.00e+00	0.00e+00	1.1354e+00
1.36257e+19	5.8871e+03	2.654e-22	1.0000e+01	1.0837e+01	3.6389e-14	1.7448e-03	9.9826e-01	1.5034e-02	9.8497e-01	1.0661e-08	3.9034e-18	8.8950e-05	2.1911e-01	7.8039e-01	4.1791e-04	9.8653e-04	5.6966e-01	4.2935e-01	1.1755e-36	1.1755e-36	1.1755e-36	1.7270e-26	0.00e+00	0.00e+00	1.3104e+00
1.51412e+19	5.9724e+03	2.647e-22	1.0000e+01	1.0834e+01	3.8642e-14	1.8749e-03	9.9813e-01	1.6952e-02	9.8305e-01	4.3863e-09	5.0752e-18	1.0047e-04	2.3924e-01	7.6029e-01	3.7013e-04	1.1302e-03	6.0026e-01	3.9861e-01	1.1755e-36	1.1755e-36	1.1755e-36	2.2169e-26	0.00e+00	0.00e+00	1.4811e+00
1.65658e+19	6.0681e+03	2.647e-22	1.0000e+01	1.0830e+01	4.1356e-14	2.0237e-03	9.9798e-01	1.9327e-02	9.8067e-01	2.0190e-09	6.7450e-18	1.1401e-04	2.6239e-01	7.3717e-01	3.2543e-04	1.2995e-03	6.3222e-01	3.6648e-01	1.1755e-36	1.1755e-36	1.1755e-36	2.9302e-26	0.00e+00	0.00e+00	1.6609e+00
1.79365e+19	6.1722e+03	2.652e-22	1.0000e+01	1.0826e+01	4.4571e-14	2.1955e-03	9.9780e-01	2.2365e-02	9.7763e-01	1.0036e-09	9.1422e-18	1.3019e-04	2.8952e-01	7.1007e-01	2.8277e-04	1.5020e-03	6.6607e-01	3.3243e-01	1.1755e-36	1.1755e-36	1.1755e-36	3.9566e-26	0.00e+00	0.00e+00	1.8458e+00
1.92030e+19	6.2782e+03	2.662e-22	1.0000e+01	1.0820e+01	4.8332e-14	2.3863e-03	9.9761e-01	2.6197e-02	9.7380e-01	5.4606e-10	1.2486e-17	1.4884e-04	3.2030e-01	6.7931e-01	2.4343e-04	1.7352e-03	7.0042e-01	2.9784e-01	1.1755e-36	1.1755e-36	1.1755e-36	5.3877e-26	0.00e+00	0.00e+00	2.0265e+00
2.03330e+19	6.3792e+03	2.677e-22	1.0000e+01	1.0814e+01	5.2682e-14	2.5909e-03	9.9741e-01	3.0929e-02	9.6907e-01	3.2528e-10	1.6983e-17	1.6957e-04	3.5399e-01	6.4564e-01	2.0807e-04	1.9936e-03	7.3389e-01	2.6412e-01	1.1755e-36	1.1755e-36	1.1755e-36	7.3039e-26	0.00e+00	0.00e+00	2.2000e+00
2.13413e+19	6.4728e+03	2.694e-22	1.0000e+01	1.0806e+01	5.7788e-14	2.8089e-03	9.9719e-01	3.6840e-02	9.6316e-01	2.0806e-10	2.2977e-17	1.9236e-04	3.9054e-01	6.0909e-01	1.7622e-04	2.2772e-03	7.6610e-01	2.3163e-01	1.1755e-36	1.1755e-36	1.1755e-36	9.8495e-26	0.00e+00	0.00e+00	2.3695e+00
2.22592e+19	6.5596e+03	2.714e-22	1.0000e+01	1.0797e+01	6.3800e-14	3.0443e-03	9.9696e-01	4.4483e-02	9.5552e-01	1.3987e-10	3.1002e-17	2.1765e-04	4.3062e-01	5.6902e-01	1.4707e-04	2.5913e-03	7.9735e-01	2.0006e-01	1.1755e-36	1.1755e-36	1.1755e-36	1.3229e-25	0.00e+00	0.00e+00	2.5387e+00
2.31064e+19	6.6403e+03	2.736e-22	1.0000e+01	1.0786e+01	7.1038e-14	3.3008e-03	9.9670e-01	5.4763e-02	9.4524e-01	9.7517e-11	4.1879e-17	2.4586e-04	4.7483e-01	5.2480e-01	1.2020e-04	2.9416e-03	8.2779e-01	1.6927e-01	1.1755e-36	1.1755e-36	1.1755e-36	1.7791e-25	0.00e+00	0.00e+00	2.7084e+00
2.37779e+19	6.7140e+03	2.757e-22	1.0000e+01	1.0774e+01	7.7372e-14	3.5328e-03	9.9647e-01	6.6982e-02	9.3302e-01	7.4473e-11	5.3890e-17	2.7256e-04	5.1639e-01	4.8324e-01	9.9358e-05	3.2677e-03	8.5332e-01	1.4341e-01	1.1755e-36	1.1755e-36	1.1755e-36	2.2742e-25	0.00e+00	0.00e+00	2.8263e+00
2.42199e+19	6.7462e+03	2.776e-22	1.0000e+01	1.0761e+01	8.3646e-14	3.7105e-03	9.9629e-01	7.8175e-02	9.2182e-01	6.1965e-11	6.4494e-17	2.9267e-04	5.4789e-01	4.5173e-01	8.5361e-05	3.5190e-03	8.7097e-01	1.2551e-01	1.1755e-36	1.1755e-36	1.1755e-36	2.7029e-25	0.00e+00	0.00e+00	2.9096e+00
2.45571e+19	6.7876e+03	2.785e-22	1.0000e+01	1.0751e+01	8.7783e-14	3.8519e-03	9.9615e-01	8.9381e-02	9.1062e-01	5.3696e-11	7.4219e-17	3.0946e-04	5.7375e-01	4.2587e-01	7.4923e-05	3.7239e-03	8.8453e-01	1.1174e-01	1.1755e-36	1.1755e-36	1.1755e-36	3.0977e-25	0.00e+00	0.00e+00	2.9872e+00
2.49240e+19	6.8194e+03	2.796e-22	1.0000e+01	1.0737e+01	9.4253e-14	4.0250e-03	9.9597e-01	1.0517e-01	8.9483e-01	4.5326e-11	8.7400e-17	3.2918e-04	6.0392e-01	3.9568e-01	6.3568e-05	3.9729e-03	8.9934e-01	9.6683e-02	1.1755e-36	1.1755e-36	1.1755e-36	3.6365e-25	0.00e+00	0.00e+00	3.0926e+00
2.53074e+19	6.8616e+03	2.809e-22	1.0000e+01	1.0721e+01	1.0096e-13	4.2147e-03	9.9579e-01	1.2782e-01	8.7218e-01	3.8170e-11	1.0387e-16	3.5096e-04	6.3734e-01	3.6225e-01	5.2491e-05	4.2509e-03	9.1505e-01	8.0702e-02	1.1755e-36	1.1755e-36	1.1755e-36	4.3098e-25	0.00e+00	0.00e+00	3.1863e+00
2.56062e+19	6.8814e+03	2.819e-22	1.0000e+01	1.0692e+01	1.0756e-13	4.3766e-03	9.9562e-01	1.5245e-01	8.4755e-01	3.2973e-11	1.1898e-16	3.6894e-04	6.6555e-01	3.3404e-01	4.4066e-05	4.4898e-03	9.2759e-01	6.7923e-02	1.1755e-36	1.1755e-36	1.1755e-36	4.8882e-25	0.00e+00	0.00e+00	3.2541e+00
2.58243e+19	6.9009e+03	2.824e-22	1.0000e+01	1.0672e+01	1.1269e-13	4.5003e-03	9.9550e-01	1.7659e-01	8.2341e-01	2.9406e-11	1.3213e-16	3.8277e-04	6.8695e-01	3.1263e-01	3.8110e-05	4.6744e-03	9.3680e-01	5.8522e-02	1.1755e-36	1.1755e-36	1.1755e-36	5.4033e-25	0.00e+00	0.00e+00	3.3084e+00
2.60102e+19	6.9158e+03	2.826e-22	1.0000e+01	1.0648e+01	1.1754e-13	4.6107e-03	9.9539e-01	2.0264e-01	7.9736e-01	2.6375e-11	1.4474e-16	3.9462e-04	7.0546e-01	2.9411e-01	3.3212e-05	4.8392e-03	9.4456e-01	5.0600e-02	1.1755e-36	1.1755e-36	1.1755e-36	5.8917e-25	0.00e+00	0.00e+00	3.3610e+00
2.62182e+19	6.9202e+03	2.829e-22	1.0000e+01	1.0617e+01	1.2491e-13	4.7468e-03	9.9525e-01	2.4001e-01	7.5999e-01	2.2943e-11	1.6120e-16	4.0807e-04	7.2631e-01	2.7326e-01	2.7911e-05	5.0391e-03	9.5300e-01	4.1958e-02	1.1755e-36	1.1755e-36	1.1755e-36	6.5256e-25	0.00e+00	0.00e+00	3.4315e+00
2.64314e+19	6.9424e+03	2.823e-22	1.0000e+01	1.0576e+01	1.3068e-13	4.8780e-03	9.9512e-01	2.9046e-01	7.0954e-01	1.9622e-11	1.7910e-16	4.2082e-04	7.4691e-01	2.5264e-01	2.3068e-05	5.2371e-03	9.6139e-01	3.3373e-02	1.1755e-36	1.1755e-36	1.1755e-36	7.1953e-25	0.00e+00	0.00e+00	3.4904e+00
2.65953e+19	6.9494e+03	2.818e-22	1.0000e+01	1.0539e+01	1.3700e-13	4.9871e-03	9.9501e-01	3.4257e-01	6.5743e-01	1.7013e-11	1.9567e-16	4.3054e-04	7.6266e-01	2.3689e-01	1.9516e-05	5.3995e-03	9.6766e-01	2.6941e-02	1.1755e-36	1.1755e-36	1.1755e-36	7.8204e-25	0.00e+00	0.00e+00	3.5334e+00
2.67206e+19	6.9527e+03	2.806e-22	1.0000e+01	1.0487e+01	1.4138e-13	5.0657e-03	9.9493e-01	3.9104e-01	6.0896e-01	1.4822e-11	2.0771e-16	4.3669e-04	7.7391e-01	2.2564e-01	1.6995e-05	5.5181e-03	9.7214e-01	2.2343e-02	1.1755e-36	1.1755e-36	1.1755e-36	8.1967e-25	0.00e+00	0.00e+00	3.5699e+00
2.68518e+19	6.9509e+03	2.790e-22	1.0000e+01	1.0428e+01	1.4736e-13	5.1526e-03	9.9485e-01	4.5050e-01	5.4950e-01	1.2344e-11	2.2230e-16	4.4249e-04	7.8484e-01	2.1470e-01	1.4493e-05	5.6462e-03	9.7639e-01	1.7960e-02	1.1755e-36	1.1755e-36	1.1755e-36	8.6781e-25	0.00e+00	0.00e+00	3.6181e+00
2.69991e+19	6.9422e+03	2.776e-22	1.0000e+01	1.0382e+01	1.5627e-13	5.2666e-03	9.9473e-01	5.2940e-01	4.7060e-01	9.8933e-12	2.4250e-16	4.4946e-04	7.9620e-01	2.0334e-01	1.1940e-05	5.8060e-03	9.8061e-01	1.3587e-02	1.1755e-36	1.1755e-36	1.1755e-36	9.3956e-25	0.00e+00	0.00e+00	3.6668e+00
2.71350e+19	6.9325e+03	2.753e-22	1.0000e+01	1.0316e+01	1.6465e-13	5.3661e-03	9.9463e-01	6.1148e-01	3.8852e-01	7.6481e-12	2.6131e-16	4.5400e-04	8.0507e-01	1.9447e-01	9.8637e-06	5.9450e-03	9.8391e-01	1.0143e-02	1.1755e-36	1.1755e-36	1.1755e-36	1.0008e-24	0.00e+00	0.00e+00	3.7093e+00
2.72583e+19	6.9212e+03	2.729e-22	1.0000e+01	1.0248e+01	1.7291e-13	5.4567e-03	9.9454e-01	6.8881e-01	3.1119e-01	5.7485e-12	2.7895e-16	4.5693e-04	8.1171e-01	1.8782e-01	8.1855e-06	6.0689e-03	9.8634e-01	7.5867e-03	1.1755e-36	1.1755e-36	1.1755e-36	1.0568e-24	0.00e+00	0.00e+00	3.7510e+00
2.73977e+19	6.9040e+03	2.703e-22	1.0000e+01	1.0178e+01	1.8405e-13	5.5704e-03	9.9443e-01	7.7115e-01	2.2885e-01	3.9282e-12	3.0073e-16	4.5983e-04	8.1782e-01	1.8172e-01	6.5106e-06	6.2186e-03	9.8842e-01	5.3595e-03	1.1755e-36	1.1755e-36	1.1755e-36	1.1311e-24	0.00e+00	0.00e+00	3.8065e+00
2.75790e+19	6.8836e+03	2.677e-22	1.0000e+01	1.0102e+01	1.9987e-13	5.7315e-03	9.9427e-01	8.5817e-01	1.4183e-01	2.2235e-12	3.3014e-16	4.6309e-04	8.2372e-01	1.7581e-01	4.7527e-06	6.4239e-03	9.9023e-01	3.3474e-03	1.1755e-36	1.1755e-36	1.1755e-36	1.2420e-24	0.00e+00	0.00e+00	3.8807e+00
2.78147e+19	6.8759e+03	2.654e-22	1.0000e+01	1.0022e+01	2.1860e-13	5.9492e-03	9.9405e-01	9.3041e-01	6.9585e-02	9.7360e-13	3.6598e-16	4.6615e-04	8.2876e-01	1.7077e-01	3.0953e-06	6.6956e-03	9.9152e-01	1.7869e-03	1.1755e-36	1.1755e-36	1.1755e-36	1.3941e-24	0.00e+00	0.00e+00	3.9807e+00
2.81210e+19	6.8703e+03	2.657e-22	1.0000e+01	9.9730e+00	2.4755e-13	6.2851e-03	9.9371e-01	9.7378e-01	2.6216e-02	3.2049e-13	4.1831e-16	4.7176e-04	8.3373e-01	1.6579e-01	1.7268e-06	7.1047e-03	9.9210e-01	7.9098e-04	1.1755e-36	1.1755e-36	1.1755e-36	1.6621e-24	0.00e+00	0.00e+00	4.1182e+00
2.85193e+19	6.8873e+03	2.684e-22	1.0000e+01	9.9502e+00	2.8772e-13	6.7825e-03	9.9322e-01	9.9223e-01	7.7654e-03	8.0385e-14	4.9640e-16	4.7996e-04	8.3912e-01	1.6040e-01	8.0085e-07	7.7060e-03	9.9201e-01	2.8244e-04	1.1755e-36	1.1755e-36	1.1755e-36	2.1244e-24	0.00e+00	0.00e+00	4.3110e+00
2.90370e+19	6.9196e+03	2.732e-22	1.0000e+01	9.9362e+00	3.5763e-13	7.5442e-03	9.9246e-01	9.9814e-01	1.8621e-03	1.5786e-14	6.3639e-16	4.9118e-04	8.4587e-01	1.5364e-01	2.9522e-07	8.6259e-03	9.9129e-01	7.9099e-05	1.1755e-36	1.1755e-36	1.1755e-36	3.0937e-24	0.00e+00	0.00e+00	4.5898e+00
2.97101e+19	6.9636e+03	2.806e-22	1.0000e+01	9.9238e+00	4.7986e-13	8.7878e-03	9.9121e-01	9.9964e-01	3.6265e-04	2.3876e-15	8.8874e-16	5.0646e-04	8.5512e-01	1.4438e-01	1.1755e-36	1.0132e-02	9.8985e-01	1.6774e-05	1.1755e-36	1.1755e-36	1.1755e-36	5.0940e-24	0.00e+00	0.00e+00	5.0120e+00
3.03995e+19	7.0119e+03	2.898e-22	1.0000e+01	9.9084e+00	6.7865e-13	1.0546e-02	9.8945e-01	9.9992e-01	7.6441e-05	3.9711e-16	1.3105e-15	5.2274e-04	8.6529e-01	1.3418e-01	1.1755e-36	1.2268e-02	9.8773e-01	3.5739e-06	1.1755e-36	1.1755e-36	1.1755e-36	9.0855e-24	0.00e+00	0.00e+00	5.4234e+00
3.09184e+19	7.0422e+03	2.980e-22	1.0000e+01	9.8938e+00	9.3191e-13	1.2417e-02	9.8758e-01	9.9997e-01	2.6577e-05	1.1642e-16	1.8506e-15	5.3629e-04	8.7400e-01	1.2546e-01	1.1755e-36	1.4550e-02	9.8545e-01	1.1932e-06	1.1755e-36	1.1755e-36	1.1755e-36	1.5166e-23	0.00e+00	0.00e+00	5.7526e+00
3.12740e+19	7.0655e+03	3.037e-22	1.0000e+01	9.8709e+00	1.1889e-12	1.4079e-02	9.8592e-01	9.9999e-01	1.3517e-05	5.2833e-17	2.4096e-15	5.4494e-04	8.8043e-01	1.1902e-01	1.1755e-36	1.6585e-02	9.8341e-01	5.7820e-07	1.1755e-36	1.1755e-36	1.1755e-36	2.2431e-23	0.00e+00	0.00e+00	6.0117e+00
3.15614e+19	7.0759e+03	3.088e-22	1.0000e+01	9.8541e+00	1.4858e-12	1.5737e-02	9.8426e-01	9.9999e-01	7.8649e-06	2.7886e-17	3.0481e-15	5.5266e-04	8.8618e-01	1.1327e-01	1.1755e-36	1.8616e-02	9.8138e-01	3.1981e-07	1.1755e-36	1.1755e-36	1.1755e-36	3.1744e-23	0.00e+00	0.00e+00	6.2934e+00
3.18874e+19	7.0811e+03	3.147e-22	1.0000e+01	9.8311e+00	1.9651e-12	1.8047e-02	9.8195e-01	1.0000e+00	4.2666e-06	1.3485e-17	4.0728e-15	5.6159e-04	8.9320e-01	1.0623e-01	1.1755e-36	2.1450e-02	9.7855e-01	1.6137e-07	1.1755e-36	1.1755e-36	1.1755e-36	4.8669e-23	0.00e+00	0.00e+00	6.7133e+00
3.22525e+19	7.0811e+03	3.219e-22	1.0000e+01	9.7972e+00	2.8091e-12	2.1465e-02	9.7854e-01	1.0000e+00	2.2187e-06	6.2072e-18	5.8636e-15	5.7150e-04	9.0157e-01	9.7862e-02	1.1755e-36	2.5648e-02	9.7435e-01	7.5544e-08	1.1755e-36	1.1755e-36	1.1755e-36	8.3310e-23	0.00e+00	0.00e+00	7.2033e+00
3.25835e+19	7.0715e+03	3.291e-22	1.0000e+01	9.7604e+00	4.1389e-12	2.5836e-02	9.7416e-01	1.0000e+00	1.2570e-06	3.1595e-18	8.6470e-15	5.8097e-04	9.1001e-01	8.9411e-02	1.1755e-36	3.1022e-02	9.6898e-01	3.7640e-08	1.1755e-36	1.1755e-36	1.1755e-36	1.4778e-22	0.00e+00	0.00e+00	7.6936e+00
3.28660e+19	7.0638e+03	3.346e-22	1.0000e+01	9.7010e+00	6.0502e-12	3.0994e-02	9.6901e-01	1.0000e+00	7.8339e-07	1.8016e-18	1.2636e-14	5.8772e-04	9.1783e-01	8.1581e-02	1.1755e-36	3.7363e-02	9.6264e-01	2.0361e-08	1.1755e-36	1.1755e-36	1.1755e-36	2.5869e-22	0.00e+00	0.00e+00	8.2112e+00
3.31196e+19	7.0328e+03	3.400e-22	1.0000e+01	9.6362e+00	9.1527e-12	3.7516e-02	9.6248e-01	1.0000e+00	5.1691e-07	1.0963e-18	1.8809e-14	5.9399e-04	9.2565e-01	7.3760e-02	1.1755e-36	4.5374e-02	9.5463e-01	1.1448e-08	1.1755e-36	1.1755e-36	1.1755e-36	4.6490e-22	0.00e+00	0.00e+00	8.7859e+00
3.33476e+19	7.0102e+03	3.437e-22	1.0000e+01	9.5528e+00	1.3999e-11	4.5771e-02	9.5423e-01	1.0000e+00	3.5882e-07	7.1022e-19	2.8430e-14	5.9818e-04	9.3321e-01	6.6188e-02	1.1755e-36	5.5494e-02	9.4451e-01	6.6423e-09	1.1755e-36	1.1755e-36	1.1755e-36	8.5657e-22	0.00e+00	0.00e+00	9.4029e+00
3.35490e+19	6.9704e+03	3.461e-22	1.0000e+01	9.4484e+00	2.2049e-11	5.6293e-02	9.4371e-01	1.0000e+00	2.6060e-07	4.8596e-19	4.3659e-14	6.0059e-04	9.4055e-01	5.8846e-02	1.1755e-36	6.8353e-02	9.3165e-01	3.9743e-09	1.1755e-36	1.1755e-36	1.1755e-36	1.6157e-21	0.00e+00	0.00e+00	1.0076e+01
3.37253e+19	6.9282e+03	3.467e-22	1.0000e+01	9.3346e+00	3.5364e-11	6.9758e-02	9.3024e-01	1.0000e+00	1.9696e-07	3.4928e-19	6.8167e-14	6.0160e-04	9.4759e-01	5.1806e-02	1.1755e-36	8.4729e-02	9.1527e-01	2.4407e-09	1.1755e-36	1.1755e-36	1.1755e-36	3.1324e-21	0.00e+00	0.00e+00	1.0795e+01
3.38751e+19	6.8872e+03	3.440e-22	1.0000e+01	9.1755e+00	5.6638e-11	8.6311e-02	9.1369e-01	1.0000e+00	1.5467e-07	2.6453e-19	1.0588e-13	5.9854e-04	9.5396e-01	4.5445e-02	1.1755e-36	1.0473e-01	8.9527e-01	1.5519e-09	1.1755e-36	1.1755e-36	1.1755e-36	6.0379e-21	0.00e+00	0.00e+00	1.1538e+01
3.39996e+19	6.8408e+03	3.381e-22	1.0000e+01	8.9817e+00	9.0055e-11	1.0608e-01	8.9392e-01	1.0000e+00	1.2575e-07	2.0988e-19	1.6210e-13	5.9219e-04	9.5960e-01	3.9810e-02	1.1755e-36	1.2843e-01	8.7157e-01	1.0242e-09	1.1755e-36	1.1755e-36	1.1755e-36	1.1411e-20	0.00e+00	0.00e+00	1.2293e+01
3.41028e+19	6.7867e+03	3.293e-22	1.0000e+01	8.7546e+00	1.4165e-10	1.2914e-01	8.7086e-01	1.0000e+00	1.0523e-07	1.7317e-19	2.4332e-13	5.8271e-04	9.6454e-01	3.4880e-02	1.1755e-36	1.5581e-01	8.4419e-01	6.9888e-10	1.1755e-36	1.1755e-36	1.1755e-36	2.0981e-20	0.00e+00	0.00e+00	1.3056e+01
3.41892e+19	6.7277e+03	3.164e-22	1.0000e+01	8.4588e+00	2.1836e-10	1.5509e-01	8.4491e-01	1.0000e+00	8.9919e-08	1.4790e-19	3.5370e-13	5.6788e-04	9.6873e-01	3.0699e-02	1.1755e-36	1.8626e-01	8.1374e-01	4.9168e-10	1.1755e-36	1.1755e-36	1.1755e-36	3.6772e-20	0.00e+00	0.00e+00	1.3831e+01
3.42637e+19	6.6504e+03	3.018e-22	1.0000e+01	8.1559e+00	3.3961e-10	1.8548e-01	8.1452e-01	1.0000e+00	7.8202e-08	1.2905e-19	5.1195e-13	5.5204e-04	9.7258e-01	2.6869e-02	1.1755e-36	2.2146e-01	7.7854e-01	3.5025e-10	1.1755e-36	1.1755e-36	1.1755e-36	6.4259e-20	0.00e+00	0.00e+00	1.4649e+01
3.43290e+19	6.5545e+03	2.841e-22	1.0000e+01	7.8039e+00	5.3234e-10	2.2052e-01	7.7948e-01	1.0000e+00	6.8984e-08	1.1521e-19	7.3237e-13	5.3252e-04	9.7602e-01	2.3444e-02	1.1755e-36	2.6144e-01	7.3856e-01	2.5206e-10	1.1755e-36	1.1755e-36	1.1755e-36	1.1056e-19	0.00e+00	0.00e+00	1.5496e+01
3.43857e+19	6.4377e+03	2.640e-22	1.0000e+01	7.4117e+00	8.3728e-10	2.5972e-01	7.4028e-01	1.0000e+00	6.1776e-08	1.0525e-19	1.0286e-12	5.0986e-04	9.7906e-01	2.0432e-02	1.1755e-36	3.0539e-01	6.9461e-01	1.8386e-10	1.1755e-36	1.1755e-36	1.1755e-36	1.8552e-19	0.00e+00	0.00e+00	1.6359e+01
3.44319e+19	6.3086e+03	2.437e-22	1.0000e+01	7.0127e+00	1.2810e-09	2.9959e-01	7.0041e-01	1.0000e+00	5.6426e-08	9.8686e-20	1.3854e-12	4.8608e-04	9.8153e-01	1.7983e-02	1.1755e-36	3.4930e-01	6.5070e-01	1.3887e-10	1.1755e-36	1.1755e-36	1.1755e-36	2.9310e-19	0.00e+00	0.00e+00	1.7111e+01
3.44658e+19	6.1863e+03	2.262e-22	1.0000e+01	6.6655e+00	1.8220e-09	3.3429e-01	6.6571e-01	1.0000e+00	5.2952e-08	9.5085e-20	1.7434e-12	4.6498e-04	9.8334e-01	1.6200e-02	1.1755e-36	3.8685e-01	6.1315e-01	1.1130e-10	1.1755e-36	1.1755e-36	1.1755e-36	4.1859e-19	0.00e+00	0.00e+00	1.7701e+01
3.44905e+19	6.0772e+03	2.121e-22	1.0000e+01	6.3815e+00	2.4173e-09	3.6270e-01	6.3730e-01	1.0000e+00	5.0754e-08	9.3284e-20	2.0718e-12	4.4750e-04	9.8464e-01	1.4911e-02	1.1755e-36	4.1718e-01	5.8282e-01	9.3828e-11	1.1755e-36	1.1755e-36	1.1755e-36	5.4864e-19	0.00e+00	0.00e+00	1.8193e+01
3.45109e+19	5.9715e+03	1.997e-22	1.0000e+01	6.1264e+00	3.1107e-09	3.8817e-01	6.1183e-01	1.0000e+00	4.8996e-08	9.2057e-20	2.3946e-12	4.3171e-04	9.8571e-01	1.3859e-02	1.1755e-36	4.4404e-01	5.5596e-01	8.0978e-11	1.1755e-36	1.1755e-36	1.1755e-36	6.9047e-19	0.00e+00	0.00e+00	1.8666e+01
3.45298e+19	5.8590e+03	1.875e-22	1.0000e+01	5.8721e+00	4.0011e-09	4.1351e-01	5.8649e-01	1.0000e+00	4.7399e-08	9.1133e-20	2.7452e-12	4.1587e-04	9.8669e-01	1.2897e-02	1.1755e-36	4.7046e-01	5.2954e-01	7.0275e-11	1.1755e-36	1.1755e-36	1.1755e-36	8.6087e-19	0.00e+00	0.00e+00	1.9150e+01
3.45476e+19	5.7391e+03	1.756e-22	1.0000e+01	5.6171e+00	5.1574e-09	4.3890e-01	5.6110e-01	1.0000e+00	4.5943e-08	9.0519e-20	3.1291e-12	3.9989e-04	9.8759e-01	1.2011e-02	1.1755e-36	4.9664e-01	5.0336e-01	6.1242e-11	1.1755e-36	1.1755e-36	1.1755e-36	1.0684e-18	0.00e+00	0.00e+00	1.9624e+01
3.45637e+19	5.6150e+03	1.645e-22	1.0000e+01	5.3755e+00	6.6112e-09	4.6322e-01	5.3678e-01	1.0000e+00	4.4706e-08	9.0212e-20	3.5345e-12	3.8473e-04	9.8839e-01	1.1224e-02	1.1755e-36	5.2144e-01	4.7856e-01	5.3880e-11	1.1755e-36	1.1755e-36	1.1755e-36	1.3137e-18	0.00e+00	0.00e+00	2.0065e+01
3.45780e+19	5.4940e+03	1.545e-22	1.0000e+01	5.1509e+00	8.3460e-09	4.8569e-01	5.1431e-01	1.0000e+00	4.3725e-08	9.0313e-20	3.9461e-12	3.7055e-04	9.8909e-01	1.0543e-02	1.1755e-36	5.4413e-01	4.5587e-01	4.7966e-11	1.1755e-36	1.1755e-36	1.1755e-36	1.5933e-18	0.00e+00	0.00e+00	2.0477e+01
3.45908e+19	5.3725e+03	1.454e-22	1.0000e+01	4.9401e+00	1.0444e-08	5.0677e-01	4.9323e-01	1.0000e+00	4.2879e-08	9.0584e-20	4.3737e-12	3.5724e-04	9.8970e-01	9.9391e-03	1.1755e-36	5.6520e-01	4.3480e-01	4.3075e-11	1.1755e-36	1.1755e-36	1.1755e-36	1.9200e-18	0.00e+00	0.00e+00	2.0871e+01
3.46001e+19	5.2852e+03	1.391e-22	1.0000e+01	4.7910e+00	1.2240e-08	5.2167e-01	4.7833e-01	1.0000e+00	4.2269e-08	9.0825e-20	4.7042e-12	3.4775e-04	9.9011e-01	9.5386e-03	1.1755e-36	5.7999e-01	4.2001e-01	3.9986e-11	1.1755e-36	1.1755e-36	1.1755e-36	2.1997e-18	0.00e+00	0.00e+00	2.1073e+01
3.46052e+19	5.2389e+03	1.354e-22	1.0000e+01	4.7018e+00	1.3322e-08	5.2985e-01	4.7015e-01	1.0000e+00	4.2188e-08	9.1682e-20	4.8895e-12	3.4200e-04	9.9033e-01	9.3242e-03	1.1755e-36	5.8806e-01	4.1194e-01	3.8345e-11	1.1755e-36	1.1755e-36	1.1755e-36	2.3670e-18	0.00e+00	0.00e+00	2.1213e+01
3.46099e+19	5.1780e+03	1.322e-22	1.0000e+01	4.6256e+00	1.4755e-08	5.3865e-01	4.6135e-01	1.0000e+00	4.1876e-08	9.1635e-20	5.1231e-12	3.3734e-04	9.9057e-01	9.0900e-03	1.1755e-36	5.9673e-01	4.0327e-01	3.6721e-11	1.1755e-36	1.1755e-36	1.1755e-36	2.5916e-18	0.00e+00	0.00e+00	2.1388e+01
3.46151e+19	5.1214e+03	1.283e-22	1.0000e+01	4.5306e+00	1.6258e-08	5.4747e-01	4.5253e-01	1.0000e+00	4.1568e-08	9.2028e-20	5.3505e-12	3.3121e-04	9.9080e-01	8.8658e-03	1.1755e-36	6.0537e-01	3.9463e-01	3.5109e-11	1.1755e-36	1.1755e-36	1.1755e-36	2.8224e-18	0.00e+00	0.00e+00	2.1571e+01
3.46206e+19	5.0535e+03	1.244e-22	1.0000e+01	4.4341e+00	1.8199e-08	5.5740e-01	4.4260e-01	1.0000e+00	4.1223e-08	9.2253e-20	5.6353e-12	3.2514e-04	9.9106e-01	8.6163e-03	1.1755e-36	6.1506e-01	3.8494e-01	3.3411e-11	1.1755e-36	1.1755e-36	1.1755e-36	3.1304e-18	0.00e+00	0.00e+00	2.1773e+01
3.46262e+19	4.9849e+03	1.205e-22	1.0000e+01	4.3357e+00	2.0350e-08	5.6726e-01	4.3274e-01	1.0000e+00	4.0891e-08	9.2571e-20	5.9275e-12	3.1893e-04	9.9131e-01	8.3731e-03	1.1755e-36	6.2466e-01	3.7534e-01	3.1804e-11	1.1755e-36	1.1755e-36	1.1755e-36	3.4654e-18	0.00e+00	0.00e+00	2.1965e+01
3.46314e+19	4.9160e+03	1.168e-22	1.0000e+01	4.2413e+00	2.2663e-08	5.7667e-01	4.2333e-01	1.0000e+00	4.0601e-08	9.2935e-20	6.1889e-12	3.1300e-04	9.9155e-01	8.1381e-03	1.1755e-36	6.3377e-01	3.6623e-01	3.0350e-11	1.1755e-36	1.1755e-36	1.1755e-36	3.7745e-18	0.00e+00	0.00e+00	2.2150e+01
3.46364e+19	4.8471e+03	1.133e-22	1.0000e+01	4.1497e+00	2.5172e-08	5.8583e-01	4.1417e-01	1.0000e+00	4.0326e-08	9.3311e-20	6.4525e-12	3.0725e-04	9.9178e-01	7.9130e-03	1.1755e-36	6.4262e-01	3.5738e-01	2.8998e-11	1.1755e-36	1.1755e-36	1.1755e-36	4.1039e-18	0.00e+00	0.00e+00	2.2334e+01
3.46414e+19	4.7764e+03	1.098e-22	1.0000e+01	4.0583e+00	2.7958e-08	5.9501e-01	4.0499e-01	1.0000e+00	4.0055e-08	9.3698e-20	6.7253e-12	3.0153e-04	9.9201e-01	7.6911e-03	1.1755e-36	6.5144e-01	3.4856e-01	2.7702e-11	1.1755e-36	1.1755e-36	1.1755e-36	4.4633e-18	0.00e+00	0.00e+00	2.2522e+01
3.46464e+19	4.6999e+03	1.063e-22	1.0000e+01	3.9649e+00	3.1171e-08	6.0436e-01	3.9564e-01	1.0000e+00	3.9776e-08	9.4068e-20	7.0117e-12	2.9576e-04	9.9223e-01	7.4693e-03	1.1755e-36	6.6039e-01	3.3961e-01	2.6451e-11	1.1755e-36	1.1755e-36	1.1755e-36	4.8626e-18	0.00e+00	0.00e+00	2.2713e+01
3.46513e+19	4.6247e+03	1.029e-22	1.0000e+01	3.8732e+00	3.4578e-08	6.1354e-01	3.8646e-01	1.0000e+00	3.9513e-08	9.4489e-20	7.2979e-12	2.9006e-04	9.9246e-01	7.2547e-03	1.1755e-36	6.6916e-01	3.3084e-01	2.5266e-11	1.1755e-36	1.1755e-36	1.1755e-36	5.2815e-18	0.00e+00	0.00e+00	2.2901e+01
3.46562e+19	4.5469e+03	9.958e-23	1.0000e+01	3.7816e+00	3.8318e-08	6.2276e-01	3.7724e-01	1.0000e+00	3.9260e-08	9.4936e-20	7.5899e-12	2.8440e-04	9.9267e-01	7.0425e-03	1.1755e-36	6.7792e-01	3.2208e-01	2.4127e-11	1.1755e-36	1.1755e-36	1.1755e-36	5.7302e-18	0.00e+00	0.00e+00	2.3095e+01
3.46612e+19	4.4648e+03	9.621e-23	1.0000e+01	3.6877e+00	4.2476e-08	6.3223e-01	3.6777e-01	1.0000e+00	3.9000e-08	9.5394e-20	7.8912e-12	2.7864e-04	9.9289e-01	6.8281e-03	1.1755e-36	6.8690e-01	3.1310e-01	2.3009e-11	1.1755e-36	1.1755e-36	1.1755e-36	6.2140e-18	0.00e+00	0.00e+00	2.3297e+01
3.46663e+19	4.3832e+03	9.275e-23	1.0000e+01	3.5889e+00	4.6764e-08	6.4159e-01	3.5841e-01	1.0000e+00	3.8798e-08	9.6174e-20	8.1748e-12	2.7248e-04	9.9311e-01	6.6206e-03	1.1755e-36	6.9573e-01	3.0427e-01	2.1934e-11	1.1755e-36	1.1755e-36	1.1755e-36	6.6877e-18	0.00e+00	0.00e+00	2.3506e+01
3.46717e+19	4.2866e+03	8.919e-23	1.0000e+01	3.4872e+00	5.1964e-08	6.5207e-01	3.4793e-01	1.0000e+00	3.8513e-08	9.6648e-20	8.4979e-12	2.6638e-04	9.9334e-01	6.3907e-03	1.1755e-36	7.0558e-01	2.9442e-01	2.0804e-11	1.1755e-36	1.1755e-36	1.1755e-36	7.2432e-18	0.00e+00	0.00e+00	2.3738e+01
3.46774e+19	4.1883e+03	8.553e-23	1.0000e+01	3.3801e+00	5.7271e-08	6.6265e-01	3.3735e-01	1.0000e+00	3.8260e-08	9.7376e-20	8.7967e-12	2.5993e-04	9.9358e-01	6.1636e-03	1.1755e-36	7.1548e-01	2.8452e-01	1.9704e-11	1.1755e-36	1.1755e-36	1.1755e-36	7.7662e-18	0.00e+00	0.00e+00	2.3974e+01
3.46832e+19	4.0753e+03	8.179e-23	1.0000e+01	3.2678e+00	6.3158e-08	6.7399e-01	3.2601e-01	1.0000e+00	3.7975e-08	9.8006e-20	9.0888e-12	2.5337e-04	9.9382e-01	5.9240e-03	1.1755e-36	7.2606e-01	2.7394e-01	1.8592e-11	1.1755e-36	1.1755e-36	1.1755e-36	8.2738e-18	0.00e+00	0.00e+00	2.4232e+01
3.46893e+19	3.9583e+03	7.800e-23	1.0000e+01	3.1520e+00	6.8863e-08	6.8559e-01	3.1441e-01	1.0000e+00	3.7692e-08	9.8745e-20	9.3392e-12	2.4665e-04	9.9407e-01	5.6843e-03	1.1755e-36	7.3681e-01	2.6319e-01	1.7504e-11	1.1755e-36	1.1755e-36	1.1755e-36	8.6826e-18	0.00e+00	0.00e+00	2.4496e+01
###########################
5.48987e+14	6.3850e+03	3.219e-22	1.0000e+01	1.0852e+01	1.5262e-14	1.2888e-03	9.9871e-01	8.0569e-03	9.8914e-01	2.8000e-03	1.1111e-18	4.4217e-05	1.3086e-01	8.6792e-01	1.1736e-03	4.2302e-04	3.7445e-01	6.2436e-01	7.6625e-04	1.1755e-36	1.1755e-36	7.6599e-27	0.00e+00	0.00e+00	8.9337e-05
3.29392e+15	6.3835e+03	3.219e-22	1.0000e+01	1.0852e+01	1.5278e-14	1.2887e-03	9.9871e-01	8.0575e-03	9.8915e-01	2.7975e-03	1.1106e-18	4.4198e-05	1.3089e-01	8.6790e-01	1.1750e-03	4.2286e-04	3.7435e-01	6.2447e-01	7.6358e-04	1.1755e-36	1.1755e-36	7.6523e-27	0.00e+00	0.00e+00	4.4665e-04
1.42737e+16	6.3805e+03	3.218e-22	1.0000e+01	1.0852e+01	1.5306e-14	1.2885e-03	9.9871e-01	8.0599e-03	9.8916e-01	2.7788e-03	1.1102e-18	4.4241e-05	1.3095e-01	8.6783e-01	1.1720e-03	4.2282e-04	3.7433e-01	6.2450e-01	7.5242e-04	1.1755e-36	1.1755e-36	7.6403e-27	0.00e+00	0.00e+00	1.8757e-03
5.81926e+16	6.3708e+03	3.214e-22	1.0000e+01	1.0852e+01	1.5439e-14	1.2888e-03	9.9871e-01	8.0746e-03	9.8924e-01	2.6826e-03	1.1140e-18	4.4446e-05	1.3119e-01	8.6761e-01	1.1618e-03	4.2359e-04	3.7471e-01	6.2416e-01	7.0900e-04	1.1755e-36	1.1755e-36	7.6493e-27	0.00e+00	0.00e+00	7.5933e-03
1.39003e+17	6.3467e+03	3.195e-22	1.0000e+01	1.0852e+01	1.5557e-14	1.2822e-03	9.9872e-01	8.0726e-03	9.8931e-01	2.6218e-03	1.1006e-18	4.4476e-05	1.3123e-01	8.6757e-01	1.1521e-03	4.2191e-04	3.7475e-01	6.2418e-01	6.5083e-04	1.1755e-36	1.1755e-36	7.4851e-27	0.00e+00	0.00e+00	1.4988e-02
2.44058e+17	6.3170e+03	3.177e-22	1.0000e+01	1.0852e+01	1.5738e-14	1.2768e-03	9.9872e-01	8.0817e-03	9.8945e-01	2.4659e-03	1.0898e-18	4.4556e-05	1.3143e-01	8.6739e-01	1.1348e-03	4.2138e-04	3.7535e-01	6.2364e-01	5.8000e-04	1.1755e-36	1.1755e-36	7.3178e-27	0.00e+00	0.00e+00	2.4560e-02
3.80628e+17	6.2836e+03	3.156e-22	1.0000e+01	1.0851e+01	1.6020e-14	1.2717e-03	9.9873e-01	8.0995e-03	9.8968e-01	2.2211e-03	1.0848e-18	4.4675e-05	1.3174e-01	8.6711e-01	1.1103e-03	4.2177e-04	3.7652e-01	6.2256e-01	4.9752e-04	1.1755e-36	1.1755e-36	7.2006e-27	0.00e+00	0.00e+00	3.6955e-02
5.58169e+17	6.2456e+03	3.131e-22	1.0000e+01	1.0851e+01	1.6324e-14	1.2672e-03	9.9873e-01	8.1281e-03	9.8998e-01	1.8927e-03	1.0796e-18	4.4829e-05	1.3221e-01	8.6667e-01	1.0787e-03	4.2336e-04	3.7841e-01	6.2076e-01	4.0598e-04	1.1755e-36	1.1755e-36	7.0470e-27	0.00e+00	0.00e+00	5.3011e-02
7.88973e+17	6.2025e+03	3.103e-22	1.0000e+01	1.0851e+01	1.6748e-14	1.2633e-03	9.9874e-01	8.1712e-03	9.9033e-01	1.5009e-03	1.0809e-18	4.5042e-05	1.3289e-01	8.6602e-01	1.0406e-03	4.2652e-04	3.8126e-01	6.1801e-01	3.1041e-04	1.1755e-36	1.1755e-36	6.9350e-27	0.00e+00	0.00e+00	7.3819e-02
1.08902e+18	6.1540e+03	3.071e-22	1.0000e+01	1.0850e+01	1.7263e-14	1.2606e-03	9.9874e-01	8.2334e-03	9.9068e-01	1.0851e-03	1.0867e-18	4.5354e-05	1.3386e-01	8.6510e-01	9.9746e-04	4.3168e-04	3.8523e-01	6.1412e-01	2.1824e-04	1.1755e-36	1.1755e-36	6.8227e-27	0.00e+00	0.00e+00	1.0081e-01
1.47908e+18	6.0997e+03	3.034e-22	1.0000e+01	1.0850e+01	1.7942e-14	1.2599e-03	9.9874e-01	8.3225e-03	9.9098e-01	6.9803e-04	1.1017e-18	4.5833e-05	1.3522e-01	8.6378e-01	9.5162e-04	4.3945e-04	3.9052e-01	6.0890e-01	1.3785e-04	1.1755e-36	1.1755e-36	6.7529e-27	0.00e+00	0.00e+00	1.3588e-01
1.98615e+18	6.0399e+03	2.994e-22	1.0000e+01	1.0849e+01	1.8814e-14	1.2623e-03	9.9874e-01	8.4494e-03	9.9116e-01	3.8853e-04	1.1282e-18	4.6560e-05	1.3713e-01	8.6192e-01	9.0488e-04	4.5059e-04	3.9734e-01	6.0214e-01	7.6087e-05	1.1755e-36	1.1755e-36	6.7247e-27	0.00e+00	0.00e+00	1.8156e-01
2.64535e+18	5.9757e+03	2.949e-22	1.0000e+01	1.0849e+01	1.9911e-14	1.2695e-03	9.9873e-01	8.6309e-03	9.9119e-01	1.8128e-04	1.1701e-18	4.7655e-05	1.3982e-01	8.5928e-01	8.5744e-04	4.6640e-04	4.0600e-01	5.9350e-01	3.5525e-05	1.1755e-36	1.1755e-36	6.7433e-27	0.00e+00	0.00e+00	2.4129e-01
3.50231e+18	5.9074e+03	2.902e-22	1.0000e+01	1.0849e+01	2.1383e-14	1.2846e-03	9.9872e-01	8.8967e-03	9.9103e-01	6.8437e-05	1.2396e-18	4.9263e-05	1.4365e-01	8.5549e-01	8.0733e-04	4.8912e-04	4.1711e-01	5.8239e-01	1.3525e-05	1.1755e-36	1.1755e-36	6.8754e-27	0.00e+00	0.00e+00	3.1985e-01
4.61636e+18	5.8474e+03	2.851e-22	1.0000e+01	1.0848e+01	2.3134e-14	1.3103e-03	9.9869e-01	9.2810e-03	9.9070e-01	2.0178e-05	1.3509e-18	5.1738e-05	1.4908e-01	8.5012e-01	7.5217e-04	5.2175e-04	4.3152e-01	5.6795e-01	4.0469e-06	1.1755e-36	1.1755e-36	7.1839e-27	0.00e+00	0.00e+00	4.2403e-01
6.06462e+18	5.7975e+03	2.799e-22	1.0000e+01	1.0847e+01	2.5457e-14	1.3543e-03	9.9865e-01	9.8613e-03	9.9013e-01	4.5139e-06	1.5430e-18	5.5598e-05	1.5704e-01	8.4221e-01	6.8781e-04	5.7089e-04	4.5090e-01	5.4853e-01	9.2289e-07	1.1755e-36	1.1755e-36	7.8510e-27	0.00e+00	0.00e+00	5.6401e-01
7.94736e+18	5.7643e+03	2.751e-22	1.0000e+01	1.0845e+01	2.8672e-14	1.4289e-03	9.9857e-01	1.0777e-02	9.8922e-01	7.6503e-07	1.8901e-18	6.1720e-05	1.6918e-01	8.3015e-01	6.1083e-04	6.4837e-04	4.7771e-01	5.2165e-01	1.5898e-07	1.1755e-36	1.1755e-36	9.1689e-27	0.00e+00	0.00e+00	7.5600e-01
1.00363e+19	5.7717e+03	2.700e-22	1.0000e+01	1.0843e+01	3.1523e-14	1.5197e-03	9.9848e-01	1.1968e-02	9.8803e-01	1.2822e-07	2.3715e-18	6.9549e-05	1.8426e-01	8.1513e-01	5.3547e-04	7.4618e-04	5.0833e-01	4.9092e-01	1.1755e-36	1.1755e-36	1.1755e-36	1.0993e-26	0.00e+00	0.00e+00	9.5264e-01
1.19426e+19	5.8137e+03	2.670e-22	1.0000e+01	1.0840e+01	3.4103e-14	1.6254e-03	9.9837e-01	1.3388e-02	9.8661e-01	3.1571e-08	3.0236e-18	7.8568e-05	2.0108e-01	7.9837e-01	4.7146e-04	8.5893e-04	5.3921e-01	4.5993e-01	1.1755e-36	1.1755e-36	1.1755e-36	1.3582e-26	0.00e+00	0.00e+00	1.1336e+00
1.36173e+19	5.8837e+03	2.654e-22	1.0000e+01	1.0837e+01	3.6451e-14	1.7432e-03	9.9826e-01	1.5025e-02	9.8498e-01	1.0714e-08	3.9071e-18	8.8908e-05	2.1951e-01	7.7999e-01	4.1729e-04	9.8571e-04	5.6965e-01	4.2936e-01	1.1755e-36	1.1755e-36	1.1755e-36	1.7234e-26	0.00e+00	0.00e+00	1.3081e+00
1.51308e+19	5.9681e+03	2.646e-22	1.0000e+01	1.0834e+01	3.8877e-14	1.8732e-03	9.9813e-01	1.6938e-02	9.8306e-01	4.4102e-09	5.0998e-18	1.0050e-04	2.3971e-01	7.5982e-01	3.6956e-04	1.1291e-03	6.0022e-01	3.9865e-01	1.1755e-36	1.1755e-36	1.1755e-36	2.2292e-26	0.00e+00	0.00e+00	1.4786e+00
1.65549e+19	6.0632e+03	2.646e-22	1.0000e+01	1.0830e+01	4.1671e-14	2.0218e-03	9.9798e-01	1.9308e-02	9.8069e-01	2.0297e-09	6.7868e-18	1.1416e-04	2.6294e-01	7.3662e-01	3.2489e-04	1.2982e-03	6.3215e-01	3.6655e-01	1.1755e-36	1.1755e-36	1.1755e-36	2.9535e-26	0.00e+00	0.00e+00	1.6582e+00
1.79255e+19	6.1669e+03	2.651e-22	1.0000e+01	1.0826e+01	4.5020e-14	2.1934e-03	9.9781e-01	2.2341e-02	9.7766e-01	1.0086e-09	9.2217e-18	1.3049e-04	2.9019e-01	7.0940e-01	2.8226e-04	1.5004e-03	6.6597e-01	3.3253e-01	1.1755e-36	1.1755e-36	1.1755e-36	4.0066e-26	0.00e+00	0.00e+00	1.8429e+00
1.91921e+19	6.2727e+03	2.661e-22	1.0000e+01	1.0820e+01	4.8872e-14	2.3840e-03	9.9762e-01	2.6165e-02	9.7384e-01	5.4861e-10	1.2610e-17	1.4934e-04	3.2111e-01	6.7850e-01	2.4294e-04	1.7333e-03	7.0030e-01	2.9796e-01	1.1755e-36	1.1755e-36	1.1755e-36	5.4675e-26	0.00e+00	0.00e+00	2.0234e+00
2.03221e+19	6.3736e+03	2.675e-22	1.0000e+01	1.0814e+01	5.3384e-14	2.5883e-03	9.9741e-01	3.0886e-02	9.6911e-01	3.2672e-10	1.7194e-17	1.7031e-04	3.5495e-01	6.4467e-01	2.0761e-04	1.9914e-03	7.3374e-01	2.6427e-01	1.1755e-36	1.1755e-36	1.1755e-36	7.4461e-26	0.00e+00	0.00e+00	2.1968e+00
2.13306e+19	6.4672e+03	2.693e-22	1.0000e+01	1.0806e+01	5.8659e-14	2.8060e-03	9.9719e-01	3.6781e-02	9.6322e-01	2.0893e-10	2.3311e-17	1.9339e-04	3.9170e-01	6.0793e-01	1.7578e-04	2.2745e-03	7.6592e-01	2.3180e-01	1.1755e-36	1.1755e-36	1.1755e-36	1.0080e-25	0.00e+00	0.00e+00	2.3662e+00
2.22488e+19	6.5540e+03	2.712e-22	1.0000e+01	1.0797e+01	6.4903e-14	3.0411e-03	9.9696e-01	4.4401e-02	9.5560e-01	1.4042e-10	3.1536e-17	2.1904e-04	4.3201e-01	5.6763e-01	1.4663e-04	2.5883e-03	7.9716e-01	2.0026e-01	1.1755e-36	1.1755e-36	1.1755e-36	1.3604e-25	0.00e+00	0.00e+00	2.5352e+00
2.30963e+19	6.6347e+03	2.734e-22	1.0000e+01	1.0786e+01	7.2385e-14	3.2974e-03	9.9670e-01	5.4646e-02	9.4535e-01	9.7885e-11	4.2690e-17	2.4768e-04	4.7649e-01	5.2314e-01	1.1977e-04	2.9381e-03	8.2759e-01	1.6948e-01	1.1755e-36	1.1755e-36	1.1755e-36	1.8364e-25	0.00e+00	0.00e+00	2.7048e+00
2.37684e+19	6.7085e+03	2.756e-22	1.0000e+01	1.0775e+01	7.8901e-14	3.5293e-03	9.9647e-01	6.6826e-02	9.3317e-01	7.4732e-11	5.4999e-17	2.7484e-04	5.1834e-01	4.8128e-01	9.8926e-05	3.2640e-03	8.5312e-01	1.4362e-01	1.1755e-36	1.1755e-36	1.1755e-36	2.3519e-25	0.00e+00	0.00e+00	2.8228e+00
2.42114e+19	6.7408e+03	2.774e-22	1.0000e+01	1.0761e+01	8.5423e-14	3.7072e-03	9.9629e-01	7.7996e-02	9.2200e-01	6.2155e-11	6.5953e-17	2.9537e-04	5.5011e-01	4.4951e-01	8.4912e-05	3.5156e-03	8.7079e-01	1.2570e-01	1.1755e-36	1.1755e-36	1.1755e-36	2.8045e-25	0.00e+00	0.00e+00	2.9063e+00
2.45495e+19	6.7823e+03	2.783e-22	1.0000e+01	1.0751e+01	8.9713e-14	3.8490e-03	9.9615e-01	8.9189e-02	9.1081e-01	5.3840e-11	7.5983e-17	3.1250e-04	5.7624e-01	4.2337e-01	7.4453e-05	3.7208e-03	8.8437e-01	1.1190e-01	1.1755e-36	1.1755e-36	1.1755e-36	3.2193e-25	0.00e+00	0.00e+00	2.9840e+00
2.49174e+19	6.8141e+03	2.794e-22	1.0000e+01	1.0737e+01	9.6399e-14	4.0225e-03	9.9598e-01	1.0496e-01	8.9504e-01	4.5430e-11	8.9589e-17	3.3264e-04	6.0675e-01	3.9286e-01	6.3079e-05	3.9704e-03	8.9922e-01	9.6807e-02	1.1755e-36	1.1755e-36	1.1755e-36	3.7856e-25	0.00e+00	0.00e+00	3.0896e+00
2.53016e+19	6.8564e+03	2.807e-22	1.0000e+01	1.0721e+01	1.0321e-13	4.2126e-03	9.9579e-01	1.2758e-01	8.7242e-01	3.8248e-11	1.0647e-16	3.5480e-04	6.4052e-01	3.5908e-01	5.1998e-05	4.2489e-03	9.1495e-01	8.0798e-02	1.1755e-36	1.1755e-36	1.1755e-36	4.4828e-25	0.00e+00	0.00e+00	3.1834e+00
2.56007e+19	6.8762e+03	2.817e-22	1.0000e+01	1.0693e+01	1.1025e-13	4.3747e-03	9.9563e-01	1.5217e-01	8.4783e-01	3.3039e-11	1.2232e-16	3.7333e-04	6.6900e-01	3.3058e-01	4.3584e-05	4.4880e-03	9.2750e-01	6.8017e-02	1.1755e-36	1.1755e-36	1.1755e-36	5.1128e-25	0.00e+00	0.00e+00	3.2512e+00
2.58190e+19	6.8956e+03	2.822e-22	1.0000e+01	1.0672e+01	1.1550e-13	4.4987e-03	9.9550e-01	1.7625e-01	8.2375e-01	2.9465e-11	1.3585e-16	3.8747e-04	6.9061e-01	3.0896e-01	3.7643e-05	4.6728e-03	9.3672e-01	5.8612e-02	1.1755e-36	1.1755e-36	1.1755e-36	5.6514e-25	0.00e+00	0.00e+00	3.3055e+00
2.60051e+19	6.9106e+03	2.824e-22	1.0000e+01	1.0649e+01	1.2054e-13	4.6092e-03	9.9539e-01	2.0225e-01	7.9775e-01	2.6428e-11	1.4892e-16	3.9960e-04	7.0933e-01	2.9024e-01	3.2757e-05	4.8379e-03	9.4448e-01	5.0684e-02	1.1755e-36	1.1755e-36	1.1755e-36	6.1688e-25	0.00e+00	0.00e+00	3.3582e+00
2.62134e+19	6.9150e+03	2.827e-22	1.0000e+01	1.0618e+01	1.2816e-13	4.7456e-03	9.9525e-01	2.3955e-01	7.6045e-01	2.2989e-11	1.6597e-16	4.1338e-04	7.3042e-01	2.6914e-01	2.7476e-05	5.0381e-03	9.5293e-01	4.2032e-02	1.1755e-36	1.1755e-36	1.1755e-36	6.8386e-25	0.00e+00	0.00e+00	3.4288e+00
2.64268e+19	6.9371e+03	2.822e-22	1.0000e+01	1.0576e+01	1.3415e-13	4.8771e-03	9.9512e-01	2.8992e-01	7.1008e-01	1.9662e-11	1.8454e-16	4.2647e-04	7.5126e-01	2.4829e-01	2.2659e-05	5.2366e-03	9.6133e-01	3.3436e-02	1.1755e-36	1.1755e-36	1.1755e-36	7.5492e-25	0.00e+00	0.00e+00	3.4877e+00
2.65908e+19	6.9442e+03	2.817e-22	1.0000e+01	1.0539e+01	1.4042e-13	4.9865e-03	9.9501e-01	3.4195e-01	6.5805e-01	1.7051e-11	2.0131e-16	4.3639e-04	7.6719e-01	2.3235e-01	1.9134e-05	5.3992e-03	9.6760e-01	2.6997e-02	1.1755e-36	1.1755e-36	1.1755e-36	8.1779e-25	0.00e+00	0.00e+00	3.5307e+00
2.67162e+19	6.9474e+03	2.805e-22	1.0000e+01	1.0488e+01	1.4527e-13	5.0653e-03	9.9493e-01	3.9034e-01	6.0966e-01	1.4858e-11	2.1427e-16	4.4281e-04	7.7857e-01	2.2097e-01	1.6637e-05	5.5182e-03	9.7209e-01	2.2393e-02	1.1755e-36	1.1755e-36	1.1755e-36	8.6169e-25	0.00e+00	0.00e+00	3.5673e+00
2.68475e+19	6.9457e+03	2.788e-22	1.0000e+01	1.0429e+01	1.5151e-13	5.1524e-03	9.9485e-01	4.4972e-01	5.5028e-01	1.2378e-11	2.2949e-16	4.4880e-04	7.8965e-01	2.0989e-01	1.4163e-05	5.6466e-03	9.7635e-01	1.8004e-02	1.1755e-36	1.1755e-36	1.1755e-36	9.1344e-25	0.00e+00	0.00e+00	3.6155e+00
2.69949e+19	6.9369e+03	2.774e-22	1.0000e+01	1.0382e+01	1.6057e-13	5.2666e-03	9.9473e-01	5.2854e-01	4.7146e-01	9.9241e-12	2.5019e-16	4.5594e-04	8.0113e-01	1.9840e-01	1.1648e-05	5.8066e-03	9.8057e-01	1.3625e-02	1.1755e-36	1.1755e-36	1.1755e-36	9.8752e-25	0.00e+00	0.00e+00	3.6642e+00
2.71307e+19	6.9271e+03	2.752e-22	1.0000e+01	1.0317e+01	1.6921e-13	5.3663e-03	9.9463e-01	6.1054e-01	3.8946e-01	7.6764e-12	2.6967e-16	4.6064e-04	8.1011e-01	1.8942e-01	9.6081e-06	5.9458e-03	9.8388e-01	1.0175e-02	1.1755e-36	1.1755e-36	1.1755e-36	1.0524e-24	0.00e+00	0.00e+00	3.7067e+00
2.72539e+19	6.9159e+03	2.727e-22	1.0000e+01	1.0249e+01	1.7776e-13	5.4569e-03	9.9454e-01	6.8783e-01	3.1217e-01	5.7745e-12	2.8798e-16	4.6371e-04	8.1683e-01	1.8270e-01	7.9650e-06	6.0699e-03	9.8632e-01	7.6141e-03	1.1755e-36	1.1755e-36	1.1755e-36	1.1120e-24	0.00e+00	0.00e+00	3.7484e+00
2.73931e+19	6.8986e+03	2.702e-22	1.0000e+01	1.0178e+01	1.8911e-13	5.5706e-03	9.9443e-01	7.7018e-01	2.2982e-01	3.9504e-12	3.1028e-16	4.6674e-04	8.2300e-01	1.7652e-01	6.3292e-06	6.2196e-03	9.8840e-01	5.3821e-03	1.1755e-36	1.1755e-36	1.1755e-36	1.1885e-24	0.00e+00	0.00e+00	3.8038e+00
2.75742e+19	6.8780e+03	2.676e-22	1.0000e+01	1.0103e+01	2.0528e-13	5.7318e-03	9.9427e-01	8.5738e-01	1.4262e-01	2.2391e-12	3.4046e-16	4.7015e-04	8.2896e-01	1.7056e-01	4.6165e-06	6.4250e-03	9.9021e-01	3.3639e-03	1.1755e-36	1.1755e-36	1.1755e-36	1.3036e-24	0.00e+00	0.00e+00	3.8778e+00
2.78095e+19	6.8699e+03	2.653e-22	1.0000e+01	1.0022e+01	2.2470e-13	5.9496e-03	9.9405e-01	9.2993e-01	7.0066e-02	9.8177e-13	3.7766e-16	4.7343e-04	8.3404e-01	1.6549e-01	3.0049e-06	6.6969e-03	9.9151e-01	1.7970e-03	1.1755e-36	1.1755e-36	1.1755e-36	1.4648e-24	0.00e+00	0.00e+00	3.9778e+00
2.81155e+19	6.8643e+03	2.656e-22	1.0000e+01	9.9733e+00	2.5413e-13	6.2853e-03	9.9371e-01	9.7358e-01	2.6420e-02	3.2349e-13	4.3108e-16	4.7925e-04	8.3898e-01	1.6054e-01	1.6760e-06	7.1058e-03	9.9210e-01	7.9592e-04	1.1755e-36	1.1755e-36	1.1755e-36	1.7416e-24	0.00e+00	0.00e+00	4.1150e+00
2.85132e+19	6.8810e+03	2.682e-22	1.0000e+01	9.9503e+00	2.9517e-13	6.7826e-03	9.9322e-01	9.9217e-01	7.8279e-03	8.1169e-14	5.1104e-16	4.8774e-04	8.4429e-01	1.5522e-01	7.7712e-07	7.7070e-03	9.9201e-01	2.8437e-04	1.1755e-36	1.1755e-36	1.1755e-36	2.2219e-24	0.00e+00	0.00e+00	4.3076e+00
2.90302e+19	6.9131e+03	2.730e-22	1.0000e+01	9.9362e+00	3.6222e-13	7.5441e-03	9.9246e-01	9.9812e-01	1.8769e-03	1.5941e-14	6.4611e-16	4.9936e-04	8.5092e-01	1.4858e-01	2.8640e-07	8.6268e-03	9.9129e-01	7.9685e-05	1.1755e-36	1.1755e-36	1.1755e-36	3.1471e-24	0.00e+00	0.00e+00	4.5860e+00
2.97024e+19	6.9569e+03	2.805e-22	1.0000e+01	9.9238e+00	4.8399e-13	8.7874e-03	9.9121e-01	9.9963e-01	3.6540e-04	2.4109e-15	8.9790e-16	5.1517e-04	8.5998e-01	1.3950e-01	1.1755e-36	1.0132e-02	9.8985e-01	1.6906e-05	1.1755e-36	1.1755e-36	1.1755e-36	5.1337e-24	0.00e+00	0.00e+00	5.0076e+00
3.03910e+19	7.0051e+03	2.896e-22	1.0000e+01	9.9084e+00	6.8314e-13	1.0545e-02	9.8945e-01	9.9992e-01	7.7048e-05	4.0121e-16	1.3206e-15	5.3214e-04	8.6985e-01	1.2962e-01	1.1755e-36	1.2269e-02	9.8773e-01	3.6054e-06	1.1755e-36	1.1755e-36	1.1755e-36	9.1169e-24	0.00e+00	0.00e+00	5.4187e+00
3.09096e+19	7.0353e+03	2.978e-22	1.0000e+01	9.8938e+00	9.3771e-13	1.2416e-02	9.8758e-01	9.9997e-01	2.6793e-05	1.1765e-16	1.8634e-15	5.4589e-04	8.7826e-01	1.2119e-01	1.1755e-36	1.4551e-02	9.8545e-01	1.2042e-06	1.1755e-36	1.1755e-36	1.1755e-36	1.5207e-23	0.00e+00	0.00e+00	5.7478e+00
3.12651e+19	7.0586e+03	3.036e-22	1.0000e+01	9.8709e+00	1.1964e-12	1.4080e-02	9.8592e-01	9.9999e-01	1.3624e-05	5.3378e-17	2.4256e-15	5.5536e-04	8.8448e-01	1.1497e-01	1.1755e-36	1.6587e-02	9.8341e-01	5.8349e-07	1.1755e-36	1.1755e-36	1.1755e-36	2.2488e-23	0.00e+00	0.00e+00	6.0069e+00
3.15521e+19	7.0689e+03	3.086e-22	1.0000e+01	9.8541e+00	1.4952e-12	1.5738e-02	9.8426e-01	9.9999e-01	7.9317e-06	2.8195e-17	3.0677e-15	5.6342e-04	8.9005e-01	1.0938e-01	1.1755e-36	1.8618e-02	9.8138e-01	3.2298e-07	1.1755e-36	1.1755e-36	1.1755e-36	3.1827e-23	0.00e+00	0.00e+00	6.2876e+00
3.18769e+19	7.0821e+03	3.143e-22	1.0000e+01	9.8309e+00	1.9618e-12	1.8026e-02	9.8197e-01	1.0000e+00	4.3107e-06	1.3675e-17	4.0872e-15	5.7247e-04	8.9683e-01	1.0260e-01	1.1755e-36	2.1426e-02	9.7857e-01	1.6319e-07	1.1755e-36	1.1755e-36	1.1755e-36	4.8642e-23	0.00e+00	0.00e+00	6.7055e+00
3.22414e+19	7.0799e+03	3.215e-22	1.0000e+01	9.7967e+00	2.8076e-12	2.1436e-02	9.7856e-01	1.0000e+00	2.2400e-06	6.2897e-18	5.8806e-15	5.8284e-04	9.0495e-01	9.4466e-02	1.1755e-36	2.5615e-02	9.7438e-01	7.6436e-08	1.1755e-36	1.1755e-36	1.1755e-36	8.3203e-23	0.00e+00	0.00e+00	7.1952e+00
3.25728e+19	7.0728e+03	3.284e-22	1.0000e+01	9.7532e+00	4.1240e-12	2.5781e-02	9.7422e-01	1.0000e+00	1.2670e-06	3.1987e-18	8.6495e-15	5.9225e-04	9.1305e-01	8.6353e-02	1.1755e-36	3.0957e-02	9.6904e-01	3.8067e-08	1.1755e-36	1.1755e-36	1.1755e-36	1.4709e-22	0.00e+00	0.00e+00	7.6851e+00
3.28561e+19	7.0492e+03	3.347e-22	1.0000e+01	9.7012e+00	6.1288e-12	3.1014e-02	9.6899e-01	1.0000e+00	7.8758e-07	1.8145e-18	1.2720e-14	6.0029e-04	9.2080e-01	7.8598e-02	1.1755e-36	3.7390e-02	9.6261e-01	2.0544e-08	1.1755e-36	1.1755e-36	1.1755e-36	2.5971e-22	0.00e+00	0.00e+00	8.2054e+00
3.31076e+19	7.0261e+03	3.398e-22	1.0000e+01	9.6366e+00	9.1910e-12	3.7477e-02	9.6252e-01	1.0000e+00	5.2188e-07	1.1108e-18	1.8863e-14	6.0668e-04	9.2827e-01	7.1128e-02	1.1755e-36	4.5328e-02	9.5467e-01	1.1611e-08	1.1755e-36	1.1755e-36	1.1755e-36	4.6476e-22	0.00e+00	0.00e+00	8.7668e+00
3.33322e+19	6.9972e+03	3.439e-22	1.0000e+01	9.5604e+00	1.4069e-11	4.5642e-02	9.5436e-01	1.0000e+00	3.6408e-07	7.2286e-19	2.8422e-14	6.1170e-04	9.3555e-01	6.3835e-02	1.1755e-36	5.5339e-02	9.4466e-01	6.7851e-09	1.1755e-36	1.1755e-36	1.1755e-36	8.5241e-22	0.00e+00	0.00e+00	9.3777e+00
3.35326e+19	6.9625e+03	3.465e-22	1.0000e+01	9.4671e+00	2.2041e-11	5.6087e-02	9.4391e-01	1.0000e+00	2.6477e-07	4.9506e-19	4.3609e-14	6.1497e-04	9.4264e-01	5.6746e-02	1.1755e-36	6.8103e-02	9.3190e-01	4.0673e-09	1.1755e-36	1.1755e-36	1.1755e-36	1.6082e-21	0.00e+00	0.00e+00	1.0046e+01
3.37088e+19	6.9234e+03	3.467e-22	1.0000e+01	9.3407e+00	3.5135e-11	6.9356e-02	9.3064e-01	1.0000e+00	1.9995e-07	3.5610e-19	6.7681e-14	6.1510e-04	9.4935e-01	5.0039e-02	1.1755e-36	8.4244e-02	9.1576e-01	2.5023e-09	1.1755e-36	1.1755e-36	1.1755e-36	3.0901e-21	0.00e+00	0.00e+00	1.0763e+01
3.38596e+19	6.8818e+03	3.439e-22	1.0000e+01	9.1805e+00	5.6353e-11	8.5851e-02	9.1415e-01	1.0000e+00	1.5663e-07	2.6891e-19	1.0519e-13	6.1218e-04	9.5551e-01	4.3878e-02	1.1755e-36	1.0418e-01	8.9582e-01	1.5877e-09	1.1755e-36	1.1755e-36	1.1755e-36	5.9629e-21	0.00e+00	0.00e+00	1.1511e+01
3.39857e+19	6.8348e+03	3.381e-22	1.0000e+01	8.9858e+00	9.0014e-11	1.0572e-01	8.9428e-01	1.0000e+00	1.2697e-07	2.1264e-19	1.6168e-13	6.0596e-04	9.6101e-01	3.8388e-02	1.1755e-36	1.2801e-01	8.7199e-01	1.0433e-09	1.1755e-36	1.1755e-36	1.1755e-36	1.1341e-20	0.00e+00	0.00e+00	1.2272e+01
3.40895e+19	6.7835e+03	3.286e-22	1.0000e+01	8.7391e+00	1.4113e-10	1.2860e-01	8.7140e-01	1.0000e+00	1.0616e-07	1.7571e-19	2.4173e-13	5.9538e-04	9.6572e-01	3.3685e-02	1.1755e-36	1.5517e-01	8.4483e-01	7.1193e-10	1.1755e-36	1.1755e-36	1.1755e-36	2.0717e-20	0.00e+00	0.00e+00	1.3033e+01
3.41762e+19	6.7295e+03	3.162e-22	1.0000e+01	8.4628e+00	2.1732e-10	1.5467e-01	8.4533e-01	1.0000e+00	9.0793e-08	1.4991e-19	3.5316e-13	5.8154e-04	9.6983e-01	2.9591e-02	1.1755e-36	1.8578e-01	8.1422e-01	4.9956e-10	1.1755e-36	1.1755e-36	1.1755e-36	3.6648e-20	0.00e+00	0.00e+00	1.3811e+01
3.42509e+19	6.6454e+03	3.018e-22	1.0000e+01	8.1578e+00	3.4043e-10	1.8517e-01	8.1483e-01	1.0000e+00	7.8844e-08	1.3055e-19	5.1201e-13	5.6549e-04	9.7356e-01	2.5879e-02	1.1755e-36	2.2111e-01	7.7889e-01	3.5563e-10	1.1755e-36	1.1755e-36	1.1755e-36	6.4168e-20	0.00e+00	0.00e+00	1.4626e+01
3.43159e+19	6.5502e+03	2.843e-22	1.0000e+01	7.8087e+00	5.3274e-10	2.2005e-01	7.7995e-01	1.0000e+00	6.9581e-08	1.1658e-19	7.3162e-13	5.4584e-04	9.7687e-01	2.2589e-02	1.1755e-36	2.6091e-01	7.3909e-01	2.5628e-10	1.1755e-36	1.1755e-36	1.1755e-36	1.1024e-19	0.00e+00	0.00e+00	1.5465e+01
3.43723e+19	6.4384e+03	2.642e-22	1.0000e+01	7.4196e+00	8.3207e-10	2.5883e-01	7.4117e-01	1.0000e+00	6.2381e-08	1.0664e-19	1.0244e-12	5.2291e-04	9.7977e-01	1.9710e-02	1.1755e-36	3.0441e-01	6.9559e-01	1.8732e-10	1.1755e-36	1.1755e-36	1.1755e-36	1.8418e-19	0.00e+00	0.00e+00	1.6322e+01
3.44185e+19	6.3060e+03	2.441e-22	1.0000e+01	7.0221e+00	1.2768e-09	2.9865e-01	7.0135e-01	1.0000e+00	5.6958e-08	9.9884e-20	1.3803e-12	4.9890e-04	9.8215e-01	1.7352e-02	1.1755e-36	3.4828e-01	6.5172e-01	1.4150e-10	1.1755e-36	1.1755e-36	1.1755e-36	2.9108e-19	0.00e+00	0.00e+00	1.7076e+01
3.44527e+19	6.1834e+03	2.265e-22	1.0000e+01	6.6733e+00	1.8197e-09	3.3351e-01	6.6649e-01	1.0000e+00	5.3425e-08	9.6195e-20	1.7396e-12	4.7733e-04	9.8389e-01	1.5630e-02	1.1755e-36	3.8604e-01	6.1396e-01	1.1324e-10	1.1755e-36	1.1755e-36	1.1755e-36	4.1667e-19	0.00e+00	0.00e+00	1.7671e+01
3.44776e+19	6.0737e+03	2.123e-22	1.0000e+01	6.3871e+00	2.4196e-09	3.6215e-01	6.3785e-01	1.0000e+00	5.1184e-08	9.4346e-20	2.0702e-12	4.5942e-04	9.8516e-01	1.4382e-02	1.1755e-36	4.1660e-01	5.8340e-01	9.5323e-11	1.1755e-36	1.1755e-36	1.1755e-36	5.4735e-19	0.00e+00	0.00e+00	1.8165e+01
3.44981e+19	5.9679e+03	1.998e-22	1.0000e+01	6.1310e+00	3.1162e-09	3.8770e-01	6.1230e-01	1.0000e+00	4.9408e-08	9.3104e-20	2.3940e-12	4.4327e-04	9.8619e-01	1.3365e-02	1.1755e-36	4.4356e-01	5.5644e-01	8.2225e-11	1.1755e-36	1.1755e-36	1.1755e-36	6.8945e-19	0.00e+00	0.00e+00	1.8638e+01
3.45169e+19	5.8556e+03	1.877e-22	1.0000e+01	5.8771e+00	4.0071e-09	4.1302e-01	5.8698e-01	1.0000e+00	4.7804e-08	9.2177e-20	2.7442e-12	4.2715e-04	9.8713e-01	1.2439e-02	1.1755e-36	4.6996e-01	5.3004e-01	7.1365e-11	1.1755e-36	1.1755e-36	1.1755e-36	8.5944e-19	0.00e+00	0.00e+00	1.9120e+01
3.45347e+19	5.7360e+03	1.758e-22	1.0000e+01	5.6225e+00	5.1633e-09	4.3837e-01	5.6163e-01	1.0000e+00	4.6341e-08	9.1560e-20	3.1274e-12	4.1088e-04	9.8800e-01	1.1586e-02	1.1755e-36	4.9610e-01	5.0390e-01	6.2201e-11	1.1755e-36	1.1755e-36	1.1755e-36	1.0663e-18	0.00e+00	0.00e+00	1.9594e+01
3.45509e+19	5.6121e+03	1.647e-22	1.0000e+01	5.3807e+00	6.6195e-09	4.6271e-01	5.3729e-01	1.0000e+00	4.5095e-08	9.1250e-20	3.5330e-12	3.9540e-04	9.8878e-01	1.0828e-02	1.1755e-36	5.2093e-01	4.7907e-01	5.4717e-11	1.1755e-36	1.1755e-36	1.1755e-36	1.3116e-18	0.00e+00	0.00e+00	2.0035e+01
3.45651e+19	5.4909e+03	1.547e-22	1.0000e+01	5.1555e+00	8.3602e-09	4.8523e-01	5.1477e-01	1.0000e+00	4.4102e-08	9.1349e-20	3.9455e-12	3.8091e-04	9.8945e-01	1.0171e-02	1.1755e-36	5.4367e-01	4.5633e-01	4.8698e-11	1.1755e-36	1.1755e-36	1.1755e-36	1.5915e-18	0.00e+00	0.00e+00	2.0447e+01
3.45780e+19	5.3694e+03	1.455e-22	1.0000e+01	4.9443e+00	1.0466e-08	5.0634e-01	4.9366e-01	1.0000e+00	4.3247e-08	9.1622e-20	4.3740e-12	3.6729e-04	9.9004e-01	9.5890e-03	1.1755e-36	5.6479e-01	4.3521e-01	4.3724e-11	1.1755e-36	1.1755e-36	1.1755e-36	1.9187e-18	0.00e+00	0.00e+00	2.0841e+01
3.45873e+19	5.2823e+03	1.393e-22	1.0000e+01	4.7953e+00	1.2262e-08	5.2124e-01	4.7876e-01	1.0000e+00	4.2635e-08	9.1868e-20	4.7044e-12	3.5764e-04	9.9043e-01	9.2106e-03	1.1755e-36	5.7957e-01	4.2043e-01	4.0590e-11	1.1755e-36	1.1755e-36	1.1755e-36	2.1982e-18	0.00e+00	0.00e+00	2.1043e+01
3.45924e+19	5.2361e+03	1.356e-22	1.0000e+01	4.7061e+00	1.3344e-08	5.2941e-01	4.7059e-01	1.0000e+00	4.2552e-08	9.2733e-20	4.8896e-12	3.5171e-04	9.9064e-01	9.0063e-03	1.1755e-36	5.8763e-01	4.1237e-01	3.8925e-11	1.1755e-36	1.1755e-36	1.1755e-36	2.3653e-18	0.00e+00	0.00e+00	2.1183e+01
3.45971e+19	5.1752e+03	1.323e-22	1.0000e+01	4.6272e+00	1.4772e-08	5.3810e-01	4.6190e-01	1.0000e+00	4.2245e-08	9.2755e-20	5.1176e-12	3.4678e-04	9.9087e-01	8.7828e-03	1.1755e-36	5.9620e-01	4.0380e-01	3.7294e-11	1.1755e-36	1.1755e-36	1.1755e-36	2.5847e-18	0.00e+00	0.00e+00	2.1358e+01
3.46023e+19	5.1192e+03	1.285e-22	1.0000e+01	4.5343e+00	1.6282e-08	5.4708e-01	4.5292e-01	1.0000e+00	4.1924e-08	9.3092e-20	5.3514e-12	3.4071e-04	9.9110e-01	8.5611e-03	1.1755e-36	6.0500e-01	3.9500e-01	3.5628e-11	1.1755e-36	1.1755e-36	1.1755e-36	2.8212e-18	0.00e+00	0.00e+00	2.1542e+01
3.46079e+19	5.0500e+03	1.245e-22	1.0000e+01	4.4370e+00	1.8258e-08	5.5710e-01	4.4290e-01	1.0000e+00	4.1569e-08	9.3300e-20	5.6401e-12	3.3448e-04	9.9135e-01	8.3175e-03	1.1755e-36	6.1479e-01	3.8521e-01	3.3893e-11	1.1755e-36	1.1755e-36	1.1755e-36	3.1336e-18	0.00e+00	0.00e+00	2.1744e+01
3.46134e+19	4.9815e+03	1.206e-22	1.0000e+01	4.3389e+00	2.0408e-08	5.6694e-01	4.3306e-01	1.0000e+00	4.1233e-08	9.3614e-20	5.9297e-12	3.2815e-04	9.9159e-01	8.0837e-03	1.1755e-36	6.2435e-01	3.7565e-01	3.2269e-11	1.1755e-36	1.1755e-36	1.1755e-36	3.4652e-18	0.00e+00	0.00e+00	2.1935e+01
3.46186e+19	4.9133e+03	1.169e-22	1.0000e+01	4.2453e+00	2.2707e-08	5.7627e-01	4.2373e-01	1.0000e+00	4.0944e-08	9.3981e-20	6.1891e-12	3.2214e-04	9.9182e-01	7.8590e-03	1.1755e-36	6.3340e-01	3.6660e-01	3.0805e-11	1.1755e-36	1.1755e-36	1.1755e-36	3.7718e-18	0.00e+00	0.00e+00	2.2118e+01
3.46236e+19	4.8446e+03	1.134e-22	1.0000e+01	4.1538e+00	2.5216e-08	5.8542e-01	4.1458e-01	1.0000e+00	4.0665e-08	9.4352e-20	6.4525e-12	3.1628e-04	9.9204e-01	7.6421e-03	1.1755e-36	6.4223e-01	3.5777e-01	2.9434e-11	1.1755e-36	1.1755e-36	1.1755e-36	4.1005e-18	0.00e+00	0.00e+00	2.2302e+01
3.46286e+19	4.7737e+03	1.099e-22	1.0000e+01	4.0621e+00	2.8013e-08	5.9463e-01	4.0537e-01	1.0000e+00	4.0387e-08	9.4736e-20	6.7261e-12	3.1041e-04	9.9226e-01	7.4274e-03	1.1755e-36	6.5108e-01	3.4892e-01	2.8115e-11	1.1755e-36	1.1755e-36	1.1755e-36	4.4608e-18	0.00e+00	0.00e+00	2.2490e+01
3.46336e+19	4.6970e+03	1.064e-22	1.0000e+01	3.9685e+00	3.1239e-08	6.0400e-01	3.9600e-01	1.0000e+00	4.0101e-08	9.5101e-20	7.0132e-12	3.0448e-04	9.9248e-01	7.2127e-03	1.1755e-36	6.6006e-01	3.3994e-01	2.6843e-11	1.1755e-36	1.1755e-36	1.1755e-36	4.8609e-18	0.00e+00	0.00e+00	2.2682e+01
3.46385e+19	4.6219e+03	1.031e-22	1.0000e+01	3.8768e+00	3.4652e-08	6.1318e-01	3.8682e-01	1.0000e+00	3.9832e-08	9.5518e-20	7.2996e-12	2.9866e-04	9.9270e-01	7.0057e-03	1.1755e-36	6.6883e-01	3.3117e-01	2.5640e-11	1.1755e-36	1.1755e-36	1.1755e-36	5.2799e-18	0.00e+00	0.00e+00	2.2870e+01
3.46434e+19	4.5442e+03	9.971e-23	1.0000e+01	3.7851e+00	3.8397e-08	6.2241e-01	3.7759e-01	1.0000e+00	3.9573e-08	9.5958e-20	7.5917e-12	2.9286e-04	9.9291e-01	6.8008e-03	1.1755e-36	6.7761e-01	3.2239e-01	2.4485e-11	1.1755e-36	1.1755e-36	1.1755e-36	5.7284e-18	0.00e+00	0.00e+00	2.3064e+01
3.46484e+19	4.4621e+03	9.633e-23	1.0000e+01	3.6911e+00	4.2563e-08	6.3189e-01	3.6811e-01	1.0000e+00	3.9304e-08	9.6404e-20	7.8932e-12	2.8697e-04	9.9312e-01	6.5936e-03	1.1755e-36	6.8659e-01	3.1341e-01	2.3348e-11	1.1755e-36	1.1755e-36	1.1755e-36	6.2123e-18	0.00e+00	0.00e+00	2.3265e+01
3.46535e+19	4.3805e+03	9.286e-23	1.0000e+01	3.5921e+00	4.6859e-08	6.4127e-01	3.5873e-01	1.0000e+00	3.9092e-08	9.7172e-20	8.1771e-12	2.8066e-04	9.9333e-01	6.3930e-03	1.1755e-36	6.9544e-01	3.0456e-01	2.2257e-11	1.1755e-36	1.1755e-36	1.1755e-36	6.6861e-18	0.00e+00	0.00e+00	2.3474e+01
3.46589e+19	4.2838e+03	8.930e-23	1.0000e+01	3.4903e+00	5.2069e-08	6.5177e-01	3.4823e-01	1.0000e+00	3.8794e-08	9.7622e-20	8.5006e-12	2.7439e-04	9.9356e-01	6.1703e-03	1.1755e-36	7.0531e-01	2.9469e-01	2.1108e-11	1.1755e-36	1.1755e-36	1.1755e-36	7.2419e-18	0.00e+00	0.00e+00	2.3706e+01
3.46646e+19	4.1855e+03	8.563e-23	1.0000e+01	3.3830e+00	5.7383e-08	6.6236e-01	3.3764e-01	1.0000e+00	3.8522e-08	9.8316e-20	8.7996e-12	2.6774e-04	9.9378e-01	5.9509e-03	1.1755e-36	7.1522e-01	2.8478e-01	1.9991e-11	1.1755e-36	1.1755e-36	1.1755e-36	7.7646e-18	0.00e+00	0.00e+00	2.3942e+01
3.46704e+19	4.0723e+03	8.188e-23	1.0000e+01	3.2705e+00	6.3280e-08	6.7373e-01	3.2627e-01	1.0000e+00	3.8210e-08	9.8887e-20	9.0919e-12	2.6096e-04	9.9402e-01	5.7189e-03	1.1755e-36	7.2583e-01	2.7417e-01	1.8861e-11	1.1755e-36	1.1755e-36	1.1755e-36	8.2717e-18	0.00e+00	0.00e+00	2.4201e+01
3.46765e+19	3.9553e+03	7.809e-23	1.0000e+01	3.1545e+00	6.8985e-08	6.8534e-01	3.1466e-01	1.0000e+00	3.7880e-08	9.9516e-20	9.3422e-12	2.5401e-04	9.9426e-01	5.4874e-03	1.1755e-36	7.3659e-01	2.6341e-01	1.7756e-11	1.1755e-36	1.1755e-36	1.1755e-36	8.6794e-18	0.00e+00	0.00e+00	2.4464e+01
###########################
5.48987e+14	6.3848e+03	3.219e-22	1.0000e+01	1.0853e+01	1.5269e-14	1.2888e-03	9.9871e-01	8.0572e-03	9.8914e-01	2.7999e-03	1.1115e-18	4.3986e-05	1.3086e-01	8.6792e-01	1.1738e-03	4.2302e-04	3.7446e-01	6.2435e-01	7.6622e-04	1.1755e-36	1.1755e-36	7.6653e-27	0.00e+00	0.00e+00	8.9338e-05
3.29392e+15	6.3836e+03	3.219e-22	1.0000e+01	1.0852e+01	1.5277e-14	1.2887e-03	9.9871e-01	8.0575e-03	9.8915e-01	2.7975e-03	1.1105e-18	4.4197e-05	1.3089e-01	8.6789e-01	1.1750e-03	4.2286e-04	3.7435e-01	6.2447e-01	7.6357e-04	1.1755e-36	1.1755e-36	7.6521e-27	0.00e+00	0.00e+00	4.4666e-04
1.42737e+16	6.3805e+03	3.218e-22	1.0000e+01	1.0852e+01	1.5305e-14	1.2885e-03	9.9871e-01	8.0599e-03	9.8916e-01	2.7788e-03	1.1101e-18	4.4241e-05	1.3095e-01	8.6783e-01	1.1720e-03	4.2282e-04	3.7433e-01	6.2450e-01	7.5241e-04	1.1755e-36	1.1755e-36	7.6398e-27	0.00e+00	0.00e+00	1.8757e-03
5.81926e+16	6.3708e+03	3.214e-22	1.0000e+01	1.0852e+01	1.5439e-14	1.2889e-03	9.9871e-01	8.0746e-03	9.8924e-01	2.6826e-03	1.1140e-18	4.4447e-05	1.3119e-01	8.6760e-01	1.1618e-03	4.2359e-04	3.7471e-01	6.2416e-01	7.0900e-04	1.1755e-36	1.1755e-36	7.6488e-27	0.00e+00	0.00e+00	7.5933e-03
1.39003e+17	6.3467e+03	3.195e-22	1.0000e+01	1.0852e+01	1.5557e-14	1.2822e-03	9.9872e-01	8.0725e-03	9.8931e-01	2.6218e-03	1.1006e-18	4.4476e-05	1.3123e-01	8.6757e-01	1.1521e-03	4.2191e-04	3.7475e-01	6.2418e-01	6.5083e-04	1.1755e-36	1.1755e-36	7.4845e-27	0.00e+00	0.00e+00	1.4988e-02
2.44058e+17	6.3170e+03	3.177e-22	1.0000e+01	1.0852e+01	1.5738e-14	1.2768e-03	9.9872e-01	8.0817e-03	9.8945e-01	2.4659e-03	1.0898e-18	4.4556e-05	1.3143e-01	8.6739e-01	1.1348e-03	4.2138e-04	3.7535e-01	6.2364e-01	5.8000e-04	1.1755e-36	1.1755e-36	7.3172e-27	0.00e+00	0.00e+00	2.4560e-02
3.80628e+17	6.2836e+03	3.156e-22	1.0000e+01	1.0851e+01	1.6020e-14	1.2717e-03	9.9873e-01	8.0995e-03	9.8968e-01	2.2211e-03	1.0847e-18	4.4675e-05	1.3174e-01	8.6711e-01	1.1103e-03	4.2177e-04	3.7652e-01	6.2256e-01	4.9752e-04	1.1755e-36	1.1755e-36	7.2000e-27	0.00e+00	0.00e+00	3.6955e-02
5.58169e+17	6.2456e+03	3.131e-22	1.0000e+01	1.0851e+01	1.6323e-14	1.2672e-03	9.9873e-01	8.1281e-03	9.8998e-01	1.8927e-03	1.0795e-18	4.4829e-05	1.3221e-01	8.6667e-01	1.0787e-03	4.2336e-04	3.7841e-01	6.2076e-01	4.0598e-04	1.1755e-36	1.1755e-36	7.0464e-27	0.00e+00	0.00e+00	5.3011e-02
7.88973e+17	6.2025e+03	3.103e-22	1.0000e+01	1.0851e+01	1.6748e-14	1.2633e-03	9.9874e-01	8.1712e-03	9.9033e-01	1.5009e-03	1.0809e-18	4.5042e-05	1.3289e-01	8.6602e-01	1.0406e-03	4.2652e-04	3.8126e-01	6.1801e-01	3.1041e-04	1.1755e-36	1.1755e-36	6.9345e-27	0.00e+00	0.00e+00	7.3819e-02
1.08902e+18	6.1540e+03	3.071e-22	1.0000e+01	1.0850e+01	1.7263e-14	1.2606e-03	9.9874e-01	8.2334e-03	9.9068e-01	1.0851e-03	1.0866e-18	4.5354e-05	1.3386e-01	8.6510e-01	9.9746e-04	4.3168e-04	3.8523e-01	6.1412e-01	2.1824e-04	1.1755e-36	1.1755e-36	6.8222e-27	0.00e+00	0.00e+00	1.0081e-01
1.47908e+18	6.0997e+03	3.034e-22	1.0000e+01	1.0850e+01	1.7942e-14	1.2599e-03	9.9874e-01	8.3225e-03	9.9098e-01	6.9803e-04	1.1017e-18	4.5833e-05	1.3522e-01	8.6378e-01	9.5162e-04	4.3945e-04	3.9052e-01	6.0890e-01	1.3785e-04	1.1755e-36	1.1755e-36	6.7523e-27	0.00e+00	0.00e+00	1.3588e-01
1.98615e+18	6.0399e+03	2.994e-22	1.0000e+01	1.0849e+01	1.8813e-14	1.2623e-03	9.9874e-01	8.4494e-03	9.9116e-01	3.8853e-04	1.1281e-18	4.6560e-05	1.3713e-01	8.6192e-01	9.0488e-04	4.5059e-04	3.9734e-01	6.0214e-01	7.6087e-05	1.1755e-36	1.1755e-36	6.7242e-27	0.00e+00	0.00e+00	1.8156e-01
2.64535e+18	5.9757e+03	2.949e-22	1.0000e+01	1.0849e+01	1.9910e-14	1.2695e-03	9.9873e-01	8.6309e-03	9.9119e-01	1.8128e-04	1.1700e-18	4.7655e-05	1.3982e-01	8.5928e-01	8.5744e-04	4.6640e-04	4.0600e-01	5.9350e-01	3.5525e-05	1.1755e-36	1.1755e-36	6.7428e-27	0.00e+00	0.00e+00	2.4129e-01
3.50231e+18	5.9074e+03	2.902e-22	1.0000e+01	1.0849e+01	2.1382e-14	1.2846e-03	9.9872e-01	8.8967e-03	9.9103e-01	6.8437e-05	1.2395e-18	4.9263e-05	1.4365e-01	8.5549e-01	8.0733e-04	4.8912e-04	4.1711e-01	5.8239e-01	1.3525e-05	1.1755e-36	1.1755e-36	6.8748e-27	0.00e+00	0.00e+00	3.1985e-01
4.61636e+18	5.8474e+03	2.851e-22	1.0000e+01	1.0848e+01	2.3133e-14	1.3103e-03	9.9869e-01	9.2810e-03	9.9070e-01	2.0178e-05	1.3509e-18	5.1738e-05	1.4908e-01	8.5012e-01	7.5217e-04	5.2175e-04	4.3152e-01	5.6795e-01	4.0469e-06	1.1755e-36	1.1755e-36	7.1832e-27	0.00e+00	0.00e+00	4.2403e-01
6.06462e+18	5.7975e+03	2.799e-22	1.0000e+01	1.0847e+01	2.5455e-14	1.3543e-03	9.9865e-01	9.8613e-03	9.9013e-01	4.5139e-06	1.5430e-18	5.5598e-05	1.5704e-01	8.4221e-01	6.8781e-04	5.7089e-04	4.5090e-01	5.4853e-01	9.2289e-07	1.1755e-36	1.1755e-36	7.8502e-27	0.00e+00	0.00e+00	5.6401e-01
7.94736e+18	5.7643e+03	2.751e-22	1.0000e+01	1.0845e+01	2.8670e-14	1.4289e-03	9.9857e-01	1.0777e-02	9.8922e-01	7.6503e-07	1.8900e-18	6.1720e-05	1.6918e-01	8.3015e-01	6.1083e-04	6.4837e-04	4.7771e-01	5.2165e-01	1.5898e-07	1.1755e-36	1.1755e-36	9.1679e-27	0.00e+00	0.00e+00	7.5600e-01
1.00363e+19	5.7717e+03	2.700e-22	1.0000e+01	1.0843e+01	3.1521e-14	1.5197e-03	9.9848e-01	1.1968e-02	9.8803e-01	1.2822e-07	2.3714e-18	6.9549e-05	1.8426e-01	8.1513e-01	5.3548e-04	7.4618e-04	5.0833e-01	4.9092e-01	1.1755e-36	1.1755e-36	1.1755e-36	1.0992e-26	0.00e+00	0.00e+00	9.5264e-01
1.19426e+19	5.8137e+03	2.670e-22	1.0000e+01	1.0840e+01	3.4101e-14	1.6254e-03	9.9837e-01	1.3388e-02	9.8661e-01	3.1571e-08	3.0234e-18	7.8569e-05	2.0108e-01	7.9837e-01	4.7146e-04	8.5893e-04	5.3921e-01	4.5993e-01	1.1755e-36	1.1755e-36	1.1755e-36	1.3580e-26	0.00e+00	0.00e+00	1.1336e+00
1.36173e+19	5.8837e+03	2.654e-22	1.0000e+01	1.0837e+01	3.6449e-14	1.7432e-03	9.9826e-01	1.5025e-02	9.8498e-01	1.0714e-08	3.9068e-18	8.8908e-05	2.1951e-01	7.7999e-01	4.1729e-04	9.8571e-04	5.6965e-01	4.2936e-01	1.1755e-36	1.1755e-36	1.1755e-36	1.7232e-26	0.00e+00	0.00e+00	1.3081e+00
1.51308e+19	5.9681e+03	2.646e-22	1.0000e+01	1.0834e+01	3.8874e-14	1.8732e-03	9.9813e-01	1.6938e-02	9.8306e-01	4.4102e-09	5.0994e-18	1.0050e-04	2.3971e-01	7.5982e-01	3.6956e-04	1.1291e-03	6.0022e-01	3.9865e-01	1.1755e-36	1.1755e-36	1.1755e-36	2.2288e-26	0.00e+00	0.00e+00	1.4786e+00
1.65549e+19	6.0632e+03	2.646e-22	1.0000e+01	1.0830e+01	4.1668e-14	2.0218e-03	9.9798e-01	1.9308e-02	9.8069e-01	2.0297e-09	6.7862e-18	1.1416e-04	2.6294e-01	7.3662e-01	3.2489e-04	1.2982e-03	6.3215e-01	3.6655e-01	1.1755e-36	1.1755e-36	1.1755e-36	2.9530e-26	0.00e+00	0.00e+00	1.6582e+00
1.79255e+19	6.1669e+03	2.651e-22	1.0000e+01	1.0826e+01	4.5016e-14	2.1934e-03	9.9781e-01	2.2341e-02	9.7766e-01	1.0086e-09	9.2209e-18	1.3049e-04	2.9019e-01	7.0940e-01	2.8226e-04	1.5004e-03	6.6597e-01	3.3253e-01	1.1755e-36	1.1755e-36	1.1755e-36	4.0059e-26	0.00e+00	0.00e+00	1.8429e+00
1.91921e+19	6.2727e+03	2.661e-22	1.0000e+01	1.0820e+01	4.8868e-14	2.3840e-03	9.9762e-01	2.6165e-02	9.7384e-01	5.4861e-10	1.2609e-17	1.4934e-04	3.2111e-01	6.7850e-01	2.4294e-04	1.7333e-03	7.0030e-01	2.9796e-01	1.1755e-36	1.1755e-36	1.1755e-36	5.4665e-26	0.00e+00	0.00e+00	2.0234e+00
2.03221e+19	6.3736e+03	2.675e-22	1.0000e+01	1.0814e+01	5.3412e-14	2.5883e-03	9.9741e-01	3.0886e-02	9.6911e-01	3.2671e-10	1.7203e-17	1.7031e-04	3.5495e-01	6.4467e-01	2.0761e-04	1.9914e-03	7.3374e-01	2.6427e-01	1.1755e-36	1.1755e-36	1.1755e-36	7.4544e-26	0.00e+00	0.00e+00	2.1968e+00
2.13306e+19	6.4672e+03	2.693e-22	1.0000e+01	1.0806e+01	5.8653e-14	2.8060e-03	9.9719e-01	3.6781e-02	9.6322e-01	2.0893e-10	2.3309e-17	1.9339e-04	3.9170e-01	6.0793e-01	1.7578e-04	2.2745e-03	7.6592e-01	2.3180e-01	1.1755e-36	1.1755e-36	1.1755e-36	1.0078e-25	0.00e+00	0.00e+00	2.3662e+00
2.22488e+19	6.5540e+03	2.712e-22	1.0000e+01	1.0797e+01	6.4896e-14	3.0411e-03	9.9696e-01	4.4401e-02	9.5560e-01	1.4042e-10	3.1532e-17	2.1904e-04	4.3201e-01	5.6763e-01	1.4663e-04	2.5883e-03	7.9716e-01	2.0026e-01	1.1755e-36	1.1755e-36	1.1755e-36	1.3601e-25	0.00e+00	0.00e+00	2.5352e+00
2.30963e+19	6.6347e+03	2.734e-22	1.0000e+01	1.0786e+01	7.2372e-14	3.2974e-03	9.9670e-01	5.4646e-02	9.4535e-01	9.7885e-11	4.2682e-17	2.4768e-04	4.7649e-01	5.2314e-01	1.1977e-04	2.9381e-03	8.2759e-01	1.6948e-01	1.1755e-36	1.1755e-36	1.1755e-36	1.8357e-25	0.00e+00	0.00e+00	2.7048e+00
2.37684e+19	6.7085e+03	2.756e-22	1.0000e+01	1.0775e+01	7.8893e-14	3.5293e-03	9.9647e-01	6.6826e-02	9.3317e-01	7.4732e-11	5.4993e-17	2.7484e-04	5.1834e-01	4.8128e-01	9.8926e-05	3.2640e-03	8.5312e-01	1.4362e-01	1.1755e-36	1.1755e-36	1.1755e-36	2.3513e-25	0.00e+00	0.00e+00	2.8228e+00
2.42114e+19	6.7408e+03	2.774e-22	1.0000e+01	1.0761e+01	8.5413e-14	3.7072e-03	9.9629e-01	7.7996e-02	9.2200e-01	6.2155e-11	6.5945e-17	2.9537e-04	5.5011e-01	4.4951e-01	8.4912e-05	3.5156e-03	8.7079e-01	1.2570e-01	1.1755e-36	1.1755e-36	1.1755e-36	2.8038e-25	0.00e+00	0.00e+00	2.9063e+00
2.45495e+19	6.7823e+03	2.783e-22	1.0000e+01	1.0751e+01	8.9702e-14	3.8490e-03	9.9615e-01	8.9189e-02	9.1081e-01	5.3840e-11	7.5974e-17	3.1250e-04	5.7624e-01	4.2337e-01	7.4453e-05	3.7208e-03	8.8437e-01	1.1190e-01	1.1755e-36	1.1755e-36	1.1755e-36	3.2185e-25	0.00e+00	0.00e+00	2.9840e+00
2.49174e+19	6.8141e+03	2.794e-22	1.0000e+01	1.0737e+01	9.6387e-14	4.0225e-03	9.9598e-01	1.0496e-01	8.9504e-01	4.5430e-11	8.9578e-17	3.3265e-04	6.0675e-01	3.9286e-01	6.3079e-05	3.9704e-03	8.9922e-01	9.6807e-02	1.1755e-36	1.1755e-36	1.1755e-36	3.7847e-25	0.00e+00	0.00e+00	3.0896e+00
2.53016e+19	6.8564e+03	2.807e-22	1.0000e+01	1.0721e+01	1.0320e-13	4.2126e-03	9.9579e-01	1.2758e-01	8.7242e-01	3.8248e-11	1.0645e-16	3.5481e-04	6.4052e-01	3.5908e-01	5.1998e-05	4.2488e-03	9.1495e-01	8.0798e-02	1.1755e-36	1.1755e-36	1.1755e-36	4.4816e-25	0.00e+00	0.00e+00	3.1834e+00
2.56007e+19	6.8762e+03	2.817e-22	1.0000e+01	1.0693e+01	1.1024e-13	4.3747e-03	9.9563e-01	1.5217e-01	8.4783e-01	3.3038e-11	1.2231e-16	3.7334e-04	6.6900e-01	3.3058e-01	4.3584e-05	4.4880e-03	9.2750e-01	6.8017e-02	1.1755e-36	1.1755e-36	1.1755e-36	5.1114e-25	0.00e+00	0.00e+00	3.2512e+00
2.58190e+19	6.8956e+03	2.822e-22	1.0000e+01	1.0672e+01	1.1549e-13	4.4987e-03	9.9550e-01	1.7625e-01	8.2375e-01	2.9465e-11	1.3583e-16	3.8748e-04	6.9061e-01	3.0896e-01	3.7643e-05	4.6728e-03	9.3672e-01	5.8612e-02	1.1755e-36	1.1755e-36	1.1755e-36	5.6497e-25	0.00e+00	0.00e+00	3.3055e+00
2.60051e+19	6.9106e+03	2.824e-22	1.0000e+01	1.0649e+01	1.2053e-13	4.6092e-03	9.9539e-01	2.0225e-01	7.9775e-01	2.6428e-11	1.4890e-16	3.9960e-04	7.0933e-01	2.9024e-01	3.2757e-05	4.8379e-03	9.4448e-01	5.0684e-02	1.1755e-36	1.1755e-36	1.1755e-36	6.1669e-25	0.00e+00	0.00e+00	3.3582e+00
2.62134e+19	6.9150e+03	2.827e-22	1.0000e+01	1.0618e+01	1.2814e-13	4.7456e-03	9.9525e-01	2.3955e-01	7.6045e-01	2.2989e-11	1.6595e-16	4.1338e-04	7.3042e-01	2.6914e-01	2.7476e-05	5.0381e-03	9.5293e-01	4.2032e-02	1.1755e-36	1.1755e-36	1.1755e-36	6.8365e-25	0.00e+00	0.00e+00	3.4288e+00
2.64268e+19	6.9372e+03	2.822e-22	1.0000e+01	1.0576e+01	1.3413e-13	4.8771e-03	9.9512e-01	2.8992e-01	7.1008e-01	1.9662e-11	1.8451e-16	4.2647e-04	7.5126e-01	2.4829e-01	2.2659e-05	5.2366e-03	9.6133e-01	3.3436e-02	1.1755e-36	1.1755e-36	1.1755e-36	7.5468e-25	0.00e+00	0.00e+00	3.4877e+00
2.65908e+19	6.9442e+03	2.817e-22	1.0000e+01	1.0539e+01	1.4040e-13	4.9865e-03	9.9501e-01	3.4195e-01	6.5805e-01	1.7051e-11	2.0128e-16	4.3640e-04	7.6719e-01	2.3235e-01	1.9134e-05	5.3992e-03	9.6760e-01	2.6997e-02	1.1755e-36	1.1755e-36	1.1755e-36	8.1754e-25	0.00e+00	0.00e+00	3.5307e+00
2.67162e+19	6.9474e+03	2.805e-22	1.0000e+01	1.0488e+01	1.4525e-13	5.0653e-03	9.9493e-01	3.9034e-01	6.0966e-01	1.4858e-11	2.1424e-16	4.4282e-04	7.7857e-01	2.2097e-01	1.6637e-05	5.5182e-03	9.7209e-01	2.2393e-02	1.1755e-36	1.1755e-36	1.1755e-36	8.6139e-25	0.00e+00	0.00e+00	3.5673e+00
2.68475e+19	6.9457e+03	2.789e-22	1.0000e+01	1.0430e+01	1.5150e-13	5.1526e-03	9.9485e-01	4.4977e-01	5.5023e-01	1.2394e-11	2.2949e-16	4.4883e-04	7.8965e-01	2.0988e-01	1.4162e-05	5.6468e-03	9.7635e-01	1.8003e-02	1.1755e-36	1.1755e-36	1.1755e-36	9.1332e-25	0.00e+00	0.00e+00	3.6155e+00
2.69948e+19	6.9369e+03	2.774e-22	1.0000e+01	1.0382e+01	1.6053e-13	5.2666e-03	9.9473e-01	5.2854e-01	4.7146e-01	9.9301e-12	2.5013e-16	4.5595e-04	8.0113e-01	1.9840e-01	1.1648e-05	5.8066e-03	9.8057e-01	1.3625e-02	1.1755e-36	1.1755e-36	1.1755e-36	9.8707e-25	0.00e+00	0.00e+00	3.6642e+00
2.71306e+19	6.9272e+03	2.752e-22	1.0000e+01	1.0317e+01	1.6917e-13	5.3662e-03	9.9463e-01	6.1049e-01	3.8951e-01	7.6797e-12	2.6960e-16	4.6065e-04	8.1010e-01	1.8943e-01	9.6095e-06	5.9457e-03	9.8388e-01	1.0177e-02	1.1755e-36	1.1755e-36	1.1755e-36	1.0520e-24	0.00e+00	0.00e+00	3.7066e+00
2.72538e+19	6.9159e+03	2.727e-22	1.0000e+01	1.0249e+01	1.7772e-13	5.4569e-03	9.9454e-01	6.8778e-01	3.1222e-01	5.7761e-12	2.8792e-16	4.6372e-04	8.1682e-01	1.8270e-01	7.9659e-06	6.0698e-03	9.8631e-01	7.6155e-03	1.1755e-36	1.1755e-36	1.1755e-36	1.1115e-24	0.00e+00	0.00e+00	3.7484e+00
2.73931e+19	6.8986e+03	2.702e-22	1.0000e+01	1.0178e+01	1.8910e-13	5.5706e-03	9.9443e-01	7.7018e-01	2.2982e-01	3.9505e-12	3.1027e-16	4.6675e-04	8.2300e-01	1.7652e-01	6.3291e-06	6.2196e-03	9.8840e-01	5.3821e-03	1.1755e-36	1.1755e-36	1.1755e-36	1.1885e-24	0.00e+00	0.00e+00	3.8038e+00
2.75742e+19	6.8780e+03	2.676e-22	1.0000e+01	1.0103e+01	2.0527e-13	5.7319e-03	9.9427e-01	8.5742e-01	1.4258e-01	2.2384e-12	3.4045e-16	4.7015e-04	8.2897e-01	1.7056e-01	4.6156e-06	6.4251e-03	9.9021e-01	3.3630e-03	1.1755e-36	1.1755e-36	1.1755e-36	1.3035e-24	0.00e+00	0.00e+00	3.8779e+00
2.78097e+19	6.8699e+03	2.653e-22	1.0000e+01	1.0022e+01	2.2472e-13	5.9498e-03	9.9405e-01	9.2999e-01	7.0013e-02	9.8095e-13	3.7770e-16	4.7344e-04	8.3404e-01	1.6548e-01	3.0035e-06	6.6971e-03	9.9151e-01	1.7958e-03	1.1755e-36	1.1755e-36	1.1755e-36	1.4650e-24	0.00e+00	0.00e+00	3.9779e+00
2.81159e+19	6.8643e+03	2.656e-22	1.0000e+01	9.9732e+00	2.5419e-13	6.2857e-03	9.9371e-01	9.7361e-01	2.6385e-02	3.2302e-13	4.3118e-16	4.7926e-04	8.3898e-01	1.6053e-01	1.6746e-06	7.1064e-03	9.9210e-01	7.9505e-04	1.1755e-36	1.1755e-36	1.1755e-36	1.7423e-24	0.00e+00	0.00e+00	4.1152e+00
2.85138e+19	6.8811e+03	2.682e-22	1.0000e+01	9.9502e+00	2.9528e-13	6.7834e-03	9.9322e-01	9.9219e-01	7.8131e-03	8.0996e-14	5.1125e-16	4.8776e-04	8.4430e-01	1.5521e-01	7.7614e-07	7.7080e-03	9.9201e-01	2.8390e-04	1.1755e-36	1.1755e-36	1.1755e-36	2.2234e-24	0.00e+00	0.00e+00	4.3079e+00
2.90312e+19	6.9132e+03	2.731e-22	1.0000e+01	9.9361e+00	3.6238e-13	7.5456e-03	9.9245e-01	9.9813e-01	1.8723e-03	1.5896e-14	6.4643e-16	4.9939e-04	8.5093e-01	1.4857e-01	2.8587e-07	8.6286e-03	9.9129e-01	7.9505e-05	1.1755e-36	1.1755e-36	1.1755e-36	3.1495e-24	0.00e+00	0.00e+00	4.5866e+00
2.97037e+19	6.9570e+03	2.805e-22	1.0000e+01	9.9238e+00	4.8429e-13	8.7902e-03	9.9121e-01	9.9964e-01	3.6429e-04	2.4025e-15	8.9853e-16	5.1521e-04	8.6000e-01	1.3949e-01	1.1755e-36	1.0136e-02	9.8985e-01	1.6856e-05	1.1755e-36	1.1755e-36	1.1755e-36	5.1392e-24	0.00e+00	0.00e+00	5.0086e+00
3.03925e+19	7.0052e+03	2.897e-22	1.0000e+01	9.9084e+00	6.8369e-13	1.0549e-02	9.8945e-01	9.9992e-01	7.6807e-05	3.9975e-16	1.3218e-15	5.3217e-04	8.6987e-01	1.2960e-01	1.1755e-36	1.2274e-02	9.8772e-01	3.5939e-06	1.1755e-36	1.1755e-36	1.1755e-36	9.1292e-24	0.00e+00	0.00e+00	5.4197e+00
3.09108e+19	7.0354e+03	2.979e-22	1.0000e+01	9.8937e+00	9.3847e-13	1.2421e-02	9.8758e-01	9.9997e-01	2.6728e-05	1.1731e-16	1.8651e-15	5.4592e-04	8.7828e-01	1.2117e-01	1.1755e-36	1.4557e-02	9.8544e-01	1.2011e-06	1.1755e-36	1.1755e-36	1.1755e-36	1.5227e-23	0.00e+00	0.00e+00	5.7486e+00
3.12661e+19	7.0586e+03	3.036e-22	1.0000e+01	9.8709e+00	1.1972e-12	1.4085e-02	9.8591e-01	9.9999e-01	1.3599e-05	5.3261e-17	2.4275e-15	5.5539e-04	8.8449e-01	1.1495e-01	1.1755e-36	1.6593e-02	9.8341e-01	5.8232e-07	1.1755e-36	1.1755e-36	1.1755e-36	2.2513e-23	0.00e+00	0.00e+00	6.0077e+00
3.15530e+19	7.0689e+03	3.087e-22	1.0000e+01	9.8541e+00	1.4962e-12	1.5743e-02	9.8426e-01	9.9999e-01	7.9183e-06	2.8139e-17	3.0700e-15	5.6345e-04	8.9007e-01	1.0937e-01	1.1755e-36	1.8625e-02	9.8138e-01	3.2238e-07	1.1755e-36	1.1755e-36	1.1755e-36	3.1862e-23	0.00e+00	0.00e+00	6.2885e+00
3.18778e+19	7.0821e+03	3.143e-22	1.0000e+01	9.8308e+00	1.9634e-12	1.8032e-02	9.8197e-01	1.0000e+00	4.3036e-06	1.3649e-17	4.0905e-15	5.7250e-04	8.9685e-01	1.0258e-01	1.1755e-36	2.1434e-02	9.7857e-01	1.6289e-07	1.1755e-36	1.1755e-36	1.1755e-36	4.8701e-23	0.00e+00	0.00e+00	6.7065e+00
3.22423e+19	7.0799e+03	3.215e-22	1.0000e+01	9.7966e+00	2.8101e-12	2.1445e-02	9.7855e-01	1.0000e+00	2.2366e-06	6.2783e-18	5.8859e-15	5.8287e-04	9.0497e-01	9.4447e-02	1.1755e-36	2.5626e-02	9.7437e-01	7.6297e-08	1.1755e-36	1.1755e-36	1.1755e-36	8.3314e-23	0.00e+00	0.00e+00	7.1964e+00
3.25736e+19	7.0728e+03	3.284e-22	1.0000e+01	9.7531e+00	4.1280e-12	2.5793e-02	9.7421e-01	1.0000e+00	1.2652e-06	3.1933e-18	8.6580e-15	5.9230e-04	9.1307e-01	8.6333e-02	1.1755e-36	3.0972e-02	9.6903e-01	3.8000e-08	1.1755e-36	1.1755e-36	1.1755e-36	1.4731e-22	0.00e+00	0.00e+00	7.6865e+00
3.28569e+19	7.0491e+03	3.347e-22	1.0000e+01	9.7011e+00	6.1357e-12	3.1030e-02	9.6897e-01	1.0000e+00	7.8652e-07	1.8116e-18	1.2734e-14	6.0034e-04	9.2082e-01	7.8576e-02	1.1755e-36	3.7410e-02	9.6259e-01	2.0508e-08	1.1755e-36	1.1755e-36	1.1755e-36	2.6014e-22	0.00e+00	0.00e+00	8.2071e+00
3.31084e+19	7.0260e+03	3.399e-22	1.0000e+01	9.6364e+00	9.2024e-12	3.7499e-02	9.6250e-01	1.0000e+00	5.2124e-07	1.1091e-18	1.8886e-14	6.0672e-04	9.2829e-01	7.1106e-02	1.1755e-36	4.5355e-02	9.5465e-01	1.1591e-08	1.1755e-36	1.1755e-36	1.1755e-36	4.6559e-22	0.00e+00	0.00e+00	8.7686e+00
3.33329e+19	6.9971e+03	3.439e-22	1.0000e+01	9.5602e+00	1.4086e-11	4.5669e-02	9.5433e-01	1.0000e+00	3.6370e-07	7.2197e-19	2.8456e-14	6.1173e-04	9.3557e-01	6.3815e-02	1.1755e-36	5.5371e-02	9.4463e-01	6.7743e-09	1.1755e-36	1.1755e-36	1.1755e-36	8.5395e-22	0.00e+00	0.00e+00	9.3795e+00
3.35331e+19	6.9624e+03	3.465e-22	1.0000e+01	9.4668e+00	2.2069e-11	5.6120e-02	9.4388e-01	1.0000e+00	2.6454e-07	4.9455e-19	4.3661e-14	6.1499e-04	9.4266e-01	5.6727e-02	1.1755e-36	6.8142e-02	9.3186e-01	4.0614e-09	1.1755e-36	1.1755e-36	1.1755e-36	1.6111e-21	0.00e+00	0.00e+00	1.0048e+01
3.37092e+19	6.9233e+03	3.467e-22	1.0000e+01	9.3403e+00	3.5179e-11	6.9396e-02	9.3060e-01	1.0000e+00	1.9980e-07	3.5578e-19	6.7763e-14	6.1512e-04	9.4936e-01	5.0022e-02	1.1755e-36	8.4293e-02	9.1571e-01	2.4989e-09	1.1755e-36	1.1755e-36	1.1755e-36	3.0956e-21	0.00e+00	0.00e+00	1.0765e+01
3.38600e+19	6.8816e+03	3.439e-22	1.0000e+01	9.1800e+00	5.6426e-11	8.5902e-02	9.1410e-01	1.0000e+00	1.5652e-07	2.6870e-19	1.0532e-13	6.1219e-04	9.5553e-01	4.3862e-02	1.1755e-36	1.0424e-01	8.9576e-01	1.5856e-09	1.1755e-36	1.1755e-36	1.1755e-36	5.9737e-21	0.00e+00	0.00e+00	1.1513e+01
3.39860e+19	6.8347e+03	3.381e-22	1.0000e+01	8.9851e+00	9.0134e-11	1.0578e-01	8.9422e-01	1.0000e+00	1.2689e-07	2.1249e-19	1.6188e-13	6.0595e-04	9.6102e-01	3.8373e-02	1.1755e-36	1.2808e-01	8.7192e-01	1.0420e-09	1.1755e-36	1.1755e-36	1.1755e-36	1.1361e-20	0.00e+00	0.00e+00	1.2274e+01
3.40898e+19	6.7833e+03	3.286e-22	1.0000e+01	8.7384e+00	1.4131e-10	1.2867e-01	8.7133e-01	1.0000e+00	1.0610e-07	1.7561e-19	2.4200e-13	5.9536e-04	9.6573e-01	3.3672e-02	1.1755e-36	1.5526e-01	8.4474e-01	7.1110e-10	1.1755e-36	1.1755e-36	1.1755e-36	2.0752e-20	0.00e+00	0.00e+00	1.3035e+01
3.41764e+19	6.7293e+03	3.162e-22	1.0000e+01	8.4620e+00	2.1759e-10	1.5475e-01	8.4525e-01	1.0000e+00	9.0751e-08	1.4984e-19	3.5353e-13	5.8151e-04	9.6984e-01	2.9580e-02	1.1755e-36	1.8587e-01	8.1413e-01	4.9903e-10	1.1755e-36	1.1755e-36	1.1755e-36	3.6707e-20	0.00e+00	0.00e+00	1.3813e+01
3.42511e+19	6.6451e+03	3.018e-22	1.0000e+01	8.1584e+00	3.4099e-10	1.8529e-01	8.1471e-01	1.0000e+00	7.8780e-08	1.3042e-19	5.1281e-13	5.6556e-04	9.7357e-01	2.5865e-02	1.1755e-36	2.2125e-01	7.7875e-01	3.5521e-10	1.1755e-36	1.1755e-36	1.1755e-36	6.4325e-20	0.00e+00	0.00e+00	1.4629e+01
3.43161e+19	6.5499e+03	2.842e-22	1.0000e+01	7.8077e+00	5.3338e-10	2.2015e-01	7.7985e-01	1.0000e+00	6.9556e-08	1.1654e-19	7.3231e-13	5.4579e-04	9.7687e-01	2.2581e-02	1.1755e-36	2.6102e-01	7.3898e-01	2.5605e-10	1.1755e-36	1.1755e-36	1.1755e-36	1.1040e-19	0.00e+00	0.00e+00	1.5467e+01
3.43725e+19	6.4342e+03	2.643e-22	1.0000e+01	7.4187e+00	8.3627e-10	2.5902e-01	7.4098e-01	1.0000e+00	6.2334e-08	1.0652e-19	1.0261e-12	5.2293e-04	9.7978e-01	1.9696e-02	1.1755e-36	3.0463e-01	6.9537e-01	1.8714e-10	1.1755e-36	1.1755e-36	1.1755e-36	1.8460e-19	0.00e+00	0.00e+00	1.6324e+01
3.44187e+19	6.3056e+03	2.440e-22	1.0000e+01	7.0209e+00	1.2785e-09	2.9878e-01	7.0122e-01	1.0000e+00	5.6942e-08	9.9864e-20	1.3815e-12	4.9883e-04	9.8216e-01	1.7345e-02	1.1755e-36	3.4842e-01	6.5158e-01	1.4137e-10	1.1755e-36	1.1755e-36	1.1755e-36	2.9148e-19	0.00e+00	0.00e+00	1.7078e+01
3.44528e+19	6.1830e+03	2.265e-22	1.0000e+01	6.6721e+00	1.8218e-09	3.3363e-01	6.6637e-01	1.0000e+00	5.3411e-08	9.6180e-20	1.7408e-12	4.7726e-04	9.8390e-01	1.5625e-02	1.1755e-36	3.8616e-01	6.1384e-01	1.1315e-10	1.1755e-36	1.1755e-36	1.1755e-36	4.1715e-19	0.00e+00	0.00e+00	1.7673e+01
3.44777e+19	6.0733e+03	2.123e-22	1.0000e+01	6.3861e+00	2.4218e-09	3.6224e-01	6.3776e-01	1.0000e+00	5.1175e-08	9.4337e-20	2.0713e-12	4.5937e-04	9.8516e-01	1.4378e-02	1.1755e-36	4.1670e-01	5.8330e-01	9.5268e-11	1.1755e-36	1.1755e-36	1.1755e-36	5.4782e-19	0.00e+00	0.00e+00	1.8167e+01
3.44981e+19	5.9676e+03	1.998e-22	1.0000e+01	6.1302e+00	3.1186e-09	3.8778e-01	6.1222e-01	1.0000e+00	4.9400e-08	9.3096e-20	2.3951e-12	4.4323e-04	9.8619e-01	1.3362e-02	1.1755e-36	4.4364e-01	5.5636e-01	8.2185e-11	1.1755e-36	1.1755e-36	1.1755e-36	6.8993e-19	0.00e+00	0.00e+00	1.8639e+01
3.45170e+19	5.8552e+03	1.876e-22	1.0000e+01	5.8763e+00	4.0102e-09	4.1310e-01	5.8690e-01	1.0000e+00	4.7797e-08	9.2170e-20	2.7453e-12	4.2711e-04	9.8714e-01	1.2436e-02	1.1755e-36	4.7004e-01	5.2996e-01	7.1332e-11	1.1755e-36	1.1755e-36	1.1755e-36	8.6002e-19	0.00e+00	0.00e+00	1.9121e+01
3.45348e+19	5.7356e+03	1.757e-22	1.0000e+01	5.6216e+00	5.1675e-09	4.3845e-01	5.6155e-01	1.0000e+00	4.6334e-08	9.1554e-20	3.1286e-12	4.1084e-04	9.8801e-01	1.1583e-02	1.1755e-36	4.9619e-01	5.0381e-01	6.2171e-11	1.1755e-36	1.1755e-36	1.1755e-36	1.0671e-18	0.00e+00	0.00e+00	1.9595e+01
3.45509e+19	5.6117e+03	1.647e-22	1.0000e+01	5.3799e+00	6.6248e-09	4.6279e-01	5.3721e-01	1.0000e+00	4.5088e-08	9.1244e-20	3.5344e-12	3.9536e-04	9.8878e-01	1.0825e-02	1.1755e-36	5.2101e-01	4.7899e-01	5.4693e-11	1.1755e-36	1.1755e-36	1.1755e-36	1.3124e-18	0.00e+00	0.00e+00	2.0037e+01
3.45652e+19	5.4905e+03	1.547e-22	1.0000e+01	5.1548e+00	8.3665e-09	4.8530e-01	5.1470e-01	1.0000e+00	4.4096e-08	9.1343e-20	3.9469e-12	3.8087e-04	9.8945e-01	1.0169e-02	1.1755e-36	5.4374e-01	4.5626e-01	4.8678e-11	1.1755e-36	1.1755e-36	1.1755e-36	1.5925e-18	0.00e+00	0.00e+00	2.0449e+01
3.45781e+19	5.3690e+03	1.455e-22	1.0000e+01	4.9436e+00	1.0474e-08	5.0641e-01	4.9359e-01	1.0000e+00	4.3241e-08	9.1615e-20	4.3754e-12	3.6726e-04	9.9005e-01	9.5872e-03	1.1755e-36	5.6486e-01	4.3514e-01	4.3707e-11	1.1755e-36	1.1755e-36	1.1755e-36	1.9198e-18	0.00e+00	0.00e+00	2.0843e+01
3.45873e+19	5.2819e+03	1.392e-22	1.0000e+01	4.7947e+00	1.2271e-08	5.2131e-01	4.7869e-01	1.0000e+00	4.2628e-08	9.1860e-20	4.7059e-12	3.5760e-04	9.9043e-01	9.2089e-03	1.1755e-36	5.7963e-01	4.2037e-01	4.0575e-11	1.1755e-36	1.1755e-36	1.1755e-36	2.1995e-18	0.00e+00	0.00e+00	2.1044e+01
3.45925e+19	5.2357e+03	1.356e-22	1.0000e+01	4.7054e+00	1.3354e-08	5.2948e-01	4.7052e-01	1.0000e+00	4.2544e-08	9.2724e-20	4.8912e-12	3.5168e-04	9.9064e-01	9.0046e-03	1.1755e-36	5.8770e-01	4.1230e-01	3.8911e-11	1.1755e-36	1.1755e-36	1.1755e-36	2.3668e-18	0.00e+00	0.00e+00	2.1184e+01
3.45971e+19	5.1748e+03	1.323e-22	1.0000e+01	4.6265e+00	1.4783e-08	5.3817e-01	4.6183e-01	1.0000e+00	4.2237e-08	9.2746e-20	5.1193e-12	3.4675e-04	9.9087e-01	8.7812e-03	1.1755e-36	5.9626e-01	4.0374e-01	3.7280e-11	1.1755e-36	1.1755e-36	1.1755e-36	2.5863e-18	0.00e+00	0.00e+00	2.1359e+01
3.46024e+19	5.1188e+03	1.284e-22	1.0000e+01	4.5336e+00	1.6293e-08	5.4714e-01	4.5286e-01	1.0000e+00	4.1916e-08	9.3082e-20	5.3530e-12	3.4068e-04	9.9110e-01	8.5596e-03	1.1755e-36	6.0506e-01	3.9494e-01	3.5616e-11	1.1755e-36	1.1755e-36	1.1755e-36	2.8229e-18	0.00e+00	0.00e+00	2.1543e+01
3.46079e+19	5.0495e+03	1.245e-22	1.0000e+01	4.4364e+00	1.8271e-08	5.5717e-01	4.4283e-01	1.0000e+00	4.1561e-08	9.3289e-20	5.6419e-12	3.3445e-04	9.9135e-01	8.3160e-03	1.1755e-36	6.1485e-01	3.8515e-01	3.3881e-11	1.1755e-36	1.1755e-36	1.1755e-36	3.1357e-18	0.00e+00	0.00e+00	2.1746e+01
3.46134e+19	4.9811e+03	1.206e-22	1.0000e+01	4.3382e+00	2.0423e-08	5.6700e-01	4.3300e-01	1.0000e+00	4.1224e-08	9.3601e-20	5.9315e-12	3.2812e-04	9.9159e-01	8.0821e-03	1.1755e-36	6.2442e-01	3.7558e-01	3.2258e-11	1.1755e-36	1.1755e-36	1.1755e-36	3.4672e-18	0.00e+00	0.00e+00	2.1936e+01
3.46186e+19	4.9128e+03	1.169e-22	1.0000e+01	4.2446e+00	2.2724e-08	5.7634e-01	4.2366e-01	1.0000e+00	4.0935e-08	9.3967e-20	6.1909e-12	3.2211e-04	9.9182e-01	7.8575e-03	1.1755e-36	6.3346e-01	3.6654e-01	3.0795e-11	1.1755e-36	1.1755e-36	1.1755e-36	3.7739e-18	0.00e+00	0.00e+00	2.2120e+01
3.46236e+19	4.8441e+03	1.134e-22	1.0000e+01	4.1532e+00	2.5234e-08	5.8548e-01	4.1452e-01	1.0000e+00	4.0655e-08	9.4336e-20	6.4543e-12	3.1626e-04	9.9204e-01	7.6406e-03	1.1755e-36	6.4229e-01	3.5771e-01	2.9424e-11	1.1755e-36	1.1755e-36	1.1755e-36	4.1028e-18	0.00e+00	0.00e+00	2.2304e+01
3.46286e+19	4.7733e+03	1.099e-22	1.0000e+01	4.0615e+00	2.8032e-08	5.9469e-01	4.0531e-01	1.0000e+00	4.0377e-08	9.4718e-20	6.7279e-12	3.1039e-04	9.9226e-01	7.4259e-03	1.1755e-36	6.5114e-01	3.4886e-01	2.8106e-11	1.1755e-36	1.1755e-36	1.1755e-36	4.4633e-18	0.00e+00	0.00e+00	2.2492e+01
3.46336e+19	4.6965e+03	1.064e-22	1.0000e+01	3.9679e+00	3.1261e-08	6.0407e-01	3.9593e-01	1.0000e+00	4.0090e-08	9.5080e-20	7.0152e-12	3.0446e-04	9.9248e-01	7.2113e-03	1.1755e-36	6.6012e-01	3.3988e-01	2.6834e-11	1.1755e-36	1.1755e-36	1.1755e-36	4.8637e-18	0.00e+00	0.00e+00	2.2683e+01
3.46386e+19	4.6214e+03	1.030e-22	1.0000e+01	3.8761e+00	3.4676e-08	6.1325e-01	3.8675e-01	1.0000e+00	3.9819e-08	9.5494e-20	7.3015e-12	2.9864e-04	9.9270e-01	7.0043e-03	1.1755e-36	6.6889e-01	3.3111e-01	2.5631e-11	1.1755e-36	1.1755e-36	1.1755e-36	5.2828e-18	0.00e+00	0.00e+00	2.2871e+01
3.46435e+19	4.5437e+03	9.969e-23	1.0000e+01	3.7844e+00	3.8423e-08	6.2247e-01	3.7753e-01	1.0000e+00	3.9558e-08	9.5929e-20	7.5937e-12	2.9285e-04	9.9291e-01	6.7995e-03	1.1755e-36	6.7767e-01	3.2233e-01	2.4476e-11	1.1755e-36	1.1755e-36	1.1755e-36	5.7315e-18	0.00e+00	0.00e+00	2.3065e+01
3.46485e+19	4.4615e+03	9.631e-23	1.0000e+01	3.6904e+00	4.2592e-08	6.3196e-01	3.6804e-01	1.0000e+00	3.9287e-08	9.6369e-20	7.8952e-12	2.8695e-04	9.9312e-01	6.5922e-03	1.1755e-36	6.8665e-01	3.1335e-01	2.3340e-11	1.1755e-36	1.1755e-36	1.1755e-36	6.2157e-18	0.00e+00	0.00e+00	2.3267e+01
3.46536e+19	4.3799e+03	9.284e-23	1.0000e+01	3.5915e+00	4.6889e-08	6.4133e-01	3.5867e-01	1.0000e+00	3.9072e-08	9.7129e-20	8.1791e-12	2.8064e-04	9.9333e-01	6.3917e-03	1.1755e-36	6.9550e-01	3.0450e-01	2.2249e-11	1.1755e-36	1.1755e-36	1.1755e-36	6.6894e-18	0.00e+00	0.00e+00	2.3476e+01
3.46590e+19	4.2831e+03	8.928e-23	1.0000e+01	3.4896e+00	5.2104e-08	6.5184e-01	3.4816e-01	1.0000e+00	3.8769e-08	9.7567e-20	8.5026e-12	2.7438e-04	9.9356e-01	6.1688e-03	1.1755e-36	7.0537e-01	2.9463e-01	2.1100e-11	1.1755e-36	1.1755e-36	1.1755e-36	7.2454e-18	0.00e+00	0.00e+00	2.3708e+01
3.46646e+19	4.1848e+03	8.560e-23	1.0000e+01	3.3823e+00	5.7421e-08	6.6244e-01	3.3756e-01	1.0000e+00	3.8488e-08	9.8239e-20	8.8015e-12	2.6772e-04	9.9378e-01	5.9494e-03	1.1755e-36	7.1529e-01	2.8471e-01	1.9983e-11	1.1755e-36	1.1755e-36	1.1755e-36	7.7680e-18	0.00e+00	0.00e+00	2.3944e+01
3.46705e+19	4.0715e+03	8.186e-23	1.0000e+01	3.2697e+00	6.3320e-08	6.7381e-01	3.2619e-01	1.0000e+00	3.8161e-08	9.8769e-20	9.0937e-12	2.6094e-04	9.9402e-01	5.7173e-03	1.1755e-36	7.2590e-01	2.7410e-01	1.8853e-11	1.1755e-36	1.1755e-36	1.1755e-36	8.2749e-18	0.00e+00	0.00e+00	2.4202e+01
3.46766e+19	3.9545e+03	7.806e-23	1.0000e+01	3.1537e+00	6.9023e-08	6.8542e-01	3.1458e-01	1.0000e+00	3.7790e-08	9.9288e-20	9.3437e-12	2.5400e-04	9.9426e-01	5.4858e-03	1.1755e-36	7.3667e-01	2.6333e-01	1.7748e-11	1.1755e-36	1.1755e-36	1.1755e-36	8.6817e-18	0.00e+00	0.00e+00	2.4466e+01
