#depth	Te	Htot	hden	eden	2H_2/H	HI	HII	HeI	HeII	HeIII	CO/C	C1	C2	C3	C4	O1	O2	O3	O4	O5	O6	H2O/O	AV(point)	AV(extend)	Tau912
5.69857e+14	6.8252e+03	3.828e-22	1.0000e+01	1.0882e+01	1.8637e-14	1.4207e-03	9.9858e-01	4.2423e-03	9.6367e-01	3.2091e-02	4.9105e-19	3.2171e-05	7.4745e-02	9.1550e-01	9.7238e-03	1.6601e-04	1.4214e-01	8.4565e-01	1.2042e-02	1.5844e-07	1.1755e-36	5.5700e-27	0.00e+00	0.00e+00	1.0222e-04
3.41914e+15	6.8236e+03	3.828e-22	1.0000e+01	1.0881e+01	1.8651e-14	1.4204e-03	9.9858e-01	4.2424e-03	9.6369e-01	3.2070e-02	4.9047e-19	3.2145e-05	7.4742e-02	9.1547e-01	9.7489e-03	1.6589e-04	1.4207e-01	8.4576e-01	1.2002e-02	1.5766e-07	1.1755e-36	5.5614e-27	0.00e+00	0.00e+00	5.1100e-04
1.48163e+16	6.8202e+03	3.825e-22	1.0000e+01	1.0881e+01	1.8685e-14	1.4200e-03	9.9858e-01	4.2444e-03	9.6387e-01	3.1883e-02	4.9011e-19	3.2111e-05	7.4762e-02	9.1546e-01	9.7388e-03	1.6585e-04	1.4206e-01	8.4593e-01	1.1834e-02	1.5445e-07	1.1755e-36	5.5528e-27	0.00e+00	0.00e+00	2.1457e-03
6.04048e+16	6.8091e+03	3.818e-22	1.0000e+01	1.0880e+01	1.8827e-14	1.4197e-03	9.9858e-01	4.2549e-03	9.6487e-01	3.0879e-02	4.9081e-19	3.2087e-05	7.4868e-02	9.1544e-01	9.6556e-03	1.6612e-04	1.4224e-01	8.4641e-01	1.1186e-02	1.4227e-07	1.1755e-36	5.5471e-27	0.00e+00	0.00e+00	8.6831e-03
1.44288e+17	6.7778e+03	3.791e-22	1.0000e+01	1.0879e+01	1.8966e-14	1.4114e-03	9.9859e-01	4.2617e-03	9.6542e-01	3.0315e-02	4.8147e-19	3.1904e-05	7.4956e-02	9.1543e-01	9.5834e-03	1.6469e-04	1.4169e-01	8.4783e-01	1.0319e-02	1.2583e-07	1.1755e-36	5.3711e-27	0.00e+00	0.00e+00	1.7132e-02
2.53336e+17	6.7412e+03	3.764e-22	1.0000e+01	1.0878e+01	1.9222e-14	1.4041e-03	9.9860e-01	4.2775e-03	9.6704e-01	2.8687e-02	4.7500e-19	3.1813e-05	7.5120e-02	9.1542e-01	9.4266e-03	1.6391e-04	1.4156e-01	8.4902e-01	9.2550e-03	1.1755e-36	1.1755e-36	5.2314e-27	0.00e+00	0.00e+00	2.8058e-02
3.95098e+17	6.7009e+03	3.734e-22	1.0000e+01	1.0876e+01	1.9516e-14	1.3969e-03	9.9860e-01	4.3005e-03	9.6966e-01	2.6040e-02	4.6868e-19	3.1764e-05	7.5339e-02	9.1543e-01	9.1950e-03	1.6342e-04	1.4163e-01	8.5021e-01	8.0044e-03	1.1755e-36	1.1755e-36	5.0856e-27	0.00e+00	0.00e+00	4.2189e-02
5.79389e+17	6.6559e+03	3.699e-22	1.0000e+01	1.0873e+01	1.9906e-14	1.3899e-03	9.9861e-01	4.3322e-03	9.7327e-01	2.2397e-02	4.6388e-19	3.1759e-05	7.5635e-02	9.1544e-01	8.8889e-03	1.6340e-04	1.4201e-01	8.5122e-01	6.5983e-03	1.1755e-36	1.1755e-36	4.9562e-27	0.00e+00	0.00e+00	6.0468e-02
8.18967e+17	6.6050e+03	3.661e-22	1.0000e+01	1.0869e+01	2.0387e-14	1.3835e-03	9.9862e-01	4.3736e-03	9.7768e-01	1.7945e-02	4.6057e-19	3.1814e-05	7.6039e-02	9.1541e-01	8.5187e-03	1.6410e-04	1.4289e-01	8.5184e-01	5.1068e-03	1.1755e-36	1.1755e-36	4.8307e-27	0.00e+00	0.00e+00	8.4122e-02
1.13042e+18	6.5474e+03	3.618e-22	1.0000e+01	1.0865e+01	2.0954e-14	1.3786e-03	9.9862e-01	4.4254e-03	9.8246e-01	1.3113e-02	4.5874e-19	3.1952e-05	7.6591e-02	9.1527e-01	8.1085e-03	1.6583e-04	1.4441e-01	8.5179e-01	3.6416e-03	1.1755e-36	1.1755e-36	4.6962e-27	0.00e+00	0.00e+00	1.1476e-01
1.53531e+18	6.4827e+03	3.571e-22	1.0000e+01	1.0861e+01	2.1793e-14	1.3760e-03	9.9862e-01	4.4878e-03	9.8699e-01	8.5248e-03	4.6241e-19	3.2206e-05	7.7336e-02	9.1494e-01	7.6928e-03	1.6885e-04	1.4665e-01	8.5085e-01	2.3389e-03	1.1755e-36	1.1755e-36	4.6226e-27	0.00e+00	0.00e+00	1.5452e-01
2.06166e+18	6.4109e+03	3.522e-22	1.0000e+01	1.0858e+01	2.2868e-14	1.3773e-03	9.9862e-01	4.5617e-03	9.9064e-01	4.7965e-03	4.7024e-19	3.2618e-05	7.8328e-02	9.1434e-01	7.3040e-03	1.7337e-04	1.4959e-01	8.4892e-01	1.3184e-03	1.1755e-36	1.1755e-36	4.5691e-27	0.00e+00	0.00e+00	2.0625e-01
2.74592e+18	6.3334e+03	3.472e-22	1.0000e+01	1.0855e+01	2.4304e-14	1.3845e-03	9.9862e-01	4.6507e-03	9.9308e-01	2.2694e-03	4.8470e-19	3.3257e-05	7.9647e-02	9.1336e-01	6.9558e-03	1.7976e-04	1.5322e-01	8.4597e-01	6.3396e-04	1.1755e-36	1.1755e-36	4.5664e-27	0.00e+00	0.00e+00	2.7386e-01
3.63545e+18	6.2532e+03	3.422e-22	1.0000e+01	1.0853e+01	2.6172e-14	1.4008e-03	9.9860e-01	4.7621e-03	9.9436e-01	8.7784e-04	5.0783e-19	3.4222e-05	8.1401e-02	9.1193e-01	6.6377e-03	1.8865e-04	1.5758e-01	8.4198e-01	2.5291e-04	1.1755e-36	1.1755e-36	4.6260e-27	0.00e+00	0.00e+00	3.6278e-01
4.79185e+18	6.1759e+03	3.374e-22	1.0000e+01	1.0852e+01	2.8647e-14	1.4310e-03	9.9857e-01	4.9077e-03	9.9482e-01	2.7150e-04	5.4594e-19	3.5663e-05	8.3753e-02	9.0989e-01	6.3216e-03	2.0138e-04	1.6292e-01	8.3680e-01	8.1857e-05	1.1755e-36	1.1755e-36	4.8119e-27	0.00e+00	0.00e+00	4.8087e-01
6.29517e+18	6.1095e+03	3.331e-22	1.0000e+01	1.0852e+01	3.1969e-14	1.4831e-03	9.9852e-01	5.1076e-03	9.9483e-01	6.6837e-05	6.1062e-19	3.7830e-05	8.6974e-02	9.0701e-01	5.9761e-03	2.2041e-04	1.6981e-01	8.2995e-01	2.1351e-05	1.1755e-36	1.1755e-36	5.2298e-27	0.00e+00	0.00e+00	6.3998e-01
8.24948e+18	6.0728e+03	3.295e-22	1.0000e+01	1.0850e+01	3.6311e-14	1.5701e-03	9.9843e-01	5.3898e-03	9.9460e-01	1.3486e-05	7.2549e-19	4.1193e-05	9.1470e-02	9.0291e-01	5.5800e-03	2.5024e-04	1.7914e-01	8.2061e-01	4.5732e-06	1.1755e-36	1.1755e-36	6.1048e-27	0.00e+00	0.00e+00	8.5896e-01
1.07901e+19	6.0846e+03	3.276e-22	1.0000e+01	1.0848e+01	4.2392e-14	1.7183e-03	9.9828e-01	5.8121e-03	9.9419e-01	2.3632e-06	9.5097e-19	4.6601e-05	9.8049e-02	8.9679e-01	5.1107e-03	3.0037e-04	1.9242e-01	8.0728e-01	8.3272e-07	1.1755e-36	1.1755e-36	8.0341e-27	0.00e+00	0.00e+00	1.1705e+00
1.35776e+19	6.1534e+03	3.277e-22	1.0000e+01	1.0846e+01	4.9130e-14	1.9239e-03	9.9808e-01	6.3272e-03	9.9367e-01	4.6931e-07	1.3096e-18	5.3652e-05	1.0594e-01	8.8936e-01	4.6462e-03	3.7263e-04	2.0848e-01	7.9115e-01	1.6631e-07	1.1755e-36	1.1755e-36	1.1344e-26	0.00e+00	0.00e+00	1.4988e+00
1.59515e+19	6.2799e+03	3.303e-22	1.0000e+01	1.0843e+01	5.5025e-14	2.1581e-03	9.9784e-01	6.8496e-03	9.9315e-01	1.4658e-07	1.8123e-18	6.1269e-05	1.1370e-01	8.8196e-01	4.2812e-03	4.5878e-04	2.2439e-01	7.7515e-01	1.1755e-36	1.1755e-36	1.1755e-36	1.6521e-26	0.00e+00	0.00e+00	1.7773e+00
1.77470e+19	6.4102e+03	3.342e-22	1.0000e+01	1.0840e+01	6.0892e-14	2.3920e-03	9.9761e-01	7.3415e-03	9.9266e-01	6.7411e-08	2.4554e-18	6.8493e-05	1.2079e-01	8.7513e-01	4.0034e-03	5.5031e-04	2.3900e-01	7.6045e-01	1.1755e-36	1.1755e-36	1.1755e-36	2.3759e-26	0.00e+00	0.00e+00	2.0108e+00
1.91852e+19	6.5320e+03	3.382e-22	1.0000e+01	1.0837e+01	6.7044e-14	2.6267e-03	9.9737e-01	7.8162e-03	9.9218e-01	3.7850e-08	3.2659e-18	7.5624e-05	1.2761e-01	8.6855e-01	3.7700e-03	6.4893e-04	2.5313e-01	7.4622e-01	1.1755e-36	1.1755e-36	1.1755e-36	3.3438e-26	0.00e+00	0.00e+00	2.2314e+00
2.04805e+19	6.6525e+03	3.425e-22	1.0000e+01	1.0834e+01	7.4409e-14	2.8836e-03	9.9712e-01	8.3303e-03	9.9167e-01	2.3079e-08	4.3805e-18	8.3264e-05	1.3480e-01	8.6157e-01	3.5486e-03	7.6490e-04	2.6818e-01	7.3106e-01	1.1755e-36	1.1755e-36	1.1755e-36	4.7604e-26	0.00e+00	0.00e+00	2.4608e+00
2.17043e+19	6.7763e+03	3.473e-22	1.0000e+01	1.0831e+01	8.3242e-14	3.1761e-03	9.9682e-01	8.9025e-03	9.9110e-01	1.4794e-08	5.9564e-18	9.1721e-05	1.4265e-01	8.5393e-01	3.3303e-03	9.0685e-04	2.8483e-01	7.1426e-01	1.1755e-36	1.1755e-36	1.1755e-36	6.8870e-26	0.00e+00	0.00e+00	2.6989e+00
2.28325e+19	6.8998e+03	3.524e-22	1.0000e+01	1.0827e+01	9.3445e-14	3.5014e-03	9.9650e-01	9.5228e-03	9.9048e-01	1.0013e-08	8.1249e-18	1.0082e-04	1.5099e-01	8.4579e-01	3.1200e-03	1.0768e-03	3.0281e-01	6.9611e-01	1.1755e-36	1.1755e-36	1.1755e-36	9.9835e-26	0.00e+00	0.00e+00	2.9352e+00
2.38411e+19	7.0174e+03	3.575e-22	1.0000e+01	1.0823e+01	1.0527e-13	3.8511e-03	9.9615e-01	1.0177e-02	9.8982e-01	7.1604e-09	1.1041e-17	1.1028e-04	1.5958e-01	8.3738e-01	2.9222e-03	1.2732e-03	3.2157e-01	6.7715e-01	1.1755e-36	1.1755e-36	1.1755e-36	1.4410e-25	0.00e+00	0.00e+00	3.1658e+00
2.47454e+19	7.1277e+03	3.626e-22	1.0000e+01	1.0818e+01	1.1883e-13	4.2257e-03	9.9577e-01	1.0866e-02	9.8913e-01	5.3476e-09	1.4914e-17	1.2009e-04	1.6845e-01	8.2869e-01	2.7348e-03	1.4992e-03	3.4110e-01	6.5740e-01	1.1755e-36	1.1755e-36	1.1755e-36	2.0621e-25	0.00e+00	0.00e+00	3.3953e+00
2.55760e+19	7.2327e+03	3.676e-22	1.0000e+01	1.0813e+01	1.3471e-13	4.6343e-03	9.9537e-01	1.1608e-02	9.8839e-01	4.1162e-09	2.0141e-17	1.3046e-04	1.7778e-01	8.1954e-01	2.5536e-03	1.7634e-03	3.6174e-01	6.3649e-01	1.1755e-36	1.1755e-36	1.1755e-36	2.9455e-25	0.00e+00	0.00e+00	3.6296e+00
2.63514e+19	7.3338e+03	3.726e-22	1.0000e+01	1.0808e+01	1.5366e-13	5.0867e-03	9.9491e-01	1.2417e-02	9.8758e-01	3.2425e-09	2.7306e-17	1.4153e-04	1.8771e-01	8.0977e-01	2.3763e-03	2.0761e-03	3.8379e-01	6.1414e-01	1.1755e-36	1.1755e-36	1.1755e-36	4.2239e-25	0.00e+00	0.00e+00	3.8704e+00
2.70749e+19	7.4306e+03	3.777e-22	1.0000e+01	1.0802e+01	1.7618e-13	5.5881e-03	9.9441e-01	1.3300e-02	9.8670e-01	2.6084e-09	3.7099e-17	1.5333e-04	1.9827e-01	7.9937e-01	2.2032e-03	2.4458e-03	4.0721e-01	5.9035e-01	1.1755e-36	1.1755e-36	1.1755e-36	6.0644e-25	0.00e+00	0.00e+00	4.1163e+00
2.77458e+19	7.5223e+03	3.827e-22	1.0000e+01	1.0795e+01	2.0307e-13	6.1403e-03	9.9386e-01	1.4259e-02	9.8574e-01	2.1403e-09	5.0449e-17	1.6581e-04	2.0942e-01	7.8838e-01	2.0359e-03	2.8793e-03	4.3179e-01	5.6533e-01	1.1755e-36	1.1755e-36	1.1755e-36	8.7130e-25	0.00e+00	0.00e+00	4.3662e+00
2.83680e+19	7.6095e+03	3.876e-22	1.0000e+01	1.0789e+01	2.3505e-13	6.7480e-03	9.9325e-01	1.5294e-02	9.8471e-01	1.7873e-09	6.8598e-17	1.7902e-04	2.2116e-01	7.7678e-01	1.8748e-03	3.3856e-03	4.5741e-01	5.3921e-01	1.1755e-36	1.1755e-36	1.1755e-36	1.2516e-24	0.00e+00	0.00e+00	4.6217e+00
2.89490e+19	7.6938e+03	3.923e-22	1.0000e+01	1.0783e+01	2.7349e-13	7.4197e-03	9.9258e-01	1.6415e-02	9.8358e-01	1.5143e-09	9.3475e-17	1.9288e-04	2.3352e-01	7.6457e-01	1.7197e-03	3.9778e-03	4.8408e-01	5.1195e-01	1.1755e-36	1.1755e-36	1.1755e-36	1.8051e-24	0.00e+00	0.00e+00	4.8852e+00
2.94954e+19	7.7640e+03	3.973e-22	1.0000e+01	1.0773e+01	3.2122e-13	8.1797e-03	9.9182e-01	1.7688e-02	9.8231e-01	1.2968e-09	1.2756e-16	2.0795e-04	2.4697e-01	7.5126e-01	1.5674e-03	4.6821e-03	5.1199e-01	4.8333e-01	1.1755e-36	1.1755e-36	1.1755e-36	2.5921e-24	0.00e+00	0.00e+00	5.1591e+00
3.00099e+19	7.8300e+03	4.023e-22	1.0000e+01	1.0763e+01	3.8062e-13	9.0345e-03	9.9097e-01	1.9096e-02	9.8090e-01	1.1225e-09	1.7508e-16	2.2397e-04	2.6128e-01	7.3708e-01	1.4206e-03	5.5142e-03	5.4092e-01	4.5357e-01	1.1755e-36	1.1755e-36	1.1755e-36	3.7562e-24	0.00e+00	0.00e+00	5.4435e+00
3.04936e+19	7.8981e+03	4.069e-22	1.0000e+01	1.0751e+01	4.5154e-13	9.9910e-03	9.9001e-01	2.0656e-02	9.7934e-01	9.8177e-10	2.4041e-16	2.4080e-04	2.7644e-01	7.2204e-01	1.2809e-03	6.4901e-03	5.7052e-01	4.2299e-01	1.1755e-36	1.1755e-36	1.1755e-36	5.4476e-24	0.00e+00	0.00e+00	5.7391e+00
3.09489e+19	7.9495e+03	4.119e-22	1.0000e+01	1.0739e+01	5.4544e-13	1.1088e-02	9.8891e-01	2.2401e-02	9.7760e-01	8.6559e-10	3.3300e-16	2.5919e-04	2.9281e-01	7.0579e-01	1.1456e-03	7.6527e-03	6.0080e-01	3.9155e-01	1.1755e-36	1.1755e-36	1.1755e-36	7.9894e-24	0.00e+00	0.00e+00	6.0484e+00
3.13790e+19	8.0139e+03	4.162e-22	1.0000e+01	1.0728e+01	6.5803e-13	1.2323e-02	9.8768e-01	2.4318e-02	9.7568e-01	7.7034e-10	4.6295e-16	2.7841e-04	3.1003e-01	6.8867e-01	1.0187e-03	9.0152e-03	6.3131e-01	3.5967e-01	1.1755e-36	1.1755e-36	1.1755e-36	1.1830e-23	0.00e+00	0.00e+00	6.3741e+00
3.17871e+19	8.0550e+03	4.209e-22	1.0000e+01	1.0708e+01	8.0681e-13	1.3770e-02	9.8623e-01	2.6564e-02	9.7344e-01	6.8847e-10	6.4553e-16	2.9927e-04	3.2898e-01	6.6983e-01	8.9613e-04	1.0657e-02	6.6210e-01	3.2724e-01	1.1755e-36	1.1755e-36	1.1755e-36	1.7435e-23	0.00e+00	0.00e+00	6.7197e+00
3.21424e+19	8.0924e+03	4.254e-22	1.0000e+01	1.0692e+01	9.8592e-13	1.5313e-02	9.8469e-01	2.8863e-02	9.7114e-01	6.2664e-10	8.8630e-16	3.1983e-04	3.4745e-01	6.5144e-01	7.9028e-04	1.2454e-02	6.9022e-01	2.9732e-01	1.1755e-36	1.1755e-36	1.1755e-36	2.5422e-23	0.00e+00	0.00e+00	7.0224e+00
3.24349e+19	8.1191e+03	4.291e-22	1.0000e+01	1.0674e+01	1.1836e-12	1.6845e-02	9.8316e-01	3.1115e-02	9.6889e-01	5.7908e-10	1.1725e-15	3.3873e-04	3.6457e-01	6.3439e-01	7.0312e-04	1.4274e-02	7.1419e-01	2.7153e-01	1.1755e-36	1.1755e-36	1.1755e-36	3.5468e-23	0.00e+00	0.00e+00	7.3116e+00
3.27477e+19	8.1384e+03	4.331e-22	1.0000e+01	1.0653e+01	1.4716e-12	1.8800e-02	9.8120e-01	3.3993e-02	9.6601e-01	5.2892e-10	1.6163e-15	3.6153e-04	3.8527e-01	6.1376e-01	6.1014e-04	1.6641e-02	7.4023e-01	2.4313e-01	1.1755e-36	1.1755e-36	1.1755e-36	5.1992e-23	0.00e+00	0.00e+00	7.7312e+00
3.30887e+19	8.1527e+03	4.383e-22	1.0000e+01	1.0631e+01	1.9318e-12	2.1479e-02	9.7852e-01	3.7732e-02	9.6227e-01	4.8141e-10	2.3722e-15	3.8949e-04	4.1037e-01	5.8873e-01	5.1242e-04	1.9924e-02	7.6868e-01	2.1140e-01	1.1755e-36	1.1755e-36	1.1755e-36	8.2852e-23	0.00e+00	0.00e+00	8.1768e+00
3.33875e+19	8.1606e+03	4.430e-22	1.0000e+01	1.0600e+01	2.5258e-12	2.4513e-02	9.7549e-01	4.1797e-02	9.5820e-01	4.4380e-10	3.4229e-15	4.1707e-04	4.3559e-01	5.6357e-01	4.2907e-04	2.3681e-02	7.9348e-01	1.8284e-01	1.1755e-36	1.1755e-36	1.1755e-36	1.2928e-22	0.00e+00	0.00e+00	8.5933e+00
3.36451e+19	8.1641e+03	4.465e-22	1.0000e+01	1.0556e+01	3.2564e-12	2.7798e-02	9.7220e-01	4.6124e-02	9.5388e-01	4.1285e-10	4.8021e-15	4.4294e-04	4.6012e-01	5.3908e-01	3.6013e-04	2.7783e-02	8.1405e-01	1.5817e-01	1.1755e-36	1.1755e-36	1.1755e-36	1.9478e-22	0.00e+00	0.00e+00	9.0253e+00
3.39282e+19	8.1510e+03	4.505e-22	1.0000e+01	1.0506e+01	4.4950e-12	3.2368e-02	9.6763e-01	5.2057e-02	9.4794e-01	3.7884e-10	7.2413e-15	4.7567e-04	4.9077e-01	5.0847e-01	2.8819e-04	3.3519e-02	8.3486e-01	1.3162e-01	1.1755e-36	1.1755e-36	1.1755e-36	3.2260e-22	0.00e+00	0.00e+00	9.6793e+00
3.42396e+19	8.1396e+03	4.542e-22	1.0000e+01	1.0421e+01	6.7233e-12	3.9222e-02	9.6078e-01	6.0418e-02	9.3958e-01	3.4528e-10	1.1942e-14	5.1410e-04	5.2841e-01	4.7085e-01	2.1647e-04	4.2127e-02	8.5451e-01	1.0336e-01	1.1755e-36	1.1755e-36	1.1755e-36	6.0199e-22	0.00e+00	0.00e+00	1.0429e+01
3.44803e+19	8.1148e+03	4.580e-22	1.0000e+01	1.0334e+01	9.9461e-12	4.7112e-02	9.5289e-01	6.9019e-02	9.3098e-01	3.2237e-10	1.8968e-14	5.4815e-04	5.6244e-01	4.3685e-01	1.6456e-04	5.1985e-02	8.6636e-01	8.1659e-02	1.1755e-36	1.1755e-36	1.1755e-36	1.0846e-21	0.00e+00	0.00e+00	1.0960e+01
3.46270e+19	8.0862e+03	4.605e-22	1.0000e+01	1.0271e+01	1.3195e-11	5.3623e-02	9.4638e-01	7.5642e-02	9.2436e-01	3.0877e-10	2.6172e-14	5.7149e-04	5.8614e-01	4.1315e-01	1.3490e-04	6.0087e-02	8.7107e-01	6.8844e-02	1.1755e-36	1.1755e-36	1.1755e-36	1.6402e-21	0.00e+00	0.00e+00	1.1349e+01
3.47389e+19	8.0689e+03	4.609e-22	1.0000e+01	1.0206e+01	1.6509e-11	5.9465e-02	9.4053e-01	8.1539e-02	9.1846e-01	2.9812e-10	3.3786e-14	5.8919e-04	6.0529e-01	3.9401e-01	1.1437e-04	6.7345e-02	8.7291e-01	5.9742e-02	1.1755e-36	1.1755e-36	1.1755e-36	2.2813e-21	0.00e+00	0.00e+00	1.1758e+01
3.48642e+19	8.0372e+03	4.609e-22	1.0000e+01	1.0126e+01	2.1703e-11	6.7280e-02	9.3272e-01	8.9325e-02	9.1068e-01	2.8550e-10	4.5757e-14	6.1031e-04	6.2839e-01	3.7091e-01	9.3248e-05	7.7017e-02	8.7275e-01	5.0228e-02	1.1755e-36	1.1755e-36	1.1755e-36	3.3790e-21	0.00e+00	0.00e+00	1.2360e+01
3.50026e+19	8.0014e+03	4.611e-22	1.0000e+01	1.0037e+01	3.0588e-11	7.8576e-02	9.2142e-01	9.9581e-02	9.0042e-01	2.7227e-10	6.6772e-14	6.3533e-04	6.5574e-01	3.4356e-01	7.2147e-05	9.0896e-02	8.6882e-01	4.0282e-02	1.1755e-36	1.1755e-36	1.1755e-36	5.5692e-21	0.00e+00	0.00e+00	1.3031e+01
3.51212e+19	7.9905e+03	4.568e-22	1.0000e+01	9.8709e+00	4.1686e-11	9.0889e-02	9.0911e-01	1.0974e-01	8.9026e-01	2.6298e-10	9.3804e-14	6.4996e-04	6.7936e-01	3.1993e-01	5.6650e-05	1.0593e-01	8.6159e-01	3.2484e-02	1.1755e-36	1.1755e-36	1.1755e-36	8.7571e-21	0.00e+00	0.00e+00	1.3616e+01
3.52144e+19	7.9558e+03	4.539e-22	1.0000e+01	9.7431e+00	5.5839e-11	1.0357e-01	8.9643e-01	1.1965e-01	8.8035e-01	2.5475e-10	1.2749e-13	6.6404e-04	7.0014e-01	2.9915e-01	4.5410e-05	1.2129e-01	8.5197e-01	2.6737e-02	1.1755e-36	1.1755e-36	1.1755e-36	1.3227e-20	0.00e+00	0.00e+00	1.4168e+01
3.52957e+19	7.9378e+03	4.485e-22	1.0000e+01	9.5917e+00	7.2665e-11	1.1679e-01	8.8321e-01	1.2946e-01	8.7054e-01	2.4814e-10	1.6855e-13	6.7316e-04	7.1859e-01	2.8070e-01	3.6879e-05	1.3718e-01	8.4062e-01	2.2199e-02	1.1755e-36	1.1755e-36	1.1755e-36	1.9323e-20	0.00e+00	0.00e+00	1.4744e+01
3.53855e+19	7.9022e+03	4.404e-22	1.0000e+01	9.3970e+00	9.9827e-11	1.3440e-01	8.6560e-01	1.4233e-01	8.5767e-01	2.4004e-10	2.3355e-13	6.8206e-04	7.4017e-01	2.5912e-01	2.8635e-05	1.5819e-01	8.2408e-01	1.7732e-02	1.1755e-36	1.1755e-36	1.1755e-36	3.0115e-20	0.00e+00	0.00e+00	1.5606e+01
3.54776e+19	7.8646e+03	4.310e-22	1.0000e+01	9.1757e+00	1.4525e-10	1.5883e-01	8.4117e-01	1.5757e-01	8.4243e-01	2.3324e-10	3.4325e-13	6.8925e-04	7.6318e-01	2.3611e-01	2.1296e-05	1.8696e-01	7.9951e-01	1.3528e-02	1.1755e-36	1.1755e-36	1.1755e-36	5.1410e-20	0.00e+00	0.00e+00	1.6436e+01
3.55476e+19	7.8546e+03	4.182e-22	1.0000e+01	8.9073e+00	1.9607e-10	1.8202e-01	8.1798e-01	1.7043e-01	8.2957e-01	2.2998e-10	4.6703e-13	6.8566e-04	7.8021e-01	2.1909e-01	1.6700e-05	2.1393e-01	7.7534e-01	1.0725e-02	1.1755e-36	1.1755e-36	1.1755e-36	7.9288e-20	0.00e+00	0.00e+00	1.7092e+01
3.56009e+19	7.8149e+03	4.078e-22	1.0000e+01	8.6931e+00	2.5565e-10	2.0367e-01	7.9633e-01	1.8219e-01	8.1781e-01	2.2660e-10	6.0358e-13	6.8308e-04	7.9430e-01	2.0500e-01	1.3579e-05	2.3884e-01	7.5234e-01	8.8176e-03	1.1755e-36	1.1755e-36	1.1755e-36	1.1376e-19	0.00e+00	0.00e+00	1.7730e+01
3.56579e+19	7.7780e+03	3.929e-22	1.0000e+01	8.4280e+00	3.3961e-10	2.2966e-01	7.7034e-01	1.9619e-01	8.0381e-01	2.2338e-10	7.9460e-13	6.7667e-04	8.0953e-01	1.8978e-01	1.0760e-05	2.6839e-01	7.2455e-01	7.0632e-03	1.1755e-36	1.1755e-36	1.1755e-36	1.6787e-19	0.00e+00	0.00e+00	1.8665e+01
3.57196e+19	7.7393e+03	3.727e-22	1.0000e+01	8.0501e+00	4.7208e-10	2.6318e-01	7.3682e-01	2.1192e-01	7.8808e-01	2.2191e-10	1.0838e-12	6.6049e-04	8.2486e-01	1.7447e-01	8.2851e-06	3.0594e-01	6.8863e-01	5.4317e-03	1.1755e-36	1.1755e-36	1.1755e-36	2.6239e-19	0.00e+00	0.00e+00	1.9644e+01
3.57729e+19	7.7064e+03	3.524e-22	1.0000e+01	7.6839e+00	6.4144e-10	2.9821e-01	7.0179e-01	2.2681e-01	7.7319e-01	2.2212e-10	1.4476e-12	6.4190e-04	8.3820e-01	1.6115e-01	6.4917e-06	3.4450e-01	6.5129e-01	4.2152e-03	1.1755e-36	1.1755e-36	1.1755e-36	4.0102e-19	0.00e+00	0.00e+00	2.0538e+01
3.58165e+19	7.6619e+03	3.336e-22	1.0000e+01	7.3459e+00	8.4115e-10	3.3118e-01	6.6882e-01	2.4030e-01	7.5970e-01	2.2287e-10	1.8490e-12	6.2314e-04	8.4920e-01	1.5018e-01	5.2544e-06	3.8023e-01	6.1641e-01	3.3667e-03	1.1755e-36	1.1755e-36	1.1755e-36	5.7518e-19	0.00e+00	0.00e+00	2.1372e+01
3.58538e+19	7.6133e+03	3.162e-22	1.0000e+01	7.0417e+00	1.0720e-09	3.6250e-01	6.3750e-01	2.5274e-01	7.4726e-01	2.2407e-10	2.2900e-12	6.0524e-04	8.5864e-01	1.4075e-01	4.3511e-06	4.1365e-01	5.8361e-01	2.7447e-03	1.1755e-36	1.1755e-36	1.1755e-36	7.9043e-19	0.00e+00	0.00e+00	2.2165e+01
3.58872e+19	7.5711e+03	2.987e-22	1.0000e+01	6.7347e+00	1.3265e-09	3.9188e-01	6.0812e-01	2.6413e-01	7.3587e-01	2.2609e-10	2.7492e-12	5.8556e-04	8.6668e-01	1.3274e-01	3.6737e-06	4.4457e-01	5.5316e-01	2.2727e-03	1.1755e-36	1.1755e-36	1.1755e-36	1.0378e-18	0.00e+00	0.00e+00	2.2959e+01
3.59173e+19	7.5370e+03	2.819e-22	1.0000e+01	6.4319e+00	1.5983e-09	4.1930e-01	5.8070e-01	2.7437e-01	7.2563e-01	2.2902e-10	3.2159e-12	5.6436e-04	8.7347e-01	1.2597e-01	3.1580e-06	4.7304e-01	5.2505e-01	1.9084e-03	1.1755e-36	1.1755e-36	1.1755e-36	1.3123e-18	0.00e+00	0.00e+00	2.3704e+01
3.59433e+19	7.4879e+03	2.674e-22	1.0000e+01	6.1737e+00	1.9045e-09	4.4473e-01	5.5527e-01	2.8380e-01	7.1620e-01	2.3183e-10	3.6984e-12	5.4644e-04	8.7950e-01	1.1995e-01	2.7570e-06	4.9913e-01	4.9924e-01	1.6301e-03	1.1755e-36	1.1755e-36	1.1755e-36	1.6196e-18	0.00e+00	0.00e+00	2.4376e+01
3.59667e+19	7.4415e+03	2.542e-22	1.0000e+01	5.9408e+00	2.2265e-09	4.6809e-01	5.3191e-01	2.9280e-01	7.0720e-01	2.3452e-10	4.1820e-12	5.2995e-04	8.8494e-01	1.1453e-01	2.4347e-06	5.2283e-01	4.7576e-01	1.4099e-03	1.1755e-36	1.1755e-36	1.1755e-36	1.9501e-18	0.00e+00	0.00e+00	2.5052e+01
3.59898e+19	7.3934e+03	2.408e-22	1.0000e+01	5.7022e+00	2.5934e-09	4.9123e-01	5.0877e-01	3.0188e-01	6.9812e-01	2.3745e-10	4.6961e-12	5.1270e-04	8.9014e-01	1.0934e-01	2.1539e-06	5.4606e-01	4.5272e-01	1.2195e-03	1.1755e-36	1.1755e-36	1.1755e-36	2.3244e-18	0.00e+00	0.00e+00	2.5777e+01
3.60127e+19	7.3414e+03	2.276e-22	1.0000e+01	5.4630e+00	3.0168e-09	5.1437e-01	4.8563e-01	3.1095e-01	6.8905e-01	2.4086e-10	5.2470e-12	4.9487e-04	8.9511e-01	1.0439e-01	1.9087e-06	5.6906e-01	4.2989e-01	1.0541e-03	1.1755e-36	1.1755e-36	1.1755e-36	2.7520e-18	0.00e+00	0.00e+00	2.6501e+01
3.60340e+19	7.2904e+03	2.153e-22	1.0000e+01	5.2373e+00	3.4696e-09	5.3597e-01	4.6403e-01	3.1950e-01	6.8050e-01	2.4453e-10	5.7947e-12	4.7765e-04	8.9961e-01	9.9910e-02	1.7056e-06	5.9030e-01	4.0878e-01	9.1854e-04	1.1755e-36	1.1755e-36	1.1755e-36	3.2031e-18	0.00e+00	0.00e+00	2.7191e+01
3.60504e+19	7.2641e+03	2.060e-22	1.0000e+01	5.0603e+00	3.8136e-09	5.5182e-01	4.4818e-01	3.2526e-01	6.7474e-01	2.4852e-10	6.2045e-12	4.6342e-04	9.0263e-01	9.6904e-02	1.5740e-06	6.0574e-01	3.9343e-01	8.2821e-04	1.1755e-36	1.1755e-36	1.1755e-36	3.5591e-18	0.00e+00	0.00e+00	2.7619e+01
3.60615e+19	7.2299e+03	2.000e-22	1.0000e+01	4.9490e+00	4.1083e-09	5.6286e-01	4.3714e-01	3.3003e-01	6.6997e-01	2.5044e-10	6.5158e-12	4.5494e-04	9.0495e-01	9.4596e-02	1.4845e-06	6.1646e-01	3.8277e-01	7.7092e-04	1.1755e-36	1.1755e-36	1.1755e-36	3.8370e-18	0.00e+00	0.00e+00	2.7972e+01
3.60721e+19	7.1868e+03	1.943e-22	1.0000e+01	4.8459e+00	4.4457e-09	5.7368e-01	4.2632e-01	3.3525e-01	6.6475e-01	2.5152e-10	6.8445e-12	4.4732e-04	9.0734e-01	9.2210e-02	1.3988e-06	6.2691e-01	3.7237e-01	7.1853e-04	1.1755e-36	1.1755e-36	1.1755e-36	4.1388e-18	0.00e+00	0.00e+00	2.8383e+01
3.60843e+19	7.1594e+03	1.874e-22	1.0000e+01	4.7181e+00	4.7737e-09	5.8497e-01	4.1503e-01	3.4047e-01	6.5953e-01	2.5390e-10	7.1712e-12	4.3713e-04	9.0977e-01	8.9794e-02	1.3120e-06	6.3776e-01	3.6157e-01	6.6431e-04	1.1755e-36	1.1755e-36	1.1755e-36	4.4445e-18	0.00e+00	0.00e+00	2.8868e+01
3.60982e+19	7.1151e+03	1.800e-22	1.0000e+01	4.5799e+00	5.2246e-09	5.9820e-01	4.0180e-01	3.4678e-01	6.5322e-01	2.5632e-10	7.5823e-12	4.2629e-04	9.1258e-01	8.6996e-02	1.2182e-06	6.5039e-01	3.4901e-01	6.0690e-04	1.1755e-36	1.1755e-36	1.1755e-36	4.8443e-18	0.00e+00	0.00e+00	2.9416e+01
3.61122e+19	7.0653e+03	1.727e-22	1.0000e+01	4.4419e+00	5.7412e-09	6.1165e-01	3.8835e-01	3.5325e-01	6.4675e-01	2.5881e-10	8.0203e-12	4.1542e-04	9.1536e-01	8.4226e-02	1.1302e-06	6.6317e-01	3.3628e-01	5.5327e-04	1.1755e-36	1.1755e-36	1.1755e-36	5.2873e-18	0.00e+00	0.00e+00	2.9942e+01
3.61252e+19	7.0201e+03	1.662e-22	1.0000e+01	4.3183e+00	6.2520e-09	6.2391e-01	3.7609e-01	3.5940e-01	6.4060e-01	2.6106e-10	8.4390e-12	4.0563e-04	9.1790e-01	8.1690e-02	1.0542e-06	6.7475e-01	3.2474e-01	5.0766e-04	1.1755e-36	1.1755e-36	1.1755e-36	5.7275e-18	0.00e+00	0.00e+00	3.0432e+01
3.61376e+19	6.9835e+03	1.600e-22	1.0000e+01	4.1980e+00	6.7303e-09	6.3481e-01	3.6519e-01	3.6501e-01	6.3499e-01	2.6373e-10	8.8089e-12	3.9582e-04	9.2019e-01	7.9411e-02	9.8821e-07	6.8500e-01	3.1454e-01	4.6854e-04	1.1755e-36	1.1755e-36	1.1755e-36	6.1248e-18	0.00e+00	0.00e+00	3.0924e+01
3.61505e+19	6.9295e+03	1.537e-22	1.0000e+01	4.0772e+00	7.3510e-09	6.4643e-01	3.5357e-01	3.7146e-01	6.2854e-01	2.6582e-10	9.2332e-12	3.8618e-04	9.2268e-01	7.6938e-02	9.2158e-07	6.9585e-01	3.0372e-01	4.3043e-04	1.1755e-36	1.1755e-36	1.1755e-36	6.5969e-18	0.00e+00	0.00e+00	3.1474e+01
3.61641e+19	6.8737e+03	1.474e-22	1.0000e+01	3.9563e+00	8.0553e-09	6.5861e-01	3.4139e-01	3.7847e-01	6.2153e-01	2.6781e-10	9.7061e-12	3.7649e-04	9.2526e-01	7.4362e-02	8.5580e-07	7.0719e-01	2.9242e-01	3.9321e-04	1.1755e-36	1.1755e-36	1.1755e-36	7.1470e-18	0.00e+00	0.00e+00	3.2043e+01
3.61774e+19	6.8225e+03	1.413e-22	1.0000e+01	3.8347e+00	8.7694e-09	6.6993e-01	3.3007e-01	3.8503e-01	6.1497e-01	2.7040e-10	1.0144e-11	3.6651e-04	9.2764e-01	7.1990e-02	7.9730e-07	7.1767e-01	2.8197e-01	3.6027e-04	1.1755e-36	1.1755e-36	1.1755e-36	7.6724e-18	0.00e+00	0.00e+00	3.2596e+01
3.61906e+19	6.7685e+03	1.355e-22	1.0000e+01	3.7190e+00	9.5470e-09	6.8082e-01	3.1918e-01	3.9175e-01	6.0825e-01	2.7268e-10	1.0588e-11	3.5700e-04	9.2998e-01	6.9666e-02	7.4313e-07	7.2771e-01	2.7196e-01	3.3056e-04	1.1755e-36	1.1755e-36	1.1755e-36	8.2238e-18	0.00e+00	0.00e+00	3.3163e+01
3.62040e+19	6.7146e+03	1.297e-22	1.0000e+01	3.6047e+00	1.0390e-08	6.9163e-01	3.0837e-01	3.9877e-01	6.0123e-01	2.7492e-10	1.1047e-11	3.4754e-04	9.3232e-01	6.7334e-02	6.9140e-07	7.3762e-01	2.6208e-01	3.0273e-04	1.1755e-36	1.1755e-36	1.1755e-36	8.8173e-18	0.00e+00	0.00e+00	3.3758e+01
3.62178e+19	6.6512e+03	1.240e-22	1.0000e+01	3.4883e+00	1.1392e-08	7.0250e-01	2.9750e-01	4.0610e-01	5.9390e-01	2.7704e-10	1.1531e-11	3.3788e-04	9.3466e-01	6.4997e-02	6.4216e-07	7.4752e-01	2.5221e-01	2.7672e-04	1.1755e-36	1.1755e-36	1.1755e-36	9.4700e-18	0.00e+00	0.00e+00	3.4375e+01
3.62316e+19	6.5867e+03	1.185e-22	1.0000e+01	3.3745e+00	1.2485e-08	7.1306e-01	2.8694e-01	4.1357e-01	5.8643e-01	2.7924e-10	1.2022e-11	3.2836e-04	9.3697e-01	6.2702e-02	5.9601e-07	7.5714e-01	2.4261e-01	2.5278e-04	1.1755e-36	1.1755e-36	1.1755e-36	1.0160e-17	0.00e+00	0.00e+00	3.4999e+01
3.62455e+19	6.5179e+03	1.132e-22	1.0000e+01	3.2674e+00	1.3723e-08	7.2357e-01	2.7643e-01	4.2151e-01	5.7849e-01	2.8078e-10	1.2554e-11	3.1947e-04	9.3928e-01	6.0402e-02	5.5244e-07	7.6664e-01	2.3313e-01	2.3072e-04	1.1755e-36	1.1755e-36	1.1755e-36	1.0950e-17	0.00e+00	0.00e+00	3.5636e+01
3.62594e+19	6.4499e+03	1.082e-22	1.0000e+01	3.1605e+00	1.5046e-08	7.3344e-01	2.6656e-01	4.2924e-01	5.7076e-01	2.8264e-10	1.3065e-11	3.1045e-04	9.4146e-01	5.8227e-02	5.1281e-07	7.7554e-01	2.2425e-01	2.1096e-04	1.1755e-36	1.1755e-36	1.1755e-36	1.1743e-17	0.00e+00	0.00e+00	3.6272e+01
3.62733e+19	6.3815e+03	1.033e-22	1.0000e+01	3.0574e+00	1.6490e-08	7.4306e-01	2.5694e-01	4.3728e-01	5.6272e-01	2.8422e-10	1.3598e-11	3.0171e-04	9.4363e-01	5.6070e-02	4.7543e-07	7.8417e-01	2.1564e-01	1.9275e-04	1.1755e-36	1.1755e-36	1.1755e-36	1.2611e-17	0.00e+00	0.00e+00	3.6935e+01
3.62876e+19	6.3045e+03	9.838e-23	1.0000e+01	2.9508e+00	1.8190e-08	7.5251e-01	2.4749e-01	4.4547e-01	5.5453e-01	2.8595e-10	1.4145e-11	2.9260e-04	9.4576e-01	5.3948e-02	4.4017e-07	7.9261e-01	2.0721e-01	1.7589e-04	1.1755e-36	1.1755e-36	1.1755e-36	1.3555e-17	0.00e+00	0.00e+00	3.7627e+01
3.63024e+19	6.2272e+03	9.364e-23	1.0000e+01	2.8501e+00	2.0088e-08	7.6214e-01	2.3786e-01	4.5434e-01	5.4566e-01	2.8699e-10	1.4766e-11	2.8399e-04	9.4793e-01	5.1781e-02	4.0610e-07	8.0116e-01	1.9868e-01	1.5990e-04	1.1755e-36	1.1755e-36	1.1755e-36	1.4688e-17	0.00e+00	0.00e+00	3.8343e+01
3.63171e+19	6.1442e+03	8.912e-23	1.0000e+01	2.7512e+00	2.2262e-08	7.7141e-01	2.2859e-01	4.6328e-01	5.3672e-01	2.8792e-10	1.5413e-11	2.7551e-04	9.5003e-01	4.9697e-02	3.7479e-07	8.0938e-01	1.9047e-01	1.4545e-04	1.1755e-36	1.1755e-36	1.1755e-36	1.5948e-17	0.00e+00	0.00e+00	3.9052e+01
3.63316e+19	6.0532e+03	8.488e-23	1.0000e+01	2.6553e+00	2.4796e-08	7.8017e-01	2.1983e-01	4.7226e-01	5.2774e-01	2.8853e-10	1.6091e-11	2.6731e-04	9.5202e-01	4.7710e-02	3.4633e-07	8.1714e-01	1.8273e-01	1.3261e-04	1.1755e-36	1.1755e-36	1.1755e-36	1.7368e-17	0.00e+00	0.00e+00	3.9763e+01
3.63459e+19	5.9658e+03	8.088e-23	1.0000e+01	2.5649e+00	2.7496e-08	7.8844e-01	2.1156e-01	4.8118e-01	5.1882e-01	2.8896e-10	1.6792e-11	2.5949e-04	9.5392e-01	4.5821e-02	3.2042e-07	8.2442e-01	1.7546e-01	1.2113e-04	1.1755e-36	1.1755e-36	1.1755e-36	1.8926e-17	0.00e+00	0.00e+00	4.0465e+01
3.63601e+19	5.8741e+03	7.707e-23	1.0000e+01	2.4780e+00	3.0575e-08	7.9644e-01	2.0356e-01	4.9039e-01	5.0961e-01	2.8891e-10	1.7557e-11	2.5198e-04	9.5577e-01	4.3978e-02	2.9628e-07	8.3144e-01	1.6845e-01	1.1066e-04	1.1755e-36	1.1755e-36	1.1755e-36	2.0739e-17	0.00e+00	0.00e+00	4.1188e+01
3.63744e+19	5.7812e+03	7.340e-23	1.0000e+01	2.3914e+00	3.3989e-08	8.0404e-01	1.9596e-01	4.9949e-01	5.0051e-01	2.8904e-10	1.8355e-11	2.4441e-04	9.5753e-01	4.2223e-02	2.7409e-07	8.3810e-01	1.6180e-01	1.0116e-04	1.1755e-36	1.1755e-36	1.1755e-36	2.2764e-17	0.00e+00	0.00e+00	4.1913e+01
3.63887e+19	5.6827e+03	6.993e-23	1.0000e+01	2.3103e+00	3.7946e-08	8.1158e-01	1.8842e-01	5.0897e-01	4.9103e-01	2.8833e-10	1.9278e-11	2.3737e-04	9.5926e-01	4.0505e-02	2.5343e-07	8.4466e-01	1.5525e-01	9.2450e-05	1.1755e-36	1.1755e-36	1.1755e-36	2.5258e-17	0.00e+00	0.00e+00	4.2641e+01
3.64026e+19	5.5857e+03	6.670e-23	1.0000e+01	2.2326e+00	4.2210e-08	8.1857e-01	1.8143e-01	5.1816e-01	4.8184e-01	2.8766e-10	2.0241e-11	2.3058e-04	9.6086e-01	3.8909e-02	2.3490e-07	8.5074e-01	1.4917e-01	8.4737e-05	1.1755e-36	1.1755e-36	1.1755e-36	2.8035e-17	0.00e+00	0.00e+00	4.3345e+01
3.64161e+19	5.4912e+03	6.368e-23	1.0000e+01	2.1581e+00	4.6716e-08	8.2495e-01	1.7505e-01	5.2705e-01	4.7295e-01	2.8705e-10	2.1228e-11	2.2400e-04	9.6235e-01	3.7422e-02	2.1820e-07	8.5630e-01	1.4362e-01	7.7923e-05	1.1755e-36	1.1755e-36	1.1755e-36	3.1059e-17	0.00e+00	0.00e+00	4.4048e+01
3.64299e+19	5.3878e+03	6.075e-23	1.0000e+01	2.0854e+00	5.2039e-08	8.3138e-01	1.6862e-01	5.3643e-01	4.6357e-01	2.8571e-10	2.2397e-11	2.1765e-04	9.6384e-01	3.5945e-02	2.0232e-07	8.6187e-01	1.3806e-01	7.1534e-05	1.1755e-36	1.1755e-36	1.1755e-36	3.4862e-17	0.00e+00	0.00e+00	4.4782e+01
3.64437e+19	5.2848e+03	5.795e-23	1.0000e+01	2.0151e+00	5.7814e-08	8.3768e-01	1.6232e-01	5.4585e-01	4.5415e-01	2.8422e-10	2.3683e-11	2.1146e-04	9.6526e-01	3.4525e-02	1.8758e-07	8.6730e-01	1.3263e-01	6.5621e-05	1.1755e-36	1.1755e-36	1.1755e-36	3.9294e-17	0.00e+00	0.00e+00	4.5506e+01
3.64574e+19	5.1825e+03	5.528e-23	1.0000e+01	1.9472e+00	6.3951e-08	8.4362e-01	1.5638e-01	5.5515e-01	4.4485e-01	2.8266e-10	2.5056e-11	2.0545e-04	9.6661e-01	3.3181e-02	1.7410e-07	8.7242e-01	1.2752e-01	6.0288e-05	1.1755e-36	1.1755e-36	1.1755e-36	4.4296e-17	0.00e+00	0.00e+00	4.6235e+01
3.64714e+19	5.0689e+03	5.268e-23	1.0000e+01	1.8803e+00	7.1166e-08	8.4966e-01	1.5034e-01	5.6505e-01	4.3495e-01	2.8028e-10	2.6696e-11	1.9961e-04	9.6796e-01	3.1840e-02	1.6118e-07	8.7761e-01	1.2234e-01	5.5237e-05	1.1755e-36	1.1755e-36	1.1755e-36	5.0633e-17	0.00e+00	0.00e+00	4.7000e+01
3.64855e+19	4.9547e+03	5.016e-23	1.0000e+01	1.8131e+00	7.8706e-08	8.5551e-01	1.4449e-01	5.7478e-01	4.2522e-01	2.7815e-10	2.8123e-11	1.9370e-04	9.6931e-01	3.0501e-02	1.4895e-07	8.8262e-01	1.1733e-01	5.0585e-05	1.1755e-36	1.1755e-36	1.1755e-36	5.6432e-17	0.00e+00	0.00e+00	4.7760e+01
3.64999e+19	4.8261e+03	4.773e-23	1.0000e+01	1.7462e+00	8.7265e-08	8.6136e-01	1.3864e-01	5.8502e-01	4.1498e-01	2.7520e-10	2.9078e-11	1.8793e-04	9.7075e-01	2.9058e-02	1.3679e-07	8.8764e-01	1.1231e-01	4.6242e-05	1.1755e-36	1.1755e-36	1.1755e-36	6.0477e-17	0.00e+00	0.00e+00	4.8559e+01
3.65148e+19	4.6948e+03	4.533e-23	1.0000e+01	1.6791e+00	9.6014e-08	8.6719e-01	1.3281e-01	5.9545e-01	4.0455e-01	2.7217e-10	2.9891e-11	1.8212e-04	9.7218e-01	2.7641e-02	1.2531e-07	8.9262e-01	1.0733e-01	4.2148e-05	1.1755e-36	1.1755e-36	1.1755e-36	6.3957e-17	0.00e+00	0.00e+00	4.9379e+01
3.65297e+19	4.5595e+03	4.302e-23	1.0000e+01	1.6131e+00	1.0468e-07	8.7290e-01	1.2710e-01	6.0597e-01	3.9403e-01	2.6888e-10	3.0491e-11	1.7644e-04	9.7355e-01	2.6269e-02	1.1755e-36	8.9749e-01	1.0247e-01	3.8378e-05	1.1755e-36	1.1755e-36	1.1755e-36	6.6464e-17	0.00e+00	0.00e+00	5.0205e+01
3.65446e+19	4.4232e+03	4.085e-23	1.0000e+01	1.5498e+00	1.1267e-07	8.7835e-01	1.2165e-01	6.1636e-01	3.8364e-01	2.6537e-10	3.0812e-11	1.7103e-04	9.7486e-01	2.4969e-02	1.1755e-36	9.0213e-01	9.7830e-02	3.4983e-05	1.1755e-36	1.1755e-36	1.1755e-36	6.7583e-17	0.00e+00	0.00e+00	5.1018e+01
3.65590e+19	4.2872e+03	3.884e-23	1.0000e+01	1.4898e+00	1.1957e-07	8.8348e-01	1.1652e-01	6.2655e-01	3.7345e-01	2.6160e-10	3.0824e-11	1.6597e-04	9.7609e-01	2.3749e-02	1.1755e-36	9.0650e-01	9.3473e-02	3.1965e-05	1.1755e-36	1.1755e-36	1.1755e-36	6.7116e-17	0.00e+00	0.00e+00	5.1814e+01
3.65729e+19	4.1546e+03	3.701e-23	1.0000e+01	1.4340e+00	1.2499e-07	8.8823e-01	1.1177e-01	6.3631e-01	3.6369e-01	2.5772e-10	3.0542e-11	1.6134e-04	9.7721e-01	2.2626e-02	1.1755e-36	9.1053e-01	8.9444e-02	2.9318e-05	1.1755e-36	1.1755e-36	1.1755e-36	6.5143e-17	0.00e+00	0.00e+00	5.2571e+01
3.65860e+19	4.0272e+03	3.536e-23	1.0000e+01	1.3830e+00	1.2885e-07	8.9254e-01	1.0746e-01	6.4557e-01	3.5443e-01	2.5373e-10	3.0015e-11	1.5719e-04	9.7824e-01	2.1605e-02	1.1755e-36	9.1419e-01	8.5786e-02	2.7029e-05	1.1755e-36	1.1755e-36	1.1755e-36	6.1981e-17	0.00e+00	0.00e+00	5.3287e+01
3.65984e+19	3.9045e+03	3.388e-23	1.0000e+01	1.3361e+00	1.3129e-07	8.9648e-01	1.0352e-01	6.5437e-01	3.4563e-01	2.4964e-10	2.9305e-11	1.5347e-04	9.7917e-01	2.0672e-02	1.1755e-36	9.1753e-01	8.2447e-02	2.5034e-05	1.1755e-36	1.1755e-36	1.1755e-36	5.8010e-17	0.00e+00	0.00e+00	5.3968e+01
###########################
5.69857e+14	6.8354e+03	3.826e-22	1.0000e+01	1.0882e+01	1.8036e-14	1.4182e-03	9.9858e-01	4.2363e-03	9.6364e-01	3.2123e-02	4.7674e-19	3.0992e-05	7.4598e-02	9.1559e-01	9.7750e-03	1.6543e-04	1.4192e-01	8.4586e-01	1.2052e-02	1.5869e-07	1.1755e-36	5.2938e-27	0.00e+00	0.00e+00	1.0204e-04
3.41914e+15	6.8316e+03	3.826e-22	1.0000e+01	1.0881e+01	1.8143e-14	1.4183e-03	9.9858e-01	4.2373e-03	9.6367e-01	3.2095e-02	4.7811e-19	3.0802e-05	7.4622e-02	9.1556e-01	9.7887e-03	1.6537e-04	1.4186e-01	8.4596e-01	1.2010e-02	1.5786e-07	1.1755e-36	5.3223e-27	0.00e+00	0.00e+00	5.1022e-04
1.48163e+16	6.8285e+03	3.823e-22	1.0000e+01	1.0881e+01	1.8175e-14	1.4180e-03	9.9858e-01	4.2391e-03	9.6385e-01	3.1908e-02	4.7780e-19	3.0833e-05	7.4658e-02	9.1554e-01	9.7656e-03	1.6528e-04	1.4181e-01	8.4619e-01	1.1843e-02	1.5466e-07	1.1755e-36	5.3142e-27	0.00e+00	0.00e+00	2.1425e-03
6.04048e+16	6.8174e+03	3.816e-22	1.0000e+01	1.0880e+01	1.8315e-14	1.4176e-03	9.9858e-01	4.2492e-03	9.6485e-01	3.0904e-02	4.7798e-19	3.0839e-05	7.4757e-02	9.1554e-01	9.6725e-03	1.6537e-04	1.4184e-01	8.4680e-01	1.1196e-02	1.4249e-07	1.1755e-36	5.3044e-27	0.00e+00	0.00e+00	8.6702e-03
1.44288e+17	6.7870e+03	3.791e-22	1.0000e+01	1.0879e+01	1.8433e-14	1.4088e-03	9.9859e-01	4.2536e-03	9.6540e-01	3.0343e-02	4.6578e-19	3.0947e-05	7.4821e-02	9.1555e-01	9.5959e-03	1.6288e-04	1.4046e-01	8.4904e-01	1.0339e-02	1.2617e-07	1.1755e-36	5.1039e-27	0.00e+00	0.00e+00	1.7103e-02
2.53336e+17	6.7512e+03	3.765e-22	1.0000e+01	1.0878e+01	1.8653e-14	1.4010e-03	9.9860e-01	4.2675e-03	9.6702e-01	2.8716e-02	4.5725e-19	3.0958e-05	7.4957e-02	9.1557e-01	9.4377e-03	1.6141e-04	1.3982e-01	8.5074e-01	9.2803e-03	1.1755e-36	1.1755e-36	4.9474e-27	0.00e+00	0.00e+00	2.8005e-02
3.95098e+17	6.7116e+03	3.735e-22	1.0000e+01	1.0876e+01	1.8915e-14	1.3933e-03	9.9861e-01	4.2891e-03	9.6964e-01	2.6069e-02	4.4945e-19	3.0989e-05	7.5154e-02	9.1561e-01	9.2052e-03	1.6038e-04	1.3948e-01	8.5233e-01	8.0310e-03	1.1755e-36	1.1755e-36	4.7921e-27	0.00e+00	0.00e+00	4.2101e-02
5.79389e+17	6.6669e+03	3.702e-22	1.0000e+01	1.0873e+01	1.9279e-14	1.3861e-03	9.9861e-01	4.3198e-03	9.7326e-01	2.2424e-02	4.4397e-19	3.1062e-05	7.5438e-02	9.1563e-01	8.8981e-03	1.6005e-04	1.3964e-01	8.5358e-01	6.6226e-03	1.1755e-36	1.1755e-36	4.6619e-27	0.00e+00	0.00e+00	6.0329e-02
8.18967e+17	6.6161e+03	3.663e-22	1.0000e+01	1.0870e+01	1.9742e-14	1.3797e-03	9.9862e-01	4.3611e-03	9.7767e-01	1.7968e-02	4.4099e-19	3.1196e-05	7.5846e-02	9.1559e-01	8.5267e-03	1.6077e-04	1.4053e-01	8.5418e-01	5.1257e-03	1.1755e-36	1.1755e-36	4.5460e-27	0.00e+00	0.00e+00	8.3917e-02
1.13042e+18	6.5583e+03	3.619e-22	1.0000e+01	1.0865e+01	2.0302e-14	1.3748e-03	9.9863e-01	4.4136e-03	9.8246e-01	1.3130e-02	4.4055e-19	3.1410e-05	7.6416e-02	9.1544e-01	8.1149e-03	1.6284e-04	1.4232e-01	8.5386e-01	3.6539e-03	1.1755e-36	1.1755e-36	4.4329e-27	0.00e+00	0.00e+00	1.1447e-01
1.53531e+18	6.4931e+03	3.572e-22	1.0000e+01	1.0861e+01	2.1158e-14	1.3725e-03	9.9863e-01	4.4771e-03	9.8699e-01	8.5361e-03	4.4659e-19	3.1730e-05	7.7188e-02	9.1508e-01	7.6978e-03	1.6641e-04	1.4501e-01	8.5248e-01	2.3456e-03	1.1755e-36	1.1755e-36	4.3933e-27	0.00e+00	0.00e+00	1.5413e-01
2.06166e+18	6.4207e+03	3.522e-22	1.0000e+01	1.0858e+01	2.2225e-14	1.3741e-03	9.9863e-01	4.5528e-03	9.9064e-01	4.8027e-03	4.5652e-19	3.2208e-05	7.8219e-02	9.1444e-01	7.3071e-03	1.7161e-04	1.4850e-01	8.5001e-01	1.3212e-03	1.1755e-36	1.1755e-36	4.3639e-27	0.00e+00	0.00e+00	2.0574e-01
2.74592e+18	6.3424e+03	3.470e-22	1.0000e+01	1.0855e+01	2.3667e-14	1.3817e-03	9.9862e-01	4.6433e-03	9.9308e-01	2.2721e-03	4.7301e-19	3.2903e-05	7.9572e-02	9.1344e-01	6.9573e-03	1.7857e-04	1.5258e-01	8.4661e-01	6.3494e-04	1.1755e-36	1.1755e-36	4.3868e-27	0.00e+00	0.00e+00	2.7321e-01
3.63545e+18	6.2614e+03	3.420e-22	1.0000e+01	1.0853e+01	2.5547e-14	1.3982e-03	9.9860e-01	4.7556e-03	9.9437e-01	8.7884e-04	4.9775e-19	3.3917e-05	8.1353e-02	9.1198e-01	6.6378e-03	1.8785e-04	1.5724e-01	8.4232e-01	2.5319e-04	1.1755e-36	1.1755e-36	4.4684e-27	0.00e+00	0.00e+00	3.6197e-01
4.79185e+18	6.1831e+03	3.371e-22	1.0000e+01	1.0852e+01	2.7994e-14	1.4285e-03	9.9857e-01	4.9018e-03	9.9483e-01	2.7178e-04	5.3607e-19	3.5400e-05	8.3728e-02	9.0992e-01	6.3203e-03	2.0079e-04	1.6275e-01	8.3697e-01	8.1929e-05	1.1755e-36	1.1755e-36	4.6551e-27	0.00e+00	0.00e+00	4.7985e-01
6.29517e+18	6.1149e+03	3.329e-22	1.0000e+01	1.0852e+01	3.1329e-14	1.4807e-03	9.9852e-01	5.1022e-03	9.9483e-01	6.6894e-05	6.0095e-19	3.7587e-05	8.6974e-02	9.0701e-01	5.9735e-03	2.1992e-04	1.6973e-01	8.3003e-01	2.1367e-05	1.1755e-36	1.1755e-36	5.0745e-27	0.00e+00	0.00e+00	6.3870e-01
8.24948e+18	6.0769e+03	3.293e-22	1.0000e+01	1.0851e+01	3.5651e-14	1.5677e-03	9.9843e-01	5.3849e-03	9.9460e-01	1.3494e-05	7.1521e-19	4.1004e-05	9.1501e-02	9.0288e-01	5.5757e-03	2.4984e-04	1.7914e-01	8.2060e-01	4.5758e-06	1.1755e-36	1.1755e-36	5.9348e-27	0.00e+00	0.00e+00	8.5733e-01
1.07901e+19	6.0861e+03	3.273e-22	1.0000e+01	1.0848e+01	4.1868e-14	1.7158e-03	9.9828e-01	5.8081e-03	9.9419e-01	2.3638e-06	9.4192e-19	4.6460e-05	9.8123e-02	8.9673e-01	5.1046e-03	3.0007e-04	1.9250e-01	8.0720e-01	8.3305e-07	1.1755e-36	1.1755e-36	7.8708e-27	0.00e+00	0.00e+00	1.1684e+00
1.35757e+19	6.1521e+03	3.275e-22	1.0000e+01	1.0846e+01	4.8901e-14	1.9212e-03	9.9808e-01	6.3238e-03	9.9368e-01	4.6969e-07	1.3052e-18	5.3562e-05	1.0606e-01	8.8925e-01	4.6389e-03	3.7237e-04	2.0862e-01	7.9101e-01	1.6651e-07	1.1755e-36	1.1755e-36	1.1237e-26	0.00e+00	0.00e+00	1.4958e+00
1.59468e+19	6.2754e+03	3.302e-22	1.0000e+01	1.0843e+01	5.5090e-14	2.1553e-03	9.9784e-01	6.8472e-03	9.9315e-01	1.4684e-07	1.8131e-18	6.1252e-05	1.1386e-01	8.8180e-01	4.2729e-03	4.5858e-04	2.2458e-01	7.7497e-01	1.1755e-36	1.1755e-36	1.1755e-36	1.6469e-26	0.00e+00	0.00e+00	1.7737e+00
1.77413e+19	6.4038e+03	3.340e-22	1.0000e+01	1.0840e+01	6.1155e-14	2.3892e-03	9.9761e-01	7.3398e-03	9.9266e-01	6.7526e-08	2.4615e-18	6.8544e-05	1.2100e-01	8.7494e-01	3.9947e-03	5.5015e-04	2.3922e-01	7.6023e-01	1.1755e-36	1.1755e-36	1.1755e-36	2.3765e-26	0.00e+00	0.00e+00	2.0070e+00
1.91803e+19	6.5247e+03	3.381e-22	1.0000e+01	1.0837e+01	6.7600e-14	2.6240e-03	9.9738e-01	7.8210e-03	9.9218e-01	3.7889e-08	3.2864e-18	7.5748e-05	1.2785e-01	8.6831e-01	3.7612e-03	6.4887e-04	2.5337e-01	7.4599e-01	1.1755e-36	1.1755e-36	1.1755e-36	3.3678e-26	0.00e+00	0.00e+00	2.2275e+00
2.04763e+19	6.6442e+03	3.424e-22	1.0000e+01	1.0834e+01	7.5204e-14	2.8811e-03	9.9712e-01	8.3323e-03	9.9167e-01	2.3094e-08	4.4171e-18	8.3488e-05	1.3508e-01	8.6130e-01	3.5396e-03	7.6501e-04	2.6845e-01	7.3078e-01	1.1755e-36	1.1755e-36	1.1755e-36	4.8120e-26	0.00e+00	0.00e+00	2.4568e+00
2.17003e+19	6.7673e+03	3.472e-22	1.0000e+01	1.0831e+01	8.4256e-14	3.1736e-03	9.9683e-01	8.9036e-03	9.9110e-01	1.4803e-08	6.0139e-18	9.2045e-05	1.4296e-01	8.5363e-01	3.3214e-03	9.0705e-04	2.8512e-01	7.1397e-01	1.1755e-36	1.1755e-36	1.1755e-36	6.9776e-26	0.00e+00	0.00e+00	2.6947e+00
2.28282e+19	6.8903e+03	3.523e-22	1.0000e+01	1.0827e+01	9.4889e-14	3.4988e-03	9.9650e-01	9.5237e-03	9.9048e-01	1.0018e-08	8.2301e-18	1.0126e-04	1.5132e-01	8.4546e-01	3.1115e-03	1.0770e-03	3.0311e-01	6.9581e-01	1.1755e-36	1.1755e-36	1.1755e-36	1.0180e-25	0.00e+00	0.00e+00	2.9308e+00
2.38368e+19	7.0077e+03	3.574e-22	1.0000e+01	1.0823e+01	1.0708e-13	3.8485e-03	9.9615e-01	1.0177e-02	9.8982e-01	7.1640e-09	1.1204e-17	1.1085e-04	1.5995e-01	8.3703e-01	2.9141e-03	1.2736e-03	3.2187e-01	6.7685e-01	1.1755e-36	1.1755e-36	1.1755e-36	1.4747e-25	0.00e+00	0.00e+00	3.1611e+00
2.47410e+19	7.1178e+03	3.624e-22	1.0000e+01	1.0818e+01	1.2096e-13	4.2230e-03	9.9578e-01	1.0867e-02	9.8913e-01	5.3502e-09	1.5148e-17	1.2081e-04	1.6884e-01	8.2831e-01	2.7272e-03	1.4996e-03	3.4140e-01	6.5710e-01	1.1755e-36	1.1755e-36	1.1755e-36	2.1136e-25	0.00e+00	0.00e+00	3.3905e+00
2.55716e+19	7.2228e+03	3.675e-22	1.0000e+01	1.0813e+01	1.3736e-13	4.6316e-03	9.9537e-01	1.1609e-02	9.8839e-01	4.1183e-09	2.0497e-17	1.3134e-04	1.7820e-01	8.1912e-01	2.5465e-03	1.7639e-03	3.6204e-01	6.3619e-01	1.1755e-36	1.1755e-36	1.1755e-36	3.0308e-25	0.00e+00	0.00e+00	3.6246e+00
2.63468e+19	7.3240e+03	3.725e-22	1.0000e+01	1.0808e+01	1.5680e-13	5.0840e-03	9.9492e-01	1.2417e-02	9.8758e-01	3.2443e-09	2.7815e-17	1.4259e-04	1.8816e-01	8.0933e-01	2.3696e-03	2.0766e-03	3.8408e-01	6.1384e-01	1.1755e-36	1.1755e-36	1.1755e-36	4.3552e-25	0.00e+00	0.00e+00	3.8653e+00
2.70699e+19	7.4210e+03	3.776e-22	1.0000e+01	1.0802e+01	1.8000e-13	5.5851e-03	9.9441e-01	1.3300e-02	9.8670e-01	2.6101e-09	3.7845e-17	1.5459e-04	1.9874e-01	7.9890e-01	2.1971e-03	2.4463e-03	4.0749e-01	5.9007e-01	1.1755e-36	1.1755e-36	1.1755e-36	6.2714e-25	0.00e+00	0.00e+00	4.1109e+00
2.77405e+19	7.5128e+03	3.826e-22	1.0000e+01	1.0795e+01	2.0770e-13	6.1371e-03	9.9386e-01	1.4258e-02	9.8574e-01	2.1419e-09	5.1531e-17	1.6729e-04	2.0992e-01	7.8788e-01	2.0304e-03	2.8797e-03	4.3206e-01	5.6506e-01	1.1755e-36	1.1755e-36	1.1755e-36	9.0357e-25	0.00e+00	0.00e+00	4.3606e+00
2.83625e+19	7.6003e+03	3.874e-22	1.0000e+01	1.0789e+01	2.4053e-13	6.7446e-03	9.9326e-01	1.5291e-02	9.8471e-01	1.7888e-09	7.0122e-17	1.8072e-04	2.2168e-01	7.7627e-01	1.8698e-03	3.3858e-03	4.5766e-01	5.3895e-01	1.1755e-36	1.1755e-36	1.1755e-36	1.3000e-24	0.00e+00	0.00e+00	4.6159e+00
2.89432e+19	7.6850e+03	3.922e-22	1.0000e+01	1.0783e+01	2.7967e-13	7.4159e-03	9.9258e-01	1.6411e-02	9.8359e-01	1.5157e-09	9.5503e-17	1.9473e-04	2.3407e-01	7.6402e-01	1.7151e-03	3.9778e-03	4.8431e-01	5.1171e-01	1.1755e-36	1.1755e-36	1.1755e-36	1.8735e-24	0.00e+00	0.00e+00	4.8790e+00
2.94893e+19	7.7557e+03	3.972e-22	1.0000e+01	1.0773e+01	3.2915e-13	8.1754e-03	9.9182e-01	1.7681e-02	9.8232e-01	1.2982e-09	1.3065e-16	2.1016e-04	2.4753e-01	7.5069e-01	1.5634e-03	4.6817e-03	5.1220e-01	4.8312e-01	1.1755e-36	1.1755e-36	1.1755e-36	2.7042e-24	0.00e+00	0.00e+00	5.1526e+00
3.00035e+19	7.8221e+03	4.021e-22	1.0000e+01	1.0763e+01	3.9032e-13	9.0297e-03	9.9097e-01	1.9087e-02	9.8091e-01	1.1238e-09	1.7949e-16	2.2648e-04	2.6186e-01	7.3649e-01	1.4170e-03	5.5133e-03	5.4110e-01	4.5339e-01	1.1755e-36	1.1755e-36	1.1755e-36	3.9271e-24	0.00e+00	0.00e+00	5.4367e+00
3.04869e+19	7.8883e+03	4.068e-22	1.0000e+01	1.0751e+01	4.6426e-13	9.9877e-03	9.9001e-01	2.0648e-02	9.7935e-01	9.8282e-10	2.4691e-16	2.4370e-04	2.7708e-01	7.2140e-01	1.2774e-03	6.4902e-03	5.7070e-01	4.2281e-01	1.1755e-36	1.1755e-36	1.1755e-36	5.7135e-24	0.00e+00	0.00e+00	5.7320e+00
3.09418e+19	7.9478e+03	4.115e-22	1.0000e+01	1.0739e+01	5.5778e-13	1.1076e-02	9.8892e-01	2.2376e-02	9.7762e-01	8.6723e-10	3.4148e-16	2.6226e-04	2.9336e-01	7.0523e-01	1.1435e-03	7.6456e-03	6.0088e-01	3.9148e-01	1.1755e-36	1.1755e-36	1.1755e-36	8.3750e-24	0.00e+00	0.00e+00	6.0408e+00
3.13717e+19	7.9920e+03	4.165e-22	1.0000e+01	1.0725e+01	6.8135e-13	1.2334e-02	9.8767e-01	2.4343e-02	9.7566e-01	7.7026e-10	4.7596e-16	2.8229e-04	3.1097e-01	6.8774e-01	1.0146e-03	9.0263e-03	6.3153e-01	3.5944e-01	1.1755e-36	1.1755e-36	1.1755e-36	1.2387e-23	0.00e+00	0.00e+00	6.3664e+00
3.17793e+19	8.0531e+03	4.207e-22	1.0000e+01	1.0712e+01	8.2905e-13	1.3760e-02	9.8624e-01	2.6513e-02	9.7349e-01	6.9012e-10	6.6540e-16	3.0323e-04	3.2954e-01	6.6926e-01	8.9420e-04	1.0651e-02	6.6220e-01	3.2715e-01	1.1755e-36	1.1755e-36	1.1755e-36	1.8467e-23	0.00e+00	0.00e+00	6.7115e+00
3.21342e+19	8.0856e+03	4.252e-22	1.0000e+01	1.0690e+01	1.0141e-12	1.5304e-02	9.8470e-01	2.8837e-02	9.7116e-01	6.2770e-10	9.1167e-16	3.2420e-04	3.4812e-01	6.5077e-01	7.8856e-04	1.2447e-02	6.9025e-01	2.9730e-01	1.1755e-36	1.1755e-36	1.1755e-36	2.6791e-23	0.00e+00	0.00e+00	7.0135e+00
3.24266e+19	8.1127e+03	4.289e-22	1.0000e+01	1.0674e+01	1.2188e-12	1.6835e-02	9.8316e-01	3.1084e-02	9.6892e-01	5.8006e-10	1.2077e-15	3.4356e-04	3.6525e-01	6.3371e-01	7.0154e-04	1.4267e-02	7.1422e-01	2.7151e-01	1.1755e-36	1.1755e-36	1.1755e-36	3.7482e-23	0.00e+00	0.00e+00	7.3029e+00
3.27397e+19	8.1330e+03	4.329e-22	1.0000e+01	1.0653e+01	1.5157e-12	1.8793e-02	9.8121e-01	3.3958e-02	9.6604e-01	5.2981e-10	1.6663e-15	3.6687e-04	3.8601e-01	6.1302e-01	6.0863e-04	1.6636e-02	7.4029e-01	2.4307e-01	1.1755e-36	1.1755e-36	1.1755e-36	5.5037e-23	0.00e+00	0.00e+00	7.7228e+00
3.30807e+19	8.1490e+03	4.380e-22	1.0000e+01	1.0630e+01	1.9832e-12	2.1469e-02	9.7853e-01	3.7683e-02	9.6232e-01	4.8236e-10	2.4392e-15	3.9513e-04	4.1109e-01	5.8800e-01	5.1123e-04	1.9915e-02	7.6872e-01	2.1137e-01	1.1755e-36	1.1755e-36	1.1755e-36	8.7288e-23	0.00e+00	0.00e+00	8.1675e+00
3.33792e+19	8.1599e+03	4.423e-22	1.0000e+01	1.0592e+01	2.5839e-12	2.4482e-02	9.7552e-01	4.1741e-02	9.5826e-01	4.4473e-10	3.5082e-15	4.2293e-04	4.3624e-01	5.6291e-01	4.2850e-04	2.3649e-02	7.9342e-01	1.8293e-01	1.1755e-36	1.1755e-36	1.1755e-36	1.3555e-22	0.00e+00	0.00e+00	8.5831e+00
3.36372e+19	8.1596e+03	4.463e-22	1.0000e+01	1.0555e+01	3.3594e-12	2.7787e-02	9.7221e-01	4.6077e-02	9.5392e-01	4.1346e-10	4.9598e-15	4.4998e-04	4.6088e-01	5.3831e-01	3.5924e-04	2.7773e-02	8.1407e-01	1.5816e-01	1.1755e-36	1.1755e-36	1.1755e-36	2.0708e-22	0.00e+00	0.00e+00	9.0168e+00
3.39215e+19	8.1462e+03	4.503e-22	1.0000e+01	1.0506e+01	4.6487e-12	3.2386e-02	9.6761e-01	5.2025e-02	9.4798e-01	3.7931e-10	7.5007e-15	4.8358e-04	4.9172e-01	5.0751e-01	2.8707e-04	3.3545e-02	8.3498e-01	1.3148e-01	1.1755e-36	1.1755e-36	1.1755e-36	3.4435e-22	0.00e+00	0.00e+00	9.6739e+00
3.42332e+19	8.1352e+03	4.541e-22	1.0000e+01	1.0420e+01	6.9685e-12	3.9269e-02	9.6073e-01	6.0385e-02	9.3961e-01	3.4577e-10	1.2400e-14	5.2304e-04	5.2945e-01	4.6981e-01	2.1545e-04	4.2188e-02	8.5463e-01	1.0318e-01	1.1755e-36	1.1755e-36	1.1755e-36	6.4534e-22	0.00e+00	0.00e+00	1.0423e+01
3.44730e+19	8.1149e+03	4.577e-22	1.0000e+01	1.0334e+01	1.0279e-11	4.7139e-02	9.5286e-01	6.8915e-02	9.3108e-01	3.2317e-10	1.9676e-14	5.5769e-04	5.6329e-01	4.3599e-01	1.6394e-04	5.2022e-02	8.6642e-01	8.1562e-02	1.1755e-36	1.1755e-36	1.1755e-36	1.1627e-21	0.00e+00	0.00e+00	1.0951e+01
3.46191e+19	8.0921e+03	4.597e-22	1.0000e+01	1.0263e+01	1.3562e-11	5.3568e-02	9.4643e-01	7.5513e-02	9.2449e-01	3.0943e-10	2.7039e-14	5.8077e-04	5.8663e-01	4.1265e-01	1.3470e-04	6.0026e-02	8.7112e-01	6.8859e-02	1.1755e-36	1.1755e-36	1.1755e-36	1.7504e-21	0.00e+00	0.00e+00	1.1340e+01
3.47317e+19	8.0634e+03	4.608e-22	1.0000e+01	1.0204e+01	1.7142e-11	5.9529e-02	9.4047e-01	8.1489e-02	9.1851e-01	2.9846e-10	3.5105e-14	5.9992e-04	6.0619e-01	3.9309e-01	1.1384e-04	6.7425e-02	8.7292e-01	5.9659e-02	1.1755e-36	1.1755e-36	1.1755e-36	2.4514e-21	0.00e+00	0.00e+00	1.1754e+01
3.48585e+19	8.0303e+03	4.614e-22	1.0000e+01	1.0138e+01	2.2710e-11	6.7569e-02	9.3243e-01	8.9432e-02	9.1057e-01	2.8557e-10	4.8008e-14	6.2302e-04	6.2992e-01	3.6937e-01	9.2329e-05	7.7370e-02	8.7267e-01	4.9963e-02	1.1755e-36	1.1755e-36	1.1755e-36	3.6826e-21	0.00e+00	0.00e+00	1.2366e+01
3.49966e+19	8.0068e+03	4.591e-22	1.0000e+01	9.9976e+00	3.1478e-11	7.8523e-02	9.2148e-01	9.9365e-02	9.0064e-01	2.7328e-10	6.8779e-14	6.4367e-04	6.5596e-01	3.4333e-01	7.2042e-05	9.0844e-02	8.6891e-01	4.0244e-02	1.1755e-36	1.1755e-36	1.1755e-36	5.9110e-21	0.00e+00	0.00e+00	1.3024e+01
3.51154e+19	7.9756e+03	4.574e-22	1.0000e+01	9.8770e+00	4.3881e-11	9.1325e-02	9.0867e-01	1.0993e-01	8.9007e-01	2.6283e-10	9.8500e-14	6.6354e-04	6.8083e-01	3.1845e-01	5.6039e-05	1.0646e-01	8.6124e-01	3.2302e-02	1.1755e-36	1.1755e-36	1.1755e-36	9.5537e-21	0.00e+00	0.00e+00	1.3628e+01
3.52091e+19	7.9634e+03	4.529e-22	1.0000e+01	9.7293e+00	5.7956e-11	1.0390e-01	8.9610e-01	1.1963e-01	8.8037e-01	2.5541e-10	1.3318e-13	6.7576e-04	7.0102e-01	2.9826e-01	4.5052e-05	1.2168e-01	8.5173e-01	2.6584e-02	1.1755e-36	1.1755e-36	1.1755e-36	1.4362e-20	0.00e+00	0.00e+00	1.4171e+01
3.52893e+19	7.9297e+03	4.488e-22	1.0000e+01	9.5952e+00	7.6273e-11	1.1732e-01	8.8268e-01	1.2955e-01	8.7045e-01	2.4839e-10	1.7698e-13	6.8707e-04	7.1978e-01	2.7950e-01	3.6505e-05	1.3782e-01	8.4011e-01	2.2069e-02	1.1755e-36	1.1755e-36	1.1755e-36	2.1124e-20	0.00e+00	0.00e+00	1.4747e+01
3.53666e+19	7.9090e+03	4.417e-22	1.0000e+01	9.4199e+00	1.0014e-10	1.3265e-01	8.6735e-01	1.4027e-01	8.5973e-01	2.4221e-10	2.3501e-13	6.9390e-04	7.3791e-01	2.6136e-01	2.9397e-05	1.5609e-01	8.2575e-01	1.8154e-02	1.1755e-36	1.1755e-36	1.1755e-36	3.1139e-20	0.00e+00	0.00e+00	1.5390e+01
3.54421e+19	7.8786e+03	4.335e-22	1.0000e+01	9.2292e+00	1.3487e-10	1.5134e-01	8.4866e-01	1.5239e-01	8.4761e-01	2.3638e-10	3.1859e-13	6.9956e-04	7.5656e-01	2.4271e-01	2.3230e-05	1.7817e-01	8.0717e-01	1.4658e-02	1.1755e-36	1.1755e-36	1.1755e-36	4.7419e-20	0.00e+00	0.00e+00	1.6100e+01
3.55124e+19	7.8500e+03	4.237e-22	1.0000e+01	9.0198e+00	1.8263e-10	1.7302e-01	8.2698e-01	1.6531e-01	8.3469e-01	2.3145e-10	4.3363e-13	7.0193e-04	7.7444e-01	2.2483e-01	1.8244e-05	2.0351e-01	7.8477e-01	1.1721e-02	1.1755e-36	1.1755e-36	1.1755e-36	7.2991e-20	0.00e+00	0.00e+00	1.6823e+01
3.55743e+19	7.8233e+03	4.117e-22	1.0000e+01	8.7790e+00	2.4319e-10	1.9608e-01	8.0392e-01	1.7800e-01	8.2200e-01	2.2794e-10	5.7701e-13	6.9911e-04	7.9020e-01	2.0908e-01	1.4510e-05	2.3015e-01	7.6042e-01	9.4327e-03	1.1755e-36	1.1755e-36	1.1755e-36	1.0920e-19	0.00e+00	0.00e+00	1.7535e+01
3.56297e+19	7.7946e+03	3.983e-22	1.0000e+01	8.5225e+00	3.1982e-10	2.2057e-01	7.7943e-01	1.9070e-01	8.0930e-01	2.2527e-10	7.5450e-13	6.9283e-04	8.0449e-01	1.9481e-01	1.1643e-05	2.5809e-01	7.3428e-01	7.6266e-03	1.1755e-36	1.1755e-36	1.1755e-36	1.5984e-19	0.00e+00	0.00e+00	1.8278e+01
3.56823e+19	7.7651e+03	3.820e-22	1.0000e+01	8.2176e+00	4.1912e-10	2.4718e-01	7.5282e-01	2.0373e-01	7.9627e-01	2.2353e-10	9.7584e-13	6.8096e-04	8.1768e-01	1.8163e-01	9.3652e-06	2.8809e-01	7.0577e-01	6.1452e-03	1.1755e-36	1.1755e-36	1.1755e-36	2.3074e-19	0.00e+00	0.00e+00	1.9087e+01
3.57337e+19	7.7159e+03	3.645e-22	1.0000e+01	7.8974e+00	5.6239e-10	2.7811e-01	7.2189e-01	2.1802e-01	7.8198e-01	2.2218e-10	1.2792e-12	6.6714e-04	8.3098e-01	1.6834e-01	7.4386e-06	3.2246e-01	6.7267e-01	4.8744e-03	1.1755e-36	1.1755e-36	1.1755e-36	3.4093e-19	0.00e+00	0.00e+00	1.9982e+01
3.57827e+19	7.6865e+03	3.444e-22	1.0000e+01	7.5436e+00	7.4252e-10	3.1174e-01	6.8826e-01	2.3220e-01	7.6780e-01	2.2283e-10	1.6604e-12	6.4789e-04	8.4320e-01	1.5614e-01	5.9211e-06	3.5924e-01	6.3692e-01	3.8382e-03	1.1755e-36	1.1755e-36	1.1755e-36	4.9903e-19	0.00e+00	0.00e+00	2.0907e+01
3.58262e+19	7.6381e+03	3.248e-22	1.0000e+01	7.1927e+00	9.7390e-10	3.4611e-01	6.5389e-01	2.4595e-01	7.5405e-01	2.2400e-10	2.1133e-12	6.2740e-04	8.5401e-01	1.4536e-01	4.7833e-06	3.9623e-01	6.0072e-01	3.0507e-03	1.1755e-36	1.1755e-36	1.1755e-36	7.1160e-19	0.00e+00	0.00e+00	2.1784e+01
3.58627e+19	7.5899e+03	3.071e-22	1.0000e+01	6.8810e+00	1.2346e-09	3.7814e-01	6.2186e-01	2.5834e-01	7.4166e-01	2.2555e-10	2.5997e-12	6.0818e-04	8.6305e-01	1.3634e-01	3.9701e-06	4.3016e-01	5.6736e-01	2.4839e-03	1.1755e-36	1.1755e-36	1.1755e-36	9.6835e-19	0.00e+00	0.00e+00	2.2568e+01
3.58936e+19	7.5598e+03	2.899e-22	1.0000e+01	6.5740e+00	1.4885e-09	4.0559e-01	5.9441e-01	2.6856e-01	7.3144e-01	2.2855e-10	3.0501e-12	5.8693e-04	8.7006e-01	1.2935e-01	3.4032e-06	4.5884e-01	5.3908e-01	2.0820e-03	1.1755e-36	1.1755e-36	1.1755e-36	1.2279e-18	0.00e+00	0.00e+00	2.3312e+01
3.59206e+19	7.5064e+03	2.755e-22	1.0000e+01	6.3195e+00	1.7894e-09	4.3185e-01	5.6815e-01	2.7847e-01	7.2153e-01	2.3082e-10	3.5388e-12	5.6959e-04	8.7652e-01	1.2290e-01	2.9529e-06	4.8595e-01	5.1228e-01	1.7702e-03	1.1755e-36	1.1755e-36	1.1755e-36	1.5342e-18	0.00e+00	0.00e+00	2.3990e+01
3.59454e+19	7.4737e+03	2.610e-22	1.0000e+01	6.0604e+00	2.0815e-09	4.5530e-01	5.4470e-01	2.8736e-01	7.1264e-01	2.3394e-10	3.9985e-12	5.5076e-04	8.8201e-01	1.1744e-01	2.6014e-06	5.0990e-01	4.8858e-01	1.5251e-03	1.1755e-36	1.1755e-36	1.1755e-36	1.8420e-18	0.00e+00	0.00e+00	2.4699e+01
3.59693e+19	7.4237e+03	2.473e-22	1.0000e+01	5.8146e+00	2.4391e-09	4.7917e-01	5.2083e-01	2.9644e-01	7.0356e-01	2.3701e-10	4.5119e-12	5.3280e-04	8.8737e-01	1.1210e-01	2.2948e-06	5.3398e-01	4.6471e-01	1.3148e-03	1.1755e-36	1.1755e-36	1.1755e-36	2.2098e-18	0.00e+00	0.00e+00	2.5398e+01
3.59917e+19	7.3669e+03	2.346e-22	1.0000e+01	5.5886e+00	2.8479e-09	5.0241e-01	4.9759e-01	3.0563e-01	6.9437e-01	2.3970e-10	5.0610e-12	5.1619e-04	8.9249e-01	1.0699e-01	2.0328e-06	5.5720e-01	4.4166e-01	1.1385e-03	1.1755e-36	1.1755e-36	1.1755e-36	2.6308e-18	0.00e+00	0.00e+00	2.6092e+01
3.60135e+19	7.3170e+03	2.220e-22	1.0000e+01	5.3590e+00	3.2802e-09	5.2432e-01	4.7568e-01	3.1433e-01	6.8567e-01	2.4325e-10	5.6032e-12	4.9864e-04	8.9716e-01	1.0233e-01	1.8121e-06	5.7887e-01	4.2014e-01	9.9050e-04	1.1755e-36	1.1755e-36	1.1755e-36	3.0705e-18	0.00e+00	0.00e+00	2.6807e+01
3.60344e+19	7.2648e+03	2.101e-22	1.0000e+01	5.1388e+00	3.7586e-09	5.4540e-01	4.5460e-01	3.2283e-01	6.7717e-01	2.4692e-10	6.1595e-12	4.8153e-04	9.0153e-01	9.7985e-02	1.6229e-06	5.9952e-01	3.9962e-01	8.6513e-04	1.1755e-36	1.1755e-36	1.1755e-36	3.5481e-18	0.00e+00	0.00e+00	2.7503e+01
3.60507e+19	7.2398e+03	2.009e-22	1.0000e+01	4.9647e+00	4.1189e-09	5.6113e-01	4.3887e-01	3.2873e-01	6.7127e-01	2.5079e-10	6.5816e-12	4.6741e-04	9.0452e-01	9.5010e-02	1.4978e-06	6.1478e-01	3.8444e-01	7.7985e-04	1.1755e-36	1.1755e-36	1.1755e-36	3.9299e-18	0.00e+00	0.00e+00	2.7943e+01
3.60619e+19	7.2050e+03	1.948e-22	1.0000e+01	4.8522e+00	4.4371e-09	5.7220e-01	4.2780e-01	3.3356e-01	6.6644e-01	2.5287e-10	6.9057e-12	4.5861e-04	9.0683e-01	9.2713e-02	1.4119e-06	6.2547e-01	3.7381e-01	7.2521e-04	1.1755e-36	1.1755e-36	1.1755e-36	4.2312e-18	0.00e+00	0.00e+00	2.8306e+01
3.60727e+19	7.1569e+03	1.892e-22	1.0000e+01	4.7494e+00	4.8163e-09	5.8318e-01	4.1682e-01	3.3899e-01	6.6101e-01	2.5391e-10	7.2547e-12	4.5087e-04	9.0925e-01	9.0299e-02	1.3290e-06	6.3604e-01	3.6328e-01	6.7508e-04	1.1755e-36	1.1755e-36	1.1755e-36	4.5649e-18	0.00e+00	0.00e+00	2.8727e+01
3.60849e+19	7.1373e+03	1.823e-22	1.0000e+01	4.6225e+00	5.1321e-09	5.9409e-01	4.0591e-01	3.4401e-01	6.5599e-01	2.5674e-10	7.5741e-12	4.4039e-04	9.1157e-01	8.7986e-02	1.2481e-06	6.4646e-01	3.5292e-01	6.2456e-04	1.1755e-36	1.1755e-36	1.1755e-36	4.8752e-18	0.00e+00	0.00e+00	2.9214e+01
3.60987e+19	7.0855e+03	1.750e-22	1.0000e+01	4.4850e+00	5.6400e-09	6.0732e-01	3.9268e-01	3.5057e-01	6.4943e-01	2.5898e-10	8.0031e-12	4.2946e-04	9.1440e-01	8.5172e-02	1.1579e-06	6.5906e-01	3.4037e-01	5.7022e-04	1.1755e-36	1.1755e-36	1.1755e-36	5.3077e-18	0.00e+00	0.00e+00	2.9779e+01
3.61130e+19	7.0388e+03	1.678e-22	1.0000e+01	4.3467e+00	6.1767e-09	6.2063e-01	3.7937e-01	3.5707e-01	6.4293e-01	2.6170e-10	8.4484e-12	4.1823e-04	9.1714e-01	8.2442e-02	1.0740e-06	6.7164e-01	3.2784e-01	5.1939e-04	1.1755e-36	1.1755e-36	1.1755e-36	5.7756e-18	0.00e+00	0.00e+00	3.0317e+01
3.61261e+19	6.9891e+03	1.613e-22	1.0000e+01	4.2216e+00	6.7407e-09	6.3279e-01	3.6721e-01	3.6332e-01	6.3668e-01	2.6403e-10	8.8758e-12	4.0810e-04	9.1966e-01	7.9930e-02	1.0015e-06	6.8308e-01	3.1644e-01	4.7638e-04	1.1755e-36	1.1755e-36	1.1755e-36	6.2408e-18	0.00e+00	0.00e+00	3.0819e+01
3.61386e+19	6.9482e+03	1.552e-22	1.0000e+01	4.1045e+00	7.2757e-09	6.4381e-01	3.5619e-01	3.6925e-01	6.3075e-01	2.6645e-10	9.2707e-12	3.9843e-04	9.2199e-01	7.7607e-02	9.3733e-07	6.9342e-01	3.0615e-01	4.3901e-04	1.1755e-36	1.1755e-36	1.1755e-36	6.6828e-18	0.00e+00	0.00e+00	3.1323e+01
3.61514e+19	6.8932e+03	1.491e-22	1.0000e+01	3.9857e+00	7.9410e-09	6.5520e-01	3.4480e-01	3.7577e-01	6.2423e-01	2.6855e-10	9.7019e-12	3.8871e-04	9.2443e-01	7.5180e-02	8.7441e-07	7.0402e-01	2.9558e-01	4.0342e-04	1.1755e-36	1.1755e-36	1.1755e-36	7.1820e-18	0.00e+00	0.00e+00	3.1874e+01
3.61649e+19	6.8366e+03	1.430e-22	1.0000e+01	3.8674e+00	8.6909e-09	6.6703e-01	3.3297e-01	3.8281e-01	6.1719e-01	2.7051e-10	1.0178e-11	3.7896e-04	9.2696e-01	7.2663e-02	8.1251e-07	7.1499e-01	2.8465e-01	3.6887e-04	1.1755e-36	1.1755e-36	1.1755e-36	7.7576e-18	0.00e+00	0.00e+00	3.2448e+01
3.61784e+19	6.7832e+03	1.370e-22	1.0000e+01	3.7480e+00	9.4666e-09	6.7821e-01	3.2179e-01	3.8956e-01	6.1044e-01	2.7298e-10	1.0629e-11	3.6894e-04	9.2933e-01	7.0298e-02	7.5648e-07	7.2530e-01	2.7436e-01	3.3782e-04	1.1755e-36	1.1755e-36	1.1755e-36	8.3200e-18	0.00e+00	0.00e+00	3.3015e+01
3.61917e+19	6.7274e+03	1.312e-22	1.0000e+01	3.6330e+00	1.0314e-08	6.8902e-01	3.1098e-01	3.9649e-01	6.0351e-01	2.7523e-10	1.1086e-11	3.5928e-04	9.3166e-01	6.7977e-02	7.0439e-07	7.3523e-01	2.6446e-01	3.0964e-04	1.1755e-36	1.1755e-36	1.1755e-36	8.9125e-18	0.00e+00	0.00e+00	3.3597e+01
3.62052e+19	6.6711e+03	1.256e-22	1.0000e+01	3.5199e+00	1.1235e-08	6.9971e-01	3.0029e-01	4.0368e-01	5.9632e-01	2.7741e-10	1.1559e-11	3.4969e-04	9.3399e-01	6.5658e-02	6.5485e-07	7.4499e-01	2.5472e-01	2.8336e-04	1.1755e-36	1.1755e-36	1.1755e-36	9.5495e-18	0.00e+00	0.00e+00	3.4204e+01
3.62191e+19	6.6030e+03	1.200e-22	1.0000e+01	3.4052e+00	1.2351e-08	7.1045e-01	2.8955e-01	4.1122e-01	5.8878e-01	2.7938e-10	1.2060e-11	3.4004e-04	9.3632e-01	6.3336e-02	6.0784e-07	7.5474e-01	2.4500e-01	2.5892e-04	1.1755e-36	1.1755e-36	1.1755e-36	1.0257e-17	0.00e+00	0.00e+00	3.4830e+01
3.62330e+19	6.5346e+03	1.147e-22	1.0000e+01	3.2958e+00	1.3570e-08	7.2096e-01	2.7904e-01	4.1904e-01	5.8096e-01	2.8113e-10	1.2584e-11	3.3071e-04	9.3863e-01	6.1038e-02	5.6359e-07	7.6428e-01	2.3548e-01	2.3636e-04	1.1755e-36	1.1755e-36	1.1755e-36	1.1033e-17	0.00e+00	0.00e+00	3.5461e+01
3.62468e+19	6.4691e+03	1.096e-22	1.0000e+01	3.1883e+00	1.4845e-08	7.3083e-01	2.6917e-01	4.2670e-01	5.7330e-01	2.8309e-10	1.3088e-11	3.2144e-04	9.4082e-01	5.8856e-02	5.2329e-07	7.7319e-01	2.2659e-01	2.1615e-04	1.1755e-36	1.1755e-36	1.1755e-36	1.1812e-17	0.00e+00	0.00e+00	3.6097e+01
3.62608e+19	6.4000e+03	1.045e-22	1.0000e+01	3.0831e+00	1.6280e-08	7.4057e-01	2.5943e-01	4.3470e-01	5.6530e-01	2.8476e-10	1.3619e-11	3.1239e-04	9.4301e-01	5.6680e-02	4.8512e-07	7.8192e-01	2.1788e-01	1.9746e-04	1.1755e-36	1.1755e-36	1.1755e-36	1.2676e-17	0.00e+00	0.00e+00	3.6762e+01
3.62752e+19	6.3290e+03	9.962e-23	1.0000e+01	2.9790e+00	1.7881e-08	7.5024e-01	2.4976e-01	4.4305e-01	5.5695e-01	2.8629e-10	1.4180e-11	3.0333e-04	9.4519e-01	5.4507e-02	4.4871e-07	7.9056e-01	2.0926e-01	1.7994e-04	1.1755e-36	1.1755e-36	1.1755e-36	1.3636e-17	0.00e+00	0.00e+00	3.7452e+01
3.62898e+19	6.2503e+03	9.487e-23	1.0000e+01	2.8770e+00	1.9760e-08	7.5984e-01	2.4016e-01	4.5178e-01	5.4822e-01	2.8747e-10	1.4788e-11	2.9446e-04	9.4736e-01	5.2350e-02	4.1437e-07	7.9911e-01	2.0073e-01	1.6375e-04	1.1755e-36	1.1755e-36	1.1755e-36	1.4744e-17	0.00e+00	0.00e+00	3.8155e+01
3.63044e+19	6.1671e+03	9.033e-23	1.0000e+01	2.7771e+00	2.1887e-08	7.6901e-01	2.3099e-01	4.6055e-01	5.3945e-01	2.8855e-10	1.5415e-11	2.8571e-04	9.4943e-01	5.0279e-02	3.8287e-07	8.0726e-01	1.9259e-01	1.4916e-04	1.1755e-36	1.1755e-36	1.1755e-36	1.5960e-17	0.00e+00	0.00e+00	3.8859e+01
3.63189e+19	6.0769e+03	8.602e-23	1.0000e+01	2.6805e+00	2.4368e-08	7.7790e-01	2.2210e-01	4.6957e-01	5.3043e-01	2.8917e-10	1.6092e-11	2.7727e-04	9.5146e-01	4.8261e-02	3.5367e-07	8.1512e-01	1.8475e-01	1.3595e-04	1.1755e-36	1.1755e-36	1.1755e-36	1.7367e-17	0.00e+00	0.00e+00	3.9575e+01
3.63334e+19	5.9891e+03	8.192e-23	1.0000e+01	2.5881e+00	2.7042e-08	7.8635e-01	2.1365e-01	4.7858e-01	5.2142e-01	2.8968e-10	1.6793e-11	2.6911e-04	9.5340e-01	4.6330e-02	3.2686e-07	8.2258e-01	1.7730e-01	1.2400e-04	1.1755e-36	1.1755e-36	1.1755e-36	1.8917e-17	0.00e+00	0.00e+00	4.0286e+01
3.63478e+19	5.8974e+03	7.802e-23	1.0000e+01	2.4994e+00	3.0082e-08	7.9450e-01	2.0550e-01	4.8784e-01	5.1216e-01	2.8973e-10	1.7556e-11	2.6128e-04	9.5529e-01	4.4453e-02	3.0201e-07	8.2974e-01	1.7014e-01	1.1316e-04	1.1755e-36	1.1755e-36	1.1755e-36	2.0714e-17	0.00e+00	0.00e+00	4.1013e+01
3.63622e+19	5.8047e+03	7.429e-23	1.0000e+01	2.4118e+00	3.3444e-08	8.0223e-01	1.9777e-01	4.9697e-01	5.0303e-01	2.8991e-10	1.8349e-11	2.5345e-04	9.5707e-01	4.2672e-02	2.7926e-07	8.3652e-01	1.6338e-01	1.0338e-04	1.1755e-36	1.1755e-36	1.1755e-36	2.2714e-17	0.00e+00	0.00e+00	4.1739e+01
3.63765e+19	5.7066e+03	7.077e-23	1.0000e+01	2.3297e+00	3.7333e-08	8.0985e-01	1.9015e-01	5.0648e-01	4.9352e-01	2.8927e-10	1.9261e-11	2.4617e-04	9.5882e-01	4.0931e-02	2.5814e-07	8.4315e-01	1.5675e-01	9.4447e-05	1.1755e-36	1.1755e-36	1.1755e-36	2.5165e-17	0.00e+00	0.00e+00	4.2469e+01
3.63905e+19	5.6101e+03	6.749e-23	1.0000e+01	2.2512e+00	4.1526e-08	8.1692e-01	1.8308e-01	5.1569e-01	4.8431e-01	2.8865e-10	2.0211e-11	2.3914e-04	9.6045e-01	3.9313e-02	2.3920e-07	8.4931e-01	1.5061e-01	8.6535e-05	1.1755e-36	1.1755e-36	1.1755e-36	2.7892e-17	0.00e+00	0.00e+00	4.3175e+01
3.64041e+19	5.5155e+03	6.442e-23	1.0000e+01	2.1758e+00	4.5981e-08	8.2339e-01	1.7661e-01	5.2462e-01	4.7538e-01	2.8806e-10	2.1189e-11	2.3234e-04	9.6196e-01	3.7804e-02	2.2211e-07	8.5494e-01	1.4498e-01	7.9538e-05	1.1755e-36	1.1755e-36	1.1755e-36	3.0876e-17	0.00e+00	0.00e+00	4.3880e+01
3.64179e+19	5.4128e+03	6.145e-23	1.0000e+01	2.1026e+00	5.1219e-08	8.2988e-01	1.7012e-01	5.3401e-01	4.6599e-01	2.8678e-10	2.2341e-11	2.2577e-04	9.6347e-01	3.6308e-02	2.0590e-07	8.6057e-01	1.3936e-01	7.2998e-05	1.1755e-36	1.1755e-36	1.1755e-36	3.4606e-17	0.00e+00	0.00e+00	4.4613e+01
3.64317e+19	5.3101e+03	5.861e-23	1.0000e+01	2.0317e+00	5.6921e-08	8.3622e-01	1.6378e-01	5.4343e-01	4.5657e-01	2.8534e-10	2.3609e-11	2.1938e-04	9.6491e-01	3.4874e-02	1.9089e-07	8.6605e-01	1.3388e-01	6.6962e-05	1.1755e-36	1.1755e-36	1.1755e-36	3.8956e-17	0.00e+00	0.00e+00	4.5336e+01
3.64454e+19	5.2084e+03	5.592e-23	1.0000e+01	1.9634e+00	6.2981e-08	8.4221e-01	1.5779e-01	5.5273e-01	4.4727e-01	2.8382e-10	2.4961e-11	2.1319e-04	9.6627e-01	3.3517e-02	1.7717e-07	8.7120e-01	1.2874e-01	6.1524e-05	1.1755e-36	1.1755e-36	1.1755e-36	4.3865e-17	0.00e+00	0.00e+00	4.6062e+01
3.64593e+19	5.0959e+03	5.331e-23	1.0000e+01	1.8963e+00	7.0095e-08	8.4827e-01	1.5173e-01	5.6258e-01	4.3742e-01	2.8149e-10	2.6571e-11	2.0717e-04	9.6763e-01	3.2166e-02	1.6407e-07	8.7641e-01	1.2353e-01	5.6388e-05	1.1755e-36	1.1755e-36	1.1755e-36	5.0067e-17	0.00e+00	0.00e+00	4.6823e+01
3.64734e+19	4.9840e+03	5.077e-23	1.0000e+01	1.8292e+00	7.7527e-08	8.5411e-01	1.4589e-01	5.7225e-01	4.2775e-01	2.7945e-10	2.8173e-11	2.0109e-04	9.6894e-01	3.0864e-02	1.5189e-07	8.8142e-01	1.1853e-01	5.1665e-05	1.1755e-36	1.1755e-36	1.1755e-36	5.6571e-17	0.00e+00	0.00e+00	4.7577e+01
3.64877e+19	4.8568e+03	4.832e-23	1.0000e+01	1.7623e+00	8.6037e-08	8.5996e-01	1.4004e-01	5.8243e-01	4.1757e-01	2.7657e-10	2.9160e-11	1.9515e-04	9.7039e-01	2.9416e-02	1.3958e-07	8.8645e-01	1.1351e-01	4.7258e-05	1.1755e-36	1.1755e-36	1.1755e-36	6.0765e-17	0.00e+00	0.00e+00	4.8369e+01
3.65024e+19	4.7278e+03	4.592e-23	1.0000e+01	1.6955e+00	9.4748e-08	8.6577e-01	1.3423e-01	5.9274e-01	4.0726e-01	2.7363e-10	3.0015e-11	1.8920e-04	9.7181e-01	2.8002e-02	1.2801e-07	8.9141e-01	1.0854e-01	4.3120e-05	1.1755e-36	1.1755e-36	1.1755e-36	6.4459e-17	0.00e+00	0.00e+00	4.9176e+01
3.65173e+19	4.5939e+03	4.360e-23	1.0000e+01	1.6296e+00	1.0353e-07	8.7148e-01	1.2852e-01	6.0322e-01	3.9678e-01	2.7037e-10	3.0679e-11	1.8336e-04	9.7319e-01	2.6623e-02	1.1755e-36	8.9628e-01	1.0368e-01	3.9292e-05	1.1755e-36	1.1755e-36	1.1755e-36	6.7295e-17	0.00e+00	0.00e+00	5.0000e+01
3.65322e+19	4.4576e+03	4.139e-23	1.0000e+01	1.5654e+00	1.1184e-07	8.7701e-01	1.2299e-01	6.1368e-01	3.8632e-01	2.6690e-10	3.1081e-11	1.7770e-04	9.7452e-01	2.5301e-02	1.1755e-36	9.0100e-01	9.8967e-02	3.5794e-05	1.1755e-36	1.1755e-36	1.1755e-36	6.8833e-17	0.00e+00	0.00e+00	5.0821e+01
3.65468e+19	4.3211e+03	3.933e-23	1.0000e+01	1.5042e+00	1.1914e-07	8.8226e-01	1.1774e-01	6.2396e-01	3.7604e-01	2.6321e-10	3.1176e-11	1.7237e-04	9.7577e-01	2.4056e-02	1.1755e-36	9.0546e-01	9.4506e-02	3.2664e-05	1.1755e-36	1.1755e-36	1.1755e-36	6.8784e-17	0.00e+00	0.00e+00	5.1626e+01
3.65609e+19	4.1875e+03	3.745e-23	1.0000e+01	1.4470e+00	1.2500e-07	8.8714e-01	1.1286e-01	6.3383e-01	3.6617e-01	2.5940e-10	3.0963e-11	1.6746e-04	9.7692e-01	2.2909e-02	1.1755e-36	9.0960e-01	9.0370e-02	2.9915e-05	1.1755e-36	1.1755e-36	1.1755e-36	6.7142e-17	0.00e+00	0.00e+00	5.2395e+01
3.65742e+19	4.0591e+03	3.575e-23	1.0000e+01	1.3946e+00	1.2928e-07	8.9159e-01	1.0841e-01	6.4319e-01	3.5681e-01	2.5551e-10	3.0492e-11	1.6303e-04	9.7797e-01	2.1865e-02	1.1755e-36	9.1337e-01	8.6600e-02	2.7532e-05	1.1755e-36	1.1755e-36	1.1755e-36	6.4203e-17	0.00e+00	0.00e+00	5.3122e+01
3.65868e+19	3.9362e+03	3.422e-23	1.0000e+01	1.3462e+00	1.3206e-07	8.9567e-01	1.0433e-01	6.5202e-01	3.4798e-01	2.5162e-10	2.9825e-11	1.5902e-04	9.7892e-01	2.0917e-02	1.1755e-36	9.1684e-01	8.3139e-02	2.5449e-05	1.1755e-36	1.1755e-36	1.1755e-36	6.0366e-17	0.00e+00	0.00e+00	5.3814e+01
###########################
5.69857e+14	6.8339e+03	3.826e-22	1.0000e+01	1.0882e+01	1.8061e-14	1.4184e-03	9.9858e-01	4.2369e-03	9.6365e-01	3.2118e-02	4.7697e-19	3.0998e-05	7.4608e-02	9.1558e-01	9.7731e-03	1.6547e-04	1.4194e-01	8.4584e-01	1.2051e-02	1.5866e-07	1.1755e-36	5.2952e-27	0.00e+00	0.00e+00	1.0205e-04
3.41914e+15	6.8321e+03	3.826e-22	1.0000e+01	1.0881e+01	1.8134e-14	1.4183e-03	9.9858e-01	4.2371e-03	9.6367e-01	3.2096e-02	4.7801e-19	3.0799e-05	7.4618e-02	9.1556e-01	9.7894e-03	1.6535e-04	1.4186e-01	8.4597e-01	1.2010e-02	1.5787e-07	1.1755e-36	5.3212e-27	0.00e+00	0.00e+00	5.1021e-04
1.48163e+16	6.8285e+03	3.823e-22	1.0000e+01	1.0881e+01	1.8175e-14	1.4180e-03	9.9858e-01	4.2391e-03	9.6385e-01	3.1908e-02	4.7778e-19	3.0833e-05	7.4658e-02	9.1554e-01	9.7656e-03	1.6528e-04	1.4181e-01	8.4619e-01	1.1843e-02	1.5466e-07	1.1755e-36	5.3137e-27	0.00e+00	0.00e+00	2.1425e-03
6.04048e+16	6.8172e+03	3.816e-22	1.0000e+01	1.0880e+01	1.8319e-14	1.4177e-03	9.9858e-01	4.2493e-03	9.6485e-01	3.0903e-02	4.7801e-19	3.0840e-05	7.4759e-02	9.1553e-01	9.6721e-03	1.6537e-04	1.4184e-01	8.4680e-01	1.1196e-02	1.4249e-07	1.1755e-36	5.3043e-27	0.00e+00	0.00e+00	8.6704e-03
1.44288e+17	6.7870e+03	3.791e-22	1.0000e+01	1.0879e+01	1.8432e-14	1.4088e-03	9.9859e-01	4.2536e-03	9.6540e-01	3.0343e-02	4.6575e-19	3.0947e-05	7.4821e-02	9.1555e-01	9.5959e-03	1.6288e-04	1.4046e-01	8.4904e-01	1.0339e-02	1.2617e-07	1.1755e-36	5.1035e-27	0.00e+00	0.00e+00	1.7103e-02
2.53336e+17	6.7512e+03	3.765e-22	1.0000e+01	1.0878e+01	1.8652e-14	1.4010e-03	9.9860e-01	4.2675e-03	9.6702e-01	2.8716e-02	4.5723e-19	3.0958e-05	7.4957e-02	9.1557e-01	9.4377e-03	1.6141e-04	1.3982e-01	8.5074e-01	9.2803e-03	1.1755e-36	1.1755e-36	4.9469e-27	0.00e+00	0.00e+00	2.8005e-02
3.95098e+17	6.7116e+03	3.735e-22	1.0000e+01	1.0876e+01	1.8914e-14	1.3933e-03	9.9861e-01	4.2891e-03	9.6964e-01	2.6069e-02	4.4943e-19	3.0989e-05	7.5154e-02	9.1561e-01	9.2052e-03	1.6038e-04	1.3948e-01	8.5233e-01	8.0310e-03	1.1755e-36	1.1755e-36	4.7917e-27	0.00e+00	0.00e+00	4.2101e-02
5.79389e+17	6.6669e+03	3.702e-22	1.0000e+01	1.0873e+01	1.9279e-14	1.3861e-03	9.9861e-01	4.3198e-03	9.7326e-01	2.2424e-02	4.4395e-19	3.1062e-05	7.5438e-02	9.1563e-01	8.8981e-03	1.6005e-04	1.3964e-01	8.5358e-01	6.6226e-03	1.1755e-36	1.1755e-36	4.6614e-27	0.00e+00	0.00e+00	6.0329e-02
8.18967e+17	6.6161e+03	3.663e-22	1.0000e+01	1.0870e+01	1.9741e-14	1.3797e-03	9.9862e-01	4.3611e-03	9.7767e-01	1.7968e-02	4.4097e-19	3.1196e-05	7.5845e-02	9.1559e-01	8.5267e-03	1.6077e-04	1.4053e-01	8.5418e-01	5.1257e-03	1.1755e-36	1.1755e-36	4.5456e-27	0.00e+00	0.00e+00	8.3917e-02
1.13042e+18	6.5583e+03	3.619e-22	1.0000e+01	1.0865e+01	2.0301e-14	1.3748e-03	9.9863e-01	4.4136e-03	9.8246e-01	1.3130e-02	4.4053e-19	3.1410e-05	7.6416e-02	9.1544e-01	8.1149e-03	1.6284e-04	1.4232e-01	8.5386e-01	3.6539e-03	1.1755e-36	1.1755e-36	4.4325e-27	0.00e+00	0.00e+00	1.1447e-01
1.53531e+18	6.4931e+03	3.572e-22	1.0000e+01	1.0861e+01	2.1157e-14	1.3725e-03	9.9863e-01	4.4771e-03	9.8699e-01	8.5361e-03	4.4656e-19	3.1730e-05	7.7188e-02	9.1508e-01	7.6978e-03	1.6641e-04	1.4501e-01	8.5248e-01	2.3456e-03	1.1755e-36	1.1755e-36	4.3929e-27	0.00e+00	0.00e+00	1.5413e-01
2.06166e+18	6.4207e+03	3.522e-22	1.0000e+01	1.0858e+01	2.2223e-14	1.3741e-03	9.9863e-01	4.5528e-03	9.9064e-01	4.8027e-03	4.5650e-19	3.2208e-05	7.8219e-02	9.1444e-01	7.3071e-03	1.7161e-04	1.4850e-01	8.5001e-01	1.3212e-03	1.1755e-36	1.1755e-36	4.3634e-27	0.00e+00	0.00e+00	2.0574e-01
2.74592e+18	6.3425e+03	3.470e-22	1.0000e+01	1.0855e+01	2.3665e-14	1.3817e-03	9.9862e-01	4.6433e-03	9.9308e-01	2.2721e-03	4.7299e-19	3.2903e-05	7.9572e-02	9.1344e-01	6.9573e-03	1.7857e-04	1.5258e-01	8.4661e-01	6.3494e-04	1.1755e-36	1.1755e-36	4.3863e-27	0.00e+00	0.00e+00	2.7321e-01
3.63545e+18	6.2614e+03	3.420e-22	1.0000e+01	1.0853e+01	2.5546e-14	1.3982e-03	9.9860e-01	4.7556e-03	9.9437e-01	8.7884e-04	4.9772e-19	3.3917e-05	8.1353e-02	9.1198e-01	6.6378e-03	1.8785e-04	1.5724e-01	8.4232e-01	2.5319e-04	1.1755e-36	1.1755e-36	4.4679e-27	0.00e+00	0.00e+00	3.6197e-01
4.79185e+18	6.1831e+03	3.371e-22	1.0000e+01	1.0852e+01	2.7992e-14	1.4285e-03	9.9857e-01	4.9018e-03	9.9483e-01	2.7178e-04	5.3604e-19	3.5400e-05	8.3728e-02	9.0992e-01	6.3203e-03	2.0079e-04	1.6275e-01	8.3697e-01	8.1929e-05	1.1755e-36	1.1755e-36	4.6545e-27	0.00e+00	0.00e+00	4.7985e-01
6.29517e+18	6.1149e+03	3.329e-22	1.0000e+01	1.0852e+01	3.1327e-14	1.4807e-03	9.9852e-01	5.1022e-03	9.9483e-01	6.6894e-05	6.0091e-19	3.7587e-05	8.6974e-02	9.0701e-01	5.9735e-03	2.1992e-04	1.6973e-01	8.3003e-01	2.1367e-05	1.1755e-36	1.1755e-36	5.0738e-27	0.00e+00	0.00e+00	6.3870e-01
8.24948e+18	6.0769e+03	3.293e-22	1.0000e+01	1.0851e+01	3.5649e-14	1.5677e-03	9.9843e-01	5.3849e-03	9.9460e-01	1.3494e-05	7.1517e-19	4.1004e-05	9.1501e-02	9.0288e-01	5.5757e-03	2.4984e-04	1.7914e-01	8.2060e-01	4.5758e-06	1.1755e-36	1.1755e-36	5.9340e-27	0.00e+00	0.00e+00	8.5733e-01
1.07901e+19	6.0861e+03	3.273e-22	1.0000e+01	1.0848e+01	4.1865e-14	1.7158e-03	9.9828e-01	5.8081e-03	9.9419e-01	2.3638e-06	9.4185e-19	4.6460e-05	9.8123e-02	8.9673e-01	5.1046e-03	3.0007e-04	1.9250e-01	8.0720e-01	8.3305e-07	1.1755e-36	1.1755e-36	7.8696e-27	0.00e+00	0.00e+00	1.1684e+00
1.35757e+19	6.1521e+03	3.275e-22	1.0000e+01	1.0846e+01	4.8897e-14	1.9212e-03	9.9808e-01	6.3238e-03	9.9368e-01	4.6969e-07	1.3051e-18	5.3562e-05	1.0606e-01	8.8925e-01	4.6389e-03	3.7237e-04	2.0862e-01	7.9101e-01	1.6651e-07	1.1755e-36	1.1755e-36	1.1235e-26	0.00e+00	0.00e+00	1.4958e+00
1.59468e+19	6.2754e+03	3.302e-22	1.0000e+01	1.0843e+01	5.5085e-14	2.1553e-03	9.9784e-01	6.8472e-03	9.9315e-01	1.4684e-07	1.8129e-18	6.1252e-05	1.1386e-01	8.8180e-01	4.2729e-03	4.5857e-04	2.2458e-01	7.7497e-01	1.1755e-36	1.1755e-36	1.1755e-36	1.6466e-26	0.00e+00	0.00e+00	1.7737e+00
1.77413e+19	6.4038e+03	3.340e-22	1.0000e+01	1.0840e+01	6.1149e-14	2.3892e-03	9.9761e-01	7.3398e-03	9.9266e-01	6.7526e-08	2.4612e-18	6.8544e-05	1.2100e-01	8.7494e-01	3.9947e-03	5.5015e-04	2.3922e-01	7.6023e-01	1.1755e-36	1.1755e-36	1.1755e-36	2.3760e-26	0.00e+00	0.00e+00	2.0070e+00
1.91803e+19	6.5247e+03	3.381e-22	1.0000e+01	1.0837e+01	6.7593e-14	2.6240e-03	9.9738e-01	7.8210e-03	9.9218e-01	3.7889e-08	3.2860e-18	7.5748e-05	1.2785e-01	8.6831e-01	3.7612e-03	6.4887e-04	2.5337e-01	7.4599e-01	1.1755e-36	1.1755e-36	1.1755e-36	3.3671e-26	0.00e+00	0.00e+00	2.2275e+00
2.04763e+19	6.6442e+03	3.424e-22	1.0000e+01	1.0834e+01	7.5196e-14	2.8811e-03	9.9712e-01	8.3323e-03	9.9167e-01	2.3094e-08	4.4166e-18	8.3488e-05	1.3508e-01	8.6130e-01	3.5396e-03	7.6501e-04	2.6845e-01	7.3078e-01	1.1755e-36	1.1755e-36	1.1755e-36	4.8109e-26	0.00e+00	0.00e+00	2.4568e+00
2.17003e+19	6.7673e+03	3.472e-22	1.0000e+01	1.0831e+01	8.4246e-14	3.1736e-03	9.9683e-01	8.9036e-03	9.9110e-01	1.4803e-08	6.0132e-18	9.2045e-05	1.4296e-01	8.5363e-01	3.3214e-03	9.0705e-04	2.8512e-01	7.1397e-01	1.1755e-36	1.1755e-36	1.1755e-36	6.9758e-26	0.00e+00	0.00e+00	2.6947e+00
2.28282e+19	6.8903e+03	3.523e-22	1.0000e+01	1.0827e+01	9.4877e-14	3.4988e-03	9.9650e-01	9.5237e-03	9.9048e-01	1.0018e-08	8.2291e-18	1.0126e-04	1.5132e-01	8.4546e-01	3.1115e-03	1.0770e-03	3.0311e-01	6.9581e-01	1.1755e-36	1.1755e-36	1.1755e-36	1.0177e-25	0.00e+00	0.00e+00	2.9308e+00
2.38368e+19	7.0077e+03	3.574e-22	1.0000e+01	1.0823e+01	1.0707e-13	3.8485e-03	9.9615e-01	1.0177e-02	9.8982e-01	7.1640e-09	1.1203e-17	1.1085e-04	1.5995e-01	8.3703e-01	2.9141e-03	1.2736e-03	3.2187e-01	6.7685e-01	1.1755e-36	1.1755e-36	1.1755e-36	1.4743e-25	0.00e+00	0.00e+00	3.1611e+00
2.47410e+19	7.1179e+03	3.624e-22	1.0000e+01	1.0818e+01	1.2094e-13	4.2230e-03	9.9578e-01	1.0867e-02	9.8913e-01	5.3502e-09	1.5146e-17	1.2081e-04	1.6884e-01	8.2831e-01	2.7272e-03	1.4996e-03	3.4140e-01	6.5710e-01	1.1755e-36	1.1755e-36	1.1755e-36	2.1130e-25	0.00e+00	0.00e+00	3.3905e+00
2.55716e+19	7.2228e+03	3.675e-22	1.0000e+01	1.0813e+01	1.3734e-13	4.6316e-03	9.9537e-01	1.1609e-02	9.8839e-01	4.1183e-09	2.0494e-17	1.3134e-04	1.7820e-01	8.1912e-01	2.5465e-03	1.7639e-03	3.6204e-01	6.3619e-01	1.1755e-36	1.1755e-36	1.1755e-36	3.0300e-25	0.00e+00	0.00e+00	3.6246e+00
2.63468e+19	7.3240e+03	3.725e-22	1.0000e+01	1.0808e+01	1.5678e-13	5.0840e-03	9.9492e-01	1.2417e-02	9.8758e-01	3.2443e-09	2.7811e-17	1.4259e-04	1.8816e-01	8.0933e-01	2.3696e-03	2.0766e-03	3.8408e-01	6.1384e-01	1.1755e-36	1.1755e-36	1.1755e-36	4.3539e-25	0.00e+00	0.00e+00	3.8653e+00
2.70699e+19	7.4210e+03	3.776e-22	1.0000e+01	1.0802e+01	1.7997e-13	5.5851e-03	9.9441e-01	1.3300e-02	9.8670e-01	2.6101e-09	3.7839e-17	1.5459e-04	1.9874e-01	7.9891e-01	2.1971e-03	2.4463e-03	4.0749e-01	5.9007e-01	1.1755e-36	1.1755e-36	1.1755e-36	6.2695e-25	0.00e+00	0.00e+00	4.1109e+00
2.77405e+19	7.5128e+03	3.826e-22	1.0000e+01	1.0795e+01	2.0767e-13	6.1371e-03	9.9386e-01	1.4258e-02	9.8574e-01	2.1419e-09	5.1523e-17	1.6729e-04	2.0992e-01	7.8788e-01	2.0304e-03	2.8797e-03	4.3206e-01	5.6506e-01	1.1755e-36	1.1755e-36	1.1755e-36	9.0328e-25	0.00e+00	0.00e+00	4.3606e+00
2.83625e+19	7.6003e+03	3.874e-22	1.0000e+01	1.0789e+01	2.4050e-13	6.7446e-03	9.9326e-01	1.5291e-02	9.8471e-01	1.7887e-09	7.0111e-17	1.8072e-04	2.2168e-01	7.7627e-01	1.8698e-03	3.3858e-03	4.5766e-01	5.3895e-01	1.1755e-36	1.1755e-36	1.1755e-36	1.2996e-24	0.00e+00	0.00e+00	4.6159e+00
2.89432e+19	7.6850e+03	3.922e-22	1.0000e+01	1.0783e+01	2.7963e-13	7.4159e-03	9.9258e-01	1.6411e-02	9.8359e-01	1.5157e-09	9.5489e-17	1.9473e-04	2.3407e-01	7.6402e-01	1.7151e-03	3.9778e-03	4.8431e-01	5.1171e-01	1.1755e-36	1.1755e-36	1.1755e-36	1.8729e-24	0.00e+00	0.00e+00	4.8790e+00
2.94893e+19	7.7557e+03	3.972e-22	1.0000e+01	1.0773e+01	3.2910e-13	8.1754e-03	9.9182e-01	1.7681e-02	9.8232e-01	1.2981e-09	1.3063e-16	2.1016e-04	2.4753e-01	7.5069e-01	1.5634e-03	4.6817e-03	5.1220e-01	4.8312e-01	1.1755e-36	1.1755e-36	1.1755e-36	2.7033e-24	0.00e+00	0.00e+00	5.1526e+00
3.00035e+19	7.8221e+03	4.021e-22	1.0000e+01	1.0763e+01	3.9026e-13	9.0297e-03	9.9097e-01	1.9087e-02	9.8091e-01	1.1238e-09	1.7946e-16	2.2648e-04	2.6186e-01	7.3649e-01	1.4170e-03	5.5133e-03	5.4110e-01	4.5339e-01	1.1755e-36	1.1755e-36	1.1755e-36	3.9258e-24	0.00e+00	0.00e+00	5.4367e+00
3.04869e+19	7.8883e+03	4.068e-22	1.0000e+01	1.0751e+01	4.6419e-13	9.9877e-03	9.9001e-01	2.0648e-02	9.7935e-01	9.8282e-10	2.4687e-16	2.4370e-04	2.7708e-01	7.2140e-01	1.2774e-03	6.4901e-03	5.7070e-01	4.2281e-01	1.1755e-36	1.1755e-36	1.1755e-36	5.7115e-24	0.00e+00	0.00e+00	5.7320e+00
3.09418e+19	7.9478e+03	4.115e-22	1.0000e+01	1.0739e+01	5.5764e-13	1.1076e-02	9.8892e-01	2.2376e-02	9.7762e-01	8.6723e-10	3.4139e-16	2.6226e-04	2.9336e-01	7.0523e-01	1.1435e-03	7.6456e-03	6.0088e-01	3.9148e-01	1.1755e-36	1.1755e-36	1.1755e-36	8.3706e-24	0.00e+00	0.00e+00	6.0408e+00
3.13717e+19	7.9920e+03	4.165e-22	1.0000e+01	1.0725e+01	6.8123e-13	1.2334e-02	9.8767e-01	2.4343e-02	9.7566e-01	7.7026e-10	4.7588e-16	2.8229e-04	3.1097e-01	6.8774e-01	1.0146e-03	9.0263e-03	6.3153e-01	3.5944e-01	1.1755e-36	1.1755e-36	1.1755e-36	1.2383e-23	0.00e+00	0.00e+00	6.3664e+00
3.17793e+19	8.0531e+03	4.207e-22	1.0000e+01	1.0712e+01	8.2891e-13	1.3760e-02	9.8624e-01	2.6513e-02	9.7349e-01	6.9012e-10	6.6529e-16	3.0323e-04	3.2954e-01	6.6926e-01	8.9420e-04	1.0651e-02	6.6220e-01	3.2715e-01	1.1755e-36	1.1755e-36	1.1755e-36	1.8461e-23	0.00e+00	0.00e+00	6.7115e+00
3.21342e+19	8.0856e+03	4.252e-22	1.0000e+01	1.0690e+01	1.0139e-12	1.5304e-02	9.8470e-01	2.8837e-02	9.7116e-01	6.2770e-10	9.1149e-16	3.2420e-04	3.4812e-01	6.5077e-01	7.8856e-04	1.2447e-02	6.9025e-01	2.9730e-01	1.1755e-36	1.1755e-36	1.1755e-36	2.6780e-23	0.00e+00	0.00e+00	7.0135e+00
3.24267e+19	8.1127e+03	4.289e-22	1.0000e+01	1.0674e+01	1.2185e-12	1.6835e-02	9.8316e-01	3.1084e-02	9.6892e-01	5.8006e-10	1.2074e-15	3.4356e-04	3.6525e-01	6.3371e-01	7.0154e-04	1.4267e-02	7.1422e-01	2.7151e-01	1.1755e-36	1.1755e-36	1.1755e-36	3.7468e-23	0.00e+00	0.00e+00	7.3029e+00
3.27397e+19	8.1330e+03	4.329e-22	1.0000e+01	1.0653e+01	1.5154e-12	1.8793e-02	9.8121e-01	3.3958e-02	9.6604e-01	5.2981e-10	1.6660e-15	3.6687e-04	3.8601e-01	6.1302e-01	6.0863e-04	1.6636e-02	7.4029e-01	2.4307e-01	1.1755e-36	1.1755e-36	1.1755e-36	5.5016e-23	0.00e+00	0.00e+00	7.7228e+00
3.30807e+19	8.1491e+03	4.380e-22	1.0000e+01	1.0630e+01	1.9828e-12	2.1469e-02	9.7853e-01	3.7683e-02	9.6232e-01	4.8235e-10	2.4388e-15	3.9513e-04	4.1109e-01	5.8800e-01	5.1123e-04	1.9915e-02	7.6872e-01	2.1137e-01	1.1755e-36	1.1755e-36	1.1755e-36	8.7257e-23	0.00e+00	0.00e+00	8.1675e+00
3.33792e+19	8.1599e+03	4.423e-22	1.0000e+01	1.0592e+01	2.5834e-12	2.4482e-02	9.7552e-01	4.1741e-02	9.5826e-01	4.4472e-10	3.5075e-15	4.2293e-04	4.3624e-01	5.6291e-01	4.2850e-04	2.3649e-02	7.9342e-01	1.8293e-01	1.1755e-36	1.1755e-36	1.1755e-36	1.3549e-22	0.00e+00	0.00e+00	8.5831e+00
3.36372e+19	8.1596e+03	4.463e-22	1.0000e+01	1.0555e+01	3.3588e-12	2.7787e-02	9.7221e-01	4.6077e-02	9.5392e-01	4.1346e-10	4.9588e-15	4.4998e-04	4.6088e-01	5.3831e-01	3.5924e-04	2.7773e-02	8.1407e-01	1.5816e-01	1.1755e-36	1.1755e-36	1.1755e-36	2.0700e-22	0.00e+00	0.00e+00	9.0168e+00
3.39215e+19	8.1462e+03	4.503e-22	1.0000e+01	1.0506e+01	4.6478e-12	3.2386e-02	9.6761e-01	5.2025e-02	9.4798e-01	3.7931e-10	7.4991e-15	4.8358e-04	4.9172e-01	5.0751e-01	2.8707e-04	3.3545e-02	8.3498e-01	1.3148e-01	1.1755e-36	1.1755e-36	1.1755e-36	3.4421e-22	0.00e+00	0.00e+00	9.6739e+00
3.42332e+19	8.1352e+03	4.541e-22	1.0000e+01	1.0420e+01	6.9671e-12	3.9269e-02	9.6073e-01	6.0385e-02	9.3961e-01	3.4576e-10	1.2397e-14	5.2304e-04	5.2945e-01	4.6981e-01	2.1545e-04	4.2188e-02	8.5463e-01	1.0318e-01	1.1755e-36	1.1755e-36	1.1755e-36	6.4507e-22	0.00e+00	0.00e+00	1.0423e+01
3.44730e+19	8.1149e+03	4.577e-22	1.0000e+01	1.0334e+01	1.0277e-11	4.7139e-02	9.5286e-01	6.8915e-02	9.3108e-01	3.2317e-10	1.9672e-14	5.5769e-04	5.6329e-01	4.3599e-01	1.6394e-04	5.2022e-02	8.6642e-01	8.1561e-02	1.1755e-36	1.1755e-36	1.1755e-36	1.1622e-21	0.00e+00	0.00e+00	1.0951e+01
3.46192e+19	8.0921e+03	4.597e-22	1.0000e+01	1.0263e+01	1.3559e-11	5.3568e-02	9.4643e-01	7.5513e-02	9.2449e-01	3.0943e-10	2.7033e-14	5.8078e-04	5.8663e-01	4.1265e-01	1.3470e-04	6.0026e-02	8.7112e-01	6.8858e-02	1.1755e-36	1.1755e-36	1.1755e-36	1.7496e-21	0.00e+00	0.00e+00	1.1340e+01
3.47317e+19	8.0634e+03	4.608e-22	1.0000e+01	1.0204e+01	1.7139e-11	5.9529e-02	9.4047e-01	8.1489e-02	9.1851e-01	2.9846e-10	3.5099e-14	5.9992e-04	6.0619e-01	3.9309e-01	1.1384e-04	6.7425e-02	8.7292e-01	5.9659e-02	1.1755e-36	1.1755e-36	1.1755e-36	2.4505e-21	0.00e+00	0.00e+00	1.1754e+01
3.48585e+19	8.0304e+03	4.614e-22	1.0000e+01	1.0138e+01	2.2705e-11	6.7569e-02	9.3243e-01	8.9432e-02	9.1057e-01	2.8557e-10	4.7997e-14	6.2303e-04	6.2992e-01	3.6937e-01	9.2329e-05	7.7370e-02	8.7267e-01	4.9963e-02	1.1755e-36	1.1755e-36	1.1755e-36	3.6809e-21	0.00e+00	0.00e+00	1.2366e+01
3.49966e+19	8.0069e+03	4.591e-22	1.0000e+01	9.9976e+00	3.1471e-11	7.8523e-02	9.2148e-01	9.9365e-02	9.0064e-01	2.7328e-10	6.8763e-14	6.4367e-04	6.5596e-01	3.4333e-01	7.2042e-05	9.0844e-02	8.6891e-01	4.0244e-02	1.1755e-36	1.1755e-36	1.1755e-36	5.9082e-21	0.00e+00	0.00e+00	1.3024e+01
3.51154e+19	7.9756e+03	4.574e-22	1.0000e+01	9.8770e+00	4.3870e-11	9.1325e-02	9.0867e-01	1.0993e-01	8.9007e-01	2.6283e-10	9.8475e-14	6.6354e-04	6.8083e-01	3.1845e-01	5.6039e-05	1.0646e-01	8.6124e-01	3.2302e-02	1.1755e-36	1.1755e-36	1.1755e-36	9.5490e-21	0.00e+00	0.00e+00	1.3628e+01
3.52091e+19	7.9634e+03	4.529e-22	1.0000e+01	9.7293e+00	5.7943e-11	1.0390e-01	8.9610e-01	1.1963e-01	8.8037e-01	2.5541e-10	1.3315e-13	6.7577e-04	7.0102e-01	2.9826e-01	4.5052e-05	1.2168e-01	8.5173e-01	2.6584e-02	1.1755e-36	1.1755e-36	1.1755e-36	1.4355e-20	0.00e+00	0.00e+00	1.4171e+01
3.52893e+19	7.9297e+03	4.488e-22	1.0000e+01	9.5952e+00	7.6254e-11	1.1732e-01	8.8268e-01	1.2955e-01	8.7045e-01	2.4839e-10	1.7694e-13	6.8708e-04	7.1978e-01	2.7950e-01	3.6505e-05	1.3782e-01	8.4011e-01	2.2069e-02	1.1755e-36	1.1755e-36	1.1755e-36	2.1113e-20	0.00e+00	0.00e+00	1.4747e+01
3.53666e+19	7.9090e+03	4.417e-22	1.0000e+01	9.4199e+00	1.0011e-10	1.3265e-01	8.6735e-01	1.4027e-01	8.5973e-01	2.4221e-10	2.3494e-13	6.9392e-04	7.3791e-01	2.6136e-01	2.9397e-05	1.5609e-01	8.2575e-01	1.8154e-02	1.1755e-36	1.1755e-36	1.1755e-36	3.1122e-20	0.00e+00	0.00e+00	1.5390e+01
3.54422e+19	7.8787e+03	4.335e-22	1.0000e+01	9.2292e+00	1.3484e-10	1.5134e-01	8.4866e-01	1.5239e-01	8.4761e-01	2.3638e-10	3.1850e-13	6.9957e-04	7.5656e-01	2.4271e-01	2.3230e-05	1.7817e-01	8.0717e-01	1.4658e-02	1.1755e-36	1.1755e-36	1.1755e-36	4.7393e-20	0.00e+00	0.00e+00	1.6100e+01
3.55124e+19	7.8500e+03	4.237e-22	1.0000e+01	9.0198e+00	1.8258e-10	1.7302e-01	8.2698e-01	1.6531e-01	8.3469e-01	2.3145e-10	4.3351e-13	7.0195e-04	7.7444e-01	2.2483e-01	1.8244e-05	2.0351e-01	7.8477e-01	1.1721e-02	1.1755e-36	1.1755e-36	1.1755e-36	7.2947e-20	0.00e+00	0.00e+00	1.6823e+01
3.55743e+19	7.8233e+03	4.117e-22	1.0000e+01	8.7790e+00	2.4310e-10	1.9608e-01	8.0392e-01	1.7800e-01	8.2200e-01	2.2794e-10	5.7679e-13	6.9913e-04	7.9020e-01	2.0908e-01	1.4510e-05	2.3015e-01	7.6042e-01	9.4327e-03	1.1755e-36	1.1755e-36	1.1755e-36	1.0912e-19	0.00e+00	0.00e+00	1.7535e+01
3.56297e+19	7.7947e+03	3.983e-22	1.0000e+01	8.5225e+00	3.1970e-10	2.2057e-01	7.7943e-01	1.9070e-01	8.0930e-01	2.2527e-10	7.5420e-13	6.9284e-04	8.0449e-01	1.9481e-01	1.1643e-05	2.5809e-01	7.3428e-01	7.6266e-03	1.1755e-36	1.1755e-36	1.1755e-36	1.5971e-19	0.00e+00	0.00e+00	1.8278e+01
3.56823e+19	7.7651e+03	3.820e-22	1.0000e+01	8.2176e+00	4.1895e-10	2.4718e-01	7.5282e-01	2.0373e-01	7.9627e-01	2.2353e-10	9.7546e-13	6.8097e-04	8.1768e-01	1.8163e-01	9.3652e-06	2.8808e-01	7.0577e-01	6.1452e-03	1.1755e-36	1.1755e-36	1.1755e-36	2.3056e-19	0.00e+00	0.00e+00	1.9087e+01
3.57337e+19	7.7159e+03	3.645e-22	1.0000e+01	7.8974e+00	5.6220e-10	2.7811e-01	7.2189e-01	2.1802e-01	7.8198e-01	2.2217e-10	1.2788e-12	6.6715e-04	8.3098e-01	1.6834e-01	7.4385e-06	3.2246e-01	6.7267e-01	4.8744e-03	1.1755e-36	1.1755e-36	1.1755e-36	3.4069e-19	0.00e+00	0.00e+00	1.9982e+01
3.57827e+19	7.6866e+03	3.444e-22	1.0000e+01	7.5436e+00	7.4229e-10	3.1174e-01	6.8826e-01	2.3220e-01	7.6780e-01	2.2283e-10	1.6599e-12	6.4790e-04	8.4320e-01	1.5614e-01	5.9210e-06	3.5924e-01	6.3692e-01	3.8382e-03	1.1755e-36	1.1755e-36	1.1755e-36	4.9873e-19	0.00e+00	0.00e+00	2.0908e+01
3.58262e+19	7.6381e+03	3.248e-22	1.0000e+01	7.1927e+00	9.7367e-10	3.4611e-01	6.5389e-01	2.4595e-01	7.5405e-01	2.2400e-10	2.1128e-12	6.2741e-04	8.5401e-01	1.4536e-01	4.7833e-06	3.9623e-01	6.0072e-01	3.0506e-03	1.1755e-36	1.1755e-36	1.1755e-36	7.1129e-19	0.00e+00	0.00e+00	2.1784e+01
3.58627e+19	7.5900e+03	3.071e-22	1.0000e+01	6.8810e+00	1.2343e-09	3.7814e-01	6.2186e-01	2.5834e-01	7.4166e-01	2.2555e-10	2.5992e-12	6.0819e-04	8.6305e-01	1.3634e-01	3.9701e-06	4.3016e-01	5.6736e-01	2.4839e-03	1.1755e-36	1.1755e-36	1.1755e-36	9.6797e-19	0.00e+00	0.00e+00	2.2568e+01
3.58937e+19	7.5598e+03	2.899e-22	1.0000e+01	6.5740e+00	1.4882e-09	4.0559e-01	5.9441e-01	2.6856e-01	7.3144e-01	2.2855e-10	3.0495e-12	5.8694e-04	8.7006e-01	1.2935e-01	3.4032e-06	4.5884e-01	5.3908e-01	2.0820e-03	1.1755e-36	1.1755e-36	1.1755e-36	1.2275e-18	0.00e+00	0.00e+00	2.3312e+01
3.59206e+19	7.5064e+03	2.755e-22	1.0000e+01	6.3195e+00	1.7891e-09	4.3185e-01	5.6815e-01	2.7847e-01	7.2153e-01	2.3082e-10	3.5384e-12	5.6961e-04	8.7652e-01	1.2290e-01	2.9529e-06	4.8595e-01	5.1228e-01	1.7702e-03	1.1755e-36	1.1755e-36	1.1755e-36	1.5338e-18	0.00e+00	0.00e+00	2.3990e+01
3.59454e+19	7.4739e+03	2.610e-22	1.0000e+01	6.0604e+00	2.0810e-09	4.5530e-01	5.4470e-01	2.8736e-01	7.1264e-01	2.3394e-10	3.9980e-12	5.5076e-04	8.8201e-01	1.1744e-01	2.6014e-06	5.0989e-01	4.8858e-01	1.5251e-03	1.1755e-36	1.1755e-36	1.1755e-36	1.8416e-18	0.00e+00	0.00e+00	2.4699e+01
3.59693e+19	7.4237e+03	2.473e-22	1.0000e+01	5.8146e+00	2.4388e-09	4.7917e-01	5.2083e-01	2.9644e-01	7.0356e-01	2.3701e-10	4.5115e-12	5.3281e-04	8.8737e-01	1.1210e-01	2.2948e-06	5.3398e-01	4.6471e-01	1.3148e-03	1.1755e-36	1.1755e-36	1.1755e-36	2.2095e-18	0.00e+00	0.00e+00	2.5398e+01
3.59918e+19	7.3669e+03	2.346e-22	1.0000e+01	5.5886e+00	2.8477e-09	5.0241e-01	4.9759e-01	3.0563e-01	6.9437e-01	2.3970e-10	5.0607e-12	5.1620e-04	8.9249e-01	1.0699e-01	2.0328e-06	5.5720e-01	4.4166e-01	1.1384e-03	1.1755e-36	1.1755e-36	1.1755e-36	2.6305e-18	0.00e+00	0.00e+00	2.6092e+01
3.60135e+19	7.3171e+03	2.220e-22	1.0000e+01	5.3590e+00	3.2800e-09	5.2432e-01	4.7568e-01	3.1433e-01	6.8567e-01	2.4325e-10	5.6030e-12	4.9865e-04	8.9716e-01	1.0233e-01	1.8121e-06	5.7887e-01	4.2014e-01	9.9049e-04	1.1755e-36	1.1755e-36	1.1755e-36	3.0703e-18	0.00e+00	0.00e+00	2.6807e+01
3.60344e+19	7.2733e+03	2.099e-22	1.0000e+01	5.1339e+00	3.7314e-09	5.4494e-01	4.5506e-01	3.2256e-01	6.7744e-01	2.4723e-10	6.1366e-12	4.8097e-04	9.0140e-01	9.8115e-02	1.6261e-06	5.9907e-01	4.0006e-01	8.6626e-04	1.1755e-36	1.1755e-36	1.1755e-36	3.5266e-18	0.00e+00	0.00e+00	2.7502e+01
3.60508e+19	7.2435e+03	2.008e-22	1.0000e+01	4.9644e+00	4.1097e-09	5.6117e-01	4.3883e-01	3.2870e-01	6.7130e-01	2.5105e-10	6.5822e-12	4.6733e-04	9.0454e-01	9.4993e-02	1.4969e-06	6.1481e-01	3.8441e-01	7.7925e-04	1.1755e-36	1.1755e-36	1.1755e-36	3.9311e-18	0.00e+00	0.00e+00	2.7952e+01
3.60622e+19	7.1972e+03	1.948e-22	1.0000e+01	4.8526e+00	4.4693e-09	5.7272e-01	4.2728e-01	3.3387e-01	6.6613e-01	2.5265e-10	6.9289e-12	4.5880e-04	9.0695e-01	9.2591e-02	1.4086e-06	6.2598e-01	3.7330e-01	7.2361e-04	1.1755e-36	1.1755e-36	1.1755e-36	4.2537e-18	0.00e+00	0.00e+00	2.8312e+01
3.60726e+19	7.1789e+03	1.890e-22	1.0000e+01	4.7454e+00	4.7293e-09	5.8224e-01	4.1776e-01	3.3822e-01	6.6178e-01	2.5487e-10	7.2040e-12	4.5009e-04	9.0900e-01	9.0553e-02	1.3346e-06	6.3511e-01	3.6421e-01	6.7711e-04	1.1755e-36	1.1755e-36	1.1755e-36	4.5145e-18	0.00e+00	0.00e+00	2.8712e+01
3.60851e+19	7.1299e+03	1.823e-22	1.0000e+01	4.6204e+00	5.1637e-09	5.9437e-01	4.0563e-01	3.4428e-01	6.5572e-01	2.5653e-10	7.5859e-12	4.4034e-04	9.1166e-01	8.7895e-02	1.2458e-06	6.4673e-01	3.5265e-01	6.2373e-04	1.1755e-36	1.1755e-36	1.1755e-36	4.8858e-18	0.00e+00	0.00e+00	2.9241e+01
3.60994e+19	7.0840e+03	1.748e-22	1.0000e+01	4.4793e+00	5.6605e-09	6.0791e-01	3.9209e-01	3.5079e-01	6.4921e-01	2.5912e-10	8.0222e-12	4.2900e-04	9.1450e-01	8.5070e-02	1.1545e-06	6.5961e-01	3.3982e-01	5.6799e-04	1.1755e-36	1.1755e-36	1.1755e-36	5.3279e-18	0.00e+00	0.00e+00	2.9796e+01
3.61132e+19	7.0395e+03	1.677e-22	1.0000e+01	4.3453e+00	6.1778e-09	6.2077e-01	3.7923e-01	3.5708e-01	6.4292e-01	2.6179e-10	8.4527e-12	4.1810e-04	9.1715e-01	8.2433e-02	1.0735e-06	6.7178e-01	3.2771e-01	5.1888e-04	1.1755e-36	1.1755e-36	1.1755e-36	5.7808e-18	0.00e+00	0.00e+00	3.0312e+01
3.61260e+19	6.9872e+03	1.615e-22	1.0000e+01	4.2259e+00	6.7492e-09	6.3281e-01	3.6719e-01	3.6341e-01	6.3659e-01	2.6373e-10	8.8849e-12	4.0850e-04	9.1967e-01	7.9917e-02	1.0016e-06	6.8311e-01	3.1642e-01	4.7665e-04	1.1755e-36	1.1755e-36	1.1755e-36	6.2529e-18	0.00e+00	0.00e+00	3.0809e+01
3.61384e+19	6.9497e+03	1.553e-22	1.0000e+01	4.1068e+00	7.2608e-09	6.4357e-01	3.5643e-01	3.6913e-01	6.3087e-01	2.6642e-10	9.2614e-12	3.9862e-04	9.2195e-01	7.7655e-02	9.3860e-07	6.9319e-01	3.0637e-01	4.3975e-04	1.1755e-36	1.1755e-36	1.1755e-36	6.6721e-18	0.00e+00	0.00e+00	3.1313e+01
3.61514e+19	6.8982e+03	1.491e-22	1.0000e+01	3.9867e+00	7.9073e-09	6.5500e-01	3.4500e-01	3.7567e-01	6.2433e-01	2.6863e-10	9.6916e-12	3.8875e-04	9.2440e-01	7.5206e-02	8.7486e-07	7.0384e-01	2.9575e-01	4.0366e-04	1.1755e-36	1.1755e-36	1.1755e-36	7.1691e-18	0.00e+00	0.00e+00	3.1877e+01
3.61652e+19	6.8450e+03	1.428e-22	1.0000e+01	3.8625e+00	8.6353e-09	6.6683e-01	3.3317e-01	3.8256e-01	6.1744e-01	2.7109e-10	1.0152e-11	3.7842e-04	9.2691e-01	7.2706e-02	8.1273e-07	7.1479e-01	2.8484e-01	3.6875e-04	1.1755e-36	1.1755e-36	1.1755e-36	7.7219e-18	0.00e+00	0.00e+00	3.2462e+01
3.61789e+19	6.7907e+03	1.367e-22	1.0000e+01	3.7416e+00	9.4218e-09	6.7829e-01	3.2171e-01	3.8949e-01	6.1051e-01	2.7356e-10	1.0616e-11	3.6829e-04	9.2935e-01	7.0283e-02	7.5544e-07	7.2537e-01	2.7430e-01	3.3703e-04	1.1755e-36	1.1755e-36	1.1755e-36	8.3004e-18	0.00e+00	0.00e+00	3.3042e+01
3.61923e+19	6.7268e+03	1.309e-22	1.0000e+01	3.6263e+00	1.0336e-08	6.8941e-01	3.1059e-01	3.9664e-01	6.0336e-01	2.7555e-10	1.1096e-11	3.5870e-04	9.3173e-01	6.7911e-02	7.0262e-07	7.3558e-01	2.6412e-01	3.0856e-04	1.1755e-36	1.1755e-36	1.1755e-36	8.9240e-18	0.00e+00	0.00e+00	3.3622e+01
3.62056e+19	6.6655e+03	1.255e-22	1.0000e+01	3.5164e+00	1.1300e-08	7.0010e-01	2.9990e-01	4.0390e-01	5.9610e-01	2.7738e-10	1.1581e-11	3.4945e-04	9.3405e-01	6.5597e-02	6.5364e-07	7.4535e-01	2.5437e-01	2.8267e-04	1.1755e-36	1.1755e-36	1.1755e-36	9.5814e-18	0.00e+00	0.00e+00	3.4210e+01
3.62191e+19	6.6044e+03	1.201e-22	1.0000e+01	3.4066e+00	1.2334e-08	7.1037e-01	2.8963e-01	4.1117e-01	5.8883e-01	2.7941e-10	1.2057e-11	3.4011e-04	9.3631e-01	6.3353e-02	6.0811e-07	7.5470e-01	2.4504e-01	2.5901e-04	1.1755e-36	1.1755e-36	1.1755e-36	1.0253e-17	0.00e+00	0.00e+00	3.4817e+01
3.62328e+19	6.5410e+03	1.147e-22	1.0000e+01	3.2975e+00	1.3487e-08	7.2062e-01	2.7938e-01	4.1881e-01	5.8119e-01	2.8132e-10	1.2559e-11	3.3079e-04	9.3858e-01	6.1092e-02	5.6444e-07	7.6398e-01	2.3578e-01	2.3678e-04	1.1755e-36	1.1755e-36	1.1755e-36	1.0990e-17	0.00e+00	0.00e+00	3.5455e+01
3.62470e+19	6.4723e+03	1.095e-22	1.0000e+01	3.1877e+00	1.4811e-08	7.3086e-01	2.6914e-01	4.2674e-01	5.7326e-01	2.8317e-10	1.3086e-11	3.2140e-04	9.4084e-01	5.8839e-02	5.2296e-07	7.7319e-01	2.2659e-01	2.1601e-04	1.1755e-36	1.1755e-36	1.1755e-36	1.1806e-17	0.00e+00	0.00e+00	3.6114e+01
3.62613e+19	6.3974e+03	1.044e-22	1.0000e+01	3.0791e+00	1.6328e-08	7.4078e-01	2.5922e-01	4.3483e-01	5.6517e-01	2.8494e-10	1.3626e-11	3.1203e-04	9.4305e-01	5.6638e-02	4.8428e-07	7.8212e-01	2.1768e-01	1.9702e-04	1.1755e-36	1.1755e-36	1.1755e-36	1.2688e-17	0.00e+00	0.00e+00	3.6781e+01
3.62755e+19	6.3280e+03	9.954e-23	1.0000e+01	2.9758e+00	1.7902e-08	7.5030e-01	2.4970e-01	4.4306e-01	5.5694e-01	2.8656e-10	1.4176e-11	3.0302e-04	9.4520e-01	5.4492e-02	4.4827e-07	7.9066e-01	2.0916e-01	1.7969e-04	1.1755e-36	1.1755e-36	1.1755e-36	1.3629e-17	0.00e+00	0.00e+00	3.7459e+01
3.62900e+19	6.2478e+03	9.483e-23	1.0000e+01	2.8752e+00	1.9804e-08	7.5989e-01	2.4011e-01	4.5181e-01	5.4819e-01	2.8754e-10	1.4791e-11	2.9431e-04	9.4736e-01	5.2341e-02	4.1421e-07	7.9916e-01	2.0067e-01	1.6367e-04	1.1755e-36	1.1755e-36	1.1755e-36	1.4751e-17	0.00e+00	0.00e+00	3.8160e+01
3.63045e+19	6.1660e+03	9.031e-23	1.0000e+01	2.7762e+00	2.1913e-08	7.6905e-01	2.3095e-01	4.6058e-01	5.3942e-01	2.8858e-10	1.5418e-11	2.8564e-04	9.4944e-01	5.0271e-02	3.8275e-07	8.0729e-01	1.9256e-01	1.4910e-04	1.1755e-36	1.1755e-36	1.1755e-36	1.5968e-17	0.00e+00	0.00e+00	3.8862e+01
3.63191e+19	6.0808e+03	8.599e-23	1.0000e+01	2.6805e+00	2.4289e-08	7.7787e-01	2.2213e-01	4.6954e-01	5.3046e-01	2.8930e-10	1.6082e-11	2.7724e-04	9.5146e-01	4.8259e-02	3.5358e-07	8.1509e-01	1.8477e-01	1.3589e-04	1.1755e-36	1.1755e-36	1.1755e-36	1.7339e-17	0.00e+00	0.00e+00	3.9578e+01
3.63338e+19	5.9865e+03	8.182e-23	1.0000e+01	2.5858e+00	2.7121e-08	7.8654e-01	2.1346e-01	4.7882e-01	5.2118e-01	2.8966e-10	1.6811e-11	2.6892e-04	9.5345e-01	4.6283e-02	3.2623e-07	8.2273e-01	1.7715e-01	1.2375e-04	1.1755e-36	1.1755e-36	1.1755e-36	1.8958e-17	0.00e+00	0.00e+00	4.0315e+01
3.63483e+19	5.8953e+03	7.790e-23	1.0000e+01	2.4960e+00	3.0161e-08	7.9473e-01	2.0527e-01	4.8799e-01	5.1201e-01	2.8991e-10	1.7571e-11	2.6096e-04	9.5532e-01	4.4415e-02	3.0144e-07	8.2994e-01	1.6995e-01	1.1287e-04	1.1755e-36	1.1755e-36	1.1755e-36	2.0754e-17	0.00e+00	0.00e+00	4.1028e+01
3.63624e+19	5.8033e+03	7.425e-23	1.0000e+01	2.4115e+00	3.3506e-08	8.0240e-01	1.9760e-01	4.9715e-01	5.0285e-01	2.8979e-10	1.8373e-11	2.5345e-04	9.5710e-01	4.2644e-02	2.7897e-07	8.3666e-01	1.6324e-01	1.0323e-04	1.1755e-36	1.1755e-36	1.1755e-36	2.2776e-17	0.00e+00	0.00e+00	4.1743e+01
3.63766e+19	5.7075e+03	7.078e-23	1.0000e+01	2.3298e+00	3.7301e-08	8.0981e-01	1.9019e-01	5.0644e-01	4.9356e-01	2.8931e-10	1.9254e-11	2.4618e-04	9.5882e-01	4.0936e-02	2.5818e-07	8.4312e-01	1.5678e-01	9.4465e-05	1.1755e-36	1.1755e-36	1.1755e-36	2.5144e-17	0.00e+00	0.00e+00	4.2465e+01
3.63906e+19	5.6097e+03	6.749e-23	1.0000e+01	2.2512e+00	4.1541e-08	8.1691e-01	1.8309e-01	5.1574e-01	4.8426e-01	2.8860e-10	2.0214e-11	2.3915e-04	9.6045e-01	3.9307e-02	2.3914e-07	8.4930e-01	1.5061e-01	8.6529e-05	1.1755e-36	1.1755e-36	1.1755e-36	2.7901e-17	0.00e+00	0.00e+00	4.3181e+01
3.64043e+19	5.5145e+03	6.439e-23	1.0000e+01	2.1751e+00	4.6033e-08	8.2345e-01	1.7655e-01	5.2471e-01	4.7529e-01	2.8804e-10	2.1201e-11	2.3228e-04	9.6198e-01	3.7789e-02	2.2194e-07	8.5500e-01	1.4492e-01	7.9472e-05	1.1755e-36	1.1755e-36	1.1755e-36	3.0913e-17	0.00e+00	0.00e+00	4.3888e+01
3.64181e+19	5.4120e+03	6.143e-23	1.0000e+01	2.1019e+00	5.1265e-08	8.2994e-01	1.7006e-01	5.3409e-01	4.6591e-01	2.8678e-10	2.2352e-11	2.2571e-04	9.6348e-01	3.6296e-02	2.0577e-07	8.6062e-01	1.3931e-01	7.2942e-05	1.1755e-36	1.1755e-36	1.1755e-36	3.4643e-17	0.00e+00	0.00e+00	4.4619e+01
3.64319e+19	5.3095e+03	5.860e-23	1.0000e+01	2.0314e+00	5.6957e-08	8.3626e-01	1.6374e-01	5.4348e-01	4.5652e-01	2.8532e-10	2.3618e-11	2.1935e-04	9.6491e-01	3.4866e-02	1.9081e-07	8.6608e-01	1.3385e-01	6.6929e-05	1.1755e-36	1.1755e-36	1.1755e-36	3.8987e-17	0.00e+00	0.00e+00	4.5340e+01
3.64455e+19	5.2078e+03	5.591e-23	1.0000e+01	1.9631e+00	6.3018e-08	8.4223e-01	1.5777e-01	5.5278e-01	4.4722e-01	2.8380e-10	2.4970e-11	2.1316e-04	9.6628e-01	3.3510e-02	1.7711e-07	8.7122e-01	1.2872e-01	6.1499e-05	1.1755e-36	1.1755e-36	1.1755e-36	4.3898e-17	0.00e+00	0.00e+00	4.6066e+01
3.64595e+19	5.0953e+03	5.329e-23	1.0000e+01	1.8959e+00	7.0140e-08	8.4830e-01	1.5170e-01	5.6263e-01	4.3736e-01	2.8147e-10	2.6582e-11	2.0714e-04	9.6763e-01	3.2159e-02	1.6400e-07	8.7644e-01	1.2351e-01	5.6362e-05	1.1755e-36	1.1755e-36	1.1755e-36	5.0109e-17	0.00e+00	0.00e+00	4.6828e+01
3.64736e+19	4.9833e+03	5.076e-23	1.0000e+01	1.8288e+00	7.7578e-08	8.5414e-01	1.4586e-01	5.7231e-01	4.2769e-01	2.7942e-10	2.8181e-11	2.0106e-04	9.6894e-01	3.0855e-02	1.5181e-07	8.8145e-01	1.1850e-01	5.1638e-05	1.1755e-36	1.1755e-36	1.1755e-36	5.6603e-17	0.00e+00	0.00e+00	4.7582e+01
3.64879e+19	4.8561e+03	4.831e-23	1.0000e+01	1.7619e+00	8.6092e-08	8.6000e-01	1.4000e-01	5.8249e-01	4.1751e-01	2.7655e-10	2.9167e-11	1.9512e-04	9.7040e-01	2.9408e-02	1.3951e-07	8.8648e-01	1.1348e-01	4.7233e-05	1.1755e-36	1.1755e-36	1.1755e-36	6.0796e-17	0.00e+00	0.00e+00	4.8375e+01
3.65025e+19	4.7270e+03	4.591e-23	1.0000e+01	1.6951e+00	9.4806e-08	8.6581e-01	1.3419e-01	5.9280e-01	4.0720e-01	2.7361e-10	3.0021e-11	1.8917e-04	9.7182e-01	2.7993e-02	1.2794e-07	8.9144e-01	1.0851e-01	4.3096e-05	1.1755e-36	1.1755e-36	1.1755e-36	6.4488e-17	0.00e+00	0.00e+00	4.9181e+01
3.65174e+19	4.5931e+03	4.359e-23	1.0000e+01	1.6292e+00	1.0359e-07	8.7151e-01	1.2849e-01	6.0328e-01	3.9672e-01	2.7035e-10	3.0684e-11	1.8333e-04	9.7320e-01	2.6615e-02	1.1755e-36	8.9631e-01	1.0365e-01	3.9269e-05	1.1755e-36	1.1755e-36	1.1755e-36	6.7318e-17	0.00e+00	0.00e+00	5.0006e+01
3.65323e+19	4.4568e+03	4.138e-23	1.0000e+01	1.5650e+00	1.1189e-07	8.7705e-01	1.2295e-01	6.1374e-01	3.8626e-01	2.6689e-10	3.1085e-11	1.7767e-04	9.7453e-01	2.5294e-02	1.1755e-36	9.0103e-01	9.8938e-02	3.5773e-05	1.1755e-36	1.1755e-36	1.1755e-36	6.8848e-17	0.00e+00	0.00e+00	5.0826e+01
3.65470e+19	4.3204e+03	3.932e-23	1.0000e+01	1.5038e+00	1.1918e-07	8.8230e-01	1.1770e-01	6.2401e-01	3.7599e-01	2.6319e-10	3.1178e-11	1.7234e-04	9.7578e-01	2.4050e-02	1.1755e-36	9.0549e-01	9.4480e-02	3.2646e-05	1.1755e-36	1.1755e-36	1.1755e-36	6.8791e-17	0.00e+00	0.00e+00	5.1631e+01
3.65610e+19	4.1868e+03	3.744e-23	1.0000e+01	1.4467e+00	1.2504e-07	8.8717e-01	1.1283e-01	6.3388e-01	3.6612e-01	2.5939e-10	3.0965e-11	1.6743e-04	9.7693e-01	2.2903e-02	1.1755e-36	9.0963e-01	9.0343e-02	2.9898e-05	1.1755e-36	1.1755e-36	1.1755e-36	6.7142e-17	0.00e+00	0.00e+00	5.2400e+01
3.65744e+19	4.0586e+03	3.574e-23	1.0000e+01	1.3942e+00	1.2930e-07	8.9162e-01	1.0838e-01	6.4323e-01	3.5677e-01	2.5552e-10	3.0492e-11	1.6299e-04	9.7798e-01	2.1861e-02	1.1755e-36	9.1340e-01	8.6569e-02	2.7514e-05	1.1755e-36	1.1755e-36	1.1755e-36	6.4200e-17	0.00e+00	0.00e+00	5.3127e+01
3.65869e+19	3.9364e+03	3.420e-23	1.0000e+01	1.3454e+00	1.3204e-07	8.9575e-01	1.0425e-01	6.5199e-01	3.4801e-01	2.5179e-10	2.9831e-11	1.5894e-04	9.7892e-01	2.0917e-02	1.1755e-36	9.1690e-01	8.3075e-02	2.5418e-05	1.1755e-36	1.1755e-36	1.1755e-36	6.0389e-17	0.00e+00	0.00e+00	5.3820e+01
