#depth	Te	Htot	hden	eden	2H_2/H	HI	HII	HeI	HeII	HeIII	CO/C	C1	C2	C3	C4	O1	O2	O3	O4	O5	O6	H2O/O	AV(point)	AV(extend)	Tau912
1.53192e+14	5.8395e+03	2.450e-21	2.7826e+01	2.9156e+01	8.8768e-11	2.7807e-02	9.7219e-01	1.5278e-01	8.4711e-01	1.0867e-04	6.7464e-14	5.7179e-03	7.6499e-01	2.2929e-01	5.0117e-06	3.3454e-02	9.4989e-01	1.6660e-02	1.5136e-07	1.1755e-36	1.1755e-36	5.8451e-22	0.00e+00	0.00e+00	1.4971e-03
9.19151e+14	5.8309e+03	2.441e-21	2.7826e+01	2.9095e+01	8.9189e-11	2.7746e-02	9.7225e-01	1.5271e-01	8.4718e-01	1.0868e-04	6.6999e-14	5.6880e-03	7.6494e-01	2.2936e-01	5.0275e-06	3.3383e-02	9.4993e-01	1.6684e-02	1.5143e-07	1.1755e-36	1.1755e-36	5.7756e-22	0.00e+00	0.00e+00	7.4723e-03
3.98299e+15	5.8048e+03	2.430e-21	2.7826e+01	2.9088e+01	9.2096e-11	2.7812e-02	9.7219e-01	1.5363e-01	8.4627e-01	1.0755e-04	6.7464e-14	5.6870e-03	7.6625e-01	2.2806e-01	4.9675e-06	3.3477e-02	9.4995e-01	1.6573e-02	1.4828e-07	1.1755e-36	1.1755e-36	5.7971e-22	0.00e+00	0.00e+00	3.1430e-02
1.62383e+16	5.7284e+03	2.400e-21	2.7826e+01	2.9064e+01	1.0373e-10	2.8316e-02	9.7168e-01	1.5777e-01	8.4213e-01	1.0279e-04	7.0715e-14	5.7621e-03	7.7177e-01	2.2246e-01	4.6973e-06	3.4140e-02	9.4986e-01	1.5998e-02	1.3420e-07	1.1755e-36	1.1755e-36	6.0689e-22	0.00e+00	0.00e+00	1.2900e-01
3.87882e+16	5.4843e+03	2.308e-21	2.7826e+01	2.9051e+01	1.3563e-10	2.8358e-02	9.7164e-01	1.6342e-01	8.3649e-01	9.6447e-05	7.1601e-14	5.7931e-03	7.7960e-01	2.1460e-01	4.3858e-06	3.4298e-02	9.5018e-01	1.5521e-02	1.1755e-36	1.1755e-36	1.1755e-36	5.8910e-22	0.00e+00	0.00e+00	2.5602e-01
6.01249e+16	5.2661e+03	2.233e-21	2.7826e+01	2.9039e+01	1.7426e-10	2.8352e-02	9.7165e-01	1.6826e-01	8.3165e-01	9.1282e-05	7.2005e-14	5.8191e-03	7.8616e-01	2.0801e-01	4.1337e-06	3.4385e-02	9.5048e-01	1.5134e-02	1.1755e-36	1.1755e-36	1.1755e-36	5.7092e-22	0.00e+00	0.00e+00	3.4163e-01
7.49376e+16	5.1617e+03	2.200e-21	2.7826e+01	2.9020e+01	2.0218e-10	2.8656e-02	9.7134e-01	1.7228e-01	8.2764e-01	8.7465e-05	7.4088e-14	5.8803e-03	7.9109e-01	2.0302e-01	3.9278e-06	3.4814e-02	9.5049e-01	1.4700e-02	1.1755e-36	1.1755e-36	1.1755e-36	5.8233e-22	0.00e+00	0.00e+00	4.0428e-01
8.92471e+16	5.1034e+03	2.184e-21	2.7826e+01	2.8993e+01	2.2911e-10	2.9364e-02	9.7064e-01	1.7750e-01	8.2242e-01	8.3183e-05	7.8782e-14	5.9970e-03	7.9684e-01	1.9716e-01	3.6760e-06	3.5729e-02	9.5021e-01	1.4063e-02	1.1755e-36	1.1755e-36	1.1755e-36	6.2525e-22	0.00e+00	0.00e+00	4.8775e-01
1.07849e+17	5.0465e+03	2.166e-21	2.7826e+01	2.8943e+01	2.6526e-10	3.0390e-02	9.6961e-01	1.8466e-01	8.1526e-01	7.7878e-05	8.5831e-14	6.1596e-03	8.0423e-01	1.8961e-01	3.3632e-06	3.7044e-02	9.4973e-01	1.3222e-02	1.1755e-36	1.1755e-36	1.1755e-36	6.9333e-22	0.00e+00	0.00e+00	6.0005e-01
1.32032e+17	4.9824e+03	2.150e-21	2.7826e+01	2.8872e+01	3.2203e-10	3.1995e-02	9.6800e-01	1.9515e-01	8.0478e-01	7.1190e-05	9.7508e-14	6.4000e-03	8.1416e-01	1.7944e-01	2.9657e-06	3.9087e-02	9.4881e-01	1.2104e-02	1.1755e-36	1.1755e-36	1.1755e-36	8.1238e-22	0.00e+00	0.00e+00	7.5374e-01
1.63470e+17	4.9224e+03	2.139e-21	2.7826e+01	2.8769e+01	4.1085e-10	3.4533e-02	9.6547e-01	2.1077e-01	7.8917e-01	6.3092e-05	1.1768e-13	6.7540e-03	8.2731e-01	1.6594e-01	2.4804e-06	4.2296e-02	9.4706e-01	1.0647e-02	1.1755e-36	1.1755e-36	1.1755e-36	1.0322e-21	0.00e+00	0.00e+00	9.6940e-01
2.04340e+17	4.8891e+03	2.132e-21	2.7826e+01	2.8623e+01	5.4959e-10	3.8682e-02	9.6132e-01	2.3474e-01	7.6520e-01	5.3640e-05	1.5588e-13	7.2793e-03	8.4448e-01	1.4824e-01	1.9165e-06	4.7505e-02	9.4370e-01	8.7995e-03	1.1755e-36	1.1755e-36	1.1755e-36	1.4918e-21	0.00e+00	0.00e+00	1.2834e+00
2.49402e+17	4.9009e+03	2.127e-21	2.7826e+01	2.8362e+01	7.3224e-10	4.4434e-02	9.5557e-01	2.6572e-01	7.3423e-01	4.4767e-05	2.1943e-13	7.8997e-03	8.6263e-01	1.2947e-01	1.4049e-06	5.4679e-02	9.3837e-01	6.9505e-03	1.1755e-36	1.1755e-36	1.1755e-36	2.3530e-21	0.00e+00	0.00e+00	1.6264e+00
2.92262e+17	4.9721e+03	2.131e-21	2.7826e+01	2.8061e+01	9.4074e-10	5.2005e-02	9.4800e-01	3.0291e-01	6.9705e-01	3.7290e-05	3.2478e-13	8.5744e-03	8.8002e-01	1.1140e-01	9.9248e-07	6.4048e-02	9.3065e-01	5.3069e-03	1.1755e-36	1.1755e-36	1.1755e-36	3.9920e-21	0.00e+00	0.00e+00	2.0083e+00
3.32147e+17	5.0655e+03	2.145e-21	2.7826e+01	2.7691e+01	1.2203e-09	6.1916e-02	9.3808e-01	3.4658e-01	6.5339e-01	3.0963e-05	5.0254e-13	9.2640e-03	8.9625e-01	9.4487e-02	6.7641e-07	7.6229e-02	9.1984e-01	3.9348e-03	1.1755e-36	1.1755e-36	1.1755e-36	7.1764e-21	0.00e+00	0.00e+00	2.4214e+00
3.67585e+17	5.1948e+03	2.152e-21	2.7826e+01	2.7228e+01	1.5345e-09	7.4037e-02	9.2596e-01	3.9387e-01	6.0611e-01	2.5856e-05	7.8764e-13	9.8814e-03	9.1021e-01	7.9907e-02	4.5553e-07	9.1010e-02	9.0612e-01	2.8744e-03	1.1755e-36	1.1755e-36	1.1755e-36	1.3067e-20	0.00e+00	0.00e+00	2.8495e+00
3.98507e+17	5.3104e+03	2.159e-21	2.7826e+01	2.6701e+01	1.9906e-09	8.8862e-02	9.1114e-01	4.4386e-01	5.5612e-01	2.1666e-05	1.2551e-12	1.0411e-02	9.2220e-01	6.7387e-02	3.0374e-07	1.0896e-01	8.8896e-01	2.0827e-03	1.1755e-36	1.1755e-36	1.1755e-36	2.4298e-20	0.00e+00	0.00e+00	3.3014e+00
4.25733e+17	5.4295e+03	2.153e-21	2.7826e+01	2.6085e+01	2.5877e-09	1.0661e-01	8.9339e-01	4.9475e-01	5.0523e-01	1.8208e-05	2.0114e-12	1.0819e-02	9.3228e-01	5.6897e-02	2.0209e-07	1.3025e-01	8.6825e-01	1.5000e-03	1.1755e-36	1.1755e-36	1.1755e-36	4.5438e-20	0.00e+00	0.00e+00	3.7793e+00
4.49909e+17	5.5356e+03	2.134e-21	2.7826e+01	2.5372e+01	3.4385e-09	1.2789e-01	8.7211e-01	5.4536e-01	4.5463e-01	1.5360e-05	3.2474e-12	1.1095e-02	9.4082e-01	4.8087e-02	1.3421e-07	1.5552e-01	8.4340e-01	1.0744e-03	1.1755e-36	1.1755e-36	1.1755e-36	8.5904e-20	0.00e+00	0.00e+00	4.2925e+00
4.71628e+17	5.6236e+03	2.096e-21	2.7826e+01	2.4544e+01	4.6940e-09	1.5338e-01	8.4662e-01	5.9479e-01	4.0519e-01	1.2960e-05	5.2871e-12	1.1232e-02	9.4808e-01	4.0684e-02	1.1755e-36	1.8544e-01	8.1379e-01	7.6476e-04	1.1755e-36	1.1755e-36	1.1755e-36	1.6484e-19	0.00e+00	0.00e+00	4.8476e+00
4.91223e+17	5.6872e+03	2.035e-21	2.7826e+01	2.3590e+01	6.6037e-09	1.8364e-01	8.1636e-01	6.4159e-01	3.5840e-01	1.0977e-05	8.6594e-12	1.1221e-02	9.5428e-01	3.4494e-02	1.1755e-36	2.2050e-01	7.7896e-01	5.4155e-04	1.1755e-36	1.1755e-36	1.1755e-36	3.2162e-19	0.00e+00	0.00e+00	5.4474e+00
5.08920e+17	5.7201e+03	1.950e-21	2.7826e+01	2.2507e+01	9.5923e-09	2.1905e-01	7.8095e-01	6.8515e-01	3.1484e-01	9.3062e-06	1.4236e-11	1.1065e-02	9.5960e-01	2.9333e-02	1.1755e-36	2.6088e-01	7.3874e-01	3.8234e-04	1.1755e-36	1.1755e-36	1.1755e-36	6.3919e-19	0.00e+00	0.00e+00	6.0942e+00
5.24307e+17	5.7191e+03	1.844e-21	2.7826e+01	2.1340e+01	1.4153e-08	2.5809e-01	7.4191e-01	7.2242e-01	2.7757e-01	8.0271e-06	2.2950e-11	1.0781e-02	9.6398e-01	2.5234e-02	1.1755e-36	3.0463e-01	6.9510e-01	2.7364e-04	1.1755e-36	1.1755e-36	1.1755e-36	1.2635e-18	0.00e+00	0.00e+00	6.7276e+00
5.33459e+17	5.7055e+03	1.764e-21	2.7826e+01	2.0499e+01	1.8419e-08	2.8609e-01	7.1391e-01	7.4242e-01	2.5757e-01	7.4270e-06	3.1115e-11	1.0516e-02	9.6636e-01	2.3124e-02	1.1755e-36	3.3551e-01	6.6427e-01	2.2200e-04	1.1755e-36	1.1755e-36	1.1755e-36	1.9907e-18	0.00e+00	0.00e+00	6.9455e+00
5.36562e+17	5.6946e+03	1.734e-21	2.7826e+01	2.0198e+01	2.0299e-08	2.9626e-01	7.0374e-01	7.4920e-01	2.5080e-01	7.2228e-06	3.4625e-11	1.0414e-02	9.6716e-01	2.2427e-02	1.1755e-36	3.4663e-01	6.5316e-01	2.0635e-04	1.1755e-36	1.1755e-36	1.1755e-36	2.3417e-18	0.00e+00	0.00e+00	7.0429e+00
5.38508e+17	5.6913e+03	1.712e-21	2.7826e+01	1.9982e+01	2.1449e-08	3.0249e-01	6.9751e-01	7.5335e-01	2.4664e-01	7.1081e-06	3.6877e-11	1.0335e-02	9.6767e-01	2.1998e-02	1.1755e-36	3.5341e-01	6.4639e-01	1.9686e-04	1.1755e-36	1.1755e-36	1.1755e-36	2.5742e-18	0.00e+00	0.00e+00	7.1503e+00
5.40831e+17	5.6742e+03	1.689e-21	2.7826e+01	1.9771e+01	2.3399e-08	3.1105e-01	6.8895e-01	7.5912e-01	2.4087e-01	6.9192e-06	4.0408e-11	1.0268e-02	9.6834e-01	2.1397e-02	1.1755e-36	3.6272e-01	6.3710e-01	1.8524e-04	1.1755e-36	1.1755e-36	1.1755e-36	2.9629e-18	0.00e+00	0.00e+00	7.2938e+00
5.43721e+17	5.6555e+03	1.657e-21	2.7826e+01	1.9465e+01	2.5927e-08	3.2152e-01	6.7848e-01	7.6595e-01	2.3405e-01	6.7087e-06	4.5011e-11	1.0159e-02	9.6913e-01	2.0711e-02	1.1755e-36	3.7404e-01	6.2579e-01	1.7198e-04	1.1755e-36	1.1755e-36	1.1755e-36	3.4990e-18	0.00e+00	0.00e+00	7.4719e+00
5.46913e+17	5.6341e+03	1.620e-21	2.7826e+01	1.9119e+01	2.9073e-08	3.3343e-01	6.6657e-01	7.7313e-01	2.2687e-01	6.4954e-06	5.0747e-11	1.0031e-02	9.6998e-01	1.9990e-02	1.1755e-36	3.8685e-01	6.1299e-01	1.5836e-04	1.1755e-36	1.1755e-36	1.1755e-36	4.2211e-18	0.00e+00	0.00e+00	7.6613e+00
5.50023e+17	5.6086e+03	1.583e-21	2.7826e+01	1.8785e+01	3.2748e-08	3.4570e-01	6.5430e-01	7.8004e-01	2.1995e-01	6.2899e-06	5.7367e-11	9.9062e-03	9.7080e-01	1.9294e-02	1.1755e-36	3.9998e-01	5.9988e-01	1.4586e-04	1.1755e-36	1.1755e-36	1.1755e-36	5.1311e-18	0.00e+00	0.00e+00	7.8428e+00
5.52848e+17	5.5858e+03	1.547e-21	2.7826e+01	1.8448e+01	3.6426e-08	3.5689e-01	6.4311e-01	7.8598e-01	2.1401e-01	6.1251e-06	6.3960e-11	9.7733e-03	9.7152e-01	1.8704e-02	1.1755e-36	4.1189e-01	5.8798e-01	1.3539e-04	1.1755e-36	1.1755e-36	1.1755e-36	6.1131e-18	0.00e+00	0.00e+00	8.0097e+00
5.55497e+17	5.5619e+03	1.512e-21	2.7826e+01	1.8128e+01	4.0429e-08	3.6782e-01	6.3218e-01	7.9159e-01	2.0840e-01	5.9696e-06	7.1106e-11	9.6448e-03	9.7220e-01	1.8151e-02	1.1755e-36	4.2346e-01	5.7641e-01	1.2602e-04	1.1755e-36	1.1755e-36	1.1755e-36	7.2629e-18	0.00e+00	0.00e+00	8.1800e+00
5.58147e+17	5.5329e+03	1.476e-21	2.7826e+01	1.7790e+01	4.5156e-08	3.7907e-01	6.2093e-01	7.9714e-01	2.0285e-01	5.8175e-06	7.9293e-11	9.5071e-03	9.7288e-01	1.7610e-02	1.1755e-36	4.3532e-01	5.6456e-01	1.1720e-04	1.1755e-36	1.1755e-36	1.1755e-36	8.6965e-18	0.00e+00	0.00e+00	8.3574e+00
5.60750e+17	5.5015e+03	1.441e-21	2.7826e+01	1.7470e+01	5.0619e-08	3.9070e-01	6.0930e-01	8.0257e-01	1.9743e-01	5.6666e-06	8.8791e-11	9.3762e-03	9.7355e-01	1.7074e-02	1.1755e-36	4.4751e-01	5.5238e-01	1.0892e-04	1.1755e-36	1.1755e-36	1.1755e-36	1.0511e-17	0.00e+00	0.00e+00	8.5320e+00
5.63200e+17	5.4712e+03	1.406e-21	2.7826e+01	1.7147e+01	5.6380e-08	4.0170e-01	5.9830e-01	8.0744e-01	1.9255e-01	5.5382e-06	9.8715e-11	9.2400e-03	9.7416e-01	1.6597e-02	1.1755e-36	4.5898e-01	5.4091e-01	1.0168e-04	1.1755e-36	1.1755e-36	1.1755e-36	1.2580e-17	0.00e+00	0.00e+00	8.6983e+00
5.65532e+17	5.4399e+03	1.372e-21	2.7826e+01	1.6834e+01	6.2708e-08	4.1247e-01	5.8753e-01	8.1206e-01	1.8794e-01	5.4177e-06	1.0956e-10	9.1061e-03	9.7475e-01	1.6148e-02	1.1755e-36	4.7016e-01	5.2974e-01	9.5114e-05	1.1755e-36	1.1755e-36	1.1755e-36	1.5040e-17	0.00e+00	0.00e+00	8.8655e+00
5.67828e+17	5.4073e+03	1.337e-21	2.7826e+01	1.6521e+01	6.9836e-08	4.2334e-01	5.7666e-01	8.1654e-01	1.8346e-01	5.3017e-06	1.2178e-10	8.9710e-03	9.7532e-01	1.5712e-02	1.1755e-36	4.8138e-01	5.1853e-01	8.8979e-05	1.1755e-36	1.1755e-36	1.1755e-36	1.8061e-17	0.00e+00	0.00e+00	9.0355e+00
5.70090e+17	5.3668e+03	1.303e-21	2.7826e+01	1.6197e+01	7.8488e-08	4.3434e-01	5.6566e-01	8.2092e-01	1.7907e-01	5.1884e-06	1.3595e-10	8.8305e-03	9.7588e-01	1.5289e-02	1.1755e-36	4.9270e-01	5.0722e-01	8.3283e-05	1.1755e-36	1.1755e-36	1.1755e-36	2.1937e-17	0.00e+00	0.00e+00	9.2064e+00
5.72226e+17	5.3393e+03	1.269e-21	2.7826e+01	1.5890e+01	8.6399e-08	4.4450e-01	5.5550e-01	8.2474e-01	1.7525e-01	5.0991e-06	1.4988e-10	8.6921e-03	9.7639e-01	1.4921e-02	1.1755e-36	5.0308e-01	4.9684e-01	7.8259e-05	1.1755e-36	1.1755e-36	1.1755e-36	2.6027e-17	0.00e+00	0.00e+00	9.3650e+00
5.74351e+17	5.2982e+03	1.236e-21	2.7826e+01	1.5580e+01	9.6943e-08	4.5531e-01	5.4469e-01	8.2878e-01	1.7122e-01	4.9964e-06	1.6740e-10	8.5551e-03	9.7692e-01	1.4530e-02	1.1755e-36	5.1409e-01	4.8583e-01	7.3381e-05	1.1755e-36	1.1755e-36	1.1755e-36	3.1729e-17	0.00e+00	0.00e+00	9.5425e+00
5.76480e+17	5.2547e+03	1.203e-21	2.7826e+01	1.5270e+01	1.0918e-07	4.6633e-01	5.3367e-01	8.3266e-01	1.6734e-01	4.8990e-06	1.8773e-10	8.4171e-03	9.7743e-01	1.4151e-02	1.1755e-36	5.2526e-01	4.7467e-01	6.8794e-05	1.1755e-36	1.1755e-36	1.1755e-36	3.9048e-17	0.00e+00	0.00e+00	9.7096e+00
5.78410e+17	5.2143e+03	1.172e-21	2.7826e+01	1.4990e+01	1.2186e-07	4.7653e-01	5.2347e-01	8.3613e-01	1.6387e-01	4.8121e-06	2.0908e-10	8.2915e-03	9.7790e-01	1.3812e-02	1.1755e-36	5.3556e-01	4.6438e-01	6.4830e-05	1.1755e-36	1.1755e-36	1.1755e-36	4.7508e-17	0.00e+00	0.00e+00	9.8620e+00
5.80195e+17	5.1853e+03	1.143e-21	2.7826e+01	1.4712e+01	1.3318e-07	4.8547e-01	5.1453e-01	8.3905e-01	1.6094e-01	4.7508e-06	2.2896e-10	8.1611e-03	9.7831e-01	1.3531e-02	1.1755e-36	5.4452e-01	4.5542e-01	6.1430e-05	1.1755e-36	1.1755e-36	1.1755e-36	5.6000e-17	0.00e+00	0.00e+00	1.0011e+01
5.82098e+17	5.1367e+03	1.112e-21	2.7826e+01	1.4416e+01	1.5029e-07	4.9588e-01	5.0412e-01	8.4251e-01	1.5748e-01	4.6645e-06	2.5742e-10	8.0276e-03	9.7877e-01	1.3197e-02	1.1755e-36	5.5494e-01	4.4500e-01	5.7831e-05	1.1755e-36	1.1755e-36	1.1755e-36	6.9543e-17	0.00e+00	0.00e+00	1.0191e+01
5.84032e+17	5.0915e+03	1.081e-21	2.7826e+01	1.4119e+01	1.6894e-07	5.0630e-01	4.9370e-01	8.4573e-01	1.5426e-01	4.5896e-06	2.8934e-10	7.8904e-03	9.7922e-01	1.2885e-02	1.1755e-36	5.6532e-01	4.3463e-01	5.4448e-05	1.1755e-36	1.1755e-36	1.1755e-36	8.6351e-17	0.00e+00	0.00e+00	1.0351e+01
5.85755e+17	5.0428e+03	1.053e-21	2.7826e+01	1.3860e+01	1.9006e-07	5.1615e-01	4.8385e-01	8.4874e-01	1.5126e-01	4.5125e-06	3.2533e-10	7.7734e-03	9.7963e-01	1.2592e-02	1.1755e-36	5.7508e-01	4.2487e-01	5.1505e-05	1.1755e-36	1.1755e-36	1.1755e-36	1.0747e-16	0.00e+00	0.00e+00	1.0500e+01
5.87310e+17	5.0075e+03	1.028e-21	2.7826e+01	1.3612e+01	2.0848e-07	5.2448e-01	4.7552e-01	8.5117e-01	1.4883e-01	4.4615e-06	3.5804e-10	7.6562e-03	9.7999e-01	1.2359e-02	1.1755e-36	5.8330e-01	4.1665e-01	4.9052e-05	1.1755e-36	1.1755e-36	1.1755e-36	1.2839e-16	0.00e+00	0.00e+00	1.0636e+01
5.88881e+17	4.9567e+03	1.002e-21	2.7826e+01	1.3361e+01	2.3420e-07	5.3362e-01	4.6638e-01	8.5389e-01	1.4611e-01	4.3933e-06	3.9626e-10	7.5417e-03	9.8037e-01	1.2086e-02	1.1755e-36	5.9231e-01	4.0765e-01	4.6576e-05	1.1755e-36	1.1755e-36	1.1755e-36	1.5541e-16	0.00e+00	0.00e+00	1.0792e+01
5.90475e+17	4.9199e+03	9.753e-22	2.7826e+01	1.3098e+01	2.5753e-07	5.4207e-01	4.5793e-01	8.5622e-01	1.4378e-01	4.3495e-06	4.3221e-10	7.4154e-03	9.8073e-01	1.1855e-02	1.1755e-36	6.0060e-01	3.9936e-01	4.4299e-05	1.1755e-36	1.1755e-36	1.1755e-36	1.8280e-16	0.00e+00	0.00e+00	1.0937e+01
5.92073e+17	4.8699e+03	9.491e-22	2.7826e+01	1.2835e+01	2.8914e-07	5.5122e-01	4.4878e-01	8.5878e-01	1.4122e-01	4.2910e-06	4.7765e-10	7.2928e-03	9.8111e-01	1.1597e-02	1.1755e-36	6.0952e-01	3.9044e-01	4.2033e-05	1.1755e-36	1.1755e-36	1.1755e-36	2.2093e-16	0.00e+00	0.00e+00	1.1099e+01
5.93678e+17	4.8201e+03	9.231e-22	2.7826e+01	1.2575e+01	3.2468e-07	5.6038e-01	4.3962e-01	8.6124e-01	1.3876e-01	4.2363e-06	5.2837e-10	7.1707e-03	9.8148e-01	1.1349e-02	1.1755e-36	6.1842e-01	3.8154e-01	3.9885e-05	1.1755e-36	1.1755e-36	1.1755e-36	2.6771e-16	0.00e+00	0.00e+00	1.1250e+01
5.95145e+17	4.7681e+03	8.997e-22	2.7826e+01	1.2336e+01	3.6457e-07	5.6899e-01	4.3101e-01	8.6352e-01	1.3647e-01	4.1826e-06	5.8302e-10	7.0597e-03	9.8182e-01	1.1117e-02	1.1755e-36	6.2678e-01	3.7319e-01	3.7991e-05	1.1755e-36	1.1755e-36	1.1755e-36	3.2339e-16	0.00e+00	0.00e+00	1.1390e+01
5.96486e+17	4.7298e+03	8.777e-22	2.7826e+01	1.2117e+01	3.9966e-07	5.7648e-01	4.2352e-01	8.6543e-01	1.3457e-01	4.1450e-06	6.3332e-10	6.9544e-03	9.8212e-01	1.0924e-02	1.1755e-36	6.3400e-01	3.6597e-01	3.6358e-05	1.1755e-36	1.1755e-36	1.1755e-36	3.7857e-16	0.00e+00	0.00e+00	1.1520e+01
5.97855e+17	4.6790e+03	8.556e-22	2.7826e+01	1.1887e+01	4.4694e-07	5.8454e-01	4.1546e-01	8.6755e-01	1.3245e-01	4.0966e-06	6.9643e-10	6.8469e-03	9.8244e-01	1.0710e-02	1.1755e-36	6.4177e-01	3.5820e-01	3.4710e-05	1.1755e-36	1.1755e-36	1.1755e-36	4.5467e-16	0.00e+00	0.00e+00	1.1670e+01
5.99273e+17	4.6295e+03	8.330e-22	2.7826e+01	1.1652e+01	4.9942e-07	5.9274e-01	4.0726e-01	8.6959e-01	1.3040e-01	4.0529e-06	7.6673e-10	6.7359e-03	9.8276e-01	1.0502e-02	1.1755e-36	6.4963e-01	3.5033e-01	3.3101e-05	1.1755e-36	1.1755e-36	1.1755e-36	5.4733e-16	0.00e+00	0.00e+00	1.1813e+01
6.00618e+17	4.5804e+03	8.116e-22	2.7826e+01	1.1429e+01	5.5657e-07	6.0057e-01	3.9943e-01	8.7152e-01	1.2848e-01	4.0117e-06	8.4182e-10	6.6304e-03	9.8306e-01	1.0305e-02	1.1755e-36	6.5711e-01	3.4286e-01	3.1634e-05	1.1755e-36	1.1755e-36	1.1755e-36	6.5578e-16	0.00e+00	0.00e+00	1.1952e+01
6.01913e+17	4.5313e+03	7.912e-22	2.7826e+01	1.1214e+01	6.1938e-07	6.0813e-01	3.9187e-01	8.7336e-01	1.2664e-01	3.9721e-06	9.2280e-10	6.5287e-03	9.8335e-01	1.0117e-02	1.1755e-36	6.6432e-01	3.3565e-01	3.0274e-05	1.1755e-36	1.1755e-36	1.1755e-36	7.8366e-16	0.00e+00	0.00e+00	1.2088e+01
6.03181e+17	4.4788e+03	7.716e-22	2.7826e+01	1.1007e+01	6.9277e-07	6.1578e-01	3.8421e-01	8.7524e-01	1.2475e-01	3.9273e-06	1.0151e-09	6.4325e-03	9.8364e-01	9.9260e-03	1.1755e-36	6.7159e-01	3.2838e-01	2.8971e-05	1.1755e-36	1.1755e-36	1.1755e-36	9.4328e-16	0.00e+00	0.00e+00	1.2224e+01
6.04406e+17	4.4319e+03	7.525e-22	2.7826e+01	1.0798e+01	7.6592e-07	6.2277e-01	3.7723e-01	8.7685e-01	1.2315e-01	3.8967e-06	1.1064e-09	6.3329e-03	9.8391e-01	9.7588e-03	1.1755e-36	6.7821e-01	3.2176e-01	2.7798e-05	1.1755e-36	1.1755e-36	1.1755e-36	1.1156e-15	0.00e+00	0.00e+00	1.2354e+01
6.05623e+17	4.3794e+03	7.339e-22	2.7826e+01	1.0600e+01	8.5469e-07	6.3015e-01	3.6985e-01	8.7864e-01	1.2136e-01	3.8540e-06	1.2149e-09	6.2410e-03	9.8418e-01	9.5779e-03	1.1755e-36	6.8517e-01	3.1480e-01	2.6631e-05	1.1755e-36	1.1755e-36	1.1755e-36	1.3384e-15	0.00e+00	0.00e+00	1.2492e+01
6.06845e+17	4.3277e+03	7.153e-22	2.7826e+01	1.0396e+01	9.5101e-07	6.3731e-01	3.6269e-01	8.8029e-01	1.1971e-01	3.8189e-06	1.3303e-09	6.1449e-03	9.8445e-01	9.4078e-03	1.1755e-36	6.9192e-01	3.0806e-01	2.5529e-05	1.1755e-36	1.1755e-36	1.1755e-36	1.5979e-15	0.00e+00	0.00e+00	1.2626e+01
6.08036e+17	4.2762e+03	6.973e-22	2.7826e+01	1.0198e+01	1.0561e-06	6.4432e-01	3.5568e-01	8.8189e-01	1.1810e-01	3.7844e-06	1.4542e-09	6.0520e-03	9.8471e-01	9.2424e-03	1.1755e-36	6.9850e-01	3.0148e-01	2.4489e-05	1.1755e-36	1.1755e-36	1.1755e-36	1.9015e-15	0.00e+00	0.00e+00	1.2760e+01
6.09222e+17	4.2237e+03	6.796e-22	2.7826e+01	1.0001e+01	1.1728e-06	6.5130e-01	3.4870e-01	8.8348e-01	1.1651e-01	3.7502e-06	1.5893e-09	5.9598e-03	9.8496e-01	9.0790e-03	1.1755e-36	7.0503e-01	2.9495e-01	2.3490e-05	1.1755e-36	1.1755e-36	1.1755e-36	2.2616e-15	0.00e+00	0.00e+00	1.2897e+01
6.10415e+17	4.1649e+03	6.621e-22	2.7826e+01	9.8005e+00	1.3123e-06	6.5844e-01	3.4156e-01	8.8512e-01	1.1488e-01	3.7125e-06	1.7433e-09	5.8681e-03	9.8522e-01	8.9118e-03	1.1755e-36	7.1170e-01	2.8828e-01	2.2519e-05	1.1755e-36	1.1755e-36	1.1755e-36	2.7117e-15	0.00e+00	0.00e+00	1.3035e+01
6.11574e+17	4.1157e+03	6.451e-22	2.7826e+01	9.6099e+00	1.4435e-06	6.6506e-01	3.3493e-01	8.8655e-01	1.1345e-01	3.6848e-06	1.8915e-09	5.7777e-03	9.8546e-01	8.7626e-03	1.1755e-36	7.1786e-01	2.8212e-01	2.1624e-05	1.1755e-36	1.1755e-36	1.1755e-36	3.1790e-15	0.00e+00	0.00e+00	1.3166e+01
6.12755e+17	4.0519e+03	6.282e-22	2.7826e+01	9.4103e+00	1.6179e-06	6.7223e-01	3.2777e-01	8.8819e-01	1.1180e-01	3.6449e-06	2.0731e-09	5.6881e-03	9.8572e-01	8.5953e-03	1.1755e-36	7.2452e-01	2.7546e-01	2.0720e-05	1.1755e-36	1.1755e-36	1.1755e-36	3.8064e-15	0.00e+00	0.00e+00	1.3312e+01
6.13948e+17	4.0000e+03	6.111e-22	2.7826e+01	9.2137e+00	1.7771e-06	6.7892e-01	3.2108e-01	8.8959e-01	1.1040e-01	3.6196e-06	2.2441e-09	5.5951e-03	9.8596e-01	8.4482e-03	1.1755e-36	7.3070e-01	2.6928e-01	1.9873e-05	1.1755e-36	1.1755e-36	1.1755e-36	4.4416e-15	0.00e+00	0.00e+00	1.3449e+01
###########################
1.53192e+14	5.8410e+03	2.450e-21	2.7826e+01	2.9156e+01	8.8471e-11	2.7799e-02	9.7220e-01	1.5275e-01	8.4714e-01	1.0869e-04	6.7321e-14	5.6359e-03	7.6500e-01	2.2936e-01	5.0207e-06	3.3444e-02	9.4989e-01	1.6664e-02	1.5143e-07	1.1755e-36	1.1755e-36	5.8257e-22	0.00e+00	0.00e+00	1.4967e-03
9.19151e+14	5.8318e+03	2.442e-21	2.7826e+01	2.9099e+01	8.8983e-11	2.7742e-02	9.7226e-01	1.5271e-01	8.4718e-01	1.0867e-04	6.6903e-14	5.6018e-03	7.6500e-01	2.2939e-01	5.0313e-06	3.3377e-02	9.4994e-01	1.6687e-02	1.5148e-07	1.1755e-36	1.1755e-36	5.7623e-22	0.00e+00	0.00e+00	7.4709e-03
3.98299e+15	5.8076e+03	2.430e-21	2.7826e+01	2.9088e+01	9.1620e-11	2.7795e-02	9.7221e-01	1.5358e-01	8.4631e-01	1.0759e-04	6.7291e-14	5.6103e-03	7.6625e-01	2.2814e-01	4.9712e-06	3.3455e-02	9.4996e-01	1.6584e-02	1.4846e-07	1.1755e-36	1.1755e-36	5.7755e-22	0.00e+00	0.00e+00	3.1414e-02
1.62383e+16	5.7322e+03	2.401e-21	2.7826e+01	2.9065e+01	1.0301e-10	2.8290e-02	9.7171e-01	1.5771e-01	8.4219e-01	1.0284e-04	7.0495e-14	5.7017e-03	7.7177e-01	2.2252e-01	4.7003e-06	3.4105e-02	9.4988e-01	1.6017e-02	1.3446e-07	1.1755e-36	1.1755e-36	6.0417e-22	0.00e+00	0.00e+00	1.2889e-01
3.87882e+16	5.4863e+03	2.309e-21	2.7826e+01	2.9052e+01	1.3501e-10	2.8340e-02	9.7166e-01	1.6337e-01	8.3653e-01	9.6474e-05	7.1448e-14	5.7548e-03	7.7971e-01	2.1453e-01	4.3837e-06	3.4274e-02	9.5019e-01	1.5538e-02	1.1755e-36	1.1755e-36	1.1755e-36	5.8700e-22	0.00e+00	0.00e+00	2.5583e-01
6.00626e+16	5.2669e+03	2.233e-21	2.7826e+01	2.9039e+01	1.7370e-10	2.8332e-02	9.7167e-01	1.6820e-01	8.3171e-01	9.1323e-05	7.1857e-14	5.7919e-03	7.8632e-01	2.0789e-01	4.1306e-06	3.4361e-02	9.5049e-01	1.5152e-02	1.1755e-36	1.1755e-36	1.1755e-36	5.6886e-22	0.00e+00	0.00e+00	3.4076e-01
7.47358e+16	5.1627e+03	2.200e-21	2.7826e+01	2.9021e+01	2.0141e-10	2.8631e-02	9.7137e-01	1.7217e-01	8.2774e-01	8.7541e-05	7.3913e-14	5.8576e-03	7.9122e-01	2.0292e-01	3.9262e-06	3.4783e-02	9.5050e-01	1.4721e-02	1.1755e-36	1.1755e-36	1.1755e-36	5.8002e-22	0.00e+00	0.00e+00	4.0258e-01
8.88677e+16	5.1047e+03	2.185e-21	2.7826e+01	2.8995e+01	2.2803e-10	2.9330e-02	9.7067e-01	1.7733e-01	8.2259e-01	8.3306e-05	7.8548e-14	5.9761e-03	7.9692e-01	1.9710e-01	3.6769e-06	3.5685e-02	9.5022e-01	1.4090e-02	1.1755e-36	1.1755e-36	1.1755e-36	6.2235e-22	0.00e+00	0.00e+00	4.8492e-01
1.07239e+17	5.0479e+03	2.166e-21	2.7826e+01	2.8945e+01	2.6370e-10	3.0340e-02	9.6966e-01	1.8439e-01	8.1553e-01	7.8055e-05	8.5475e-14	6.1402e-03	8.0423e-01	1.8962e-01	3.3674e-06	3.6980e-02	9.4976e-01	1.3258e-02	1.1755e-36	1.1755e-36	1.1755e-36	6.8901e-22	0.00e+00	0.00e+00	5.9564e-01
1.31122e+17	4.9837e+03	2.150e-21	2.7826e+01	2.8875e+01	3.1966e-10	3.1918e-02	9.6808e-01	1.9472e-01	8.0521e-01	7.1434e-05	9.6935e-14	6.3815e-03	8.1406e-01	1.7956e-01	2.9740e-06	3.8989e-02	9.4886e-01	1.2151e-02	1.1755e-36	1.1755e-36	1.1755e-36	8.0553e-22	0.00e+00	0.00e+00	7.4706e-01
1.62170e+17	4.9230e+03	2.139e-21	2.7826e+01	2.8774e+01	4.0716e-10	3.4409e-02	9.6559e-01	2.1008e-01	7.8986e-01	6.3406e-05	1.1666e-13	6.7351e-03	8.2707e-01	1.6619e-01	2.4933e-06	4.2139e-02	9.4715e-01	1.0710e-02	1.1755e-36	1.1755e-36	1.1755e-36	1.0196e-21	0.00e+00	0.00e+00	9.5927e-01
2.02533e+17	4.8882e+03	2.131e-21	2.7826e+01	2.8631e+01	5.4357e-10	3.8468e-02	9.6153e-01	2.3360e-01	7.6634e-01	5.4026e-05	1.5381e-13	7.2584e-03	8.4405e-01	1.4869e-01	1.9337e-06	4.7238e-02	9.4388e-01	8.8801e-03	1.1755e-36	1.1755e-36	1.1755e-36	1.4642e-21	0.00e+00	0.00e+00	1.2677e+00
2.47430e+17	4.8971e+03	2.127e-21	2.7826e+01	2.8374e+01	7.2529e-10	4.4139e-02	9.5586e-01	2.6425e-01	7.3570e-01	4.5113e-05	2.1596e-13	7.8836e-03	8.6218e-01	1.2993e-01	1.4202e-06	5.4314e-02	9.3866e-01	7.0285e-03	1.1755e-36	1.1755e-36	1.1755e-36	2.3013e-21	0.00e+00	0.00e+00	1.6103e+00
2.90475e+17	4.9653e+03	2.130e-21	2.7826e+01	2.8076e+01	9.3475e-10	5.1641e-02	9.4836e-01	3.0125e-01	6.9872e-01	3.7567e-05	3.1939e-13	8.5681e-03	8.7966e-01	1.1177e-01	1.0036e-06	6.3601e-02	9.3103e-01	5.3714e-03	1.1755e-36	1.1755e-36	1.1755e-36	3.9002e-21	0.00e+00	0.00e+00	1.9907e+00
3.30457e+17	5.0579e+03	2.143e-21	2.7826e+01	2.7709e+01	1.2119e-09	6.1438e-02	9.3856e-01	3.4461e-01	6.5536e-01	3.1205e-05	4.9340e-13	9.2688e-03	8.9592e-01	9.4809e-02	6.8475e-07	7.5647e-02	9.2037e-01	3.9882e-03	1.1755e-36	1.1755e-36	1.1755e-36	6.9996e-21	0.00e+00	0.00e+00	2.4014e+00
3.65996e+17	5.1860e+03	2.151e-21	2.7826e+01	2.7251e+01	1.5241e-09	7.3426e-02	9.2657e-01	3.9163e-01	6.0834e-01	2.6064e-05	7.7222e-13	9.9002e-03	9.0993e-01	8.0169e-02	4.6150e-07	9.0270e-02	9.0681e-01	2.9172e-03	1.1755e-36	1.1755e-36	1.1755e-36	1.2725e-20	0.00e+00	0.00e+00	2.8276e+00
3.97067e+17	5.3014e+03	2.158e-21	2.7826e+01	2.6727e+01	1.9764e-09	8.8114e-02	9.1189e-01	4.4148e-01	5.5850e-01	2.1841e-05	1.2298e-12	1.0446e-02	9.2198e-01	6.7573e-02	3.0769e-07	1.0806e-01	8.8983e-01	2.1150e-03	1.1755e-36	1.1755e-36	1.1755e-36	2.3649e-20	0.00e+00	0.00e+00	3.2782e+00
4.24450e+17	5.4207e+03	2.153e-21	2.7826e+01	2.6115e+01	2.5683e-09	1.0573e-01	8.9427e-01	4.9235e-01	5.0763e-01	1.8354e-05	1.9709e-12	1.0871e-02	9.3212e-01	5.7007e-02	2.0457e-07	1.2920e-01	8.6928e-01	1.5235e-03	1.1755e-36	1.1755e-36	1.1755e-36	4.4237e-20	0.00e+00	0.00e+00	3.7549e+00
4.48752e+17	5.5275e+03	2.134e-21	2.7826e+01	2.5408e+01	3.4103e-09	1.2685e-01	8.7315e-01	5.4307e-01	4.5691e-01	1.5467e-05	3.1832e-12	1.1165e-02	9.4070e-01	4.8138e-02	1.3574e-07	1.5430e-01	8.4461e-01	1.0914e-03	1.1755e-36	1.1755e-36	1.1755e-36	8.3676e-20	0.00e+00	0.00e+00	4.2663e+00
4.70557e+17	5.6163e+03	2.097e-21	2.7826e+01	2.4584e+01	4.6496e-09	1.5213e-01	8.4787e-01	5.9247e-01	4.0752e-01	1.3064e-05	5.1799e-12	1.1318e-02	9.4799e-01	4.0695e-02	1.1755e-36	1.8400e-01	8.1522e-01	7.7717e-04	1.1755e-36	1.1755e-36	1.1755e-36	1.6048e-19	0.00e+00	0.00e+00	4.8186e+00
4.90218e+17	5.6811e+03	2.037e-21	2.7826e+01	2.3636e+01	6.5321e-09	1.8216e-01	8.1784e-01	6.3934e-01	3.6065e-01	1.1068e-05	8.4812e-12	1.1322e-02	9.5420e-01	3.4477e-02	1.1755e-36	2.1881e-01	7.8064e-01	5.5058e-04	1.1755e-36	1.1755e-36	1.1755e-36	3.1294e-19	0.00e+00	0.00e+00	5.4159e+00
5.07987e+17	5.7154e+03	1.953e-21	2.7826e+01	2.2558e+01	9.4774e-09	2.1735e-01	7.8265e-01	6.8307e-01	3.1692e-01	9.3823e-06	1.3947e-11	1.1179e-02	9.5953e-01	2.9291e-02	1.1755e-36	2.5897e-01	7.4064e-01	3.8875e-04	1.1755e-36	1.1755e-36	1.1755e-36	6.2189e-19	0.00e+00	0.00e+00	6.0605e+00
5.23493e+17	5.7159e+03	1.848e-21	2.7826e+01	2.1393e+01	1.3989e-08	2.5634e-01	7.4366e-01	7.2068e-01	2.7932e-01	8.0858e-06	2.2531e-11	1.0903e-02	9.6394e-01	2.5161e-02	1.1755e-36	3.0269e-01	6.9703e-01	2.7785e-04	1.1755e-36	1.1755e-36	1.1755e-36	1.2322e-18	0.00e+00	0.00e+00	6.6970e+00
5.32751e+17	5.7035e+03	1.768e-21	2.7826e+01	2.0548e+01	1.8226e-08	2.8447e-01	7.1553e-01	7.4096e-01	2.5904e-01	7.4752e-06	3.0625e-11	1.0643e-02	9.6632e-01	2.3039e-02	1.1755e-36	3.3374e-01	6.6604e-01	2.2500e-04	1.1755e-36	1.1755e-36	1.1755e-36	1.9474e-18	0.00e+00	0.00e+00	6.9160e+00
5.35885e+17	5.6889e+03	1.739e-21	2.7826e+01	2.0245e+01	2.0195e-08	2.9480e-01	7.0520e-01	7.4791e-01	2.5209e-01	7.2618e-06	3.4173e-11	1.0544e-02	9.6713e-01	2.2329e-02	1.1755e-36	3.4505e-01	6.5474e-01	2.0897e-04	1.1755e-36	1.1755e-36	1.1755e-36	2.3016e-18	0.00e+00	0.00e+00	7.0137e+00
5.37794e+17	5.6853e+03	1.718e-21	2.7826e+01	2.0057e+01	2.1362e-08	3.0112e-01	6.9888e-01	7.5230e-01	2.4769e-01	7.1281e-06	3.6499e-11	1.0479e-02	9.6764e-01	2.1883e-02	1.1755e-36	3.5194e-01	6.4787e-01	1.9936e-04	1.1755e-36	1.1755e-36	1.1755e-36	2.5401e-18	0.00e+00	0.00e+00	7.1159e+00
5.40016e+17	5.6733e+03	1.695e-21	2.7826e+01	1.9831e+01	2.3044e-08	3.0890e-01	6.9110e-01	7.5746e-01	2.4253e-01	6.9714e-06	3.9580e-11	1.0401e-02	9.6825e-01	2.1345e-02	1.1755e-36	3.6039e-01	6.3943e-01	1.8839e-04	1.1755e-36	1.1755e-36	1.1755e-36	2.8753e-18	0.00e+00	0.00e+00	7.2523e+00
5.42906e+17	5.6554e+03	1.663e-21	2.7826e+01	1.9530e+01	2.5517e-08	3.1935e-01	6.8065e-01	7.6434e-01	2.3565e-01	6.7583e-06	4.4100e-11	1.0295e-02	9.6905e-01	2.0652e-02	1.1755e-36	3.7170e-01	6.2812e-01	1.7483e-04	1.1755e-36	1.1755e-36	1.1755e-36	3.3955e-18	0.00e+00	0.00e+00	7.4356e+00
5.46224e+17	5.6360e+03	1.624e-21	2.7826e+01	1.9166e+01	2.8624e-08	3.3151e-01	6.6849e-01	7.7176e-01	2.2824e-01	6.5403e-06	4.9828e-11	1.0160e-02	9.6993e-01	1.9915e-02	1.1755e-36	3.8480e-01	6.1504e-01	1.6057e-04	1.1755e-36	1.1755e-36	1.1755e-36	4.1061e-18	0.00e+00	0.00e+00	7.6318e+00
5.49461e+17	5.6122e+03	1.585e-21	2.7826e+01	1.8803e+01	3.2240e-08	3.4394e-01	6.5606e-01	7.7882e-01	2.2117e-01	6.3358e-06	5.6359e-11	1.0021e-02	9.7076e-01	1.9214e-02	1.1755e-36	3.9811e-01	6.0174e-01	1.4759e-04	1.1755e-36	1.1755e-36	1.1755e-36	4.9913e-18	0.00e+00	0.00e+00	7.8195e+00
5.52398e+17	5.5832e+03	1.550e-21	2.7826e+01	1.8481e+01	3.6333e-08	3.5603e-01	6.4397e-01	7.8529e-01	2.1470e-01	6.1445e-06	6.3558e-11	9.8993e-03	9.7153e-01	1.8568e-02	1.1755e-36	4.1098e-01	5.8888e-01	1.3638e-04	1.1755e-36	1.1755e-36	1.1755e-36	6.0627e-18	0.00e+00	0.00e+00	7.9926e+00
5.55010e+17	5.5646e+03	1.514e-21	2.7826e+01	1.8148e+01	3.9940e-08	3.6638e-01	6.3362e-01	7.9057e-01	2.0942e-01	6.0064e-06	7.0110e-11	9.7627e-03	9.7218e-01	1.8059e-02	1.1755e-36	4.2194e-01	5.7794e-01	1.2730e-04	1.1755e-36	1.1755e-36	1.1755e-36	7.1051e-18	0.00e+00	0.00e+00	8.1508e+00
5.57599e+17	5.5335e+03	1.480e-21	2.7826e+01	1.7828e+01	4.4702e-08	3.7760e-01	6.2240e-01	7.9616e-01	2.0383e-01	5.8485e-06	7.8266e-11	9.6345e-03	9.7286e-01	1.7509e-02	1.1755e-36	4.3377e-01	5.6611e-01	1.1845e-04	1.1755e-36	1.1755e-36	1.1755e-36	8.5251e-18	0.00e+00	0.00e+00	8.3313e+00
5.60237e+17	5.5009e+03	1.444e-21	2.7826e+01	1.7509e+01	5.0254e-08	3.8943e-01	6.1057e-01	8.0170e-01	1.9829e-01	5.6924e-06	8.7856e-11	9.5042e-03	9.7353e-01	1.6966e-02	1.1755e-36	4.4618e-01	5.5371e-01	1.0998e-04	1.1755e-36	1.1755e-36	1.1755e-36	1.0347e-17	0.00e+00	0.00e+00	8.5060e+00
5.62670e+17	5.4718e+03	1.410e-21	2.7826e+01	1.7188e+01	5.5855e-08	4.0029e-01	5.9971e-01	8.0652e-01	1.9347e-01	5.5663e-06	9.7514e-11	9.3685e-03	9.7413e-01	1.6498e-02	1.1755e-36	4.5752e-01	5.4238e-01	1.0274e-04	1.1755e-36	1.1755e-36	1.1755e-36	1.2345e-17	0.00e+00	0.00e+00	8.6686e+00
5.64978e+17	5.4406e+03	1.376e-21	2.7826e+01	1.6878e+01	6.2075e-08	4.1094e-01	5.8906e-01	8.1112e-01	1.8888e-01	5.4457e-06	1.0812e-10	9.2359e-03	9.7471e-01	1.6053e-02	1.1755e-36	4.6858e-01	5.3132e-01	9.6165e-05	1.1755e-36	1.1755e-36	1.1755e-36	1.4734e-17	0.00e+00	0.00e+00	8.8351e+00
5.67281e+17	5.4087e+03	1.341e-21	2.7826e+01	1.6556e+01	6.9033e-08	4.2168e-01	5.7832e-01	8.1558e-01	1.8441e-01	5.3325e-06	1.1997e-10	9.0960e-03	9.7528e-01	1.5626e-02	1.1755e-36	4.7968e-01	5.2023e-01	9.0000e-05	1.1755e-36	1.1755e-36	1.1755e-36	1.7635e-17	0.00e+00	0.00e+00	9.0055e+00
5.69573e+17	5.3664e+03	1.307e-21	2.7826e+01	1.6238e+01	7.7904e-08	4.3300e-01	5.6700e-01	8.2013e-01	1.7986e-01	5.2108e-06	1.3447e-10	8.9590e-03	9.7585e-01	1.5189e-02	1.1755e-36	4.9133e-01	5.0858e-01	8.4108e-05	1.1755e-36	1.1755e-36	1.1755e-36	2.1570e-17	0.00e+00	0.00e+00	9.1792e+00
5.71717e+17	5.3418e+03	1.273e-21	2.7826e+01	1.5931e+01	8.5439e-08	4.4309e-01	5.5691e-01	8.2389e-01	1.7611e-01	5.1255e-06	1.4794e-10	8.8192e-03	9.7635e-01	1.4827e-02	1.1755e-36	5.0164e-01	4.9828e-01	7.9043e-05	1.1755e-36	1.1755e-36	1.1755e-36	2.5479e-17	0.00e+00	0.00e+00	9.3352e+00
5.73855e+17	5.2994e+03	1.240e-21	2.7826e+01	1.5618e+01	9.6070e-08	4.5400e-01	5.4600e-01	8.2801e-01	1.7198e-01	5.0193e-06	1.6547e-10	8.6805e-03	9.7689e-01	1.4432e-02	1.1755e-36	5.1276e-01	4.8716e-01	7.4073e-05	1.1755e-36	1.1755e-36	1.1755e-36	3.1140e-17	0.00e+00	0.00e+00	9.5165e+00
5.76019e+17	5.2556e+03	1.206e-21	2.7826e+01	1.5303e+01	1.0836e-07	4.6518e-01	5.3482e-01	8.3196e-01	1.6803e-01	4.9200e-06	1.8584e-10	8.5400e-03	9.7741e-01	1.4051e-02	1.1755e-36	5.2410e-01	4.7583e-01	6.9379e-05	1.1755e-36	1.1755e-36	1.1755e-36	3.8423e-17	0.00e+00	0.00e+00	9.6844e+00
5.77952e+17	5.2155e+03	1.176e-21	2.7826e+01	1.5024e+01	1.2091e-07	4.7538e-01	5.2462e-01	8.3544e-01	1.6455e-01	4.8329e-06	2.0692e-10	8.4137e-03	9.7787e-01	1.3715e-02	1.1755e-36	5.3440e-01	4.6553e-01	6.5381e-05	1.1755e-36	1.1755e-36	1.1755e-36	4.6718e-17	0.00e+00	0.00e+00	9.8357e+00
5.79730e+17	5.1821e+03	1.146e-21	2.7826e+01	1.4745e+01	1.3294e-07	4.8444e-01	5.1556e-01	8.3842e-01	1.6157e-01	4.7676e-06	2.2742e-10	8.2841e-03	9.7829e-01	1.3430e-02	1.1755e-36	5.4350e-01	4.5644e-01	6.1950e-05	1.1755e-36	1.1755e-36	1.1755e-36	5.5498e-17	0.00e+00	0.00e+00	9.9842e+00
5.81567e+17	5.1368e+03	1.117e-21	2.7826e+01	1.4463e+01	1.4906e-07	4.9444e-01	5.0556e-01	8.4173e-01	1.5826e-01	4.6854e-06	2.5430e-10	8.1554e-03	9.7873e-01	1.3113e-02	1.1755e-36	5.5352e-01	4.4642e-01	5.8458e-05	1.1755e-36	1.1755e-36	1.1755e-36	6.8201e-17	0.00e+00	0.00e+00	1.0152e+01
5.83423e+17	5.0910e+03	1.087e-21	2.7826e+01	1.4187e+01	1.6755e-07	5.0475e-01	4.9525e-01	8.4499e-01	1.5501e-01	4.6039e-06	2.8583e-10	8.0291e-03	9.7917e-01	1.2800e-02	1.1755e-36	5.6379e-01	4.3616e-01	5.5107e-05	1.1755e-36	1.1755e-36	1.1755e-36	8.4663e-17	0.00e+00	0.00e+00	1.0310e+01
5.85122e+17	5.0559e+03	1.059e-21	2.7826e+01	1.3912e+01	1.8431e-07	5.1359e-01	4.8641e-01	8.4764e-01	1.5236e-01	4.5503e-06	3.1519e-10	7.8983e-03	9.7955e-01	1.2549e-02	1.1755e-36	5.7256e-01	4.2739e-01	5.2296e-05	1.1755e-36	1.1755e-36	1.1755e-36	1.0143e-16	0.00e+00	0.00e+00	1.0456e+01
5.86819e+17	5.0070e+03	1.031e-21	2.7826e+01	1.3642e+01	2.0716e-07	5.2318e-01	4.7682e-01	8.5054e-01	1.4945e-01	4.4802e-06	3.5419e-10	7.7734e-03	9.7996e-01	1.2270e-02	1.1755e-36	5.8204e-01	4.1791e-01	4.9502e-05	1.1755e-36	1.1755e-36	1.1755e-36	1.2618e-16	0.00e+00	0.00e+00	1.0619e+01
5.88513e+17	4.9586e+03	1.004e-21	2.7826e+01	1.3381e+01	2.3273e-07	5.3287e-01	4.6713e-01	8.5336e-01	1.4664e-01	4.4117e-06	3.9332e-10	7.6522e-03	9.8036e-01	1.1992e-02	1.1755e-36	5.9158e-01	4.0838e-01	4.6853e-05	1.1755e-36	1.1755e-36	1.1755e-36	1.5353e-16	0.00e+00	0.00e+00	1.0770e+01
5.90051e+17	4.9197e+03	9.781e-22	2.7826e+01	1.3126e+01	2.5638e-07	5.4117e-01	4.5883e-01	8.5567e-01	1.4433e-01	4.3656e-06	4.2884e-10	7.5300e-03	9.8070e-01	1.1765e-02	1.1755e-36	5.9971e-01	4.0024e-01	4.4630e-05	1.1755e-36	1.1755e-36	1.1755e-36	1.8058e-16	0.00e+00	0.00e+00	1.0909e+01
5.91579e+17	4.8664e+03	9.537e-22	2.7826e+01	1.2885e+01	2.8908e-07	5.5033e-01	4.4967e-01	8.5829e-01	1.4170e-01	4.2982e-06	4.7497e-10	7.4192e-03	9.8108e-01	1.1504e-02	1.1755e-36	6.0867e-01	3.9129e-01	4.2393e-05	1.1755e-36	1.1755e-36	1.1755e-36	2.1926e-16	0.00e+00	0.00e+00	1.1063e+01
5.93077e+17	4.8267e+03	9.287e-22	2.7826e+01	1.2633e+01	3.1850e-07	5.5843e-01	4.4157e-01	8.6040e-01	1.3960e-01	4.2598e-06	5.1787e-10	7.2972e-03	9.8141e-01	1.1293e-02	1.1755e-36	6.1655e-01	3.8341e-01	4.0424e-05	1.1755e-36	1.1755e-36	1.1755e-36	2.5832e-16	0.00e+00	0.00e+00	1.1201e+01
5.94540e+17	4.7754e+03	9.049e-22	2.7826e+01	1.2390e+01	3.5727e-07	5.6700e-01	4.3300e-01	8.6273e-01	1.3727e-01	4.2053e-06	5.7101e-10	7.1833e-03	9.8176e-01	1.1061e-02	1.1755e-36	6.2486e-01	3.7510e-01	3.8496e-05	1.1755e-36	1.1755e-36	1.1755e-36	3.1146e-16	0.00e+00	0.00e+00	1.1352e+01
5.96002e+17	4.7254e+03	8.817e-22	2.7826e+01	1.2157e+01	4.0028e-07	5.7563e-01	4.2437e-01	8.6500e-01	1.3500e-01	4.1519e-06	6.3024e-10	7.0736e-03	9.8209e-01	1.0834e-02	1.1755e-36	6.3320e-01	3.6676e-01	3.6652e-05	1.1755e-36	1.1755e-36	1.1755e-36	3.7628e-16	0.00e+00	0.00e+00	1.1494e+01
5.97355e+17	4.6862e+03	8.594e-22	2.7826e+01	1.1930e+01	4.3932e-07	5.8310e-01	4.1690e-01	8.6687e-01	1.3312e-01	4.1170e-06	6.8510e-10	6.9632e-03	9.8239e-01	1.0648e-02	1.1755e-36	6.4040e-01	3.5957e-01	3.5065e-05	1.1755e-36	1.1755e-36	1.1755e-36	4.4128e-16	0.00e+00	0.00e+00	1.1628e+01
5.98742e+17	4.6351e+03	8.370e-22	2.7826e+01	1.1696e+01	4.9178e-07	5.9123e-01	4.0877e-01	8.6895e-01	1.3104e-01	4.0713e-06	7.5439e-10	6.8520e-03	9.8271e-01	1.0438e-02	1.1755e-36	6.4819e-01	3.5177e-01	3.3457e-05	1.1755e-36	1.1755e-36	1.1755e-36	5.3156e-16	0.00e+00	0.00e+00	1.1780e+01
6.00164e+17	4.5847e+03	8.144e-22	2.7826e+01	1.1461e+01	5.5022e-07	5.9946e-01	4.0054e-01	8.7097e-01	1.2903e-01	4.0291e-06	8.3157e-10	6.7390e-03	9.8303e-01	1.0235e-02	1.1755e-36	6.5606e-01	3.4391e-01	3.1896e-05	1.1755e-36	1.1755e-36	1.1755e-36	6.4165e-16	0.00e+00	0.00e+00	1.1925e+01
6.01500e+17	4.5311e+03	7.936e-22	2.7826e+01	1.1243e+01	6.1760e-07	6.0749e-01	3.9251e-01	8.7297e-01	1.2703e-01	3.9817e-06	9.1772e-10	6.6369e-03	9.8333e-01	1.0036e-02	1.1755e-36	6.6372e-01	3.3625e-01	3.0464e-05	1.1755e-36	1.1755e-36	1.1755e-36	7.7693e-16	0.00e+00	0.00e+00	1.2064e+01
6.02742e+17	4.4794e+03	7.743e-22	2.7826e+01	1.1032e+01	6.8883e-07	6.1481e-01	3.8519e-01	8.7470e-01	1.2529e-01	3.9443e-06	1.0056e-09	6.5371e-03	9.8360e-01	9.8583e-03	1.1755e-36	6.7068e-01	3.2929e-01	2.9208e-05	1.1755e-36	1.1755e-36	1.1755e-36	9.2897e-16	0.00e+00	0.00e+00	1.2192e+01
6.03910e+17	4.4316e+03	7.563e-22	2.7826e+01	1.0842e+01	7.6270e-07	6.2182e-01	3.7818e-01	8.7638e-01	1.2361e-01	3.9056e-06	1.0974e-09	6.4472e-03	9.8386e-01	9.6885e-03	1.1755e-36	6.7732e-01	3.2265e-01	2.8045e-05	1.1755e-36	1.1755e-36	1.1755e-36	1.1011e-15	0.00e+00	0.00e+00	1.2317e+01
6.05078e+17	4.3840e+03	7.383e-22	2.7826e+01	1.0647e+01	8.4326e-07	6.2870e-01	3.7130e-01	8.7801e-01	1.2199e-01	3.8707e-06	1.1961e-09	6.3545e-03	9.8412e-01	9.5238e-03	1.1755e-36	6.8382e-01	3.1615e-01	2.6932e-05	1.1755e-36	1.1755e-36	1.1755e-36	1.3020e-15	0.00e+00	0.00e+00	1.2448e+01
6.06291e+17	4.3332e+03	7.197e-22	2.7826e+01	1.0447e+01	9.3769e-07	6.3591e-01	3.6409e-01	8.7972e-01	1.2027e-01	3.8323e-06	1.3101e-09	6.2598e-03	9.8439e-01	9.3520e-03	1.1755e-36	6.9061e-01	3.0936e-01	2.5809e-05	1.1755e-36	1.1755e-36	1.1755e-36	1.5545e-15	0.00e+00	0.00e+00	1.2587e+01
6.07528e+17	4.2843e+03	7.005e-22	2.7826e+01	1.0231e+01	1.0370e-06	6.4281e-01	3.5719e-01	8.8124e-01	1.1875e-01	3.8071e-06	1.4278e-09	6.1549e-03	9.8465e-01	9.1954e-03	1.1755e-36	6.9709e-01	3.0288e-01	2.4752e-05	1.1755e-36	1.1755e-36	1.1755e-36	1.8389e-15	0.00e+00	0.00e+00	1.2726e+01
6.08788e+17	4.2267e+03	6.818e-22	2.7826e+01	1.0025e+01	1.1632e-06	6.5041e-01	3.4959e-01	8.8302e-01	1.1698e-01	3.7654e-06	1.5737e-09	6.0587e-03	9.8492e-01	9.0174e-03	1.1755e-36	7.0420e-01	2.9577e-01	2.3664e-05	1.1755e-36	1.1755e-36	1.1755e-36	2.2233e-15	0.00e+00	0.00e+00	1.2873e+01
6.10025e+17	4.1711e+03	6.636e-22	2.7826e+01	9.8193e+00	1.2968e-06	6.5763e-01	3.4237e-01	8.8462e-01	1.1538e-01	3.7320e-06	1.7245e-09	5.9614e-03	9.8518e-01	8.8544e-03	1.1755e-36	7.1095e-01	2.8903e-01	2.2663e-05	1.1755e-36	1.1755e-36	1.1755e-36	2.6590e-15	0.00e+00	0.00e+00	1.3011e+01
6.11194e+17	4.1168e+03	6.465e-22	2.7826e+01	9.6245e+00	1.4378e-06	6.6449e-01	3.3551e-01	8.8613e-01	1.1386e-01	3.7000e-06	1.8799e-09	5.8699e-03	9.8543e-01	8.7001e-03	1.1755e-36	7.1733e-01	2.8264e-01	2.1746e-05	1.1755e-36	1.1755e-36	1.1755e-36	3.1482e-15	0.00e+00	0.00e+00	1.3145e+01
6.12357e+17	4.0566e+03	6.298e-22	2.7826e+01	9.4296e+00	1.6033e-06	6.7151e-01	3.2849e-01	8.8771e-01	1.1228e-01	3.6631e-06	2.0544e-09	5.7807e-03	9.8568e-01	8.5414e-03	1.1755e-36	7.2385e-01	2.7612e-01	2.0854e-05	1.1755e-36	1.1755e-36	1.1755e-36	3.7469e-15	0.00e+00	0.00e+00	1.3284e+01
6.13513e+17	4.0051e+03	6.130e-22	2.7826e+01	9.2370e+00	1.7603e-06	6.7812e-01	3.2187e-01	8.8910e-01	1.1090e-01	3.6376e-06	2.2228e-09	5.6891e-03	9.8591e-01	8.3993e-03	1.1755e-36	7.2997e-01	2.7000e-01	2.0015e-05	1.1755e-36	1.1755e-36	1.1755e-36	4.3684e-15	0.00e+00	0.00e+00	1.3419e+01
6.14720e+17	3.9403e+03	5.955e-22	2.7826e+01	9.0245e+00	1.9629e-06	6.8547e-01	3.1452e-01	8.9061e-01	1.0939e-01	3.6071e-06	2.4250e-09	5.5922e-03	9.8616e-01	8.2443e-03	1.1755e-36	7.3677e-01	2.6321e-01	1.9141e-05	1.1755e-36	1.1755e-36	1.1755e-36	5.1834e-15	0.00e+00	0.00e+00	1.3573e+01
###########################
1.53192e+14	5.8411e+03	2.450e-21	2.7826e+01	2.9156e+01	8.8467e-11	2.7799e-02	9.7220e-01	1.5275e-01	8.4714e-01	1.0869e-04	6.7321e-14	5.6359e-03	7.6500e-01	2.2936e-01	5.0207e-06	3.3444e-02	9.4989e-01	1.6664e-02	1.5143e-07	1.1755e-36	1.1755e-36	5.8256e-22	0.00e+00	0.00e+00	1.4967e-03
9.19151e+14	5.8318e+03	2.442e-21	2.7826e+01	2.9099e+01	8.8982e-11	2.7742e-02	9.7226e-01	1.5271e-01	8.4718e-01	1.0867e-04	6.6902e-14	5.6018e-03	7.6500e-01	2.2939e-01	5.0313e-06	3.3377e-02	9.4994e-01	1.6687e-02	1.5148e-07	1.1755e-36	1.1755e-36	5.7623e-22	0.00e+00	0.00e+00	7.4709e-03
3.98299e+15	5.8076e+03	2.430e-21	2.7826e+01	2.9088e+01	9.1620e-11	2.7795e-02	9.7221e-01	1.5358e-01	8.4631e-01	1.0759e-04	6.7290e-14	5.6103e-03	7.6625e-01	2.2814e-01	4.9712e-06	3.3455e-02	9.4996e-01	1.6584e-02	1.4846e-07	1.1755e-36	1.1755e-36	5.7755e-22	0.00e+00	0.00e+00	3.1413e-02
1.62383e+16	5.7322e+03	2.401e-21	2.7826e+01	2.9067e+01	1.0303e-10	2.8292e-02	9.7171e-01	1.5772e-01	8.4218e-01	1.0283e-04	7.0513e-14	5.7014e-03	7.7178e-01	2.2252e-01	4.6997e-06	3.4108e-02	9.4988e-01	1.6016e-02	1.3444e-07	1.1755e-36	1.1755e-36	6.0441e-22	0.00e+00	0.00e+00	1.2890e-01
3.87882e+16	5.4862e+03	2.309e-21	2.7826e+01	2.9052e+01	1.3502e-10	2.8340e-02	9.7166e-01	1.6337e-01	8.3653e-01	9.6473e-05	7.1448e-14	5.7547e-03	7.7971e-01	2.1453e-01	4.3836e-06	3.4274e-02	9.5019e-01	1.5538e-02	1.1755e-36	1.1755e-36	1.1755e-36	5.8700e-22	0.00e+00	0.00e+00	2.5584e-01
6.00616e+16	5.2669e+03	2.233e-21	2.7826e+01	2.9039e+01	1.7370e-10	2.8332e-02	9.7167e-01	1.6820e-01	8.3171e-01	9.1323e-05	7.1856e-14	5.7919e-03	7.8632e-01	2.0789e-01	4.1306e-06	3.4360e-02	9.5049e-01	1.5152e-02	1.1755e-36	1.1755e-36	1.1755e-36	5.6885e-22	0.00e+00	0.00e+00	3.4075e-01
7.47335e+16	5.1627e+03	2.200e-21	2.7826e+01	2.9021e+01	2.0141e-10	2.8631e-02	9.7137e-01	1.7217e-01	8.2774e-01	8.7542e-05	7.3912e-14	5.8576e-03	7.9122e-01	2.0292e-01	3.9262e-06	3.4782e-02	9.5050e-01	1.4721e-02	1.1755e-36	1.1755e-36	1.1755e-36	5.8001e-22	0.00e+00	0.00e+00	4.0258e-01
8.88648e+16	5.1047e+03	2.185e-21	2.7826e+01	2.8994e+01	2.2802e-10	2.9330e-02	9.7067e-01	1.7733e-01	8.2259e-01	8.3307e-05	7.8546e-14	5.9761e-03	7.9692e-01	1.9710e-01	3.6770e-06	3.5685e-02	9.5023e-01	1.4090e-02	1.1755e-36	1.1755e-36	1.1755e-36	6.2233e-22	0.00e+00	0.00e+00	4.8491e-01
1.07235e+17	5.0479e+03	2.166e-21	2.7826e+01	2.8945e+01	2.6370e-10	3.0340e-02	9.6966e-01	1.8439e-01	8.1553e-01	7.8056e-05	8.5474e-14	6.1402e-03	8.0423e-01	1.8963e-01	3.3675e-06	3.6980e-02	9.4976e-01	1.3258e-02	1.1755e-36	1.1755e-36	1.1755e-36	6.8900e-22	0.00e+00	0.00e+00	5.9562e-01
1.31117e+17	4.9837e+03	2.150e-21	2.7826e+01	2.8875e+01	3.1965e-10	3.1917e-02	9.6808e-01	1.9472e-01	8.0521e-01	7.1435e-05	9.6933e-14	6.3814e-03	8.1406e-01	1.7956e-01	2.9740e-06	3.8989e-02	9.4886e-01	1.2152e-02	1.1755e-36	1.1755e-36	1.1755e-36	8.0550e-22	0.00e+00	0.00e+00	7.4704e-01
1.62164e+17	4.9230e+03	2.139e-21	2.7826e+01	2.8774e+01	4.0714e-10	3.4408e-02	9.6559e-01	2.1008e-01	7.8986e-01	6.3408e-05	1.1666e-13	6.7351e-03	8.2707e-01	1.6619e-01	2.4933e-06	4.2139e-02	9.4715e-01	1.0711e-02	1.1755e-36	1.1755e-36	1.1755e-36	1.0195e-21	0.00e+00	0.00e+00	9.5923e-01
2.02524e+17	4.8882e+03	2.131e-21	2.7826e+01	2.8631e+01	5.4354e-10	3.8467e-02	9.6153e-01	2.3360e-01	7.6635e-01	5.4027e-05	1.5380e-13	7.2583e-03	8.4405e-01	1.4869e-01	1.9338e-06	4.7237e-02	9.4388e-01	8.8804e-03	1.1755e-36	1.1755e-36	1.1755e-36	1.4641e-21	0.00e+00	0.00e+00	1.2676e+00
2.47421e+17	4.8971e+03	2.127e-21	2.7826e+01	2.8374e+01	7.2525e-10	4.4138e-02	9.5586e-01	2.6425e-01	7.3571e-01	4.5115e-05	2.1595e-13	7.8835e-03	8.6218e-01	1.2993e-01	1.4203e-06	5.4312e-02	9.3866e-01	7.0288e-03	1.1755e-36	1.1755e-36	1.1755e-36	2.3010e-21	0.00e+00	0.00e+00	1.6102e+00
2.90467e+17	4.9653e+03	2.130e-21	2.7826e+01	2.8076e+01	9.3471e-10	5.1639e-02	9.4836e-01	3.0124e-01	6.9872e-01	3.7569e-05	3.1937e-13	8.5679e-03	8.7966e-01	1.1177e-01	1.0037e-06	6.3599e-02	9.3103e-01	5.3717e-03	1.1755e-36	1.1755e-36	1.1755e-36	3.8998e-21	0.00e+00	0.00e+00	1.9906e+00
3.30450e+17	5.0579e+03	2.143e-21	2.7826e+01	2.7709e+01	1.2119e-09	6.1437e-02	9.3856e-01	3.4460e-01	6.5537e-01	3.1206e-05	4.9337e-13	9.2686e-03	8.9592e-01	9.4812e-02	6.8479e-07	7.5644e-02	9.2037e-01	3.9884e-03	1.1755e-36	1.1755e-36	1.1755e-36	6.9989e-21	0.00e+00	0.00e+00	2.4013e+00
3.65989e+17	5.1860e+03	2.151e-21	2.7826e+01	2.7251e+01	1.5240e-09	7.3424e-02	9.2658e-01	3.9162e-01	6.0835e-01	2.6065e-05	7.7216e-13	9.9000e-03	9.0993e-01	8.0172e-02	4.6153e-07	9.0268e-02	9.0681e-01	2.9174e-03	1.1755e-36	1.1755e-36	1.1755e-36	1.2723e-20	0.00e+00	0.00e+00	2.8275e+00
3.97061e+17	5.3013e+03	2.158e-21	2.7826e+01	2.6727e+01	1.9763e-09	8.8111e-02	9.1189e-01	4.4147e-01	5.5851e-01	2.1842e-05	1.2297e-12	1.0446e-02	9.2198e-01	6.7575e-02	3.0771e-07	1.0805e-01	8.8983e-01	2.1151e-03	1.1755e-36	1.1755e-36	1.1755e-36	2.3646e-20	0.00e+00	0.00e+00	3.2782e+00
4.24444e+17	5.4207e+03	2.153e-21	2.7826e+01	2.6115e+01	2.5681e-09	1.0572e-01	8.9428e-01	4.9234e-01	5.0764e-01	1.8354e-05	1.9707e-12	1.0871e-02	9.3212e-01	5.7009e-02	2.0459e-07	1.2919e-01	8.6928e-01	1.5236e-03	1.1755e-36	1.1755e-36	1.1755e-36	4.4231e-20	0.00e+00	0.00e+00	3.7548e+00
4.48747e+17	5.5275e+03	2.134e-21	2.7826e+01	2.5407e+01	3.4098e-09	1.2684e-01	8.7316e-01	5.4297e-01	4.5701e-01	1.5483e-05	3.1819e-12	1.1165e-02	9.4069e-01	4.8140e-02	1.3575e-07	1.5429e-01	8.4462e-01	1.0915e-03	1.1755e-36	1.1755e-36	1.1755e-36	8.3644e-20	0.00e+00	0.00e+00	4.2662e+00
4.70560e+17	5.6163e+03	2.097e-21	2.7826e+01	2.4584e+01	4.6498e-09	1.5214e-01	8.4786e-01	5.9247e-01	4.0752e-01	1.3065e-05	5.1801e-12	1.1318e-02	9.4799e-01	4.0695e-02	1.1755e-36	1.8400e-01	8.1522e-01	7.7714e-04	1.1755e-36	1.1755e-36	1.1755e-36	1.6049e-19	0.00e+00	0.00e+00	4.8190e+00
4.90226e+17	5.6811e+03	2.037e-21	2.7826e+01	2.3635e+01	6.5329e-09	1.8218e-01	8.1782e-01	6.3935e-01	3.6064e-01	1.1067e-05	8.4828e-12	1.1322e-02	9.5420e-01	3.4475e-02	1.1755e-36	2.1883e-01	7.8062e-01	5.5050e-04	1.1755e-36	1.1755e-36	1.1755e-36	3.1302e-19	0.00e+00	0.00e+00	5.4161e+00
5.07988e+17	5.7154e+03	1.953e-21	2.7826e+01	2.2558e+01	9.4775e-09	2.1736e-01	7.8264e-01	6.8306e-01	3.1693e-01	9.3825e-06	1.3947e-11	1.1179e-02	9.5953e-01	2.9292e-02	1.1755e-36	2.5897e-01	7.4064e-01	3.8874e-04	1.1755e-36	1.1755e-36	1.1755e-36	6.2192e-19	0.00e+00	0.00e+00	6.0603e+00
5.23487e+17	5.7159e+03	1.848e-21	2.7826e+01	2.1393e+01	1.3987e-08	2.5632e-01	7.4368e-01	7.2066e-01	2.7934e-01	8.0865e-06	2.2527e-11	1.0903e-02	9.6393e-01	2.5163e-02	1.1755e-36	3.0267e-01	6.9705e-01	2.7789e-04	1.1755e-36	1.1755e-36	1.1755e-36	1.2318e-18	0.00e+00	0.00e+00	6.6966e+00
5.32743e+17	5.7035e+03	1.768e-21	2.7826e+01	2.0549e+01	1.8221e-08	2.8444e-01	7.1556e-01	7.4093e-01	2.5906e-01	7.4760e-06	3.0616e-11	1.0643e-02	9.6632e-01	2.3041e-02	1.1755e-36	3.3371e-01	6.6607e-01	2.2504e-04	1.1755e-36	1.1755e-36	1.1755e-36	1.9466e-18	0.00e+00	0.00e+00	6.9156e+00
5.35877e+17	5.6889e+03	1.739e-21	2.7826e+01	2.0246e+01	2.0190e-08	2.9477e-01	7.0523e-01	7.4789e-01	2.5211e-01	7.2625e-06	3.4164e-11	1.0544e-02	9.6712e-01	2.2331e-02	1.1755e-36	3.4502e-01	6.5477e-01	2.0901e-04	1.1755e-36	1.1755e-36	1.1755e-36	2.3006e-18	0.00e+00	0.00e+00	7.0133e+00
5.37787e+17	5.6853e+03	1.718e-21	2.7826e+01	2.0058e+01	2.1358e-08	3.0110e-01	6.9890e-01	7.5228e-01	2.4771e-01	7.1287e-06	3.6490e-11	1.0479e-02	9.6764e-01	2.1885e-02	1.1755e-36	3.5191e-01	6.4789e-01	1.9939e-04	1.1755e-36	1.1755e-36	1.1755e-36	2.5393e-18	0.00e+00	0.00e+00	7.1156e+00
5.40010e+17	5.6734e+03	1.695e-21	2.7826e+01	1.9832e+01	2.3038e-08	3.0887e-01	6.9113e-01	7.5744e-01	2.4255e-01	6.9720e-06	3.9570e-11	1.0401e-02	9.6825e-01	2.1347e-02	1.1755e-36	3.6036e-01	6.3945e-01	1.8842e-04	1.1755e-36	1.1755e-36	1.1755e-36	2.8742e-18	0.00e+00	0.00e+00	7.2520e+00
5.42901e+17	5.6555e+03	1.663e-21	2.7826e+01	1.9531e+01	2.5512e-08	3.1933e-01	6.8067e-01	7.6433e-01	2.3567e-01	6.7588e-06	4.4092e-11	1.0295e-02	9.6905e-01	2.0654e-02	1.1755e-36	3.7168e-01	6.2814e-01	1.7486e-04	1.1755e-36	1.1755e-36	1.1755e-36	3.3945e-18	0.00e+00	0.00e+00	7.4353e+00
5.46219e+17	5.6360e+03	1.624e-21	2.7826e+01	1.9167e+01	2.8619e-08	3.3149e-01	6.6851e-01	7.7174e-01	2.2825e-01	6.5407e-06	4.9818e-11	1.0159e-02	9.6992e-01	1.9917e-02	1.1755e-36	3.8478e-01	6.1506e-01	1.6059e-04	1.1755e-36	1.1755e-36	1.1755e-36	4.1049e-18	0.00e+00	0.00e+00	7.6315e+00
5.49456e+17	5.6122e+03	1.585e-21	2.7826e+01	1.8804e+01	3.2233e-08	3.4392e-01	6.5608e-01	7.7881e-01	2.2119e-01	6.3363e-06	5.6345e-11	1.0021e-02	9.7076e-01	1.9216e-02	1.1755e-36	3.9809e-01	6.0177e-01	1.4761e-04	1.1755e-36	1.1755e-36	1.1755e-36	4.9895e-18	0.00e+00	0.00e+00	7.8191e+00
5.52392e+17	5.5832e+03	1.550e-21	2.7826e+01	1.8481e+01	3.6324e-08	3.5600e-01	6.4400e-01	7.8528e-01	2.1472e-01	6.1451e-06	6.3541e-11	9.8992e-03	9.7153e-01	1.8570e-02	1.1755e-36	4.1095e-01	5.8891e-01	1.3640e-04	1.1755e-36	1.1755e-36	1.1755e-36	6.0602e-18	0.00e+00	0.00e+00	7.9922e+00
5.55004e+17	5.5646e+03	1.514e-21	2.7826e+01	1.8149e+01	3.9932e-08	3.6635e-01	6.3365e-01	7.9056e-01	2.0944e-01	6.0068e-06	7.0094e-11	9.7626e-03	9.7218e-01	1.8060e-02	1.1755e-36	4.2191e-01	5.7796e-01	1.2733e-04	1.1755e-36	1.1755e-36	1.1755e-36	7.1025e-18	0.00e+00	0.00e+00	8.1504e+00
5.57593e+17	5.5336e+03	1.480e-21	2.7826e+01	1.7829e+01	4.4691e-08	3.7757e-01	6.2243e-01	7.9614e-01	2.0385e-01	5.8490e-06	7.8246e-11	9.6343e-03	9.7285e-01	1.7511e-02	1.1755e-36	4.3375e-01	5.6613e-01	1.1847e-04	1.1755e-36	1.1755e-36	1.1755e-36	8.5216e-18	0.00e+00	0.00e+00	8.3309e+00
5.60231e+17	5.5010e+03	1.445e-21	2.7826e+01	1.7509e+01	5.0240e-08	3.8940e-01	6.1060e-01	8.0169e-01	1.9831e-01	5.6929e-06	8.7832e-11	9.5040e-03	9.7353e-01	1.6967e-02	1.1755e-36	4.4616e-01	5.5373e-01	1.1000e-04	1.1755e-36	1.1755e-36	1.1755e-36	1.0343e-17	0.00e+00	0.00e+00	8.5056e+00
5.62664e+17	5.4719e+03	1.410e-21	2.7826e+01	1.7189e+01	5.5842e-08	4.0026e-01	5.9974e-01	8.0651e-01	1.9349e-01	5.5667e-06	9.7490e-11	9.3683e-03	9.7413e-01	1.6499e-02	1.1755e-36	4.5749e-01	5.4241e-01	1.0275e-04	1.1755e-36	1.1755e-36	1.1755e-36	1.2341e-17	0.00e+00	0.00e+00	8.6683e+00
5.64973e+17	5.4407e+03	1.376e-21	2.7826e+01	1.6879e+01	6.2061e-08	4.1092e-01	5.8908e-01	8.1110e-01	1.8889e-01	5.4460e-06	1.0810e-10	9.2357e-03	9.7471e-01	1.6054e-02	1.1755e-36	4.6856e-01	5.3134e-01	9.6180e-05	1.1755e-36	1.1755e-36	1.1755e-36	1.4728e-17	0.00e+00	0.00e+00	8.8347e+00
5.67276e+17	5.4087e+03	1.341e-21	2.7826e+01	1.6557e+01	6.9020e-08	4.2166e-01	5.7834e-01	8.1557e-01	1.8443e-01	5.3328e-06	1.1994e-10	9.0958e-03	9.7528e-01	1.5627e-02	1.1755e-36	4.7966e-01	5.2025e-01	9.0014e-05	1.1755e-36	1.1755e-36	1.1755e-36	1.7629e-17	0.00e+00	0.00e+00	9.0052e+00
5.69568e+17	5.3663e+03	1.307e-21	2.7826e+01	1.6238e+01	7.7900e-08	4.3298e-01	5.6702e-01	8.2012e-01	1.7987e-01	5.2110e-06	1.3445e-10	8.9589e-03	9.7585e-01	1.5189e-02	1.1755e-36	4.9131e-01	5.0860e-01	8.4122e-05	1.1755e-36	1.1755e-36	1.1755e-36	2.1565e-17	0.00e+00	0.00e+00	9.1788e+00
5.71710e+17	5.3424e+03	1.273e-21	2.7826e+01	1.5932e+01	8.5345e-08	4.4304e-01	5.5696e-01	8.2386e-01	1.7614e-01	5.1266e-06	1.4782e-10	8.8190e-03	9.7635e-01	1.4829e-02	1.1755e-36	5.0159e-01	4.9833e-01	7.9063e-05	1.1755e-36	1.1755e-36	1.1755e-36	2.5440e-17	0.00e+00	0.00e+00	9.3346e+00
5.73858e+17	5.2994e+03	1.239e-21	2.7826e+01	1.5617e+01	9.6084e-08	4.5401e-01	5.4599e-01	8.2802e-01	1.7198e-01	5.0192e-06	1.6549e-10	8.6798e-03	9.7689e-01	1.4431e-02	1.1755e-36	5.1278e-01	4.8715e-01	7.4065e-05	1.1755e-36	1.1755e-36	1.1755e-36	3.1148e-17	0.00e+00	0.00e+00	9.5176e+00
5.76032e+17	5.2553e+03	1.206e-21	2.7826e+01	1.5302e+01	1.0844e-07	4.6524e-01	5.3476e-01	8.3198e-01	1.6801e-01	4.9195e-06	1.8597e-10	8.5387e-03	9.7741e-01	1.4048e-02	1.1755e-36	5.2417e-01	4.7576e-01	6.9353e-05	1.1755e-36	1.1755e-36	1.1755e-36	3.8471e-17	0.00e+00	0.00e+00	9.6854e+00
5.77959e+17	5.2154e+03	1.175e-21	2.7826e+01	1.5023e+01	1.2094e-07	4.7541e-01	5.2459e-01	8.3545e-01	1.6455e-01	4.8329e-06	2.0699e-10	8.4126e-03	9.7787e-01	1.3714e-02	1.1755e-36	5.3443e-01	4.6550e-01	6.5369e-05	1.1755e-36	1.1755e-36	1.1755e-36	4.6745e-17	0.00e+00	0.00e+00	9.8360e+00
5.79732e+17	5.1821e+03	1.146e-21	2.7826e+01	1.4745e+01	1.3294e-07	4.8444e-01	5.1556e-01	8.3842e-01	1.6158e-01	4.7678e-06	2.2742e-10	8.2834e-03	9.7829e-01	1.3430e-02	1.1755e-36	5.4350e-01	4.5643e-01	6.1949e-05	1.1755e-36	1.1755e-36	1.1755e-36	5.5501e-17	0.00e+00	0.00e+00	9.9843e+00
5.81569e+17	5.1368e+03	1.117e-21	2.7826e+01	1.4462e+01	1.4907e-07	4.9445e-01	5.0555e-01	8.4174e-01	1.5826e-01	4.6854e-06	2.5432e-10	8.1548e-03	9.7873e-01	1.3113e-02	1.1755e-36	5.5353e-01	4.4641e-01	5.8456e-05	1.1755e-36	1.1755e-36	1.1755e-36	6.8215e-17	0.00e+00	0.00e+00	1.0152e+01
5.83427e+17	5.0909e+03	1.087e-21	2.7826e+01	1.4187e+01	1.6760e-07	5.0477e-01	4.9523e-01	8.4499e-01	1.5500e-01	4.6037e-06	2.8591e-10	8.0285e-03	9.7917e-01	1.2799e-02	1.1755e-36	5.6381e-01	4.3613e-01	5.5100e-05	1.1755e-36	1.1755e-36	1.1755e-36	8.4709e-17	0.00e+00	0.00e+00	1.0310e+01
5.85126e+17	5.0561e+03	1.058e-21	2.7826e+01	1.3912e+01	1.8428e-07	5.1360e-01	4.8640e-01	8.4764e-01	1.5236e-01	4.5505e-06	3.1518e-10	7.8975e-03	9.7955e-01	1.2549e-02	1.1755e-36	5.7257e-01	4.2738e-01	5.2291e-05	1.1755e-36	1.1755e-36	1.1755e-36	1.0142e-16	0.00e+00	0.00e+00	1.0456e+01
5.86825e+17	5.0068e+03	1.031e-21	2.7826e+01	1.3641e+01	2.0726e-07	5.2322e-01	4.7678e-01	8.5055e-01	1.4944e-01	4.4800e-06	3.5436e-10	7.7724e-03	9.7996e-01	1.2268e-02	1.1755e-36	5.8208e-01	4.1787e-01	4.9492e-05	1.1755e-36	1.1755e-36	1.1755e-36	1.2630e-16	0.00e+00	0.00e+00	1.0620e+01
5.88521e+17	4.9583e+03	1.004e-21	2.7826e+01	1.3380e+01	2.3288e-07	5.3292e-01	4.6708e-01	8.5337e-01	1.4663e-01	4.4114e-06	3.9352e-10	7.6511e-03	9.8036e-01	1.1990e-02	1.1755e-36	5.9163e-01	4.0833e-01	4.6841e-05	1.1755e-36	1.1755e-36	1.1755e-36	1.5369e-16	0.00e+00	0.00e+00	1.0771e+01
5.90057e+17	4.9207e+03	9.779e-22	2.7826e+01	1.3125e+01	2.5601e-07	5.4116e-01	4.5884e-01	8.5566e-01	1.4434e-01	4.3667e-06	4.2859e-10	7.5290e-03	9.8070e-01	1.1766e-02	1.1755e-36	5.9970e-01	4.0025e-01	4.4626e-05	1.1755e-36	1.1755e-36	1.1755e-36	1.8034e-16	0.00e+00	0.00e+00	1.0910e+01
5.91597e+17	4.8692e+03	9.528e-22	2.7826e+01	1.2873e+01	2.8773e-07	5.5013e-01	4.4987e-01	8.5820e-01	1.4180e-01	4.3061e-06	4.7331e-10	7.4115e-03	9.8108e-01	1.1513e-02	1.1755e-36	6.0847e-01	3.9149e-01	4.2409e-05	1.1755e-36	1.1755e-36	1.1755e-36	2.1779e-16	0.00e+00	0.00e+00	1.1066e+01
5.93140e+17	4.8196e+03	9.281e-22	2.7826e+01	1.2629e+01	3.2272e-07	5.5914e-01	4.4086e-01	8.6065e-01	1.3935e-01	4.2478e-06	5.2302e-10	7.2971e-03	9.8143e-01	1.1268e-02	1.1755e-36	6.1724e-01	3.8272e-01	4.0296e-05	1.1755e-36	1.1755e-36	1.1755e-36	2.6333e-16	0.00e+00	0.00e+00	1.1210e+01
5.94551e+17	4.7825e+03	9.046e-22	2.7826e+01	1.2393e+01	3.5358e-07	5.6682e-01	4.3318e-01	8.6263e-01	1.3736e-01	4.2113e-06	5.6810e-10	7.1824e-03	9.8175e-01	1.1072e-02	1.1755e-36	6.2467e-01	3.7529e-01	3.8508e-05	1.1755e-36	1.1755e-36	1.1755e-36	3.0800e-16	0.00e+00	0.00e+00	1.1345e+01
5.96004e+17	4.7314e+03	8.809e-22	2.7826e+01	1.2150e+01	3.9639e-07	5.7530e-01	4.2470e-01	8.6490e-01	1.3510e-01	4.1600e-06	6.2638e-10	7.0673e-03	9.8209e-01	1.0845e-02	1.1755e-36	6.3288e-01	3.6709e-01	3.6673e-05	1.1755e-36	1.1755e-36	1.1755e-36	3.7151e-16	0.00e+00	0.00e+00	1.1502e+01
5.97498e+17	4.6811e+03	8.569e-22	2.7826e+01	1.1904e+01	4.4431e-07	5.8391e-01	4.1609e-01	8.6708e-01	1.3292e-01	4.1133e-06	6.9161e-10	6.9498e-03	9.8242e-01	1.0626e-02	1.1755e-36	6.4116e-01	3.5880e-01	3.4897e-05	1.1755e-36	1.1755e-36	1.1755e-36	4.4946e-16	0.00e+00	0.00e+00	1.1649e+01
5.98882e+17	4.6315e+03	8.349e-22	2.7826e+01	1.1675e+01	4.9612e-07	5.9197e-01	4.0803e-01	8.6910e-01	1.3090e-01	4.0692e-06	7.6053e-10	6.8410e-03	9.8274e-01	1.0423e-02	1.1755e-36	6.4890e-01	3.5107e-01	3.3315e-05	1.1755e-36	1.1755e-36	1.1755e-36	5.3992e-16	0.00e+00	0.00e+00	1.1788e+01
6.00186e+17	4.5778e+03	8.145e-22	2.7826e+01	1.1459e+01	5.5644e-07	5.9982e-01	4.0018e-01	8.7107e-01	1.2892e-01	4.0225e-06	8.3734e-10	6.7399e-03	9.8304e-01	1.0224e-02	1.1755e-36	6.5641e-01	3.4356e-01	3.1866e-05	1.1755e-36	1.1755e-36	1.1755e-36	6.5105e-16	0.00e+00	0.00e+00	1.1922e+01
6.01412e+17	4.5306e+03	7.954e-22	2.7826e+01	1.1259e+01	6.1678e-07	6.0710e-01	3.9290e-01	8.7285e-01	1.2715e-01	3.9822e-06	9.1488e-10	6.6451e-03	9.8331e-01	1.0045e-02	1.1755e-36	6.6336e-01	3.3661e-01	3.0557e-05	1.1755e-36	1.1755e-36	1.1755e-36	7.7302e-16	0.00e+00	0.00e+00	1.2048e+01
6.02601e+17	4.4847e+03	7.766e-22	2.7826e+01	1.1060e+01	6.8128e-07	6.1408e-01	3.8592e-01	8.7454e-01	1.2546e-01	3.9462e-06	9.9653e-10	6.5502e-03	9.8358e-01	9.8743e-03	1.1755e-36	6.6999e-01	3.2998e-01	2.9337e-05	1.1755e-36	1.1755e-36	1.1755e-36	9.1259e-16	0.00e+00	0.00e+00	1.2177e+01
6.03838e+17	4.4358e+03	7.572e-22	2.7826e+01	1.0852e+01	7.5633e-07	6.2133e-01	3.7867e-01	8.7628e-01	1.2372e-01	3.9090e-06	1.0902e-09	6.4513e-03	9.8385e-01	9.6990e-03	1.1755e-36	6.7685e-01	3.2312e-01	2.8114e-05	1.1755e-36	1.1755e-36	1.1755e-36	1.0866e-15	0.00e+00	0.00e+00	1.2316e+01
6.05113e+17	4.3867e+03	7.373e-22	2.7826e+01	1.0635e+01	8.3973e-07	6.2862e-01	3.7138e-01	8.7797e-01	1.2202e-01	3.8764e-06	1.1931e-09	6.3465e-03	9.8413e-01	9.5271e-03	1.1755e-36	6.8374e-01	3.1623e-01	2.6919e-05	1.1755e-36	1.1755e-36	1.1755e-36	1.2950e-15	0.00e+00	0.00e+00	1.2457e+01
6.06397e+17	4.3316e+03	7.178e-22	2.7826e+01	1.0424e+01	9.4145e-07	6.3631e-01	3.6369e-01	8.7979e-01	1.2020e-01	3.8347e-06	1.3154e-09	6.2472e-03	9.8441e-01	9.3443e-03	1.1755e-36	6.9098e-01	3.0899e-01	2.5732e-05	1.1755e-36	1.1755e-36	1.1755e-36	1.5663e-15	0.00e+00	0.00e+00	1.2602e+01
6.07638e+17	4.2782e+03	6.991e-22	2.7826e+01	1.0217e+01	1.0496e-06	6.4358e-01	3.5642e-01	8.8144e-01	1.1856e-01	3.8001e-06	1.4425e-09	6.1490e-03	9.8467e-01	9.1765e-03	1.1755e-36	6.9781e-01	3.0216e-01	2.4649e-05	1.1755e-36	1.1755e-36	1.1755e-36	1.8758e-15	0.00e+00	0.00e+00	1.2736e+01
6.08813e+17	4.2261e+03	6.815e-22	2.7826e+01	1.0021e+01	1.1647e-06	6.5049e-01	3.4951e-01	8.8300e-01	1.1699e-01	3.7669e-06	1.5750e-09	6.0562e-03	9.8493e-01	9.0177e-03	1.1755e-36	7.0428e-01	2.9570e-01	2.3657e-05	1.1755e-36	1.1755e-36	1.1755e-36	2.2275e-15	0.00e+00	0.00e+00	1.2869e+01
6.09978e+17	4.1732e+03	6.643e-22	2.7826e+01	9.8270e+00	1.2914e-06	6.5734e-01	3.4266e-01	8.8455e-01	1.1545e-01	3.7338e-06	1.7181e-09	5.9646e-03	9.8517e-01	8.8608e-03	1.1755e-36	7.1067e-01	2.8930e-01	2.2704e-05	1.1755e-36	1.1755e-36	1.1755e-36	2.6403e-15	0.00e+00	0.00e+00	1.3004e+01
6.11161e+17	4.1183e+03	6.470e-22	2.7826e+01	9.6302e+00	1.4336e-06	6.6429e-01	3.3571e-01	8.8610e-01	1.1389e-01	3.7003e-06	1.8754e-09	5.8722e-03	9.8542e-01	8.7030e-03	1.1755e-36	7.1715e-01	2.8283e-01	2.1771e-05	1.1755e-36	1.1755e-36	1.1755e-36	3.1330e-15	0.00e+00	0.00e+00	1.3143e+01
6.12360e+17	4.0562e+03	6.298e-22	2.7826e+01	9.4300e+00	1.6042e-06	6.7151e-01	3.2849e-01	8.8773e-01	1.1226e-01	3.6618e-06	2.0550e-09	5.7806e-03	9.8568e-01	8.5392e-03	1.1755e-36	7.2386e-01	2.7612e-01	2.0853e-05	1.1755e-36	1.1755e-36	1.1755e-36	3.7489e-15	0.00e+00	0.00e+00	1.3285e+01
6.13528e+17	4.0046e+03	6.130e-22	2.7826e+01	9.2365e+00	1.7615e-06	6.7814e-01	3.2186e-01	8.8912e-01	1.1087e-01	3.6363e-06	2.2237e-09	5.6884e-03	9.8592e-01	8.3961e-03	1.1755e-36	7.2999e-01	2.6999e-01	2.0012e-05	1.1755e-36	1.1755e-36	1.1755e-36	4.3718e-15	0.00e+00	0.00e+00	1.3420e+01
6.14727e+17	3.9406e+03	5.959e-22	2.7826e+01	9.0304e+00	1.9606e-06	6.8527e-01	3.1473e-01	8.9067e-01	1.0932e-01	3.6027e-06	2.4214e-09	5.5941e-03	9.8617e-01	8.2388e-03	1.1755e-36	7.3658e-01	2.6340e-01	1.9158e-05	1.1755e-36	1.1755e-36	1.1755e-36	5.1664e-15	0.00e+00	0.00e+00	1.3573e+01
