#depth	Te	Htot	hden	eden	2H_2/H	HI	HII	HeI	HeII	HeIII	CO/C	C1	C2	C3	C4	O1	O2	O3	O4	O5	O6	H2O/O	AV(point)	AV(extend)	Tau912
1.91427e+14	5.9581e+03	3.465e-22	1.0000e+01	1.0131e+01	2.5071e-09	6.2004e-02	9.3800e-01	1.8386e-01	8.1573e-01	4.1397e-04	4.8114e-13	1.4770e-02	7.9517e-01	1.9005e-01	6.1334e-06	7.5132e-02	9.1351e-01	1.1353e-02	2.0167e-07	1.1755e-36	1.1755e-36	1.0836e-20	0.00e+00	0.00e+00	1.4992e-03
1.14856e+15	5.9488e+03	3.448e-22	1.0000e+01	1.0093e+01	2.5106e-09	6.1766e-02	9.3823e-01	1.8351e-01	8.1607e-01	4.1510e-04	4.7542e-13	1.4666e-02	7.9491e-01	1.9041e-01	6.1743e-06	7.4851e-02	9.1375e-01	1.1400e-02	2.0301e-07	1.1755e-36	1.1755e-36	1.0647e-20	0.00e+00	0.00e+00	7.4728e-03
4.97711e+15	5.9263e+03	3.430e-22	1.0000e+01	1.0087e+01	2.5725e-09	6.1822e-02	9.3818e-01	1.8426e-01	8.1533e-01	4.1277e-04	4.7795e-13	1.4645e-02	7.9573e-01	1.8962e-01	6.1320e-06	7.4936e-02	9.1370e-01	1.1369e-02	2.0119e-07	1.1755e-36	1.1755e-36	1.0732e-20	0.00e+00	0.00e+00	3.1389e-02
2.02913e+16	5.8609e+03	3.386e-22	1.0000e+01	1.0076e+01	2.8276e-09	6.2628e-02	9.3737e-01	1.8755e-01	8.1205e-01	4.0296e-04	4.9868e-13	1.4775e-02	7.9900e-01	1.8622e-01	5.9020e-06	7.5970e-02	9.1291e-01	1.1123e-02	1.9032e-07	1.1755e-36	1.1755e-36	1.1441e-20	0.00e+00	0.00e+00	1.2830e-01
4.84694e+16	5.6408e+03	3.255e-22	1.0000e+01	1.0076e+01	3.4787e-09	6.2205e-02	9.3779e-01	1.9287e-01	8.0674e-01	3.8696e-04	5.0902e-13	1.4756e-02	8.0455e-01	1.8069e-01	5.6840e-06	7.5603e-02	9.1329e-01	1.1106e-02	1.8517e-07	1.1755e-36	1.1755e-36	1.1947e-20	0.00e+00	0.00e+00	2.5343e-01
7.50945e+16	5.4447e+03	3.148e-22	1.0000e+01	1.0077e+01	4.1872e-09	6.1706e-02	9.3829e-01	1.9713e-01	8.0250e-01	3.7461e-04	5.1802e-13	1.4728e-02	8.0898e-01	1.7629e-01	5.5211e-06	7.5128e-02	9.1375e-01	1.1117e-02	1.8191e-07	1.1755e-36	1.1755e-36	1.2528e-20	0.00e+00	0.00e+00	3.3682e-01
9.44583e+16	5.3546e+03	3.100e-22	1.0000e+01	1.0071e+01	4.6828e-09	6.2152e-02	9.3785e-01	2.0031e-01	7.9933e-01	3.6623e-04	5.3806e-13	1.4834e-02	8.1200e-01	1.7316e-01	5.3418e-06	7.5743e-02	9.1331e-01	1.0942e-02	1.7427e-07	1.1755e-36	1.1755e-36	1.3444e-20	0.00e+00	0.00e+00	4.0484e-01
1.14389e+17	5.3031e+03	3.072e-22	1.0000e+01	1.0062e+01	5.1868e-09	6.3431e-02	9.3657e-01	2.0418e-01	7.9547e-01	3.5700e-04	5.7448e-13	1.5077e-02	8.1532e-01	1.6959e-01	5.0876e-06	7.7356e-02	9.1206e-01	1.0588e-02	1.6158e-07	1.1755e-36	1.1755e-36	1.4985e-20	0.00e+00	0.00e+00	4.9509e-01
1.40298e+17	5.2513e+03	3.039e-22	1.0000e+01	1.0032e+01	5.8692e-09	6.5298e-02	9.3470e-01	2.0913e-01	7.9053e-01	3.4597e-04	6.2751e-13	1.5412e-02	8.1937e-01	1.6522e-01	4.7687e-06	7.9695e-02	9.1020e-01	1.0105e-02	1.4553e-07	1.1755e-36	1.1755e-36	1.7333e-20	0.00e+00	0.00e+00	6.1588e-01
1.73981e+17	5.2061e+03	3.010e-22	1.0000e+01	1.0009e+01	6.8401e-09	6.8286e-02	9.3171e-01	2.1612e-01	7.8355e-01	3.3181e-04	7.1557e-13	1.5936e-02	8.2471e-01	1.5935e-01	4.3441e-06	8.3405e-02	9.0717e-01	9.4221e-03	1.1755e-36	1.1755e-36	1.1755e-36	2.1436e-20	0.00e+00	0.00e+00	7.8008e-01
2.17768e+17	5.1715e+03	2.981e-22	1.0000e+01	9.9521e+00	8.2648e-09	7.2897e-02	9.2710e-01	2.2560e-01	7.7409e-01	3.1475e-04	8.6011e-13	1.6682e-02	8.3137e-01	1.5195e-01	3.8190e-06	8.9094e-02	9.0240e-01	8.5105e-03	1.1755e-36	1.1755e-36	1.1755e-36	2.8788e-20	0.00e+00	0.00e+00	1.0079e+00
2.74692e+17	5.1697e+03	2.952e-22	1.0000e+01	9.8566e+00	1.0341e-08	8.0248e-02	9.1975e-01	2.3889e-01	7.6082e-01	2.9425e-04	1.1143e-12	1.7777e-02	8.3969e-01	1.4253e-01	3.1842e-06	9.8093e-02	8.9458e-01	7.3224e-03	1.1755e-36	1.1755e-36	1.1755e-36	4.3230e-20	0.00e+00	0.00e+00	1.3341e+00
3.22891e+17	5.1982e+03	2.939e-22	1.0000e+01	9.7794e+00	1.2109e-08	8.7137e-02	9.1286e-01	2.4880e-01	7.5091e-01	2.8263e-04	1.3755e-12	1.8690e-02	8.4536e-01	1.3595e-01	2.7532e-06	1.0647e-01	8.8710e-01	6.4370e-03	1.1755e-36	1.1755e-36	1.1755e-36	6.0060e-20	0.00e+00	0.00e+00	1.5104e+00
3.49893e+17	5.2389e+03	2.936e-22	1.0000e+01	9.7241e+00	1.3109e-08	9.1981e-02	9.0802e-01	2.5521e-01	7.4452e-01	2.7585e-04	1.5696e-12	1.9285e-02	8.4870e-01	1.3201e-01	2.5071e-06	1.1231e-01	8.8178e-01	5.9117e-03	1.1755e-36	1.1755e-36	1.1755e-36	7.3270e-20	0.00e+00	0.00e+00	1.6379e+00
3.75140e+17	5.2782e+03	2.934e-22	1.0000e+01	9.6628e+00	1.4339e-08	9.7453e-02	9.0255e-01	2.6262e-01	7.3711e-01	2.6787e-04	1.8137e-12	1.9924e-02	8.5239e-01	1.2768e-01	2.2624e-06	1.1890e-01	8.7570e-01	5.3967e-03	1.1755e-36	1.1755e-36	1.1755e-36	9.1084e-20	0.00e+00	0.00e+00	1.8136e+00
4.06041e+17	5.3217e+03	2.938e-22	1.0000e+01	9.5895e+00	1.6262e-08	1.0512e-01	8.9488e-01	2.7234e-01	7.2740e-01	2.5816e-04	2.2002e-12	2.0752e-02	8.5703e-01	1.2222e-01	1.9788e-06	1.2810e-01	8.6710e-01	4.7943e-03	1.1755e-36	1.1755e-36	1.1755e-36	1.2229e-19	0.00e+00	0.00e+00	2.0344e+00
4.36739e+17	5.3862e+03	2.936e-22	1.0000e+01	9.4890e+00	1.8035e-08	1.1337e-01	8.8663e-01	2.8174e-01	7.1801e-01	2.5034e-04	2.6443e-12	2.1525e-02	8.6110e-01	1.1737e-01	1.7362e-06	1.3794e-01	8.5781e-01	4.2483e-03	1.1755e-36	1.1755e-36	1.1755e-36	1.6099e-19	0.00e+00	0.00e+00	2.2358e+00
4.65115e+17	5.4455e+03	2.938e-22	1.0000e+01	9.4007e+00	2.0204e-08	1.2248e-01	8.7752e-01	2.9167e-01	7.0809e-01	2.4240e-04	3.2090e-12	2.2317e-02	8.6527e-01	1.1241e-01	1.5156e-06	1.4876e-01	8.4749e-01	3.7536e-03	1.1755e-36	1.1755e-36	1.1755e-36	2.1557e-19	0.00e+00	0.00e+00	2.4572e+00
4.92758e+17	5.5096e+03	2.935e-22	1.0000e+01	9.2944e+00	2.2584e-08	1.3244e-01	8.6756e-01	3.0177e-01	6.9800e-01	2.3522e-04	3.8981e-12	2.3066e-02	8.6924e-01	1.0769e-01	1.3216e-06	1.6052e-01	8.3618e-01	3.3062e-03	1.1755e-36	1.1755e-36	1.1755e-36	2.8893e-19	0.00e+00	0.00e+00	2.6802e+00
5.18738e+17	5.5722e+03	2.928e-22	1.0000e+01	9.1796e+00	2.5261e-08	1.4306e-01	8.5694e-01	3.1200e-01	6.8777e-01	2.2853e-04	4.7321e-12	2.3759e-02	8.7305e-01	1.0319e-01	1.1535e-06	1.7299e-01	8.2409e-01	2.9121e-03	1.1755e-36	1.1755e-36	1.1755e-36	3.8728e-19	0.00e+00	0.00e+00	2.9087e+00
5.43324e+17	5.6382e+03	2.915e-22	1.0000e+01	9.0577e+00	2.8106e-08	1.5431e-01	8.4569e-01	3.2222e-01	6.7755e-01	2.2245e-04	5.7240e-12	2.4390e-02	8.7668e-01	9.8928e-02	1.0083e-06	1.8613e-01	8.1131e-01	2.5650e-03	1.1755e-36	1.1755e-36	1.1755e-36	5.1590e-19	0.00e+00	0.00e+00	3.1414e+00
5.67052e+17	5.6895e+03	2.899e-22	1.0000e+01	8.9178e+00	3.1867e-08	1.6661e-01	8.3339e-01	3.3308e-01	6.6671e-01	2.1627e-04	6.9935e-12	2.4958e-02	8.8034e-01	9.4698e-02	8.7882e-07	2.0042e-01	7.9732e-01	2.2539e-03	1.1755e-36	1.1755e-36	1.1755e-36	7.0217e-19	0.00e+00	0.00e+00	3.3895e+00
5.88832e+17	5.7373e+03	2.888e-22	1.0000e+01	8.8083e+00	3.6194e-08	1.7969e-01	8.2031e-01	3.4389e-01	6.5590e-01	2.1031e-04	8.5664e-12	2.5532e-02	8.8389e-01	9.0579e-02	7.6679e-07	2.1552e-01	7.8250e-01	1.9842e-03	1.1755e-36	1.1755e-36	1.1755e-36	9.6136e-19	0.00e+00	0.00e+00	3.6162e+00
6.07179e+17	5.7842e+03	2.861e-22	1.0000e+01	8.6660e+00	3.9893e-08	1.9106e-01	8.0894e-01	3.5266e-01	6.4713e-01	2.0644e-04	1.0055e-11	2.5846e-02	8.8664e-01	8.7508e-02	6.8657e-07	2.2855e-01	7.6967e-01	1.7811e-03	1.1755e-36	1.1755e-36	1.1755e-36	1.2308e-18	0.00e+00	0.00e+00	3.8178e+00
6.24547e+17	5.8306e+03	2.828e-22	1.0000e+01	8.5240e+00	4.3849e-08	2.0273e-01	7.9727e-01	3.6176e-01	6.3804e-01	2.0236e-04	1.1770e-11	2.6117e-02	8.8939e-01	8.4492e-02	6.1517e-07	2.4186e-01	7.5654e-01	1.6001e-03	1.1755e-36	1.1755e-36	1.1755e-36	1.5678e-18	0.00e+00	0.00e+00	4.0485e+00
6.43548e+17	5.8563e+03	2.794e-22	1.0000e+01	8.3700e+00	5.0430e-08	2.1732e-01	7.8268e-01	3.7292e-01	6.2688e-01	1.9706e-04	1.4375e-11	2.6420e-02	8.9269e-01	8.0884e-02	5.3998e-07	2.5841e-01	7.4017e-01	1.4132e-03	1.1755e-36	1.1755e-36	1.1755e-36	2.1548e-18	0.00e+00	0.00e+00	4.3227e+00
6.61193e+17	5.8869e+03	2.758e-22	1.0000e+01	8.2209e+00	5.7192e-08	2.3191e-01	7.6809e-01	3.8300e-01	6.1681e-01	1.9302e-04	1.7324e-11	2.6642e-02	8.9566e-01	7.7701e-02	4.7834e-07	2.7483e-01	7.2391e-01	1.2557e-03	1.1755e-36	1.1755e-36	1.1755e-36	2.9007e-18	0.00e+00	0.00e+00	4.5469e+00
6.75322e+17	5.9155e+03	2.719e-22	1.0000e+01	8.0842e+00	6.3036e-08	2.4419e-01	7.5581e-01	3.9136e-01	6.0845e-01	1.8992e-04	2.0096e-11	2.6743e-02	8.9802e-01	7.5234e-02	4.3382e-07	2.8856e-01	7.1030e-01	1.1395e-03	1.1755e-36	1.1755e-36	1.1755e-36	3.6704e-18	0.00e+00	0.00e+00	4.7466e+00
6.88780e+17	5.9254e+03	2.680e-22	1.0000e+01	7.9489e+00	7.0783e-08	2.5709e-01	7.4291e-01	4.0022e-01	5.9959e-01	1.8637e-04	2.3569e-11	2.6825e-02	9.0048e-01	7.2689e-02	3.9263e-07	3.0291e-01	6.9605e-01	1.0338e-03	1.1755e-36	1.1755e-36	1.1755e-36	4.7554e-18	0.00e+00	0.00e+00	4.9733e+00
7.02145e+17	5.9384e+03	2.635e-22	1.0000e+01	7.8076e+00	7.9166e-08	2.7043e-01	7.2957e-01	4.0897e-01	5.9084e-01	1.8319e-04	2.7592e-11	2.6853e-02	9.0288e-01	7.0267e-02	3.5579e-07	3.1766e-01	6.8140e-01	9.3748e-04	1.1755e-36	1.1755e-36	1.1755e-36	6.1429e-18	0.00e+00	0.00e+00	5.1913e+00
7.14552e+17	5.9463e+03	2.590e-22	1.0000e+01	7.6689e+00	8.8384e-08	2.8356e-01	7.1644e-01	4.1739e-01	5.8243e-01	1.8024e-04	3.2137e-11	2.6837e-02	9.0515e-01	6.8009e-02	3.2400e-07	3.3209e-01	6.6705e-01	8.5384e-04	1.1755e-36	1.1755e-36	1.1755e-36	7.8845e-18	0.00e+00	0.00e+00	5.4071e+00
7.26355e+17	5.9472e+03	2.543e-22	1.0000e+01	7.5329e+00	9.9045e-08	2.9687e-01	7.0313e-01	4.2571e-01	5.7412e-01	1.7739e-04	3.7471e-11	2.6795e-02	9.0738e-01	6.5826e-02	2.9561e-07	3.4663e-01	6.5260e-01	7.7912e-04	1.1755e-36	1.1755e-36	1.1755e-36	1.0166e-17	0.00e+00	0.00e+00	5.6237e+00
7.37501e+17	5.9473e+03	2.495e-22	1.0000e+01	7.3958e+00	1.1036e-07	3.0986e-01	6.9014e-01	4.3366e-01	5.6617e-01	1.7484e-04	4.3382e-11	2.6703e-02	9.0947e-01	6.3824e-02	2.7110e-07	3.6073e-01	6.3855e-01	7.1373e-04	1.1755e-36	1.1755e-36	1.1755e-36	1.2963e-17	0.00e+00	0.00e+00	5.8337e+00
7.48103e+17	5.9413e+03	2.447e-22	1.0000e+01	7.2661e+00	1.2344e-07	3.2305e-01	6.7695e-01	4.4170e-01	5.5813e-01	1.7216e-04	5.0365e-11	2.6607e-02	9.1154e-01	6.1855e-02	2.4886e-07	3.7496e-01	6.2438e-01	6.5466e-04	1.1755e-36	1.1755e-36	1.1755e-36	1.6636e-17	0.00e+00	0.00e+00	6.0473e+00
7.58278e+17	5.9346e+03	2.395e-22	1.0000e+01	7.1301e+00	1.3741e-07	3.3594e-01	6.6406e-01	4.4932e-01	5.5051e-01	1.6987e-04	5.8104e-11	2.6455e-02	9.1350e-01	6.0047e-02	2.2946e-07	3.8879e-01	6.1061e-01	6.0234e-04	1.1755e-36	1.1755e-36	1.1755e-36	2.1146e-17	0.00e+00	0.00e+00	6.2569e+00
7.68080e+17	5.9250e+03	2.343e-22	1.0000e+01	6.9950e+00	1.5298e-07	3.4885e-01	6.5115e-01	4.5689e-01	5.4295e-01	1.6763e-04	6.7014e-11	2.6279e-02	9.1541e-01	5.8306e-02	2.1195e-07	4.0256e-01	5.9689e-01	5.5492e-04	1.1755e-36	1.1755e-36	1.1755e-36	2.6893e-17	0.00e+00	0.00e+00	6.4710e+00
7.77715e+17	5.9113e+03	2.289e-22	1.0000e+01	6.8565e+00	1.7080e-07	3.6196e-01	6.3804e-01	4.6445e-01	5.3539e-01	1.6547e-04	7.7470e-11	2.6071e-02	9.1732e-01	5.6613e-02	1.9591e-07	4.1646e-01	5.8303e-01	5.1134e-04	1.1755e-36	1.1755e-36	1.1755e-36	3.4390e-17	0.00e+00	0.00e+00	6.6893e+00
7.87067e+17	5.8961e+03	2.234e-22	1.0000e+01	6.7184e+00	1.9046e-07	3.7504e-01	6.2496e-01	4.7186e-01	5.2797e-01	1.6344e-04	8.9464e-11	2.5838e-02	9.1917e-01	5.4996e-02	1.8145e-07	4.3025e-01	5.6928e-01	4.7178e-04	1.1755e-36	1.1755e-36	1.1755e-36	4.3930e-17	0.00e+00	0.00e+00	6.9061e+00
7.96077e+17	5.8778e+03	2.179e-22	1.0000e+01	6.5817e+00	2.1244e-07	3.8805e-01	6.1195e-01	4.7915e-01	5.2069e-01	1.6149e-04	1.0329e-10	2.5586e-02	9.2097e-01	5.3446e-02	1.6840e-07	4.4387e-01	5.5569e-01	4.3600e-04	1.1755e-36	1.1755e-36	1.1755e-36	5.6154e-17	0.00e+00	0.00e+00	7.1233e+00
8.04795e+17	5.8565e+03	2.123e-22	1.0000e+01	6.4458e+00	2.3704e-07	4.0097e-01	5.9903e-01	4.8632e-01	5.1352e-01	1.5963e-04	1.1927e-10	2.5317e-02	9.2272e-01	5.1962e-02	1.5658e-07	4.5733e-01	5.4226e-01	4.0352e-04	1.1755e-36	1.1755e-36	1.1755e-36	7.1866e-17	0.00e+00	0.00e+00	7.3403e+00
8.13209e+17	5.8329e+03	2.068e-22	1.0000e+01	6.3116e+00	2.6433e-07	4.1374e-01	5.8626e-01	4.9331e-01	5.0653e-01	1.5786e-04	1.3760e-10	2.5031e-02	9.2442e-01	5.0546e-02	1.4592e-07	4.7056e-01	5.2907e-01	3.7410e-04	1.1755e-36	1.1755e-36	1.1755e-36	9.1924e-17	0.00e+00	0.00e+00	7.5560e+00
8.21337e+17	5.8072e+03	2.013e-22	1.0000e+01	6.1791e+00	2.9458e-07	4.2634e-01	5.7366e-01	5.0015e-01	4.9969e-01	1.5618e-04	1.5865e-10	2.4733e-02	9.2607e-01	4.9193e-02	1.3625e-07	4.8354e-01	5.1611e-01	3.4740e-04	1.1755e-36	1.1755e-36	1.1755e-36	1.1752e-16	0.00e+00	0.00e+00	7.7713e+00
8.29230e+17	5.7794e+03	1.959e-22	1.0000e+01	6.0480e+00	3.2823e-07	4.3882e-01	5.6118e-01	5.0686e-01	4.9298e-01	1.5458e-04	1.8293e-10	2.4422e-02	9.2768e-01	4.7894e-02	1.2744e-07	4.9632e-01	5.0335e-01	3.2299e-04	1.1755e-36	1.1755e-36	1.1755e-36	1.5035e-16	0.00e+00	0.00e+00	7.9871e+00
8.36924e+17	5.7496e+03	1.905e-22	1.0000e+01	5.9181e+00	3.6581e-07	4.5121e-01	5.4879e-01	5.1348e-01	4.8637e-01	1.5304e-04	2.1105e-10	2.4100e-02	9.2926e-01	4.6642e-02	1.1755e-36	5.0894e-01	4.9076e-01	3.0060e-04	1.1755e-36	1.1755e-36	1.1755e-36	1.9265e-16	0.00e+00	0.00e+00	8.2036e+00
8.44421e+17	5.7176e+03	1.851e-22	1.0000e+01	5.7895e+00	4.0779e-07	4.6348e-01	5.3652e-01	5.1997e-01	4.7987e-01	1.5156e-04	2.4363e-10	2.3768e-02	9.3079e-01	4.5437e-02	1.1755e-36	5.2137e-01	4.7835e-01	2.8007e-04	1.1755e-36	1.1755e-36	1.1755e-36	2.4725e-16	0.00e+00	0.00e+00	8.4201e+00
8.51711e+17	5.6837e+03	1.798e-22	1.0000e+01	5.6627e+00	4.5450e-07	4.7557e-01	5.2442e-01	5.2633e-01	4.7352e-01	1.5015e-04	2.8127e-10	2.3428e-02	9.3229e-01	4.4282e-02	1.1755e-36	5.3355e-01	4.6619e-01	2.6127e-04	1.1755e-36	1.1755e-36	1.1755e-36	3.1750e-16	0.00e+00	0.00e+00	8.6358e+00
8.58798e+17	5.6483e+03	1.747e-22	1.0000e+01	5.5378e+00	5.0633e-07	4.8747e-01	5.1253e-01	5.3255e-01	4.6730e-01	1.4880e-04	3.2467e-10	2.3083e-02	9.3374e-01	4.3174e-02	1.1755e-36	5.4547e-01	4.5428e-01	2.4404e-04	1.1755e-36	1.1755e-36	1.1755e-36	4.0776e-16	0.00e+00	0.00e+00	8.8510e+00
8.65708e+17	5.6115e+03	1.695e-22	1.0000e+01	5.4148e+00	5.6393e-07	4.9920e-01	5.0080e-01	5.3865e-01	4.6120e-01	1.4751e-04	3.7484e-10	2.2733e-02	9.3516e-01	4.2108e-02	1.1755e-36	5.5716e-01	4.4261e-01	2.2819e-04	1.1755e-36	1.1755e-36	1.1755e-36	5.2401e-16	0.00e+00	0.00e+00	9.0662e+00
8.72465e+17	5.5730e+03	1.645e-22	1.0000e+01	5.2936e+00	6.2814e-07	5.1078e-01	4.8922e-01	5.4466e-01	4.5520e-01	1.4627e-04	4.3305e-10	2.2378e-02	9.3654e-01	4.1079e-02	1.1755e-36	5.6864e-01	4.3114e-01	2.1357e-04	1.1755e-36	1.1755e-36	1.1755e-36	6.7434e-16	0.00e+00	0.00e+00	9.2818e+00
8.79078e+17	5.5329e+03	1.596e-22	1.0000e+01	5.1741e+00	6.9983e-07	5.2220e-01	4.7780e-01	5.5055e-01	4.4930e-01	1.4507e-04	5.0068e-10	2.2020e-02	9.3789e-01	4.0086e-02	1.1755e-36	5.7991e-01	4.1989e-01	2.0005e-04	1.1755e-36	1.1755e-36	1.1755e-36	8.6917e-16	0.00e+00	0.00e+00	9.4975e+00
8.85541e+17	5.4912e+03	1.548e-22	1.0000e+01	5.0564e+00	7.7971e-07	5.3343e-01	4.6657e-01	5.5634e-01	4.4352e-01	1.4391e-04	5.7913e-10	2.1660e-02	9.3921e-01	3.9130e-02	1.1755e-36	5.9094e-01	4.0887e-01	1.8758e-04	1.1755e-36	1.1755e-36	1.1755e-36	1.1215e-15	0.00e+00	0.00e+00	9.7126e+00
8.91850e+17	5.4483e+03	1.501e-22	1.0000e+01	4.9410e+00	8.6844e-07	5.4445e-01	4.5555e-01	5.6200e-01	4.3786e-01	1.4281e-04	6.6991e-10	2.1300e-02	9.4049e-01	3.8211e-02	1.1755e-36	6.0171e-01	3.9811e-01	1.7607e-04	1.1755e-36	1.1755e-36	1.1755e-36	1.4474e-15	0.00e+00	0.00e+00	9.9268e+00
8.98016e+17	5.4044e+03	1.455e-22	1.0000e+01	4.8277e+00	9.6685e-07	5.5525e-01	4.4475e-01	5.6754e-01	4.3231e-01	1.4174e-04	7.7491e-10	2.0939e-02	9.4174e-01	3.7326e-02	1.1755e-36	6.1222e-01	3.8762e-01	1.6544e-04	1.1755e-36	1.1755e-36	1.1755e-36	1.8682e-15	0.00e+00	0.00e+00	1.0141e+01
9.04062e+17	5.3594e+03	1.410e-22	1.0000e+01	4.7165e+00	1.0762e-06	5.6587e-01	4.3412e-01	5.7299e-01	4.2687e-01	1.4071e-04	8.9664e-10	2.0579e-02	9.4295e-01	3.6470e-02	1.1755e-36	6.2250e-01	3.7735e-01	1.5557e-04	1.1755e-36	1.1755e-36	1.1755e-36	2.4129e-15	0.00e+00	0.00e+00	1.0355e+01
9.10008e+17	5.3131e+03	1.367e-22	1.0000e+01	4.6070e+00	1.1981e-06	5.7633e-01	4.2366e-01	5.7839e-01	4.2147e-01	1.3968e-04	1.0383e-09	2.0220e-02	9.4414e-01	3.5642e-02	1.1755e-36	6.3258e-01	3.6728e-01	1.4638e-04	1.1755e-36	1.1755e-36	1.1755e-36	3.1205e-15	0.00e+00	0.00e+00	1.0569e+01
9.15854e+17	5.2655e+03	1.324e-22	1.0000e+01	4.4994e+00	1.3342e-06	5.8663e-01	4.1337e-01	5.8369e-01	4.1618e-01	1.3869e-04	1.2033e-09	1.9861e-02	9.4530e-01	3.4839e-02	1.1755e-36	6.4245e-01	3.5741e-01	1.3783e-04	1.1755e-36	1.1755e-36	1.1755e-36	4.0417e-15	0.00e+00	0.00e+00	1.0784e+01
9.21593e+17	5.2166e+03	1.282e-22	1.0000e+01	4.3937e+00	1.4860e-06	5.9673e-01	4.0327e-01	5.8888e-01	4.1098e-01	1.3774e-04	1.3951e-09	1.9503e-02	9.4643e-01	3.4064e-02	1.1755e-36	6.5210e-01	3.4777e-01	1.2987e-04	1.1755e-36	1.1755e-36	1.1755e-36	5.2401e-15	0.00e+00	0.00e+00	1.0998e+01
9.27216e+17	5.1667e+03	1.242e-22	1.0000e+01	4.2902e+00	1.6543e-06	6.0661e-01	3.9339e-01	5.9397e-01	4.0589e-01	1.3682e-04	1.6174e-09	1.9149e-02	9.4753e-01	3.3317e-02	1.1755e-36	6.6149e-01	3.3839e-01	1.2249e-04	1.1755e-36	1.1755e-36	1.1755e-36	6.7929e-15	0.00e+00	0.00e+00	1.1211e+01
9.32732e+17	5.1161e+03	1.203e-22	1.0000e+01	4.1889e+00	1.8405e-06	6.1627e-01	3.8373e-01	5.9897e-01	4.0090e-01	1.3592e-04	1.8743e-09	1.8798e-02	9.4860e-01	3.2597e-02	1.1755e-36	6.7063e-01	3.2925e-01	1.1563e-04	1.1755e-36	1.1755e-36	1.1755e-36	8.7991e-15	0.00e+00	0.00e+00	1.1424e+01
9.38168e+17	5.0647e+03	1.165e-22	1.0000e+01	4.0896e+00	2.0466e-06	6.2574e-01	3.7425e-01	6.0389e-01	3.9598e-01	1.3505e-04	2.1719e-09	1.8451e-02	9.4965e-01	3.1898e-02	1.1755e-36	6.7957e-01	3.2032e-01	1.0921e-04	1.1755e-36	1.1755e-36	1.1755e-36	1.1395e-14	0.00e+00	0.00e+00	1.1638e+01
9.43553e+17	5.0125e+03	1.128e-22	1.0000e+01	3.9918e+00	2.2757e-06	6.3509e-01	3.6491e-01	6.0877e-01	3.9110e-01	1.3418e-04	2.5180e-09	1.8105e-02	9.5068e-01	3.1216e-02	1.1755e-36	6.8835e-01	3.1155e-01	1.0317e-04	1.1755e-36	1.1755e-36	1.1755e-36	1.4768e-14	0.00e+00	0.00e+00	1.1853e+01
9.48903e+17	4.9548e+03	1.092e-22	1.0000e+01	3.8938e+00	2.5419e-06	6.4439e-01	3.5561e-01	6.1367e-01	3.8620e-01	1.3327e-04	2.8622e-09	1.7758e-02	9.5172e-01	3.0517e-02	1.1755e-36	6.9705e-01	3.0285e-01	9.7484e-05	1.1755e-36	1.1755e-36	1.1755e-36	1.8548e-14	0.00e+00	0.00e+00	1.2070e+01
9.54114e+17	4.8974e+03	1.058e-22	1.0000e+01	3.8013e+00	2.8342e-06	6.5351e-01	3.4649e-01	6.1852e-01	3.8135e-01	1.3230e-04	3.2247e-09	1.7430e-02	9.5274e-01	2.9828e-02	1.1755e-36	7.0555e-01	2.9436e-01	9.2185e-05	1.1755e-36	1.1755e-36	1.1755e-36	2.2950e-14	0.00e+00	0.00e+00	1.2280e+01
9.59128e+17	4.8438e+03	1.025e-22	1.0000e+01	3.7110e+00	3.1347e-06	6.6200e-01	3.3800e-01	6.2298e-01	3.7689e-01	1.3155e-04	3.6020e-09	1.7103e-02	9.5370e-01	2.9195e-02	1.1755e-36	7.1343e-01	2.8648e-01	8.7401e-05	1.1755e-36	1.1755e-36	1.1755e-36	2.7963e-14	0.00e+00	0.00e+00	1.2486e+01
9.64171e+17	4.7878e+03	9.923e-23	1.0000e+01	3.6222e+00	3.4752e-06	6.7059e-01	3.2941e-01	6.2765e-01	3.7222e-01	1.3066e-04	4.0322e-09	1.6782e-02	9.5467e-01	2.8547e-02	1.1755e-36	7.2137e-01	2.7855e-01	8.2768e-05	1.1755e-36	1.1755e-36	1.1755e-36	3.4191e-14	0.00e+00	0.00e+00	1.2704e+01
9.69373e+17	4.7331e+03	9.589e-23	1.0000e+01	3.5273e+00	3.8380e-06	6.7896e-01	3.2103e-01	6.3204e-01	3.6783e-01	1.3011e-04	4.4951e-09	1.6428e-02	9.5564e-01	2.7934e-02	1.1755e-36	7.2909e-01	2.7084e-01	7.8358e-05	1.1755e-36	1.1755e-36	1.1755e-36	4.1504e-14	0.00e+00	0.00e+00	1.2929e+01
9.74780e+17	4.6623e+03	9.258e-23	1.0000e+01	3.4339e+00	4.3255e-06	6.8827e-01	3.1172e-01	6.3729e-01	3.6258e-01	1.2891e-04	5.0954e-09	1.6092e-02	9.5668e-01	2.7229e-02	1.1755e-36	7.3764e-01	2.6229e-01	7.3836e-05	1.1755e-36	1.1755e-36	1.1755e-36	5.1932e-14	0.00e+00	0.00e+00	1.3171e+01
9.80027e+17	4.6024e+03	8.941e-23	1.0000e+01	3.3436e+00	4.7925e-06	6.9680e-01	3.0320e-01	6.4182e-01	3.5805e-01	1.2818e-04	5.6904e-09	1.5756e-02	9.5763e-01	2.6616e-02	1.1755e-36	7.4543e-01	2.5450e-01	6.9799e-05	1.1755e-36	1.1755e-36	1.1755e-36	6.3245e-14	0.00e+00	0.00e+00	1.3388e+01
9.85025e+17	4.5330e+03	8.648e-23	1.0000e+01	3.2578e+00	5.3454e-06	7.0517e-01	2.9482e-01	6.4659e-01	3.5328e-01	1.2711e-04	6.3619e-09	1.5444e-02	9.5857e-01	2.5990e-02	1.1755e-36	7.5307e-01	2.4686e-01	6.6070e-05	1.1755e-36	1.1755e-36	1.1755e-36	7.7208e-14	0.00e+00	0.00e+00	1.3614e+01
9.90004e+17	4.4712e+03	8.360e-23	1.0000e+01	3.1734e+00	5.8901e-06	7.1312e-01	2.8687e-01	6.5100e-01	3.4888e-01	1.2633e-04	7.0436e-09	1.5130e-02	9.5946e-01	2.5411e-02	1.1755e-36	7.6029e-01	2.3964e-01	6.2599e-05	1.1755e-36	1.1755e-36	1.1755e-36	9.2527e-14	0.00e+00	0.00e+00	1.3834e+01
9.95097e+17	4.4025e+03	8.073e-23	1.0000e+01	3.0882e+00	6.5215e-06	7.2130e-01	2.7870e-01	6.5574e-01	3.4413e-01	1.2533e-04	7.8176e-09	1.4815e-02	9.6038e-01	2.4801e-02	1.1755e-36	7.6770e-01	2.3224e-01	5.9183e-05	1.1755e-36	1.1755e-36	1.1755e-36	1.1131e-13	0.00e+00	0.00e+00	1.4075e+01
1.00048e+18	4.3289e+03	7.777e-23	1.0000e+01	2.9994e+00	7.2360e-06	7.2980e-01	2.7019e-01	6.6069e-01	3.3919e-01	1.2430e-04	8.6857e-09	1.4487e-02	9.6134e-01	2.4173e-02	1.1755e-36	7.7537e-01	2.2457e-01	5.5779e-05	1.1755e-36	1.1755e-36	1.1755e-36	1.3408e-13	0.00e+00	0.00e+00	1.4327e+01
1.00598e+18	4.2540e+03	7.482e-23	1.0000e+01	2.9083e+00	7.9920e-06	7.3820e-01	2.6179e-01	6.6554e-01	3.3434e-01	1.2340e-04	9.5931e-09	1.4146e-02	9.6229e-01	2.3560e-02	1.1755e-36	7.8292e-01	2.1702e-01	5.2530e-05	1.1755e-36	1.1755e-36	1.1755e-36	1.5969e-13	0.00e+00	0.00e+00	1.4585e+01
1.01167e+18	4.1763e+03	7.184e-23	1.0000e+01	2.8169e+00	8.8071e-06	7.4678e-01	2.5321e-01	6.7064e-01	3.2924e-01	1.2239e-04	1.0569e-08	1.3804e-02	9.6327e-01	2.2928e-02	1.1755e-36	7.9061e-01	2.0934e-01	4.9336e-05	1.1755e-36	1.1755e-36	1.1755e-36	1.8901e-13	0.00e+00	0.00e+00	1.4861e+01
1.01776e+18	4.0866e+03	6.879e-23	1.0000e+01	2.7224e+00	9.7594e-06	7.5606e-01	2.4393e-01	6.7639e-01	3.2349e-01	1.2101e-04	1.1671e-08	1.3458e-02	9.6431e-01	2.2237e-02	1.1755e-36	7.9889e-01	2.0106e-01	4.6074e-05	1.1755e-36	1.1755e-36	1.1755e-36	2.2421e-13	0.00e+00	0.00e+00	1.5163e+01
1.02416e+18	3.9916e+03	6.569e-23	1.0000e+01	2.6230e+00	1.0752e-05	7.6546e-01	2.3453e-01	6.8217e-01	3.1771e-01	1.1973e-04	1.2773e-08	1.3091e-02	9.6536e-01	2.1548e-02	1.1755e-36	8.0725e-01	1.9270e-01	4.2907e-05	1.1755e-36	1.1755e-36	1.1755e-36	2.6135e-13	0.00e+00	0.00e+00	1.5476e+01
###########################
1.91427e+14	5.9593e+03	3.465e-22	1.0000e+01	1.0131e+01	2.5013e-09	6.1990e-02	9.3801e-01	1.8383e-01	8.1575e-01	4.1403e-04	4.8033e-13	1.4565e-02	7.9531e-01	1.9012e-01	6.1451e-06	7.5114e-02	9.1353e-01	1.1356e-02	2.0176e-07	1.1755e-36	1.1755e-36	1.0809e-20	0.00e+00	0.00e+00	1.4988e-03
1.14856e+15	5.9502e+03	3.448e-22	1.0000e+01	1.0093e+01	2.5040e-09	6.1748e-02	9.3825e-01	1.8348e-01	8.1610e-01	4.1517e-04	4.7456e-13	1.4469e-02	7.9504e-01	1.9049e-01	6.1838e-06	7.4827e-02	9.1377e-01	1.1405e-02	2.0314e-07	1.1755e-36	1.1755e-36	1.0618e-20	0.00e+00	0.00e+00	7.4706e-03
4.97711e+15	5.9283e+03	3.430e-22	1.0000e+01	1.0087e+01	2.5632e-09	6.1792e-02	9.3821e-01	1.8422e-01	8.1537e-01	4.1287e-04	4.7687e-13	1.4473e-02	7.9583e-01	1.8970e-01	6.1375e-06	7.4898e-02	9.1373e-01	1.1376e-02	2.0141e-07	1.1755e-36	1.1755e-36	1.0695e-20	0.00e+00	0.00e+00	3.1375e-02
2.02913e+16	5.8643e+03	3.387e-22	1.0000e+01	1.0078e+01	2.8113e-09	6.2576e-02	9.3742e-01	1.8751e-01	8.1209e-01	4.0306e-04	4.9721e-13	1.4639e-02	7.9908e-01	1.8627e-01	5.9062e-06	7.5904e-02	9.1296e-01	1.1139e-02	1.9073e-07	1.1755e-36	1.1755e-36	1.1384e-20	0.00e+00	0.00e+00	1.2821e-01
4.84694e+16	5.6435e+03	3.256e-22	1.0000e+01	1.0077e+01	3.4595e-09	6.2148e-02	9.3785e-01	1.9281e-01	8.0681e-01	3.8710e-04	5.0740e-13	1.4671e-02	8.0462e-01	1.8070e-01	5.6855e-06	7.5531e-02	9.1334e-01	1.1127e-02	1.8566e-07	1.1755e-36	1.1755e-36	1.1880e-20	0.00e+00	0.00e+00	2.5322e-01
7.50284e+16	5.4459e+03	3.148e-22	1.0000e+01	1.0078e+01	4.1710e-09	6.1656e-02	9.3834e-01	1.9706e-01	8.0256e-01	3.7473e-04	5.1661e-13	1.4672e-02	8.0907e-01	1.7625e-01	5.5202e-06	7.5065e-02	9.1380e-01	1.1137e-02	1.8240e-07	1.1755e-36	1.1755e-36	1.2466e-20	0.00e+00	0.00e+00	3.3602e-01
9.41679e+16	5.3556e+03	3.100e-22	1.0000e+01	1.0072e+01	4.6638e-09	6.2088e-02	9.3791e-01	2.0021e-01	7.9942e-01	3.6643e-04	5.3636e-13	1.4789e-02	8.1207e-01	1.7313e-01	5.3426e-06	7.5663e-02	9.1337e-01	1.0966e-02	1.7487e-07	1.1755e-36	1.1755e-36	1.3369e-20	0.00e+00	0.00e+00	4.0274e-01
1.13734e+17	5.3049e+03	3.073e-22	1.0000e+01	1.0063e+01	5.1573e-09	6.3341e-02	9.3666e-01	2.0400e-01	7.9564e-01	3.5736e-04	5.7196e-13	1.5034e-02	8.1534e-01	1.6962e-01	5.0924e-06	7.7243e-02	9.1214e-01	1.0616e-02	1.6237e-07	1.1755e-36	1.1755e-36	1.4871e-20	0.00e+00	0.00e+00	4.9122e-01
1.39171e+17	5.2529e+03	3.040e-22	1.0000e+01	1.0034e+01	5.8299e-09	6.5169e-02	9.3483e-01	2.0887e-01	7.9078e-01	3.4648e-04	6.2391e-13	1.5372e-02	8.1934e-01	1.6529e-01	4.7779e-06	7.9535e-02	9.1033e-01	1.0140e-02	1.4652e-07	1.1755e-36	1.1755e-36	1.7164e-20	0.00e+00	0.00e+00	6.0956e-01
1.72238e+17	5.2074e+03	3.011e-22	1.0000e+01	1.0011e+01	6.7796e-09	6.8082e-02	9.3192e-01	2.1572e-01	7.8395e-01	3.3253e-04	7.0953e-13	1.5892e-02	8.2460e-01	1.5950e-01	4.3602e-06	8.3152e-02	9.0738e-01	9.4689e-03	1.2622e-07	1.1755e-36	1.1755e-36	2.1137e-20	0.00e+00	0.00e+00	7.7028e-01
2.15226e+17	5.1716e+03	2.982e-22	1.0000e+01	9.9556e+00	8.1741e-09	7.2568e-02	9.2743e-01	2.2501e-01	7.7467e-01	3.1571e-04	8.4966e-13	1.6633e-02	8.3116e-01	1.5221e-01	3.8429e-06	8.8689e-02	9.0274e-01	8.5716e-03	1.1755e-36	1.1755e-36	1.1755e-36	2.8224e-20	0.00e+00	0.00e+00	9.9298e-01
2.71110e+17	5.1675e+03	2.952e-22	1.0000e+01	9.8625e+00	1.0199e-08	7.9693e-02	9.2031e-01	2.3800e-01	7.6170e-01	2.9546e-04	1.0944e-12	1.7714e-02	8.3935e-01	1.4293e-01	3.2169e-06	9.7418e-02	8.9518e-01	7.4019e-03	1.1755e-36	1.1755e-36	1.1755e-36	4.2024e-20	0.00e+00	0.00e+00	1.3109e+00
3.18604e+17	5.1920e+03	2.939e-22	1.0000e+01	9.7882e+00	1.1939e-08	8.6355e-02	9.1365e-01	2.4772e-01	7.5200e-01	2.8388e-04	1.3454e-12	1.8619e-02	8.4496e-01	1.3642e-01	2.7898e-06	1.0552e-01	8.8795e-01	6.5274e-03	1.1755e-36	1.1755e-36	1.1755e-36	5.8055e-20	0.00e+00	0.00e+00	1.4844e+00
3.45429e+17	5.2261e+03	2.938e-22	1.0000e+01	9.7353e+00	1.3009e-08	9.1132e-02	9.0887e-01	2.5410e-01	7.4563e-01	2.7696e-04	1.5376e-12	1.9219e-02	8.4835e-01	1.3243e-01	2.5410e-06	1.1129e-01	8.8271e-01	6.0015e-03	1.1755e-36	1.1755e-36	1.1755e-36	7.1147e-20	0.00e+00	0.00e+00	1.6101e+00
3.69614e+17	5.2690e+03	2.933e-22	1.0000e+01	9.6771e+00	1.4044e-08	9.6153e-02	9.0385e-01	2.6091e-01	7.3882e-01	2.6966e-04	1.7543e-12	1.9820e-02	8.5174e-01	1.2844e-01	2.3104e-06	1.1734e-01	8.7715e-01	5.5103e-03	1.1755e-36	1.1755e-36	1.1755e-36	8.6587e-20	0.00e+00	0.00e+00	1.7712e+00
4.00130e+17	5.3095e+03	2.940e-22	1.0000e+01	9.6179e+00	1.5984e-08	1.0373e-01	8.9627e-01	2.7077e-01	7.2897e-01	2.5938e-04	2.1337e-12	2.0683e-02	8.5652e-01	1.2279e-01	2.0180e-06	1.2644e-01	8.6866e-01	4.8981e-03	1.1755e-36	1.1755e-36	1.1755e-36	1.1677e-19	0.00e+00	0.00e+00	1.9972e+00
4.31593e+17	5.3731e+03	2.935e-22	1.0000e+01	9.5056e+00	1.7740e-08	1.1187e-01	8.8813e-01	2.8009e-01	7.1966e-01	2.5165e-04	2.5618e-12	2.1451e-02	8.6057e-01	1.1798e-01	1.7715e-06	1.3615e-01	8.5951e-01	4.3392e-03	1.1755e-36	1.1755e-36	1.1755e-36	1.5356e-19	0.00e+00	0.00e+00	2.1980e+00
4.60165e+17	5.4321e+03	2.937e-22	1.0000e+01	9.4187e+00	1.9868e-08	1.2083e-01	8.7917e-01	2.8995e-01	7.0981e-01	2.4365e-04	3.1067e-12	2.2255e-02	8.6474e-01	1.1301e-01	1.5472e-06	1.4681e-01	8.4936e-01	3.8362e-03	1.1755e-36	1.1755e-36	1.1755e-36	2.0539e-19	0.00e+00	0.00e+00	2.4171e+00
4.87926e+17	5.4958e+03	2.934e-22	1.0000e+01	9.3141e+00	2.2198e-08	1.3061e-01	8.6939e-01	2.9997e-01	6.9979e-01	2.3641e-04	3.7701e-12	2.3018e-02	8.6871e-01	1.0827e-01	1.3500e-06	1.5836e-01	8.3826e-01	3.3817e-03	1.1755e-36	1.1755e-36	1.1755e-36	2.7488e-19	0.00e+00	0.00e+00	2.6382e+00
5.14102e+17	5.5584e+03	2.928e-22	1.0000e+01	9.2004e+00	2.4821e-08	1.4108e-01	8.5892e-01	3.1016e-01	6.8961e-01	2.2966e-04	4.5750e-12	2.3729e-02	8.7252e-01	1.0375e-01	1.1784e-06	1.7067e-01	8.2635e-01	2.9796e-03	1.1755e-36	1.1755e-36	1.1755e-36	3.6817e-19	0.00e+00	0.00e+00	2.8658e+00
5.38961e+17	5.6269e+03	2.916e-22	1.0000e+01	9.0801e+00	2.7545e-08	1.5218e-01	8.4782e-01	3.2033e-01	6.7945e-01	2.2356e-04	5.5288e-12	2.4381e-02	8.7615e-01	9.9470e-02	1.0301e-06	1.8365e-01	8.1372e-01	2.6242e-03	1.1755e-36	1.1755e-36	1.1755e-36	4.8927e-19	0.00e+00	0.00e+00	3.0981e+00
5.63266e+17	5.6772e+03	2.900e-22	1.0000e+01	8.9396e+00	3.1379e-08	1.6460e-01	8.3540e-01	3.3142e-01	6.6837e-01	2.1709e-04	6.7894e-12	2.4986e-02	8.7991e-01	9.5108e-02	8.9501e-07	1.9810e-01	7.9960e-01	2.3006e-03	1.1755e-36	1.1755e-36	1.1755e-36	6.7149e-19	0.00e+00	0.00e+00	3.3521e+00
5.85487e+17	5.7275e+03	2.890e-22	1.0000e+01	8.8296e+00	3.5627e-08	1.7770e-01	8.2230e-01	3.4226e-01	6.5753e-01	2.1110e-04	8.3288e-12	2.5582e-02	8.8347e-01	9.0947e-02	7.7986e-07	2.1323e-01	7.8475e-01	2.0225e-03	1.1755e-36	1.1755e-36	1.1755e-36	9.2097e-19	0.00e+00	0.00e+00	3.5766e+00
6.03876e+17	5.7743e+03	2.864e-22	1.0000e+01	8.6874e+00	3.9248e-08	1.8892e-01	8.1108e-01	3.5095e-01	6.4884e-01	2.0725e-04	9.7682e-12	2.5913e-02	8.8621e-01	8.7879e-02	6.9855e-07	2.2610e-01	7.7208e-01	1.8165e-03	1.1755e-36	1.1755e-36	1.1755e-36	1.1775e-18	0.00e+00	0.00e+00	3.7767e+00
6.21356e+17	5.8127e+03	2.835e-22	1.0000e+01	8.5509e+00	4.3621e-08	2.0077e-01	7.9923e-01	3.6026e-01	6.3954e-01	2.0287e-04	1.1524e-11	2.6224e-02	8.8904e-01	8.4735e-02	6.2426e-07	2.3964e-01	7.5873e-01	1.6302e-03	1.1755e-36	1.1755e-36	1.1755e-36	1.5229e-18	0.00e+00	0.00e+00	4.0072e+00
6.39517e+17	5.8527e+03	2.800e-22	1.0000e+01	8.4031e+00	4.8875e-08	2.1412e-01	7.8588e-01	3.7035e-01	6.2945e-01	1.9836e-04	1.3766e-11	2.6506e-02	8.9201e-01	8.1479e-02	5.5369e-07	2.5479e-01	7.4376e-01	1.4511e-03	1.1755e-36	1.1755e-36	1.1755e-36	2.0104e-18	0.00e+00	0.00e+00	4.2525e+00
6.57023e+17	5.8864e+03	2.762e-22	1.0000e+01	8.2524e+00	5.5090e-08	2.2821e-01	7.7179e-01	3.8047e-01	6.1934e-01	1.9411e-04	1.6498e-11	2.6733e-02	8.9495e-01	7.8315e-02	4.9123e-07	2.7067e-01	7.2804e-01	1.2914e-03	1.1755e-36	1.1755e-36	1.1755e-36	2.6761e-18	0.00e+00	0.00e+00	4.4956e+00
6.72938e+17	5.9029e+03	2.724e-22	1.0000e+01	8.1051e+00	6.2649e-08	2.4230e-01	7.5770e-01	3.9029e-01	6.0952e-01	1.9006e-04	1.9742e-11	2.6898e-02	8.9773e-01	7.5368e-02	4.3855e-07	2.8647e-01	7.1237e-01	1.1567e-03	1.1755e-36	1.1755e-36	1.1755e-36	3.5761e-18	0.00e+00	0.00e+00	4.7245e+00
6.86614e+17	5.9210e+03	2.686e-22	1.0000e+01	7.9704e+00	6.9756e-08	2.5507e-01	7.4493e-01	3.9874e-01	6.0107e-01	1.8695e-04	2.3037e-11	2.6985e-02	9.0010e-01	7.2911e-02	3.9758e-07	3.0068e-01	6.9827e-01	1.0499e-03	1.1755e-36	1.1755e-36	1.1755e-36	4.5871e-18	0.00e+00	0.00e+00	4.9241e+00
6.98894e+17	5.9381e+03	2.644e-22	1.0000e+01	7.8414e+00	7.6876e-08	2.6714e-01	7.3286e-01	4.0665e-01	5.9316e-01	1.8414e-04	2.6530e-11	2.7021e-02	9.0228e-01	7.0696e-02	3.6330e-07	3.1403e-01	6.8501e-01	9.5975e-04	1.1755e-36	1.1755e-36	1.1755e-36	5.7592e-18	0.00e+00	0.00e+00	5.1293e+00
7.11545e+17	5.9405e+03	2.599e-22	1.0000e+01	7.7008e+00	8.6594e-08	2.8057e-01	7.1943e-01	4.1548e-01	5.8434e-01	1.8083e-04	3.1132e-11	2.7028e-02	9.0465e-01	6.8320e-02	3.2970e-07	3.2882e-01	6.7031e-01	8.7212e-04	1.1755e-36	1.1755e-36	1.1755e-36	7.4929e-18	0.00e+00	0.00e+00	5.3621e+00
7.23965e+17	5.9436e+03	2.552e-22	1.0000e+01	7.5597e+00	9.7333e-08	2.9436e-01	7.0564e-01	4.2407e-01	5.7575e-01	1.7792e-04	3.6498e-11	2.6996e-02	9.0695e-01	6.6054e-02	2.9969e-07	3.4390e-01	6.5530e-01	7.9274e-04	1.1755e-36	1.1755e-36	1.1755e-36	9.7428e-18	0.00e+00	0.00e+00	5.5796e+00
7.35121e+17	5.9422e+03	2.506e-22	1.0000e+01	7.4299e+00	1.0881e-07	3.0752e-01	6.9248e-01	4.3218e-01	5.6765e-01	1.7516e-04	4.2415e-11	2.6939e-02	9.0907e-01	6.3994e-02	2.7443e-07	3.5820e-01	6.4107e-01	7.2568e-04	1.1755e-36	1.1755e-36	1.1755e-36	1.2504e-17	0.00e+00	0.00e+00	5.7856e+00
7.45453e+17	5.9409e+03	2.457e-22	1.0000e+01	7.2965e+00	1.2052e-07	3.1993e-01	6.8007e-01	4.3963e-01	5.6020e-01	1.7289e-04	4.8696e-11	2.6824e-02	9.1101e-01	6.2165e-02	2.5312e-07	3.7161e-01	6.2772e-01	6.6821e-04	1.1755e-36	1.1755e-36	1.1755e-36	1.5738e-17	0.00e+00	0.00e+00	5.9887e+00
7.55656e+17	5.9322e+03	2.406e-22	1.0000e+01	7.1569e+00	1.3443e-07	3.3274e-01	6.6726e-01	4.4733e-01	5.5250e-01	1.7051e-04	5.6221e-11	2.6672e-02	9.1298e-01	6.0349e-02	2.3336e-07	3.8538e-01	6.1401e-01	6.1485e-04	1.1755e-36	1.1755e-36	1.1755e-36	2.0039e-17	0.00e+00	0.00e+00	6.2062e+00
7.65834e+17	5.9240e+03	2.353e-22	1.0000e+01	7.0223e+00	1.5012e-07	3.4614e-01	6.5386e-01	4.5520e-01	5.4463e-01	1.6812e-04	6.5188e-11	2.6514e-02	9.1497e-01	5.8518e-02	2.1478e-07	3.9969e-01	5.9975e-01	5.6460e-04	1.1755e-36	1.1755e-36	1.1755e-36	2.5698e-17	0.00e+00	0.00e+00	6.4249e+00
7.75622e+17	5.9127e+03	2.299e-22	1.0000e+01	6.8836e+00	1.6742e-07	3.5936e-01	6.4064e-01	4.6280e-01	5.3704e-01	1.6597e-04	7.5364e-11	2.6314e-02	9.1688e-01	5.6808e-02	1.9836e-07	4.1371e-01	5.8577e-01	5.1973e-04	1.1755e-36	1.1755e-36	1.1755e-36	3.2841e-17	0.00e+00	0.00e+00	6.6421e+00
7.85041e+17	5.8971e+03	2.244e-22	1.0000e+01	6.7454e+00	1.8695e-07	3.7252e-01	6.2748e-01	4.7028e-01	5.2955e-01	1.6389e-04	8.7150e-11	2.6089e-02	9.1874e-01	5.5171e-02	1.8358e-07	4.2760e-01	5.7193e-01	4.7926e-04	1.1755e-36	1.1755e-36	1.1755e-36	4.2051e-17	0.00e+00	0.00e+00	6.8600e+00
7.94107e+17	5.8787e+03	2.189e-22	1.0000e+01	6.6084e+00	2.0868e-07	3.8555e-01	6.1444e-01	4.7760e-01	5.2224e-01	1.6192e-04	1.0069e-10	2.5844e-02	9.2054e-01	5.3612e-02	1.7031e-07	4.4127e-01	5.5828e-01	4.4279e-04	1.1755e-36	1.1755e-36	1.1755e-36	5.3816e-17	0.00e+00	0.00e+00	7.0759e+00
8.02798e+17	5.8582e+03	2.134e-22	1.0000e+01	6.4732e+00	2.3258e-07	3.9837e-01	6.0163e-01	4.8469e-01	5.1515e-01	1.6007e-04	1.1609e-10	2.5580e-02	9.2228e-01	5.2137e-02	1.5843e-07	4.5464e-01	5.4495e-01	4.1001e-04	1.1755e-36	1.1755e-36	1.1755e-36	6.8694e-17	0.00e+00	0.00e+00	7.2901e+00
8.11198e+17	5.8355e+03	2.079e-22	1.0000e+01	6.3395e+00	2.5907e-07	4.1106e-01	5.8894e-01	4.9165e-01	5.0819e-01	1.5831e-04	1.3376e-10	2.5301e-02	9.2397e-01	5.0724e-02	1.4766e-07	4.6780e-01	5.3182e-01	3.8022e-04	1.1755e-36	1.1755e-36	1.1755e-36	8.7655e-17	0.00e+00	0.00e+00	7.5051e+00
8.19393e+17	5.8105e+03	2.024e-22	1.0000e+01	6.2067e+00	2.8874e-07	4.2373e-01	5.7627e-01	4.9854e-01	5.0130e-01	1.5661e-04	1.5428e-10	2.5007e-02	9.2563e-01	4.9358e-02	1.3780e-07	4.8086e-01	5.1879e-01	3.5288e-04	1.1755e-36	1.1755e-36	1.1755e-36	1.1210e-16	0.00e+00	0.00e+00	7.7220e+00
8.27388e+17	5.7829e+03	1.969e-22	1.0000e+01	6.0745e+00	3.2206e-07	4.3635e-01	5.6365e-01	5.0533e-01	4.9451e-01	1.5497e-04	1.7812e-10	2.4698e-02	9.2726e-01	4.8041e-02	1.2877e-07	4.9380e-01	5.0588e-01	3.2782e-04	1.1755e-36	1.1755e-36	1.1755e-36	1.4373e-16	0.00e+00	0.00e+00	7.9392e+00
8.35142e+17	5.7531e+03	1.915e-22	1.0000e+01	5.9438e+00	3.5915e-07	4.4881e-01	5.5119e-01	5.1198e-01	4.8787e-01	1.5342e-04	2.0562e-10	2.4378e-02	9.2884e-01	4.6781e-02	1.1755e-36	5.0650e-01	4.9320e-01	3.0497e-04	1.1755e-36	1.1755e-36	1.1755e-36	1.8437e-16	0.00e+00	0.00e+00	8.1553e+00
8.42644e+17	5.7216e+03	1.862e-22	1.0000e+01	5.8151e+00	4.0016e-07	4.6104e-01	5.3896e-01	5.1845e-01	4.8140e-01	1.5195e-04	2.3717e-10	2.4049e-02	9.3037e-01	4.5579e-02	1.1755e-36	5.1890e-01	4.8081e-01	2.8418e-04	1.1755e-36	1.1755e-36	1.1755e-36	2.3629e-16	0.00e+00	0.00e+00	8.3701e+00
8.49936e+17	5.6886e+03	1.809e-22	1.0000e+01	5.6884e+00	4.4564e-07	4.7311e-01	5.2689e-01	5.2479e-01	4.7506e-01	1.5055e-04	2.7355e-10	2.3712e-02	9.3186e-01	4.4424e-02	1.1755e-36	5.3107e-01	4.6866e-01	2.6512e-04	1.1755e-36	1.1755e-36	1.1755e-36	3.0288e-16	0.00e+00	0.00e+00	8.5853e+00
8.57066e+17	5.6538e+03	1.757e-22	1.0000e+01	5.5632e+00	4.9643e-07	4.8506e-01	5.1494e-01	5.3105e-01	4.6880e-01	1.4919e-04	3.1577e-10	2.3368e-02	9.3332e-01	4.3308e-02	1.1755e-36	5.4307e-01	4.5668e-01	2.4755e-04	1.1755e-36	1.1755e-36	1.1755e-36	3.8894e-16	0.00e+00	0.00e+00	8.8015e+00
8.64044e+17	5.6170e+03	1.705e-22	1.0000e+01	5.4394e+00	5.5329e-07	4.9690e-01	5.0310e-01	5.3721e-01	4.6264e-01	1.4787e-04	3.6488e-10	2.3018e-02	9.3475e-01	4.2230e-02	1.1755e-36	5.5488e-01	4.4489e-01	2.3133e-04	1.1755e-36	1.1755e-36	1.1755e-36	5.0056e-16	0.00e+00	0.00e+00	9.0179e+00
8.70850e+17	5.5784e+03	1.655e-22	1.0000e+01	5.3173e+00	6.1670e-07	5.0856e-01	4.9144e-01	5.4325e-01	4.5661e-01	1.4662e-04	4.2182e-10	2.2663e-02	9.3614e-01	4.1194e-02	1.1755e-36	5.6645e-01	4.3333e-01	2.1642e-04	1.1755e-36	1.1755e-36	1.1755e-36	6.4495e-16	0.00e+00	0.00e+00	9.2335e+00
8.77470e+17	5.5386e+03	1.605e-22	1.0000e+01	5.1975e+00	6.8698e-07	5.1998e-01	4.8002e-01	5.4913e-01	4.5072e-01	1.4542e-04	4.8750e-10	2.2305e-02	9.3749e-01	4.0202e-02	1.1755e-36	5.7773e-01	4.2206e-01	2.0273e-04	1.1755e-36	1.1755e-36	1.1755e-36	8.3077e-16	0.00e+00	0.00e+00	9.4478e+00
8.83925e+17	5.4976e+03	1.557e-22	1.0000e+01	5.0799e+00	7.6479e-07	5.3118e-01	4.6882e-01	5.5490e-01	4.4496e-01	1.4428e-04	5.6327e-10	2.1947e-02	9.3880e-01	3.9249e-02	1.1755e-36	5.8875e-01	4.1106e-01	1.9013e-04	1.1755e-36	1.1755e-36	1.1755e-36	1.0699e-15	0.00e+00	0.00e+00	9.6618e+00
8.90252e+17	5.4555e+03	1.510e-22	1.0000e+01	4.9643e+00	8.5133e-07	5.4223e-01	4.5777e-01	5.6057e-01	4.3929e-01	1.4317e-04	6.5115e-10	2.1587e-02	9.4009e-01	3.8327e-02	1.1755e-36	5.9955e-01	4.0028e-01	1.7844e-04	1.1755e-36	1.1755e-36	1.1755e-36	1.3791e-15	0.00e+00	0.00e+00	9.8766e+00
8.96473e+17	5.4119e+03	1.464e-22	1.0000e+01	4.8503e+00	9.4803e-07	5.5313e-01	4.4687e-01	5.6616e-01	4.3369e-01	1.4209e-04	7.5352e-10	2.1225e-02	9.4134e-01	3.7433e-02	1.1755e-36	6.1016e-01	3.8967e-01	1.6757e-04	1.1755e-36	1.1755e-36	1.1755e-36	1.7812e-15	0.00e+00	0.00e+00	1.0092e+01
9.02583e+17	5.3667e+03	1.419e-22	1.0000e+01	4.7379e+00	1.0563e-06	5.6388e-01	4.3612e-01	5.7170e-01	4.2816e-01	1.4101e-04	8.7300e-10	2.0862e-02	9.4257e-01	3.6568e-02	1.1755e-36	6.2057e-01	3.7927e-01	1.5747e-04	1.1755e-36	1.1755e-36	1.1755e-36	2.3054e-15	0.00e+00	0.00e+00	1.0307e+01
9.08559e+17	5.3201e+03	1.375e-22	1.0000e+01	4.6277e+00	1.1769e-06	5.7441e-01	4.2559e-01	5.7710e-01	4.2276e-01	1.3999e-04	1.0117e-09	2.0500e-02	9.4376e-01	3.5736e-02	1.1755e-36	6.3073e-01	3.6912e-01	1.4814e-04	1.1755e-36	1.1755e-36	1.1755e-36	2.9861e-15	0.00e+00	0.00e+00	1.0522e+01
9.14389e+17	5.2726e+03	1.332e-22	1.0000e+01	4.5199e+00	1.3103e-06	5.8468e-01	4.1532e-01	5.8236e-01	4.1750e-01	1.3903e-04	1.1717e-09	2.0141e-02	9.4492e-01	3.4938e-02	1.1755e-36	6.4059e-01	3.5927e-01	1.3952e-04	1.1755e-36	1.1755e-36	1.1755e-36	3.8639e-15	0.00e+00	0.00e+00	1.0734e+01
9.20096e+17	5.2245e+03	1.291e-22	1.0000e+01	4.4146e+00	1.4575e-06	5.9472e-01	4.0528e-01	5.8752e-01	4.1235e-01	1.3809e-04	1.3562e-09	1.9784e-02	9.4605e-01	3.4168e-02	1.1755e-36	6.5018e-01	3.4969e-01	1.3152e-04	1.1755e-36	1.1755e-36	1.1755e-36	4.9947e-15	0.00e+00	0.00e+00	1.0947e+01
9.25725e+17	5.1757e+03	1.250e-22	1.0000e+01	4.3111e+00	1.6209e-06	6.0460e-01	3.9540e-01	5.9261e-01	4.0726e-01	1.3718e-04	1.5703e-09	1.9430e-02	9.4715e-01	3.3421e-02	1.1755e-36	6.5959e-01	3.4029e-01	1.2404e-04	1.1755e-36	1.1755e-36	1.1755e-36	6.4594e-15	0.00e+00	0.00e+00	1.1160e+01
9.31303e+17	5.1259e+03	1.211e-22	1.0000e+01	4.2090e+00	1.8030e-06	6.1437e-01	3.8562e-01	5.9766e-01	4.0221e-01	1.3628e-04	1.8200e-09	1.9076e-02	9.4823e-01	3.2691e-02	1.1755e-36	6.6885e-01	3.3104e-01	1.1701e-04	1.1755e-36	1.1755e-36	1.1755e-36	8.3677e-15	0.00e+00	0.00e+00	1.1376e+01
9.36833e+17	5.0743e+03	1.172e-22	1.0000e+01	4.1082e+00	2.0076e-06	6.2404e-01	3.7596e-01	6.0268e-01	3.9719e-01	1.3538e-04	2.1129e-09	1.8722e-02	9.4930e-01	3.1979e-02	1.1755e-36	6.7797e-01	3.2192e-01	1.1039e-04	1.1755e-36	1.1755e-36	1.1755e-36	1.0872e-14	0.00e+00	0.00e+00	1.1593e+01
9.42283e+17	5.0206e+03	1.134e-22	1.0000e+01	4.0090e+00	2.2379e-06	6.3355e-01	3.6645e-01	6.0763e-01	3.9223e-01	1.3448e-04	2.4571e-09	1.8372e-02	9.5034e-01	3.1287e-02	1.1755e-36	6.8691e-01	3.1299e-01	1.0422e-04	1.1755e-36	1.1755e-36	1.1755e-36	1.4169e-14	0.00e+00	0.00e+00	1.1809e+01
9.47606e+17	4.9657e+03	1.098e-22	1.0000e+01	3.9125e+00	2.4922e-06	6.4280e-01	3.5719e-01	6.1248e-01	3.8739e-01	1.3360e-04	2.8004e-09	1.8029e-02	9.5137e-01	3.0601e-02	1.1755e-36	6.9557e-01	3.0434e-01	9.8497e-05	1.1755e-36	1.1755e-36	1.1755e-36	1.7863e-14	0.00e+00	0.00e+00	1.2022e+01
9.52799e+17	4.9099e+03	1.064e-22	1.0000e+01	3.8188e+00	2.7724e-06	6.5180e-01	3.4820e-01	6.1723e-01	3.8264e-01	1.3272e-04	3.1484e-09	1.7694e-02	9.5238e-01	2.9925e-02	1.1755e-36	7.0395e-01	2.9595e-01	9.3193e-05	1.1755e-36	1.1755e-36	1.1755e-36	2.2018e-14	0.00e+00	0.00e+00	1.2233e+01
9.57912e+17	4.8529e+03	1.030e-22	1.0000e+01	3.7272e+00	3.0831e-06	6.6061e-01	3.3939e-01	6.2193e-01	3.7794e-01	1.3183e-04	3.5348e-09	1.7364e-02	9.5337e-01	2.9264e-02	1.1755e-36	7.1214e-01	2.8777e-01	8.8225e-05	1.1755e-36	1.1755e-36	1.1755e-36	2.7076e-14	0.00e+00	0.00e+00	1.2445e+01
9.62979e+17	4.7967e+03	9.974e-23	1.0000e+01	3.6342e+00	3.4153e-06	6.6904e-01	3.3096e-01	6.2635e-01	3.7352e-01	1.3116e-04	3.9484e-09	1.7023e-02	9.5433e-01	2.8643e-02	1.1755e-36	7.1994e-01	2.7997e-01	8.3627e-05	1.1755e-36	1.1755e-36	1.1755e-36	3.3006e-14	0.00e+00	0.00e+00	1.2658e+01
9.68097e+17	4.7427e+03	9.646e-23	1.0000e+01	3.5435e+00	3.7719e-06	6.7748e-01	3.2252e-01	6.3086e-01	3.6901e-01	1.3045e-04	4.4056e-09	1.6686e-02	9.5529e-01	2.8020e-02	1.1755e-36	7.2772e-01	2.7220e-01	7.9174e-05	1.1755e-36	1.1755e-36	1.1755e-36	4.0113e-14	0.00e+00	0.00e+00	1.2880e+01
9.73437e+17	4.6773e+03	9.317e-23	1.0000e+01	3.4516e+00	4.2249e-06	6.8659e-01	3.1341e-01	6.3595e-01	3.6392e-01	1.2935e-04	4.9730e-09	1.6352e-02	9.5631e-01	2.7336e-02	1.1755e-36	7.3609e-01	2.6384e-01	7.4673e-05	1.1755e-36	1.1755e-36	1.1755e-36	4.9791e-14	0.00e+00	0.00e+00	1.3118e+01
9.78741e+17	4.6081e+03	8.998e-23	1.0000e+01	3.3591e+00	4.7358e-06	6.9549e-01	3.0450e-01	6.4082e-01	3.5905e-01	1.2838e-04	5.5994e-09	1.6014e-02	9.5730e-01	2.6684e-02	1.1755e-36	7.4425e-01	2.5568e-01	7.0500e-05	1.1755e-36	1.1755e-36	1.1755e-36	6.1593e-14	0.00e+00	0.00e+00	1.3343e+01
9.83674e+17	4.5515e+03	8.705e-23	1.0000e+01	3.2746e+00	5.2047e-06	7.0339e-01	2.9660e-01	6.4506e-01	3.5481e-01	1.2771e-04	6.1974e-09	1.5695e-02	9.5819e-01	2.6117e-02	1.1755e-36	7.5145e-01	2.4849e-01	6.6861e-05	1.1755e-36	1.1755e-36	1.1755e-36	7.3789e-14	0.00e+00	0.00e+00	1.3554e+01
9.88680e+17	4.4828e+03	8.413e-23	1.0000e+01	3.1878e+00	5.7817e-06	7.1154e-01	2.8845e-01	6.4974e-01	3.5013e-01	1.2676e-04	6.8974e-09	1.5374e-02	9.5912e-01	2.5508e-02	1.1755e-36	7.5887e-01	2.4107e-01	6.3298e-05	1.1755e-36	1.1755e-36	1.1755e-36	8.9307e-14	0.00e+00	0.00e+00	1.3791e+01
9.93952e+17	4.4127e+03	8.116e-23	1.0000e+01	3.1010e+00	6.4270e-06	7.2012e-01	2.7987e-01	6.5466e-01	3.4521e-01	1.2569e-04	7.6946e-09	1.5053e-02	9.6007e-01	2.4878e-02	1.1755e-36	7.6663e-01	2.3331e-01	5.9712e-05	1.1755e-36	1.1755e-36	1.1755e-36	1.0843e-13	0.00e+00	0.00e+00	1.4031e+01
9.99220e+17	4.3417e+03	7.826e-23	1.0000e+01	3.0137e+00	7.1132e-06	7.2845e-01	2.7154e-01	6.5944e-01	3.4043e-01	1.2474e-04	8.5316e-09	1.4728e-02	9.6100e-01	2.4271e-02	1.1755e-36	7.7415e-01	2.2579e-01	5.6355e-05	1.1755e-36	1.1755e-36	1.1755e-36	1.3017e-13	0.00e+00	0.00e+00	1.4272e+01
1.00457e+18	4.2674e+03	7.538e-23	1.0000e+01	2.9262e+00	7.8618e-06	7.3681e-01	2.6318e-01	6.6435e-01	3.3553e-01	1.2371e-04	9.4326e-09	1.4402e-02	9.6194e-01	2.3658e-02	1.1755e-36	7.8168e-01	2.1827e-01	5.3116e-05	1.1755e-36	1.1755e-36	1.1755e-36	1.5532e-13	0.00e+00	0.00e+00	1.4526e+01
1.01016e+18	4.1897e+03	7.244e-23	1.0000e+01	2.8346e+00	8.6649e-06	7.4525e-01	2.5474e-01	6.6930e-01	3.3058e-01	1.2278e-04	1.0382e-08	1.4057e-02	9.6290e-01	2.3043e-02	1.1755e-36	7.8924e-01	2.1071e-01	4.9957e-05	1.1755e-36	1.1755e-36	1.1755e-36	1.8367e-13	0.00e+00	0.00e+00	1.4795e+01
1.01611e+18	4.1061e+03	6.942e-23	1.0000e+01	2.7416e+00	9.5613e-06	7.5426e-01	2.4573e-01	6.7477e-01	3.2510e-01	1.2157e-04	1.1441e-08	1.3709e-02	9.6391e-01	2.2382e-02	1.1755e-36	7.9729e-01	2.0266e-01	4.6732e-05	1.1755e-36	1.1755e-36	1.1755e-36	2.1719e-13	0.00e+00	0.00e+00	1.5089e+01
1.02248e+18	4.0120e+03	6.628e-23	1.0000e+01	2.6410e+00	1.0554e-05	7.6380e-01	2.3619e-01	6.8050e-01	3.1938e-01	1.2037e-04	1.2562e-08	1.3336e-02	9.6497e-01	2.1698e-02	1.1755e-36	8.0577e-01	1.9418e-01	4.3489e-05	1.1755e-36	1.1755e-36	1.1755e-36	2.5478e-13	0.00e+00	0.00e+00	1.5407e+01
1.02901e+18	3.9169e+03	6.307e-23	1.0000e+01	2.5353e+00	1.1564e-05	7.7392e-01	2.2607e-01	6.8575e-01	3.1413e-01	1.1965e-04	1.3699e-08	1.2943e-02	9.6600e-01	2.1061e-02	1.1755e-36	8.1472e-01	1.8523e-01	4.0254e-05	1.1755e-36	1.1755e-36	1.1755e-36	2.9548e-13	0.00e+00	0.00e+00	1.5723e+01
###########################
1.91427e+14	5.9593e+03	3.465e-22	1.0000e+01	1.0131e+01	2.5013e-09	6.1990e-02	9.3801e-01	1.8383e-01	8.1575e-01	4.1403e-04	4.8033e-13	1.4565e-02	7.9531e-01	1.9012e-01	6.1451e-06	7.5114e-02	9.1353e-01	1.1356e-02	2.0176e-07	1.1755e-36	1.1755e-36	1.0808e-20	0.00e+00	0.00e+00	1.4988e-03
1.14856e+15	5.9502e+03	3.448e-22	1.0000e+01	1.0093e+01	2.5039e-09	6.1748e-02	9.3825e-01	1.8348e-01	8.1610e-01	4.1517e-04	4.7456e-13	1.4469e-02	7.9504e-01	1.9049e-01	6.1838e-06	7.4827e-02	9.1377e-01	1.1405e-02	2.0314e-07	1.1755e-36	1.1755e-36	1.0618e-20	0.00e+00	0.00e+00	7.4706e-03
4.97711e+15	5.9283e+03	3.430e-22	1.0000e+01	1.0087e+01	2.5632e-09	6.1792e-02	9.3821e-01	1.8422e-01	8.1537e-01	4.1287e-04	4.7687e-13	1.4473e-02	7.9583e-01	1.8970e-01	6.1375e-06	7.4898e-02	9.1373e-01	1.1376e-02	2.0141e-07	1.1755e-36	1.1755e-36	1.0694e-20	0.00e+00	0.00e+00	3.1375e-02
2.02913e+16	5.8643e+03	3.387e-22	1.0000e+01	1.0077e+01	2.8106e-09	6.2569e-02	9.3743e-01	1.8749e-01	8.1211e-01	4.0313e-04	4.9699e-13	1.4638e-02	7.9906e-01	1.8629e-01	5.9075e-06	7.5894e-02	9.1297e-01	1.1140e-02	1.9077e-07	1.1755e-36	1.1755e-36	1.1377e-20	0.00e+00	0.00e+00	1.2819e-01
4.84694e+16	5.6435e+03	3.256e-22	1.0000e+01	1.0077e+01	3.4594e-09	6.2148e-02	9.3785e-01	1.9281e-01	8.0681e-01	3.8710e-04	5.0740e-13	1.4671e-02	8.0462e-01	1.8070e-01	5.6855e-06	7.5530e-02	9.1334e-01	1.1127e-02	1.8566e-07	1.1755e-36	1.1755e-36	1.1880e-20	0.00e+00	0.00e+00	2.5321e-01
7.50276e+16	5.4459e+03	3.148e-22	1.0000e+01	1.0078e+01	4.1712e-09	6.1657e-02	9.3834e-01	1.9707e-01	8.0256e-01	3.7472e-04	5.1666e-13	1.4672e-02	8.0907e-01	1.7625e-01	5.5200e-06	7.5066e-02	9.1380e-01	1.1137e-02	1.8239e-07	1.1755e-36	1.1755e-36	1.2468e-20	0.00e+00	0.00e+00	3.3601e-01
9.41637e+16	5.3556e+03	3.100e-22	1.0000e+01	1.0072e+01	4.6636e-09	6.2088e-02	9.3791e-01	2.0021e-01	7.9943e-01	3.6643e-04	5.3634e-13	1.4789e-02	8.1207e-01	1.7313e-01	5.3427e-06	7.5663e-02	9.1337e-01	1.0966e-02	1.7488e-07	1.1755e-36	1.1755e-36	1.3369e-20	0.00e+00	0.00e+00	4.0270e-01
1.13724e+17	5.3049e+03	3.073e-22	1.0000e+01	1.0063e+01	5.1569e-09	6.3339e-02	9.3666e-01	2.0400e-01	7.9564e-01	3.5736e-04	5.7193e-13	1.5034e-02	8.1534e-01	1.6962e-01	5.0926e-06	7.7241e-02	9.1214e-01	1.0617e-02	1.6238e-07	1.1755e-36	1.1755e-36	1.4870e-20	0.00e+00	0.00e+00	4.9115e-01
1.39153e+17	5.2529e+03	3.040e-22	1.0000e+01	1.0034e+01	5.8290e-09	6.5167e-02	9.3483e-01	2.0887e-01	7.9078e-01	3.4649e-04	6.2385e-13	1.5372e-02	8.1933e-01	1.6529e-01	4.7783e-06	7.9532e-02	9.1033e-01	1.0141e-02	1.4653e-07	1.1755e-36	1.1755e-36	1.7161e-20	0.00e+00	0.00e+00	6.0945e-01
1.72210e+17	5.2074e+03	3.011e-22	1.0000e+01	1.0011e+01	6.7789e-09	6.8079e-02	9.3192e-01	2.1572e-01	7.8395e-01	3.3254e-04	7.0945e-13	1.5892e-02	8.2460e-01	1.5951e-01	4.3606e-06	8.3149e-02	9.0738e-01	9.4695e-03	1.2624e-07	1.1755e-36	1.1755e-36	2.1133e-20	0.00e+00	0.00e+00	7.7011e-01
2.15185e+17	5.1717e+03	2.982e-22	1.0000e+01	9.9557e+00	8.1725e-09	7.2562e-02	9.2744e-01	2.2500e-01	7.7468e-01	3.1572e-04	8.4948e-13	1.6632e-02	8.3115e-01	1.5221e-01	3.8434e-06	8.8683e-02	9.0274e-01	8.5726e-03	1.1755e-36	1.1755e-36	1.1755e-36	2.8215e-20	0.00e+00	0.00e+00	9.9273e-01
2.71052e+17	5.1675e+03	2.952e-22	1.0000e+01	9.8626e+00	1.0197e-08	7.9685e-02	9.2032e-01	2.3799e-01	7.6171e-01	2.9548e-04	1.0941e-12	1.7713e-02	8.3934e-01	1.4294e-01	3.2176e-06	9.7408e-02	8.9519e-01	7.4031e-03	1.1755e-36	1.1755e-36	1.1755e-36	4.2007e-20	0.00e+00	0.00e+00	1.3105e+00
3.18531e+17	5.1920e+03	2.939e-22	1.0000e+01	9.7883e+00	1.1936e-08	8.6341e-02	9.1366e-01	2.4770e-01	7.5202e-01	2.8391e-04	1.3448e-12	1.8617e-02	8.4495e-01	1.3643e-01	2.7906e-06	1.0550e-01	8.8797e-01	6.5290e-03	1.1755e-36	1.1755e-36	1.1755e-36	5.8019e-20	0.00e+00	0.00e+00	1.4840e+00
3.45353e+17	5.2260e+03	2.938e-22	1.0000e+01	9.7355e+00	1.3006e-08	9.1116e-02	9.0888e-01	2.5407e-01	7.4565e-01	2.7698e-04	1.5369e-12	1.9217e-02	8.4834e-01	1.3244e-01	2.5418e-06	1.1127e-01	8.8272e-01	6.0031e-03	1.1755e-36	1.1755e-36	1.1755e-36	7.1100e-20	0.00e+00	0.00e+00	1.6096e+00
3.69544e+17	5.2689e+03	2.933e-22	1.0000e+01	9.6773e+00	1.4040e-08	9.6137e-02	9.0386e-01	2.6089e-01	7.3885e-01	2.6968e-04	1.7535e-12	1.9818e-02	8.5173e-01	1.2845e-01	2.3110e-06	1.1732e-01	8.7717e-01	5.5118e-03	1.1755e-36	1.1755e-36	1.1755e-36	8.6531e-20	0.00e+00	0.00e+00	1.7708e+00
4.00066e+17	5.3094e+03	2.940e-22	1.0000e+01	9.6181e+00	1.5979e-08	1.0371e-01	8.9629e-01	2.7075e-01	7.2899e-01	2.5940e-04	2.1328e-12	2.0681e-02	8.5652e-01	1.2280e-01	2.0186e-06	1.2642e-01	8.6868e-01	4.8994e-03	1.1755e-36	1.1755e-36	1.1755e-36	1.1670e-19	0.00e+00	0.00e+00	1.9967e+00
4.31534e+17	5.3730e+03	2.935e-22	1.0000e+01	9.5058e+00	1.7736e-08	1.1185e-01	8.8815e-01	2.8007e-01	7.1968e-01	2.5166e-04	2.5608e-12	2.1449e-02	8.6056e-01	1.1799e-01	1.7720e-06	1.3613e-01	8.5953e-01	4.3403e-03	1.1755e-36	1.1755e-36	1.1755e-36	1.5347e-19	0.00e+00	0.00e+00	2.1976e+00
4.60108e+17	5.4320e+03	2.937e-22	1.0000e+01	9.4189e+00	1.9863e-08	1.2081e-01	8.7919e-01	2.8993e-01	7.0983e-01	2.4367e-04	3.1054e-12	2.2253e-02	8.6473e-01	1.1302e-01	1.5477e-06	1.4678e-01	8.4938e-01	3.8372e-03	1.1755e-36	1.1755e-36	1.1755e-36	2.0526e-19	0.00e+00	0.00e+00	2.4166e+00
4.87869e+17	5.4957e+03	2.934e-22	1.0000e+01	9.3143e+00	2.2192e-08	1.3058e-01	8.6942e-01	2.9995e-01	6.9981e-01	2.3643e-04	3.7685e-12	2.3016e-02	8.6870e-01	1.0828e-01	1.3505e-06	1.5834e-01	8.3828e-01	3.3827e-03	1.1755e-36	1.1755e-36	1.1755e-36	2.7469e-19	0.00e+00	0.00e+00	2.6377e+00
5.14049e+17	5.5583e+03	2.928e-22	1.0000e+01	9.2007e+00	2.4814e-08	1.4105e-01	8.5895e-01	3.1013e-01	6.8964e-01	2.2967e-04	4.5730e-12	2.3727e-02	8.7251e-01	1.0376e-01	1.1788e-06	1.7064e-01	8.2637e-01	2.9805e-03	1.1755e-36	1.1755e-36	1.1755e-36	3.6793e-19	0.00e+00	0.00e+00	2.8653e+00
5.38911e+17	5.6268e+03	2.916e-22	1.0000e+01	9.0804e+00	2.7537e-08	1.5216e-01	8.4784e-01	3.2030e-01	6.7947e-01	2.2357e-04	5.5263e-12	2.4379e-02	8.7614e-01	9.9479e-02	1.0304e-06	1.8362e-01	8.1375e-01	2.6249e-03	1.1755e-36	1.1755e-36	1.1755e-36	4.8892e-19	0.00e+00	0.00e+00	3.0976e+00
5.63226e+17	5.6771e+03	2.900e-22	1.0000e+01	8.9398e+00	3.1372e-08	1.6458e-01	8.3542e-01	3.3140e-01	6.6839e-01	2.1710e-04	6.7868e-12	2.4984e-02	8.7990e-01	9.5115e-02	8.9523e-07	1.9807e-01	7.9963e-01	2.3011e-03	1.1755e-36	1.1755e-36	1.1755e-36	6.7110e-19	0.00e+00	0.00e+00	3.3517e+00
5.85453e+17	5.7274e+03	2.890e-22	1.0000e+01	8.8299e+00	3.5619e-08	1.7768e-01	8.2232e-01	3.4224e-01	6.5755e-01	2.1111e-04	8.3259e-12	2.5580e-02	8.8347e-01	9.0953e-02	7.8004e-07	2.1320e-01	7.8477e-01	2.0230e-03	1.1755e-36	1.1755e-36	1.1755e-36	9.2047e-19	0.00e+00	0.00e+00	3.5761e+00
6.03843e+17	5.7743e+03	2.864e-22	1.0000e+01	8.6876e+00	3.9238e-08	1.8889e-01	8.1111e-01	3.5094e-01	6.4886e-01	2.0725e-04	9.7646e-12	2.5912e-02	8.8620e-01	8.7885e-02	6.9871e-07	2.2607e-01	7.7211e-01	1.8169e-03	1.1755e-36	1.1755e-36	1.1755e-36	1.1768e-18	0.00e+00	0.00e+00	3.7762e+00
6.21324e+17	5.8127e+03	2.835e-22	1.0000e+01	8.5512e+00	4.3610e-08	2.0074e-01	7.9926e-01	3.6024e-01	6.3956e-01	2.0288e-04	1.1520e-11	2.6223e-02	8.8903e-01	8.4742e-02	6.2441e-07	2.3961e-01	7.5876e-01	1.6306e-03	1.1755e-36	1.1755e-36	1.1755e-36	1.5220e-18	0.00e+00	0.00e+00	4.0068e+00
6.39487e+17	5.8526e+03	2.800e-22	1.0000e+01	8.4034e+00	4.8863e-08	2.1410e-01	7.8590e-01	3.7033e-01	6.2947e-01	1.9837e-04	1.3761e-11	2.6505e-02	8.9201e-01	8.1484e-02	5.5381e-07	2.5476e-01	7.4379e-01	1.4515e-03	1.1755e-36	1.1755e-36	1.1755e-36	2.0092e-18	0.00e+00	0.00e+00	4.2520e+00
6.56995e+17	5.8864e+03	2.762e-22	1.0000e+01	8.2527e+00	5.5077e-08	2.2818e-01	7.7182e-01	3.8045e-01	6.1935e-01	1.9412e-04	1.6492e-11	2.6732e-02	8.9495e-01	7.8320e-02	4.9134e-07	2.7064e-01	7.2807e-01	1.2917e-03	1.1755e-36	1.1755e-36	1.1755e-36	2.6746e-18	0.00e+00	0.00e+00	4.4952e+00
6.72911e+17	5.9028e+03	2.724e-22	1.0000e+01	8.1054e+00	6.2634e-08	2.4228e-01	7.5772e-01	3.9027e-01	6.0954e-01	1.9007e-04	1.9735e-11	2.6897e-02	8.9773e-01	7.5373e-02	4.3864e-07	2.8644e-01	7.1240e-01	1.1570e-03	1.1755e-36	1.1755e-36	1.1755e-36	3.5741e-18	0.00e+00	0.00e+00	4.7240e+00
6.86589e+17	5.9210e+03	2.686e-22	1.0000e+01	7.9707e+00	6.9739e-08	2.5504e-01	7.4496e-01	3.9872e-01	6.0109e-01	1.8696e-04	2.3030e-11	2.6985e-02	9.0010e-01	7.2916e-02	3.9766e-07	3.0065e-01	6.9830e-01	1.0501e-03	1.1755e-36	1.1755e-36	1.1755e-36	4.5846e-18	0.00e+00	0.00e+00	4.9237e+00
6.98871e+17	5.9381e+03	2.644e-22	1.0000e+01	7.8416e+00	7.6858e-08	2.6711e-01	7.3289e-01	4.0663e-01	5.9318e-01	1.8414e-04	2.6522e-11	2.7020e-02	9.0228e-01	7.0701e-02	3.6337e-07	3.1400e-01	6.8504e-01	9.5994e-04	1.1755e-36	1.1755e-36	1.1755e-36	5.7560e-18	0.00e+00	0.00e+00	5.1289e+00
7.11524e+17	5.9405e+03	2.599e-22	1.0000e+01	7.7011e+00	8.6575e-08	2.8054e-01	7.1946e-01	4.1546e-01	5.8436e-01	1.8084e-04	3.1122e-11	2.7027e-02	9.0465e-01	6.8325e-02	3.2976e-07	3.2879e-01	6.7034e-01	8.7228e-04	1.1755e-36	1.1755e-36	1.1755e-36	7.4890e-18	0.00e+00	0.00e+00	5.3616e+00
7.23944e+17	5.9436e+03	2.552e-22	1.0000e+01	7.5600e+00	9.7310e-08	2.9434e-01	7.0566e-01	4.2405e-01	5.7577e-01	1.7792e-04	3.6486e-11	2.6995e-02	9.0695e-01	6.6058e-02	2.9975e-07	3.4387e-01	6.5533e-01	7.9289e-04	1.1755e-36	1.1755e-36	1.1755e-36	9.7377e-18	0.00e+00	0.00e+00	5.5792e+00
7.35102e+17	5.9422e+03	2.506e-22	1.0000e+01	7.4302e+00	1.0879e-07	3.0749e-01	6.9251e-01	4.3216e-01	5.6766e-01	1.7517e-04	4.2401e-11	2.6939e-02	9.0906e-01	6.3998e-02	2.7448e-07	3.5817e-01	6.4110e-01	7.2582e-04	1.1755e-36	1.1755e-36	1.1755e-36	1.2498e-17	0.00e+00	0.00e+00	5.7852e+00
7.45434e+17	5.9409e+03	2.457e-22	1.0000e+01	7.2968e+00	1.2049e-07	3.1991e-01	6.8009e-01	4.3962e-01	5.6021e-01	1.7289e-04	4.8681e-11	2.6823e-02	9.1101e-01	6.2168e-02	2.5317e-07	3.7158e-01	6.2775e-01	6.6833e-04	1.1755e-36	1.1755e-36	1.1755e-36	1.5730e-17	0.00e+00	0.00e+00	5.9883e+00
7.55638e+17	5.9323e+03	2.406e-22	1.0000e+01	7.1572e+00	1.3440e-07	3.3271e-01	6.6729e-01	4.4731e-01	5.5251e-01	1.7052e-04	5.6202e-11	2.6671e-02	9.1298e-01	6.0353e-02	2.3340e-07	3.8535e-01	6.1404e-01	6.1496e-04	1.1755e-36	1.1755e-36	1.1755e-36	2.0028e-17	0.00e+00	0.00e+00	6.2058e+00
7.65818e+17	5.9240e+03	2.353e-22	1.0000e+01	7.0226e+00	1.5009e-07	3.4612e-01	6.5388e-01	4.5519e-01	5.4464e-01	1.6812e-04	6.5170e-11	2.6513e-02	9.1497e-01	5.8521e-02	2.1481e-07	3.9966e-01	5.9977e-01	5.6468e-04	1.1755e-36	1.1755e-36	1.1755e-36	2.5686e-17	0.00e+00	0.00e+00	6.4245e+00
7.75607e+17	5.9127e+03	2.299e-22	1.0000e+01	6.8839e+00	1.6739e-07	3.5933e-01	6.4067e-01	4.6278e-01	5.3705e-01	1.6597e-04	7.5344e-11	2.6313e-02	9.1688e-01	5.6811e-02	1.9838e-07	4.1368e-01	5.8580e-01	5.1981e-04	1.1755e-36	1.1755e-36	1.1755e-36	3.2827e-17	0.00e+00	0.00e+00	6.6417e+00
7.85024e+17	5.8972e+03	2.244e-22	1.0000e+01	6.7457e+00	1.8690e-07	3.7249e-01	6.2751e-01	4.7026e-01	5.2957e-01	1.6389e-04	8.7121e-11	2.6089e-02	9.1874e-01	5.5174e-02	1.8361e-07	4.2756e-01	5.7196e-01	4.7935e-04	1.1755e-36	1.1755e-36	1.1755e-36	4.2027e-17	0.00e+00	0.00e+00	6.8595e+00
7.94090e+17	5.8788e+03	2.189e-22	1.0000e+01	6.6087e+00	2.0862e-07	3.8552e-01	6.1448e-01	4.7758e-01	5.2226e-01	1.6192e-04	1.0065e-10	2.5844e-02	9.2054e-01	5.3615e-02	1.7034e-07	4.4124e-01	5.5832e-01	4.4287e-04	1.1755e-36	1.1755e-36	1.1755e-36	5.3784e-17	0.00e+00	0.00e+00	7.0754e+00
8.02783e+17	5.8582e+03	2.134e-22	1.0000e+01	6.4735e+00	2.3253e-07	3.9834e-01	6.0166e-01	4.8468e-01	5.1516e-01	1.6008e-04	1.1605e-10	2.5580e-02	9.2228e-01	5.2140e-02	1.5845e-07	4.5461e-01	5.4498e-01	4.1008e-04	1.1755e-36	1.1755e-36	1.1755e-36	6.8658e-17	0.00e+00	0.00e+00	7.2897e+00
8.11186e+17	5.8356e+03	2.079e-22	1.0000e+01	6.3398e+00	2.5902e-07	4.1104e-01	5.8896e-01	4.9164e-01	5.0820e-01	1.5832e-04	1.3373e-10	2.5301e-02	9.2397e-01	5.0726e-02	1.4768e-07	4.6777e-01	5.3185e-01	3.8028e-04	1.1755e-36	1.1755e-36	1.1755e-36	8.7614e-17	0.00e+00	0.00e+00	7.5047e+00
8.19380e+17	5.8105e+03	2.024e-22	1.0000e+01	6.2069e+00	2.8868e-07	4.2370e-01	5.7630e-01	4.9853e-01	5.0132e-01	1.5662e-04	1.5423e-10	2.5006e-02	9.2563e-01	4.9361e-02	1.3782e-07	4.8083e-01	5.1882e-01	3.5294e-04	1.1755e-36	1.1755e-36	1.1755e-36	1.1205e-16	0.00e+00	0.00e+00	7.7215e+00
8.27373e+17	5.7829e+03	1.969e-22	1.0000e+01	6.0748e+00	3.2198e-07	4.3632e-01	5.6368e-01	5.0532e-01	4.9453e-01	1.5498e-04	1.7806e-10	2.4698e-02	9.2726e-01	4.8043e-02	1.2879e-07	4.9377e-01	5.0591e-01	3.2787e-04	1.1755e-36	1.1755e-36	1.1755e-36	1.4365e-16	0.00e+00	0.00e+00	7.9387e+00
8.35128e+17	5.7531e+03	1.915e-22	1.0000e+01	5.9441e+00	3.5906e-07	4.4878e-01	5.5122e-01	5.1196e-01	4.8788e-01	1.5342e-04	2.0555e-10	2.4377e-02	9.2884e-01	4.6783e-02	1.1755e-36	5.0647e-01	4.9323e-01	3.0502e-04	1.1755e-36	1.1755e-36	1.1755e-36	1.8427e-16	0.00e+00	0.00e+00	8.1548e+00
8.42632e+17	5.7217e+03	1.862e-22	1.0000e+01	5.8154e+00	4.0007e-07	4.6102e-01	5.3898e-01	5.1844e-01	4.8141e-01	1.5195e-04	2.3710e-10	2.4048e-02	9.3037e-01	4.5581e-02	1.1755e-36	5.1888e-01	4.8084e-01	2.8422e-04	1.1755e-36	1.1755e-36	1.1755e-36	2.3616e-16	0.00e+00	0.00e+00	8.3697e+00
8.49925e+17	5.6887e+03	1.809e-22	1.0000e+01	5.6887e+00	4.4555e-07	4.7308e-01	5.2692e-01	5.2478e-01	4.7507e-01	1.5055e-04	2.7347e-10	2.3711e-02	9.3186e-01	4.4426e-02	1.1755e-36	5.3105e-01	4.6869e-01	2.6516e-04	1.1755e-36	1.1755e-36	1.1755e-36	3.0273e-16	0.00e+00	0.00e+00	8.5849e+00
8.57055e+17	5.6538e+03	1.757e-22	1.0000e+01	5.5635e+00	4.9632e-07	4.8504e-01	5.1496e-01	5.3104e-01	4.6881e-01	1.4919e-04	3.1567e-10	2.3368e-02	9.3332e-01	4.3310e-02	1.1755e-36	5.4304e-01	4.5671e-01	2.4758e-04	1.1755e-36	1.1755e-36	1.1755e-36	3.8874e-16	0.00e+00	0.00e+00	8.8010e+00
8.64032e+17	5.6171e+03	1.705e-22	1.0000e+01	5.4396e+00	5.5315e-07	4.9687e-01	5.0313e-01	5.3720e-01	4.6266e-01	1.4788e-04	3.6476e-10	2.3017e-02	9.3475e-01	4.2232e-02	1.1755e-36	5.5485e-01	4.4492e-01	2.3137e-04	1.1755e-36	1.1755e-36	1.1755e-36	5.0028e-16	0.00e+00	0.00e+00	9.0174e+00
8.70837e+17	5.5785e+03	1.655e-22	1.0000e+01	5.3176e+00	6.1654e-07	5.0853e-01	4.9147e-01	5.4323e-01	4.5662e-01	1.4662e-04	4.2168e-10	2.2662e-02	9.3614e-01	4.1196e-02	1.1755e-36	5.6642e-01	4.3336e-01	2.1645e-04	1.1755e-36	1.1755e-36	1.1755e-36	6.4457e-16	0.00e+00	0.00e+00	9.2330e+00
8.77459e+17	5.5387e+03	1.605e-22	1.0000e+01	5.1977e+00	6.8682e-07	5.1995e-01	4.8005e-01	5.4912e-01	4.5073e-01	1.4542e-04	4.8734e-10	2.2305e-02	9.3749e-01	4.0204e-02	1.1755e-36	5.7771e-01	4.2209e-01	2.0276e-04	1.1755e-36	1.1755e-36	1.1755e-36	8.3031e-16	0.00e+00	0.00e+00	9.4473e+00
8.83916e+17	5.4977e+03	1.557e-22	1.0000e+01	5.0802e+00	7.6463e-07	5.3116e-01	4.6884e-01	5.5488e-01	4.4497e-01	1.4428e-04	5.6311e-10	2.1946e-02	9.3880e-01	3.9250e-02	1.1755e-36	5.8872e-01	4.1109e-01	1.9015e-04	1.1755e-36	1.1755e-36	1.1755e-36	1.0693e-15	0.00e+00	0.00e+00	9.6614e+00
8.90242e+17	5.4556e+03	1.510e-22	1.0000e+01	4.9645e+00	8.5116e-07	5.4220e-01	4.5780e-01	5.6056e-01	4.3930e-01	1.4317e-04	6.5096e-10	2.1586e-02	9.4009e-01	3.8328e-02	1.1755e-36	5.9952e-01	4.0030e-01	1.7846e-04	1.1755e-36	1.1755e-36	1.1755e-36	1.3784e-15	0.00e+00	0.00e+00	9.8761e+00
8.96463e+17	5.4120e+03	1.464e-22	1.0000e+01	4.8505e+00	9.4782e-07	5.5311e-01	4.4689e-01	5.6615e-01	4.3371e-01	1.4209e-04	7.5329e-10	2.1224e-02	9.4134e-01	3.7434e-02	1.1755e-36	6.1014e-01	3.8970e-01	1.6759e-04	1.1755e-36	1.1755e-36	1.1755e-36	1.7802e-15	0.00e+00	0.00e+00	1.0092e+01
9.02572e+17	5.3668e+03	1.419e-22	1.0000e+01	4.7382e+00	1.0560e-06	5.6385e-01	4.3615e-01	5.7169e-01	4.2817e-01	1.4101e-04	8.7269e-10	2.0862e-02	9.4257e-01	3.6569e-02	1.1755e-36	6.2055e-01	3.7929e-01	1.5750e-04	1.1755e-36	1.1755e-36	1.1755e-36	2.3040e-15	0.00e+00	0.00e+00	1.0307e+01
9.08548e+17	5.3202e+03	1.375e-22	1.0000e+01	4.6280e+00	1.1766e-06	5.7438e-01	4.2562e-01	5.7709e-01	4.2277e-01	1.3999e-04	1.0113e-09	2.0500e-02	9.4376e-01	3.5737e-02	1.1755e-36	6.3070e-01	3.6915e-01	1.4816e-04	1.1755e-36	1.1755e-36	1.1755e-36	2.9843e-15	0.00e+00	0.00e+00	1.0521e+01
9.14379e+17	5.2727e+03	1.332e-22	1.0000e+01	4.5202e+00	1.3100e-06	5.8466e-01	4.1534e-01	5.8235e-01	4.1751e-01	1.3903e-04	1.1713e-09	2.0140e-02	9.4492e-01	3.4939e-02	1.1755e-36	6.4056e-01	3.5930e-01	1.3954e-04	1.1755e-36	1.1755e-36	1.1755e-36	3.8617e-15	0.00e+00	0.00e+00	1.0734e+01
9.20088e+17	5.2246e+03	1.291e-22	1.0000e+01	4.4148e+00	1.4572e-06	5.9470e-01	4.0530e-01	5.8751e-01	4.1235e-01	1.3809e-04	1.3558e-09	1.9783e-02	9.4605e-01	3.4169e-02	1.1755e-36	6.5016e-01	3.4970e-01	1.3154e-04	1.1755e-36	1.1755e-36	1.1755e-36	4.9923e-15	0.00e+00	0.00e+00	1.0946e+01
9.25716e+17	5.1758e+03	1.250e-22	1.0000e+01	4.3113e+00	1.6206e-06	6.0458e-01	3.9542e-01	5.9260e-01	4.0727e-01	1.3718e-04	1.5699e-09	1.9429e-02	9.4715e-01	3.3421e-02	1.1755e-36	6.5957e-01	3.4031e-01	1.2406e-04	1.1755e-36	1.1755e-36	1.1755e-36	6.4564e-15	0.00e+00	0.00e+00	1.1160e+01
9.31293e+17	5.1260e+03	1.211e-22	1.0000e+01	4.2092e+00	1.8027e-06	6.1435e-01	3.8565e-01	5.9765e-01	4.0222e-01	1.3628e-04	1.8195e-09	1.9075e-02	9.4823e-01	3.2692e-02	1.1755e-36	6.6882e-01	3.3106e-01	1.1702e-04	1.1755e-36	1.1755e-36	1.1755e-36	8.3636e-15	0.00e+00	0.00e+00	1.1375e+01
9.36821e+17	5.0744e+03	1.172e-22	1.0000e+01	4.1085e+00	2.0071e-06	6.2401e-01	3.7598e-01	6.0266e-01	3.9720e-01	1.3538e-04	2.1122e-09	1.8722e-02	9.4930e-01	3.1980e-02	1.1755e-36	6.7794e-01	3.2195e-01	1.1041e-04	1.1755e-36	1.1755e-36	1.1755e-36	1.0866e-14	0.00e+00	0.00e+00	1.1592e+01
9.42270e+17	5.0207e+03	1.135e-22	1.0000e+01	4.0093e+00	2.2372e-06	6.3352e-01	3.6648e-01	6.0762e-01	3.9225e-01	1.3448e-04	2.4560e-09	1.8372e-02	9.5034e-01	3.1288e-02	1.1755e-36	6.8688e-01	3.1302e-01	1.0423e-04	1.1755e-36	1.1755e-36	1.1755e-36	1.4158e-14	0.00e+00	0.00e+00	1.1808e+01
9.47595e+17	4.9659e+03	1.099e-22	1.0000e+01	3.9128e+00	2.4915e-06	6.4278e-01	3.5722e-01	6.1246e-01	3.8740e-01	1.3360e-04	2.7995e-09	1.8028e-02	9.5137e-01	3.0602e-02	1.1755e-36	6.9554e-01	3.0436e-01	9.8512e-05	1.1755e-36	1.1755e-36	1.1755e-36	1.7853e-14	0.00e+00	0.00e+00	1.2021e+01
9.52792e+17	4.9100e+03	1.064e-22	1.0000e+01	3.8190e+00	2.7719e-06	6.5178e-01	3.4822e-01	6.1722e-01	3.8265e-01	1.3272e-04	3.1477e-09	1.7693e-02	9.5238e-01	2.9925e-02	1.1755e-36	7.0394e-01	2.9597e-01	9.3203e-05	1.1755e-36	1.1755e-36	1.1755e-36	2.2009e-14	0.00e+00	0.00e+00	1.2233e+01
9.57907e+17	4.8530e+03	1.030e-22	1.0000e+01	3.7273e+00	3.0828e-06	6.6060e-01	3.3940e-01	6.2192e-01	3.7795e-01	1.3183e-04	3.5342e-09	1.7363e-02	9.5337e-01	2.9264e-02	1.1755e-36	7.1213e-01	2.8778e-01	8.8234e-05	1.1755e-36	1.1755e-36	1.1755e-36	2.7069e-14	0.00e+00	0.00e+00	1.2445e+01
9.62970e+17	4.7969e+03	9.974e-23	1.0000e+01	3.6344e+00	3.4145e-06	6.6902e-01	3.3098e-01	6.2634e-01	3.7353e-01	1.3116e-04	3.9473e-09	1.7022e-02	9.5433e-01	2.8644e-02	1.1755e-36	7.1992e-01	2.7999e-01	8.3639e-05	1.1755e-36	1.1755e-36	1.1755e-36	3.2990e-14	0.00e+00	0.00e+00	1.2658e+01
9.68086e+17	4.7428e+03	9.647e-23	1.0000e+01	3.5437e+00	3.7709e-06	6.7745e-01	3.2254e-01	6.3085e-01	3.6902e-01	1.3045e-04	4.4042e-09	1.6686e-02	9.5529e-01	2.8020e-02	1.1755e-36	7.2770e-01	2.7222e-01	7.9187e-05	1.1755e-36	1.1755e-36	1.1755e-36	4.0091e-14	0.00e+00	0.00e+00	1.2880e+01
9.73426e+17	4.6774e+03	9.318e-23	1.0000e+01	3.4518e+00	4.2239e-06	6.8656e-01	3.1343e-01	6.3594e-01	3.6393e-01	1.2935e-04	4.9716e-09	1.6351e-02	9.5631e-01	2.7336e-02	1.1755e-36	7.3607e-01	2.6386e-01	7.4685e-05	1.1755e-36	1.1755e-36	1.1755e-36	4.9766e-14	0.00e+00	0.00e+00	1.3118e+01
9.78732e+17	4.6082e+03	8.999e-23	1.0000e+01	3.3594e+00	4.7348e-06	6.9547e-01	3.0452e-01	6.4081e-01	3.5906e-01	1.2837e-04	5.5980e-09	1.6013e-02	9.5730e-01	2.6685e-02	1.1755e-36	7.4423e-01	2.5570e-01	7.0511e-05	1.1755e-36	1.1755e-36	1.1755e-36	6.1564e-14	0.00e+00	0.00e+00	1.3343e+01
9.83664e+17	4.5516e+03	8.705e-23	1.0000e+01	3.2748e+00	5.2036e-06	7.0337e-01	2.9663e-01	6.4506e-01	3.5482e-01	1.2771e-04	6.1959e-09	1.5695e-02	9.5819e-01	2.6117e-02	1.1755e-36	7.5143e-01	2.4851e-01	6.6872e-05	1.1755e-36	1.1755e-36	1.1755e-36	7.3756e-14	0.00e+00	0.00e+00	1.3553e+01
9.88670e+17	4.4829e+03	8.414e-23	1.0000e+01	3.1880e+00	5.7805e-06	7.1152e-01	2.8847e-01	6.4973e-01	3.5014e-01	1.2676e-04	6.8956e-09	1.5374e-02	9.5912e-01	2.5508e-02	1.1755e-36	7.5885e-01	2.4109e-01	6.3308e-05	1.1755e-36	1.1755e-36	1.1755e-36	8.9265e-14	0.00e+00	0.00e+00	1.3790e+01
9.93942e+17	4.4128e+03	8.117e-23	1.0000e+01	3.1012e+00	6.4256e-06	7.2009e-01	2.7990e-01	6.5466e-01	3.4522e-01	1.2569e-04	7.6925e-09	1.5053e-02	9.6007e-01	2.4878e-02	1.1755e-36	7.6661e-01	2.3333e-01	5.9723e-05	1.1755e-36	1.1755e-36	1.1755e-36	1.0838e-13	0.00e+00	0.00e+00	1.4030e+01
9.99209e+17	4.3418e+03	7.827e-23	1.0000e+01	3.0140e+00	7.1117e-06	7.2842e-01	2.7157e-01	6.5944e-01	3.4044e-01	1.2473e-04	8.5292e-09	1.4727e-02	9.6100e-01	2.4270e-02	1.1755e-36	7.7413e-01	2.2581e-01	5.6366e-05	1.1755e-36	1.1755e-36	1.1755e-36	1.3011e-13	0.00e+00	0.00e+00	1.4272e+01
1.00456e+18	4.2675e+03	7.539e-23	1.0000e+01	2.9266e+00	7.8602e-06	7.3678e-01	2.6321e-01	6.6434e-01	3.3553e-01	1.2370e-04	9.4298e-09	1.4401e-02	9.6194e-01	2.3657e-02	1.1755e-36	7.8165e-01	2.1830e-01	5.3128e-05	1.1755e-36	1.1755e-36	1.1755e-36	1.5524e-13	0.00e+00	0.00e+00	1.4525e+01
1.01015e+18	4.1898e+03	7.245e-23	1.0000e+01	2.8350e+00	8.6631e-06	7.4521e-01	2.5478e-01	6.6929e-01	3.3058e-01	1.2276e-04	1.0379e-08	1.4056e-02	9.6290e-01	2.3042e-02	1.1755e-36	7.8921e-01	2.1074e-01	4.9971e-05	1.1755e-36	1.1755e-36	1.1755e-36	1.8356e-13	0.00e+00	0.00e+00	1.4794e+01
1.01609e+18	4.1061e+03	6.944e-23	1.0000e+01	2.7421e+00	9.5591e-06	7.5421e-01	2.4578e-01	6.7478e-01	3.2510e-01	1.2155e-04	1.1437e-08	1.3710e-02	9.6391e-01	2.2380e-02	1.1755e-36	7.9724e-01	2.0271e-01	4.6751e-05	1.1755e-36	1.1755e-36	1.1755e-36	2.1701e-13	0.00e+00	0.00e+00	1.5088e+01
1.02247e+18	4.0118e+03	6.630e-23	1.0000e+01	2.6423e+00	1.0551e-05	7.6367e-01	2.3632e-01	6.8058e-01	3.1930e-01	1.2028e-04	1.2551e-08	1.3339e-02	9.6497e-01	2.1690e-02	1.1755e-36	8.0566e-01	1.9429e-01	4.3528e-05	1.1755e-36	1.1755e-36	1.1755e-36	2.5427e-13	0.00e+00	0.00e+00	1.5406e+01
1.02903e+18	3.9145e+03	6.319e-23	1.0000e+01	2.5410e+00	1.1555e-05	7.7330e-01	2.2669e-01	6.8631e-01	3.1357e-01	1.1911e-04	1.3644e-08	1.2963e-02	9.6602e-01	2.1015e-02	1.1755e-36	8.1419e-01	1.8577e-01	4.0410e-05	1.1755e-36	1.1755e-36	1.1755e-36	2.9251e-13	0.00e+00	0.00e+00	1.5725e+01
