#depth	Te	Htot	hden	eden	2H_2/H	HI	HII	HeI	HeII	HeIII	CO/C	C1	C2	C3	C4	O1	O2	O3	O4	O5	O6	H2O/O	AV(point)	AV(extend)	Tau912
2.01342e+14	7.1092e+03	2.945e-21	2.7826e+01	3.0197e+01	6.2198e-14	3.0260e-03	9.9697e-01	8.3346e-03	9.7070e-01	2.0965e-02	1.6495e-17	1.2904e-04	1.3665e-01	8.5818e-01	5.0407e-03	8.0861e-04	2.6996e-01	7.2422e-01	5.0115e-03	1.1755e-36	1.1755e-36	1.5979e-25	0.00e+00	0.00e+00	2.1405e-04
1.20805e+15	7.1063e+03	2.944e-21	2.7826e+01	3.0193e+01	6.2288e-14	3.0251e-03	9.9697e-01	8.3356e-03	9.7071e-01	2.0950e-02	1.6475e-17	1.2890e-04	1.3666e-01	8.5816e-01	5.0529e-03	8.0805e-04	2.6984e-01	7.2435e-01	4.9954e-03	1.1755e-36	1.1755e-36	1.5950e-25	0.00e+00	0.00e+00	1.0700e-03
5.23488e+15	7.0998e+03	2.941e-21	2.7826e+01	3.0192e+01	6.2528e-14	3.0241e-03	9.9698e-01	8.3426e-03	9.7084e-01	2.0821e-02	1.6470e-17	1.2874e-04	1.3674e-01	8.5808e-01	5.0445e-03	8.0795e-04	2.6986e-01	7.2440e-01	4.9260e-03	1.1755e-36	1.1755e-36	1.5921e-25	0.00e+00	0.00e+00	4.4926e-03
2.13422e+16	7.0868e+03	2.930e-21	2.7826e+01	3.0190e+01	6.3045e-14	3.0227e-03	9.9698e-01	8.3688e-03	9.7147e-01	2.0162e-02	1.6497e-17	1.2871e-04	1.3705e-01	8.5782e-01	4.9950e-03	8.0934e-04	2.7022e-01	7.2431e-01	4.6560e-03	1.1755e-36	1.1755e-36	1.5883e-25	0.00e+00	0.00e+00	1.8177e-02
5.09797e+16	7.0271e+03	2.896e-21	2.7826e+01	3.0189e+01	6.4390e-14	2.9945e-03	9.9701e-01	8.4029e-03	9.7185e-01	1.9743e-02	1.6172e-17	1.2797e-04	1.3753e-01	8.5740e-01	4.9445e-03	8.0220e-04	2.7002e-01	7.2487e-01	4.3057e-03	1.1755e-36	1.1755e-36	1.5264e-25	0.00e+00	0.00e+00	3.5801e-02
8.95085e+16	6.9669e+03	2.861e-21	2.7826e+01	3.0187e+01	6.5998e-14	2.9710e-03	9.9703e-01	8.4519e-03	9.7291e-01	1.8640e-02	1.5926e-17	1.2770e-04	1.3814e-01	8.5689e-01	4.8488e-03	7.9772e-04	2.7023e-01	7.2511e-01	3.8699e-03	1.1755e-36	1.1755e-36	1.4740e-25	0.00e+00	0.00e+00	5.8532e-02
1.39596e+17	6.9027e+03	2.825e-21	2.7826e+01	3.0184e+01	6.7982e-14	2.9508e-03	9.9705e-01	8.5192e-03	9.7460e-01	1.6880e-02	1.5739e-17	1.2780e-04	1.3894e-01	8.5623e-01	4.7092e-03	7.9596e-04	2.7094e-01	7.2491e-01	3.3519e-03	1.1755e-36	1.1755e-36	1.4268e-25	0.00e+00	0.00e+00	8.7882e-02
2.04709e+17	6.8302e+03	2.787e-21	2.7826e+01	3.0181e+01	7.0740e-14	2.9364e-03	9.9706e-01	8.6124e-03	9.7691e-01	1.4480e-02	1.5656e-17	1.2829e-04	1.4003e-01	8.5532e-01	4.5236e-03	7.9829e-04	2.7240e-01	7.2404e-01	2.7646e-03	1.1755e-36	1.1755e-36	1.3879e-25	0.00e+00	0.00e+00	1.2585e-01
2.89357e+17	6.7536e+03	2.747e-21	2.7826e+01	3.0175e+01	7.4160e-14	2.9272e-03	9.9707e-01	8.7242e-03	9.7969e-01	1.1582e-02	1.5550e-17	1.2915e-04	1.4133e-01	8.5424e-01	4.3007e-03	7.9892e-04	2.7264e-01	7.2442e-01	2.1465e-03	1.1755e-36	1.1755e-36	1.3477e-25	0.00e+00	0.00e+00	1.7505e-01
3.99399e+17	6.6777e+03	2.701e-21	2.7826e+01	3.0165e+01	7.8317e-14	2.9285e-03	9.9707e-01	8.8741e-03	9.8266e-01	8.4677e-03	1.5795e-17	1.3091e-04	1.4317e-01	8.5265e-01	4.0533e-03	8.1421e-04	2.7659e-01	7.2107e-01	1.5294e-03	1.1755e-36	1.1755e-36	1.3371e-25	0.00e+00	0.00e+00	2.3905e-01
5.42454e+17	6.5961e+03	2.655e-21	2.7826e+01	3.0156e+01	8.4172e-14	2.9477e-03	9.9705e-01	9.0714e-03	9.8541e-01	5.5216e-03	1.6378e-17	1.3376e-04	1.4570e-01	8.5037e-01	3.7949e-03	8.4128e-04	2.8244e-01	7.1573e-01	9.8008e-04	1.1755e-36	1.1755e-36	1.3541e-25	0.00e+00	0.00e+00	3.2278e-01
7.28424e+17	6.5168e+03	2.610e-21	2.7826e+01	3.0148e+01	9.1940e-14	2.9929e-03	9.9701e-01	9.3284e-03	9.8754e-01	3.1303e-03	1.7440e-17	1.3822e-04	1.4910e-01	8.4722e-01	3.5429e-03	8.8418e-04	2.9046e-01	7.0810e-01	5.5016e-04	1.1755e-36	1.1755e-36	1.4103e-25	0.00e+00	0.00e+00	4.3331e-01
9.70187e+17	6.4441e+03	2.569e-21	2.7826e+01	3.0142e+01	1.0279e-13	3.0796e-03	9.9692e-01	9.6732e-03	9.8883e-01	1.5013e-03	1.9320e-17	1.4506e-04	1.5376e-01	8.4280e-01	3.3017e-03	9.5069e-04	3.0106e-01	6.9773e-01	2.6260e-04	1.1755e-36	1.1755e-36	1.5374e-25	0.00e+00	0.00e+00	5.8116e-01
1.28448e+18	6.3981e+03	2.533e-21	2.7826e+01	3.0133e+01	1.1689e-13	3.2287e-03	9.9677e-01	1.0139e-02	9.8927e-01	5.9391e-04	2.2569e-17	1.5567e-04	1.6011e-01	8.3667e-01	3.0659e-03	1.0540e-03	3.1513e-01	6.8371e-01	1.0339e-04	1.1755e-36	1.1755e-36	1.7871e-25	0.00e+00	0.00e+00	7.8267e-01
1.69306e+18	6.3902e+03	2.511e-21	2.7826e+01	3.0122e+01	1.3709e-13	3.4870e-03	9.9651e-01	1.0818e-02	9.8899e-01	1.8988e-04	2.8729e-17	1.7253e-04	1.6921e-01	8.2781e-01	2.8113e-03	1.2249e-03	3.3475e-01	6.6399e-01	3.2610e-05	1.1755e-36	1.1755e-36	2.3115e-25	0.00e+00	0.00e+00	1.0656e+00
2.16765e+18	6.4361e+03	2.506e-21	2.7826e+01	3.0109e+01	1.6254e-13	3.8713e-03	9.9613e-01	1.1696e-02	9.8825e-01	5.5031e-05	3.9277e-17	1.9598e-04	1.8070e-01	8.1656e-01	2.5482e-03	1.4829e-03	3.5982e-01	6.3869e-01	9.2379e-06	1.1755e-36	1.1755e-36	3.2920e-25	0.00e+00	0.00e+00	1.3970e+00
2.60672e+18	6.5390e+03	2.524e-21	2.7826e+01	3.0093e+01	1.8851e-13	4.3448e-03	9.9566e-01	1.2633e-02	9.8735e-01	1.9607e-05	5.4838e-17	2.2266e-04	1.9257e-01	8.0489e-01	2.3186e-03	1.8114e-03	3.8653e-01	6.1165e-01	3.1353e-06	1.1755e-36	1.1755e-36	4.9009e-25	0.00e+00	0.00e+00	1.6953e+00
2.94722e+18	6.6617e+03	2.555e-21	2.7826e+01	3.0077e+01	2.1296e-13	4.8362e-03	9.9516e-01	1.3519e-02	9.8647e-01	9.6622e-06	7.4746e-17	2.4873e-04	2.0341e-01	7.9420e-01	2.1371e-03	2.1684e-03	4.1132e-01	5.8651e-01	1.4369e-06	1.1755e-36	1.1755e-36	7.1598e-25	0.00e+00	0.00e+00	1.9418e+00
3.21190e+18	6.7770e+03	2.589e-21	2.7826e+01	3.0060e+01	2.3808e-13	5.3232e-03	9.9468e-01	1.4368e-02	9.8563e-01	5.8200e-06	9.9160e-17	2.7349e-04	2.1344e-01	7.8430e-01	1.9873e-03	2.5414e-03	4.3414e-01	5.6332e-01	7.9842e-07	1.1755e-36	1.1755e-36	1.0141e-24	0.00e+00	0.00e+00	2.1655e+00
3.44410e+18	6.8882e+03	2.625e-21	2.7826e+01	3.0044e+01	2.6697e-13	5.8477e-03	9.9415e-01	1.5251e-02	9.8474e-01	3.8112e-06	1.3126e-16	2.9947e-04	2.2373e-01	7.7413e-01	1.8470e-03	2.9651e-03	4.5732e-01	5.3971e-01	4.7808e-07	1.1755e-36	1.1755e-36	1.4313e-24	0.00e+00	0.00e+00	2.3969e+00
3.66628e+18	7.0029e+03	2.666e-21	2.7826e+01	3.0024e+01	3.0280e-13	6.4555e-03	9.9354e-01	1.6253e-02	9.8374e-01	2.5893e-06	1.7662e-16	3.2841e-04	2.3500e-01	7.6297e-01	1.7059e-03	3.4818e-03	4.8245e-01	5.1407e-01	2.9306e-07	1.1755e-36	1.1755e-36	2.0616e-24	0.00e+00	0.00e+00	2.6454e+00
3.87783e+18	7.1202e+03	2.711e-21	2.7826e+01	3.0002e+01	3.4674e-13	7.1591e-03	9.9284e-01	1.7377e-02	9.8262e-01	1.8246e-06	2.4053e-16	3.6035e-04	2.4723e-01	7.5084e-01	1.5656e-03	4.1107e-03	5.0940e-01	4.8649e-01	1.8383e-07	1.1755e-36	1.1755e-36	3.0128e-24	0.00e+00	0.00e+00	2.9019e+00
4.07174e+18	7.2338e+03	2.757e-21	2.7826e+01	2.9976e+01	3.9992e-13	7.9472e-03	9.9205e-01	1.8597e-02	9.8140e-01	1.3424e-06	3.2824e-16	3.9431e-04	2.6006e-01	7.3811e-01	1.4310e-03	4.8500e-03	5.3711e-01	4.5804e-01	1.1755e-36	1.1755e-36	1.1755e-36	4.4147e-24	0.00e+00	0.00e+00	3.1586e+00
4.24727e+18	7.3399e+03	2.805e-21	2.7826e+01	2.9949e+01	4.6380e-13	8.8163e-03	9.9118e-01	1.9909e-02	9.8009e-01	1.0261e-06	4.4655e-16	4.2985e-04	2.7337e-01	7.2489e-01	1.3037e-03	5.7032e-03	5.6500e-01	4.2929e-01	1.1755e-36	1.1755e-36	1.1755e-36	6.4405e-24	0.00e+00	0.00e+00	3.4176e+00
4.40927e+18	7.4392e+03	2.853e-21	2.7826e+01	2.9918e+01	5.4226e-13	9.7902e-03	9.9021e-01	2.1347e-02	9.7865e-01	8.0564e-07	6.0848e-16	4.6757e-04	2.8741e-01	7.1094e-01	1.1815e-03	6.6999e-03	5.9327e-01	4.0003e-01	1.1755e-36	1.1755e-36	1.1755e-36	9.4086e-24	0.00e+00	0.00e+00	3.6872e+00
4.56231e+18	7.5332e+03	2.903e-21	2.7826e+01	2.9883e+01	6.4158e-13	1.0909e-02	9.8909e-01	2.2959e-02	9.7704e-01	6.4429e-07	8.3587e-16	5.0838e-04	3.0253e-01	6.9590e-01	1.0625e-03	7.8886e-03	6.2225e-01	3.6986e-01	1.1755e-36	1.1755e-36	1.1755e-36	1.3878e-23	0.00e+00	0.00e+00	3.9734e+00
4.69277e+18	7.6178e+03	2.951e-21	2.7826e+01	2.9849e+01	7.5161e-13	1.2062e-02	9.8794e-01	2.4538e-02	9.7546e-01	5.3859e-07	1.1171e-15	5.4742e-04	3.1683e-01	6.8166e-01	9.6038e-04	9.1507e-03	6.4851e-01	3.4234e-01	1.1755e-36	1.1755e-36	1.1755e-36	1.9834e-23	0.00e+00	0.00e+00	4.2099e+00
4.79569e+18	7.6795e+03	2.991e-21	2.7826e+01	2.9811e+01	8.6650e-13	1.3146e-02	9.8685e-01	2.6033e-02	9.7397e-01	4.6717e-07	1.4297e-15	5.8210e-04	3.2964e-01	6.6890e-01	8.7737e-04	1.0369e-02	6.7049e-01	3.1914e-01	1.1755e-36	1.1755e-36	1.1755e-36	2.6822e-23	0.00e+00	0.00e+00	4.4275e+00
4.90406e+18	7.7392e+03	3.033e-21	2.7826e+01	2.9773e+01	1.0266e-12	1.4492e-02	9.8551e-01	2.7870e-02	9.7213e-01	3.9896e-07	1.8953e-15	6.2381e-04	3.4496e-01	6.5363e-01	7.8722e-04	1.1920e-02	6.9480e-01	2.9328e-01	1.1755e-36	1.1755e-36	1.1755e-36	3.7847e-23	0.00e+00	0.00e+00	4.7394e+00
5.02171e+18	7.8087e+03	3.084e-21	2.7826e+01	2.9733e+01	1.2529e-12	1.6239e-02	9.8376e-01	3.0122e-02	9.6988e-01	3.4006e-07	2.6209e-15	6.7274e-04	3.6297e-01	6.3566e-01	6.9200e-04	1.3971e-02	7.2162e-01	2.6440e-01	1.1755e-36	1.1755e-36	1.1755e-36	5.6515e-23	0.00e+00	0.00e+00	5.0612e+00
5.12439e+18	7.8557e+03	3.133e-21	2.7826e+01	2.9656e+01	1.5290e-12	1.8129e-02	9.8187e-01	3.2573e-02	9.6743e-01	2.9645e-07	3.5463e-15	7.2135e-04	3.8094e-01	6.1773e-01	6.0854e-04	1.6226e-02	7.4565e-01	2.3812e-01	1.1755e-36	1.1755e-36	1.1755e-36	8.1709e-23	0.00e+00	0.00e+00	5.3561e+00
5.21275e+18	7.9077e+03	3.173e-21	2.7826e+01	2.9596e+01	1.8358e-12	2.0077e-02	9.7992e-01	3.4992e-02	9.6501e-01	2.6362e-07	4.6980e-15	7.6763e-04	3.9807e-01	6.0063e-01	5.3771e-04	1.8588e-02	7.6655e-01	2.1486e-01	1.1755e-36	1.1755e-36	1.1755e-36	1.1567e-22	0.00e+00	0.00e+00	5.6529e+00
5.30950e+18	7.9375e+03	3.222e-21	2.7826e+01	2.9518e+01	2.3319e-12	2.2698e-02	9.7730e-01	3.8229e-02	9.6177e-01	2.2987e-07	6.5784e-15	8.2570e-04	4.1961e-01	5.7911e-01	4.5990e-04	2.1799e-02	7.8932e-01	1.8888e-01	1.1755e-36	1.1755e-36	1.1755e-36	1.7503e-22	0.00e+00	0.00e+00	6.0890e+00
5.41376e+18	7.9729e+03	3.278e-21	2.7826e+01	2.9421e+01	3.0988e-12	2.6271e-02	9.7373e-01	4.2365e-02	9.5763e-01	2.0022e-07	9.7375e-15	8.9513e-04	4.4531e-01	5.5342e-01	3.8032e-04	2.6214e-02	8.1284e-01	1.6095e-01	1.1755e-36	1.1755e-36	1.1755e-36	2.8519e-22	0.00e+00	0.00e+00	6.5467e+00
5.50437e+18	7.9986e+03	3.327e-21	2.7826e+01	2.9288e+01	4.1111e-12	3.0318e-02	9.6968e-01	4.6890e-02	9.5311e-01	1.7785e-07	1.4177e-14	9.6227e-04	4.7076e-01	5.2796e-01	3.1391e-04	3.1244e-02	8.3212e-01	1.3664e-01	1.1755e-36	1.1755e-36	1.1755e-36	4.5617e-22	0.00e+00	0.00e+00	6.9837e+00
5.58439e+18	8.0209e+03	3.368e-21	2.7826e+01	2.9142e+01	5.4358e-12	3.4882e-02	9.6512e-01	5.1842e-02	9.4816e-01	1.5978e-07	2.0402e-14	1.0283e-03	4.9615e-01	5.0256e-01	2.5821e-04	3.6939e-02	8.4752e-01	1.1554e-01	1.1755e-36	1.1755e-36	1.1755e-36	7.2159e-22	0.00e+00	0.00e+00	7.4617e+00
5.65902e+18	8.0269e+03	3.407e-21	2.7826e+01	2.8969e+01	7.3451e-12	4.0384e-02	9.5962e-01	5.7577e-02	9.4242e-01	1.4437e-07	2.9657e-14	1.0965e-03	5.2275e-01	4.7595e-01	2.0934e-04	4.3804e-02	8.5974e-01	9.6455e-02	1.1755e-36	1.1755e-36	1.1755e-36	1.1593e-21	0.00e+00	0.00e+00	7.9674e+00
5.72558e+18	8.0322e+03	3.439e-21	2.7826e+01	2.8777e+01	9.9278e-12	4.6742e-02	9.5326e-01	6.3784e-02	9.3622e-01	1.3211e-07	4.2854e-14	1.1623e-03	5.4912e-01	4.4954e-01	1.6885e-04	5.1726e-02	8.6821e-01	8.0063e-02	1.1755e-36	1.1755e-36	1.1755e-36	1.8573e-21	0.00e+00	0.00e+00	8.4752e+00
5.78322e+18	8.0216e+03	3.466e-21	2.7826e+01	2.8561e+01	1.3430e-11	5.3893e-02	9.4611e-01	7.0445e-02	9.2956e-01	1.2209e-07	6.1026e-14	1.2241e-03	5.7455e-01	4.2409e-01	1.3628e-04	6.0606e-02	8.7290e-01	6.6494e-02	1.1755e-36	1.1755e-36	1.1755e-36	2.9288e-21	0.00e+00	0.00e+00	8.9814e+00
5.83367e+18	8.0136e+03	3.482e-21	2.7826e+01	2.8323e+01	1.7984e-11	6.1840e-02	9.3816e-01	7.7447e-02	9.2255e-01	1.1395e-07	8.5606e-14	1.2804e-03	5.9879e-01	3.9982e-01	1.1022e-04	7.0438e-02	8.7429e-01	5.5268e-02	1.1755e-36	1.1755e-36	1.1755e-36	4.5508e-21	0.00e+00	0.00e+00	9.4967e+00
5.87905e+18	8.0039e+03	3.488e-21	2.7826e+01	2.8054e+01	2.4050e-11	7.0863e-02	9.2914e-01	8.5007e-02	9.1499e-01	1.0699e-07	1.1927e-13	1.3322e-03	6.2237e-01	3.7621e-01	8.8903e-05	8.1549e-02	8.7265e-01	4.5797e-02	1.1755e-36	1.1755e-36	1.1755e-36	7.0339e-21	0.00e+00	0.00e+00	1.0036e+01
5.92056e+18	7.9812e+03	3.489e-21	2.7826e+01	2.7743e+01	3.2549e-11	8.1358e-02	9.1864e-01	9.3337e-02	9.0666e-01	1.0085e-07	1.6647e-13	1.3806e-03	6.4571e-01	3.5284e-01	7.1201e-05	9.4398e-02	8.6790e-01	3.7705e-02	1.1755e-36	1.1755e-36	1.1755e-36	1.0928e-20	0.00e+00	0.00e+00	1.0604e+01
5.95825e+18	7.9609e+03	3.489e-21	2.7826e+01	2.7486e+01	4.4303e-11	9.3682e-02	9.0632e-01	1.0245e-01	8.9755e-01	9.5498e-08	2.3430e-13	1.4301e-03	6.6902e-01	3.2950e-01	5.6505e-05	1.0938e-01	8.5983e-01	3.0789e-02	1.1755e-36	1.1755e-36	1.1755e-36	1.7287e-20	0.00e+00	0.00e+00	1.1191e+01
5.99156e+18	7.9601e+03	3.454e-21	2.7826e+01	2.7018e+01	5.8395e-11	1.0670e-01	8.9330e-01	1.1147e-01	8.8853e-01	9.1449e-08	3.1796e-13	1.4582e-03	6.8929e-01	3.0920e-01	4.5499e-05	1.2510e-01	8.4958e-01	2.5321e-02	1.1755e-36	1.1755e-36	1.1755e-36	2.6082e-20	0.00e+00	0.00e+00	1.1771e+01
6.02174e+18	7.9353e+03	3.420e-21	2.7826e+01	2.6579e+01	7.8273e-11	1.2164e-01	8.7836e-01	1.2140e-01	8.7860e-01	8.7545e-08	4.3365e-13	1.4867e-03	7.0944e-01	2.8904e-01	3.6410e-05	1.4301e-01	8.3625e-01	2.0738e-02	1.1755e-36	1.1755e-36	1.1755e-36	3.9729e-20	0.00e+00	0.00e+00	1.2400e+01
6.05013e+18	7.9164e+03	3.375e-21	2.7826e+01	2.6109e+01	1.0544e-10	1.3913e-01	8.6087e-01	1.3223e-01	8.6777e-01	8.4106e-08	5.9597e-13	1.5105e-03	7.2931e-01	2.6915e-01	2.8865e-05	1.6378e-01	8.1942e-01	1.6800e-02	1.1755e-36	1.1755e-36	1.1755e-36	6.1475e-20	0.00e+00	0.00e+00	1.3068e+01
6.07599e+18	7.8996e+03	3.311e-21	2.7826e+01	2.5544e+01	1.4136e-10	1.5865e-01	8.4135e-01	1.4348e-01	8.5652e-01	8.1271e-08	8.1167e-13	1.5234e-03	7.4778e-01	2.5067e-01	2.2926e-05	1.8673e-01	7.9969e-01	1.3579e-02	1.1755e-36	1.1755e-36	1.1755e-36	9.4302e-20	0.00e+00	0.00e+00	1.3748e+01
6.09927e+18	7.8874e+03	3.226e-21	2.7826e+01	2.4860e+01	1.8660e-10	1.7951e-01	8.2049e-01	1.5487e-01	8.4513e-01	7.8903e-08	1.0828e-12	1.5223e-03	7.6433e-01	2.3413e-01	1.8385e-05	2.1101e-01	7.7797e-01	1.1021e-02	1.1755e-36	1.1755e-36	1.1755e-36	1.4095e-19	0.00e+00	0.00e+00	1.4447e+01
6.12096e+18	7.8597e+03	3.138e-21	2.7826e+01	2.4197e+01	2.4959e-10	2.0342e-01	7.9658e-01	1.6711e-01	8.3289e-01	7.6842e-08	1.4553e-12	1.5202e-03	7.8079e-01	2.1767e-01	1.4630e-05	2.3851e-01	7.5261e-01	8.8716e-03	1.1755e-36	1.1755e-36	1.1755e-36	2.1362e-19	0.00e+00	0.00e+00	1.5206e+01
6.14138e+18	7.8312e+03	3.035e-21	2.7826e+01	2.3472e+01	3.3481e-10	2.3045e-01	7.6955e-01	1.8011e-01	8.1989e-01	7.5080e-08	1.9579e-12	1.5104e-03	7.9654e-01	2.0194e-01	1.1600e-05	2.6921e-01	7.2371e-01	7.0831e-03	1.1755e-36	1.1755e-36	1.1755e-36	3.2566e-19	0.00e+00	0.00e+00	1.5999e+01
6.16005e+18	7.8154e+03	2.905e-21	2.7826e+01	2.2573e+01	4.3850e-10	2.5834e-01	7.4166e-01	1.9260e-01	8.0740e-01	7.4003e-08	2.5615e-12	1.4822e-03	8.1009e-01	1.8841e-01	9.3364e-06	3.0048e-01	6.9383e-01	5.6886e-03	1.1755e-36	1.1755e-36	1.1755e-36	4.7846e-19	0.00e+00	0.00e+00	1.6804e+01
6.17759e+18	7.7785e+03	2.771e-21	2.7826e+01	2.1686e+01	5.8073e-10	2.8919e-01	7.1081e-01	2.0602e-01	7.9398e-01	7.2975e-08	3.3575e-12	1.4526e-03	8.2344e-01	1.7510e-01	7.4855e-06	3.3455e-01	6.6091e-01	4.5426e-03	1.1755e-36	1.1755e-36	1.1755e-36	7.0660e-19	0.00e+00	0.00e+00	1.7686e+01
6.19454e+18	7.7406e+03	2.622e-21	2.7826e+01	2.0712e+01	7.6956e-10	3.2300e-01	6.7700e-01	2.1993e-01	7.8007e-01	7.2357e-08	4.3886e-12	1.4132e-03	8.3609e-01	1.6249e-01	5.9911e-06	3.7133e-01	6.2507e-01	3.5962e-03	1.1755e-36	1.1755e-36	1.1755e-36	1.0434e-18	0.00e+00	0.00e+00	1.8625e+01
6.20984e+18	7.6989e+03	2.471e-21	2.7826e+01	1.9729e+01	1.0042e-09	3.5741e-01	6.4259e-01	2.3326e-01	7.6674e-01	7.2180e-08	5.6199e-12	1.3681e-03	8.4726e-01	1.5137e-01	4.8630e-06	4.0815e-01	5.8898e-01	2.8681e-03	1.1755e-36	1.1755e-36	1.1755e-36	1.5005e-18	0.00e+00	0.00e+00	1.9507e+01
6.22251e+18	7.6556e+03	2.338e-21	2.7826e+01	1.8875e+01	1.2662e-09	3.8885e-01	6.1115e-01	2.4523e-01	7.5477e-01	7.2139e-08	6.9487e-12	1.3269e-03	8.5651e-01	1.4216e-01	4.0630e-06	4.4129e-01	5.5636e-01	2.3498e-03	1.1755e-36	1.1755e-36	1.1755e-36	2.0574e-18	0.00e+00	0.00e+00	2.0278e+01
6.23314e+18	7.6271e+03	2.212e-21	2.7826e+01	1.8056e+01	1.5197e-09	4.1529e-01	5.8471e-01	2.5509e-01	7.4491e-01	7.2585e-08	8.1829e-12	1.2822e-03	8.6371e-01	1.3501e-01	3.5063e-06	4.6878e-01	5.2923e-01	1.9851e-03	1.1755e-36	1.1755e-36	1.1755e-36	2.6239e-18	0.00e+00	0.00e+00	2.1007e+01
6.24254e+18	7.5780e+03	2.105e-21	2.7826e+01	1.7370e+01	1.8176e-09	4.4062e-01	5.5938e-01	2.6490e-01	7.3510e-01	7.2756e-08	9.5368e-12	1.2458e-03	8.7041e-01	1.2834e-01	3.0571e-06	4.9481e-01	5.0349e-01	1.6979e-03	1.1755e-36	1.1755e-36	1.1755e-36	3.2991e-18	0.00e+00	0.00e+00	2.1688e+01
6.25139e+18	7.5475e+03	1.994e-21	2.7826e+01	1.6660e+01	2.1222e-09	4.6376e-01	5.3624e-01	2.7400e-01	7.2600e-01	7.3174e-08	1.0907e-11	1.2051e-03	8.7628e-01	1.2251e-01	2.6956e-06	5.1834e-01	4.8019e-01	1.4656e-03	1.1755e-36	1.1755e-36	1.1755e-36	4.0403e-18	0.00e+00	0.00e+00	2.2414e+01
6.26003e+18	7.5005e+03	1.889e-21	2.7826e+01	1.5981e+01	2.4973e-09	4.8743e-01	5.1257e-01	2.8333e-01	7.1667e-01	7.3647e-08	1.2473e-11	1.1660e-03	8.8205e-01	1.1678e-01	2.3775e-06	5.4214e-01	4.5660e-01	1.2642e-03	1.1755e-36	1.1755e-36	1.1755e-36	4.9527e-18	0.00e+00	0.00e+00	2.3130e+01
6.26814e+18	7.4501e+03	1.791e-21	2.7826e+01	1.5339e+01	2.9161e-09	5.0998e-01	4.9002e-01	2.9249e-01	7.0751e-01	7.4115e-08	1.4121e-11	1.1284e-03	8.8742e-01	1.1145e-01	2.1102e-06	5.6459e-01	4.3432e-01	1.0973e-03	1.1755e-36	1.1755e-36	1.1755e-36	5.9840e-18	0.00e+00	0.00e+00	2.3835e+01
6.27584e+18	7.3998e+03	1.698e-21	2.7826e+01	1.4742e+01	3.3760e-09	5.3150e-01	4.6850e-01	3.0161e-01	6.9839e-01	7.4548e-08	1.5862e-11	1.0930e-03	8.9247e-01	1.0644e-01	1.8820e-06	5.8580e-01	4.1325e-01	9.5717e-04	1.1755e-36	1.1755e-36	1.1755e-36	7.1515e-18	0.00e+00	0.00e+00	2.4538e+01
6.28189e+18	7.3711e+03	1.626e-21	2.7826e+01	1.4252e+01	3.7463e-09	5.4771e-01	4.5229e-01	3.0787e-01	6.9213e-01	7.5277e-08	1.7233e-11	1.0618e-03	8.9590e-01	1.0304e-01	1.7317e-06	6.0162e-01	3.9751e-01	8.6188e-04	1.1755e-36	1.1755e-36	1.1755e-36	8.1321e-18	0.00e+00	0.00e+00	2.4977e+01
6.28597e+18	7.3426e+03	1.578e-21	2.7826e+01	1.3935e+01	4.0367e-09	5.5855e-01	4.4145e-01	3.1267e-01	6.8733e-01	7.5627e-08	1.8221e-11	1.0422e-03	8.9838e-01	1.0057e-01	1.6335e-06	6.1214e-01	3.8706e-01	8.0282e-04	1.1755e-36	1.1755e-36	1.1755e-36	8.8601e-18	0.00e+00	0.00e+00	2.5331e+01
6.28987e+18	7.3022e+03	1.534e-21	2.7826e+01	1.3648e+01	4.3768e-09	5.6929e-01	4.3071e-01	3.1810e-01	6.8190e-01	7.5688e-08	1.9293e-11	1.0254e-03	9.0103e-01	9.7948e-02	1.5375e-06	6.2256e-01	3.7670e-01	7.4817e-04	1.1755e-36	1.1755e-36	1.1755e-36	9.6696e-18	0.00e+00	0.00e+00	2.5751e+01
6.29443e+18	7.2695e+03	1.479e-21	2.7826e+01	1.3292e+01	4.7485e-09	5.8105e-01	4.1895e-01	3.2391e-01	6.7609e-01	7.5988e-08	2.0469e-11	1.0031e-03	9.0384e-01	9.5156e-02	1.4372e-06	6.3387e-01	3.6544e-01	6.9025e-04	1.1755e-36	1.1755e-36	1.1755e-36	1.0587e-17	0.00e+00	0.00e+00	2.6253e+01
6.29951e+18	7.2312e+03	1.421e-21	2.7826e+01	1.2903e+01	5.2041e-09	5.9411e-01	4.0589e-01	3.3040e-01	6.6960e-01	7.6355e-08	2.1855e-11	9.7836e-04	9.0689e-01	9.2135e-02	1.3338e-06	6.4636e-01	3.5301e-01	6.3077e-04	1.1755e-36	1.1755e-36	1.1755e-36	1.1713e-17	0.00e+00	0.00e+00	2.6799e+01
6.30462e+18	7.1848e+03	1.364e-21	2.7826e+01	1.2518e+01	5.7336e-09	6.0730e-01	3.9270e-01	3.3707e-01	6.6293e-01	7.6725e-08	2.3346e-11	9.5395e-04	9.0990e-01	8.9142e-02	1.2370e-06	6.5892e-01	3.4051e-01	5.7571e-04	1.1755e-36	1.1755e-36	1.1755e-36	1.2974e-17	0.00e+00	0.00e+00	2.7331e+01
6.30944e+18	7.1408e+03	1.312e-21	2.7826e+01	1.2172e+01	6.2783e-09	6.1967e-01	3.8033e-01	3.4365e-01	6.5635e-01	7.7005e-08	2.4850e-11	9.3205e-04	9.1275e-01	8.6321e-02	1.1512e-06	6.7063e-01	3.2884e-01	5.2775e-04	1.1755e-36	1.1755e-36	1.1755e-36	1.4304e-17	0.00e+00	0.00e+00	2.7839e+01
6.31406e+18	7.1038e+03	1.263e-21	2.7826e+01	1.1831e+01	6.8064e-09	6.3083e-01	3.6917e-01	3.4974e-01	6.5026e-01	7.7394e-08	2.6238e-11	9.0961e-04	9.1533e-01	8.3762e-02	1.0762e-06	6.8114e-01	3.1838e-01	4.8624e-04	1.1755e-36	1.1755e-36	1.1755e-36	1.5569e-17	0.00e+00	0.00e+00	2.8346e+01
6.31882e+18	7.0526e+03	1.213e-21	2.7826e+01	1.1491e+01	7.4655e-09	6.4248e-01	3.5752e-01	3.5654e-01	6.4346e-01	7.7650e-08	2.7805e-11	8.8776e-04	9.1806e-01	8.1048e-02	1.0019e-06	6.9205e-01	3.0751e-01	4.4640e-04	1.1755e-36	1.1755e-36	1.1755e-36	1.7047e-17	0.00e+00	0.00e+00	2.8903e+01
6.32379e+18	6.9988e+03	1.164e-21	2.7826e+01	1.1154e+01	8.2206e-09	6.5461e-01	3.4539e-01	3.6390e-01	6.3610e-01	7.7828e-08	2.9563e-11	8.6610e-04	9.2089e-01	7.8240e-02	9.2913e-07	7.0336e-01	2.9623e-01	4.0781e-04	1.1755e-36	1.1755e-36	1.1755e-36	1.8785e-17	0.00e+00	0.00e+00	2.9480e+01
6.32871e+18	6.9483e+03	1.115e-21	2.7826e+01	1.0814e+01	9.0058e-09	6.6600e-01	3.3400e-01	3.7091e-01	6.2909e-01	7.8152e-08	3.1264e-11	8.4361e-04	9.2353e-01	7.5626e-02	8.6386e-07	7.1393e-01	2.8570e-01	3.7342e-04	1.1755e-36	1.1755e-36	1.1755e-36	2.0528e-17	0.00e+00	0.00e+00	3.0046e+01
6.33357e+18	6.8956e+03	1.069e-21	2.7826e+01	1.0488e+01	9.8646e-09	6.7699e-01	3.2301e-01	3.7809e-01	6.2191e-01	7.8402e-08	3.3013e-11	8.2198e-04	9.2611e-01	7.3067e-02	8.0340e-07	7.2407e-01	2.7558e-01	3.4229e-04	1.1755e-36	1.1755e-36	1.1755e-36	2.2391e-17	0.00e+00	0.00e+00	3.0626e+01
6.33853e+18	6.8422e+03	1.023e-21	2.7826e+01	1.0166e+01	1.0811e-08	6.8791e-01	3.1209e-01	3.8556e-01	6.1444e-01	7.8620e-08	3.4861e-11	8.0046e-04	9.2869e-01	7.0507e-02	7.4586e-07	7.3410e-01	2.6559e-01	3.1319e-04	1.1755e-36	1.1755e-36	1.1755e-36	2.4442e-17	0.00e+00	0.00e+00	3.1233e+01
6.34360e+18	6.7827e+03	9.783e-22	2.7826e+01	9.8419e+00	1.1909e-08	6.9882e-01	3.0118e-01	3.9333e-01	6.0667e-01	7.8809e-08	3.6827e-11	7.7876e-04	9.3127e-01	6.7955e-02	6.9131e-07	7.4405e-01	2.5566e-01	2.8605e-04	1.1755e-36	1.1755e-36	1.1755e-36	2.6721e-17	0.00e+00	0.00e+00	3.1861e+01
6.34871e+18	6.7170e+03	9.346e-22	2.7826e+01	9.5199e+00	1.3168e-08	7.0946e-01	2.9054e-01	4.0127e-01	5.9873e-01	7.8974e-08	3.8859e-11	7.5712e-04	9.3379e-01	6.5453e-02	6.4032e-07	7.5376e-01	2.4598e-01	2.6115e-04	1.1755e-36	1.1755e-36	1.1755e-36	2.9182e-17	0.00e+00	0.00e+00	3.2499e+01
6.35383e+18	6.6488e+03	8.928e-22	2.7826e+01	9.2180e+00	1.4591e-08	7.2006e-01	2.7994e-01	4.0968e-01	5.9032e-01	7.8967e-08	4.1089e-11	7.3685e-04	9.3631e-01	6.2949e-02	5.9221e-07	7.6337e-01	2.3639e-01	2.3814e-04	1.1755e-36	1.1755e-36	1.1755e-36	3.2028e-17	0.00e+00	0.00e+00	3.3148e+01
6.35893e+18	6.5820e+03	8.524e-22	2.7826e+01	8.9167e+00	1.6121e-08	7.3000e-01	2.7000e-01	4.1785e-01	5.8215e-01	7.9055e-08	4.3270e-11	7.1629e-04	9.3870e-01	6.0588e-02	5.4858e-07	7.7234e-01	2.2744e-01	2.1757e-04	1.1755e-36	1.1755e-36	1.1755e-36	3.4945e-17	0.00e+00	0.00e+00	3.3797e+01
6.36406e+18	6.5137e+03	8.134e-22	2.7826e+01	8.6256e+00	1.7827e-08	7.3971e-01	2.6029e-01	4.2635e-01	5.7365e-01	7.9050e-08	4.5580e-11	6.9634e-04	9.4105e-01	5.8249e-02	5.0748e-07	7.8107e-01	2.1873e-01	1.9862e-04	1.1755e-36	1.1755e-36	1.1755e-36	3.8196e-17	0.00e+00	0.00e+00	3.4473e+01
6.36934e+18	6.4341e+03	7.749e-22	2.7826e+01	8.3325e+00	1.9927e-08	7.4953e-01	2.5047e-01	4.3533e-01	5.6467e-01	7.8932e-08	4.8139e-11	6.7629e-04	9.4342e-01	5.5900e-02	4.6824e-07	7.8985e-01	2.0997e-01	1.8085e-04	1.1755e-36	1.1755e-36	1.1755e-36	4.2028e-17	0.00e+00	0.00e+00	3.5178e+01
6.37455e+18	6.3605e+03	7.385e-22	2.7826e+01	8.0486e+00	2.2118e-08	7.5863e-01	2.4137e-01	4.4393e-01	5.5607e-01	7.8929e-08	5.0637e-11	6.5650e-04	9.4562e-01	5.3720e-02	4.3311e-07	7.9797e-01	2.0186e-01	1.6508e-04	1.1755e-36	1.1755e-36	1.1755e-36	4.5980e-17	0.00e+00	0.00e+00	3.5855e+01
6.37965e+18	6.2897e+03	7.044e-22	2.7826e+01	7.7854e+00	2.4463e-08	7.6724e-01	2.3276e-01	4.5267e-01	5.4733e-01	7.8795e-08	5.3233e-11	6.3809e-04	9.4775e-01	5.1614e-02	4.0083e-07	8.0561e-01	1.9424e-01	1.5095e-04	1.1755e-36	1.1755e-36	1.1755e-36	5.0321e-17	0.00e+00	0.00e+00	3.6546e+01
6.38489e+18	6.2036e+03	6.710e-22	2.7826e+01	7.5258e+00	2.7473e-08	7.7611e-01	2.2389e-01	4.6216e-01	5.3783e-01	7.8420e-08	5.6282e-11	6.2011e-04	9.4991e-01	4.9465e-02	3.6964e-07	8.1344e-01	1.8642e-01	1.3758e-04	1.1755e-36	1.1755e-36	1.1755e-36	5.5807e-17	0.00e+00	0.00e+00	3.7275e+01
6.39001e+18	6.1230e+03	6.400e-22	2.7826e+01	7.2786e+00	3.0660e-08	7.8432e-01	2.1568e-01	4.7115e-01	5.2885e-01	7.8140e-08	5.9339e-11	6.0271e-04	9.5190e-01	4.7500e-02	3.4210e-07	8.2069e-01	1.7918e-01	1.2581e-04	1.1755e-36	1.1755e-36	1.1755e-36	6.1693e-17	0.00e+00	0.00e+00	3.7948e+01
6.39479e+18	6.0412e+03	6.121e-22	2.7826e+01	7.0513e+00	3.4161e-08	7.9167e-01	2.0833e-01	4.7977e-01	5.2023e-01	7.7793e-08	6.2397e-11	5.8670e-04	9.5370e-01	4.5709e-02	3.1808e-07	8.2715e-01	1.7274e-01	1.1581e-04	1.1755e-36	1.1755e-36	1.1755e-36	6.8019e-17	0.00e+00	0.00e+00	3.8601e+01
6.39943e+18	5.9604e+03	5.863e-22	2.7826e+01	6.8401e+00	3.7998e-08	7.9856e-01	2.0144e-01	4.8831e-01	5.1169e-01	7.7358e-08	6.5623e-11	5.7180e-04	9.5541e-01	4.4014e-02	2.9626e-07	8.3320e-01	1.6669e-01	1.0688e-04	1.1755e-36	1.1755e-36	1.1755e-36	7.5142e-17	0.00e+00	0.00e+00	3.9243e+01
6.40399e+18	5.8725e+03	5.619e-22	2.7826e+01	6.6343e+00	4.2552e-08	8.0517e-01	1.9483e-01	4.9687e-01	5.0313e-01	7.6848e-08	6.9153e-11	5.5733e-04	9.5704e-01	4.2400e-02	2.7626e-07	8.3898e-01	1.6092e-01	9.8812e-05	1.1755e-36	1.1755e-36	1.1755e-36	8.3569e-17	0.00e+00	0.00e+00	3.9885e+01
6.40838e+18	5.7978e+03	5.393e-22	2.7826e+01	6.4469e+00	4.7009e-08	8.1123e-01	1.8877e-01	5.0497e-01	4.9503e-01	7.6395e-08	7.2671e-11	5.4388e-04	9.5854e-01	4.0915e-02	2.5840e-07	8.4427e-01	1.5564e-01	9.1646e-05	1.1755e-36	1.1755e-36	1.1755e-36	9.2440e-17	0.00e+00	0.00e+00	4.0489e+01
6.41274e+18	5.7070e+03	5.177e-22	2.7826e+01	6.2598e+00	5.2784e-08	8.1719e-01	1.8281e-01	5.1344e-01	4.8656e-01	7.5759e-08	7.6819e-11	5.3069e-04	9.6002e-01	3.9453e-02	2.4153e-07	8.4946e-01	1.5045e-01	8.5042e-05	1.1755e-36	1.1755e-36	1.1755e-36	1.0382e-16	0.00e+00	0.00e+00	4.1131e+01
6.41701e+18	5.6306e+03	4.973e-22	2.7826e+01	6.0846e+00	5.8416e-08	8.2276e-01	1.7724e-01	5.2137e-01	4.7863e-01	7.5265e-08	8.0965e-11	5.1801e-04	9.6137e-01	3.8110e-02	2.2638e-07	8.5429e-01	1.4563e-01	7.9064e-05	1.1755e-36	1.1755e-36	1.1755e-36	1.1587e-16	0.00e+00	0.00e+00	4.1722e+01
6.42118e+18	5.5397e+03	4.782e-22	2.7826e+01	5.9159e+00	6.5619e-08	8.2819e-01	1.7181e-01	5.2964e-01	4.7036e-01	7.4539e-08	8.5951e-11	5.0609e-04	9.6270e-01	3.6799e-02	2.1222e-07	8.5900e-01	1.4092e-01	7.3612e-05	1.1755e-36	1.1755e-36	1.1755e-36	1.3159e-16	0.00e+00	0.00e+00	4.2339e+01
6.42523e+18	5.4569e+03	4.604e-22	2.7826e+01	5.7566e+00	7.3084e-08	8.3326e-01	1.6674e-01	5.3738e-01	4.6262e-01	7.3917e-08	9.1124e-11	4.9464e-04	9.6390e-01	3.5601e-02	1.9957e-07	8.6339e-01	1.3654e-01	6.8712e-05	1.1755e-36	1.1755e-36	1.1755e-36	1.4905e-16	0.00e+00	0.00e+00	4.2904e+01
6.42905e+18	5.3847e+03	4.441e-22	2.7826e+01	5.6112e+00	8.0368e-08	8.3775e-01	1.6225e-01	5.4467e-01	4.5533e-01	7.3346e-08	9.6207e-11	4.8405e-04	9.6501e-01	3.4501e-02	1.8824e-07	8.6727e-01	1.3267e-01	6.4414e-05	1.1755e-36	1.1755e-36	1.1755e-36	1.6722e-16	0.00e+00	0.00e+00	4.3461e+01
6.43303e+18	5.2923e+03	4.276e-22	2.7826e+01	5.4564e+00	9.0404e-08	8.4246e-01	1.5754e-01	5.5261e-01	4.4739e-01	7.2586e-08	1.0286e-10	4.7301e-04	9.6615e-01	3.3372e-02	1.7699e-07	8.7135e-01	1.2859e-01	6.0200e-05	1.1755e-36	1.1755e-36	1.1755e-36	1.9307e-16	0.00e+00	0.00e+00	4.4078e+01
6.43699e+18	5.2084e+03	4.119e-22	2.7826e+01	5.3135e+00	1.0086e-07	8.4718e-01	1.5282e-01	5.6036e-01	4.3964e-01	7.1842e-08	1.1014e-10	4.6271e-04	9.6723e-01	3.2304e-02	1.6664e-07	8.7539e-01	1.2455e-01	5.6244e-05	1.1755e-36	1.1755e-36	1.1755e-36	2.2322e-16	0.00e+00	0.00e+00	4.4637e+01
6.44068e+18	5.1267e+03	3.977e-22	2.7826e+01	5.1804e+00	1.1201e-07	8.5134e-01	1.4866e-01	5.6761e-01	4.3239e-01	7.1122e-08	1.1776e-10	4.5312e-04	9.6821e-01	3.1339e-02	1.5753e-07	8.7897e-01	1.2098e-01	5.2834e-05	1.1755e-36	1.1755e-36	1.1755e-36	2.5725e-16	0.00e+00	0.00e+00	4.5179e+01
6.44431e+18	5.0439e+03	3.842e-22	2.7826e+01	5.0518e+00	1.2446e-07	8.5535e-01	1.4465e-01	5.7484e-01	4.2516e-01	7.0358e-08	1.2632e-10	4.4387e-04	9.6914e-01	3.0414e-02	1.4902e-07	8.8241e-01	1.1754e-01	4.9672e-05	1.1755e-36	1.1755e-36	1.1755e-36	2.9825e-16	0.00e+00	0.00e+00	4.5726e+01
6.44795e+18	4.9580e+03	3.711e-22	2.7826e+01	4.9247e+00	1.3857e-07	8.5932e-01	1.4068e-01	5.8212e-01	4.1788e-01	6.9558e-08	1.3473e-10	4.3479e-04	9.7011e-01	2.9456e-02	1.4067e-07	8.8581e-01	1.1414e-01	4.6687e-05	1.1755e-36	1.1755e-36	1.1755e-36	3.4137e-16	0.00e+00	0.00e+00	4.6276e+01
6.45156e+18	4.8716e+03	3.586e-22	2.7826e+01	4.7977e+00	1.5394e-07	8.6306e-01	1.3694e-01	5.8915e-01	4.1085e-01	6.8819e-08	1.4194e-10	4.2569e-04	9.7109e-01	2.8484e-02	1.3260e-07	8.8905e-01	1.1091e-01	4.3922e-05	1.1755e-36	1.1755e-36	1.1755e-36	3.8090e-16	0.00e+00	0.00e+00	4.6818e+01
6.45514e+18	4.7874e+03	3.464e-22	2.7826e+01	4.6770e+00	1.7036e-07	8.6678e-01	1.3322e-01	5.9621e-01	4.0379e-01	6.8032e-08	1.4941e-10	4.1705e-04	9.7204e-01	2.7542e-02	1.2505e-07	8.9220e-01	1.0776e-01	4.1341e-05	1.1755e-36	1.1755e-36	1.1755e-36	4.2422e-16	0.00e+00	0.00e+00	4.7363e+01
6.45879e+18	4.6987e+03	3.345e-22	2.7826e+01	4.5580e+00	1.8907e-07	8.7055e-01	1.2945e-01	6.0360e-01	3.9640e-01	6.7131e-08	1.5748e-10	4.0865e-04	9.7300e-01	2.6591e-02	1.1755e-36	8.9542e-01	1.0454e-01	3.8825e-05	1.1755e-36	1.1755e-36	1.1755e-36	4.7376e-16	0.00e+00	0.00e+00	4.7932e+01
6.46252e+18	4.6008e+03	3.227e-22	2.7826e+01	4.4313e+00	2.1095e-07	8.7428e-01	1.2572e-01	6.1094e-01	3.8906e-01	6.6271e-08	1.6588e-10	3.9970e-04	9.7394e-01	2.5659e-02	1.1755e-36	8.9862e-01	1.0135e-01	3.6438e-05	1.1755e-36	1.1755e-36	1.1755e-36	5.2906e-16	0.00e+00	0.00e+00	4.8508e+01
6.46621e+18	4.5061e+03	3.114e-22	2.7826e+01	4.3153e+00	2.3373e-07	8.7803e-01	1.2197e-01	6.1838e-01	3.8162e-01	6.5300e-08	1.7433e-10	3.9163e-04	9.7485e-01	2.4754e-02	1.1755e-36	9.0180e-01	9.8167e-02	3.4185e-05	1.1755e-36	1.1755e-36	1.1755e-36	5.8737e-16	0.00e+00	0.00e+00	4.9066e+01
6.46987e+18	4.4124e+03	3.005e-22	2.7826e+01	4.1993e+00	2.5703e-07	8.8155e-01	1.1845e-01	6.2566e-01	3.7434e-01	6.4380e-08	1.8211e-10	3.8351e-04	9.7573e-01	2.3887e-02	1.1755e-36	9.0479e-01	9.5173e-02	3.2099e-05	1.1755e-36	1.1755e-36	1.1755e-36	6.4372e-16	0.00e+00	0.00e+00	4.9642e+01
6.47378e+18	4.3046e+03	2.893e-22	2.7826e+01	4.0763e+00	2.8431e-07	8.8532e-01	1.1468e-01	6.3361e-01	3.6639e-01	6.3296e-08	1.9009e-10	3.7510e-04	9.7665e-01	2.2972e-02	1.1755e-36	9.0800e-01	9.1969e-02	2.9992e-05	1.1755e-36	1.1755e-36	1.1755e-36	7.0429e-16	0.00e+00	0.00e+00	5.0279e+01
6.47796e+18	4.1926e+03	2.776e-22	2.7826e+01	3.9471e+00	3.1242e-07	8.8927e-01	1.1073e-01	6.4187e-01	3.5813e-01	6.2203e-08	1.9724e-10	3.6623e-04	9.7759e-01	2.2042e-02	1.1755e-36	9.1135e-01	8.8620e-02	2.7877e-05	1.1755e-36	1.1755e-36	1.1755e-36	7.6002e-16	0.00e+00	0.00e+00	5.0945e+01
6.48247e+18	4.0691e+03	2.655e-22	2.7826e+01	3.8101e+00	3.4173e-07	8.9345e-01	1.0655e-01	6.5084e-01	3.4916e-01	6.0974e-08	2.0306e-10	3.5698e-04	9.7857e-01	2.1069e-02	1.1755e-36	9.1489e-01	8.5081e-02	2.5745e-05	1.1755e-36	1.1755e-36	1.1755e-36	8.0560e-16	0.00e+00	0.00e+00	5.1690e+01
6.48719e+18	3.9413e+03	2.534e-22	2.7826e+01	3.6693e+00	3.6868e-07	8.9774e-01	1.0226e-01	6.5988e-01	3.4012e-01	5.9760e-08	2.0646e-10	3.4753e-04	9.7954e-01	2.0113e-02	1.1755e-36	9.1852e-01	8.1452e-02	2.3679e-05	1.1755e-36	1.1755e-36	1.1755e-36	8.3027e-16	0.00e+00	0.00e+00	5.2430e+01
###########################
2.01342e+14	7.1158e+03	2.943e-21	2.7826e+01	3.0197e+01	6.1272e-14	3.0226e-03	9.9698e-01	8.3270e-03	9.7069e-01	2.0978e-02	1.6287e-17	1.2575e-04	1.3651e-01	8.5830e-01	5.0626e-03	8.0691e-04	2.6972e-01	7.2446e-01	5.0156e-03	1.1755e-36	1.1755e-36	1.5655e-25	0.00e+00	0.00e+00	2.1381e-04
1.20805e+15	7.1130e+03	2.942e-21	2.7826e+01	3.0193e+01	6.1358e-14	3.0218e-03	9.9698e-01	8.3280e-03	9.7071e-01	2.0963e-02	1.6267e-17	1.2561e-04	1.3653e-01	8.5828e-01	5.0695e-03	8.0629e-04	2.6958e-01	7.2461e-01	4.9997e-03	1.1755e-36	1.1755e-36	1.5624e-25	0.00e+00	0.00e+00	1.0688e-03
5.23488e+15	7.1064e+03	2.940e-21	2.7826e+01	3.0192e+01	6.1595e-14	3.0208e-03	9.9698e-01	8.3347e-03	9.7083e-01	2.0834e-02	1.6257e-17	1.2561e-04	1.3662e-01	8.5820e-01	5.0545e-03	8.0594e-04	2.6951e-01	7.2475e-01	4.9308e-03	1.1755e-36	1.1755e-36	1.5589e-25	0.00e+00	0.00e+00	4.4878e-03
2.13422e+16	7.0934e+03	2.929e-21	2.7826e+01	3.0190e+01	6.2100e-14	3.0193e-03	9.9698e-01	8.3603e-03	9.7147e-01	2.0174e-02	1.6267e-17	1.2589e-04	1.3693e-01	8.5794e-01	5.0003e-03	8.0646e-04	2.6961e-01	7.2492e-01	4.6624e-03	1.1755e-36	1.1755e-36	1.5537e-25	0.00e+00	0.00e+00	1.8157e-02
5.09797e+16	7.0349e+03	2.896e-21	2.7826e+01	3.0190e+01	6.3298e-14	2.9895e-03	9.9701e-01	8.3913e-03	9.7185e-01	1.9758e-02	1.5888e-17	1.2554e-04	1.3737e-01	8.5756e-01	4.9483e-03	7.9697e-04	2.6881e-01	7.2608e-01	4.3161e-03	1.1755e-36	1.1755e-36	1.4872e-25	0.00e+00	0.00e+00	3.5751e-02
8.95085e+16	6.9750e+03	2.862e-21	2.7826e+01	3.0188e+01	6.4796e-14	2.9650e-03	9.9704e-01	8.4380e-03	9.7291e-01	1.8655e-02	1.5603e-17	1.2550e-04	1.3795e-01	8.5707e-01	4.8520e-03	7.9068e-04	2.6852e-01	7.2681e-01	3.8826e-03	1.1755e-36	1.1755e-36	1.4322e-25	0.00e+00	0.00e+00	5.8436e-02
1.39596e+17	6.9110e+03	2.826e-21	2.7826e+01	3.0185e+01	6.6699e-14	2.9444e-03	9.9706e-01	8.5037e-03	9.7460e-01	1.6894e-02	1.5392e-17	1.2582e-04	1.3873e-01	8.5643e-01	4.7117e-03	7.8767e-04	2.6886e-01	7.2698e-01	3.3649e-03	1.1755e-36	1.1755e-36	1.3837e-25	0.00e+00	0.00e+00	8.7721e-02
2.04709e+17	6.8411e+03	2.787e-21	2.7826e+01	3.0180e+01	6.9215e-14	2.9288e-03	9.9707e-01	8.5929e-03	9.7691e-01	1.4498e-02	1.5285e-17	1.2649e-04	1.3979e-01	8.5556e-01	4.5270e-03	7.8904e-04	2.7008e-01	7.2636e-01	2.7768e-03	1.1755e-36	1.1755e-36	1.3440e-25	0.00e+00	0.00e+00	1.2559e-01
2.89357e+17	6.7641e+03	2.748e-21	2.7826e+01	3.0172e+01	7.2598e-14	2.9194e-03	9.9708e-01	8.7007e-03	9.7970e-01	1.1597e-02	1.5144e-17	1.2750e-04	1.4105e-01	8.5452e-01	4.3039e-03	7.8755e-04	2.6962e-01	7.2743e-01	2.1583e-03	1.1755e-36	1.1755e-36	1.3027e-25	0.00e+00	0.00e+00	1.7466e-01
3.99399e+17	6.6842e+03	2.702e-21	2.7826e+01	3.0164e+01	7.6954e-14	2.9225e-03	9.9708e-01	8.8565e-03	9.8267e-01	8.4749e-03	1.5448e-17	1.2949e-04	1.4298e-01	8.5283e-01	4.0534e-03	8.0522e-04	2.7422e-01	7.2343e-01	1.5360e-03	1.1755e-36	1.1755e-36	1.2969e-25	0.00e+00	0.00e+00	2.3853e-01
5.42454e+17	6.6021e+03	2.655e-21	2.7826e+01	3.0156e+01	8.2809e-14	2.9425e-03	9.9706e-01	9.0577e-03	9.8542e-01	5.5260e-03	1.6089e-17	1.3257e-04	1.4558e-01	8.5049e-01	3.7938e-03	8.3480e-04	2.8086e-01	7.1732e-01	9.8316e-04	1.1755e-36	1.1755e-36	1.3191e-25	0.00e+00	0.00e+00	3.2211e-01
7.28424e+17	6.5219e+03	2.609e-21	2.7826e+01	3.0148e+01	9.0613e-14	2.9882e-03	9.9701e-01	9.3177e-03	9.8755e-01	3.1326e-03	1.7208e-17	1.3724e-04	1.4905e-01	8.4727e-01	3.5410e-03	8.7999e-04	2.8959e-01	7.0897e-01	5.5129e-04	1.1755e-36	1.1755e-36	1.3804e-25	0.00e+00	0.00e+00	4.3247e-01
9.70187e+17	6.4477e+03	2.568e-21	2.7826e+01	3.0142e+01	1.0154e-13	3.0754e-03	9.9692e-01	9.6652e-03	9.8883e-01	1.5021e-03	1.9124e-17	1.4421e-04	1.5377e-01	8.4279e-01	3.2989e-03	9.4814e-04	3.0070e-01	6.9809e-01	2.6294e-04	1.1755e-36	1.1755e-36	1.5099e-25	0.00e+00	0.00e+00	5.8012e-01
1.28448e+18	6.4009e+03	2.532e-21	2.7826e+01	3.0134e+01	1.1567e-13	3.2245e-03	9.9678e-01	1.0133e-02	9.8927e-01	5.9419e-04	2.2398e-17	1.5505e-04	1.6018e-01	8.3661e-01	3.0625e-03	1.0525e-03	3.1511e-01	6.8374e-01	1.0347e-04	1.1755e-36	1.1755e-36	1.7607e-25	0.00e+00	0.00e+00	7.8137e-01
1.69306e+18	6.3912e+03	2.510e-21	2.7826e+01	3.0123e+01	1.3598e-13	3.4829e-03	9.9652e-01	1.0813e-02	9.8900e-01	1.8992e-04	2.8560e-17	1.7208e-04	1.6933e-01	8.2769e-01	2.8072e-03	1.2239e-03	3.3490e-01	6.6384e-01	3.2625e-05	1.1755e-36	1.1755e-36	2.2814e-25	0.00e+00	0.00e+00	1.0640e+00
2.16794e+18	6.4348e+03	2.505e-21	2.7826e+01	3.0110e+01	1.6182e-13	3.8678e-03	9.9613e-01	1.1694e-02	9.8825e-01	5.4995e-05	3.9149e-17	1.9579e-04	1.8091e-01	8.1635e-01	2.5433e-03	1.4827e-03	3.6010e-01	6.3841e-01	9.2331e-06	1.1755e-36	1.1755e-36	3.2606e-25	0.00e+00	0.00e+00	1.3955e+00
2.60715e+18	6.5358e+03	2.523e-21	2.7826e+01	3.0094e+01	1.8834e-13	4.3416e-03	9.9566e-01	1.2633e-02	9.8735e-01	1.9582e-05	5.4793e-17	2.2273e-04	1.9285e-01	8.0461e-01	2.3132e-03	1.8117e-03	3.8688e-01	6.1131e-01	3.1321e-06	1.1755e-36	1.1755e-36	4.8729e-25	0.00e+00	0.00e+00	1.6933e+00
2.94732e+18	6.6571e+03	2.554e-21	2.7826e+01	3.0077e+01	2.1344e-13	4.8329e-03	9.9517e-01	1.3520e-02	9.8647e-01	9.6564e-06	7.4859e-17	2.4904e-04	2.0374e-01	7.9388e-01	2.1319e-03	2.1688e-03	4.1167e-01	5.8616e-01	1.4365e-06	1.1755e-36	1.1755e-36	7.1493e-25	0.00e+00	0.00e+00	1.9394e+00
3.21172e+18	6.7715e+03	2.588e-21	2.7826e+01	3.0060e+01	2.3893e-13	5.3195e-03	9.9468e-01	1.4369e-02	9.8562e-01	5.8191e-06	9.9395e-17	2.7403e-04	2.1380e-01	7.8394e-01	1.9823e-03	2.5417e-03	4.3448e-01	5.6298e-01	7.9858e-07	1.1755e-36	1.1755e-36	1.0142e-24	0.00e+00	0.00e+00	2.1627e+00
3.44385e+18	6.8822e+03	2.624e-21	2.7826e+01	3.0044e+01	2.6841e-13	5.8439e-03	9.9416e-01	1.5253e-02	9.8474e-01	3.8108e-06	1.3180e-16	3.0028e-04	2.2412e-01	7.7374e-01	1.8422e-03	2.9656e-03	4.5767e-01	5.3936e-01	4.7819e-07	1.1755e-36	1.1755e-36	1.4359e-24	0.00e+00	0.00e+00	2.3940e+00
3.66604e+18	6.9966e+03	2.664e-21	2.7826e+01	3.0024e+01	3.0473e-13	6.4517e-03	9.9355e-01	1.6255e-02	9.8374e-01	2.5888e-06	1.7751e-16	3.2954e-04	2.3543e-01	7.6254e-01	1.7014e-03	3.4825e-03	4.8280e-01	5.1372e-01	2.9309e-07	1.1755e-36	1.1755e-36	2.0719e-24	0.00e+00	0.00e+00	2.6423e+00
3.87756e+18	7.1138e+03	2.709e-21	2.7826e+01	3.0002e+01	3.4948e-13	7.1553e-03	9.9284e-01	1.7379e-02	9.8262e-01	1.8243e-06	2.4213e-16	3.6185e-04	2.4769e-01	7.5038e-01	1.5614e-03	4.1116e-03	5.0975e-01	4.8614e-01	1.8384e-07	1.1755e-36	1.1755e-36	3.0376e-24	0.00e+00	0.00e+00	2.8987e+00
4.07139e+18	7.2272e+03	2.756e-21	2.7826e+01	2.9977e+01	4.0345e-13	7.9430e-03	9.9206e-01	1.8599e-02	9.8140e-01	1.3424e-06	3.3074e-16	3.9622e-04	2.6055e-01	7.3763e-01	1.4272e-03	4.8508e-03	5.3745e-01	4.5770e-01	1.1755e-36	1.1755e-36	1.1755e-36	4.4599e-24	0.00e+00	0.00e+00	3.1550e+00
4.24681e+18	7.3333e+03	2.803e-21	2.7826e+01	2.9949e+01	4.6829e-13	8.8117e-03	9.9119e-01	1.9910e-02	9.8009e-01	1.0262e-06	4.5037e-16	4.3220e-04	2.7388e-01	7.2438e-01	1.3002e-03	5.7037e-03	5.6532e-01	4.2897e-01	1.1755e-36	1.1755e-36	1.1755e-36	6.5191e-24	0.00e+00	0.00e+00	3.4138e+00
4.40873e+18	7.4327e+03	2.852e-21	2.7826e+01	2.9918e+01	5.4810e-13	9.7852e-03	9.9021e-01	2.1347e-02	9.7865e-01	8.0583e-07	6.1443e-16	4.7043e-04	2.8794e-01	7.1041e-01	1.1784e-03	6.7001e-03	5.9357e-01	3.9973e-01	1.1755e-36	1.1755e-36	1.1755e-36	9.5475e-24	0.00e+00	0.00e+00	3.6831e+00
4.56170e+18	7.5268e+03	2.901e-21	2.7826e+01	2.9883e+01	6.4898e-13	1.0903e-02	9.8910e-01	2.2957e-02	9.7704e-01	6.4451e-07	8.4479e-16	5.1182e-04	3.0308e-01	6.9534e-01	1.0597e-03	7.8885e-03	6.2253e-01	3.6958e-01	1.1755e-36	1.1755e-36	1.1755e-36	1.4110e-23	0.00e+00	0.00e+00	3.9690e+00
4.69213e+18	7.6116e+03	2.949e-21	2.7826e+01	2.9849e+01	7.6067e-13	1.2056e-02	9.8794e-01	2.4536e-02	9.7546e-01	5.3880e-07	1.1298e-15	5.5147e-04	3.1741e-01	6.8108e-01	9.5781e-04	9.1506e-03	6.4877e-01	3.4208e-01	1.1755e-36	1.1755e-36	1.1755e-36	2.0195e-23	0.00e+00	0.00e+00	4.2054e+00
4.79508e+18	7.6735e+03	2.990e-21	2.7826e+01	2.9811e+01	8.7778e-13	1.3141e-02	9.8686e-01	2.6031e-02	9.7397e-01	4.6733e-07	1.4476e-15	5.8675e-04	3.3025e-01	6.6829e-01	8.7496e-04	1.0370e-02	6.7075e-01	3.1889e-01	1.1755e-36	1.1755e-36	1.1755e-36	2.7372e-23	0.00e+00	0.00e+00	4.4231e+00
4.90350e+18	7.7334e+03	3.031e-21	2.7826e+01	2.9773e+01	1.0406e-12	1.4488e-02	9.8551e-01	2.7867e-02	9.7213e-01	3.9907e-07	1.9206e-15	6.2914e-04	3.4560e-01	6.5298e-01	7.8495e-04	1.1922e-02	6.9507e-01	2.9301e-01	1.1755e-36	1.1755e-36	1.1755e-36	3.8679e-23	0.00e+00	0.00e+00	4.7351e+00
5.02116e+18	7.8033e+03	3.082e-21	2.7826e+01	2.9733e+01	1.2693e-12	1.6236e-02	9.8376e-01	3.0119e-02	9.6988e-01	3.4016e-07	2.6550e-15	6.7863e-04	3.6364e-01	6.3499e-01	6.8995e-04	1.3974e-02	7.2189e-01	2.6414e-01	1.1755e-36	1.1755e-36	1.1755e-36	5.7718e-23	0.00e+00	0.00e+00	5.0567e+00
5.12380e+18	7.8467e+03	3.132e-21	2.7826e+01	2.9656e+01	1.5573e-12	1.8135e-02	9.8187e-01	3.2580e-02	9.6742e-01	2.9645e-07	3.6056e-15	7.2870e-04	3.8170e-01	6.1697e-01	6.0642e-04	1.6237e-02	7.4592e-01	2.3784e-01	1.1755e-36	1.1755e-36	1.1755e-36	8.3973e-23	0.00e+00	0.00e+00	5.3515e+00
5.21204e+18	7.8883e+03	3.176e-21	2.7826e+01	2.9601e+01	1.8871e-12	2.0108e-02	9.7989e-01	3.5013e-02	9.6499e-01	2.6347e-07	4.7964e-15	7.7677e-04	3.9904e-01	5.9965e-01	5.3505e-04	1.8626e-02	7.6686e-01	2.1451e-01	1.1755e-36	1.1755e-36	1.1755e-36	1.1950e-22	0.00e+00	0.00e+00	5.6480e+00
5.30854e+18	7.9296e+03	3.221e-21	2.7826e+01	2.9526e+01	2.3783e-12	2.2711e-02	9.7729e-01	3.8203e-02	9.6180e-01	2.3010e-07	6.7038e-15	8.3535e-04	4.2042e-01	5.7829e-01	4.5815e-04	2.1820e-02	7.8955e-01	1.8863e-01	1.1755e-36	1.1755e-36	1.1755e-36	1.8072e-22	0.00e+00	0.00e+00	6.0833e+00
5.41266e+18	7.9744e+03	3.276e-21	2.7826e+01	2.9444e+01	3.1448e-12	2.6267e-02	9.7373e-01	4.2287e-02	9.5771e-01	2.0063e-07	9.9252e-15	9.0507e-04	4.4592e-01	5.5279e-01	3.7922e-04	2.6216e-02	8.1302e-01	1.6076e-01	1.1755e-36	1.1755e-36	1.1755e-36	2.9543e-22	0.00e+00	0.00e+00	6.5408e+00
5.50332e+18	7.9945e+03	3.326e-21	2.7826e+01	2.9291e+01	4.1875e-12	3.0325e-02	9.6968e-01	4.6848e-02	9.5315e-01	1.7808e-07	1.4450e-14	9.7398e-04	4.7147e-01	5.2725e-01	3.1289e-04	3.1257e-02	8.3226e-01	1.3648e-01	1.1755e-36	1.1755e-36	1.1755e-36	4.7198e-22	0.00e+00	0.00e+00	6.9786e+00
5.58347e+18	8.0193e+03	3.365e-21	2.7826e+01	2.9141e+01	5.5354e-12	3.4894e-02	9.6511e-01	5.1809e-02	9.4819e-01	1.5997e-07	2.0815e-14	1.0413e-03	4.9689e-01	5.0182e-01	2.5730e-04	3.6961e-02	8.4767e-01	1.1537e-01	1.1755e-36	1.1755e-36	1.1755e-36	7.4819e-22	0.00e+00	0.00e+00	7.4576e+00
5.65821e+18	8.0157e+03	3.409e-21	2.7826e+01	2.8973e+01	7.5489e-12	4.0459e-02	9.5954e-01	5.7565e-02	9.4243e-01	1.4448e-07	3.0400e-14	1.1119e-03	5.2374e-01	4.7494e-01	2.0820e-04	4.3899e-02	8.5988e-01	9.6220e-02	1.1755e-36	1.1755e-36	1.1755e-36	1.2094e-21	0.00e+00	0.00e+00	7.9647e+00
5.72455e+18	8.0126e+03	3.448e-21	2.7826e+01	2.8830e+01	1.0307e-11	4.6947e-02	9.5305e-01	6.3820e-02	9.3618e-01	1.3213e-07	4.4307e-14	1.1827e-03	5.5061e-01	4.4804e-01	1.6734e-04	5.1973e-02	8.6830e-01	7.9722e-02	1.1755e-36	1.1755e-36	1.1755e-36	1.9614e-21	0.00e+00	0.00e+00	8.4708e+00
5.78126e+18	8.0076e+03	3.476e-21	2.7826e+01	2.8639e+01	1.3875e-11	5.4065e-02	9.4594e-01	7.0359e-02	9.2964e-01	1.2238e-07	6.2984e-14	1.2461e-03	5.7577e-01	4.2285e-01	1.3532e-04	6.0810e-02	8.7288e-01	6.6312e-02	1.1755e-36	1.1755e-36	1.1755e-36	3.0921e-21	0.00e+00	0.00e+00	8.9652e+00
5.83058e+18	7.9985e+03	3.493e-21	2.7826e+01	2.8416e+01	1.8511e-11	6.1903e-02	9.3810e-01	7.7242e-02	9.2276e-01	1.1435e-07	8.7936e-14	1.3034e-03	5.9962e-01	3.9897e-01	1.0982e-04	7.0506e-02	8.7420e-01	5.5297e-02	1.1755e-36	1.1755e-36	1.1755e-36	4.7776e-21	0.00e+00	0.00e+00	9.4719e+00
5.87553e+18	7.9869e+03	3.502e-21	2.7826e+01	2.8161e+01	2.4761e-11	7.0898e-02	9.2910e-01	8.4758e-02	9.1524e-01	1.0737e-07	1.2247e-13	1.3573e-03	6.2312e-01	3.7544e-01	8.8655e-05	8.1581e-02	8.7254e-01	4.5875e-02	1.1755e-36	1.1755e-36	1.1755e-36	7.3845e-21	0.00e+00	0.00e+00	1.0011e+01
5.91710e+18	7.9734e+03	3.502e-21	2.7826e+01	2.7863e+01	3.3360e-11	8.1403e-02	9.1860e-01	9.3046e-02	9.0695e-01	1.0126e-07	1.7109e-13	1.4073e-03	6.4644e-01	3.5209e-01	7.0988e-05	9.4442e-02	8.6781e-01	3.7747e-02	1.1755e-36	1.1755e-36	1.1755e-36	1.1505e-20	0.00e+00	0.00e+00	1.0581e+01
5.95488e+18	7.9663e+03	3.476e-21	2.7826e+01	2.7395e+01	4.4451e-11	9.3035e-02	9.0696e-01	1.0185e-01	8.9815e-01	9.6037e-08	2.3461e-13	1.4423e-03	6.6796e-01	3.3054e-01	5.7055e-05	1.0860e-01	8.6035e-01	3.1046e-02	1.1755e-36	1.1755e-36	1.1755e-36	1.7522e-20	0.00e+00	0.00e+00	1.1165e+01
5.98939e+18	7.9464e+03	3.458e-21	2.7826e+01	2.7038e+01	6.0325e-11	1.0690e-01	8.9310e-01	1.1149e-01	8.8851e-01	9.1475e-08	3.2719e-13	1.4827e-03	6.9011e-01	3.0836e-01	4.5238e-05	1.2535e-01	8.4938e-01	2.5273e-02	1.1755e-36	1.1755e-36	1.1755e-36	2.7457e-20	0.00e+00	0.00e+00	1.1791e+01
6.02064e+18	7.9316e+03	3.422e-21	2.7826e+01	2.6590e+01	8.1380e-11	1.2255e-01	8.7745e-01	1.2167e-01	8.7833e-01	8.7633e-08	4.5211e-13	1.5126e-03	7.1083e-01	2.8762e-01	3.5897e-05	1.4408e-01	8.3540e-01	2.0519e-02	1.1755e-36	1.1755e-36	1.1755e-36	4.2668e-20	0.00e+00	0.00e+00	1.2419e+01
6.04823e+18	7.9166e+03	3.373e-21	2.7826e+01	2.6092e+01	1.0863e-10	1.3963e-01	8.6037e-01	1.3212e-01	8.6788e-01	8.4401e-08	6.1519e-13	1.5335e-03	7.2988e-01	2.6856e-01	2.8665e-05	1.6436e-01	8.1893e-01	1.6712e-02	1.1755e-36	1.1755e-36	1.1755e-36	6.5166e-20	0.00e+00	0.00e+00	1.3057e+01
6.07327e+18	7.8991e+03	3.311e-21	2.7826e+01	2.5546e+01	1.4447e-10	1.5856e-01	8.4144e-01	1.4307e-01	8.5693e-01	8.1590e-08	8.3032e-13	1.5468e-03	7.4782e-01	2.5061e-01	2.2924e-05	1.8662e-01	7.9978e-01	1.3598e-02	1.1755e-36	1.1755e-36	1.1755e-36	9.8745e-20	0.00e+00	0.00e+00	1.3728e+01
6.09661e+18	7.8786e+03	3.231e-21	2.7826e+01	2.4891e+01	1.9222e-10	1.7968e-01	8.2032e-01	1.5455e-01	8.4545e-01	7.9205e-08	1.1136e-12	1.5492e-03	7.6469e-01	2.3374e-01	1.8330e-05	2.1120e-01	7.7778e-01	1.1020e-02	1.1755e-36	1.1755e-36	1.1755e-36	1.4872e-19	0.00e+00	0.00e+00	1.4441e+01
6.11857e+18	7.8565e+03	3.142e-21	2.7826e+01	2.4233e+01	2.5753e-10	2.0401e-01	7.9599e-01	1.6699e-01	8.3301e-01	7.7059e-08	1.5053e-12	1.5480e-03	7.8135e-01	2.1709e-01	1.4537e-05	2.3918e-01	7.5198e-01	8.8389e-03	1.1755e-36	1.1755e-36	1.1755e-36	2.2755e-19	0.00e+00	0.00e+00	1.5205e+01
6.13889e+18	7.8324e+03	3.034e-21	2.7826e+01	2.3467e+01	3.4388e-10	2.3072e-01	7.6928e-01	1.7972e-01	8.2028e-01	7.5407e-08	2.0154e-12	1.5348e-03	7.9668e-01	2.0177e-01	1.1568e-05	2.6952e-01	7.2341e-01	7.0717e-03	1.1755e-36	1.1755e-36	1.1755e-36	3.4466e-19	0.00e+00	0.00e+00	1.5988e+01
6.15745e+18	7.8107e+03	2.905e-21	2.7826e+01	2.2571e+01	4.5162e-10	2.5855e-01	7.4145e-01	1.9223e-01	8.0777e-01	7.4256e-08	2.6353e-12	1.5074e-03	8.1020e-01	1.8828e-01	9.3176e-06	3.0071e-01	6.9361e-01	5.6861e-03	1.1755e-36	1.1755e-36	1.1755e-36	5.0580e-19	0.00e+00	0.00e+00	1.6797e+01
6.17510e+18	7.7776e+03	2.770e-21	2.7826e+01	2.1676e+01	5.9784e-10	2.8953e-01	7.1047e-01	2.0565e-01	7.9435e-01	7.3256e-08	3.4595e-12	1.4771e-03	8.2355e-01	1.7496e-01	7.4647e-06	3.3492e-01	6.6054e-01	4.5347e-03	1.1755e-36	1.1755e-36	1.1755e-36	7.4926e-19	0.00e+00	0.00e+00	1.7687e+01
6.19214e+18	7.7398e+03	2.620e-21	2.7826e+01	2.0696e+01	7.9426e-10	3.2361e-01	6.7639e-01	2.1963e-01	7.8037e-01	7.2641e-08	4.5339e-12	1.4373e-03	8.3625e-01	1.6230e-01	5.9670e-06	3.7199e-01	6.2443e-01	3.5843e-03	1.1755e-36	1.1755e-36	1.1755e-36	1.1114e-18	0.00e+00	0.00e+00	1.8630e+01
6.20744e+18	7.6986e+03	2.469e-21	2.7826e+01	1.9710e+01	1.0374e-09	3.5808e-01	6.4192e-01	2.3293e-01	7.6707e-01	7.2482e-08	5.8130e-12	1.3913e-03	8.4737e-01	1.5123e-01	4.8443e-06	4.0887e-01	5.8828e-01	2.8579e-03	1.1755e-36	1.1755e-36	1.1755e-36	1.6026e-18	0.00e+00	0.00e+00	1.9511e+01
6.22004e+18	7.6550e+03	2.337e-21	2.7826e+01	1.8861e+01	1.3079e-09	3.8942e-01	6.1058e-01	2.4484e-01	7.5516e-01	7.2442e-08	7.1851e-12	1.3501e-03	8.5656e-01	1.4208e-01	4.0514e-06	4.4188e-01	5.5577e-01	2.3436e-03	1.1755e-36	1.1755e-36	1.1755e-36	2.1972e-18	0.00e+00	0.00e+00	2.0277e+01
6.23061e+18	7.6309e+03	2.211e-21	2.7826e+01	1.8047e+01	1.5637e-09	4.1562e-01	5.8438e-01	2.5459e-01	7.4541e-01	7.2922e-08	8.4497e-12	1.3055e-03	8.6368e-01	1.3502e-01	3.5011e-06	4.6911e-01	5.2891e-01	1.9820e-03	1.1755e-36	1.1755e-36	1.1755e-36	2.7981e-18	0.00e+00	0.00e+00	2.1004e+01
6.24000e+18	7.5834e+03	2.102e-21	2.7826e+01	1.7340e+01	1.8678e-09	4.4058e-01	5.5942e-01	2.6418e-01	7.3582e-01	7.3172e-08	9.8253e-12	1.2672e-03	8.7023e-01	1.2850e-01	3.0586e-06	4.9477e-01	5.0353e-01	1.6977e-03	1.1755e-36	1.1755e-36	1.1755e-36	3.5067e-18	0.00e+00	0.00e+00	2.1687e+01
6.24874e+18	7.5389e+03	1.998e-21	2.7826e+01	1.6682e+01	2.2010e-09	4.6439e-01	5.3561e-01	2.7369e-01	7.2631e-01	7.3387e-08	1.1297e-11	1.2304e-03	8.7635e-01	1.2242e-01	2.6900e-06	5.1898e-01	4.7956e-01	1.4640e-03	1.1755e-36	1.1755e-36	1.1755e-36	4.3279e-18	0.00e+00	0.00e+00	2.2393e+01
6.25746e+18	7.4940e+03	1.891e-21	2.7826e+01	1.5999e+01	2.5851e-09	4.8822e-01	5.1178e-01	2.8329e-01	7.1671e-01	7.3799e-08	1.2914e-11	1.1908e-03	8.8224e-01	1.1657e-01	2.3677e-06	5.4293e-01	4.5581e-01	1.2606e-03	1.1755e-36	1.1755e-36	1.1755e-36	5.2976e-18	0.00e+00	0.00e+00	2.3146e+01
6.26596e+18	7.4448e+03	1.787e-21	2.7826e+01	1.5319e+01	3.0284e-09	5.1170e-01	4.8830e-01	2.9277e-01	7.0723e-01	7.4339e-08	1.4665e-11	1.1503e-03	8.8777e-01	1.1108e-01	2.0916e-06	5.6629e-01	4.3262e-01	1.0871e-03	1.1755e-36	1.1755e-36	1.1755e-36	6.4272e-18	0.00e+00	0.00e+00	2.3885e+01
6.27378e+18	7.3974e+03	1.692e-21	2.7826e+01	1.4691e+01	3.4972e-09	5.3321e-01	4.6679e-01	3.0164e-01	6.9836e-01	7.4946e-08	1.6418e-11	1.1118e-03	8.9270e-01	1.0618e-01	1.8669e-06	5.8747e-01	4.1158e-01	9.4748e-04	1.1755e-36	1.1755e-36	1.1755e-36	7.6373e-18	0.00e+00	0.00e+00	2.4580e+01
6.27973e+18	7.3755e+03	1.620e-21	2.7826e+01	1.4205e+01	3.8495e-09	5.4887e-01	4.5113e-01	3.0766e-01	6.9234e-01	7.5735e-08	1.7752e-11	1.0805e-03	8.9600e-01	1.0291e-01	1.7221e-06	6.0274e-01	3.9640e-01	8.5519e-04	1.1755e-36	1.1755e-36	1.1755e-36	8.6166e-18	0.00e+00	0.00e+00	2.5013e+01
6.28381e+18	7.3450e+03	1.573e-21	2.7826e+01	1.3894e+01	4.1518e-09	5.5980e-01	4.4020e-01	3.1261e-01	6.8739e-01	7.6034e-08	1.8781e-11	1.0614e-03	8.9854e-01	1.0040e-01	1.6230e-06	6.1336e-01	3.8584e-01	7.9616e-04	1.1755e-36	1.1755e-36	1.1755e-36	9.3944e-18	0.00e+00	0.00e+00	2.5374e+01
6.28777e+18	7.3037e+03	1.527e-21	2.7826e+01	1.3590e+01	4.5022e-09	5.7048e-01	4.2952e-01	3.1792e-01	6.8207e-01	7.6166e-08	1.9846e-11	1.0429e-03	9.0114e-01	9.7816e-02	1.5283e-06	6.2370e-01	3.7556e-01	7.4200e-04	1.1755e-36	1.1755e-36	1.1755e-36	1.0214e-17	0.00e+00	0.00e+00	2.5800e+01
6.29239e+18	7.2655e+03	1.473e-21	2.7826e+01	1.3249e+01	4.9106e-09	5.8278e-01	4.1722e-01	3.2418e-01	6.7582e-01	7.6321e-08	2.1143e-11	1.0217e-03	9.0411e-01	9.4864e-02	1.4246e-06	6.3553e-01	3.6379e-01	6.8286e-04	1.1755e-36	1.1755e-36	1.1755e-36	1.1257e-17	0.00e+00	0.00e+00	2.6311e+01
6.29742e+18	7.2228e+03	1.416e-21	2.7826e+01	1.2870e+01	5.3939e-09	5.9593e-01	4.0407e-01	3.3077e-01	6.6923e-01	7.6632e-08	2.2585e-11	9.9765e-04	9.0717e-01	9.1828e-02	1.3220e-06	6.4810e-01	3.5127e-01	6.2410e-04	1.1755e-36	1.1755e-36	1.1755e-36	1.2463e-17	0.00e+00	0.00e+00	2.6842e+01
6.30236e+18	7.1812e+03	1.361e-21	2.7826e+01	1.2498e+01	5.9040e-09	6.0852e-01	3.9148e-01	3.3716e-01	6.6284e-01	7.7019e-08	2.4031e-11	9.7364e-04	9.1006e-01	8.8969e-02	1.2298e-06	6.6008e-01	3.3935e-01	5.7160e-04	1.1755e-36	1.1755e-36	1.1755e-36	1.3719e-17	0.00e+00	0.00e+00	2.7355e+01
6.30710e+18	7.1401e+03	1.310e-21	2.7826e+01	1.2148e+01	6.4362e-09	6.2041e-01	3.7959e-01	3.4349e-01	6.5651e-01	7.7365e-08	2.5479e-11	9.5095e-04	9.1280e-01	8.6244e-02	1.1468e-06	6.7132e-01	3.2815e-01	5.2519e-04	1.1755e-36	1.1755e-36	1.1755e-36	1.5022e-17	0.00e+00	0.00e+00	2.7866e+01
6.31184e+18	7.0980e+03	1.259e-21	2.7826e+01	1.1807e+01	7.0127e-09	6.3207e-01	3.6793e-01	3.5000e-01	6.5000e-01	7.7680e-08	2.6983e-11	9.2864e-04	9.1553e-01	8.3544e-02	1.0689e-06	6.8230e-01	3.1722e-01	4.8246e-04	1.1755e-36	1.1755e-36	1.1755e-36	1.6426e-17	0.00e+00	0.00e+00	2.8398e+01
6.31670e+18	7.0507e+03	1.209e-21	2.7826e+01	1.1457e+01	7.6714e-09	6.4378e-01	3.5622e-01	3.5676e-01	6.4324e-01	7.7993e-08	2.8567e-11	9.0571e-04	9.1825e-01	8.0843e-02	9.9478e-07	6.9325e-01	3.0631e-01	4.4238e-04	1.1755e-36	1.1755e-36	1.1755e-36	1.7957e-17	0.00e+00	0.00e+00	2.8955e+01
6.32165e+18	6.9980e+03	1.159e-21	2.7826e+01	1.1110e+01	8.4256e-09	6.5554e-01	3.4446e-01	3.6383e-01	6.3617e-01	7.8288e-08	3.0261e-11	8.8276e-04	9.2099e-01	7.8124e-02	9.2400e-07	7.0422e-01	2.9537e-01	4.0478e-04	1.1755e-36	1.1755e-36	1.1755e-36	1.9658e-17	0.00e+00	0.00e+00	2.9528e+01
6.32661e+18	6.9431e+03	1.111e-21	2.7826e+01	1.0781e+01	9.2674e-09	6.6729e-01	3.3271e-01	3.7127e-01	6.2873e-01	7.8463e-08	3.2095e-11	8.6088e-04	9.2373e-01	7.5403e-02	8.5726e-07	7.1511e-01	2.8452e-01	3.6997e-04	1.1755e-36	1.1755e-36	1.1755e-36	2.1587e-17	0.00e+00	0.00e+00	3.0108e+01
6.33150e+18	6.8902e+03	1.065e-21	2.7826e+01	1.0452e+01	1.0148e-08	6.7827e-01	3.2173e-01	3.7842e-01	6.2158e-01	7.8742e-08	3.3865e-11	8.3874e-04	9.2630e-01	7.2857e-02	7.9727e-07	7.2525e-01	2.7441e-01	3.3904e-04	1.1755e-36	1.1755e-36	1.1755e-36	2.3513e-17	0.00e+00	0.00e+00	3.0684e+01
6.33640e+18	6.8358e+03	1.020e-21	2.7826e+01	1.0134e+01	1.1117e-08	6.8903e-01	3.1097e-01	3.8586e-01	6.1414e-01	7.8945e-08	3.5720e-11	8.1723e-04	9.2886e-01	7.0324e-02	7.4072e-07	7.3513e-01	2.6456e-01	3.1054e-04	1.1755e-36	1.1755e-36	1.1755e-36	2.5616e-17	0.00e+00	0.00e+00	3.1286e+01
6.34145e+18	6.7773e+03	9.748e-22	2.7826e+01	9.8121e+00	1.2223e-08	6.9980e-01	3.0020e-01	3.9361e-01	6.0639e-01	7.9132e-08	3.7686e-11	7.9539e-04	9.3142e-01	6.7787e-02	6.8676e-07	7.4496e-01	2.5476e-01	2.8378e-04	1.1755e-36	1.1755e-36	1.1755e-36	2.7939e-17	0.00e+00	0.00e+00	3.1916e+01
6.34659e+18	6.7118e+03	9.309e-22	2.7826e+01	9.4909e+00	1.3513e-08	7.1050e-01	2.8950e-01	4.0166e-01	5.9834e-01	7.9279e-08	3.9771e-11	7.7340e-04	9.3396e-01	6.5265e-02	6.3570e-07	7.5470e-01	2.4504e-01	2.5890e-04	1.1755e-36	1.1755e-36	1.1755e-36	3.0516e-17	0.00e+00	0.00e+00	3.2561e+01
6.35176e+18	6.6429e+03	8.889e-22	2.7826e+01	9.1873e+00	1.4981e-08	7.2115e-01	2.7885e-01	4.1015e-01	5.8985e-01	7.9269e-08	4.2052e-11	7.5256e-04	9.3650e-01	6.2749e-02	5.8759e-07	7.6435e-01	2.3541e-01	2.3593e-04	1.1755e-36	1.1755e-36	1.1755e-36	3.3492e-17	0.00e+00	0.00e+00	3.3215e+01
6.35686e+18	6.5756e+03	8.487e-22	2.7826e+01	8.8864e+00	1.6552e-08	7.3106e-01	2.6894e-01	4.1835e-01	5.8165e-01	7.9353e-08	4.4265e-11	7.3165e-04	9.3888e-01	6.0392e-02	5.4429e-07	7.7329e-01	2.2649e-01	2.1554e-04	1.1755e-36	1.1755e-36	1.1755e-36	3.6515e-17	0.00e+00	0.00e+00	3.3864e+01
6.36199e+18	6.5069e+03	8.099e-22	2.7826e+01	8.5968e+00	1.8300e-08	7.4071e-01	2.5929e-01	4.2688e-01	5.7312e-01	7.9336e-08	4.6604e-11	7.1144e-04	9.4123e-01	5.8061e-02	5.0356e-07	7.8196e-01	2.1784e-01	1.9681e-04	1.1755e-36	1.1755e-36	1.1755e-36	3.9875e-17	0.00e+00	0.00e+00	3.4540e+01
6.36727e+18	6.4249e+03	7.716e-22	2.7826e+01	8.3044e+00	2.0487e-08	7.5053e-01	2.4947e-01	4.3593e-01	5.6407e-01	7.9187e-08	4.9217e-11	6.9118e-04	9.4360e-01	5.5709e-02	4.6454e-07	7.9074e-01	2.0908e-01	1.7920e-04	1.1755e-36	1.1755e-36	1.1755e-36	4.3876e-17	0.00e+00	0.00e+00	3.5247e+01
6.37246e+18	6.3539e+03	7.355e-22	2.7826e+01	8.0232e+00	2.2675e-08	7.5951e-01	2.4049e-01	4.4445e-01	5.5555e-01	7.9200e-08	5.1713e-11	6.7113e-04	9.4577e-01	5.3554e-02	4.2994e-07	7.9875e-01	2.0109e-01	1.6367e-04	1.1755e-36	1.1755e-36	1.1755e-36	4.7906e-17	0.00e+00	0.00e+00	3.5917e+01
6.37758e+18	6.2827e+03	7.013e-22	2.7826e+01	7.7604e+00	2.5079e-08	7.6808e-01	2.3192e-01	4.5328e-01	5.4672e-01	7.9048e-08	5.4348e-11	6.5237e-04	9.4791e-01	5.1440e-02	3.9771e-07	8.0636e-01	1.9350e-01	1.4963e-04	1.1755e-36	1.1755e-36	1.1755e-36	5.2398e-17	0.00e+00	0.00e+00	3.6620e+01
6.38289e+18	6.1944e+03	6.676e-22	2.7826e+01	7.4974e+00	2.8230e-08	7.7708e-01	2.2292e-01	4.6296e-01	5.3704e-01	7.8653e-08	5.7509e-11	6.3380e-04	9.5010e-01	4.9263e-02	3.6629e-07	8.1430e-01	1.8557e-01	1.3618e-04	1.1755e-36	1.1755e-36	1.1755e-36	5.8214e-17	0.00e+00	0.00e+00	3.7361e+01
6.38804e+18	6.1134e+03	6.366e-22	2.7826e+01	7.2494e+00	3.1514e-08	7.8531e-01	2.1469e-01	4.7198e-01	5.2802e-01	7.8376e-08	6.0634e-11	6.1598e-04	9.5208e-01	4.7300e-02	3.3889e-07	8.2156e-01	1.7832e-01	1.2446e-04	1.1755e-36	1.1755e-36	1.1755e-36	6.4373e-17	0.00e+00	0.00e+00	3.8033e+01
6.39281e+18	6.0315e+03	6.090e-22	2.7826e+01	7.0240e+00	3.5100e-08	7.9257e-01	2.0743e-01	4.8058e-01	5.1942e-01	7.8018e-08	6.3734e-11	5.9978e-04	9.5388e-01	4.5522e-02	3.1520e-07	8.2795e-01	1.7194e-01	1.1462e-04	1.1755e-36	1.1755e-36	1.1755e-36	7.0933e-17	0.00e+00	0.00e+00	3.8683e+01
6.39743e+18	5.9508e+03	5.834e-22	2.7826e+01	6.8148e+00	3.9030e-08	7.9941e-01	2.0059e-01	4.8913e-01	5.1087e-01	7.7569e-08	6.7015e-11	5.8471e-04	9.5558e-01	4.3839e-02	2.9365e-07	8.3394e-01	1.6596e-01	1.0583e-04	1.1755e-36	1.1755e-36	1.1755e-36	7.8342e-17	0.00e+00	0.00e+00	3.9325e+01
6.40198e+18	5.8625e+03	5.591e-22	2.7826e+01	6.6100e+00	4.3716e-08	8.0597e-01	1.9403e-01	4.9771e-01	5.0229e-01	7.7045e-08	7.0622e-11	5.6999e-04	9.5720e-01	4.2231e-02	2.7384e-07	8.3969e-01	1.6021e-01	9.7855e-05	1.1755e-36	1.1755e-36	1.1755e-36	8.7152e-17	0.00e+00	0.00e+00	3.9967e+01
6.40637e+18	5.7878e+03	5.367e-22	2.7826e+01	6.4234e+00	4.8289e-08	8.1200e-01	1.8800e-01	5.0582e-01	4.9418e-01	7.6583e-08	7.4212e-11	5.5633e-04	9.5869e-01	4.0752e-02	2.5615e-07	8.4494e-01	1.5497e-01	9.0767e-05	1.1755e-36	1.1755e-36	1.1755e-36	9.6412e-17	0.00e+00	0.00e+00	4.0571e+01
6.41072e+18	5.6965e+03	5.152e-22	2.7826e+01	6.2370e+00	5.4242e-08	8.1794e-01	1.8206e-01	5.1431e-01	4.8569e-01	7.5935e-08	7.8466e-11	5.4289e-04	9.6016e-01	3.9295e-02	2.3943e-07	8.5011e-01	1.4980e-01	8.4233e-05	1.1755e-36	1.1755e-36	1.1755e-36	1.0836e-16	0.00e+00	0.00e+00	4.1214e+01
6.41500e+18	5.6201e+03	4.949e-22	2.7826e+01	6.0626e+00	6.0017e-08	8.2347e-01	1.7653e-01	5.2224e-01	4.7776e-01	7.5435e-08	8.2702e-11	5.3002e-04	9.6151e-01	3.7960e-02	2.2444e-07	8.5491e-01	1.4501e-01	7.8325e-05	1.1755e-36	1.1755e-36	1.1755e-36	1.2094e-16	0.00e+00	0.00e+00	4.1803e+01
6.41915e+18	5.5290e+03	4.760e-22	2.7826e+01	5.8949e+00	6.7429e-08	8.2887e-01	1.7113e-01	5.3051e-01	4.6949e-01	7.4697e-08	8.7818e-11	5.1788e-04	9.6283e-01	3.6656e-02	2.1042e-07	8.5960e-01	1.4033e-01	7.2936e-05	1.1755e-36	1.1755e-36	1.1755e-36	1.3745e-16	0.00e+00	0.00e+00	4.2420e+01
6.42319e+18	5.4460e+03	4.583e-22	2.7826e+01	5.7364e+00	7.5102e-08	8.3392e-01	1.6608e-01	5.3825e-01	4.6175e-01	7.4067e-08	9.3124e-11	5.0624e-04	9.6403e-01	3.5465e-02	1.9790e-07	8.6396e-01	1.3597e-01	6.8093e-05	1.1755e-36	1.1755e-36	1.1755e-36	1.5577e-16	0.00e+00	0.00e+00	4.2984e+01
6.42700e+18	5.3741e+03	4.421e-22	2.7826e+01	5.5919e+00	8.2558e-08	8.3837e-01	1.6163e-01	5.4553e-01	4.5447e-01	7.3491e-08	9.8321e-11	4.9549e-04	9.6513e-01	3.4373e-02	1.8671e-07	8.6780e-01	1.3213e-01	6.3848e-05	1.1755e-36	1.1755e-36	1.1755e-36	1.7476e-16	0.00e+00	0.00e+00	4.3539e+01
6.43098e+18	5.2812e+03	4.256e-22	2.7826e+01	5.4376e+00	9.2898e-08	8.4306e-01	1.5694e-01	5.5348e-01	4.4652e-01	7.2722e-08	1.0517e-10	4.8420e-04	9.6627e-01	3.3248e-02	1.7555e-07	8.7187e-01	1.2808e-01	5.9675e-05	1.1755e-36	1.1755e-36	1.1755e-36	2.0198e-16	0.00e+00	0.00e+00	4.4158e+01
6.43494e+18	5.1974e+03	4.100e-22	2.7826e+01	5.2953e+00	1.0363e-07	8.4776e-01	1.5224e-01	5.6123e-01	4.3877e-01	7.1971e-08	1.1264e-10	4.7372e-04	9.6734e-01	3.2186e-02	1.6530e-07	8.7589e-01	1.2405e-01	5.5756e-05	1.1755e-36	1.1755e-36	1.1755e-36	2.3364e-16	0.00e+00	0.00e+00	4.4716e+01
6.43862e+18	5.1156e+03	3.960e-22	2.7826e+01	5.1627e+00	1.1509e-07	8.5190e-01	1.4810e-01	5.6848e-01	4.3152e-01	7.1244e-08	1.2048e-10	4.6393e-04	9.6831e-01	3.1226e-02	1.5627e-07	8.7945e-01	1.2050e-01	5.2379e-05	1.1755e-36	1.1755e-36	1.1755e-36	2.6944e-16	0.00e+00	0.00e+00	4.5258e+01
6.44225e+18	5.0327e+03	3.825e-22	2.7826e+01	5.0345e+00	1.2787e-07	8.5590e-01	1.4410e-01	5.7572e-01	4.2428e-01	7.0474e-08	1.2929e-10	4.5450e-04	9.6924e-01	3.0305e-02	1.4783e-07	8.8288e-01	1.1707e-01	4.9247e-05	1.1755e-36	1.1755e-36	1.1755e-36	3.1259e-16	0.00e+00	0.00e+00	4.5805e+01
6.44589e+18	4.9462e+03	3.695e-22	2.7826e+01	4.9077e+00	1.4241e-07	8.5986e-01	1.4014e-01	5.8300e-01	4.1700e-01	6.9664e-08	1.3756e-10	4.4523e-04	9.7022e-01	2.9334e-02	1.3948e-07	8.8628e-01	1.1368e-01	4.6288e-05	1.1755e-36	1.1755e-36	1.1755e-36	3.5593e-16	0.00e+00	0.00e+00	4.6355e+01
6.44949e+18	4.8598e+03	3.570e-22	2.7826e+01	4.7812e+00	1.5815e-07	8.6358e-01	1.3642e-01	5.9003e-01	4.0997e-01	6.8923e-08	1.4489e-10	4.3594e-04	9.7120e-01	2.8368e-02	1.3149e-07	8.8950e-01	1.1046e-01	4.3552e-05	1.1755e-36	1.1755e-36	1.1755e-36	3.9699e-16	0.00e+00	0.00e+00	4.6896e+01
6.45307e+18	4.7756e+03	3.449e-22	2.7826e+01	4.6608e+00	1.7498e-07	8.6728e-01	1.3272e-01	5.9708e-01	4.0292e-01	6.8131e-08	1.5249e-10	4.2711e-04	9.7214e-01	2.7430e-02	1.2401e-07	8.9263e-01	1.0732e-01	4.0995e-05	1.1755e-36	1.1755e-36	1.1755e-36	4.4198e-16	0.00e+00	0.00e+00	4.7442e+01
6.45672e+18	4.6867e+03	3.330e-22	2.7826e+01	4.5419e+00	1.9416e-07	8.7105e-01	1.2895e-01	6.0448e-01	3.9552e-01	6.7222e-08	1.6070e-10	4.1849e-04	9.7310e-01	2.6481e-02	1.1755e-36	8.9585e-01	1.0411e-01	3.8494e-05	1.1755e-36	1.1755e-36	1.1755e-36	4.9344e-16	0.00e+00	0.00e+00	4.8011e+01
6.46047e+18	4.5899e+03	3.212e-22	2.7826e+01	4.4181e+00	2.1640e-07	8.7485e-01	1.2515e-01	6.1196e-01	3.8804e-01	6.6306e-08	1.6935e-10	4.0955e-04	9.7405e-01	2.5542e-02	1.1755e-36	8.9909e-01	1.0087e-01	3.6097e-05	1.1755e-36	1.1755e-36	1.1755e-36	5.5130e-16	0.00e+00	0.00e+00	4.8591e+01
6.46418e+18	4.4931e+03	3.099e-22	2.7826e+01	4.2951e+00	2.3984e-07	8.7847e-01	1.2153e-01	6.1919e-01	3.8081e-01	6.5449e-08	1.7762e-10	4.0064e-04	9.7495e-01	2.4652e-02	1.1755e-36	9.0218e-01	9.7782e-02	3.3885e-05	1.1755e-36	1.1755e-36	1.1755e-36	6.0989e-16	0.00e+00	0.00e+00	4.9157e+01
6.46789e+18	4.3956e+03	2.989e-22	2.7826e+01	4.1808e+00	2.6467e-07	8.8216e-01	1.1784e-01	6.2678e-01	3.7322e-01	6.4410e-08	1.8593e-10	3.9256e-04	9.7584e-01	2.3763e-02	1.1755e-36	9.0531e-01	9.4654e-02	3.1763e-05	1.1755e-36	1.1755e-36	1.1755e-36	6.7119e-16	0.00e+00	0.00e+00	4.9738e+01
6.47177e+18	4.2915e+03	2.878e-22	2.7826e+01	4.0591e+00	2.9139e-07	8.8586e-01	1.1414e-01	6.3454e-01	3.6546e-01	6.3382e-08	1.9367e-10	3.8394e-04	9.7675e-01	2.2870e-02	1.1755e-36	9.0846e-01	9.1512e-02	2.9697e-05	1.1755e-36	1.1755e-36	1.1755e-36	7.3089e-16	0.00e+00	0.00e+00	5.0361e+01
6.47595e+18	4.1785e+03	2.762e-22	2.7826e+01	3.9300e+00	3.2001e-07	8.8980e-01	1.1020e-01	6.4287e-01	3.5713e-01	6.2261e-08	2.0076e-10	3.7486e-04	9.7769e-01	2.1939e-02	1.1755e-36	9.1180e-01	8.8170e-02	2.7596e-05	1.1755e-36	1.1755e-36	1.1755e-36	7.8709e-16	0.00e+00	0.00e+00	5.1043e+01
6.48055e+18	4.0530e+03	2.638e-22	2.7826e+01	3.7896e+00	3.4990e-07	8.9409e-01	1.0591e-01	6.5195e-01	3.4805e-01	6.1032e-08	2.0652e-10	3.6509e-04	9.7868e-01	2.0955e-02	1.1755e-36	9.1543e-01	8.4541e-02	2.5430e-05	1.1755e-36	1.1755e-36	1.1755e-36	8.3266e-16	0.00e+00	0.00e+00	5.1803e+01
6.48531e+18	3.9264e+03	2.516e-22	2.7826e+01	3.6459e+00	3.7641e-07	8.9851e-01	1.0149e-01	6.6083e-01	3.3917e-01	5.9907e-08	2.0974e-10	3.5507e-04	9.7963e-01	2.0013e-02	1.1755e-36	9.1916e-01	8.0816e-02	2.3341e-05	1.1755e-36	1.1755e-36	1.1755e-36	8.5591e-16	0.00e+00	0.00e+00	5.2542e+01
###########################
2.01342e+14	7.1158e+03	2.943e-21	2.7826e+01	3.0197e+01	6.1272e-14	3.0226e-03	9.9698e-01	8.3271e-03	9.7069e-01	2.0978e-02	1.6287e-17	1.2575e-04	1.3651e-01	8.5830e-01	5.0625e-03	8.0691e-04	2.6972e-01	7.2446e-01	5.0156e-03	1.1755e-36	1.1755e-36	1.5654e-25	0.00e+00	0.00e+00	2.1381e-04
1.20805e+15	7.1130e+03	2.942e-21	2.7826e+01	3.0193e+01	6.1356e-14	3.0218e-03	9.9698e-01	8.3279e-03	9.7071e-01	2.0963e-02	1.6266e-17	1.2561e-04	1.3653e-01	8.5828e-01	5.0695e-03	8.0629e-04	2.6958e-01	7.2461e-01	4.9997e-03	1.1755e-36	1.1755e-36	1.5623e-25	0.00e+00	0.00e+00	1.0688e-03
5.23488e+15	7.1064e+03	2.940e-21	2.7826e+01	3.0192e+01	6.1593e-14	3.0208e-03	9.9698e-01	8.3347e-03	9.7083e-01	2.0834e-02	1.6257e-17	1.2561e-04	1.3662e-01	8.5820e-01	5.0545e-03	8.0594e-04	2.6951e-01	7.2475e-01	4.9308e-03	1.1755e-36	1.1755e-36	1.5589e-25	0.00e+00	0.00e+00	4.4878e-03
2.13422e+16	7.0934e+03	2.929e-21	2.7826e+01	3.0190e+01	6.2098e-14	3.0193e-03	9.9698e-01	8.3603e-03	9.7147e-01	2.0174e-02	1.6267e-17	1.2589e-04	1.3693e-01	8.5794e-01	5.0003e-03	8.0646e-04	2.6961e-01	7.2492e-01	4.6624e-03	1.1755e-36	1.1755e-36	1.5536e-25	0.00e+00	0.00e+00	1.8157e-02
5.09797e+16	7.0349e+03	2.896e-21	2.7826e+01	3.0190e+01	6.3297e-14	2.9895e-03	9.9701e-01	8.3913e-03	9.7185e-01	1.9758e-02	1.5888e-17	1.2554e-04	1.3737e-01	8.5756e-01	4.9483e-03	7.9697e-04	2.6881e-01	7.2608e-01	4.3161e-03	1.1755e-36	1.1755e-36	1.4871e-25	0.00e+00	0.00e+00	3.5751e-02
8.95085e+16	6.9750e+03	2.862e-21	2.7826e+01	3.0188e+01	6.4795e-14	2.9650e-03	9.9704e-01	8.4380e-03	9.7291e-01	1.8655e-02	1.5603e-17	1.2550e-04	1.3795e-01	8.5707e-01	4.8520e-03	7.9068e-04	2.6852e-01	7.2681e-01	3.8826e-03	1.1755e-36	1.1755e-36	1.4321e-25	0.00e+00	0.00e+00	5.8436e-02
1.39596e+17	6.9110e+03	2.826e-21	2.7826e+01	3.0185e+01	6.6697e-14	2.9444e-03	9.9706e-01	8.5037e-03	9.7460e-01	1.6894e-02	1.5392e-17	1.2582e-04	1.3873e-01	8.5643e-01	4.7117e-03	7.8767e-04	2.6886e-01	7.2698e-01	3.3649e-03	1.1755e-36	1.1755e-36	1.3837e-25	0.00e+00	0.00e+00	8.7721e-02
2.04709e+17	6.8411e+03	2.787e-21	2.7826e+01	3.0180e+01	6.9213e-14	2.9288e-03	9.9707e-01	8.5929e-03	9.7691e-01	1.4498e-02	1.5284e-17	1.2649e-04	1.3979e-01	8.5556e-01	4.5270e-03	7.8904e-04	2.7008e-01	7.2636e-01	2.7768e-03	1.1755e-36	1.1755e-36	1.3439e-25	0.00e+00	0.00e+00	1.2559e-01
2.89357e+17	6.7641e+03	2.748e-21	2.7826e+01	3.0172e+01	7.2596e-14	2.9194e-03	9.9708e-01	8.7008e-03	9.7970e-01	1.1597e-02	1.5144e-17	1.2750e-04	1.4105e-01	8.5452e-01	4.3039e-03	7.8755e-04	2.6962e-01	7.2743e-01	2.1583e-03	1.1755e-36	1.1755e-36	1.3026e-25	0.00e+00	0.00e+00	1.7466e-01
3.99399e+17	6.6842e+03	2.702e-21	2.7826e+01	3.0164e+01	7.6952e-14	2.9225e-03	9.9708e-01	8.8565e-03	9.8267e-01	8.4749e-03	1.5448e-17	1.2949e-04	1.4298e-01	8.5283e-01	4.0534e-03	8.0522e-04	2.7422e-01	7.2343e-01	1.5360e-03	1.1755e-36	1.1755e-36	1.2969e-25	0.00e+00	0.00e+00	2.3853e-01
5.42454e+17	6.6021e+03	2.655e-21	2.7826e+01	3.0156e+01	8.2807e-14	2.9425e-03	9.9706e-01	9.0577e-03	9.8542e-01	5.5260e-03	1.6089e-17	1.3257e-04	1.4558e-01	8.5049e-01	3.7938e-03	8.3480e-04	2.8086e-01	7.1732e-01	9.8316e-04	1.1755e-36	1.1755e-36	1.3191e-25	0.00e+00	0.00e+00	3.2212e-01
7.28424e+17	6.5219e+03	2.609e-21	2.7826e+01	3.0148e+01	9.0611e-14	2.9882e-03	9.9701e-01	9.3177e-03	9.8755e-01	3.1326e-03	1.7207e-17	1.3724e-04	1.4905e-01	8.4727e-01	3.5410e-03	8.7999e-04	2.8959e-01	7.0897e-01	5.5129e-04	1.1755e-36	1.1755e-36	1.3804e-25	0.00e+00	0.00e+00	4.3247e-01
9.70187e+17	6.4477e+03	2.568e-21	2.7826e+01	3.0142e+01	1.0153e-13	3.0754e-03	9.9692e-01	9.6652e-03	9.8883e-01	1.5021e-03	1.9123e-17	1.4421e-04	1.5377e-01	8.4279e-01	3.2989e-03	9.4814e-04	3.0070e-01	6.9809e-01	2.6294e-04	1.1755e-36	1.1755e-36	1.5098e-25	0.00e+00	0.00e+00	5.8012e-01
1.28448e+18	6.4009e+03	2.532e-21	2.7826e+01	3.0134e+01	1.1566e-13	3.2245e-03	9.9678e-01	1.0133e-02	9.8927e-01	5.9419e-04	2.2398e-17	1.5505e-04	1.6018e-01	8.3661e-01	3.0625e-03	1.0525e-03	3.1511e-01	6.8374e-01	1.0347e-04	1.1755e-36	1.1755e-36	1.7606e-25	0.00e+00	0.00e+00	7.8137e-01
1.69306e+18	6.3911e+03	2.510e-21	2.7826e+01	3.0123e+01	1.3597e-13	3.4829e-03	9.9652e-01	1.0813e-02	9.8900e-01	1.8992e-04	2.8559e-17	1.7208e-04	1.6933e-01	8.2769e-01	2.8072e-03	1.2239e-03	3.3490e-01	6.6384e-01	3.2625e-05	1.1755e-36	1.1755e-36	2.2812e-25	0.00e+00	0.00e+00	1.0640e+00
2.16794e+18	6.4348e+03	2.505e-21	2.7826e+01	3.0110e+01	1.6181e-13	3.8678e-03	9.9613e-01	1.1694e-02	9.8825e-01	5.4995e-05	3.9148e-17	1.9579e-04	1.8091e-01	8.1635e-01	2.5433e-03	1.4827e-03	3.6010e-01	6.3841e-01	9.2331e-06	1.1755e-36	1.1755e-36	3.2604e-25	0.00e+00	0.00e+00	1.3955e+00
2.60715e+18	6.5358e+03	2.523e-21	2.7826e+01	3.0094e+01	1.8833e-13	4.3417e-03	9.9566e-01	1.2633e-02	9.8735e-01	1.9582e-05	5.4790e-17	2.2273e-04	1.9285e-01	8.0461e-01	2.3132e-03	1.8117e-03	3.8688e-01	6.1131e-01	3.1321e-06	1.1755e-36	1.1755e-36	4.8724e-25	0.00e+00	0.00e+00	1.6933e+00
2.94732e+18	6.6571e+03	2.554e-21	2.7826e+01	3.0077e+01	2.1343e-13	4.8329e-03	9.9517e-01	1.3520e-02	9.8647e-01	9.6564e-06	7.4855e-17	2.4904e-04	2.0374e-01	7.9388e-01	2.1319e-03	2.1688e-03	4.1167e-01	5.8616e-01	1.4365e-06	1.1755e-36	1.1755e-36	7.1485e-25	0.00e+00	0.00e+00	1.9394e+00
3.21171e+18	6.7715e+03	2.588e-21	2.7826e+01	3.0060e+01	2.3892e-13	5.3195e-03	9.9468e-01	1.4369e-02	9.8562e-01	5.8191e-06	9.9388e-17	2.7403e-04	2.1380e-01	7.8394e-01	1.9823e-03	2.5417e-03	4.3448e-01	5.6298e-01	7.9858e-07	1.1755e-36	1.1755e-36	1.0141e-24	0.00e+00	0.00e+00	2.1627e+00
3.44384e+18	6.8822e+03	2.624e-21	2.7826e+01	3.0044e+01	2.6839e-13	5.8439e-03	9.9416e-01	1.5253e-02	9.8474e-01	3.8108e-06	1.3179e-16	3.0028e-04	2.2412e-01	7.7374e-01	1.8422e-03	2.9656e-03	4.5767e-01	5.3936e-01	4.7819e-07	1.1755e-36	1.1755e-36	1.4357e-24	0.00e+00	0.00e+00	2.3940e+00
3.66604e+18	6.9966e+03	2.664e-21	2.7826e+01	3.0024e+01	3.0471e-13	6.4517e-03	9.9355e-01	1.6255e-02	9.8374e-01	2.5888e-06	1.7749e-16	3.2954e-04	2.3543e-01	7.6254e-01	1.7014e-03	3.4825e-03	4.8280e-01	5.1371e-01	2.9309e-07	1.1755e-36	1.1755e-36	2.0716e-24	0.00e+00	0.00e+00	2.6423e+00
3.87756e+18	7.1138e+03	2.709e-21	2.7826e+01	3.0002e+01	3.4946e-13	7.1553e-03	9.9284e-01	1.7379e-02	9.8262e-01	1.8243e-06	2.4211e-16	3.6185e-04	2.4769e-01	7.5038e-01	1.5614e-03	4.1116e-03	5.0975e-01	4.8614e-01	1.8384e-07	1.1755e-36	1.1755e-36	3.0371e-24	0.00e+00	0.00e+00	2.8987e+00
4.07139e+18	7.2272e+03	2.756e-21	2.7826e+01	2.9977e+01	4.0342e-13	7.9430e-03	9.9206e-01	1.8599e-02	9.8140e-01	1.3424e-06	3.3071e-16	3.9622e-04	2.6055e-01	7.3763e-01	1.4272e-03	4.8508e-03	5.3745e-01	4.5770e-01	1.1755e-36	1.1755e-36	1.1755e-36	4.4591e-24	0.00e+00	0.00e+00	3.1550e+00
4.24681e+18	7.3333e+03	2.803e-21	2.7826e+01	2.9949e+01	4.6825e-13	8.8117e-03	9.9119e-01	1.9910e-02	9.8009e-01	1.0262e-06	4.5033e-16	4.3221e-04	2.7388e-01	7.2438e-01	1.3002e-03	5.7037e-03	5.6532e-01	4.2897e-01	1.1755e-36	1.1755e-36	1.1755e-36	6.5179e-24	0.00e+00	0.00e+00	3.4137e+00
4.40873e+18	7.4327e+03	2.852e-21	2.7826e+01	2.9918e+01	5.4805e-13	9.7852e-03	9.9021e-01	2.1347e-02	9.7865e-01	8.0584e-07	6.1437e-16	4.7043e-04	2.8794e-01	7.1041e-01	1.1784e-03	6.7001e-03	5.9357e-01	3.9973e-01	1.1755e-36	1.1755e-36	1.1755e-36	9.5457e-24	0.00e+00	0.00e+00	3.6831e+00
4.56170e+18	7.5268e+03	2.901e-21	2.7826e+01	2.9883e+01	6.4892e-13	1.0903e-02	9.8910e-01	2.2957e-02	9.7704e-01	6.4451e-07	8.4471e-16	5.1182e-04	3.0308e-01	6.9534e-01	1.0597e-03	7.8885e-03	6.2253e-01	3.6958e-01	1.1755e-36	1.1755e-36	1.1755e-36	1.4107e-23	0.00e+00	0.00e+00	3.9690e+00
4.69213e+18	7.6116e+03	2.949e-21	2.7826e+01	2.9849e+01	7.6061e-13	1.2056e-02	9.8794e-01	2.4536e-02	9.7546e-01	5.3880e-07	1.1297e-15	5.5147e-04	3.1741e-01	6.8108e-01	9.5781e-04	9.1506e-03	6.4877e-01	3.4208e-01	1.1755e-36	1.1755e-36	1.1755e-36	2.0191e-23	0.00e+00	0.00e+00	4.2054e+00
4.79508e+18	7.6735e+03	2.990e-21	2.7826e+01	2.9811e+01	8.7770e-13	1.3141e-02	9.8686e-01	2.6031e-02	9.7397e-01	4.6733e-07	1.4475e-15	5.8675e-04	3.3025e-01	6.6829e-01	8.7496e-04	1.0370e-02	6.7075e-01	3.1889e-01	1.1755e-36	1.1755e-36	1.1755e-36	2.7366e-23	0.00e+00	0.00e+00	4.4231e+00
4.90350e+18	7.7334e+03	3.031e-21	2.7826e+01	2.9773e+01	1.0405e-12	1.4488e-02	9.8551e-01	2.7867e-02	9.7213e-01	3.9907e-07	1.9205e-15	6.2913e-04	3.4560e-01	6.5298e-01	7.8495e-04	1.1922e-02	6.9507e-01	2.9301e-01	1.1755e-36	1.1755e-36	1.1755e-36	3.8672e-23	0.00e+00	0.00e+00	4.7351e+00
5.02115e+18	7.8033e+03	3.082e-21	2.7826e+01	2.9733e+01	1.2692e-12	1.6236e-02	9.8376e-01	3.0119e-02	9.6988e-01	3.4016e-07	2.6547e-15	6.7863e-04	3.6364e-01	6.3499e-01	6.8995e-04	1.3974e-02	7.2189e-01	2.6414e-01	1.1755e-36	1.1755e-36	1.1755e-36	5.7708e-23	0.00e+00	0.00e+00	5.0567e+00
5.12380e+18	7.8467e+03	3.132e-21	2.7826e+01	2.9656e+01	1.5572e-12	1.8135e-02	9.8187e-01	3.2580e-02	9.6742e-01	2.9645e-07	3.6053e-15	7.2870e-04	3.8170e-01	6.1697e-01	6.0642e-04	1.6237e-02	7.4592e-01	2.3784e-01	1.1755e-36	1.1755e-36	1.1755e-36	8.3956e-23	0.00e+00	0.00e+00	5.3515e+00
5.21204e+18	7.8883e+03	3.176e-21	2.7826e+01	2.9601e+01	1.8869e-12	2.0108e-02	9.7989e-01	3.5013e-02	9.6499e-01	2.6347e-07	4.7959e-15	7.7677e-04	3.9904e-01	5.9965e-01	5.3505e-04	1.8626e-02	7.6686e-01	2.1451e-01	1.1755e-36	1.1755e-36	1.1755e-36	1.1947e-22	0.00e+00	0.00e+00	5.6480e+00
5.30854e+18	7.9295e+03	3.221e-21	2.7826e+01	2.9526e+01	2.3782e-12	2.2711e-02	9.7729e-01	3.8203e-02	9.6180e-01	2.3010e-07	6.7031e-15	8.3535e-04	4.2042e-01	5.7829e-01	4.5815e-04	2.1820e-02	7.8955e-01	1.8863e-01	1.1755e-36	1.1755e-36	1.1755e-36	1.8068e-22	0.00e+00	0.00e+00	6.0833e+00
5.41266e+18	7.9744e+03	3.276e-21	2.7826e+01	2.9444e+01	3.1445e-12	2.6267e-02	9.7373e-01	4.2287e-02	9.5771e-01	2.0063e-07	9.9242e-15	9.0507e-04	4.4592e-01	5.5279e-01	3.7922e-04	2.6216e-02	8.1302e-01	1.6076e-01	1.1755e-36	1.1755e-36	1.1755e-36	2.9537e-22	0.00e+00	0.00e+00	6.5408e+00
5.50332e+18	7.9945e+03	3.326e-21	2.7826e+01	2.9291e+01	4.1871e-12	3.0325e-02	9.6968e-01	4.6848e-02	9.5315e-01	1.7808e-07	1.4448e-14	9.7398e-04	4.7147e-01	5.2725e-01	3.1289e-04	3.1257e-02	8.3226e-01	1.3648e-01	1.1755e-36	1.1755e-36	1.1755e-36	4.7187e-22	0.00e+00	0.00e+00	6.9786e+00
5.58347e+18	8.0193e+03	3.365e-21	2.7826e+01	2.9141e+01	5.5346e-12	3.4894e-02	9.6511e-01	5.1809e-02	9.4819e-01	1.5997e-07	2.0812e-14	1.0413e-03	4.9689e-01	5.0181e-01	2.5730e-04	3.6961e-02	8.4767e-01	1.1537e-01	1.1755e-36	1.1755e-36	1.1755e-36	7.4796e-22	0.00e+00	0.00e+00	7.4576e+00
5.65821e+18	8.0157e+03	3.409e-21	2.7826e+01	2.8973e+01	7.5480e-12	4.0459e-02	9.5954e-01	5.7565e-02	9.4243e-01	1.4448e-07	3.0397e-14	1.1119e-03	5.2374e-01	4.7494e-01	2.0820e-04	4.3899e-02	8.5988e-01	9.6220e-02	1.1755e-36	1.1755e-36	1.1755e-36	1.2091e-21	0.00e+00	0.00e+00	7.9647e+00
5.72455e+18	8.0126e+03	3.448e-21	2.7826e+01	2.8830e+01	1.0306e-11	4.6947e-02	9.5305e-01	6.3820e-02	9.3618e-01	1.3213e-07	4.4302e-14	1.1827e-03	5.5061e-01	4.4804e-01	1.6734e-04	5.1974e-02	8.6830e-01	7.9722e-02	1.1755e-36	1.1755e-36	1.1755e-36	1.9609e-21	0.00e+00	0.00e+00	8.4708e+00
5.78126e+18	8.0076e+03	3.476e-21	2.7826e+01	2.8639e+01	1.3873e-11	5.4065e-02	9.4594e-01	7.0360e-02	9.2964e-01	1.2238e-07	6.2977e-14	1.2461e-03	5.7577e-01	4.2285e-01	1.3532e-04	6.0810e-02	8.7288e-01	6.6312e-02	1.1755e-36	1.1755e-36	1.1755e-36	3.0913e-21	0.00e+00	0.00e+00	8.9652e+00
5.83058e+18	7.9985e+03	3.493e-21	2.7826e+01	2.8416e+01	1.8509e-11	6.1903e-02	9.3810e-01	7.7242e-02	9.2276e-01	1.1435e-07	8.7925e-14	1.3034e-03	5.9962e-01	3.9897e-01	1.0982e-04	7.0506e-02	8.7420e-01	5.5297e-02	1.1755e-36	1.1755e-36	1.1755e-36	4.7764e-21	0.00e+00	0.00e+00	9.4719e+00
5.87553e+18	7.9869e+03	3.502e-21	2.7826e+01	2.8161e+01	2.4758e-11	7.0898e-02	9.2910e-01	8.4758e-02	9.1524e-01	1.0737e-07	1.2246e-13	1.3573e-03	6.2312e-01	3.7544e-01	8.8655e-05	8.1581e-02	8.7254e-01	4.5874e-02	1.1755e-36	1.1755e-36	1.1755e-36	7.3826e-21	0.00e+00	0.00e+00	1.0011e+01
5.91710e+18	7.9734e+03	3.502e-21	2.7826e+01	2.7863e+01	3.3355e-11	8.1403e-02	9.1860e-01	9.3046e-02	9.0695e-01	1.0126e-07	1.7107e-13	1.4073e-03	6.4644e-01	3.5209e-01	7.0987e-05	9.4442e-02	8.6781e-01	3.7747e-02	1.1755e-36	1.1755e-36	1.1755e-36	1.1502e-20	0.00e+00	0.00e+00	1.0581e+01
5.95488e+18	7.9663e+03	3.476e-21	2.7826e+01	2.7395e+01	4.4445e-11	9.3035e-02	9.0696e-01	1.0185e-01	8.9815e-01	9.6038e-08	2.3458e-13	1.4423e-03	6.6796e-01	3.3054e-01	5.7055e-05	1.0860e-01	8.6035e-01	3.1046e-02	1.1755e-36	1.1755e-36	1.1755e-36	1.7517e-20	0.00e+00	0.00e+00	1.1165e+01
5.98939e+18	7.9464e+03	3.458e-21	2.7826e+01	2.7038e+01	6.0316e-11	1.0690e-01	8.9310e-01	1.1149e-01	8.8851e-01	9.1475e-08	3.2714e-13	1.4827e-03	6.9011e-01	3.0836e-01	4.5238e-05	1.2535e-01	8.4938e-01	2.5273e-02	1.1755e-36	1.1755e-36	1.1755e-36	2.7449e-20	0.00e+00	0.00e+00	1.1791e+01
6.02064e+18	7.9316e+03	3.422e-21	2.7826e+01	2.6590e+01	8.1369e-11	1.2255e-01	8.7745e-01	1.2167e-01	8.7833e-01	8.7633e-08	4.5205e-13	1.5126e-03	7.1083e-01	2.8762e-01	3.5897e-05	1.4408e-01	8.3540e-01	2.0519e-02	1.1755e-36	1.1755e-36	1.1755e-36	4.2657e-20	0.00e+00	0.00e+00	1.2419e+01
6.04823e+18	7.9166e+03	3.373e-21	2.7826e+01	2.6092e+01	1.0861e-10	1.3963e-01	8.6037e-01	1.3212e-01	8.6788e-01	8.4401e-08	6.1510e-13	1.5334e-03	7.2988e-01	2.6856e-01	2.8665e-05	1.6436e-01	8.1892e-01	1.6712e-02	1.1755e-36	1.1755e-36	1.1755e-36	6.5146e-20	0.00e+00	0.00e+00	1.3057e+01
6.07327e+18	7.8991e+03	3.311e-21	2.7826e+01	2.5546e+01	1.4445e-10	1.5856e-01	8.4144e-01	1.4307e-01	8.5693e-01	8.1590e-08	8.3019e-13	1.5468e-03	7.4782e-01	2.5061e-01	2.2924e-05	1.8662e-01	7.9978e-01	1.3598e-02	1.1755e-36	1.1755e-36	1.1755e-36	9.8714e-20	0.00e+00	0.00e+00	1.3728e+01
6.09661e+18	7.8787e+03	3.231e-21	2.7826e+01	2.4891e+01	1.9219e-10	1.7968e-01	8.2032e-01	1.5455e-01	8.4545e-01	7.9205e-08	1.1134e-12	1.5492e-03	7.6469e-01	2.3374e-01	1.8330e-05	2.1120e-01	7.7778e-01	1.1020e-02	1.1755e-36	1.1755e-36	1.1755e-36	1.4867e-19	0.00e+00	0.00e+00	1.4441e+01
6.11857e+18	7.8565e+03	3.142e-21	2.7826e+01	2.4233e+01	2.5748e-10	2.0401e-01	7.9599e-01	1.6699e-01	8.3301e-01	7.7059e-08	1.5051e-12	1.5480e-03	7.8135e-01	2.1709e-01	1.4537e-05	2.3918e-01	7.5198e-01	8.8388e-03	1.1755e-36	1.1755e-36	1.1755e-36	2.2748e-19	0.00e+00	0.00e+00	1.5205e+01
6.13889e+18	7.8324e+03	3.034e-21	2.7826e+01	2.3467e+01	3.4382e-10	2.3072e-01	7.6928e-01	1.7972e-01	8.2028e-01	7.5407e-08	2.0150e-12	1.5348e-03	7.9668e-01	2.0177e-01	1.1568e-05	2.6952e-01	7.2341e-01	7.0717e-03	1.1755e-36	1.1755e-36	1.1755e-36	3.4454e-19	0.00e+00	0.00e+00	1.5988e+01
6.15745e+18	7.8107e+03	2.905e-21	2.7826e+01	2.2571e+01	4.5153e-10	2.5855e-01	7.4145e-01	1.9223e-01	8.0777e-01	7.4256e-08	2.6348e-12	1.5074e-03	8.1020e-01	1.8828e-01	9.3176e-06	3.0071e-01	6.9361e-01	5.6860e-03	1.1755e-36	1.1755e-36	1.1755e-36	5.0561e-19	0.00e+00	0.00e+00	1.6797e+01
6.17510e+18	7.7776e+03	2.770e-21	2.7826e+01	2.1676e+01	5.9772e-10	2.8953e-01	7.1047e-01	2.0565e-01	7.9435e-01	7.3256e-08	3.4588e-12	1.4771e-03	8.2355e-01	1.7496e-01	7.4646e-06	3.3492e-01	6.6054e-01	4.5347e-03	1.1755e-36	1.1755e-36	1.1755e-36	7.4897e-19	0.00e+00	0.00e+00	1.7687e+01
6.19214e+18	7.7398e+03	2.620e-21	2.7826e+01	2.0696e+01	7.9408e-10	3.2361e-01	6.7639e-01	2.1963e-01	7.8037e-01	7.2641e-08	4.5329e-12	1.4373e-03	8.3625e-01	1.6230e-01	5.9670e-06	3.7199e-01	6.2443e-01	3.5843e-03	1.1755e-36	1.1755e-36	1.1755e-36	1.1110e-18	0.00e+00	0.00e+00	1.8630e+01
6.20744e+18	7.6986e+03	2.469e-21	2.7826e+01	1.9710e+01	1.0372e-09	3.5808e-01	6.4192e-01	2.3293e-01	7.6707e-01	7.2483e-08	5.8116e-12	1.3913e-03	8.4737e-01	1.5123e-01	4.8443e-06	4.0887e-01	5.8828e-01	2.8579e-03	1.1755e-36	1.1755e-36	1.1755e-36	1.6018e-18	0.00e+00	0.00e+00	1.9511e+01
6.22004e+18	7.6550e+03	2.337e-21	2.7826e+01	1.8861e+01	1.3076e-09	3.8942e-01	6.1058e-01	2.4484e-01	7.5516e-01	7.2443e-08	7.1834e-12	1.3501e-03	8.5656e-01	1.4208e-01	4.0515e-06	4.4188e-01	5.5578e-01	2.3436e-03	1.1755e-36	1.1755e-36	1.1755e-36	2.1962e-18	0.00e+00	0.00e+00	2.0277e+01
6.23061e+18	7.6310e+03	2.211e-21	2.7826e+01	1.8047e+01	1.5633e-09	4.1562e-01	5.8438e-01	2.5459e-01	7.4541e-01	7.2922e-08	8.4475e-12	1.3054e-03	8.6368e-01	1.3502e-01	3.5011e-06	4.6911e-01	5.2891e-01	1.9820e-03	1.1755e-36	1.1755e-36	1.1755e-36	2.7967e-18	0.00e+00	0.00e+00	2.1004e+01
6.24000e+18	7.5835e+03	2.102e-21	2.7826e+01	1.7340e+01	1.8672e-09	4.4058e-01	5.5942e-01	2.6418e-01	7.3582e-01	7.3172e-08	9.8223e-12	1.2672e-03	8.7023e-01	1.2850e-01	3.0586e-06	4.9477e-01	5.0353e-01	1.6977e-03	1.1755e-36	1.1755e-36	1.1755e-36	3.5046e-18	0.00e+00	0.00e+00	2.1687e+01
6.24874e+18	7.5390e+03	1.998e-21	2.7826e+01	1.6682e+01	2.2003e-09	4.6439e-01	5.3561e-01	2.7369e-01	7.2631e-01	7.3388e-08	1.1294e-11	1.2304e-03	8.7635e-01	1.2242e-01	2.6900e-06	5.1897e-01	4.7956e-01	1.4640e-03	1.1755e-36	1.1755e-36	1.1755e-36	4.3254e-18	0.00e+00	0.00e+00	2.2393e+01
6.25746e+18	7.4941e+03	1.891e-21	2.7826e+01	1.5999e+01	2.5843e-09	4.8822e-01	5.1178e-01	2.8329e-01	7.1671e-01	7.3800e-08	1.2910e-11	1.1908e-03	8.8224e-01	1.1657e-01	2.3677e-06	5.4293e-01	4.5581e-01	1.2605e-03	1.1755e-36	1.1755e-36	1.1755e-36	5.2948e-18	0.00e+00	0.00e+00	2.3146e+01
6.26596e+18	7.4448e+03	1.787e-21	2.7826e+01	1.5319e+01	3.0275e-09	5.1170e-01	4.8830e-01	2.9277e-01	7.0723e-01	7.4339e-08	1.4661e-11	1.1502e-03	8.8777e-01	1.1108e-01	2.0916e-06	5.6629e-01	4.3262e-01	1.0871e-03	1.1755e-36	1.1755e-36	1.1755e-36	6.4239e-18	0.00e+00	0.00e+00	2.3885e+01
6.27378e+18	7.3974e+03	1.692e-21	2.7826e+01	1.4691e+01	3.4963e-09	5.3321e-01	4.6679e-01	3.0164e-01	6.9836e-01	7.4946e-08	1.6414e-11	1.1118e-03	8.9270e-01	1.0618e-01	1.8669e-06	5.8747e-01	4.1158e-01	9.4748e-04	1.1755e-36	1.1755e-36	1.1755e-36	7.6335e-18	0.00e+00	0.00e+00	2.4580e+01
6.27973e+18	7.3755e+03	1.620e-21	2.7826e+01	1.4205e+01	3.8485e-09	5.4887e-01	4.5113e-01	3.0765e-01	6.9234e-01	7.5735e-08	1.7748e-11	1.0805e-03	8.9600e-01	1.0291e-01	1.7221e-06	6.0274e-01	3.9640e-01	8.5519e-04	1.1755e-36	1.1755e-36	1.1755e-36	8.6124e-18	0.00e+00	0.00e+00	2.5013e+01
6.28381e+18	7.3450e+03	1.573e-21	2.7826e+01	1.3894e+01	4.1509e-09	5.5980e-01	4.4020e-01	3.1261e-01	6.8739e-01	7.6034e-08	1.8777e-11	1.0614e-03	8.9854e-01	1.0040e-01	1.6230e-06	6.1336e-01	3.8584e-01	7.9615e-04	1.1755e-36	1.1755e-36	1.1755e-36	9.3900e-18	0.00e+00	0.00e+00	2.5374e+01
6.28777e+18	7.3037e+03	1.527e-21	2.7826e+01	1.3590e+01	4.5011e-09	5.7048e-01	4.2952e-01	3.1792e-01	6.8208e-01	7.6167e-08	1.9841e-11	1.0429e-03	9.0114e-01	9.7816e-02	1.5283e-06	6.2370e-01	3.7556e-01	7.4201e-04	1.1755e-36	1.1755e-36	1.1755e-36	1.0210e-17	0.00e+00	0.00e+00	2.5800e+01
6.29239e+18	7.2655e+03	1.473e-21	2.7826e+01	1.3249e+01	4.9093e-09	5.8278e-01	4.1722e-01	3.2418e-01	6.7582e-01	7.6322e-08	2.1138e-11	1.0217e-03	9.0411e-01	9.4864e-02	1.4246e-06	6.3553e-01	3.6379e-01	6.8286e-04	1.1755e-36	1.1755e-36	1.1755e-36	1.1252e-17	0.00e+00	0.00e+00	2.6310e+01
6.29742e+18	7.2229e+03	1.416e-21	2.7826e+01	1.2870e+01	5.3926e-09	5.9592e-01	4.0408e-01	3.3077e-01	6.6923e-01	7.6632e-08	2.2580e-11	9.9764e-04	9.0717e-01	9.1828e-02	1.3220e-06	6.4810e-01	3.5127e-01	6.2410e-04	1.1755e-36	1.1755e-36	1.1755e-36	1.2458e-17	0.00e+00	0.00e+00	2.6842e+01
6.30236e+18	7.1812e+03	1.361e-21	2.7826e+01	1.2498e+01	5.9026e-09	6.0852e-01	3.9148e-01	3.3716e-01	6.6284e-01	7.7019e-08	2.4026e-11	9.7362e-04	9.1006e-01	8.8969e-02	1.2298e-06	6.6008e-01	3.3935e-01	5.7159e-04	1.1755e-36	1.1755e-36	1.1755e-36	1.3713e-17	0.00e+00	0.00e+00	2.7355e+01
6.30710e+18	7.1401e+03	1.310e-21	2.7826e+01	1.2148e+01	6.4347e-09	6.2041e-01	3.7959e-01	3.4349e-01	6.5651e-01	7.7366e-08	2.5473e-11	9.5093e-04	9.1280e-01	8.6244e-02	1.1468e-06	6.7132e-01	3.2815e-01	5.2519e-04	1.1755e-36	1.1755e-36	1.1755e-36	1.5016e-17	0.00e+00	0.00e+00	2.7866e+01
6.31184e+18	7.0980e+03	1.259e-21	2.7826e+01	1.1807e+01	7.0113e-09	6.3207e-01	3.6793e-01	3.5000e-01	6.5000e-01	7.7681e-08	2.6978e-11	9.2863e-04	9.1553e-01	8.3544e-02	1.0689e-06	6.8230e-01	3.1722e-01	4.8246e-04	1.1755e-36	1.1755e-36	1.1755e-36	1.6420e-17	0.00e+00	0.00e+00	2.8398e+01
6.31669e+18	7.0507e+03	1.209e-21	2.7826e+01	1.1457e+01	7.6707e-09	6.4378e-01	3.5622e-01	3.5676e-01	6.4324e-01	7.7993e-08	2.8563e-11	9.0570e-04	9.1825e-01	8.0843e-02	9.9477e-07	6.9325e-01	3.0631e-01	4.4238e-04	1.1755e-36	1.1755e-36	1.1755e-36	1.7952e-17	0.00e+00	0.00e+00	2.8955e+01
6.32165e+18	6.9981e+03	1.159e-21	2.7826e+01	1.1110e+01	8.4242e-09	6.5554e-01	3.4446e-01	3.6383e-01	6.3617e-01	7.8288e-08	3.0257e-11	8.8275e-04	9.2099e-01	7.8124e-02	9.2401e-07	7.0422e-01	2.9537e-01	4.0478e-04	1.1755e-36	1.1755e-36	1.1755e-36	1.9653e-17	0.00e+00	0.00e+00	2.9528e+01
6.32661e+18	6.9431e+03	1.111e-21	2.7826e+01	1.0781e+01	9.2657e-09	6.6729e-01	3.3271e-01	3.7127e-01	6.2873e-01	7.8463e-08	3.2091e-11	8.6087e-04	9.2373e-01	7.5404e-02	8.5727e-07	7.1511e-01	2.8452e-01	3.6998e-04	1.1755e-36	1.1755e-36	1.1755e-36	2.1581e-17	0.00e+00	0.00e+00	3.0108e+01
6.33150e+18	6.8903e+03	1.065e-21	2.7826e+01	1.0452e+01	1.0147e-08	6.7827e-01	3.2173e-01	3.7842e-01	6.2158e-01	7.8742e-08	3.3861e-11	8.3873e-04	9.2630e-01	7.2857e-02	7.9727e-07	7.2525e-01	2.7441e-01	3.3904e-04	1.1755e-36	1.1755e-36	1.1755e-36	2.3508e-17	0.00e+00	0.00e+00	3.0684e+01
6.33640e+18	6.8359e+03	1.020e-21	2.7826e+01	1.0134e+01	1.1116e-08	6.8903e-01	3.1097e-01	3.8586e-01	6.1414e-01	7.8945e-08	3.5717e-11	8.1721e-04	9.2886e-01	7.0324e-02	7.4072e-07	7.3513e-01	2.6456e-01	3.1053e-04	1.1755e-36	1.1755e-36	1.1755e-36	2.5611e-17	0.00e+00	0.00e+00	3.1286e+01
6.34145e+18	6.7772e+03	9.748e-22	2.7826e+01	9.8121e+00	1.2224e-08	6.9980e-01	3.0020e-01	3.9361e-01	6.0639e-01	7.9131e-08	3.7684e-11	7.9538e-04	9.3142e-01	6.7787e-02	6.8676e-07	7.4496e-01	2.5475e-01	2.8377e-04	1.1755e-36	1.1755e-36	1.1755e-36	2.7936e-17	0.00e+00	0.00e+00	3.1916e+01
6.34659e+18	6.7118e+03	9.309e-22	2.7826e+01	9.4909e+00	1.3512e-08	7.1049e-01	2.8951e-01	4.0166e-01	5.9834e-01	7.9279e-08	3.9767e-11	7.7339e-04	9.3396e-01	6.5265e-02	6.3571e-07	7.5470e-01	2.4504e-01	2.5891e-04	1.1755e-36	1.1755e-36	1.1755e-36	3.0511e-17	0.00e+00	0.00e+00	3.2561e+01
6.35176e+18	6.6430e+03	8.889e-22	2.7826e+01	9.1873e+00	1.4980e-08	7.2115e-01	2.7885e-01	4.1015e-01	5.8985e-01	7.9270e-08	4.2049e-11	7.5256e-04	9.3650e-01	6.2749e-02	5.8761e-07	7.6435e-01	2.3542e-01	2.3593e-04	1.1755e-36	1.1755e-36	1.1755e-36	3.3487e-17	0.00e+00	0.00e+00	3.3215e+01
6.35686e+18	6.5756e+03	8.487e-22	2.7826e+01	8.8864e+00	1.6550e-08	7.3106e-01	2.6894e-01	4.1836e-01	5.8164e-01	7.9353e-08	4.4264e-11	7.3164e-04	9.3888e-01	6.0392e-02	5.4428e-07	7.7329e-01	2.2649e-01	2.1554e-04	1.1755e-36	1.1755e-36	1.1755e-36	3.6512e-17	0.00e+00	0.00e+00	3.3864e+01
6.36199e+18	6.5069e+03	8.099e-22	2.7826e+01	8.5968e+00	1.8299e-08	7.4072e-01	2.5928e-01	4.2688e-01	5.7312e-01	7.9336e-08	4.6603e-11	7.1142e-04	9.4123e-01	5.8061e-02	5.0356e-07	7.8196e-01	2.1784e-01	1.9681e-04	1.1755e-36	1.1755e-36	1.1755e-36	3.9874e-17	0.00e+00	0.00e+00	3.4540e+01
6.36727e+18	6.4249e+03	7.716e-22	2.7826e+01	8.3044e+00	2.0488e-08	7.5053e-01	2.4947e-01	4.3593e-01	5.6407e-01	7.9187e-08	4.9216e-11	6.9117e-04	9.4360e-01	5.5709e-02	4.6454e-07	7.9074e-01	2.0908e-01	1.7920e-04	1.1755e-36	1.1755e-36	1.1755e-36	4.3876e-17	0.00e+00	0.00e+00	3.5247e+01
6.37246e+18	6.3540e+03	7.355e-22	2.7826e+01	8.0234e+00	2.2672e-08	7.5950e-01	2.4050e-01	4.4445e-01	5.5555e-01	7.9201e-08	5.1711e-11	6.7113e-04	9.4577e-01	5.3555e-02	4.2996e-07	7.9874e-01	2.0109e-01	1.6368e-04	1.1755e-36	1.1755e-36	1.1755e-36	4.7902e-17	0.00e+00	0.00e+00	3.5917e+01
6.37757e+18	6.2828e+03	7.013e-22	2.7826e+01	7.7605e+00	2.5076e-08	7.6808e-01	2.3192e-01	4.5327e-01	5.4673e-01	7.9048e-08	5.4346e-11	6.5237e-04	9.4791e-01	5.1441e-02	3.9772e-07	8.0635e-01	1.9350e-01	1.4964e-04	1.1755e-36	1.1755e-36	1.1755e-36	5.2394e-17	0.00e+00	0.00e+00	3.6620e+01
6.38289e+18	6.1944e+03	6.676e-22	2.7826e+01	7.4974e+00	2.8229e-08	7.7708e-01	2.2292e-01	4.6296e-01	5.3704e-01	7.8653e-08	5.7509e-11	6.3379e-04	9.5010e-01	4.9263e-02	3.6629e-07	8.1430e-01	1.8557e-01	1.3618e-04	1.1755e-36	1.1755e-36	1.1755e-36	5.8215e-17	0.00e+00	0.00e+00	3.7362e+01
6.38804e+18	6.1134e+03	6.366e-22	2.7826e+01	7.2493e+00	3.1514e-08	7.8531e-01	2.1469e-01	4.7198e-01	5.2802e-01	7.8377e-08	6.0635e-11	6.1596e-04	9.5208e-01	4.7300e-02	3.3889e-07	8.2156e-01	1.7831e-01	1.2446e-04	1.1755e-36	1.1755e-36	1.1755e-36	6.4375e-17	0.00e+00	0.00e+00	3.8033e+01
6.39281e+18	6.0316e+03	6.090e-22	2.7826e+01	7.0240e+00	3.5100e-08	7.9257e-01	2.0743e-01	4.8058e-01	5.1942e-01	7.8019e-08	6.3735e-11	5.9977e-04	9.5388e-01	4.5523e-02	3.1520e-07	8.2794e-01	1.7194e-01	1.1462e-04	1.1755e-36	1.1755e-36	1.1755e-36	7.0934e-17	0.00e+00	0.00e+00	3.8683e+01
6.39743e+18	5.9509e+03	5.834e-22	2.7826e+01	6.8148e+00	3.9028e-08	7.9941e-01	2.0059e-01	4.8913e-01	5.1087e-01	7.7569e-08	6.7015e-11	5.8470e-04	9.5558e-01	4.3839e-02	2.9366e-07	8.3394e-01	1.6596e-01	1.0583e-04	1.1755e-36	1.1755e-36	1.1755e-36	7.8343e-17	0.00e+00	0.00e+00	3.9324e+01
6.40198e+18	5.8625e+03	5.591e-22	2.7826e+01	6.6101e+00	4.3715e-08	8.0597e-01	1.9403e-01	4.9770e-01	5.0230e-01	7.7045e-08	7.0622e-11	5.6998e-04	9.5720e-01	4.2232e-02	2.7384e-07	8.3969e-01	1.6022e-01	9.7858e-05	1.1755e-36	1.1755e-36	1.1755e-36	8.7153e-17	0.00e+00	0.00e+00	3.9967e+01
6.40637e+18	5.7878e+03	5.367e-22	2.7826e+01	6.4235e+00	4.8287e-08	8.1200e-01	1.8800e-01	5.0582e-01	4.9418e-01	7.6584e-08	7.4213e-11	5.5633e-04	9.5869e-01	4.0753e-02	2.5615e-07	8.4494e-01	1.5497e-01	9.0770e-05	1.1755e-36	1.1755e-36	1.1755e-36	9.6414e-17	0.00e+00	0.00e+00	4.0571e+01
6.41072e+18	5.6965e+03	5.152e-22	2.7826e+01	6.2371e+00	5.4240e-08	8.1794e-01	1.8206e-01	5.1431e-01	4.8569e-01	7.5935e-08	7.8467e-11	5.4288e-04	9.6016e-01	3.9296e-02	2.3943e-07	8.5011e-01	1.4980e-01	8.4236e-05	1.1755e-36	1.1755e-36	1.1755e-36	1.0836e-16	0.00e+00	0.00e+00	4.1213e+01
6.41499e+18	5.6202e+03	4.949e-22	2.7826e+01	6.0627e+00	6.0015e-08	8.2347e-01	1.7653e-01	5.2223e-01	4.7777e-01	7.5436e-08	8.2703e-11	5.3001e-04	9.6151e-01	3.7961e-02	2.2445e-07	8.5490e-01	1.4502e-01	7.8328e-05	1.1755e-36	1.1755e-36	1.1755e-36	1.2095e-16	0.00e+00	0.00e+00	4.1803e+01
6.41915e+18	5.5291e+03	4.760e-22	2.7826e+01	5.8950e+00	6.7427e-08	8.2887e-01	1.7113e-01	5.3051e-01	4.6949e-01	7.4698e-08	8.7819e-11	5.1788e-04	9.6283e-01	3.6656e-02	2.1042e-07	8.5959e-01	1.4033e-01	7.2939e-05	1.1755e-36	1.1755e-36	1.1755e-36	1.3745e-16	0.00e+00	0.00e+00	4.2419e+01
6.42319e+18	5.4461e+03	4.583e-22	2.7826e+01	5.7365e+00	7.5100e-08	8.3391e-01	1.6609e-01	5.3825e-01	4.6175e-01	7.4067e-08	9.3125e-11	5.0624e-04	9.6403e-01	3.5465e-02	1.9791e-07	8.6396e-01	1.3598e-01	6.8096e-05	1.1755e-36	1.1755e-36	1.1755e-36	1.5577e-16	0.00e+00	0.00e+00	4.2984e+01
6.42700e+18	5.3741e+03	4.421e-22	2.7826e+01	5.5920e+00	8.2555e-08	8.3837e-01	1.6163e-01	5.4552e-01	4.5448e-01	7.3492e-08	9.8321e-11	4.9548e-04	9.6513e-01	3.4373e-02	1.8671e-07	8.6780e-01	1.3214e-01	6.3851e-05	1.1755e-36	1.1755e-36	1.1755e-36	1.7476e-16	0.00e+00	0.00e+00	4.3539e+01
6.43097e+18	5.2813e+03	4.256e-22	2.7826e+01	5.4377e+00	9.2895e-08	8.4306e-01	1.5694e-01	5.5347e-01	4.4653e-01	7.2723e-08	1.0517e-10	4.8420e-04	9.6627e-01	3.3249e-02	1.7555e-07	8.7186e-01	1.2808e-01	5.9678e-05	1.1755e-36	1.1755e-36	1.1755e-36	2.0198e-16	0.00e+00	0.00e+00	4.4157e+01
6.43493e+18	5.1974e+03	4.101e-22	2.7826e+01	5.2954e+00	1.0363e-07	8.4776e-01	1.5224e-01	5.6122e-01	4.3878e-01	7.1972e-08	1.1264e-10	4.7371e-04	9.6734e-01	3.2186e-02	1.6531e-07	8.7589e-01	1.2406e-01	5.5759e-05	1.1755e-36	1.1755e-36	1.1755e-36	2.3364e-16	0.00e+00	0.00e+00	4.4716e+01
6.43862e+18	5.1157e+03	3.960e-22	2.7826e+01	5.1628e+00	1.1508e-07	8.5190e-01	1.4810e-01	5.6848e-01	4.3152e-01	7.1245e-08	1.2049e-10	4.6393e-04	9.6831e-01	3.1227e-02	1.5628e-07	8.7945e-01	1.2050e-01	5.2382e-05	1.1755e-36	1.1755e-36	1.1755e-36	2.6944e-16	0.00e+00	0.00e+00	4.5258e+01
6.44225e+18	5.0328e+03	3.825e-22	2.7826e+01	5.0346e+00	1.2787e-07	8.5589e-01	1.4411e-01	5.7571e-01	4.2429e-01	7.0474e-08	1.2929e-10	4.5450e-04	9.6924e-01	3.0306e-02	1.4784e-07	8.8288e-01	1.1707e-01	4.9250e-05	1.1755e-36	1.1755e-36	1.1755e-36	3.1259e-16	0.00e+00	0.00e+00	4.5805e+01
6.44589e+18	4.9463e+03	3.695e-22	2.7826e+01	4.9078e+00	1.4240e-07	8.5986e-01	1.4014e-01	5.8300e-01	4.1700e-01	6.9665e-08	1.3756e-10	4.4523e-04	9.7022e-01	2.9335e-02	1.3949e-07	8.8627e-01	1.1368e-01	4.6291e-05	1.1755e-36	1.1755e-36	1.1755e-36	3.5594e-16	0.00e+00	0.00e+00	4.6354e+01
6.44949e+18	4.8599e+03	3.571e-22	2.7826e+01	4.7813e+00	1.5814e-07	8.6357e-01	1.3643e-01	5.9002e-01	4.0998e-01	6.8923e-08	1.4489e-10	4.3594e-04	9.7120e-01	2.8369e-02	1.3149e-07	8.8949e-01	1.1046e-01	4.3554e-05	1.1755e-36	1.1755e-36	1.1755e-36	3.9701e-16	0.00e+00	0.00e+00	4.6895e+01
6.45306e+18	4.7757e+03	3.449e-22	2.7826e+01	4.6610e+00	1.7497e-07	8.6728e-01	1.3272e-01	5.9707e-01	4.0293e-01	6.8132e-08	1.5249e-10	4.2711e-04	9.7214e-01	2.7431e-02	1.2401e-07	8.9263e-01	1.0733e-01	4.0998e-05	1.1755e-36	1.1755e-36	1.1755e-36	4.4200e-16	0.00e+00	0.00e+00	4.7441e+01
6.45672e+18	4.6868e+03	3.330e-22	2.7826e+01	4.5421e+00	1.9416e-07	8.7105e-01	1.2895e-01	6.0447e-01	3.9553e-01	6.7223e-08	1.6070e-10	4.1849e-04	9.7310e-01	2.6482e-02	1.1755e-36	8.9585e-01	1.0412e-01	3.8497e-05	1.1755e-36	1.1755e-36	1.1755e-36	4.9347e-16	0.00e+00	0.00e+00	4.8011e+01
6.46046e+18	4.5900e+03	3.212e-22	2.7826e+01	4.4183e+00	2.1639e-07	8.7485e-01	1.2515e-01	6.1196e-01	3.8804e-01	6.6307e-08	1.6935e-10	4.0956e-04	9.7405e-01	2.5543e-02	1.1755e-36	8.9909e-01	1.0088e-01	3.6100e-05	1.1755e-36	1.1755e-36	1.1755e-36	5.5133e-16	0.00e+00	0.00e+00	4.8590e+01
6.46418e+18	4.4932e+03	3.099e-22	2.7826e+01	4.2953e+00	2.3983e-07	8.7847e-01	1.2153e-01	6.1918e-01	3.8082e-01	6.5450e-08	1.7763e-10	4.0065e-04	9.7495e-01	2.4653e-02	1.1755e-36	9.0218e-01	9.7786e-02	3.3888e-05	1.1755e-36	1.1755e-36	1.1755e-36	6.0993e-16	0.00e+00	0.00e+00	4.9156e+01
6.46789e+18	4.3957e+03	2.989e-22	2.7826e+01	4.1810e+00	2.6466e-07	8.8216e-01	1.1784e-01	6.2677e-01	3.7323e-01	6.4411e-08	1.8593e-10	3.9256e-04	9.7584e-01	2.3764e-02	1.1755e-36	9.0531e-01	9.4659e-02	3.1766e-05	1.1755e-36	1.1755e-36	1.1755e-36	6.7124e-16	0.00e+00	0.00e+00	4.9737e+01
6.47176e+18	4.2916e+03	2.878e-22	2.7826e+01	4.0593e+00	2.9139e-07	8.8585e-01	1.1415e-01	6.3453e-01	3.6547e-01	6.3383e-08	1.9368e-10	3.8394e-04	9.7674e-01	2.2871e-02	1.1755e-36	9.0845e-01	9.1517e-02	2.9700e-05	1.1755e-36	1.1755e-36	1.1755e-36	7.3097e-16	0.00e+00	0.00e+00	5.0360e+01
6.47594e+18	4.1786e+03	2.762e-22	2.7826e+01	3.9302e+00	3.2001e-07	8.8979e-01	1.1021e-01	6.4286e-01	3.5714e-01	6.2262e-08	2.0078e-10	3.7487e-04	9.7768e-01	2.1940e-02	1.1755e-36	9.1180e-01	8.8176e-02	2.7600e-05	1.1755e-36	1.1755e-36	1.1755e-36	7.8719e-16	0.00e+00	0.00e+00	5.1041e+01
6.48054e+18	4.0531e+03	2.639e-22	2.7826e+01	3.7899e+00	3.4991e-07	8.9408e-01	1.0592e-01	6.5194e-01	3.4806e-01	6.1031e-08	2.0654e-10	3.6511e-04	9.7868e-01	2.0956e-02	1.1755e-36	9.1543e-01	8.4549e-02	2.5435e-05	1.1755e-36	1.1755e-36	1.1755e-36	8.3279e-16	0.00e+00	0.00e+00	5.1801e+01
6.48531e+18	3.9263e+03	2.516e-22	2.7826e+01	3.6465e+00	3.7648e-07	8.9848e-01	1.0152e-01	6.6085e-01	3.3915e-01	5.9893e-08	2.0974e-10	3.5513e-04	9.7963e-01	2.0012e-02	1.1755e-36	9.1914e-01	8.0837e-02	2.3350e-05	1.1755e-36	1.1755e-36	1.1755e-36	8.5594e-16	0.00e+00	0.00e+00	5.2541e+01
