#depth	Te	Htot	hden	eden	2H_2/H	HI	HII	HeI	HeII	HeIII	CO/C	C1	C2	C3	C4	O1	O2	O3	O4	O5	O6	H2O/O	AV(point)	AV(extend)	Tau912
5.39976e+14	6.8040e+03	3.275e-22	1.0000e+01	1.0789e+01	1.1758e-12	5.9373e-03	9.9406e-01	2.7840e-02	9.7056e-01	1.5963e-03	5.8669e-16	6.0282e-04	3.4746e-01	6.5161e-01	3.2623e-04	4.8965e-03	7.2828e-01	2.6673e-01	9.6077e-05	1.1755e-36	1.1755e-36	3.7634e-24	0.00e+00	0.00e+00	4.0486e-04
3.23986e+15	6.8000e+03	3.272e-22	1.0000e+01	1.0786e+01	1.1780e-12	5.9339e-03	9.9407e-01	2.7841e-02	9.7056e-01	1.5948e-03	5.8565e-16	6.0162e-04	3.4748e-01	6.5159e-01	3.2696e-04	4.8931e-03	7.2818e-01	2.6683e-01	9.5813e-05	1.1755e-36	1.1755e-36	3.7517e-24	0.00e+00	0.00e+00	2.0234e-03
1.40394e+16	6.7899e+03	3.267e-22	1.0000e+01	1.0785e+01	1.1866e-12	5.9330e-03	9.9407e-01	2.7883e-02	9.7053e-01	1.5831e-03	5.8614e-16	6.0084e-04	3.4785e-01	6.5123e-01	3.2592e-04	4.8951e-03	7.2842e-01	2.6659e-01	9.4350e-05	1.1755e-36	1.1755e-36	3.7461e-24	0.00e+00	0.00e+00	8.4964e-03
5.72375e+16	6.7707e+03	3.248e-22	1.0000e+01	1.0784e+01	1.2070e-12	5.9397e-03	9.9406e-01	2.8051e-02	9.7042e-01	1.5269e-03	5.9055e-16	6.0218e-04	3.4928e-01	6.4979e-01	3.2145e-04	4.9142e-03	7.2974e-01	2.6525e-01	8.8538e-05	1.1755e-36	1.1755e-36	3.7531e-24	0.00e+00	0.00e+00	3.4418e-02
1.36722e+17	6.6845e+03	3.187e-22	1.0000e+01	1.0784e+01	1.2547e-12	5.8676e-03	9.9413e-01	2.8207e-02	9.7031e-01	1.4815e-03	5.7723e-16	5.9857e-04	3.5083e-01	6.4826e-01	3.1656e-04	4.8665e-03	7.3043e-01	2.6462e-01	8.1682e-05	1.1755e-36	1.1755e-36	3.5693e-24	0.00e+00	0.00e+00	6.7707e-02
2.40052e+17	6.5994e+03	3.130e-22	1.0000e+01	1.0785e+01	1.3167e-12	5.8244e-03	9.9418e-01	2.8474e-02	9.7014e-01	1.3846e-03	5.7155e-16	5.9939e-04	3.5328e-01	6.4582e-01	3.0833e-04	4.8524e-03	7.3233e-01	2.6275e-01	7.2714e-05	1.1755e-36	1.1755e-36	3.4442e-24	0.00e+00	0.00e+00	1.1066e-01
3.74381e+17	6.5110e+03	3.072e-22	1.0000e+01	1.0784e+01	1.4007e-12	5.8079e-03	9.9419e-01	2.8882e-02	9.6988e-01	1.2398e-03	5.7349e-16	6.0401e-04	3.5684e-01	6.4226e-01	2.9668e-04	4.8720e-03	7.3561e-01	2.5946e-01	6.1890e-05	1.1755e-36	1.1755e-36	3.3700e-24	0.00e+00	0.00e+00	1.6635e-01
5.49008e+17	6.4179e+03	3.013e-22	1.0000e+01	1.0783e+01	1.5166e-12	5.8259e-03	9.9417e-01	2.9480e-02	9.6947e-01	1.0507e-03	5.8543e-16	6.1326e-04	3.6192e-01	6.3718e-01	2.8138e-04	4.9353e-03	7.4066e-01	2.5436e-01	4.9674e-05	1.1755e-36	1.1755e-36	3.3576e-24	0.00e+00	0.00e+00	2.3897e-01
7.76024e+17	6.3222e+03	2.955e-22	1.0000e+01	1.0782e+01	1.6770e-12	5.8933e-03	9.9411e-01	3.0355e-02	9.6882e-01	8.2946e-04	6.1181e-16	6.2927e-04	3.6911e-01	6.2999e-01	2.6239e-04	5.0609e-03	7.4802e-01	2.4688e-01	3.6902e-05	1.1755e-36	1.1755e-36	3.4295e-24	0.00e+00	0.00e+00	3.3446e-01
1.07114e+18	6.2274e+03	2.900e-22	1.0000e+01	1.0779e+01	1.9049e-12	6.0354e-03	9.9396e-01	3.1646e-02	9.6776e-01	5.9803e-04	6.6186e-16	6.5524e-04	3.7932e-01	6.1979e-01	2.3991e-04	5.2789e-03	7.5838e-01	2.3632e-01	2.4764e-05	1.1755e-36	1.1755e-36	3.6423e-24	0.00e+00	0.00e+00	4.6160e-01
1.45480e+18	6.1402e+03	2.850e-22	1.0000e+01	1.0775e+01	2.2382e-12	6.2958e-03	9.9370e-01	3.3596e-02	9.6602e-01	3.8484e-04	7.5311e-16	6.9683e-04	3.9397e-01	6.0512e-01	2.1420e-04	5.6418e-03	7.7261e-01	2.2174e-01	1.4537e-05	1.1755e-36	1.1755e-36	4.1024e-24	0.00e+00	0.00e+00	6.3400e-01
1.95355e+18	6.0699e+03	2.814e-22	1.0000e+01	1.0768e+01	2.7534e-12	6.7553e-03	9.9324e-01	3.6643e-02	9.6314e-01	2.1522e-04	9.2441e-16	7.6356e-04	4.1536e-01	5.8370e-01	1.8518e-04	6.2482e-03	7.9188e-01	2.0187e-01	7.1490e-06	1.1755e-36	1.1755e-36	5.0603e-24	0.00e+00	0.00e+00	8.7450e-01
2.58541e+18	6.0290e+03	2.797e-22	1.0000e+01	1.0757e+01	3.5960e-12	7.5458e-03	9.9245e-01	4.1526e-02	9.5837e-01	1.0324e-04	1.2618e-15	8.7011e-04	4.4646e-01	5.5252e-01	1.5299e-04	7.2625e-03	8.1698e-01	1.7576e-01	2.8409e-06	1.1755e-36	1.1755e-36	7.1232e-24	0.00e+00	0.00e+00	1.2080e+00
3.17464e+18	6.0287e+03	2.804e-22	1.0000e+01	1.0741e+01	4.5796e-12	8.4854e-03	9.9151e-01	4.7106e-02	9.5284e-01	5.1931e-05	1.7251e-15	9.8785e-04	4.7822e-01	5.2067e-01	1.2703e-04	8.4567e-03	8.3963e-01	1.5191e-01	1.1888e-06	1.1755e-36	1.1755e-36	1.0211e-23	0.00e+00	0.00e+00	1.4644e+00
3.58246e+18	6.0643e+03	2.831e-22	1.0000e+01	1.0727e+01	5.4809e-12	9.3947e-03	9.9061e-01	5.2297e-02	9.4767e-01	3.2872e-05	2.2560e-15	1.0928e-03	5.0445e-01	4.9435e-01	1.0935e-04	9.5996e-03	8.5621e-01	1.3419e-01	6.3470e-07	1.1755e-36	1.1755e-36	1.4085e-23	0.00e+00	0.00e+00	1.6644e+00
3.90077e+18	6.1037e+03	2.864e-22	1.0000e+01	1.0713e+01	6.4326e-12	1.0310e-02	9.8969e-01	5.7483e-02	9.4249e-01	2.3117e-05	2.8831e-15	1.1919e-03	5.2807e-01	4.7064e-01	9.5406e-05	1.0748e-02	8.6961e-01	1.1964e-01	3.7835e-07	1.1755e-36	1.1755e-36	1.8989e-23	0.00e+00	0.00e+00	1.8593e+00
4.24520e+18	6.1463e+03	2.909e-22	1.0000e+01	1.0695e+01	7.9095e-12	1.1569e-02	9.8843e-01	6.4697e-02	9.3529e-01	1.5747e-05	3.9141e-15	1.3202e-03	5.5741e-01	4.4119e-01	8.0119e-05	1.2334e-02	8.8435e-01	1.0332e-01	2.0746e-07	1.1755e-36	1.1755e-36	2.7613e-23	0.00e+00	0.00e+00	2.1438e+00
4.59952e+18	6.2072e+03	2.969e-22	1.0000e+01	1.0670e+01	9.8718e-12	1.3184e-02	9.8682e-01	7.3853e-02	9.2614e-01	1.0756e-05	5.4816e-15	1.4679e-03	5.8979e-01	4.0868e-01	6.5557e-05	1.4364e-02	8.9853e-01	8.7101e-02	1.1755e-36	1.1755e-36	1.1755e-36	4.2041e-23	0.00e+00	0.00e+00	2.4096e+00
4.88122e+18	6.2644e+03	3.028e-22	1.0000e+01	1.0646e+01	1.2077e-11	1.4853e-02	9.8515e-01	8.3351e-02	9.1664e-01	7.9924e-06	7.4281e-15	1.6053e-03	6.1874e-01	3.7960e-01	5.4273e-05	1.6463e-02	9.0936e-01	7.4179e-02	1.1755e-36	1.1755e-36	1.1755e-36	6.1691e-23	0.00e+00	0.00e+00	2.6386e+00
5.11219e+18	6.3191e+03	3.081e-22	1.0000e+01	1.0626e+01	1.4515e-11	1.6560e-02	9.8344e-01	9.3214e-02	9.0678e-01	6.2656e-06	9.8053e-15	1.7317e-03	6.4481e-01	3.5342e-01	4.5324e-05	1.8611e-02	9.1769e-01	6.3694e-02	1.1755e-36	1.1755e-36	1.1755e-36	8.7890e-23	0.00e+00	0.00e+00	2.8663e+00
5.36269e+18	6.3496e+03	3.145e-22	1.0000e+01	1.0584e+01	1.8693e-11	1.8903e-02	9.8110e-01	1.0696e-01	8.9304e-01	4.7367e-06	1.3685e-14	1.8880e-03	6.7608e-01	3.2200e-01	3.5949e-05	2.1560e-02	9.2583e-01	5.2609e-02	1.1755e-36	1.1755e-36	1.1755e-36	1.3378e-22	0.00e+00	0.00e+00	3.2043e+00
5.62954e+18	6.4070e+03	3.223e-22	1.0000e+01	1.0539e+01	2.4782e-11	2.2108e-02	9.7789e-01	1.2584e-01	8.7416e-01	3.5589e-06	2.0207e-14	2.0680e-03	7.1119e-01	2.8671e-01	2.7073e-05	2.5585e-02	9.3279e-01	4.1623e-02	1.1755e-36	1.1755e-36	1.1755e-36	2.2081e-22	0.00e+00	0.00e+00	3.5541e+00
5.85604e+18	6.4575e+03	3.296e-22	1.0000e+01	1.0484e+01	3.2798e-11	2.5756e-02	9.7424e-01	1.4753e-01	8.5247e-01	2.7792e-06	2.9429e-14	2.2366e-03	7.4358e-01	2.5416e-01	2.0259e-05	3.0156e-02	9.3700e-01	3.2848e-02	1.1755e-36	1.1755e-36	1.1755e-36	3.5923e-22	0.00e+00	0.00e+00	3.8834e+00
6.04295e+18	6.4968e+03	3.361e-22	1.0000e+01	1.0429e+01	4.2917e-11	2.9706e-02	9.7029e-01	1.7127e-01	8.2873e-01	2.2518e-06	4.1755e-14	2.3872e-03	7.7208e-01	2.2552e-01	1.5244e-05	3.5093e-02	9.3878e-01	2.6124e-02	1.1755e-36	1.1755e-36	1.1755e-36	5.6610e-22	0.00e+00	0.00e+00	4.2048e+00
6.20576e+18	6.5321e+03	3.412e-22	1.0000e+01	1.0354e+01	5.5678e-11	3.4055e-02	9.6594e-01	1.9761e-01	8.0239e-01	1.8530e-06	5.8250e-14	2.5195e-03	7.9763e-01	1.9984e-01	1.1461e-05	4.0515e-02	9.3869e-01	2.0796e-02	1.1755e-36	1.1755e-36	1.1755e-36	8.7325e-22	0.00e+00	0.00e+00	4.5366e+00
6.35496e+18	6.5612e+03	3.457e-22	1.0000e+01	1.0277e+01	7.3007e-11	3.9140e-02	9.6086e-01	2.2844e-01	7.7156e-01	1.5368e-06	8.1775e-14	2.6445e-03	8.2172e-01	1.7563e-01	8.4692e-06	4.6835e-02	9.3679e-01	1.6372e-02	1.1755e-36	1.1755e-36	1.1755e-36	1.3594e-21	0.00e+00	0.00e+00	4.8927e+00
6.49205e+18	6.5848e+03	3.498e-22	1.0000e+01	1.0198e+01	9.6953e-11	4.5155e-02	9.5485e-01	2.6451e-01	7.3549e-01	1.2828e-06	1.1598e-13	2.7616e-03	8.4428e-01	1.5296e-01	6.1393e-06	5.4283e-02	9.3299e-01	1.2725e-02	1.1755e-36	1.1755e-36	1.1755e-36	2.1467e-21	0.00e+00	0.00e+00	5.2636e+00
6.61359e+18	6.6046e+03	3.524e-22	1.0000e+01	1.0100e+01	1.2840e-10	5.1928e-02	9.4807e-01	3.0421e-01	6.9579e-01	1.0774e-06	1.6318e-13	2.8588e-03	8.6415e-01	1.3299e-01	4.4358e-06	6.2639e-02	9.2749e-01	9.8712e-03	1.1755e-36	1.1755e-36	1.1755e-36	3.3529e-21	0.00e+00	0.00e+00	5.6341e+00
6.72020e+18	6.6184e+03	3.536e-22	1.0000e+01	9.9897e+00	1.6932e-10	5.9439e-02	9.4056e-01	3.4664e-01	6.5336e-01	9.1000e-07	2.2726e-13	2.9372e-03	8.8133e-01	1.1573e-01	3.2104e-06	7.1865e-02	9.2046e-01	7.6724e-03	1.1755e-36	1.1755e-36	1.1755e-36	5.1641e-21	0.00e+00	0.00e+00	6.0103e+00
6.81632e+18	6.6281e+03	3.531e-22	1.0000e+01	9.8580e+00	2.2301e-10	6.7855e-02	9.3215e-01	3.9182e-01	6.0818e-01	7.6830e-07	3.1475e-13	2.9962e-03	8.9632e-01	1.0068e-01	2.3191e-06	8.2160e-02	9.1189e-01	5.9514e-03	1.1755e-36	1.1755e-36	1.1755e-36	7.8857e-21	0.00e+00	0.00e+00	6.4045e+00
6.90555e+18	6.6311e+03	3.512e-22	1.0000e+01	9.7118e+00	2.9701e-10	7.7639e-02	9.2236e-01	4.4053e-01	5.5947e-01	6.4436e-07	4.3923e-13	3.0411e-03	9.0973e-01	8.7227e-02	1.6559e-06	9.4070e-02	9.0136e-01	4.5728e-03	1.1755e-36	1.1755e-36	1.1755e-36	1.2156e-20	0.00e+00	0.00e+00	6.8283e+00
6.98891e+18	6.6264e+03	3.481e-22	1.0000e+01	9.5514e+00	4.0176e-10	8.9185e-02	9.1081e-01	4.9221e-01	5.0778e-01	5.3736e-07	6.2021e-13	3.0723e-03	9.2169e-01	7.5233e-02	1.1665e-06	1.0804e-01	8.8848e-01	3.4732e-03	1.1755e-36	1.1755e-36	1.1755e-36	1.9047e-20	0.00e+00	0.00e+00	7.2803e+00
7.06568e+18	6.6207e+03	3.430e-22	1.0000e+01	9.3716e+00	5.4593e-10	1.0256e-01	8.9744e-01	5.4449e-01	4.5551e-01	4.4672e-07	8.7911e-13	3.0863e-03	9.3204e-01	6.4873e-02	8.1757e-07	1.2412e-01	8.7326e-01	2.6198e-03	1.1755e-36	1.1755e-36	1.1755e-36	3.0061e-20	0.00e+00	0.00e+00	7.7548e+00
7.13608e+18	6.5958e+03	3.367e-22	1.0000e+01	9.1731e+00	7.5761e-10	1.1818e-01	8.8182e-01	5.9598e-01	4.0402e-01	3.6991e-07	1.2535e-12	3.0854e-03	9.4097e-01	5.5942e-02	5.7047e-07	1.4277e-01	8.5526e-01	1.9654e-03	1.1755e-36	1.1755e-36	1.1755e-36	4.7969e-20	0.00e+00	0.00e+00	8.2588e+00
7.20132e+18	6.5674e+03	3.282e-22	1.0000e+01	8.9492e+00	1.0613e-09	1.3636e-01	8.6364e-01	6.4502e-01	3.5498e-01	3.0652e-07	1.7960e-12	3.0667e-03	9.4864e-01	4.8289e-02	3.9683e-07	1.6431e-01	8.3423e-01	1.4643e-03	1.1755e-36	1.1755e-36	1.1755e-36	7.7587e-20	0.00e+00	0.00e+00	8.8007e+00
7.26248e+18	6.5280e+03	3.176e-22	1.0000e+01	8.6947e+00	1.5162e-09	1.5787e-01	8.4213e-01	6.9112e-01	3.0888e-01	2.5311e-07	2.5964e-12	3.0301e-03	9.5530e-01	4.1671e-02	2.7434e-07	1.8952e-01	8.0940e-01	1.0802e-03	1.1755e-36	1.1755e-36	1.1755e-36	1.2817e-19	0.00e+00	0.00e+00	9.3926e+00
7.32012e+18	6.4750e+03	3.045e-22	1.0000e+01	8.4025e+00	2.2163e-09	1.8346e-01	8.1654e-01	7.3334e-01	2.6665e-01	2.0901e-07	3.7882e-12	2.9737e-03	9.6109e-01	3.5936e-02	1.8840e-07	2.1920e-01	7.8001e-01	7.8778e-04	1.1755e-36	1.1755e-36	1.1755e-36	2.1681e-19	0.00e+00	0.00e+00	1.0040e+01
7.37409e+18	6.4043e+03	2.888e-22	1.0000e+01	8.0686e+00	3.3219e-09	2.1377e-01	7.8623e-01	7.7090e-01	2.2910e-01	1.7315e-07	5.5688e-12	2.8961e-03	9.6611e-01	3.0998e-02	1.2895e-07	2.5387e-01	7.4556e-01	5.6887e-04	1.1755e-36	1.1755e-36	1.1755e-36	3.7613e-19	0.00e+00	0.00e+00	1.0743e+01
7.42415e+18	6.3132e+03	2.704e-22	1.0000e+01	7.6889e+00	5.0986e-09	2.4907e-01	7.5093e-01	8.0296e-01	1.9704e-01	1.4521e-07	8.2098e-12	2.7962e-03	9.7042e-01	2.6785e-02	1.1755e-36	2.9364e-01	7.0596e-01	4.0817e-04	1.1755e-36	1.1755e-36	1.1755e-36	6.6762e-19	0.00e+00	0.00e+00	1.1499e+01
7.46767e+18	6.2058e+03	2.509e-22	1.0000e+01	7.2861e+00	7.8206e-09	2.8729e-01	7.1271e-01	8.2799e-01	1.7201e-01	1.2519e-07	1.1869e-11	2.6809e-03	9.7389e-01	2.3429e-02	1.1755e-36	3.3596e-01	6.6374e-01	2.9758e-04	1.1755e-36	1.1755e-36	1.1755e-36	1.1772e-18	0.00e+00	0.00e+00	1.2205e+01
7.50123e+18	6.0976e+03	2.330e-22	1.0000e+01	6.9139e+00	1.1372e-08	3.2265e-01	6.7735e-01	8.4514e-01	1.5486e-01	1.1258e-07	1.6140e-11	2.5681e-03	9.7640e-01	2.1036e-02	1.1755e-36	3.7446e-01	6.2531e-01	2.2867e-04	1.1755e-36	1.1755e-36	1.1755e-36	1.9275e-18	0.00e+00	0.00e+00	1.2779e+01
7.51983e+18	6.0276e+03	2.222e-22	1.0000e+01	6.6827e+00	1.4298e-08	3.4533e-01	6.5467e-01	8.5296e-01	1.4704e-01	1.0749e-07	1.9400e-11	2.4952e-03	9.7764e-01	1.9867e-02	1.1755e-36	3.9881e-01	6.0099e-01	1.9641e-04	1.1755e-36	1.1755e-36	1.1755e-36	2.6212e-18	0.00e+00	0.00e+00	1.2976e+01
7.52655e+18	6.0021e+03	2.181e-22	1.0000e+01	6.5944e+00	1.5516e-08	3.5360e-01	6.4640e-01	8.5587e-01	1.4413e-01	1.0559e-07	2.0710e-11	2.4669e-03	9.7808e-01	1.9453e-02	1.1755e-36	4.0763e-01	5.9219e-01	1.8581e-04	1.1755e-36	1.1755e-36	1.1755e-36	2.9264e-18	0.00e+00	0.00e+00	1.3074e+01
7.53156e+18	5.9790e+03	2.150e-22	1.0000e+01	6.5293e+00	1.6564e-08	3.5992e-01	6.4008e-01	8.5834e-01	1.4166e-01	1.0384e-07	2.1786e-11	2.4465e-03	9.7845e-01	1.9100e-02	1.1755e-36	4.1435e-01	5.8547e-01	1.7789e-04	1.1755e-36	1.1755e-36	1.1755e-36	3.1882e-18	0.00e+00	0.00e+00	1.3202e+01
7.53802e+18	5.9520e+03	2.109e-22	1.0000e+01	6.4450e+00	1.7968e-08	3.6813e-01	6.3187e-01	8.6138e-01	1.3862e-01	1.0173e-07	2.3244e-11	2.4195e-03	9.7893e-01	1.8654e-02	1.1755e-36	4.2305e-01	5.7678e-01	1.6811e-04	1.1755e-36	1.1755e-36	1.1755e-36	3.5601e-18	0.00e+00	0.00e+00	1.3372e+01
7.54634e+18	5.9056e+03	2.055e-22	1.0000e+01	6.3305e+00	2.0212e-08	3.7920e-01	6.2080e-01	8.6535e-01	1.3465e-01	9.8922e-08	2.5369e-11	2.3834e-03	9.7953e-01	1.8082e-02	1.1755e-36	4.3473e-01	5.6511e-01	1.5616e-04	1.1755e-36	1.1755e-36	1.1755e-36	4.1425e-18	0.00e+00	0.00e+00	1.3595e+01
7.55522e+18	5.8595e+03	1.997e-22	1.0000e+01	6.2060e+00	2.2862e-08	3.9131e-01	6.0869e-01	8.6911e-01	1.3089e-01	9.6449e-08	2.7864e-11	2.3433e-03	9.8014e-01	1.7517e-02	1.1755e-36	4.4744e-01	5.5241e-01	1.4434e-04	1.1755e-36	1.1755e-36	1.1755e-36	4.8852e-18	0.00e+00	0.00e+00	1.3803e+01
7.56306e+18	5.8104e+03	1.947e-22	1.0000e+01	6.0987e+00	2.5787e-08	4.0280e-01	5.9720e-01	8.7246e-01	1.2754e-01	9.4144e-08	3.0495e-11	2.3092e-03	9.8069e-01	1.7003e-02	1.1755e-36	4.5944e-01	5.4042e-01	1.3432e-04	1.1755e-36	1.1755e-36	1.1755e-36	5.7414e-18	0.00e+00	0.00e+00	1.3988e+01
7.56989e+18	5.7756e+03	1.899e-22	1.0000e+01	5.9933e+00	2.8337e-08	4.1240e-01	5.8760e-01	8.7511e-01	1.2489e-01	9.2590e-08	3.2780e-11	2.2743e-03	9.8112e-01	1.6602e-02	1.1755e-36	4.6941e-01	5.3046e-01	1.2630e-04	1.1755e-36	1.1755e-36	1.1755e-36	6.5387e-18	0.00e+00	0.00e+00	1.4155e+01
7.57665e+18	5.7288e+03	1.853e-22	1.0000e+01	5.8919e+00	3.1600e-08	4.2264e-01	5.7736e-01	8.7792e-01	1.2208e-01	9.0740e-08	3.5511e-11	2.2415e-03	9.8159e-01	1.6166e-02	1.1755e-36	4.8002e-01	5.1986e-01	1.1850e-04	1.1755e-36	1.1755e-36	1.1755e-36	7.5719e-18	0.00e+00	0.00e+00	1.4345e+01
7.58365e+18	5.6837e+03	1.804e-22	1.0000e+01	5.7834e+00	3.5251e-08	4.3329e-01	5.6671e-01	8.8062e-01	1.1938e-01	8.9086e-08	3.8549e-11	2.2058e-03	9.8205e-01	1.5742e-02	1.1755e-36	4.9098e-01	5.0891e-01	1.1094e-04	1.1755e-36	1.1755e-36	1.1755e-36	8.8134e-18	0.00e+00	0.00e+00	1.4533e+01
7.59042e+18	5.6391e+03	1.755e-22	1.0000e+01	5.6761e+00	3.9240e-08	4.4378e-01	5.5622e-01	8.8315e-01	1.1685e-01	8.7581e-08	4.1802e-11	2.1703e-03	9.8249e-01	1.5342e-02	1.1755e-36	5.0173e-01	4.9817e-01	1.0401e-04	1.1755e-36	1.1755e-36	1.1755e-36	1.0255e-17	0.00e+00	0.00e+00	1.4719e+01
7.59701e+18	5.5906e+03	1.708e-22	1.0000e+01	5.5689e+00	4.3832e-08	4.5429e-01	5.4571e-01	8.8559e-01	1.1441e-01	8.6132e-08	4.5395e-11	2.1348e-03	9.8291e-01	1.4953e-02	1.1755e-36	5.1245e-01	4.8745e-01	9.7588e-05	1.1755e-36	1.1755e-36	1.1755e-36	1.1990e-17	0.00e+00	0.00e+00	1.4907e+01
7.60341e+18	5.5416e+03	1.661e-22	1.0000e+01	5.4627e+00	4.8924e-08	4.6466e-01	5.3534e-01	8.8788e-01	1.1212e-01	8.4816e-08	4.9284e-11	2.0996e-03	9.8332e-01	1.4584e-02	1.1755e-36	5.2299e-01	4.7692e-01	9.1690e-05	1.1755e-36	1.1755e-36	1.1755e-36	1.4036e-17	0.00e+00	0.00e+00	1.5090e+01
7.60953e+18	5.4925e+03	1.616e-22	1.0000e+01	5.3589e+00	5.4508e-08	4.7477e-01	5.2523e-01	8.9001e-01	1.0999e-01	8.3617e-08	5.3454e-11	2.0650e-03	9.8370e-01	1.4237e-02	1.1755e-36	5.3321e-01	4.6670e-01	8.6322e-05	1.1755e-36	1.1755e-36	1.1755e-36	1.6425e-17	0.00e+00	0.00e+00	1.5270e+01
7.61546e+18	5.4430e+03	1.572e-22	1.0000e+01	5.2569e+00	6.0684e-08	4.8473e-01	5.1527e-01	8.9203e-01	1.0797e-01	8.2502e-08	5.7982e-11	2.0309e-03	9.8406e-01	1.3905e-02	1.1755e-36	5.4323e-01	4.5669e-01	8.1369e-05	1.1755e-36	1.1755e-36	1.1755e-36	1.9252e-17	0.00e+00	0.00e+00	1.5449e+01
7.62127e+18	5.3934e+03	1.529e-22	1.0000e+01	5.1561e+00	6.7529e-08	4.9462e-01	5.0538e-01	8.9396e-01	1.0604e-01	8.1459e-08	6.2946e-11	1.9971e-03	9.8442e-01	1.3584e-02	1.1755e-36	5.5314e-01	4.4678e-01	7.6745e-05	1.1755e-36	1.1755e-36	1.1755e-36	2.2626e-17	0.00e+00	0.00e+00	1.5629e+01
7.62698e+18	5.3420e+03	1.487e-22	1.0000e+01	5.0534e+00	7.5219e-08	5.0441e-01	4.9559e-01	8.9581e-01	1.0419e-01	8.0514e-08	6.8395e-11	1.9626e-03	9.8476e-01	1.3278e-02	1.1755e-36	5.6292e-01	4.3701e-01	7.2435e-05	1.1755e-36	1.1755e-36	1.1755e-36	2.6673e-17	0.00e+00	0.00e+00	1.5810e+01
7.63260e+18	5.2878e+03	1.445e-22	1.0000e+01	4.9555e+00	8.4115e-08	5.1445e-01	4.8555e-01	8.9764e-01	1.0236e-01	7.9503e-08	7.4686e-11	1.9298e-03	9.8510e-01	1.2968e-02	1.1755e-36	5.7289e-01	4.2705e-01	6.8336e-05	1.1755e-36	1.1755e-36	1.1755e-36	3.1780e-17	0.00e+00	0.00e+00	1.5990e+01
7.63800e+18	5.2343e+03	1.405e-22	1.0000e+01	4.8571e+00	9.3751e-08	5.2404e-01	4.7596e-01	8.9929e-01	1.0071e-01	7.8680e-08	8.1380e-11	1.8966e-03	9.8542e-01	1.2685e-02	1.1755e-36	5.8237e-01	4.1756e-01	6.4628e-05	1.1755e-36	1.1755e-36	1.1755e-36	3.7746e-17	0.00e+00	0.00e+00	1.6164e+01
7.64318e+18	5.1815e+03	1.366e-22	1.0000e+01	4.7620e+00	1.0421e-07	5.3333e-01	4.6667e-01	9.0085e-01	9.9147e-02	7.7918e-08	8.8627e-11	1.8645e-03	9.8572e-01	1.2416e-02	1.1755e-36	5.9153e-01	4.0841e-01	6.1228e-05	1.1755e-36	1.1755e-36	1.1755e-36	4.4805e-17	0.00e+00	0.00e+00	1.6336e+01
7.64828e+18	5.1292e+03	1.328e-22	1.0000e+01	4.6683e+00	1.1571e-07	5.4255e-01	4.5745e-01	9.0236e-01	9.7639e-02	7.7198e-08	9.6633e-11	1.8328e-03	9.8601e-01	1.2154e-02	1.1755e-36	6.0058e-01	3.9937e-01	5.8023e-05	1.1755e-36	1.1755e-36	1.1755e-36	5.3315e-17	0.00e+00	0.00e+00	1.6511e+01
7.65339e+18	5.0720e+03	1.290e-22	1.0000e+01	4.5716e+00	1.2918e-07	5.5188e-01	4.4812e-01	9.0386e-01	9.6138e-02	7.6493e-08	1.0587e-10	1.8002e-03	9.8630e-01	1.1897e-02	1.1755e-36	6.0969e-01	3.9026e-01	5.4974e-05	1.1755e-36	1.1755e-36	1.1755e-36	6.4109e-17	0.00e+00	0.00e+00	1.6689e+01
7.65840e+18	5.0146e+03	1.253e-22	1.0000e+01	4.4764e+00	1.4410e-07	5.6110e-01	4.3890e-01	9.0526e-01	9.4738e-02	7.5872e-08	1.1616e-10	1.7680e-03	9.8658e-01	1.1649e-02	1.1755e-36	6.1867e-01	3.8127e-01	5.2113e-05	1.1755e-36	1.1755e-36	1.1755e-36	7.7314e-17	0.00e+00	0.00e+00	1.6863e+01
7.66323e+18	4.9571e+03	1.217e-22	1.0000e+01	4.3855e+00	1.6043e-07	5.7014e-01	4.2986e-01	9.0662e-01	9.3384e-02	7.5248e-08	1.2590e-10	1.7373e-03	9.8686e-01	1.1402e-02	1.1755e-36	6.2744e-01	3.7251e-01	4.9465e-05	1.1755e-36	1.1755e-36	1.1755e-36	9.1041e-17	0.00e+00	0.00e+00	1.7034e+01
7.66793e+18	4.9028e+03	1.183e-22	1.0000e+01	4.2954e+00	1.7751e-07	5.7881e-01	4.2119e-01	9.0786e-01	9.2137e-02	7.4751e-08	1.3541e-10	1.7065e-03	9.8713e-01	1.1168e-02	1.1755e-36	6.3581e-01	3.6414e-01	4.7019e-05	1.1755e-36	1.1755e-36	1.1755e-36	1.0559e-16	0.00e+00	0.00e+00	1.7204e+01
7.67269e+18	4.8396e+03	1.148e-22	1.0000e+01	4.2055e+00	1.9861e-07	5.8796e-01	4.1204e-01	9.0922e-01	9.0782e-02	7.4081e-08	1.4656e-10	1.6765e-03	9.8740e-01	1.0919e-02	1.1755e-36	6.4463e-01	3.5533e-01	4.4608e-05	1.1755e-36	1.1755e-36	1.1755e-36	1.2418e-16	0.00e+00	0.00e+00	1.7384e+01
7.67739e+18	4.7779e+03	1.115e-22	1.0000e+01	4.1156e+00	2.2142e-07	5.9693e-01	4.0307e-01	9.1046e-01	8.9542e-02	7.3546e-08	1.5831e-10	1.6462e-03	9.8767e-01	1.0684e-02	1.1755e-36	6.5322e-01	3.4673e-01	4.2356e-05	1.1755e-36	1.1755e-36	1.1755e-36	1.4549e-16	0.00e+00	0.00e+00	1.7556e+01
7.68188e+18	4.7159e+03	1.082e-22	1.0000e+01	4.0281e+00	2.4614e-07	6.0551e-01	3.9449e-01	9.1162e-01	8.8380e-02	7.3065e-08	1.7049e-10	1.6167e-03	9.8792e-01	1.0461e-02	1.1755e-36	6.6143e-01	3.3853e-01	4.0301e-05	1.1755e-36	1.1755e-36	1.1755e-36	1.6956e-16	0.00e+00	0.00e+00	1.7725e+01
7.68630e+18	4.6534e+03	1.051e-22	1.0000e+01	3.9425e+00	2.7323e-07	6.1401e-01	3.8599e-01	9.1276e-01	8.7241e-02	7.2584e-08	1.8348e-10	1.5880e-03	9.8817e-01	1.0243e-02	1.1755e-36	6.6952e-01	3.3044e-01	3.8357e-05	1.1755e-36	1.1755e-36	1.1755e-36	1.9732e-16	0.00e+00	0.00e+00	1.7896e+01
7.69072e+18	4.5850e+03	1.020e-22	1.0000e+01	3.8554e+00	3.0475e-07	6.2265e-01	3.7735e-01	9.1391e-01	8.6086e-02	7.2069e-08	1.9775e-10	1.5592e-03	9.8842e-01	1.0023e-02	1.1755e-36	6.7772e-01	3.2224e-01	3.6489e-05	1.1755e-36	1.1755e-36	1.1755e-36	2.3052e-16	0.00e+00	0.00e+00	1.8071e+01
7.69510e+18	4.5192e+03	9.899e-23	1.0000e+01	3.7701e+00	3.3789e-07	6.3110e-01	3.6890e-01	9.1500e-01	8.5005e-02	7.1635e-08	2.1247e-10	1.5307e-03	9.8866e-01	9.8123e-03	1.1755e-36	6.8571e-01	3.1425e-01	3.4730e-05	1.1755e-36	1.1755e-36	1.1755e-36	2.6751e-16	0.00e+00	0.00e+00	1.8242e+01
7.69944e+18	4.4514e+03	9.601e-23	1.0000e+01	3.6853e+00	3.7433e-07	6.3955e-01	3.6045e-01	9.1608e-01	8.3925e-02	7.1186e-08	2.2803e-10	1.5026e-03	9.8889e-01	9.6027e-03	1.1755e-36	6.9368e-01	3.0629e-01	3.3048e-05	1.1755e-36	1.1755e-36	1.1755e-36	3.0977e-16	0.00e+00	0.00e+00	1.8419e+01
7.70388e+18	4.3808e+03	9.298e-23	1.0000e+01	3.5966e+00	4.1429e-07	6.4805e-01	3.5195e-01	9.1712e-01	8.2883e-02	7.0824e-08	2.4430e-10	1.4730e-03	9.8913e-01	9.3958e-03	1.1755e-36	7.0166e-01	2.9831e-01	3.1420e-05	1.1755e-36	1.1755e-36	1.1755e-36	3.5746e-16	0.00e+00	0.00e+00	1.8603e+01
7.70846e+18	4.3059e+03	8.990e-23	1.0000e+01	3.5061e+00	4.5907e-07	6.5690e-01	3.4309e-01	9.1820e-01	8.1799e-02	7.0419e-08	2.6182e-10	1.4431e-03	9.8937e-01	9.1820e-03	1.1755e-36	7.0994e-01	2.9003e-01	2.9804e-05	1.1755e-36	1.1755e-36	1.1755e-36	4.1272e-16	0.00e+00	0.00e+00	1.8797e+01
7.71319e+18	4.2258e+03	8.678e-23	1.0000e+01	3.4132e+00	5.0883e-07	6.6607e-01	3.3393e-01	9.1931e-01	8.0690e-02	6.9994e-08	2.8031e-10	1.4127e-03	9.8962e-01	8.9631e-03	1.1755e-36	7.1849e-01	2.8148e-01	2.8211e-05	1.1755e-36	1.1755e-36	1.1755e-36	4.7539e-16	0.00e+00	0.00e+00	1.8998e+01
7.71802e+18	4.1464e+03	8.364e-23	1.0000e+01	3.3203e+00	5.6045e-07	6.7538e-01	3.2462e-01	9.2042e-01	7.9585e-02	6.9592e-08	2.9902e-10	1.3821e-03	9.8987e-01	8.7441e-03	1.1755e-36	7.2712e-01	2.7285e-01	2.6654e-05	1.1755e-36	1.1755e-36	1.1755e-36	5.4302e-16	0.00e+00	0.00e+00	1.9206e+01
7.72313e+18	4.0533e+03	8.039e-23	1.0000e+01	3.2210e+00	6.2010e-07	6.8536e-01	3.1464e-01	9.2163e-01	7.8373e-02	6.9074e-08	3.1853e-10	1.3504e-03	9.9014e-01	8.5087e-03	1.1755e-36	7.3637e-01	2.6361e-01	2.5083e-05	1.1755e-36	1.1755e-36	1.1755e-36	6.1856e-16	0.00e+00	0.00e+00	1.9436e+01
7.72854e+18	3.9537e+03	7.701e-23	1.0000e+01	3.1154e+00	6.8260e-07	6.9579e-01	3.0421e-01	9.2284e-01	7.7157e-02	6.8617e-08	3.3720e-10	1.3166e-03	9.9041e-01	8.2684e-03	1.1755e-36	7.4598e-01	2.5400e-01	2.3517e-05	1.1755e-36	1.1755e-36	1.1755e-36	6.9505e-16	0.00e+00	0.00e+00	1.9679e+01
###########################
5.39976e+14	6.8058e+03	3.274e-22	1.0000e+01	1.0788e+01	1.1657e-12	5.9335e-03	9.9407e-01	2.7827e-02	9.7058e-01	1.5968e-03	5.8184e-16	5.8923e-04	3.4734e-01	6.5175e-01	3.2714e-04	4.8922e-03	7.2817e-01	2.6684e-01	9.6163e-05	1.1755e-36	1.1755e-36	3.7084e-24	0.00e+00	0.00e+00	4.0460e-04
3.23986e+15	6.8019e+03	3.272e-22	1.0000e+01	1.0785e+01	1.1685e-12	5.9304e-03	9.9407e-01	2.7830e-02	9.7057e-01	1.5952e-03	5.8127e-16	5.8719e-04	3.4738e-01	6.5171e-01	3.2752e-04	4.8891e-03	7.2805e-01	2.6696e-01	9.5892e-05	1.1755e-36	1.1755e-36	3.7023e-24	0.00e+00	0.00e+00	2.0222e-03
1.40394e+16	6.7919e+03	3.267e-22	1.0000e+01	1.0785e+01	1.1769e-12	5.9295e-03	9.9407e-01	2.7873e-02	9.7054e-01	1.5835e-03	5.8172e-16	5.8712e-04	3.4775e-01	6.5134e-01	3.2615e-04	4.8904e-03	7.2821e-01	2.6681e-01	9.4460e-05	1.1755e-36	1.1755e-36	3.6967e-24	0.00e+00	0.00e+00	8.4914e-03
5.72375e+16	6.7731e+03	3.248e-22	1.0000e+01	1.0784e+01	1.1966e-12	5.9354e-03	9.9406e-01	2.8039e-02	9.7043e-01	1.5273e-03	5.8586e-16	5.9103e-04	3.4919e-01	6.4990e-01	3.2152e-04	4.9071e-03	7.2933e-01	2.6567e-01	8.8716e-05	1.1755e-36	1.1755e-36	3.7020e-24	0.00e+00	0.00e+00	3.4394e-02
1.36722e+17	6.6879e+03	3.188e-22	1.0000e+01	1.0784e+01	1.2419e-12	5.8609e-03	9.9414e-01	2.8190e-02	9.7033e-01	1.4820e-03	5.7199e-16	5.8998e-04	3.5073e-01	6.4836e-01	3.1658e-04	4.8551e-03	7.2972e-01	2.6534e-01	8.1958e-05	1.1755e-36	1.1755e-36	3.5160e-24	0.00e+00	0.00e+00	6.7645e-02
2.40052e+17	6.6023e+03	3.131e-22	1.0000e+01	1.0785e+01	1.3044e-12	5.8180e-03	9.9418e-01	2.8457e-02	9.7016e-01	1.3851e-03	5.6675e-16	5.9245e-04	3.5322e-01	6.4588e-01	3.0826e-04	4.8408e-03	7.3153e-01	2.6355e-01	7.2984e-05	1.1755e-36	1.1755e-36	3.3962e-24	0.00e+00	0.00e+00	1.1056e-01
3.74381e+17	6.5130e+03	3.073e-22	1.0000e+01	1.0784e+01	1.3890e-12	5.8025e-03	9.9420e-01	2.8867e-02	9.6989e-01	1.2401e-03	5.6912e-16	5.9829e-04	3.5684e-01	6.4226e-01	2.9652e-04	4.8617e-03	7.3487e-01	2.6021e-01	6.2103e-05	1.1755e-36	1.1755e-36	3.3258e-24	0.00e+00	0.00e+00	1.6619e-01
5.49008e+17	6.4192e+03	3.014e-22	1.0000e+01	1.0783e+01	1.5056e-12	5.8214e-03	9.9418e-01	2.9467e-02	9.6948e-01	1.0509e-03	5.8149e-16	6.0852e-04	3.6199e-01	6.3712e-01	2.8114e-04	4.9270e-03	7.4006e-01	2.5497e-01	4.9816e-05	1.1755e-36	1.1755e-36	3.3165e-24	0.00e+00	0.00e+00	2.3875e-01
7.76024e+17	6.3221e+03	2.956e-22	1.0000e+01	1.0782e+01	1.6679e-12	5.8900e-03	9.9411e-01	3.0347e-02	9.6882e-01	8.2948e-04	6.0848e-16	6.2548e-04	3.6927e-01	6.2984e-01	2.6206e-04	5.0550e-03	7.4762e-01	2.4729e-01	3.6976e-05	1.1755e-36	1.1755e-36	3.3923e-24	0.00e+00	0.00e+00	3.3419e-01
1.07114e+18	6.2221e+03	2.901e-22	1.0000e+01	1.0779e+01	1.9062e-12	6.0359e-03	9.9396e-01	3.1658e-02	9.6774e-01	5.9768e-04	6.5990e-16	6.5259e-04	3.7968e-01	6.1943e-01	2.3937e-04	5.2780e-03	7.5823e-01	2.3647e-01	2.4779e-05	1.1755e-36	1.1755e-36	3.6112e-24	0.00e+00	0.00e+00	4.6134e-01
1.45480e+18	6.1402e+03	2.850e-22	1.0000e+01	1.0775e+01	2.2285e-12	6.2927e-03	9.9371e-01	3.3593e-02	9.6602e-01	3.8485e-04	7.5047e-16	6.9465e-04	3.9428e-01	6.0481e-01	2.1384e-04	5.6386e-03	7.7255e-01	2.2180e-01	1.4546e-05	1.1755e-36	1.1755e-36	4.0682e-24	0.00e+00	0.00e+00	6.3366e-01
1.95355e+18	6.0694e+03	2.813e-22	1.0000e+01	1.0768e+01	2.7452e-12	6.7522e-03	9.9325e-01	3.6642e-02	9.6314e-01	2.1521e-04	9.2229e-16	7.6224e-04	4.1576e-01	5.8329e-01	1.8482e-04	6.2457e-03	7.9192e-01	2.0183e-01	7.1498e-06	1.1755e-36	1.1755e-36	5.0272e-24	0.00e+00	0.00e+00	8.7404e-01
2.58557e+18	6.0277e+03	2.797e-22	1.0000e+01	1.0757e+01	3.5931e-12	7.5433e-03	9.9246e-01	4.1529e-02	9.5837e-01	1.0321e-04	1.2612e-15	8.6989e-04	4.4700e-01	5.5197e-01	1.5261e-04	7.2612e-03	8.1707e-01	1.7566e-01	2.8394e-06	1.1755e-36	1.1755e-36	7.0971e-24	0.00e+00	0.00e+00	1.2076e+00
3.17315e+18	6.0265e+03	2.803e-22	1.0000e+01	1.0741e+01	4.5781e-12	8.4795e-03	9.9152e-01	4.7091e-02	9.5286e-01	5.2008e-05	1.7234e-15	9.8853e-04	4.7875e-01	5.2013e-01	1.2676e-04	8.4512e-03	8.3966e-01	1.5189e-01	1.1913e-06	1.1755e-36	1.1755e-36	1.0169e-23	0.00e+00	0.00e+00	1.4619e+00
3.57783e+18	6.0613e+03	2.830e-22	1.0000e+01	1.0727e+01	5.4789e-12	9.3808e-03	9.9062e-01	5.2237e-02	9.4773e-01	3.3037e-05	2.2514e-15	1.0937e-03	5.0485e-01	4.9395e-01	1.0922e-04	9.5842e-03	8.5611e-01	1.3430e-01	6.3923e-07	1.1755e-36	1.1755e-36	1.4019e-23	0.00e+00	0.00e+00	1.6600e+00
3.89463e+18	6.1000e+03	2.863e-22	1.0000e+01	1.0713e+01	6.4314e-12	1.0290e-02	9.8971e-01	5.7388e-02	9.4259e-01	2.3267e-05	2.8756e-15	1.1933e-03	5.2840e-01	4.7031e-01	9.5350e-05	1.0725e-02	8.6945e-01	1.1982e-01	3.8195e-07	1.1755e-36	1.1755e-36	1.8891e-23	0.00e+00	0.00e+00	1.8543e+00
4.23868e+18	6.1421e+03	2.907e-22	1.0000e+01	1.0695e+01	7.9109e-12	1.1544e-02	9.8846e-01	6.4570e-02	9.3541e-01	1.5853e-05	3.9036e-15	1.3224e-03	5.5773e-01	4.4086e-01	8.0093e-05	1.2303e-02	8.8417e-01	1.0352e-01	2.0965e-07	1.1755e-36	1.1755e-36	2.7475e-23	0.00e+00	0.00e+00	2.1378e+00
4.59304e+18	6.2025e+03	2.966e-22	1.0000e+01	1.0670e+01	9.8795e-12	1.3153e-02	9.8685e-01	7.3693e-02	9.2630e-01	1.0827e-05	5.4681e-15	1.4718e-03	5.9014e-01	4.0833e-01	6.5541e-05	1.4327e-02	8.9837e-01	8.7307e-02	1.1755e-36	1.1755e-36	1.1755e-36	4.1852e-23	0.00e+00	0.00e+00	2.4034e+00
4.87534e+18	6.2593e+03	3.025e-22	1.0000e+01	1.0647e+01	1.2098e-11	1.4819e-02	9.8518e-01	8.3172e-02	9.1682e-01	8.0387e-06	7.4166e-15	1.6112e-03	6.1916e-01	3.7917e-01	5.4246e-05	1.6422e-02	9.0922e-01	7.4358e-02	1.1755e-36	1.1755e-36	1.1755e-36	6.1511e-23	0.00e+00	0.00e+00	2.6325e+00
5.10701e+18	6.3140e+03	3.078e-22	1.0000e+01	1.0627e+01	1.4546e-11	1.6526e-02	9.8347e-01	9.3026e-02	9.0697e-01	6.2969e-06	9.7953e-15	1.7388e-03	6.4532e-01	3.5289e-01	4.5281e-05	1.8570e-02	9.1759e-01	6.3841e-02	1.1755e-36	1.1755e-36	1.1755e-36	8.7690e-23	0.00e+00	0.00e+00	2.8606e+00
5.35832e+18	6.3446e+03	3.142e-22	1.0000e+01	1.0584e+01	1.8755e-11	1.8868e-02	9.8113e-01	1.0675e-01	8.9324e-01	4.7539e-06	1.3690e-14	1.8986e-03	6.7673e-01	3.2134e-01	3.5888e-05	2.1519e-02	9.2576e-01	5.2718e-02	1.1755e-36	1.1755e-36	1.1755e-36	1.3376e-22	0.00e+00	0.00e+00	3.1990e+00
5.62598e+18	6.4018e+03	3.220e-22	1.0000e+01	1.0540e+01	2.4906e-11	2.2078e-02	9.7792e-01	1.2565e-01	8.7435e-01	3.5698e-06	2.0248e-14	2.0822e-03	7.1196e-01	2.8593e-01	2.6999e-05	2.5550e-02	9.3276e-01	4.1691e-02	1.1755e-36	1.1755e-36	1.1755e-36	2.2137e-22	0.00e+00	0.00e+00	3.5493e+00
5.85290e+18	6.4526e+03	3.294e-22	1.0000e+01	1.0484e+01	3.2982e-11	2.5728e-02	9.7427e-01	1.4732e-01	8.5268e-01	2.7870e-06	2.9520e-14	2.2542e-03	7.4443e-01	2.5330e-01	2.0187e-05	3.0123e-02	9.3698e-01	3.2895e-02	1.1755e-36	1.1755e-36	1.1755e-36	3.6077e-22	0.00e+00	0.00e+00	3.8785e+00
6.03981e+18	6.4915e+03	3.359e-22	1.0000e+01	1.0429e+01	4.3189e-11	2.9677e-02	9.7032e-01	1.7102e-01	8.2898e-01	2.2583e-06	4.1903e-14	2.4079e-03	7.7295e-01	2.2463e-01	1.5183e-05	3.5058e-02	9.3878e-01	2.6165e-02	1.1755e-36	1.1755e-36	1.1755e-36	5.6903e-22	0.00e+00	0.00e+00	4.1993e+00
6.20251e+18	6.5269e+03	3.409e-22	1.0000e+01	1.0355e+01	5.6030e-11	3.4019e-02	9.6598e-01	1.9727e-01	8.0272e-01	1.8588e-06	5.8457e-14	2.5430e-03	7.9849e-01	1.9896e-01	1.1412e-05	4.0472e-02	9.3869e-01	2.0836e-02	1.1755e-36	1.1755e-36	1.1755e-36	8.7806e-22	0.00e+00	0.00e+00	4.5305e+00
6.35170e+18	6.5559e+03	3.455e-22	1.0000e+01	1.0278e+01	7.3498e-11	3.9099e-02	9.6090e-01	2.2803e-01	7.7197e-01	1.5418e-06	8.2088e-14	2.6710e-03	8.2259e-01	1.7473e-01	8.4285e-06	4.6787e-02	9.3681e-01	1.6406e-02	1.1755e-36	1.1755e-36	1.1755e-36	1.3678e-21	0.00e+00	0.00e+00	4.8864e+00
6.48888e+18	6.5795e+03	3.496e-22	1.0000e+01	1.0199e+01	9.7655e-11	4.5115e-02	9.5489e-01	2.6402e-01	7.3598e-01	1.2869e-06	1.1648e-13	2.7912e-03	8.4515e-01	1.5205e-01	6.1046e-06	5.4235e-02	9.3301e-01	1.2752e-02	1.1755e-36	1.1755e-36	1.1755e-36	2.1622e-21	0.00e+00	0.00e+00	5.2573e+00
6.61051e+18	6.5994e+03	3.522e-22	1.0000e+01	1.0100e+01	1.2939e-10	5.1891e-02	9.4811e-01	3.0366e-01	6.9634e-01	1.0809e-06	1.6398e-13	2.8913e-03	8.6502e-01	1.3208e-01	4.4064e-06	6.2595e-02	9.2751e-01	9.8917e-03	1.1755e-36	1.1755e-36	1.1755e-36	3.3809e-21	0.00e+00	0.00e+00	5.6278e+00
6.71714e+18	6.6133e+03	3.534e-22	1.0000e+01	9.9906e+00	1.7070e-10	5.9403e-02	9.4060e-01	3.4600e-01	6.5400e-01	9.1317e-07	2.2847e-13	2.9722e-03	8.8220e-01	1.1483e-01	3.1863e-06	7.1823e-02	9.2049e-01	7.6888e-03	1.1755e-36	1.1755e-36	1.1755e-36	5.2118e-21	0.00e+00	0.00e+00	6.0037e+00
6.81324e+18	6.6232e+03	3.529e-22	1.0000e+01	9.8590e+00	2.2487e-10	6.7819e-02	9.3218e-01	3.9108e-01	6.0892e-01	7.7119e-07	3.1649e-13	3.0333e-03	8.9716e-01	9.9803e-02	2.2996e-06	8.2119e-02	9.1192e-01	5.9649e-03	1.1755e-36	1.1755e-36	1.1755e-36	7.9634e-21	0.00e+00	0.00e+00	6.3976e+00
6.90245e+18	6.6261e+03	3.511e-22	1.0000e+01	9.7129e+00	2.9960e-10	7.7605e-02	9.2240e-01	4.3970e-01	5.6030e-01	6.4699e-07	4.4176e-13	3.0801e-03	9.1055e-01	8.6372e-02	1.6403e-06	9.4031e-02	9.0139e-01	4.5840e-03	1.1755e-36	1.1755e-36	1.1755e-36	1.2285e-20	0.00e+00	0.00e+00	6.8211e+00
6.98578e+18	6.6284e+03	3.477e-22	1.0000e+01	9.5519e+00	4.0258e-10	8.9080e-02	9.1092e-01	4.9111e-01	5.0889e-01	5.3978e-07	6.2271e-13	3.1120e-03	9.2243e-01	7.4458e-02	1.1558e-06	1.0792e-01	8.8860e-01	3.4834e-03	1.1755e-36	1.1755e-36	1.1755e-36	1.9219e-20	0.00e+00	0.00e+00	7.2724e+00
7.06265e+18	6.6106e+03	3.431e-22	1.0000e+01	9.3729e+00	5.5412e-10	1.0260e-01	8.9740e-01	5.4370e-01	4.5630e-01	4.4851e-07	8.8621e-13	3.1292e-03	9.3283e-01	6.4043e-02	8.0704e-07	1.2417e-01	8.7320e-01	2.6257e-03	1.1755e-36	1.1755e-36	1.1755e-36	3.0486e-20	0.00e+00	0.00e+00	7.7486e+00
7.13302e+18	6.5913e+03	3.365e-22	1.0000e+01	9.1731e+00	7.6516e-10	1.1817e-01	8.8183e-01	5.9497e-01	4.0503e-01	3.7203e-07	1.2622e-12	3.1284e-03	9.4169e-01	5.5183e-02	5.6296e-07	1.4277e-01	8.5526e-01	1.9703e-03	1.1755e-36	1.1755e-36	1.1755e-36	4.8608e-20	0.00e+00	0.00e+00	8.2502e+00
7.19802e+18	6.5631e+03	3.281e-22	1.0000e+01	8.9500e+00	1.0702e-09	1.3630e-01	8.6370e-01	6.4393e-01	3.5607e-01	3.0811e-07	1.8055e-12	3.1107e-03	9.4929e-01	4.7597e-02	3.9161e-07	1.6424e-01	8.3429e-01	1.4695e-03	1.1755e-36	1.1755e-36	1.1755e-36	7.8427e-20	0.00e+00	0.00e+00	8.7904e+00
7.25909e+18	6.5238e+03	3.175e-22	1.0000e+01	8.6965e+00	1.5270e-09	1.5779e-01	8.4221e-01	6.8998e-01	3.1002e-01	2.5475e-07	2.6067e-12	3.0750e-03	9.5590e-01	4.1026e-02	2.7049e-07	1.8943e-01	8.0948e-01	1.0846e-03	1.1755e-36	1.1755e-36	1.1755e-36	1.2924e-19	0.00e+00	0.00e+00	9.3819e+00
7.31671e+18	6.4707e+03	3.044e-22	1.0000e+01	8.4042e+00	2.2306e-09	1.8339e-01	8.1661e-01	7.3226e-01	2.6774e-01	2.1045e-07	3.8004e-12	3.0189e-03	9.6164e-01	3.5336e-02	1.8553e-07	2.1912e-01	7.8009e-01	7.9099e-04	1.1755e-36	1.1755e-36	1.1755e-36	2.1831e-19	0.00e+00	0.00e+00	1.0029e+01
7.37065e+18	6.4002e+03	2.887e-22	1.0000e+01	8.0702e+00	3.3411e-09	2.1370e-01	7.8630e-01	7.6988e-01	2.3012e-01	1.7442e-07	5.5833e-12	2.9414e-03	9.6661e-01	3.0448e-02	1.2686e-07	2.5380e-01	7.4563e-01	5.7127e-04	1.1755e-36	1.1755e-36	1.1755e-36	3.7827e-19	0.00e+00	0.00e+00	1.0731e+01
7.42063e+18	6.3092e+03	2.704e-22	1.0000e+01	7.6907e+00	5.1240e-09	2.4896e-01	7.5104e-01	8.0200e-01	1.9800e-01	1.4635e-07	8.2245e-12	2.8413e-03	9.7087e-01	2.6289e-02	1.1755e-36	2.9352e-01	7.0606e-01	4.1007e-04	1.1755e-36	1.1755e-36	1.1755e-36	6.7048e-19	0.00e+00	0.00e+00	1.1485e+01
7.46408e+18	6.2020e+03	2.509e-22	1.0000e+01	7.2884e+00	7.8531e-09	2.8714e-01	7.1286e-01	8.2708e-01	1.7292e-01	1.2621e-07	1.1882e-11	2.7255e-03	9.7429e-01	2.2988e-02	1.1755e-36	3.3580e-01	6.6390e-01	2.9910e-04	1.1755e-36	1.1755e-36	1.1755e-36	1.1808e-18	0.00e+00	0.00e+00	1.2190e+01
7.49762e+18	6.0939e+03	2.330e-22	1.0000e+01	6.9162e+00	1.1415e-08	3.2249e-01	6.7751e-01	8.4431e-01	1.5569e-01	1.1351e-07	1.6153e-11	2.6118e-03	9.7675e-01	2.0639e-02	1.1755e-36	3.7429e-01	6.2548e-01	2.2987e-04	1.1755e-36	1.1755e-36	1.1755e-36	1.9323e-18	0.00e+00	0.00e+00	1.2764e+01
7.51623e+18	6.0242e+03	2.223e-22	1.0000e+01	6.6851e+00	1.4349e-08	3.4516e-01	6.5484e-01	8.5217e-01	1.4783e-01	1.0838e-07	1.9415e-11	2.5387e-03	9.7795e-01	1.9507e-02	1.1755e-36	3.9864e-01	6.0117e-01	1.9744e-04	1.1755e-36	1.1755e-36	1.1755e-36	2.6273e-18	0.00e+00	0.00e+00	1.2961e+01
7.52295e+18	5.9987e+03	2.181e-22	1.0000e+01	6.5966e+00	1.5572e-08	3.5344e-01	6.4656e-01	8.5510e-01	1.4490e-01	1.0646e-07	2.0726e-11	2.5101e-03	9.7839e-01	1.9103e-02	1.1755e-36	4.0746e-01	5.9235e-01	1.8677e-04	1.1755e-36	1.1755e-36	1.1755e-36	2.9336e-18	0.00e+00	0.00e+00	1.3059e+01
7.52797e+18	5.9755e+03	2.150e-22	1.0000e+01	6.5314e+00	1.6626e-08	3.5978e-01	6.4022e-01	8.5758e-01	1.4242e-01	1.0469e-07	2.1805e-11	2.4894e-03	9.7876e-01	1.8754e-02	1.1755e-36	4.1421e-01	5.8562e-01	1.7879e-04	1.1755e-36	1.1755e-36	1.1755e-36	3.1966e-18	0.00e+00	0.00e+00	1.3187e+01
7.53444e+18	5.9483e+03	2.109e-22	1.0000e+01	6.4469e+00	1.8042e-08	3.6802e-01	6.3198e-01	8.6064e-01	1.3936e-01	1.0256e-07	2.3270e-11	2.4621e-03	9.7923e-01	1.8313e-02	1.1755e-36	4.2293e-01	5.7690e-01	1.6895e-04	1.1755e-36	1.1755e-36	1.1755e-36	3.5706e-18	0.00e+00	0.00e+00	1.3357e+01
7.54275e+18	5.9022e+03	2.056e-22	1.0000e+01	6.3323e+00	2.0289e-08	3.7907e-01	6.2093e-01	8.6462e-01	1.3538e-01	9.9740e-08	2.5394e-11	2.4255e-03	9.7983e-01	1.7749e-02	1.1755e-36	4.3461e-01	5.6524e-01	1.5694e-04	1.1755e-36	1.1755e-36	1.1755e-36	4.1539e-18	0.00e+00	0.00e+00	1.3580e+01
7.55162e+18	5.8561e+03	1.998e-22	1.0000e+01	6.2080e+00	2.2944e-08	3.9117e-01	6.0883e-01	8.6840e-01	1.3160e-01	9.7250e-08	2.7887e-11	2.3851e-03	9.8042e-01	1.7195e-02	1.1755e-36	4.4731e-01	5.5255e-01	1.4508e-04	1.1755e-36	1.1755e-36	1.1755e-36	4.8975e-18	0.00e+00	0.00e+00	1.3788e+01
7.55946e+18	5.8070e+03	1.947e-22	1.0000e+01	6.1006e+00	2.5882e-08	4.0267e-01	5.9733e-01	8.7177e-01	1.2823e-01	9.4926e-08	3.0524e-11	2.3505e-03	9.8096e-01	1.6691e-02	1.1755e-36	4.5931e-01	5.4055e-01	1.3500e-04	1.1755e-36	1.1755e-36	1.1755e-36	5.7569e-18	0.00e+00	0.00e+00	1.3973e+01
7.56629e+18	5.7722e+03	1.899e-22	1.0000e+01	5.9951e+00	2.8442e-08	4.1227e-01	5.8773e-01	8.7443e-01	1.2557e-01	9.3360e-08	3.2811e-11	2.3153e-03	9.8139e-01	1.6298e-02	1.1755e-36	4.6929e-01	5.3058e-01	1.2694e-04	1.1755e-36	1.1755e-36	1.1755e-36	6.5564e-18	0.00e+00	0.00e+00	1.4139e+01
7.57305e+18	5.7254e+03	1.853e-22	1.0000e+01	5.8936e+00	3.1723e-08	4.2254e-01	5.7746e-01	8.7725e-01	1.2275e-01	9.1493e-08	3.5551e-11	2.2820e-03	9.8185e-01	1.5869e-02	1.1755e-36	4.7992e-01	5.1997e-01	1.1909e-04	1.1755e-36	1.1755e-36	1.1755e-36	7.5951e-18	0.00e+00	0.00e+00	1.4329e+01
7.58005e+18	5.6802e+03	1.804e-22	1.0000e+01	5.7850e+00	3.5386e-08	4.3318e-01	5.6682e-01	8.7997e-01	1.2003e-01	8.9829e-08	3.8592e-11	2.2459e-03	9.8230e-01	1.5454e-02	1.1755e-36	4.9088e-01	5.0901e-01	1.1149e-04	1.1755e-36	1.1755e-36	1.1755e-36	8.8402e-18	0.00e+00	0.00e+00	1.4517e+01
7.58681e+18	5.6357e+03	1.755e-22	1.0000e+01	5.6778e+00	3.9385e-08	4.4366e-01	5.5634e-01	8.8251e-01	1.1749e-01	8.8314e-08	4.1846e-11	2.2099e-03	9.8273e-01	1.5061e-02	1.1755e-36	5.0162e-01	4.9828e-01	1.0453e-04	1.1755e-36	1.1755e-36	1.1755e-36	1.0285e-17	0.00e+00	0.00e+00	1.4703e+01
7.59340e+18	5.5873e+03	1.708e-22	1.0000e+01	5.5705e+00	4.3991e-08	4.5418e-01	5.4582e-01	8.8496e-01	1.1504e-01	8.6854e-08	4.5444e-11	2.1740e-03	9.8315e-01	1.4680e-02	1.1755e-36	5.1235e-01	4.8755e-01	9.8079e-05	1.1755e-36	1.1755e-36	1.1755e-36	1.2026e-17	0.00e+00	0.00e+00	1.4891e+01
7.59980e+18	5.5383e+03	1.661e-22	1.0000e+01	5.4642e+00	4.9107e-08	4.6457e-01	5.3543e-01	8.8726e-01	1.1274e-01	8.5525e-08	4.9345e-11	2.1383e-03	9.8354e-01	1.4318e-02	1.1755e-36	5.2290e-01	4.7700e-01	9.2145e-05	1.1755e-36	1.1755e-36	1.1755e-36	1.4082e-17	0.00e+00	0.00e+00	1.5074e+01
7.60593e+18	5.4892e+03	1.616e-22	1.0000e+01	5.3603e+00	5.4721e-08	4.7469e-01	5.2531e-01	8.8941e-01	1.1059e-01	8.4316e-08	5.3527e-11	2.1032e-03	9.8392e-01	1.3978e-02	1.1755e-36	5.3314e-01	4.6678e-01	8.6747e-05	1.1755e-36	1.1755e-36	1.1755e-36	1.6484e-17	0.00e+00	0.00e+00	1.5254e+01
7.61185e+18	5.4397e+03	1.573e-22	1.0000e+01	5.2582e+00	6.0921e-08	4.8465e-01	5.1535e-01	8.9143e-01	1.0857e-01	8.3193e-08	5.8063e-11	2.0686e-03	9.8428e-01	1.3653e-02	1.1755e-36	5.4316e-01	4.5676e-01	8.1772e-05	1.1755e-36	1.1755e-36	1.1755e-36	1.9322e-17	0.00e+00	0.00e+00	1.5433e+01
7.61765e+18	5.3900e+03	1.530e-22	1.0000e+01	5.1574e+00	6.7790e-08	4.9454e-01	5.0546e-01	8.9337e-01	1.0663e-01	8.2144e-08	6.3034e-11	2.0344e-03	9.8463e-01	1.3339e-02	1.1755e-36	5.5307e-01	4.4686e-01	7.7129e-05	1.1755e-36	1.1755e-36	1.1755e-36	2.2709e-17	0.00e+00	0.00e+00	1.5613e+01
7.62336e+18	5.3388e+03	1.487e-22	1.0000e+01	5.0547e+00	7.5485e-08	5.0431e-01	4.9569e-01	8.9522e-01	1.0478e-01	8.1195e-08	6.8481e-11	1.9994e-03	9.8496e-01	1.3039e-02	1.1755e-36	5.6283e-01	4.3709e-01	7.2801e-05	1.1755e-36	1.1755e-36	1.1755e-36	2.6763e-17	0.00e+00	0.00e+00	1.5793e+01
7.62897e+18	5.2848e+03	1.445e-22	1.0000e+01	4.9569e+00	8.4399e-08	5.1436e-01	4.8564e-01	8.9706e-01	1.0294e-01	8.0177e-08	7.4783e-11	1.9661e-03	9.8530e-01	1.2736e-02	1.1755e-36	5.7280e-01	4.2713e-01	6.8678e-05	1.1755e-36	1.1755e-36	1.1755e-36	3.1889e-17	0.00e+00	0.00e+00	1.5974e+01
7.63439e+18	5.2310e+03	1.405e-22	1.0000e+01	4.8583e+00	9.4115e-08	5.2399e-01	4.7601e-01	8.9874e-01	1.0126e-01	7.9339e-08	8.1524e-11	1.9324e-03	9.8561e-01	1.2457e-02	1.1755e-36	5.8233e-01	4.1760e-01	6.4939e-05	1.1755e-36	1.1755e-36	1.1755e-36	3.7910e-17	0.00e+00	0.00e+00	1.6148e+01
7.63957e+18	5.1781e+03	1.366e-22	1.0000e+01	4.7628e+00	1.0464e-07	5.3330e-01	4.6670e-01	9.0031e-01	9.9693e-02	7.8573e-08	8.8803e-11	1.8998e-03	9.8591e-01	1.2194e-02	1.1755e-36	5.9150e-01	4.0844e-01	6.1520e-05	1.1755e-36	1.1755e-36	1.1755e-36	4.5019e-17	0.00e+00	0.00e+00	1.6320e+01
7.64466e+18	5.1257e+03	1.328e-22	1.0000e+01	4.6692e+00	1.1619e-07	5.4251e-01	4.5749e-01	9.0182e-01	9.8179e-02	7.7847e-08	9.6831e-11	1.8676e-03	9.8619e-01	1.1938e-02	1.1755e-36	6.0054e-01	3.9940e-01	5.8305e-05	1.1755e-36	1.1755e-36	1.1755e-36	5.3577e-17	0.00e+00	0.00e+00	1.6493e+01
7.64974e+18	5.0706e+03	1.290e-22	1.0000e+01	4.5734e+00	1.2938e-07	5.5177e-01	4.4823e-01	9.0330e-01	9.6696e-02	7.7166e-08	1.0593e-10	1.8347e-03	9.8648e-01	1.1688e-02	1.1755e-36	6.0959e-01	3.9035e-01	5.5247e-05	1.1755e-36	1.1755e-36	1.1755e-36	6.4212e-17	0.00e+00	0.00e+00	1.6671e+01
7.65480e+18	5.0156e+03	1.252e-22	1.0000e+01	4.4770e+00	1.4390e-07	5.6095e-01	4.3905e-01	9.0471e-01	9.5294e-02	7.6579e-08	1.1602e-10	1.8014e-03	9.8675e-01	1.1448e-02	1.1755e-36	6.1853e-01	3.8142e-01	5.2363e-05	1.1755e-36	1.1755e-36	1.1755e-36	7.7140e-17	0.00e+00	0.00e+00	1.6849e+01
7.65978e+18	4.9580e+03	1.215e-22	1.0000e+01	4.3824e+00	1.6037e-07	5.7017e-01	4.2983e-01	9.0609e-01	9.3915e-02	7.5980e-08	1.2592e-10	1.7687e-03	9.8703e-01	1.1202e-02	1.1755e-36	6.2747e-01	3.7248e-01	4.9630e-05	1.1755e-36	1.1755e-36	1.1755e-36	9.1072e-17	0.00e+00	0.00e+00	1.7027e+01
7.66467e+18	4.8939e+03	1.180e-22	1.0000e+01	4.2913e+00	1.8005e-07	5.7965e-01	4.2035e-01	9.0752e-01	9.2475e-02	7.5228e-08	1.3664e-10	1.7379e-03	9.8731e-01	1.0947e-02	1.1755e-36	6.3663e-01	3.6333e-01	4.7021e-05	1.1755e-36	1.1755e-36	1.1755e-36	1.0760e-16	0.00e+00	0.00e+00	1.7204e+01
7.66930e+18	4.8340e+03	1.147e-22	1.0000e+01	4.2014e+00	2.0029e-07	5.8836e-01	4.1164e-01	9.0874e-01	9.1256e-02	7.4724e-08	1.4723e-10	1.7071e-03	9.8757e-01	1.0722e-02	1.1755e-36	6.4502e-01	3.5494e-01	4.4718e-05	1.1755e-36	1.1755e-36	1.1755e-36	1.2543e-16	0.00e+00	0.00e+00	1.7368e+01
7.67369e+18	4.7752e+03	1.115e-22	1.0000e+01	4.1167e+00	2.2197e-07	5.9676e-01	4.0324e-01	9.0992e-01	9.0076e-02	7.4206e-08	1.5829e-10	1.6782e-03	9.8782e-01	1.0505e-02	1.1755e-36	6.5307e-01	3.4688e-01	4.2599e-05	1.1755e-36	1.1755e-36	1.1755e-36	1.4558e-16	0.00e+00	0.00e+00	1.7533e+01
7.67812e+18	4.7143e+03	1.083e-22	1.0000e+01	4.0311e+00	2.4637e-07	6.0526e-01	3.9473e-01	9.1110e-01	8.8900e-02	7.3693e-08	1.7036e-10	1.6490e-03	9.8806e-01	1.0288e-02	1.1755e-36	6.6120e-01	3.3876e-01	4.0548e-05	1.1755e-36	1.1755e-36	1.1755e-36	1.6939e-16	0.00e+00	0.00e+00	1.7704e+01
7.68262e+18	4.6507e+03	1.051e-22	1.0000e+01	3.9438e+00	2.7401e-07	6.1393e-01	3.8606e-01	9.1227e-01	8.7726e-02	7.3192e-08	1.8358e-10	1.6192e-03	9.8831e-01	1.0070e-02	1.1755e-36	6.6945e-01	3.3051e-01	3.8554e-05	1.1755e-36	1.1755e-36	1.1755e-36	1.9768e-16	0.00e+00	0.00e+00	1.7879e+01
7.68712e+18	4.5811e+03	1.020e-22	1.0000e+01	3.8551e+00	3.0620e-07	6.2273e-01	3.7727e-01	9.1345e-01	8.6552e-02	7.2672e-08	1.9812e-10	1.5893e-03	9.8856e-01	9.8511e-03	1.1755e-36	6.7780e-01	3.2216e-01	3.6646e-05	1.1755e-36	1.1755e-36	1.1755e-36	2.3157e-16	0.00e+00	0.00e+00	1.8055e+01
7.69149e+18	4.5155e+03	9.897e-23	1.0000e+01	3.7697e+00	3.3939e-07	6.3118e-01	3.6882e-01	9.1453e-01	8.5471e-02	7.2245e-08	2.1283e-10	1.5603e-03	9.8879e-01	9.6463e-03	1.1755e-36	6.8579e-01	3.1417e-01	3.4880e-05	1.1755e-36	1.1755e-36	1.1755e-36	2.6863e-16	0.00e+00	0.00e+00	1.8225e+01
7.69580e+18	4.4481e+03	9.600e-23	1.0000e+01	3.6854e+00	3.7571e-07	6.3958e-01	3.6042e-01	9.1561e-01	8.4392e-02	7.1796e-08	2.2831e-10	1.5319e-03	9.8903e-01	9.4425e-03	1.1755e-36	6.9371e-01	3.0626e-01	3.3199e-05	1.1755e-36	1.1755e-36	1.1755e-36	3.1074e-16	0.00e+00	0.00e+00	1.8401e+01
7.70024e+18	4.3776e+03	9.297e-23	1.0000e+01	3.5967e+00	4.1576e-07	6.4808e-01	3.5192e-01	9.1666e-01	8.3344e-02	7.1430e-08	2.4457e-10	1.5018e-03	9.8926e-01	9.2402e-03	1.1755e-36	7.0170e-01	2.9827e-01	3.1564e-05	1.1755e-36	1.1755e-36	1.1755e-36	3.5850e-16	0.00e+00	0.00e+00	1.8586e+01
7.70483e+18	4.3024e+03	8.988e-23	1.0000e+01	3.5058e+00	4.6078e-07	6.5697e-01	3.4303e-01	9.1775e-01	8.2251e-02	7.1021e-08	2.6215e-10	1.4713e-03	9.8950e-01	9.0305e-03	1.1755e-36	7.1001e-01	2.8996e-01	2.9935e-05	1.1755e-36	1.1755e-36	1.1755e-36	4.1400e-16	0.00e+00	0.00e+00	1.8780e+01
7.70957e+18	4.2221e+03	8.675e-23	1.0000e+01	3.4126e+00	5.1076e-07	6.6616e-01	3.3384e-01	9.1887e-01	8.1134e-02	7.0594e-08	2.8067e-10	1.4403e-03	9.8974e-01	8.8161e-03	1.1755e-36	7.1858e-01	2.8139e-01	2.8330e-05	1.1755e-36	1.1755e-36	1.1755e-36	4.7690e-16	0.00e+00	0.00e+00	1.8981e+01
7.71441e+18	4.1426e+03	8.360e-23	1.0000e+01	3.3195e+00	5.6250e-07	6.7549e-01	3.2450e-01	9.1998e-01	8.0022e-02	7.0191e-08	2.9938e-10	1.4091e-03	9.8999e-01	8.6019e-03	1.1755e-36	7.2724e-01	2.7273e-01	2.6763e-05	1.1755e-36	1.1755e-36	1.1755e-36	5.4465e-16	0.00e+00	0.00e+00	1.9190e+01
7.71952e+18	4.0493e+03	8.035e-23	1.0000e+01	3.2199e+00	6.2234e-07	6.8552e-01	3.1448e-01	9.2120e-01	7.8802e-02	6.9670e-08	3.1891e-10	1.3767e-03	9.9025e-01	8.3712e-03	1.1755e-36	7.3651e-01	2.6346e-01	2.5180e-05	1.1755e-36	1.1755e-36	1.1755e-36	6.2032e-16	0.00e+00	0.00e+00	1.9421e+01
7.72495e+18	3.9494e+03	7.695e-23	1.0000e+01	3.1137e+00	6.8504e-07	6.9601e-01	3.0399e-01	9.2242e-01	7.7582e-02	6.9219e-08	3.3759e-10	1.3422e-03	9.9052e-01	8.1364e-03	1.1755e-36	7.4618e-01	2.5380e-01	2.3601e-05	1.1755e-36	1.1755e-36	1.1755e-36	6.9697e-16	0.00e+00	0.00e+00	1.9664e+01
###########################
5.39976e+14	6.8058e+03	3.274e-22	1.0000e+01	1.0788e+01	1.1657e-12	5.9335e-03	9.9407e-01	2.7827e-02	9.7058e-01	1.5968e-03	5.8183e-16	5.8923e-04	3.4734e-01	6.5175e-01	3.2714e-04	4.8922e-03	7.2817e-01	2.6684e-01	9.6163e-05	1.1755e-36	1.1755e-36	3.7083e-24	0.00e+00	0.00e+00	4.0460e-04
3.23986e+15	6.8019e+03	3.272e-22	1.0000e+01	1.0785e+01	1.1684e-12	5.9304e-03	9.9407e-01	2.7830e-02	9.7057e-01	1.5952e-03	5.8126e-16	5.8719e-04	3.4738e-01	6.5171e-01	3.2752e-04	4.8891e-03	7.2805e-01	2.6696e-01	9.5892e-05	1.1755e-36	1.1755e-36	3.7022e-24	0.00e+00	0.00e+00	2.0222e-03
1.40394e+16	6.7919e+03	3.267e-22	1.0000e+01	1.0785e+01	1.1769e-12	5.9295e-03	9.9407e-01	2.7873e-02	9.7054e-01	1.5835e-03	5.8171e-16	5.8712e-04	3.4775e-01	6.5134e-01	3.2615e-04	4.8904e-03	7.2821e-01	2.6681e-01	9.4460e-05	1.1755e-36	1.1755e-36	3.6965e-24	0.00e+00	0.00e+00	8.4914e-03
5.72375e+16	6.7731e+03	3.248e-22	1.0000e+01	1.0784e+01	1.1966e-12	5.9354e-03	9.9406e-01	2.8039e-02	9.7043e-01	1.5273e-03	5.8585e-16	5.9103e-04	3.4919e-01	6.4990e-01	3.2152e-04	4.9071e-03	7.2933e-01	2.6567e-01	8.8716e-05	1.1755e-36	1.1755e-36	3.7019e-24	0.00e+00	0.00e+00	3.4394e-02
1.36722e+17	6.6879e+03	3.188e-22	1.0000e+01	1.0784e+01	1.2419e-12	5.8609e-03	9.9414e-01	2.8190e-02	9.7033e-01	1.4820e-03	5.7198e-16	5.8998e-04	3.5073e-01	6.4836e-01	3.1658e-04	4.8551e-03	7.2972e-01	2.6534e-01	8.1958e-05	1.1755e-36	1.1755e-36	3.5159e-24	0.00e+00	0.00e+00	6.7645e-02
2.40052e+17	6.6023e+03	3.131e-22	1.0000e+01	1.0785e+01	1.3043e-12	5.8180e-03	9.9418e-01	2.8457e-02	9.7016e-01	1.3851e-03	5.6674e-16	5.9245e-04	3.5322e-01	6.4588e-01	3.0826e-04	4.8408e-03	7.3153e-01	2.6355e-01	7.2984e-05	1.1755e-36	1.1755e-36	3.3961e-24	0.00e+00	0.00e+00	1.1056e-01
3.74381e+17	6.5130e+03	3.073e-22	1.0000e+01	1.0784e+01	1.3890e-12	5.8025e-03	9.9420e-01	2.8867e-02	9.6989e-01	1.2401e-03	5.6911e-16	5.9829e-04	3.5684e-01	6.4226e-01	2.9652e-04	4.8617e-03	7.3487e-01	2.6021e-01	6.2103e-05	1.1755e-36	1.1755e-36	3.3257e-24	0.00e+00	0.00e+00	1.6619e-01
5.49008e+17	6.4192e+03	3.014e-22	1.0000e+01	1.0783e+01	1.5056e-12	5.8214e-03	9.9418e-01	2.9467e-02	9.6948e-01	1.0509e-03	5.8148e-16	6.0852e-04	3.6199e-01	6.3712e-01	2.8114e-04	4.9270e-03	7.4006e-01	2.5497e-01	4.9816e-05	1.1755e-36	1.1755e-36	3.3164e-24	0.00e+00	0.00e+00	2.3875e-01
7.76024e+17	6.3221e+03	2.956e-22	1.0000e+01	1.0782e+01	1.6679e-12	5.8900e-03	9.9411e-01	3.0347e-02	9.6882e-01	8.2948e-04	6.0847e-16	6.2548e-04	3.6927e-01	6.2984e-01	2.6206e-04	5.0550e-03	7.4762e-01	2.4729e-01	3.6976e-05	1.1755e-36	1.1755e-36	3.3922e-24	0.00e+00	0.00e+00	3.3419e-01
1.07114e+18	6.2221e+03	2.901e-22	1.0000e+01	1.0779e+01	1.9062e-12	6.0359e-03	9.9396e-01	3.1658e-02	9.6774e-01	5.9768e-04	6.5989e-16	6.5259e-04	3.7968e-01	6.1943e-01	2.3937e-04	5.2780e-03	7.5823e-01	2.3647e-01	2.4779e-05	1.1755e-36	1.1755e-36	3.6110e-24	0.00e+00	0.00e+00	4.6134e-01
1.45480e+18	6.1402e+03	2.850e-22	1.0000e+01	1.0775e+01	2.2285e-12	6.2927e-03	9.9371e-01	3.3593e-02	9.6602e-01	3.8485e-04	7.5046e-16	6.9465e-04	3.9428e-01	6.0481e-01	2.1384e-04	5.6386e-03	7.7255e-01	2.2180e-01	1.4546e-05	1.1755e-36	1.1755e-36	4.0681e-24	0.00e+00	0.00e+00	6.3366e-01
1.95355e+18	6.0694e+03	2.813e-22	1.0000e+01	1.0768e+01	2.7452e-12	6.7521e-03	9.9325e-01	3.6642e-02	9.6314e-01	2.1521e-04	9.2227e-16	7.6224e-04	4.1576e-01	5.8329e-01	1.8482e-04	6.2457e-03	7.9192e-01	2.0183e-01	7.1498e-06	1.1755e-36	1.1755e-36	5.0270e-24	0.00e+00	0.00e+00	8.7404e-01
2.58557e+18	6.0277e+03	2.797e-22	1.0000e+01	1.0757e+01	3.5931e-12	7.5433e-03	9.9246e-01	4.1529e-02	9.5837e-01	1.0321e-04	1.2612e-15	8.6989e-04	4.4700e-01	5.5197e-01	1.5261e-04	7.2612e-03	8.1707e-01	1.7566e-01	2.8394e-06	1.1755e-36	1.1755e-36	7.0968e-24	0.00e+00	0.00e+00	1.2076e+00
3.17315e+18	6.0265e+03	2.803e-22	1.0000e+01	1.0741e+01	4.5781e-12	8.4795e-03	9.9152e-01	4.7091e-02	9.5286e-01	5.2008e-05	1.7234e-15	9.8853e-04	4.7875e-01	5.2013e-01	1.2676e-04	8.4512e-03	8.3966e-01	1.5189e-01	1.1913e-06	1.1755e-36	1.1755e-36	1.0169e-23	0.00e+00	0.00e+00	1.4619e+00
3.57783e+18	6.0613e+03	2.830e-22	1.0000e+01	1.0727e+01	5.4788e-12	9.3808e-03	9.9062e-01	5.2237e-02	9.4773e-01	3.3037e-05	2.2514e-15	1.0937e-03	5.0485e-01	4.9395e-01	1.0922e-04	9.5842e-03	8.5611e-01	1.3430e-01	6.3923e-07	1.1755e-36	1.1755e-36	1.4018e-23	0.00e+00	0.00e+00	1.6600e+00
3.89463e+18	6.1000e+03	2.863e-22	1.0000e+01	1.0713e+01	6.4313e-12	1.0290e-02	9.8971e-01	5.7388e-02	9.4259e-01	2.3267e-05	2.8756e-15	1.1933e-03	5.2840e-01	4.7031e-01	9.5350e-05	1.0725e-02	8.6945e-01	1.1982e-01	3.8195e-07	1.1755e-36	1.1755e-36	1.8890e-23	0.00e+00	0.00e+00	1.8543e+00
4.23868e+18	6.1421e+03	2.907e-22	1.0000e+01	1.0695e+01	7.9107e-12	1.1544e-02	9.8846e-01	6.4570e-02	9.3541e-01	1.5853e-05	3.9035e-15	1.3224e-03	5.5774e-01	4.4086e-01	8.0093e-05	1.2303e-02	8.8417e-01	1.0352e-01	2.0965e-07	1.1755e-36	1.1755e-36	2.7474e-23	0.00e+00	0.00e+00	2.1378e+00
4.59304e+18	6.2025e+03	2.966e-22	1.0000e+01	1.0670e+01	9.8793e-12	1.3153e-02	9.8685e-01	7.3693e-02	9.2630e-01	1.0826e-05	5.4679e-15	1.4718e-03	5.9014e-01	4.0833e-01	6.5541e-05	1.4327e-02	8.9837e-01	8.7307e-02	1.1755e-36	1.1755e-36	1.1755e-36	4.1850e-23	0.00e+00	0.00e+00	2.4034e+00
4.87534e+18	6.2593e+03	3.025e-22	1.0000e+01	1.0647e+01	1.2098e-11	1.4819e-02	9.8518e-01	8.3172e-02	9.1682e-01	8.0387e-06	7.4165e-15	1.6112e-03	6.1916e-01	3.7917e-01	5.4246e-05	1.6422e-02	9.0922e-01	7.4358e-02	1.1755e-36	1.1755e-36	1.1755e-36	6.1508e-23	0.00e+00	0.00e+00	2.6325e+00
5.10701e+18	6.3140e+03	3.078e-22	1.0000e+01	1.0627e+01	1.4546e-11	1.6526e-02	9.8347e-01	9.3026e-02	9.0697e-01	6.2969e-06	9.7951e-15	1.7388e-03	6.4532e-01	3.5289e-01	4.5281e-05	1.8570e-02	9.1759e-01	6.3841e-02	1.1755e-36	1.1755e-36	1.1755e-36	8.7687e-23	0.00e+00	0.00e+00	2.8606e+00
5.35833e+18	6.3446e+03	3.142e-22	1.0000e+01	1.0584e+01	1.8754e-11	1.8868e-02	9.8113e-01	1.0675e-01	8.9324e-01	4.7539e-06	1.3689e-14	1.8986e-03	6.7673e-01	3.2134e-01	3.5888e-05	2.1519e-02	9.2576e-01	5.2718e-02	1.1755e-36	1.1755e-36	1.1755e-36	1.3376e-22	0.00e+00	0.00e+00	3.1990e+00
5.62598e+18	6.4018e+03	3.220e-22	1.0000e+01	1.0540e+01	2.4905e-11	2.2078e-02	9.7792e-01	1.2565e-01	8.7435e-01	3.5698e-06	2.0248e-14	2.0822e-03	7.1196e-01	2.8593e-01	2.6999e-05	2.5550e-02	9.3276e-01	4.1691e-02	1.1755e-36	1.1755e-36	1.1755e-36	2.2136e-22	0.00e+00	0.00e+00	3.5493e+00
5.85290e+18	6.4526e+03	3.294e-22	1.0000e+01	1.0484e+01	3.2982e-11	2.5728e-02	9.7427e-01	1.4732e-01	8.5268e-01	2.7870e-06	2.9520e-14	2.2542e-03	7.4443e-01	2.5329e-01	2.0187e-05	3.0123e-02	9.3698e-01	3.2894e-02	1.1755e-36	1.1755e-36	1.1755e-36	3.6076e-22	0.00e+00	0.00e+00	3.8785e+00
6.03982e+18	6.4915e+03	3.359e-22	1.0000e+01	1.0429e+01	4.3188e-11	2.9677e-02	9.7032e-01	1.7102e-01	8.2898e-01	2.2583e-06	4.1902e-14	2.4079e-03	7.7295e-01	2.2463e-01	1.5183e-05	3.5058e-02	9.3878e-01	2.6165e-02	1.1755e-36	1.1755e-36	1.1755e-36	5.6900e-22	0.00e+00	0.00e+00	4.1993e+00
6.20252e+18	6.5269e+03	3.409e-22	1.0000e+01	1.0355e+01	5.6032e-11	3.4019e-02	9.6598e-01	1.9728e-01	8.0272e-01	1.8588e-06	5.8457e-14	2.5430e-03	7.9849e-01	1.9895e-01	1.1412e-05	4.0472e-02	9.3869e-01	2.0835e-02	1.1755e-36	1.1755e-36	1.1755e-36	8.7803e-22	0.00e+00	0.00e+00	4.5305e+00
6.35170e+18	6.5559e+03	3.455e-22	1.0000e+01	1.0278e+01	7.3496e-11	3.9099e-02	9.6090e-01	2.2803e-01	7.7197e-01	1.5418e-06	8.2086e-14	2.6710e-03	8.2259e-01	1.7473e-01	8.4285e-06	4.6787e-02	9.3681e-01	1.6406e-02	1.1755e-36	1.1755e-36	1.1755e-36	1.3677e-21	0.00e+00	0.00e+00	4.8864e+00
6.48888e+18	6.5795e+03	3.496e-22	1.0000e+01	1.0199e+01	9.7651e-11	4.5114e-02	9.5489e-01	2.6402e-01	7.3598e-01	1.2869e-06	1.1648e-13	2.7913e-03	8.4515e-01	1.5205e-01	6.1046e-06	5.4235e-02	9.3301e-01	1.2752e-02	1.1755e-36	1.1755e-36	1.1755e-36	2.1620e-21	0.00e+00	0.00e+00	5.2573e+00
6.61051e+18	6.5994e+03	3.522e-22	1.0000e+01	1.0100e+01	1.2939e-10	5.1891e-02	9.4811e-01	3.0366e-01	6.9634e-01	1.0809e-06	1.6398e-13	2.8913e-03	8.6502e-01	1.3208e-01	4.4064e-06	6.2595e-02	9.2751e-01	9.8917e-03	1.1755e-36	1.1755e-36	1.1755e-36	3.3807e-21	0.00e+00	0.00e+00	5.6278e+00
6.71714e+18	6.6133e+03	3.534e-22	1.0000e+01	9.9906e+00	1.7069e-10	5.9403e-02	9.4060e-01	3.4600e-01	6.5399e-01	9.1316e-07	2.2846e-13	2.9722e-03	8.8220e-01	1.1483e-01	3.1863e-06	7.1824e-02	9.2049e-01	7.6887e-03	1.1755e-36	1.1755e-36	1.1755e-36	5.2115e-21	0.00e+00	0.00e+00	6.0037e+00
6.81324e+18	6.6232e+03	3.529e-22	1.0000e+01	9.8590e+00	2.2487e-10	6.7819e-02	9.3218e-01	3.9108e-01	6.0892e-01	7.7119e-07	3.1648e-13	3.0333e-03	8.9716e-01	9.9802e-02	2.2996e-06	8.2119e-02	9.1192e-01	5.9649e-03	1.1755e-36	1.1755e-36	1.1755e-36	7.9629e-21	0.00e+00	0.00e+00	6.3976e+00
6.90245e+18	6.6261e+03	3.511e-22	1.0000e+01	9.7129e+00	2.9958e-10	7.7605e-02	9.2240e-01	4.3970e-01	5.6030e-01	6.4698e-07	4.4174e-13	3.0802e-03	9.1055e-01	8.6372e-02	1.6403e-06	9.4031e-02	9.0139e-01	4.5840e-03	1.1755e-36	1.1755e-36	1.1755e-36	1.2284e-20	0.00e+00	0.00e+00	6.8211e+00
6.98578e+18	6.6284e+03	3.477e-22	1.0000e+01	9.5519e+00	4.0256e-10	8.9080e-02	9.1092e-01	4.9111e-01	5.0889e-01	5.3978e-07	6.2268e-13	3.1121e-03	9.2243e-01	7.4458e-02	1.1558e-06	1.0792e-01	8.8860e-01	3.4834e-03	1.1755e-36	1.1755e-36	1.1755e-36	1.9218e-20	0.00e+00	0.00e+00	7.2724e+00
7.06265e+18	6.6106e+03	3.431e-22	1.0000e+01	9.3729e+00	5.5410e-10	1.0260e-01	8.9740e-01	5.4370e-01	4.5630e-01	4.4851e-07	8.8618e-13	3.1292e-03	9.3283e-01	6.4043e-02	8.0704e-07	1.2417e-01	8.7320e-01	2.6257e-03	1.1755e-36	1.1755e-36	1.1755e-36	3.0483e-20	0.00e+00	0.00e+00	7.7486e+00
7.13302e+18	6.5913e+03	3.365e-22	1.0000e+01	9.1731e+00	7.6512e-10	1.1817e-01	8.8183e-01	5.9497e-01	4.0503e-01	3.7203e-07	1.2622e-12	3.1284e-03	9.4169e-01	5.5183e-02	5.6296e-07	1.4277e-01	8.5526e-01	1.9703e-03	1.1755e-36	1.1755e-36	1.1755e-36	4.8604e-20	0.00e+00	0.00e+00	8.2502e+00
7.19802e+18	6.5632e+03	3.281e-22	1.0000e+01	8.9500e+00	1.0701e-09	1.3630e-01	8.6370e-01	6.4393e-01	3.5607e-01	3.0811e-07	1.8055e-12	3.1107e-03	9.4929e-01	4.7597e-02	3.9161e-07	1.6424e-01	8.3429e-01	1.4695e-03	1.1755e-36	1.1755e-36	1.1755e-36	7.8421e-20	0.00e+00	0.00e+00	8.7904e+00
7.25909e+18	6.5238e+03	3.175e-22	1.0000e+01	8.6965e+00	1.5269e-09	1.5779e-01	8.4221e-01	6.8998e-01	3.1002e-01	2.5475e-07	2.6066e-12	3.0750e-03	9.5590e-01	4.1026e-02	2.7049e-07	1.8943e-01	8.0948e-01	1.0845e-03	1.1755e-36	1.1755e-36	1.1755e-36	1.2924e-19	0.00e+00	0.00e+00	9.3819e+00
7.31671e+18	6.4707e+03	3.044e-22	1.0000e+01	8.4042e+00	2.2306e-09	1.8339e-01	8.1661e-01	7.3226e-01	2.6774e-01	2.1045e-07	3.8003e-12	3.0190e-03	9.6164e-01	3.5336e-02	1.8553e-07	2.1912e-01	7.8009e-01	7.9098e-04	1.1755e-36	1.1755e-36	1.1755e-36	2.1831e-19	0.00e+00	0.00e+00	1.0029e+01
7.37065e+18	6.4002e+03	2.887e-22	1.0000e+01	8.0702e+00	3.3410e-09	2.1370e-01	7.8630e-01	7.6989e-01	2.3011e-01	1.7442e-07	5.5832e-12	2.9415e-03	9.6661e-01	3.0448e-02	1.2686e-07	2.5380e-01	7.4563e-01	5.7127e-04	1.1755e-36	1.1755e-36	1.1755e-36	3.7826e-19	0.00e+00	0.00e+00	1.0731e+01
7.42064e+18	6.3092e+03	2.704e-22	1.0000e+01	7.6907e+00	5.1239e-09	2.4896e-01	7.5104e-01	8.0200e-01	1.9800e-01	1.4635e-07	8.2245e-12	2.8413e-03	9.7087e-01	2.6289e-02	1.1755e-36	2.9353e-01	7.0606e-01	4.1007e-04	1.1755e-36	1.1755e-36	1.1755e-36	6.7046e-19	0.00e+00	0.00e+00	1.1485e+01
7.46408e+18	6.2020e+03	2.509e-22	1.0000e+01	7.2884e+00	7.8530e-09	2.8714e-01	7.1286e-01	8.2708e-01	1.7292e-01	1.2621e-07	1.1882e-11	2.7255e-03	9.7429e-01	2.2988e-02	1.1755e-36	3.3580e-01	6.6390e-01	2.9910e-04	1.1755e-36	1.1755e-36	1.1755e-36	1.1808e-18	0.00e+00	0.00e+00	1.2190e+01
7.49762e+18	6.0940e+03	2.330e-22	1.0000e+01	6.9162e+00	1.1415e-08	3.2249e-01	6.7751e-01	8.4431e-01	1.5569e-01	1.1351e-07	1.6153e-11	2.6119e-03	9.7675e-01	2.0639e-02	1.1755e-36	3.7429e-01	6.2548e-01	2.2987e-04	1.1755e-36	1.1755e-36	1.1755e-36	1.9323e-18	0.00e+00	0.00e+00	1.2764e+01
7.51623e+18	6.0242e+03	2.223e-22	1.0000e+01	6.6851e+00	1.4349e-08	3.4516e-01	6.5484e-01	8.5217e-01	1.4783e-01	1.0838e-07	1.9415e-11	2.5387e-03	9.7795e-01	1.9507e-02	1.1755e-36	3.9864e-01	6.0117e-01	1.9744e-04	1.1755e-36	1.1755e-36	1.1755e-36	2.6273e-18	0.00e+00	0.00e+00	1.2961e+01
7.52296e+18	5.9987e+03	2.181e-22	1.0000e+01	6.5966e+00	1.5572e-08	3.5344e-01	6.4656e-01	8.5510e-01	1.4490e-01	1.0646e-07	2.0726e-11	2.5101e-03	9.7839e-01	1.9104e-02	1.1755e-36	4.0746e-01	5.9235e-01	1.8677e-04	1.1755e-36	1.1755e-36	1.1755e-36	2.9335e-18	0.00e+00	0.00e+00	1.3059e+01
7.52798e+18	5.9755e+03	2.150e-22	1.0000e+01	6.5314e+00	1.6626e-08	3.5978e-01	6.4022e-01	8.5758e-01	1.4242e-01	1.0469e-07	2.1805e-11	2.4894e-03	9.7876e-01	1.8754e-02	1.1755e-36	4.1421e-01	5.8562e-01	1.7879e-04	1.1755e-36	1.1755e-36	1.1755e-36	3.1966e-18	0.00e+00	0.00e+00	1.3187e+01
7.53444e+18	5.9483e+03	2.109e-22	1.0000e+01	6.4469e+00	1.8042e-08	3.6802e-01	6.3198e-01	8.6064e-01	1.3936e-01	1.0256e-07	2.3270e-11	2.4621e-03	9.7923e-01	1.8313e-02	1.1755e-36	4.2293e-01	5.7690e-01	1.6895e-04	1.1755e-36	1.1755e-36	1.1755e-36	3.5706e-18	0.00e+00	0.00e+00	1.3357e+01
7.54276e+18	5.9022e+03	2.056e-22	1.0000e+01	6.3323e+00	2.0289e-08	3.7907e-01	6.2093e-01	8.6462e-01	1.3538e-01	9.9740e-08	2.5394e-11	2.4256e-03	9.7983e-01	1.7749e-02	1.1755e-36	4.3461e-01	5.6524e-01	1.5694e-04	1.1755e-36	1.1755e-36	1.1755e-36	4.1539e-18	0.00e+00	0.00e+00	1.3580e+01
7.55162e+18	5.8561e+03	1.998e-22	1.0000e+01	6.2080e+00	2.2944e-08	3.9117e-01	6.0883e-01	8.6840e-01	1.3160e-01	9.7250e-08	2.7887e-11	2.3851e-03	9.8042e-01	1.7195e-02	1.1755e-36	4.4731e-01	5.5255e-01	1.4508e-04	1.1755e-36	1.1755e-36	1.1755e-36	4.8974e-18	0.00e+00	0.00e+00	1.3788e+01
7.55946e+18	5.8070e+03	1.947e-22	1.0000e+01	6.1006e+00	2.5882e-08	4.0267e-01	5.9733e-01	8.7177e-01	1.2823e-01	9.4925e-08	3.0524e-11	2.3505e-03	9.8096e-01	1.6691e-02	1.1755e-36	4.5931e-01	5.4055e-01	1.3500e-04	1.1755e-36	1.1755e-36	1.1755e-36	5.7569e-18	0.00e+00	0.00e+00	1.3973e+01
7.56629e+18	5.7722e+03	1.899e-22	1.0000e+01	5.9951e+00	2.8441e-08	4.1227e-01	5.8773e-01	8.7443e-01	1.2557e-01	9.3359e-08	3.2811e-11	2.3153e-03	9.8139e-01	1.6298e-02	1.1755e-36	4.6929e-01	5.3058e-01	1.2694e-04	1.1755e-36	1.1755e-36	1.1755e-36	6.5564e-18	0.00e+00	0.00e+00	1.4139e+01
7.57305e+18	5.7254e+03	1.853e-22	1.0000e+01	5.8936e+00	3.1723e-08	4.2254e-01	5.7746e-01	8.7725e-01	1.2275e-01	9.1493e-08	3.5551e-11	2.2820e-03	9.8185e-01	1.5869e-02	1.1755e-36	4.7992e-01	5.1997e-01	1.1909e-04	1.1755e-36	1.1755e-36	1.1755e-36	7.5950e-18	0.00e+00	0.00e+00	1.4329e+01
7.58005e+18	5.6802e+03	1.804e-22	1.0000e+01	5.7850e+00	3.5386e-08	4.3318e-01	5.6682e-01	8.7997e-01	1.2003e-01	8.9829e-08	3.8592e-11	2.2459e-03	9.8230e-01	1.5454e-02	1.1755e-36	4.9088e-01	5.0901e-01	1.1149e-04	1.1755e-36	1.1755e-36	1.1755e-36	8.8402e-18	0.00e+00	0.00e+00	1.4517e+01
7.58681e+18	5.6357e+03	1.755e-22	1.0000e+01	5.6778e+00	3.9385e-08	4.4366e-01	5.5634e-01	8.8251e-01	1.1749e-01	8.8313e-08	4.1846e-11	2.2099e-03	9.8273e-01	1.5061e-02	1.1755e-36	5.0162e-01	4.9828e-01	1.0453e-04	1.1755e-36	1.1755e-36	1.1755e-36	1.0285e-17	0.00e+00	0.00e+00	1.4703e+01
7.59341e+18	5.5873e+03	1.708e-22	1.0000e+01	5.5705e+00	4.3991e-08	4.5418e-01	5.4582e-01	8.8496e-01	1.1504e-01	8.6854e-08	4.5444e-11	2.1740e-03	9.8315e-01	1.4680e-02	1.1755e-36	5.1235e-01	4.8755e-01	9.8079e-05	1.1755e-36	1.1755e-36	1.1755e-36	1.2026e-17	0.00e+00	0.00e+00	1.4891e+01
7.59980e+18	5.5383e+03	1.661e-22	1.0000e+01	5.4642e+00	4.9107e-08	4.6457e-01	5.3543e-01	8.8726e-01	1.1274e-01	8.5525e-08	4.9345e-11	2.1383e-03	9.8354e-01	1.4318e-02	1.1755e-36	5.2290e-01	4.7700e-01	9.2145e-05	1.1755e-36	1.1755e-36	1.1755e-36	1.4082e-17	0.00e+00	0.00e+00	1.5074e+01
7.60593e+18	5.4892e+03	1.616e-22	1.0000e+01	5.3603e+00	5.4720e-08	4.7469e-01	5.2531e-01	8.8941e-01	1.1059e-01	8.4316e-08	5.3527e-11	2.1032e-03	9.8392e-01	1.3978e-02	1.1755e-36	5.3314e-01	4.6678e-01	8.6746e-05	1.1755e-36	1.1755e-36	1.1755e-36	1.6484e-17	0.00e+00	0.00e+00	1.5254e+01
7.61185e+18	5.4397e+03	1.573e-22	1.0000e+01	5.2582e+00	6.0920e-08	4.8465e-01	5.1535e-01	8.9143e-01	1.0857e-01	8.3193e-08	5.8063e-11	2.0687e-03	9.8428e-01	1.3653e-02	1.1755e-36	5.4316e-01	4.5676e-01	8.1772e-05	1.1755e-36	1.1755e-36	1.1755e-36	1.9322e-17	0.00e+00	0.00e+00	1.5433e+01
7.61765e+18	5.3900e+03	1.530e-22	1.0000e+01	5.1574e+00	6.7789e-08	4.9454e-01	5.0546e-01	8.9337e-01	1.0663e-01	8.2144e-08	6.3034e-11	2.0344e-03	9.8463e-01	1.3339e-02	1.1755e-36	5.5307e-01	4.4686e-01	7.7129e-05	1.1755e-36	1.1755e-36	1.1755e-36	2.2708e-17	0.00e+00	0.00e+00	1.5613e+01
7.62336e+18	5.3388e+03	1.487e-22	1.0000e+01	5.0547e+00	7.5485e-08	5.0431e-01	4.9569e-01	8.9522e-01	1.0478e-01	8.1195e-08	6.8480e-11	1.9994e-03	9.8496e-01	1.3039e-02	1.1755e-36	5.6283e-01	4.3709e-01	7.2801e-05	1.1755e-36	1.1755e-36	1.1755e-36	2.6763e-17	0.00e+00	0.00e+00	1.5793e+01
7.62897e+18	5.2848e+03	1.445e-22	1.0000e+01	4.9569e+00	8.4399e-08	5.1436e-01	4.8564e-01	8.9706e-01	1.0294e-01	8.0177e-08	7.4783e-11	1.9661e-03	9.8530e-01	1.2736e-02	1.1755e-36	5.7280e-01	4.2713e-01	6.8678e-05	1.1755e-36	1.1755e-36	1.1755e-36	3.1888e-17	0.00e+00	0.00e+00	1.5974e+01
7.63439e+18	5.2310e+03	1.405e-22	1.0000e+01	4.8583e+00	9.4114e-08	5.2399e-01	4.7601e-01	8.9874e-01	1.0126e-01	7.9339e-08	8.1524e-11	1.9325e-03	9.8561e-01	1.2457e-02	1.1755e-36	5.8233e-01	4.1760e-01	6.4939e-05	1.1755e-36	1.1755e-36	1.1755e-36	3.7910e-17	0.00e+00	0.00e+00	1.6148e+01
7.63957e+18	5.1781e+03	1.366e-22	1.0000e+01	4.7628e+00	1.0464e-07	5.3329e-01	4.6670e-01	9.0031e-01	9.9693e-02	7.8573e-08	8.8803e-11	1.8998e-03	9.8591e-01	1.2194e-02	1.1755e-36	5.9150e-01	4.0844e-01	6.1520e-05	1.1755e-36	1.1755e-36	1.1755e-36	4.5019e-17	0.00e+00	0.00e+00	1.6320e+01
7.64466e+18	5.1257e+03	1.328e-22	1.0000e+01	4.6692e+00	1.1619e-07	5.4251e-01	4.5749e-01	9.0182e-01	9.8179e-02	7.7847e-08	9.6830e-11	1.8676e-03	9.8619e-01	1.1939e-02	1.1755e-36	6.0054e-01	3.9940e-01	5.8305e-05	1.1755e-36	1.1755e-36	1.1755e-36	5.3576e-17	0.00e+00	0.00e+00	1.6493e+01
7.64974e+18	5.0706e+03	1.290e-22	1.0000e+01	4.5734e+00	1.2937e-07	5.5176e-01	4.4823e-01	9.0330e-01	9.6696e-02	7.7166e-08	1.0593e-10	1.8347e-03	9.8648e-01	1.1689e-02	1.1755e-36	6.0959e-01	3.9035e-01	5.5247e-05	1.1755e-36	1.1755e-36	1.1755e-36	6.4211e-17	0.00e+00	0.00e+00	1.6671e+01
7.65480e+18	5.0156e+03	1.252e-22	1.0000e+01	4.4770e+00	1.4390e-07	5.6095e-01	4.3905e-01	9.0471e-01	9.5294e-02	7.6579e-08	1.1602e-10	1.8014e-03	9.8675e-01	1.1448e-02	1.1755e-36	6.1853e-01	3.8142e-01	5.2363e-05	1.1755e-36	1.1755e-36	1.1755e-36	7.7139e-17	0.00e+00	0.00e+00	1.6849e+01
7.65978e+18	4.9580e+03	1.215e-22	1.0000e+01	4.3824e+00	1.6037e-07	5.7017e-01	4.2983e-01	9.0609e-01	9.3915e-02	7.5980e-08	1.2592e-10	1.7687e-03	9.8703e-01	1.1202e-02	1.1755e-36	6.2747e-01	3.7248e-01	4.9630e-05	1.1755e-36	1.1755e-36	1.1755e-36	9.1072e-17	0.00e+00	0.00e+00	1.7027e+01
7.66468e+18	4.8939e+03	1.180e-22	1.0000e+01	4.2913e+00	1.8005e-07	5.7965e-01	4.2035e-01	9.0753e-01	9.2475e-02	7.5228e-08	1.3664e-10	1.7380e-03	9.8731e-01	1.0947e-02	1.1755e-36	6.3663e-01	3.6333e-01	4.7021e-05	1.1755e-36	1.1755e-36	1.1755e-36	1.0760e-16	0.00e+00	0.00e+00	1.7204e+01
7.66930e+18	4.8340e+03	1.147e-22	1.0000e+01	4.2014e+00	2.0029e-07	5.8836e-01	4.1164e-01	9.0874e-01	9.1256e-02	7.4724e-08	1.4723e-10	1.7072e-03	9.8757e-01	1.0722e-02	1.1755e-36	6.4502e-01	3.5494e-01	4.4718e-05	1.1755e-36	1.1755e-36	1.1755e-36	1.2543e-16	0.00e+00	0.00e+00	1.7368e+01
7.67369e+18	4.7752e+03	1.115e-22	1.0000e+01	4.1167e+00	2.2196e-07	5.9676e-01	4.0324e-01	9.0992e-01	9.0076e-02	7.4206e-08	1.5829e-10	1.6782e-03	9.8782e-01	1.0505e-02	1.1755e-36	6.5307e-01	3.4688e-01	4.2599e-05	1.1755e-36	1.1755e-36	1.1755e-36	1.4558e-16	0.00e+00	0.00e+00	1.7533e+01
7.67812e+18	4.7143e+03	1.083e-22	1.0000e+01	4.0311e+00	2.4637e-07	6.0526e-01	3.9474e-01	9.1110e-01	8.8900e-02	7.3693e-08	1.7036e-10	1.6490e-03	9.8806e-01	1.0288e-02	1.1755e-36	6.6120e-01	3.3876e-01	4.0548e-05	1.1755e-36	1.1755e-36	1.1755e-36	1.6939e-16	0.00e+00	0.00e+00	1.7704e+01
7.68262e+18	4.6507e+03	1.051e-22	1.0000e+01	3.9438e+00	2.7401e-07	6.1393e-01	3.8607e-01	9.1227e-01	8.7726e-02	7.3192e-08	1.8358e-10	1.6192e-03	9.8831e-01	1.0070e-02	1.1755e-36	6.6945e-01	3.3051e-01	3.8554e-05	1.1755e-36	1.1755e-36	1.1755e-36	1.9768e-16	0.00e+00	0.00e+00	1.7879e+01
7.68712e+18	4.5811e+03	1.020e-22	1.0000e+01	3.8552e+00	3.0620e-07	6.2273e-01	3.7727e-01	9.1345e-01	8.6551e-02	7.2672e-08	1.9812e-10	1.5894e-03	9.8856e-01	9.8512e-03	1.1755e-36	6.7780e-01	3.2216e-01	3.6646e-05	1.1755e-36	1.1755e-36	1.1755e-36	2.3157e-16	0.00e+00	0.00e+00	1.8055e+01
7.69149e+18	4.5155e+03	9.897e-23	1.0000e+01	3.7697e+00	3.3939e-07	6.3118e-01	3.6882e-01	9.1453e-01	8.5471e-02	7.2245e-08	2.1283e-10	1.5603e-03	9.8879e-01	9.6464e-03	1.1755e-36	6.8579e-01	3.1417e-01	3.4880e-05	1.1755e-36	1.1755e-36	1.1755e-36	2.6863e-16	0.00e+00	0.00e+00	1.8225e+01
7.69580e+18	4.4481e+03	9.600e-23	1.0000e+01	3.6854e+00	3.7571e-07	6.3958e-01	3.6042e-01	9.1561e-01	8.4392e-02	7.1796e-08	2.2831e-10	1.5319e-03	9.8903e-01	9.4427e-03	1.1755e-36	6.9371e-01	3.0626e-01	3.3199e-05	1.1755e-36	1.1755e-36	1.1755e-36	3.1074e-16	0.00e+00	0.00e+00	1.8401e+01
7.70024e+18	4.3776e+03	9.297e-23	1.0000e+01	3.5967e+00	4.1576e-07	6.4808e-01	3.5192e-01	9.1666e-01	8.3344e-02	7.1430e-08	2.4457e-10	1.5019e-03	9.8926e-01	9.2403e-03	1.1755e-36	7.0170e-01	2.9827e-01	3.1564e-05	1.1755e-36	1.1755e-36	1.1755e-36	3.5849e-16	0.00e+00	0.00e+00	1.8586e+01
7.70483e+18	4.3024e+03	8.988e-23	1.0000e+01	3.5058e+00	4.6078e-07	6.5697e-01	3.4303e-01	9.1775e-01	8.2251e-02	7.1021e-08	2.6215e-10	1.4713e-03	9.8950e-01	9.0306e-03	1.1755e-36	7.1001e-01	2.8996e-01	2.9935e-05	1.1755e-36	1.1755e-36	1.1755e-36	4.1400e-16	0.00e+00	0.00e+00	1.8780e+01
7.70957e+18	4.2221e+03	8.675e-23	1.0000e+01	3.4126e+00	5.1075e-07	6.6616e-01	3.3384e-01	9.1887e-01	8.1134e-02	7.0594e-08	2.8067e-10	1.4403e-03	9.8974e-01	8.8162e-03	1.1755e-36	7.1858e-01	2.8139e-01	2.8330e-05	1.1755e-36	1.1755e-36	1.1755e-36	4.7690e-16	0.00e+00	0.00e+00	1.8981e+01
7.71441e+18	4.1426e+03	8.360e-23	1.0000e+01	3.3195e+00	5.6249e-07	6.7550e-01	3.2450e-01	9.1998e-01	8.0022e-02	7.0191e-08	2.9939e-10	1.4092e-03	9.8999e-01	8.6021e-03	1.1755e-36	7.2724e-01	2.7273e-01	2.6763e-05	1.1755e-36	1.1755e-36	1.1755e-36	5.4466e-16	0.00e+00	0.00e+00	1.9190e+01
7.71952e+18	4.0493e+03	8.035e-23	1.0000e+01	3.2199e+00	6.2234e-07	6.8552e-01	3.1448e-01	9.2120e-01	7.8803e-02	6.9671e-08	3.1891e-10	1.3767e-03	9.9025e-01	8.3714e-03	1.1755e-36	7.3651e-01	2.6346e-01	2.5180e-05	1.1755e-36	1.1755e-36	1.1755e-36	6.2034e-16	0.00e+00	0.00e+00	1.9421e+01
7.72495e+18	3.9494e+03	7.695e-23	1.0000e+01	3.1135e+00	6.8506e-07	6.9602e-01	3.0398e-01	9.2242e-01	7.7584e-02	6.9224e-08	3.3762e-10	1.3422e-03	9.9052e-01	8.1369e-03	1.1755e-36	7.4619e-01	2.5379e-01	2.3599e-05	1.1755e-36	1.1755e-36	1.1755e-36	6.9707e-16	0.00e+00	0.00e+00	1.9664e+01
