#depth	Te	Htot	hden	eden	2H_2/H	HI	HII	HeI	HeII	HeIII	CO/C	C1	C2	C3	C4	O1	O2	O3	O4	O5	O6	H2O/O	AV(point)	AV(extend)	Tau912
1.89780e+14	6.0799e+03	3.529e-22	1.0000e+01	1.0137e+01	2.3654e-09	6.2541e-02	9.3746e-01	1.7095e-01	8.2846e-01	5.9114e-04	4.7297e-13	1.4915e-02	7.8114e-01	2.0394e-01	8.5953e-06	7.5559e-02	9.1121e-01	1.3227e-02	3.2613e-07	1.1755e-36	1.1755e-36	1.1020e-20	0.00e+00	0.00e+00	1.4991e-03
1.13868e+15	6.0706e+03	3.511e-22	1.0000e+01	1.0099e+01	2.3679e-09	6.2298e-02	9.3770e-01	1.7062e-01	8.2879e-01	5.9276e-04	4.6726e-13	1.4809e-02	7.8085e-01	2.0433e-01	8.6535e-06	7.5271e-02	9.1145e-01	1.3284e-02	3.2836e-07	1.1755e-36	1.1755e-36	1.0824e-20	0.00e+00	0.00e+00	7.4723e-03
4.93429e+15	6.0482e+03	3.493e-22	1.0000e+01	1.0093e+01	2.4238e-09	6.2342e-02	9.3766e-01	1.7130e-01	8.2811e-01	5.8959e-04	4.6942e-13	1.4788e-02	7.8168e-01	2.0353e-01	8.5988e-06	7.5341e-02	9.1141e-01	1.3253e-02	3.2565e-07	1.1755e-36	1.1755e-36	1.0896e-20	0.00e+00	0.00e+00	3.1382e-02
2.01167e+16	5.9833e+03	3.448e-22	1.0000e+01	1.0084e+01	2.6558e-09	6.3116e-02	9.3688e-01	1.7430e-01	8.2512e-01	5.7609e-04	4.8873e-13	1.4919e-02	7.8501e-01	2.0007e-01	8.2918e-06	7.6336e-02	9.1068e-01	1.2985e-02	3.0880e-07	1.1755e-36	1.1755e-36	1.1566e-20	0.00e+00	0.00e+00	1.2821e-01
4.80524e+16	5.7646e+03	3.313e-22	1.0000e+01	1.0084e+01	3.2335e-09	6.2571e-02	9.3743e-01	1.7917e-01	8.2028e-01	5.5449e-04	4.9528e-13	1.4891e-02	7.9065e-01	1.9445e-01	8.0195e-06	7.5816e-02	9.1117e-01	1.3009e-02	3.0221e-07	1.1755e-36	1.1755e-36	1.1900e-20	0.00e+00	0.00e+00	2.5299e-01
7.44169e+16	5.5696e+03	3.204e-22	1.0000e+01	1.0087e+01	3.8556e-09	6.1959e-02	9.3804e-01	1.8306e-01	8.1640e-01	5.3789e-04	5.0039e-13	1.4851e-02	7.9516e-01	1.8998e-01	7.8197e-06	7.5202e-02	9.1174e-01	1.3062e-02	2.9850e-07	1.1755e-36	1.1755e-36	1.2289e-20	0.00e+00	0.00e+00	3.3575e-01
9.33822e+16	5.4800e+03	3.155e-22	1.0000e+01	1.0082e+01	4.2866e-09	6.2313e-02	9.3769e-01	1.8587e-01	8.1360e-01	5.2673e-04	5.1680e-13	1.4948e-02	7.9817e-01	1.8688e-01	7.5916e-06	7.5701e-02	9.1141e-01	1.2891e-02	2.8734e-07	1.1755e-36	1.1755e-36	1.3045e-20	0.00e+00	0.00e+00	4.0179e-01
1.12680e+17	5.4310e+03	3.127e-22	1.0000e+01	1.0073e+01	4.7132e-09	6.3492e-02	9.3651e-01	1.8921e-01	8.1027e-01	5.1455e-04	5.4829e-13	1.5182e-02	8.0141e-01	1.8341e-01	7.2604e-06	7.7188e-02	9.1030e-01	1.2510e-02	2.6787e-07	1.1755e-36	1.1755e-36	1.4373e-20	0.00e+00	0.00e+00	4.8926e-01
1.37767e+17	5.3787e+03	3.098e-22	1.0000e+01	1.0056e+01	5.3187e-09	6.5305e-02	9.3469e-01	1.9368e-01	8.0582e-01	4.9926e-04	5.9694e-13	1.5524e-02	8.0553e-01	1.7894e-01	6.8256e-06	7.9459e-02	9.0857e-01	1.1973e-02	2.4243e-07	1.1755e-36	1.1755e-36	1.6514e-20	0.00e+00	0.00e+00	6.0622e-01
1.70381e+17	5.3318e+03	3.066e-22	1.0000e+01	1.0020e+01	6.1471e-09	6.8017e-02	9.3198e-01	1.9953e-01	7.9999e-01	4.8090e-04	6.7107e-13	1.6008e-02	8.1060e-01	1.7338e-01	6.2775e-06	8.2830e-02	9.0593e-01	1.1238e-02	2.1074e-07	1.1755e-36	1.1755e-36	1.9958e-20	0.00e+00	0.00e+00	7.6458e-01
2.12779e+17	5.2988e+03	3.037e-22	1.0000e+01	9.9719e+00	7.3386e-09	7.2304e-02	9.2770e-01	2.0764e-01	7.9190e-01	4.5804e-04	7.9499e-13	1.6736e-02	8.1713e-01	1.6613e-01	5.5745e-06	8.8120e-02	9.0165e-01	1.0231e-02	1.7219e-07	1.1755e-36	1.1755e-36	2.6153e-20	0.00e+00	0.00e+00	9.8343e-01
2.67896e+17	5.3020e+03	3.007e-22	1.0000e+01	9.8846e+00	8.9871e-09	7.9023e-02	9.2098e-01	2.1877e-01	7.8080e-01	4.3101e-04	1.0050e-12	1.7793e-02	8.2517e-01	1.5704e-01	4.7247e-06	9.6349e-02	8.9474e-01	8.9102e-03	1.2900e-07	1.1755e-36	1.1755e-36	3.7708e-20	0.00e+00	0.00e+00	1.2944e+00
3.31918e+17	5.3304e+03	2.996e-22	1.0000e+01	9.7773e+00	1.1465e-08	8.9035e-02	9.1096e-01	2.3293e-01	7.6667e-01	4.0261e-04	1.3701e-12	1.9199e-02	8.3437e-01	1.4643e-01	3.8180e-06	1.0852e-01	8.8406e-01	7.4191e-03	1.1755e-36	1.1755e-36	1.1755e-36	6.1123e-20	0.00e+00	0.00e+00	1.6640e+00
3.79994e+17	5.4029e+03	2.997e-22	1.0000e+01	9.6761e+00	1.3208e-08	9.7993e-02	9.0201e-01	2.4269e-01	7.5692e-01	3.8867e-04	1.7257e-12	2.0274e-02	8.3996e-01	1.3976e-01	3.2573e-06	1.1930e-01	8.7430e-01	6.3967e-03	1.1755e-36	1.1755e-36	1.1755e-36	8.6869e-20	0.00e+00	0.00e+00	1.8522e+00
4.06723e+17	5.4530e+03	3.001e-22	1.0000e+01	9.6109e+00	1.4441e-08	1.0429e-01	8.9571e-01	2.4930e-01	7.5032e-01	3.7949e-04	2.0073e-12	2.0973e-02	8.4356e-01	1.3546e-01	2.9339e-06	1.2685e-01	8.6734e-01	5.8076e-03	1.1755e-36	1.1755e-36	1.1755e-36	1.0918e-19	0.00e+00	0.00e+00	2.0040e+00
4.31752e+17	5.4981e+03	3.005e-22	1.0000e+01	9.5466e+00	1.5935e-08	1.1116e-01	8.8884e-01	2.5667e-01	7.4296e-01	3.6911e-04	2.3538e-12	2.1701e-02	8.4741e-01	1.3089e-01	2.6275e-06	1.3505e-01	8.5969e-01	5.2574e-03	1.1755e-36	1.1755e-36	1.1755e-36	1.3904e-19	0.00e+00	0.00e+00	2.1936e+00
4.59661e+17	5.5632e+03	3.003e-22	1.0000e+01	9.4533e+00	1.7541e-08	1.1940e-01	8.8060e-01	2.6492e-01	7.3472e-01	3.5892e-04	2.7993e-12	2.2468e-02	8.5141e-01	1.2612e-01	2.3232e-06	1.4484e-01	8.5047e-01	4.6872e-03	1.1755e-36	1.1755e-36	1.1755e-36	1.8019e-19	0.00e+00	0.00e+00	2.4108e+00
4.89797e+17	5.6242e+03	3.008e-22	1.0000e+01	9.3646e+00	2.0026e-08	1.3004e-01	8.6996e-01	2.7520e-01	7.2446e-01	3.4653e-04	3.4747e-12	2.3400e-02	8.5621e-01	1.2039e-01	2.0024e-06	1.5744e-01	8.3847e-01	4.0938e-03	1.1755e-36	1.1755e-36	1.1755e-36	2.5050e-19	0.00e+00	0.00e+00	2.6692e+00
5.18204e+17	5.6966e+03	2.996e-22	1.0000e+01	9.2134e+00	2.2286e-08	1.4064e-01	8.5936e-01	2.8440e-01	7.1526e-01	3.3796e-04	4.1980e-12	2.4094e-02	8.6005e-01	1.1585e-01	1.7530e-06	1.6989e-01	8.2651e-01	3.5995e-03	1.1755e-36	1.1755e-36	1.1755e-36	3.3327e-19	0.00e+00	0.00e+00	2.8943e+00
5.43382e+17	5.7525e+03	2.996e-22	1.0000e+01	9.1200e+00	2.5279e-08	1.5223e-01	8.4777e-01	2.9418e-01	7.0549e-01	3.2822e-04	5.1478e-12	2.4876e-02	8.6421e-01	1.1091e-01	1.5259e-06	1.8345e-01	8.1339e-01	3.1656e-03	1.1755e-36	1.1755e-36	1.1755e-36	4.5602e-19	0.00e+00	0.00e+00	3.1347e+00
5.66444e+17	5.8143e+03	2.977e-22	1.0000e+01	8.9735e+00	2.7950e-08	1.6320e-01	8.3680e-01	3.0276e-01	6.9692e-01	3.2153e-04	6.1162e-12	2.5402e-02	8.6755e-01	1.0705e-01	1.3526e-06	1.9620e-01	8.0099e-01	2.8143e-03	1.1755e-36	1.1755e-36	1.1755e-36	5.9318e-19	0.00e+00	0.00e+00	3.3524e+00
5.88051e+17	5.8631e+03	2.959e-22	1.0000e+01	8.8459e+00	3.1396e-08	1.7511e-01	8.2489e-01	3.1207e-01	6.8762e-01	3.1381e-04	7.3493e-12	2.5947e-02	8.7111e-01	1.0294e-01	1.1932e-06	2.0997e-01	7.8753e-01	2.4977e-03	1.1755e-36	1.1755e-36	1.1755e-36	7.8836e-19	0.00e+00	0.00e+00	3.5967e+00
6.09165e+17	5.9106e+03	2.939e-22	1.0000e+01	8.7129e+00	3.5386e-08	1.8796e-01	8.1204e-01	3.2150e-01	6.7820e-01	3.0669e-04	8.8613e-12	2.6441e-02	8.7461e-01	9.8948e-02	1.0514e-06	2.2473e-01	7.7306e-01	2.2122e-03	1.1755e-36	1.1755e-36	1.1755e-36	1.0554e-18	0.00e+00	0.00e+00	3.8357e+00
6.28160e+17	5.9576e+03	2.910e-22	1.0000e+01	8.5750e+00	3.9352e-08	2.0040e-01	7.9960e-01	3.3030e-01	6.6940e-01	3.0068e-04	1.0500e-11	2.6814e-02	8.7773e-01	9.5453e-02	9.3676e-07	2.3894e-01	7.5908e-01	1.9761e-03	1.1755e-36	1.1755e-36	1.1755e-36	1.3747e-18	0.00e+00	0.00e+00	4.0616e+00
6.45947e+17	5.9863e+03	2.882e-22	1.0000e+01	8.4381e+00	4.4466e-08	2.1343e-01	7.8657e-01	3.3941e-01	6.6029e-01	2.9436e-04	1.2518e-11	2.7144e-02	8.8089e-01	9.1966e-02	8.3471e-07	2.5373e-01	7.4450e-01	1.7680e-03	1.1755e-36	1.1755e-36	1.1755e-36	1.8189e-18	0.00e+00	0.00e+00	4.3004e+00
6.62509e+17	6.0193e+03	2.848e-22	1.0000e+01	8.3013e+00	4.9583e-08	2.2628e-01	7.7372e-01	3.4791e-01	6.5180e-01	2.8915e-04	1.4734e-11	2.7390e-02	8.8377e-01	8.8837e-02	7.4942e-07	2.6823e-01	7.3018e-01	1.5901e-03	1.1755e-36	1.1755e-36	1.1755e-36	2.3567e-18	0.00e+00	0.00e+00	4.5205e+00
6.77675e+17	6.0400e+03	2.812e-22	1.0000e+01	8.1664e+00	5.5543e-08	2.3909e-01	7.6091e-01	3.5632e-01	6.4340e-01	2.8400e-04	1.7291e-11	2.7578e-02	8.8655e-01	8.5871e-02	6.7597e-07	2.8260e-01	7.1596e-01	1.4372e-03	1.1755e-36	1.1755e-36	1.1755e-36	3.0504e-18	0.00e+00	0.00e+00	4.7459e+00
6.92094e+17	6.0577e+03	2.772e-22	1.0000e+01	8.0299e+00	6.2111e-08	2.5203e-01	7.4797e-01	3.6457e-01	6.3515e-01	2.7922e-04	2.0217e-11	2.7708e-02	8.8922e-01	8.3074e-02	6.1183e-07	2.9702e-01	7.0168e-01	1.3023e-03	1.1755e-36	1.1755e-36	1.1755e-36	3.9306e-18	0.00e+00	0.00e+00	4.9673e+00
7.05628e+17	6.0713e+03	2.730e-22	1.0000e+01	7.8942e+00	6.9309e-08	2.6491e-01	7.3509e-01	3.7260e-01	6.2713e-01	2.7481e-04	2.3526e-11	2.7787e-02	8.9177e-01	8.0446e-02	5.5608e-07	3.1129e-01	6.8752e-01	1.1841e-03	1.1755e-36	1.1755e-36	1.1755e-36	5.0340e-18	0.00e+00	0.00e+00	5.1874e+00
7.18539e+17	6.0790e+03	2.687e-22	1.0000e+01	7.7604e+00	7.7556e-08	2.7802e-01	7.2198e-01	3.8057e-01	6.1916e-01	2.7059e-04	2.7389e-11	2.7832e-02	8.9427e-01	7.7896e-02	5.0624e-07	3.2573e-01	6.7319e-01	1.0783e-03	1.1755e-36	1.1755e-36	1.1755e-36	6.4669e-18	0.00e+00	0.00e+00	5.4097e+00
7.30828e+17	6.0847e+03	2.640e-22	1.0000e+01	7.6235e+00	8.6489e-08	2.9102e-01	7.0898e-01	3.8833e-01	6.1141e-01	2.6671e-04	3.1724e-11	2.7819e-02	8.9666e-01	7.5522e-02	4.6278e-07	3.3997e-01	6.5905e-01	9.8499e-04	1.1755e-36	1.1755e-36	1.1755e-36	8.2475e-18	0.00e+00	0.00e+00	5.6286e+00
7.42551e+17	6.0839e+03	2.593e-22	1.0000e+01	7.4934e+00	9.6849e-08	3.0429e-01	6.9571e-01	3.9622e-01	6.0352e-01	2.6266e-04	3.6850e-11	2.7796e-02	8.9902e-01	7.3179e-02	4.2337e-07	3.5441e-01	6.4468e-01	9.0067e-04	1.1755e-36	1.1755e-36	1.1755e-36	1.0589e-17	0.00e+00	0.00e+00	5.8502e+00
7.53708e+17	6.0835e+03	2.542e-22	1.0000e+01	7.3559e+00	1.0767e-07	3.1715e-01	6.8285e-01	4.0361e-01	5.9613e-01	2.5933e-04	4.2420e-11	2.7701e-02	9.0124e-01	7.1059e-02	3.8949e-07	3.6832e-01	6.3085e-01	8.2687e-04	1.1755e-36	1.1755e-36	1.1755e-36	1.3402e-17	0.00e+00	0.00e+00	6.0661e+00
7.64464e+17	6.0807e+03	2.488e-22	1.0000e+01	7.2148e+00	1.1951e-07	3.2994e-01	6.7006e-01	4.1091e-01	5.8883e-01	2.5618e-04	4.8706e-11	2.7559e-02	9.0339e-01	6.9049e-02	3.5924e-07	3.8208e-01	6.1716e-01	7.6043e-04	1.1755e-36	1.1755e-36	1.1755e-36	1.6906e-17	0.00e+00	0.00e+00	6.2897e+00
7.75243e+17	6.0700e+03	2.435e-22	1.0000e+01	7.0795e+00	1.3423e-07	3.4371e-01	6.5629e-01	4.1880e-01	5.8095e-01	2.5250e-04	5.6653e-11	2.7430e-02	9.0565e-01	6.6917e-02	3.2991e-07	3.9681e-01	6.0250e-01	6.9682e-04	1.1755e-36	1.1755e-36	1.1755e-36	2.1841e-17	0.00e+00	0.00e+00	6.5247e+00
7.85592e+17	6.0570e+03	2.379e-22	1.0000e+01	6.9381e+00	1.5025e-07	3.5715e-01	6.4285e-01	4.2624e-01	5.7351e-01	2.4942e-04	6.5538e-11	2.7241e-02	9.0779e-01	6.4973e-02	3.0444e-07	4.1109e-01	5.8827e-01	6.4076e-04	1.1755e-36	1.1755e-36	1.1755e-36	2.8004e-17	0.00e+00	0.00e+00	6.7473e+00
7.95157e+17	6.0441e+03	2.324e-22	1.0000e+01	6.8021e+00	1.6690e-07	3.6989e-01	6.3011e-01	4.3321e-01	5.6654e-01	2.4670e-04	7.5136e-11	2.7028e-02	9.0977e-01	6.3204e-02	2.8256e-07	4.2454e-01	5.7487e-01	5.9228e-04	1.1755e-36	1.1755e-36	1.1755e-36	3.5375e-17	0.00e+00	0.00e+00	6.9636e+00
8.04428e+17	6.0281e+03	2.269e-22	1.0000e+01	6.6680e+00	1.8559e-07	3.8267e-01	6.1733e-01	4.4021e-01	5.5955e-01	2.4397e-04	8.6234e-11	2.6799e-02	9.1173e-01	6.1475e-02	2.6251e-07	4.3796e-01	5.6149e-01	5.4788e-04	1.1755e-36	1.1755e-36	1.1755e-36	4.4805e-17	0.00e+00	0.00e+00	7.1878e+00
8.13679e+17	6.0085e+03	2.211e-22	1.0000e+01	6.5313e+00	2.0711e-07	3.9580e-01	6.0420e-01	4.4733e-01	5.5243e-01	2.4124e-04	9.9407e-11	2.6544e-02	9.1369e-01	5.9761e-02	2.4376e-07	4.5167e-01	5.4783e-01	5.0628e-04	1.1755e-36	1.1755e-36	1.1755e-36	5.7234e-17	0.00e+00	0.00e+00	7.4183e+00
8.22725e+17	5.9855e+03	2.154e-22	1.0000e+01	6.3939e+00	2.3149e-07	4.0895e-01	5.9105e-01	4.5439e-01	5.4537e-01	2.3864e-04	1.1477e-10	2.6266e-02	9.1563e-01	5.8106e-02	2.2666e-07	4.6532e-01	5.3421e-01	4.6824e-04	1.1755e-36	1.1755e-36	1.1755e-36	7.3387e-17	0.00e+00	0.00e+00	7.6474e+00
8.31374e+17	5.9609e+03	2.097e-22	1.0000e+01	6.2587e+00	2.5806e-07	4.2176e-01	5.7824e-01	4.6118e-01	5.3859e-01	2.3627e-04	1.3208e-10	2.5970e-02	9.1748e-01	5.6554e-02	2.1143e-07	4.7854e-01	5.2103e-01	4.3421e-04	1.1755e-36	1.1755e-36	1.1755e-36	9.3657e-17	0.00e+00	0.00e+00	7.8717e+00
8.39676e+17	5.9352e+03	2.041e-22	1.0000e+01	6.1265e+00	2.8707e-07	4.3429e-01	5.6571e-01	4.6779e-01	5.3198e-01	2.3403e-04	1.5168e-10	2.5662e-02	9.1926e-01	5.5078e-02	1.9769e-07	4.9140e-01	5.0820e-01	4.0348e-04	1.1755e-36	1.1755e-36	1.1755e-36	1.1913e-16	0.00e+00	0.00e+00	8.0961e+00
8.47814e+17	5.9073e+03	1.985e-22	1.0000e+01	5.9952e+00	3.1957e-07	4.4683e-01	5.5317e-01	4.7439e-01	5.2538e-01	2.3183e-04	1.7445e-10	2.5342e-02	9.2102e-01	5.3639e-02	1.8500e-07	5.0419e-01	4.9544e-01	3.7509e-04	1.1755e-36	1.1755e-36	1.1755e-36	1.5199e-16	0.00e+00	0.00e+00	8.3245e+00
8.55843e+17	5.8767e+03	1.928e-22	1.0000e+01	5.8640e+00	3.5636e-07	4.5941e-01	5.4059e-01	4.8098e-01	5.1879e-01	2.2969e-04	2.0113e-10	2.5007e-02	9.2276e-01	5.2235e-02	1.7323e-07	5.1696e-01	4.8270e-01	3.4874e-04	1.1755e-36	1.1755e-36	1.1755e-36	1.9485e-16	0.00e+00	0.00e+00	8.5554e+00
8.63678e+17	5.8435e+03	1.873e-22	1.0000e+01	5.7336e+00	3.9766e-07	4.7188e-01	5.2812e-01	4.8747e-01	5.1230e-01	2.2764e-04	2.3212e-10	2.4659e-02	9.2446e-01	5.0883e-02	1.6244e-07	5.2953e-01	4.7014e-01	3.2460e-04	1.1755e-36	1.1755e-36	1.1755e-36	2.5038e-16	0.00e+00	0.00e+00	8.7852e+00
8.71246e+17	5.8090e+03	1.818e-22	1.0000e+01	5.6057e+00	4.4305e-07	4.8404e-01	5.1596e-01	4.9376e-01	5.0602e-01	2.2573e-04	2.6747e-10	2.4304e-02	9.2610e-01	4.9600e-02	1.5267e-07	5.4173e-01	4.5796e-01	3.0270e-04	1.1755e-36	1.1755e-36	1.1755e-36	3.2102e-16	0.00e+00	0.00e+00	9.0121e+00
8.78582e+17	5.7737e+03	1.765e-22	1.0000e+01	5.4805e+00	4.9291e-07	4.9594e-01	5.0406e-01	4.9991e-01	4.9987e-01	2.2393e-04	3.0786e-10	2.3943e-02	9.2768e-01	4.8373e-02	1.4374e-07	5.5362e-01	4.4610e-01	2.8269e-04	1.1755e-36	1.1755e-36	1.1755e-36	4.1085e-16	0.00e+00	0.00e+00	9.2390e+00
8.85787e+17	5.7370e+03	1.712e-22	1.0000e+01	5.3568e+00	5.4845e-07	5.0775e-01	4.9225e-01	5.0601e-01	4.9377e-01	2.2216e-04	3.5472e-10	2.3577e-02	9.2924e-01	4.7179e-02	1.3545e-07	5.6534e-01	4.3440e-01	2.6413e-04	1.1755e-36	1.1755e-36	1.1755e-36	5.2680e-16	0.00e+00	0.00e+00	9.4687e+00
8.92907e+17	5.6983e+03	1.660e-22	1.0000e+01	5.2340e+00	6.1090e-07	5.1951e-01	4.8049e-01	5.1209e-01	4.8769e-01	2.2044e-04	4.0953e-10	2.3203e-02	9.3078e-01	4.6014e-02	1.2772e-07	5.7696e-01	4.2279e-01	2.4685e-04	1.1755e-36	1.1755e-36	1.1755e-36	6.7801e-16	0.00e+00	0.00e+00	9.7008e+00
8.99905e+17	5.6573e+03	1.609e-22	1.0000e+01	5.1124e+00	6.8130e-07	5.3117e-01	4.6883e-01	5.1810e-01	4.8168e-01	2.1876e-04	4.7371e-10	2.2824e-02	9.3229e-01	4.4884e-02	1.1755e-36	5.8842e-01	4.1135e-01	2.3084e-04	1.1755e-36	1.1755e-36	1.1755e-36	8.7584e-16	0.00e+00	0.00e+00	9.9329e+00
9.06714e+17	5.6146e+03	1.559e-22	1.0000e+01	4.9930e+00	7.5962e-07	5.4256e-01	4.5744e-01	5.2397e-01	4.7581e-01	2.1717e-04	5.4790e-10	2.2443e-02	9.3375e-01	4.3804e-02	1.1755e-36	5.9956e-01	4.0023e-01	2.1618e-04	1.1755e-36	1.1755e-36	1.1755e-36	1.1316e-15	0.00e+00	0.00e+00	1.0162e+01
9.13311e+17	5.5715e+03	1.511e-22	1.0000e+01	4.8767e+00	8.4530e-07	5.5360e-01	4.4640e-01	5.2965e-01	4.7013e-01	2.1569e-04	6.3253e-10	2.2063e-02	9.3516e-01	4.2777e-02	1.1755e-36	6.1030e-01	3.8950e-01	2.0279e-04	1.1755e-36	1.1755e-36	1.1755e-36	1.4574e-15	0.00e+00	0.00e+00	1.0389e+01
9.19764e+17	5.5279e+03	1.464e-22	1.0000e+01	4.7631e+00	9.3974e-07	5.6442e-01	4.3558e-01	5.3525e-01	4.6454e-01	2.1425e-04	7.2995e-10	2.1684e-02	9.3653e-01	4.1784e-02	1.1755e-36	6.2078e-01	3.7903e-01	1.9039e-04	1.1755e-36	1.1755e-36	1.1755e-36	1.8754e-15	0.00e+00	0.00e+00	1.0618e+01
9.26157e+17	5.4834e+03	1.417e-22	1.0000e+01	4.6508e+00	1.0450e-06	5.7515e-01	4.2485e-01	5.4084e-01	4.5895e-01	2.1279e-04	8.4340e-10	2.1304e-02	9.3788e-01	4.0814e-02	1.1755e-36	6.3111e-01	3.6871e-01	1.7878e-04	1.1755e-36	1.1755e-36	1.1755e-36	2.4181e-15	0.00e+00	0.00e+00	1.0849e+01
9.32512e+17	5.4343e+03	1.372e-22	1.0000e+01	4.5372e+00	1.1667e-06	5.8580e-01	4.1420e-01	5.4639e-01	4.5340e-01	2.1139e-04	9.7904e-10	2.0912e-02	9.3922e-01	3.9869e-02	1.1755e-36	6.4134e-01	3.5849e-01	1.6792e-04	1.1755e-36	1.1755e-36	1.1755e-36	3.1458e-15	0.00e+00	0.00e+00	1.1084e+01
9.38713e+17	5.3857e+03	1.328e-22	1.0000e+01	4.4298e+00	1.3007e-06	5.9630e-01	4.0370e-01	5.5189e-01	4.4790e-01	2.0995e-04	1.1359e-09	2.0539e-02	9.4051e-01	3.8947e-02	1.1755e-36	6.5136e-01	3.4848e-01	1.5783e-04	1.1755e-36	1.1755e-36	1.1755e-36	4.0876e-15	0.00e+00	0.00e+00	1.1312e+01
9.44694e+17	5.3382e+03	1.286e-22	1.0000e+01	4.3244e+00	1.4440e-06	6.0626e-01	3.9374e-01	5.5708e-01	4.4272e-01	2.0874e-04	1.3111e-09	2.0163e-02	9.4175e-01	3.8090e-02	1.1755e-36	6.6083e-01	3.3902e-01	1.4870e-04	1.1755e-36	1.1755e-36	1.1755e-36	5.2627e-15	0.00e+00	0.00e+00	1.1538e+01
9.50608e+17	5.2898e+03	1.245e-22	1.0000e+01	4.2213e+00	1.6034e-06	6.1610e-01	3.8390e-01	5.6229e-01	4.3751e-01	2.0748e-04	1.5150e-09	1.9792e-02	9.4296e-01	3.7246e-02	1.1755e-36	6.7014e-01	3.2972e-01	1.4011e-04	1.1755e-36	1.1755e-36	1.1755e-36	6.7876e-15	0.00e+00	0.00e+00	1.1769e+01
9.56563e+17	5.2414e+03	1.204e-22	1.0000e+01	4.1171e+00	1.7789e-06	6.2582e-01	3.7417e-01	5.6743e-01	4.3236e-01	2.0635e-04	1.7505e-09	1.9409e-02	9.4417e-01	3.6424e-02	1.1755e-36	6.7932e-01	3.2055e-01	1.3196e-04	1.1755e-36	1.1755e-36	1.1755e-36	8.7510e-15	0.00e+00	0.00e+00	1.2005e+01
9.62575e+17	5.1838e+03	1.164e-22	1.0000e+01	4.0129e+00	1.9964e-06	6.3590e-01	3.6410e-01	5.7289e-01	4.2691e-01	2.0490e-04	2.0512e-09	1.9029e-02	9.4539e-01	3.5581e-02	1.1755e-36	6.8875e-01	3.1113e-01	1.2414e-04	1.1755e-36	1.1755e-36	1.1755e-36	1.1573e-14	0.00e+00	0.00e+00	1.2248e+01
9.68379e+17	5.1292e+03	1.126e-22	1.0000e+01	3.9145e+00	2.2273e-06	6.4549e-01	3.5451e-01	5.7802e-01	4.2177e-01	2.0362e-04	2.3877e-09	1.8664e-02	9.4654e-01	3.4792e-02	1.1755e-36	6.9773e-01	3.0215e-01	1.1699e-04	1.1755e-36	1.1755e-36	1.1755e-36	1.5126e-14	0.00e+00	0.00e+00	1.2474e+01
9.73838e+17	5.0843e+03	1.090e-22	1.0000e+01	3.8204e+00	2.4450e-06	6.5405e-01	3.4595e-01	5.8257e-01	4.1723e-01	2.0282e-04	2.7251e-09	1.8304e-02	9.4760e-01	3.4100e-02	1.1755e-36	7.0570e-01	2.9419e-01	1.1074e-04	1.1755e-36	1.1755e-36	1.1755e-36	1.9075e-14	0.00e+00	0.00e+00	1.2696e+01
9.79526e+17	5.0302e+03	1.053e-22	1.0000e+01	3.7232e+00	2.7171e-06	6.6313e-01	3.3686e-01	5.8761e-01	4.1219e-01	2.0168e-04	3.1606e-09	1.7933e-02	9.4872e-01	3.3350e-02	1.1755e-36	7.1411e-01	2.8578e-01	1.0446e-04	1.1755e-36	1.1755e-36	1.1755e-36	2.4747e-14	0.00e+00	0.00e+00	1.2947e+01
9.85541e+17	4.9665e+03	1.016e-22	1.0000e+01	3.6240e+00	3.0600e-06	6.7294e-01	3.2705e-01	5.9314e-01	4.0666e-01	2.0012e-04	3.6639e-09	1.7559e-02	9.4991e-01	3.2529e-02	1.1755e-36	7.2317e-01	2.7673e-01	9.8134e-05	1.1755e-36	1.1755e-36	1.1755e-36	3.2157e-14	0.00e+00	0.00e+00	1.3203e+01
9.91227e+17	4.9087e+03	9.813e-23	1.0000e+01	3.5278e+00	3.4031e-06	6.8177e-01	3.1822e-01	5.9790e-01	4.0190e-01	1.9920e-04	4.1189e-09	1.7186e-02	9.5102e-01	3.1799e-02	1.1755e-36	7.3130e-01	2.6861e-01	9.2633e-05	1.1755e-36	1.1755e-36	1.1755e-36	3.9669e-14	0.00e+00	0.00e+00	1.3434e+01
9.96569e+17	4.8482e+03	9.497e-23	1.0000e+01	3.4416e+00	3.7886e-06	6.9033e-01	3.0966e-01	6.0285e-01	3.9695e-01	1.9775e-04	4.6272e-09	1.6856e-02	9.5208e-01	3.1066e-02	1.1755e-36	7.3915e-01	2.6077e-01	8.7595e-05	1.1755e-36	1.1755e-36	1.1755e-36	4.8857e-14	0.00e+00	0.00e+00	1.3666e+01
1.00184e+18	4.7892e+03	9.189e-23	1.0000e+01	3.3556e+00	4.1979e-06	6.9851e-01	3.0149e-01	6.0755e-01	3.9226e-01	1.9657e-04	5.1698e-09	1.6523e-02	9.5310e-01	3.0374e-02	1.1755e-36	7.4661e-01	2.5330e-01	8.2936e-05	1.1755e-36	1.1755e-36	1.1755e-36	5.9587e-14	0.00e+00	0.00e+00	1.3896e+01
1.00714e+18	4.7284e+03	8.886e-23	1.0000e+01	3.2704e+00	4.6533e-06	7.0663e-01	2.9336e-01	6.1232e-01	3.8749e-01	1.9531e-04	5.7743e-09	1.6191e-02	9.5413e-01	2.9682e-02	1.1755e-36	7.5401e-01	2.4591e-01	7.8483e-05	1.1755e-36	1.1755e-36	1.1755e-36	7.2617e-14	0.00e+00	0.00e+00	1.4135e+01
1.01256e+18	4.6574e+03	8.586e-23	1.0000e+01	3.1840e+00	5.2116e-06	7.1507e-01	2.8492e-01	6.1742e-01	3.8238e-01	1.9370e-04	6.4923e-09	1.5858e-02	9.5518e-01	2.8959e-02	1.1755e-36	7.6168e-01	2.3825e-01	7.4126e-05	1.1755e-36	1.1755e-36	1.1755e-36	8.9613e-14	0.00e+00	0.00e+00	1.4383e+01
1.01786e+18	4.6013e+03	8.296e-23	1.0000e+01	3.1009e+00	5.7164e-06	7.2272e-01	2.7727e-01	6.2184e-01	3.7797e-01	1.9282e-04	7.1811e-09	1.5525e-02	9.5615e-01	2.8326e-02	1.1755e-36	7.6859e-01	2.3134e-01	7.0194e-05	1.1755e-36	1.1755e-36	1.1755e-36	1.0723e-13	0.00e+00	0.00e+00	1.4616e+01
1.02331e+18	4.5288e+03	8.007e-23	1.0000e+01	3.0163e+00	6.3751e-06	7.3093e-01	2.6906e-01	6.2704e-01	3.7277e-01	1.9114e-04	8.0319e-09	1.5197e-02	9.5719e-01	2.7611e-02	1.1755e-36	7.7599e-01	2.2395e-01	6.6241e-05	1.1755e-36	1.1755e-36	1.1755e-36	1.3091e-13	0.00e+00	0.00e+00	1.4884e+01
1.02901e+18	4.4577e+03	7.714e-23	1.0000e+01	2.9295e+00	7.0790e-06	7.3918e-01	2.6081e-01	6.3210e-01	3.6771e-01	1.8975e-04	8.9530e-09	1.4854e-02	9.5823e-01	2.6917e-02	1.1755e-36	7.8340e-01	2.1654e-01	6.2401e-05	1.1755e-36	1.1755e-36	1.1755e-36	1.5879e-13	0.00e+00	0.00e+00	1.5145e+01
1.03463e+18	4.3855e+03	7.433e-23	1.0000e+01	2.8452e+00	7.8299e-06	7.4719e-01	2.5280e-01	6.3715e-01	3.6266e-01	1.8829e-04	9.9267e-09	1.4521e-02	9.5924e-01	2.6237e-02	1.1755e-36	7.9057e-01	2.0937e-01	5.8816e-05	1.1755e-36	1.1755e-36	1.1755e-36	1.9061e-13	0.00e+00	0.00e+00	1.5411e+01
1.04039e+18	4.3110e+03	7.151e-23	1.0000e+01	2.7589e+00	8.6342e-06	7.5513e-01	2.4486e-01	6.4222e-01	3.5760e-01	1.8691e-04	1.0956e-08	1.4177e-02	9.6026e-01	2.5560e-02	1.1755e-36	7.9765e-01	2.0229e-01	5.5378e-05	1.1755e-36	1.1755e-36	1.1755e-36	2.2674e-13	0.00e+00	0.00e+00	1.5691e+01
1.04648e+18	4.2325e+03	6.863e-23	1.0000e+01	2.6704e+00	9.5169e-06	7.6338e-01	2.3661e-01	6.4764e-01	3.5218e-01	1.8536e-04	1.2086e-08	1.3824e-02	9.6132e-01	2.4852e-02	1.1755e-36	8.0499e-01	1.9496e-01	5.1932e-05	1.1755e-36	1.1755e-36	1.1755e-36	2.6902e-13	0.00e+00	0.00e+00	1.5995e+01
1.05304e+18	4.1417e+03	6.565e-23	1.0000e+01	2.5788e+00	1.0554e-05	7.7234e-01	2.2765e-01	6.5377e-01	3.4604e-01	1.8324e-04	1.3375e-08	1.3466e-02	9.6246e-01	2.4076e-02	1.1755e-36	8.1292e-01	1.8703e-01	4.8403e-05	1.1755e-36	1.1755e-36	1.1755e-36	3.2037e-13	0.00e+00	0.00e+00	1.6327e+01
1.05990e+18	4.0463e+03	6.266e-23	1.0000e+01	2.4832e+00	1.1631e-05	7.8133e-01	2.1866e-01	6.5990e-01	3.3992e-01	1.8129e-04	1.4664e-08	1.3089e-02	9.6360e-01	2.3308e-02	1.1755e-36	8.2085e-01	1.7910e-01	4.5005e-05	1.1755e-36	1.1755e-36	1.1755e-36	3.7465e-13	0.00e+00	0.00e+00	1.6669e+01
1.06678e+18	3.9499e+03	5.978e-23	1.0000e+01	2.3901e+00	1.2688e-05	7.9011e-01	2.0988e-01	6.6601e-01	3.3381e-01	1.7930e-04	1.5885e-08	1.2723e-02	9.6472e-01	2.2559e-02	1.1755e-36	8.2857e-01	1.7138e-01	4.1832e-05	1.1755e-36	1.1755e-36	1.1755e-36	4.2788e-13	0.00e+00	0.00e+00	1.7010e+01
###########################
1.89780e+14	6.0811e+03	3.529e-22	1.0000e+01	1.0137e+01	2.3599e-09	6.2527e-02	9.3747e-01	1.7093e-01	8.2848e-01	5.9123e-04	4.7215e-13	1.4708e-02	7.8127e-01	2.0401e-01	8.6120e-06	7.5541e-02	9.1123e-01	1.3231e-02	3.2629e-07	1.1755e-36	1.1755e-36	1.0992e-20	0.00e+00	0.00e+00	1.4988e-03
1.13868e+15	6.0720e+03	3.511e-22	1.0000e+01	1.0099e+01	2.3617e-09	6.2279e-02	9.3772e-01	1.7059e-01	8.2881e-01	5.9286e-04	4.6639e-13	1.4610e-02	7.8098e-01	2.0440e-01	8.6670e-06	7.5247e-02	9.1146e-01	1.3289e-02	3.2858e-07	1.1755e-36	1.1755e-36	1.0794e-20	0.00e+00	0.00e+00	7.4701e-03
4.93429e+15	6.0502e+03	3.493e-22	1.0000e+01	1.0094e+01	2.4151e-09	6.2312e-02	9.3769e-01	1.7126e-01	8.2815e-01	5.8972e-04	4.6835e-13	1.4613e-02	7.8177e-01	2.0360e-01	8.6067e-06	7.5303e-02	9.1143e-01	1.3262e-02	3.2602e-07	1.1755e-36	1.1755e-36	1.0858e-20	0.00e+00	0.00e+00	3.1368e-02
2.01167e+16	5.9868e+03	3.449e-22	1.0000e+01	1.0085e+01	2.6397e-09	6.3054e-02	9.3695e-01	1.7424e-01	8.2519e-01	5.7632e-04	4.8703e-13	1.4779e-02	7.8506e-01	2.0015e-01	8.2999e-06	7.6257e-02	9.1073e-01	1.3008e-02	3.0960e-07	1.1755e-36	1.1755e-36	1.1501e-20	0.00e+00	0.00e+00	1.2810e-01
4.80524e+16	5.7675e+03	3.315e-22	1.0000e+01	1.0085e+01	3.2144e-09	6.2508e-02	9.3749e-01	1.7910e-01	8.2034e-01	5.5469e-04	4.9360e-13	1.4803e-02	7.9071e-01	1.9448e-01	8.0226e-06	7.5737e-02	9.1123e-01	1.3038e-02	3.0313e-07	1.1755e-36	1.1755e-36	1.1829e-20	0.00e+00	0.00e+00	2.5276e-01
7.43665e+16	5.5710e+03	3.204e-22	1.0000e+01	1.0087e+01	3.8399e-09	6.1909e-02	9.3809e-01	1.8300e-01	8.1646e-01	5.3803e-04	4.9906e-13	1.4795e-02	7.9525e-01	1.8995e-01	7.8182e-06	7.5138e-02	9.1177e-01	1.3089e-02	2.9935e-07	1.1755e-36	1.1755e-36	1.2230e-20	0.00e+00	0.00e+00	3.3506e-01
9.31424e+16	5.4811e+03	3.155e-22	1.0000e+01	1.0082e+01	4.2691e-09	6.2251e-02	9.3775e-01	1.8579e-01	8.1369e-01	5.2698e-04	5.1520e-13	1.4902e-02	7.9824e-01	1.8685e-01	7.5923e-06	7.5623e-02	9.1146e-01	1.2921e-02	2.8836e-07	1.1755e-36	1.1755e-36	1.2974e-20	0.00e+00	0.00e+00	3.9993e-01
1.12121e+17	5.4327e+03	3.127e-22	1.0000e+01	1.0074e+01	4.6879e-09	6.3407e-02	9.3659e-01	1.8907e-01	8.1042e-01	5.1499e-04	5.4606e-13	1.5138e-02	8.0143e-01	1.8342e-01	7.2657e-06	7.7082e-02	9.1037e-01	1.2544e-02	2.6911e-07	1.1755e-36	1.1755e-36	1.4271e-20	0.00e+00	0.00e+00	4.8584e-01
1.36793e+17	5.3803e+03	3.099e-22	1.0000e+01	1.0058e+01	5.2846e-09	6.5186e-02	9.3481e-01	1.9347e-01	8.0603e-01	4.9989e-04	5.9377e-13	1.5483e-02	8.0551e-01	1.7900e-01	6.8365e-06	7.9310e-02	9.0868e-01	1.2013e-02	2.4396e-07	1.1755e-36	1.1755e-36	1.6365e-20	0.00e+00	0.00e+00	6.0066e-01
1.68867e+17	5.3331e+03	3.067e-22	1.0000e+01	1.0022e+01	6.0983e-09	6.7838e-02	9.3216e-01	1.9922e-01	8.0030e-01	4.8177e-04	6.6613e-13	1.5968e-02	8.1052e-01	1.7350e-01	6.2960e-06	8.2609e-02	9.0610e-01	1.1288e-02	2.1260e-07	1.1755e-36	1.1755e-36	1.9713e-20	0.00e+00	0.00e+00	7.5599e-01
2.10563e+17	5.2990e+03	3.038e-22	1.0000e+01	9.9749e+00	7.2671e-09	7.2020e-02	9.2798e-01	2.0718e-01	7.9236e-01	4.5920e-04	7.8665e-13	1.6691e-02	8.1696e-01	1.6634e-01	5.6025e-06	8.7772e-02	9.0193e-01	1.0295e-02	1.7438e-07	1.1755e-36	1.1755e-36	2.5708e-20	0.00e+00	0.00e+00	9.7037e-01
2.64767e+17	5.2925e+03	3.011e-22	1.0000e+01	9.8900e+00	8.9709e-09	7.8636e-02	9.2136e-01	2.1825e-01	7.8132e-01	4.3202e-04	9.9454e-13	1.7745e-02	8.2501e-01	1.5724e-01	4.7556e-06	9.5880e-02	8.9513e-01	8.9882e-03	1.3125e-07	1.1755e-36	1.1755e-36	3.7167e-20	0.00e+00	0.00e+00	1.2747e+00
3.28141e+17	5.3315e+03	2.992e-22	1.0000e+01	9.7814e+00	1.1224e-08	8.8258e-02	9.1174e-01	2.3199e-01	7.6760e-01	4.0435e-04	1.3379e-12	1.9125e-02	8.3393e-01	1.4694e-01	3.8663e-06	1.0758e-01	8.8491e-01	7.5122e-03	1.1755e-36	1.1755e-36	1.1755e-36	5.8790e-20	0.00e+00	0.00e+00	1.6396e+00
3.77187e+17	5.3953e+03	2.995e-22	1.0000e+01	9.6827e+00	1.3128e-08	9.7386e-02	9.0261e-01	2.4211e-01	7.5750e-01	3.8934e-04	1.7022e-12	2.0251e-02	8.3984e-01	1.3991e-01	3.2808e-06	1.1858e-01	8.7497e-01	6.4571e-03	1.1755e-36	1.1755e-36	1.1755e-36	8.5095e-20	0.00e+00	0.00e+00	1.8402e+00
4.04741e+17	5.4548e+03	2.996e-22	1.0000e+01	9.6132e+00	1.4208e-08	1.0362e-01	8.9637e-01	2.4868e-01	7.5094e-01	3.8046e-04	1.9724e-12	2.0955e-02	8.4334e-01	1.3570e-01	2.9571e-06	1.2605e-01	8.6809e-01	5.8573e-03	1.1755e-36	1.1755e-36	1.1755e-36	1.0601e-19	0.00e+00	0.00e+00	1.9874e+00
4.30606e+17	5.5021e+03	2.996e-22	1.0000e+01	9.5367e+00	1.5689e-08	1.1058e-01	8.8942e-01	2.5631e-01	7.4332e-01	3.6964e-04	2.3176e-12	2.1689e-02	8.4728e-01	1.3103e-01	2.6416e-06	1.3436e-01	8.6035e-01	5.2876e-03	1.1755e-36	1.1755e-36	1.1755e-36	1.3531e-19	0.00e+00	0.00e+00	2.1915e+00
4.60711e+17	5.5537e+03	3.007e-22	1.0000e+01	9.4640e+00	1.7908e-08	1.1998e-01	8.8002e-01	2.6583e-01	7.3381e-01	3.5702e-04	2.8513e-12	2.2618e-02	8.5204e-01	1.2534e-01	2.2939e-06	1.4554e-01	8.4980e-01	4.6575e-03	1.1755e-36	1.1755e-36	1.1755e-36	1.8588e-19	0.00e+00	0.00e+00	2.4262e+00
4.88693e+17	5.6250e+03	3.000e-22	1.0000e+01	9.3399e+00	1.9700e-08	1.2913e-01	8.7087e-01	2.7412e-01	7.2553e-01	3.4855e-04	3.3983e-12	2.3345e-02	8.5575e-01	1.2090e-01	2.0257e-06	1.5636e-01	8.3951e-01	4.1336e-03	1.1755e-36	1.1755e-36	1.1755e-36	2.4181e-19	0.00e+00	0.00e+00	2.6300e+00
5.14929e+17	5.6805e+03	3.003e-22	1.0000e+01	9.2549e+00	2.2305e-08	1.3972e-01	8.6028e-01	2.8375e-01	7.1591e-01	3.3786e-04	4.1567e-12	2.4182e-02	8.6004e-01	1.1577e-01	1.7649e-06	1.6882e-01	8.2754e-01	3.6436e-03	1.1755e-36	1.1755e-36	1.1755e-36	3.2913e-19	0.00e+00	0.00e+00	2.8725e+00
5.40433e+17	5.7521e+03	2.987e-22	1.0000e+01	9.1103e+00	2.4584e-08	1.5033e-01	8.4967e-01	2.9246e-01	7.0721e-01	3.3047e-04	4.9624e-12	2.4810e-02	8.6358e-01	1.1161e-01	1.5563e-06	1.8123e-01	8.1555e-01	3.2240e-03	1.1755e-36	1.1755e-36	1.1755e-36	4.2985e-19	0.00e+00	0.00e+00	3.0958e+00
5.64888e+17	5.8011e+03	2.978e-22	1.0000e+01	8.9913e+00	2.8089e-08	1.6263e-01	8.3737e-01	3.0258e-01	6.9710e-01	3.2106e-04	6.0947e-12	2.5518e-02	8.6766e-01	1.0682e-01	1.3541e-06	1.9554e-01	8.0162e-01	2.8316e-03	1.1755e-36	1.1755e-36	1.1755e-36	5.9128e-19	0.00e+00	0.00e+00	3.3565e+00
5.87750e+17	5.8582e+03	2.963e-22	1.0000e+01	8.8602e+00	3.1542e-08	1.7510e-01	8.2490e-01	3.1194e-01	6.8775e-01	3.1375e-04	7.3705e-12	2.6096e-02	8.7123e-01	1.0267e-01	1.1895e-06	2.0997e-01	7.8753e-01	2.4997e-03	1.1755e-36	1.1755e-36	1.1755e-36	7.9300e-19	0.00e+00	0.00e+00	3.5814e+00
6.07211e+17	5.9035e+03	2.940e-22	1.0000e+01	8.7252e+00	3.5097e-08	1.8673e-01	8.1327e-01	3.2050e-01	6.7919e-01	3.0750e-04	8.7201e-12	2.6530e-02	8.7436e-01	9.9111e-02	1.0609e-06	2.2333e-01	7.7444e-01	2.2376e-03	1.1755e-36	1.1755e-36	1.1755e-36	1.0302e-18	0.00e+00	0.00e+00	3.8005e+00
6.25674e+17	5.9439e+03	2.914e-22	1.0000e+01	8.5926e+00	3.9155e-08	1.9885e-01	8.0115e-01	3.2931e-01	6.7039e-01	3.0112e-04	1.0322e-11	2.6917e-02	8.7746e-01	9.5623e-02	9.4686e-07	2.3718e-01	7.6082e-01	2.0044e-03	1.1755e-36	1.1755e-36	1.1755e-36	1.3415e-18	0.00e+00	0.00e+00	4.0309e+00
6.43697e+17	5.9801e+03	2.884e-22	1.0000e+01	8.4555e+00	4.3922e-08	2.1176e-01	7.8824e-01	3.3827e-01	6.6143e-01	2.9507e-04	1.2267e-11	2.7258e-02	8.8057e-01	9.2171e-02	8.4397e-07	2.5185e-01	7.4636e-01	1.7925e-03	1.1755e-36	1.1755e-36	1.1755e-36	1.7621e-18	0.00e+00	0.00e+00	4.2675e+00
6.60701e+17	6.0096e+03	2.850e-22	1.0000e+01	8.3156e+00	4.9371e-08	2.2497e-01	7.7503e-01	3.4716e-01	6.5256e-01	2.8938e-04	1.4546e-11	2.7530e-02	8.8357e-01	8.8903e-02	7.5481e-07	2.6677e-01	7.3163e-01	1.6073e-03	1.1755e-36	1.1755e-36	1.1755e-36	2.3126e-18	0.00e+00	0.00e+00	4.4992e+00
6.76242e+17	6.0351e+03	2.814e-22	1.0000e+01	8.1787e+00	5.5170e-08	2.3793e-01	7.6207e-01	3.5554e-01	6.4417e-01	2.8440e-04	1.7079e-11	2.7731e-02	8.8634e-01	8.5924e-02	6.7998e-07	2.8130e-01	7.1725e-01	1.4502e-03	1.1755e-36	1.1755e-36	1.1755e-36	2.9924e-18	0.00e+00	0.00e+00	4.7212e+00
6.90660e+17	6.0589e+03	2.773e-22	1.0000e+01	8.0429e+00	6.1260e-08	2.5067e-01	7.4933e-01	3.6361e-01	6.3611e-01	2.7990e-04	1.9882e-11	2.7867e-02	8.8896e-01	8.3171e-02	6.1603e-07	2.9551e-01	7.0318e-01	1.3145e-03	1.1755e-36	1.1755e-36	1.1755e-36	3.8214e-18	0.00e+00	0.00e+00	4.9437e+00
7.04759e+17	6.0669e+03	2.731e-22	1.0000e+01	7.9016e+00	6.9178e-08	2.6421e-01	7.3579e-01	3.7218e-01	6.2754e-01	2.7493e-04	2.3392e-11	2.7965e-02	8.9166e-01	8.0370e-02	5.5689e-07	3.1053e-01	6.8828e-01	1.1900e-03	1.1755e-36	1.1755e-36	1.1755e-36	4.9912e-18	0.00e+00	0.00e+00	5.1796e+00
7.18006e+17	6.0774e+03	2.686e-22	1.0000e+01	7.7628e+00	7.7350e-08	2.7749e-01	7.2251e-01	3.8018e-01	6.1955e-01	2.7082e-04	2.7253e-11	2.8007e-02	8.9417e-01	7.7827e-02	5.0656e-07	3.2516e-01	6.7376e-01	1.0821e-03	1.1755e-36	1.1755e-36	1.1755e-36	6.4164e-18	0.00e+00	0.00e+00	5.3961e+00
7.30031e+17	6.0817e+03	2.641e-22	1.0000e+01	7.6310e+00	8.6225e-08	2.9029e-01	7.0971e-01	3.8783e-01	6.1190e-01	2.6693e-04	3.1525e-11	2.8011e-02	8.9651e-01	7.5475e-02	4.6361e-07	3.3918e-01	6.5983e-01	9.8996e-04	1.1755e-36	1.1755e-36	1.1755e-36	8.1679e-18	0.00e+00	0.00e+00	5.6105e+00
7.41558e+17	6.0810e+03	2.595e-22	1.0000e+01	7.5029e+00	9.6362e-08	3.0331e-01	6.9669e-01	3.9556e-01	6.0418e-01	2.6298e-04	3.6520e-11	2.7993e-02	8.9883e-01	7.3177e-02	4.2480e-07	3.5336e-01	6.4574e-01	9.0665e-04	1.1755e-36	1.1755e-36	1.1755e-36	1.0440e-17	0.00e+00	0.00e+00	5.8281e+00
7.52639e+17	6.0809e+03	2.545e-22	1.0000e+01	7.3671e+00	1.0703e-07	3.1607e-01	6.8393e-01	4.0290e-01	5.9684e-01	2.5963e-04	4.2001e-11	2.7908e-02	9.0102e-01	7.1068e-02	3.9097e-07	3.6716e-01	6.3200e-01	8.3279e-04	1.1755e-36	1.1755e-36	1.1755e-36	1.3192e-17	0.00e+00	0.00e+00	6.0436e+00
7.63455e+17	6.0790e+03	2.491e-22	1.0000e+01	7.2232e+00	1.1873e-07	3.2882e-01	6.7118e-01	4.1023e-01	5.8951e-01	2.5646e-04	4.8195e-11	2.7764e-02	9.0317e-01	6.9070e-02	3.6064e-07	3.8088e-01	6.1835e-01	7.6582e-04	1.1755e-36	1.1755e-36	1.1755e-36	1.6619e-17	0.00e+00	0.00e+00	6.2685e+00
7.74370e+17	6.0685e+03	2.436e-22	1.0000e+01	7.0816e+00	1.3335e-07	3.4259e-01	6.5741e-01	4.1803e-01	5.8172e-01	2.5299e-04	5.6029e-11	2.7620e-02	9.0543e-01	6.6954e-02	3.3119e-07	3.9561e-01	6.0368e-01	7.0151e-04	1.1755e-36	1.1755e-36	1.1755e-36	2.1457e-17	0.00e+00	0.00e+00	6.5065e+00
7.84883e+17	6.0545e+03	2.381e-22	1.0000e+01	6.9455e+00	1.4992e-07	3.5648e-01	6.4352e-01	4.2579e-01	5.7396e-01	2.4955e-04	6.5207e-11	2.7461e-02	9.0762e-01	6.4918e-02	3.0473e-07	4.1038e-01	5.8898e-01	6.4356e-04	1.1755e-36	1.1755e-36	1.1755e-36	2.7790e-17	0.00e+00	0.00e+00	6.7322e+00
7.94435e+17	6.0424e+03	2.326e-22	1.0000e+01	6.8096e+00	1.6636e-07	3.6915e-01	6.3085e-01	4.3266e-01	5.6709e-01	2.4693e-04	7.4676e-11	2.7251e-02	9.0958e-01	6.3169e-02	2.8297e-07	4.2377e-01	5.7564e-01	5.9509e-04	1.1755e-36	1.1755e-36	1.1755e-36	3.5039e-17	0.00e+00	0.00e+00	6.9437e+00
8.03563e+17	6.0271e+03	2.272e-22	1.0000e+01	6.6775e+00	1.8460e-07	3.8172e-01	6.1828e-01	4.3954e-01	5.6022e-01	2.4426e-04	8.5494e-11	2.7029e-02	9.1150e-01	6.1470e-02	2.6318e-07	4.3697e-01	5.6248e-01	5.5112e-04	1.1755e-36	1.1755e-36	1.1755e-36	4.4186e-17	0.00e+00	0.00e+00	7.1650e+00
8.12802e+17	6.0079e+03	2.215e-22	1.0000e+01	6.5415e+00	2.0595e-07	3.9484e-01	6.0516e-01	4.4667e-01	5.5309e-01	2.4151e-04	9.8539e-11	2.6780e-02	9.1347e-01	5.9754e-02	2.4437e-07	4.5067e-01	5.4882e-01	5.0928e-04	1.1755e-36	1.1755e-36	1.1755e-36	5.6422e-17	0.00e+00	0.00e+00	7.3968e+00
8.21931e+17	5.9845e+03	2.157e-22	1.0000e+01	6.4032e+00	2.3050e-07	4.0812e-01	5.9188e-01	4.5379e-01	5.4597e-01	2.3886e-04	1.1394e-10	2.6504e-02	9.1541e-01	5.8083e-02	2.2705e-07	4.6447e-01	5.3506e-01	4.7065e-04	1.1755e-36	1.1755e-36	1.1755e-36	7.2545e-17	0.00e+00	0.00e+00	7.6278e+00
8.30622e+17	5.9598e+03	2.100e-22	1.0000e+01	6.2672e+00	2.5711e-07	4.2099e-01	5.7901e-01	4.6059e-01	5.3917e-01	2.3650e-04	1.3121e-10	2.6209e-02	9.1726e-01	5.6530e-02	2.1174e-07	4.7775e-01	5.2182e-01	4.3633e-04	1.1755e-36	1.1755e-36	1.1755e-36	9.2692e-17	0.00e+00	0.00e+00	7.8515e+00
8.38897e+17	5.9346e+03	2.044e-22	1.0000e+01	6.1352e+00	2.8580e-07	4.3346e-01	5.6654e-01	4.6715e-01	5.3261e-01	2.3430e-04	1.5055e-10	2.5903e-02	9.1903e-01	5.5066e-02	1.9805e-07	4.9055e-01	5.0905e-01	4.0558e-04	1.1755e-36	1.1755e-36	1.1755e-36	1.1772e-16	0.00e+00	0.00e+00	8.0741e+00
8.47013e+17	5.9072e+03	1.988e-22	1.0000e+01	6.0044e+00	3.1794e-07	4.4595e-01	5.5405e-01	4.7373e-01	5.2604e-01	2.3211e-04	1.7302e-10	2.5586e-02	9.2078e-01	5.3633e-02	1.8537e-07	5.0330e-01	4.9633e-01	3.7711e-04	1.1755e-36	1.1755e-36	1.1755e-36	1.4998e-16	0.00e+00	0.00e+00	8.3022e+00
8.55071e+17	5.8770e+03	1.931e-22	1.0000e+01	5.8729e+00	3.5455e-07	4.5858e-01	5.4142e-01	4.8034e-01	5.1943e-01	2.2996e-04	1.9952e-10	2.5252e-02	9.2252e-01	5.2224e-02	1.7353e-07	5.1612e-01	4.8353e-01	3.5051e-04	1.1755e-36	1.1755e-36	1.1755e-36	1.9232e-16	0.00e+00	0.00e+00	8.5343e+00
8.62958e+17	5.8435e+03	1.876e-22	1.0000e+01	5.7419e+00	3.9601e-07	4.7114e-01	5.2886e-01	4.8688e-01	5.1290e-01	2.2788e-04	2.3052e-10	2.4904e-02	9.2423e-01	5.0864e-02	1.6265e-07	5.2880e-01	4.7088e-01	3.2608e-04	1.1755e-36	1.1755e-36	1.1755e-36	2.4764e-16	0.00e+00	0.00e+00	8.7651e+00
8.70545e+17	5.8088e+03	1.821e-22	1.0000e+01	5.6134e+00	4.4142e-07	4.8334e-01	5.1666e-01	4.9317e-01	5.0660e-01	2.2598e-04	2.6574e-10	2.4549e-02	9.2587e-01	4.9582e-02	1.5285e-07	5.4104e-01	4.5866e-01	3.0404e-04	1.1755e-36	1.1755e-36	1.1755e-36	3.1778e-16	0.00e+00	0.00e+00	8.9914e+00
8.77855e+17	5.7738e+03	1.768e-22	1.0000e+01	5.4884e+00	4.9081e-07	4.9519e-01	5.0481e-01	4.9928e-01	5.0050e-01	2.2420e-04	3.0563e-10	2.4189e-02	9.2745e-01	4.8364e-02	1.4396e-07	5.5287e-01	4.4684e-01	2.8403e-04	1.1755e-36	1.1755e-36	1.1755e-36	4.0615e-16	0.00e+00	0.00e+00	9.2167e+00
8.85039e+17	5.7375e+03	1.715e-22	1.0000e+01	5.3651e+00	5.4577e-07	5.0696e-01	4.9304e-01	5.0535e-01	4.9442e-01	2.2245e-04	3.5188e-10	2.3825e-02	9.2900e-01	4.7176e-02	1.3568e-07	5.6456e-01	4.3517e-01	2.6544e-04	1.1755e-36	1.1755e-36	1.1755e-36	5.2007e-16	0.00e+00	0.00e+00	9.4460e+00
8.92176e+17	5.6994e+03	1.663e-22	1.0000e+01	5.2421e+00	6.0770e-07	5.1875e-01	4.8125e-01	5.1144e-01	4.8834e-01	2.2072e-04	4.0615e-10	2.3451e-02	9.3054e-01	4.6010e-02	1.2791e-07	5.7622e-01	4.2354e-01	2.4802e-04	1.1755e-36	1.1755e-36	1.1755e-36	6.6898e-16	0.00e+00	0.00e+00	9.6789e+00
8.99220e+17	5.6585e+03	1.611e-22	1.0000e+01	5.1198e+00	6.7806e-07	5.3050e-01	4.6950e-01	5.1750e-01	4.8228e-01	2.1903e-04	4.7015e-10	2.3070e-02	9.3206e-01	4.4874e-02	1.1755e-36	5.8776e-01	4.1201e-01	2.3182e-04	1.1755e-36	1.1755e-36	1.1755e-36	8.6528e-16	0.00e+00	0.00e+00	9.9126e+00
9.06072e+17	5.6151e+03	1.561e-22	1.0000e+01	4.9997e+00	7.5694e-07	5.4198e-01	4.5802e-01	5.2341e-01	4.7638e-01	2.1741e-04	5.4456e-10	2.2687e-02	9.3352e-01	4.3788e-02	1.1755e-36	5.9900e-01	4.0078e-01	2.1700e-04	1.1755e-36	1.1755e-36	1.1755e-36	1.1209e-15	0.00e+00	0.00e+00	1.0143e+01
9.12661e+17	5.5719e+03	1.513e-22	1.0000e+01	4.8831e+00	8.4229e-07	5.5301e-01	4.4699e-01	5.2906e-01	4.7072e-01	2.1596e-04	6.2853e-10	2.2306e-02	9.3493e-01	4.2768e-02	1.1755e-36	6.0973e-01	3.9007e-01	2.0359e-04	1.1755e-36	1.1755e-36	1.1755e-36	1.4432e-15	0.00e+00	0.00e+00	1.0368e+01
9.19072e+17	5.5287e+03	1.466e-22	1.0000e+01	4.7700e+00	9.3573e-07	5.6376e-01	4.3624e-01	5.3461e-01	4.6518e-01	2.1454e-04	7.2458e-10	2.1929e-02	9.3629e-01	4.1784e-02	1.1755e-36	6.2014e-01	3.7966e-01	1.9123e-04	1.1755e-36	1.1755e-36	1.1755e-36	1.8539e-15	0.00e+00	0.00e+00	1.0595e+01
9.25445e+17	5.4847e+03	1.420e-22	1.0000e+01	4.6580e+00	1.0398e-06	5.7446e-01	4.2554e-01	5.4018e-01	4.5960e-01	2.1309e-04	8.3647e-10	2.1549e-02	9.3763e-01	4.0819e-02	1.1755e-36	6.3045e-01	3.6937e-01	1.7960e-04	1.1755e-36	1.1755e-36	1.1755e-36	2.3866e-15	0.00e+00	0.00e+00	1.0826e+01
9.31820e+17	5.4380e+03	1.374e-22	1.0000e+01	4.5444e+00	1.1580e-06	5.8509e-01	4.1491e-01	5.4571e-01	4.5408e-01	2.1175e-04	9.6857e-10	2.1157e-02	9.3897e-01	3.9878e-02	1.1755e-36	6.4066e-01	3.5917e-01	1.6866e-04	1.1755e-36	1.1755e-36	1.1755e-36	3.0900e-15	0.00e+00	0.00e+00	1.1062e+01
9.38130e+17	5.3867e+03	1.330e-22	1.0000e+01	4.4357e+00	1.2967e-06	5.9590e-01	4.0410e-01	5.5141e-01	4.4837e-01	2.1014e-04	1.1300e-09	2.0779e-02	9.4030e-01	3.8925e-02	1.1755e-36	6.5098e-01	3.4886e-01	1.5829e-04	1.1755e-36	1.1755e-36	1.1755e-36	4.0549e-15	0.00e+00	0.00e+00	1.1297e+01
9.44170e+17	5.3386e+03	1.288e-22	1.0000e+01	4.3285e+00	1.4410e-06	6.0592e-01	3.9408e-01	5.5658e-01	4.4321e-01	2.0900e-04	1.3056e-09	2.0396e-02	9.4153e-01	3.8072e-02	1.1755e-36	6.6051e-01	3.3934e-01	1.4908e-04	1.1755e-36	1.1755e-36	1.1755e-36	5.2319e-15	0.00e+00	0.00e+00	1.1520e+01
9.50003e+17	5.2973e+03	1.247e-22	1.0000e+01	4.2256e+00	1.5845e-06	6.1534e-01	3.8466e-01	5.6150e-01	4.3829e-01	2.0803e-04	1.4916e-09	2.0019e-02	9.4271e-01	3.7275e-02	1.1755e-36	6.6943e-01	3.3043e-01	1.4068e-04	1.1755e-36	1.1755e-36	1.1755e-36	6.6087e-15	0.00e+00	0.00e+00	1.1746e+01
9.56135e+17	5.2440e+03	1.204e-22	1.0000e+01	4.1177e+00	1.7713e-06	6.2549e-01	3.7451e-01	5.6693e-01	4.3286e-01	2.0676e-04	1.7393e-09	1.9624e-02	9.4397e-01	3.6408e-02	1.1755e-36	6.7899e-01	3.2087e-01	1.3222e-04	1.1755e-36	1.1755e-36	1.1755e-36	8.6623e-15	0.00e+00	0.00e+00	1.2000e+01
9.62402e+17	5.1869e+03	1.163e-22	1.0000e+01	4.0114e+00	1.9914e-06	6.3599e-01	3.6401e-01	5.7257e-01	4.2722e-01	2.0526e-04	2.0456e-09	1.9235e-02	9.4523e-01	3.5535e-02	1.1755e-36	6.8885e-01	3.1103e-01	1.2403e-04	1.1755e-36	1.1755e-36	1.1755e-36	1.1527e-14	0.00e+00	0.00e+00	1.2245e+01
9.68213e+17	5.1295e+03	1.125e-22	1.0000e+01	3.9102e+00	2.2277e-06	6.4556e-01	3.5444e-01	5.7763e-01	4.2217e-01	2.0408e-04	2.3865e-09	1.8858e-02	9.4638e-01	3.4760e-02	1.1755e-36	6.9779e-01	3.0209e-01	1.1695e-04	1.1755e-36	1.1755e-36	1.1755e-36	1.5136e-14	0.00e+00	0.00e+00	1.2470e+01
9.73576e+17	5.0780e+03	1.090e-22	1.0000e+01	3.8202e+00	2.4662e-06	6.5438e-01	3.4562e-01	5.8242e-01	4.1738e-01	2.0286e-04	2.7505e-09	1.8519e-02	9.4744e-01	3.4042e-02	1.1755e-36	7.0600e-01	2.9389e-01	1.1068e-04	1.1755e-36	1.1755e-36	1.1755e-36	1.9433e-14	0.00e+00	0.00e+00	1.2686e+01
9.78869e+17	5.0271e+03	1.056e-22	1.0000e+01	3.7308e+00	2.7234e-06	6.6290e-01	3.3709e-01	5.8714e-01	4.1266e-01	2.0173e-04	3.1617e-09	1.8178e-02	9.4848e-01	3.3346e-02	1.1755e-36	7.1391e-01	2.8599e-01	1.0482e-04	1.1755e-36	1.1755e-36	1.1755e-36	2.4821e-14	0.00e+00	0.00e+00	1.2911e+01
9.84409e+17	4.9711e+03	1.021e-22	1.0000e+01	3.6370e+00	3.0266e-06	6.7175e-01	3.2825e-01	5.9210e-01	4.0770e-01	2.0051e-04	3.6087e-09	1.7820e-02	9.4957e-01	3.2609e-02	1.1755e-36	7.2207e-01	2.7783e-01	9.9018e-05	1.1755e-36	1.1755e-36	1.1755e-36	3.1368e-14	0.00e+00	0.00e+00	1.3152e+01
9.90102e+17	4.9150e+03	9.863e-23	1.0000e+01	3.5430e+00	3.3633e-06	6.8070e-01	3.1929e-01	5.9710e-01	4.0270e-01	1.9935e-04	4.0613e-09	1.7456e-02	9.5069e-01	3.1851e-02	1.1755e-36	7.3032e-01	2.6959e-01	9.3365e-05	1.1755e-36	1.1755e-36	1.1755e-36	3.8729e-14	0.00e+00	0.00e+00	1.3397e+01
9.95787e+17	4.8484e+03	9.525e-23	1.0000e+01	3.4494e+00	3.7782e-06	6.8981e-01	3.1018e-01	6.0234e-01	3.9746e-01	1.9785e-04	4.6003e-09	1.7097e-02	9.5183e-01	3.1075e-02	1.1755e-36	7.3868e-01	2.6124e-01	8.7990e-05	1.1755e-36	1.1755e-36	1.1755e-36	4.8435e-14	0.00e+00	0.00e+00	1.3644e+01
1.00121e+18	4.7936e+03	9.207e-23	1.0000e+01	3.3612e+00	4.1703e-06	6.9807e-01	3.0192e-01	6.0693e-01	3.9288e-01	1.9691e-04	5.1326e-09	1.6749e-02	9.5286e-01	3.0394e-02	1.1755e-36	7.4621e-01	2.5370e-01	8.3222e-05	1.1755e-36	1.1755e-36	1.1755e-36	5.8904e-14	0.00e+00	0.00e+00	1.3872e+01
1.00655e+18	4.7242e+03	8.903e-23	1.0000e+01	3.2742e+00	4.6707e-06	7.0649e-01	2.9350e-01	6.1198e-01	3.8783e-01	1.9535e-04	5.7731e-09	1.6414e-02	9.5392e-01	2.9669e-02	1.1755e-36	7.5389e-01	2.4603e-01	7.8678e-05	1.1755e-36	1.1755e-36	1.1755e-36	7.2763e-14	0.00e+00	0.00e+00	1.4118e+01
1.01187e+18	4.6698e+03	8.603e-23	1.0000e+01	3.1881e+00	5.1240e-06	7.1419e-01	2.8580e-01	6.1629e-01	3.8352e-01	1.9465e-04	6.3904e-09	1.6066e-02	9.5490e-01	2.9038e-02	1.1755e-36	7.6087e-01	2.3905e-01	7.4529e-05	1.1755e-36	1.1755e-36	1.1755e-36	8.7229e-14	0.00e+00	0.00e+00	1.4350e+01
1.01735e+18	4.5988e+03	8.305e-23	1.0000e+01	3.1019e+00	5.7253e-06	7.2254e-01	2.7745e-01	6.2149e-01	3.7831e-01	1.9301e-04	7.1696e-09	1.5731e-02	9.5596e-01	2.8314e-02	1.1755e-36	7.6843e-01	2.3150e-01	7.0329e-05	1.1755e-36	1.1755e-36	1.1755e-36	1.0713e-13	0.00e+00	0.00e+00	1.4615e+01
1.02301e+18	4.5291e+03	8.006e-23	1.0000e+01	3.0157e+00	6.3766e-06	7.3101e-01	2.6898e-01	6.2664e-01	3.7317e-01	1.9150e-04	8.0292e-09	1.5391e-02	9.5700e-01	2.7604e-02	1.1755e-36	7.7606e-01	2.2388e-01	6.6248e-05	1.1755e-36	1.1755e-36	1.1755e-36	1.3108e-13	0.00e+00	0.00e+00	1.4870e+01
1.02848e+18	4.4609e+03	7.725e-23	1.0000e+01	2.9323e+00	7.0504e-06	7.3893e-01	2.6106e-01	6.3150e-01	3.6831e-01	1.9017e-04	8.9115e-09	1.5059e-02	9.5800e-01	2.6939e-02	1.1755e-36	7.8317e-01	2.1676e-01	6.2554e-05	1.1755e-36	1.1755e-36	1.1755e-36	1.5777e-13	0.00e+00	0.00e+00	1.5122e+01
1.03402e+18	4.3894e+03	7.447e-23	1.0000e+01	2.8491e+00	7.7922e-06	7.4685e-01	2.5314e-01	6.3653e-01	3.6328e-01	1.8869e-04	9.8724e-09	1.4729e-02	9.5901e-01	2.6264e-02	1.1755e-36	7.9026e-01	2.0968e-01	5.8999e-05	1.1755e-36	1.1755e-36	1.1755e-36	1.8910e-13	0.00e+00	0.00e+00	1.5389e+01
1.03983e+18	4.3143e+03	7.162e-23	1.0000e+01	2.7619e+00	8.6020e-06	7.5488e-01	2.4512e-01	6.4165e-01	3.5816e-01	1.8730e-04	1.0909e-08	1.4379e-02	9.6004e-01	2.5583e-02	1.1755e-36	7.9742e-01	2.0252e-01	5.5515e-05	1.1755e-36	1.1755e-36	1.1755e-36	2.2544e-13	0.00e+00	0.00e+00	1.5673e+01
1.04596e+18	4.2358e+03	6.871e-23	1.0000e+01	2.6727e+00	9.4872e-06	7.6320e-01	2.3679e-01	6.4708e-01	3.5273e-01	1.8578e-04	1.2046e-08	1.4020e-02	9.6110e-01	2.4875e-02	1.1755e-36	8.0482e-01	1.9512e-01	5.2035e-05	1.1755e-36	1.1755e-36	1.1755e-36	2.6794e-13	0.00e+00	0.00e+00	1.5977e+01
1.05251e+18	4.1455e+03	6.574e-23	1.0000e+01	2.5810e+00	1.0521e-05	7.7217e-01	2.2782e-01	6.5318e-01	3.4663e-01	1.8369e-04	1.3333e-08	1.3659e-02	9.6224e-01	2.4105e-02	1.1755e-36	8.1276e-01	1.8719e-01	4.8497e-05	1.1755e-36	1.1755e-36	1.1755e-36	3.1928e-13	0.00e+00	0.00e+00	1.6308e+01
1.05934e+18	4.0509e+03	6.275e-23	1.0000e+01	2.4854e+00	1.1592e-05	7.8117e-01	2.1882e-01	6.5925e-01	3.4057e-01	1.8182e-04	1.4624e-08	1.3278e-02	9.6338e-01	2.3346e-02	1.1755e-36	8.2070e-01	1.7925e-01	4.5091e-05	1.1755e-36	1.1755e-36	1.1755e-36	3.7371e-13	0.00e+00	0.00e+00	1.6648e+01
1.06620e+18	3.9558e+03	5.984e-23	1.0000e+01	2.3910e+00	1.2648e-05	7.9008e-01	2.0991e-01	6.6519e-01	3.3463e-01	1.8006e-04	1.5864e-08	1.2904e-02	9.6448e-01	2.2615e-02	1.1755e-36	8.2854e-01	1.7142e-01	4.1872e-05	1.1755e-36	1.1755e-36	1.1755e-36	4.2826e-13	0.00e+00	0.00e+00	1.6988e+01
###########################
1.89780e+14	6.0811e+03	3.529e-22	1.0000e+01	1.0137e+01	2.3599e-09	6.2527e-02	9.3747e-01	1.7093e-01	8.2848e-01	5.9123e-04	4.7215e-13	1.4708e-02	7.8127e-01	2.0401e-01	8.6120e-06	7.5541e-02	9.1123e-01	1.3231e-02	3.2629e-07	1.1755e-36	1.1755e-36	1.0992e-20	0.00e+00	0.00e+00	1.4988e-03
1.13868e+15	6.0720e+03	3.511e-22	1.0000e+01	1.0099e+01	2.3617e-09	6.2279e-02	9.3772e-01	1.7059e-01	8.2881e-01	5.9286e-04	4.6639e-13	1.4610e-02	7.8098e-01	2.0440e-01	8.6670e-06	7.5247e-02	9.1146e-01	1.3289e-02	3.2858e-07	1.1755e-36	1.1755e-36	1.0794e-20	0.00e+00	0.00e+00	7.4701e-03
4.93429e+15	6.0502e+03	3.493e-22	1.0000e+01	1.0094e+01	2.4151e-09	6.2312e-02	9.3769e-01	1.7126e-01	8.2815e-01	5.8972e-04	4.6835e-13	1.4613e-02	7.8177e-01	2.0360e-01	8.6067e-06	7.5303e-02	9.1143e-01	1.3262e-02	3.2602e-07	1.1755e-36	1.1755e-36	1.0858e-20	0.00e+00	0.00e+00	3.1368e-02
2.01167e+16	5.9868e+03	3.449e-22	1.0000e+01	1.0085e+01	2.6397e-09	6.3054e-02	9.3695e-01	1.7424e-01	8.2519e-01	5.7632e-04	4.8703e-13	1.4779e-02	7.8506e-01	2.0015e-01	8.2999e-06	7.6257e-02	9.1073e-01	1.3008e-02	3.0960e-07	1.1755e-36	1.1755e-36	1.1501e-20	0.00e+00	0.00e+00	1.2810e-01
4.80524e+16	5.7675e+03	3.315e-22	1.0000e+01	1.0085e+01	3.2144e-09	6.2508e-02	9.3749e-01	1.7910e-01	8.2034e-01	5.5469e-04	4.9360e-13	1.4803e-02	7.9071e-01	1.9448e-01	8.0226e-06	7.5737e-02	9.1123e-01	1.3038e-02	3.0313e-07	1.1755e-36	1.1755e-36	1.1829e-20	0.00e+00	0.00e+00	2.5276e-01
7.43664e+16	5.5710e+03	3.204e-22	1.0000e+01	1.0087e+01	3.8399e-09	6.1909e-02	9.3809e-01	1.8300e-01	8.1646e-01	5.3803e-04	4.9906e-13	1.4795e-02	7.9525e-01	1.8995e-01	7.8182e-06	7.5138e-02	9.1177e-01	1.3089e-02	2.9935e-07	1.1755e-36	1.1755e-36	1.2229e-20	0.00e+00	0.00e+00	3.3506e-01
9.31423e+16	5.4811e+03	3.155e-22	1.0000e+01	1.0082e+01	4.2691e-09	6.2251e-02	9.3775e-01	1.8579e-01	8.1369e-01	5.2698e-04	5.1520e-13	1.4902e-02	7.9824e-01	1.8685e-01	7.5923e-06	7.5623e-02	9.1146e-01	1.2921e-02	2.8836e-07	1.1755e-36	1.1755e-36	1.2973e-20	0.00e+00	0.00e+00	3.9993e-01
1.12121e+17	5.4327e+03	3.127e-22	1.0000e+01	1.0074e+01	4.6879e-09	6.3407e-02	9.3659e-01	1.8907e-01	8.1042e-01	5.1499e-04	5.4606e-13	1.5138e-02	8.0143e-01	1.8342e-01	7.2657e-06	7.7082e-02	9.1037e-01	1.2544e-02	2.6911e-07	1.1755e-36	1.1755e-36	1.4271e-20	0.00e+00	0.00e+00	4.8584e-01
1.36793e+17	5.3803e+03	3.099e-22	1.0000e+01	1.0058e+01	5.2845e-09	6.5186e-02	9.3481e-01	1.9347e-01	8.0603e-01	4.9989e-04	5.9377e-13	1.5483e-02	8.0551e-01	1.7900e-01	6.8365e-06	7.9310e-02	9.0868e-01	1.2013e-02	2.4396e-07	1.1755e-36	1.1755e-36	1.6365e-20	0.00e+00	0.00e+00	6.0066e-01
1.68867e+17	5.3331e+03	3.067e-22	1.0000e+01	1.0022e+01	6.0983e-09	6.7838e-02	9.3216e-01	1.9922e-01	8.0030e-01	4.8177e-04	6.6613e-13	1.5968e-02	8.1052e-01	1.7350e-01	6.2960e-06	8.2609e-02	9.0610e-01	1.1288e-02	2.1260e-07	1.1755e-36	1.1755e-36	1.9713e-20	0.00e+00	0.00e+00	7.5599e-01
2.10562e+17	5.2990e+03	3.038e-22	1.0000e+01	9.9749e+00	7.2671e-09	7.2020e-02	9.2798e-01	2.0718e-01	7.9236e-01	4.5920e-04	7.8665e-13	1.6691e-02	8.1696e-01	1.6634e-01	5.6025e-06	8.7772e-02	9.0193e-01	1.0295e-02	1.7438e-07	1.1755e-36	1.1755e-36	2.5708e-20	0.00e+00	0.00e+00	9.7037e-01
2.64767e+17	5.2924e+03	3.011e-22	1.0000e+01	9.8900e+00	8.9719e-09	7.8637e-02	9.2136e-01	2.1825e-01	7.8132e-01	4.3201e-04	9.9459e-13	1.7745e-02	8.2501e-01	1.5724e-01	4.7556e-06	9.5881e-02	8.9513e-01	8.9882e-03	1.3125e-07	1.1755e-36	1.1755e-36	3.7171e-20	0.00e+00	0.00e+00	1.2747e+00
3.28141e+17	5.3316e+03	2.992e-22	1.0000e+01	9.7814e+00	1.1224e-08	8.8258e-02	9.1174e-01	2.3199e-01	7.6760e-01	4.0435e-04	1.3379e-12	1.9125e-02	8.3393e-01	1.4695e-01	3.8663e-06	1.0758e-01	8.8491e-01	7.5122e-03	1.1755e-36	1.1755e-36	1.1755e-36	5.8788e-20	0.00e+00	0.00e+00	1.6396e+00
3.77194e+17	5.3953e+03	2.995e-22	1.0000e+01	9.6827e+00	1.3128e-08	9.7388e-02	9.0261e-01	2.4211e-01	7.5750e-01	3.8933e-04	1.7023e-12	2.0251e-02	8.3984e-01	1.3990e-01	3.2807e-06	1.1858e-01	8.7496e-01	6.4569e-03	1.1755e-36	1.1755e-36	1.1755e-36	8.5102e-20	0.00e+00	0.00e+00	1.8403e+00
4.04759e+17	5.4548e+03	2.996e-22	1.0000e+01	9.6132e+00	1.4209e-08	1.0363e-01	8.9637e-01	2.4868e-01	7.5094e-01	3.8045e-04	1.9726e-12	2.0956e-02	8.4334e-01	1.3570e-01	2.9569e-06	1.2605e-01	8.6809e-01	5.8569e-03	1.1755e-36	1.1755e-36	1.1755e-36	1.0603e-19	0.00e+00	0.00e+00	1.9875e+00
4.30629e+17	5.5021e+03	2.996e-22	1.0000e+01	9.5366e+00	1.5690e-08	1.1059e-01	8.8941e-01	2.5631e-01	7.4332e-01	3.6963e-04	2.3179e-12	2.1689e-02	8.4728e-01	1.3103e-01	2.6414e-06	1.3437e-01	8.6034e-01	5.2871e-03	1.1755e-36	1.1755e-36	1.1755e-36	1.3534e-19	0.00e+00	0.00e+00	2.1917e+00
4.60740e+17	5.5537e+03	3.007e-22	1.0000e+01	9.4639e+00	1.7911e-08	1.1999e-01	8.8001e-01	2.6584e-01	7.3380e-01	3.5701e-04	2.8519e-12	2.2619e-02	8.5204e-01	1.2534e-01	2.2936e-06	1.4555e-01	8.4979e-01	4.6569e-03	1.1755e-36	1.1755e-36	1.1755e-36	1.8593e-19	0.00e+00	0.00e+00	2.4265e+00
4.88721e+17	5.6251e+03	3.000e-22	1.0000e+01	9.3398e+00	1.9702e-08	1.2914e-01	8.7086e-01	2.7413e-01	7.2552e-01	3.4854e-04	3.3989e-12	2.3346e-02	8.5575e-01	1.2090e-01	2.0254e-06	1.5637e-01	8.3950e-01	4.1331e-03	1.1755e-36	1.1755e-36	1.1755e-36	2.4188e-19	0.00e+00	0.00e+00	2.6302e+00
5.14953e+17	5.6805e+03	3.003e-22	1.0000e+01	9.2548e+00	2.2308e-08	1.3973e-01	8.6027e-01	2.8376e-01	7.1590e-01	3.3786e-04	4.1575e-12	2.4182e-02	8.6005e-01	1.1577e-01	1.7646e-06	1.6883e-01	8.2752e-01	3.6432e-03	1.1755e-36	1.1755e-36	1.1755e-36	3.2922e-19	0.00e+00	0.00e+00	2.8727e+00
5.40454e+17	5.7524e+03	2.987e-22	1.0000e+01	9.1102e+00	2.4580e-08	1.5033e-01	8.4967e-01	2.9246e-01	7.0721e-01	3.3047e-04	4.9626e-12	2.4810e-02	8.6358e-01	1.1161e-01	1.5562e-06	1.8123e-01	8.1554e-01	3.2237e-03	1.1755e-36	1.1755e-36	1.1755e-36	4.2984e-19	0.00e+00	0.00e+00	3.0960e+00
5.64940e+17	5.8011e+03	2.978e-22	1.0000e+01	8.9911e+00	2.8098e-08	1.6266e-01	8.3734e-01	3.0261e-01	6.9707e-01	3.2104e-04	6.0976e-12	2.5519e-02	8.6767e-01	1.0681e-01	1.3537e-06	1.9558e-01	8.0159e-01	2.8307e-03	1.1755e-36	1.1755e-36	1.1755e-36	5.9173e-19	0.00e+00	0.00e+00	3.3574e+00
5.87824e+17	5.8584e+03	2.963e-22	1.0000e+01	8.8598e+00	3.1554e-08	1.7515e-01	8.2485e-01	3.1197e-01	6.8772e-01	3.1372e-04	7.3751e-12	2.6097e-02	8.7124e-01	1.0266e-01	1.1890e-06	2.1001e-01	7.8749e-01	2.4987e-03	1.1755e-36	1.1755e-36	1.1755e-36	7.9375e-19	0.00e+00	0.00e+00	3.5821e+00
6.07264e+17	5.9037e+03	2.940e-22	1.0000e+01	8.7251e+00	3.5104e-08	1.8676e-01	8.1324e-01	3.2053e-01	6.7917e-01	3.0747e-04	8.7243e-12	2.6532e-02	8.7437e-01	9.9101e-02	1.0606e-06	2.2337e-01	7.7440e-01	2.2369e-03	1.1755e-36	1.1755e-36	1.1755e-36	1.0309e-18	0.00e+00	0.00e+00	3.8010e+00
6.25718e+17	5.9441e+03	2.914e-22	1.0000e+01	8.5923e+00	3.9165e-08	1.9888e-01	8.0112e-01	3.2933e-01	6.7037e-01	3.0111e-04	1.0326e-11	2.6918e-02	8.7747e-01	9.5615e-02	9.4659e-07	2.3721e-01	7.6078e-01	2.0038e-03	1.1755e-36	1.1755e-36	1.1755e-36	1.3424e-18	0.00e+00	0.00e+00	4.0314e+00
6.43741e+17	5.9809e+03	2.884e-22	1.0000e+01	8.4552e+00	4.3896e-08	2.1178e-01	7.8822e-01	3.3827e-01	6.6143e-01	2.9509e-04	1.2266e-11	2.7258e-02	8.8057e-01	9.2169e-02	8.4384e-07	2.5186e-01	7.4634e-01	1.7921e-03	1.1755e-36	1.1755e-36	1.1755e-36	1.7614e-18	0.00e+00	0.00e+00	4.2681e+00
6.60799e+17	6.0096e+03	2.850e-22	1.0000e+01	8.3147e+00	4.9412e-08	2.2506e-01	7.7494e-01	3.4722e-01	6.5249e-01	2.8934e-04	1.4562e-11	2.7532e-02	8.8359e-01	8.8881e-02	7.5427e-07	2.6686e-01	7.3153e-01	1.6062e-03	1.1755e-36	1.1755e-36	1.1755e-36	2.3167e-18	0.00e+00	0.00e+00	4.5015e+00
6.76363e+17	6.0348e+03	2.814e-22	1.0000e+01	8.1777e+00	5.5245e-08	2.3804e-01	7.6196e-01	3.5562e-01	6.4410e-01	2.8435e-04	1.7105e-11	2.7732e-02	8.8637e-01	8.5899e-02	6.7940e-07	2.8143e-01	7.1713e-01	1.4490e-03	1.1755e-36	1.1755e-36	1.1755e-36	3.0003e-18	0.00e+00	0.00e+00	4.7225e+00
6.90682e+17	6.0588e+03	2.773e-22	1.0000e+01	8.0427e+00	6.1282e-08	2.5069e-01	7.4931e-01	3.6362e-01	6.3610e-01	2.7989e-04	1.9889e-11	2.7867e-02	8.8896e-01	8.3168e-02	6.1595e-07	2.9554e-01	7.0315e-01	1.3143e-03	1.1755e-36	1.1755e-36	1.1755e-36	3.8237e-18	0.00e+00	0.00e+00	4.9431e+00
7.04719e+17	6.0669e+03	2.731e-22	1.0000e+01	7.9019e+00	6.9156e-08	2.6417e-01	7.3583e-01	3.7216e-01	6.2756e-01	2.7495e-04	2.3382e-11	2.7965e-02	8.9166e-01	8.0378e-02	5.5705e-07	3.1048e-01	6.8833e-01	1.1903e-03	1.1755e-36	1.1755e-36	1.1755e-36	4.9877e-18	0.00e+00	0.00e+00	5.1790e+00
7.18000e+17	6.0774e+03	2.686e-22	1.0000e+01	7.7629e+00	7.7351e-08	2.7749e-01	7.2251e-01	3.8018e-01	6.1955e-01	2.7082e-04	2.7252e-11	2.8007e-02	8.9417e-01	7.7826e-02	5.0656e-07	3.2515e-01	6.7376e-01	1.0821e-03	1.1755e-36	1.1755e-36	1.1755e-36	6.4163e-18	0.00e+00	0.00e+00	5.3966e+00
7.30072e+17	6.0817e+03	2.641e-22	1.0000e+01	7.6305e+00	8.6262e-08	2.9034e-01	7.0966e-01	3.8786e-01	6.1187e-01	2.6691e-04	3.1543e-11	2.8012e-02	8.9652e-01	7.5466e-02	4.6346e-07	3.3923e-01	6.5978e-01	9.8963e-04	1.1755e-36	1.1755e-36	1.1755e-36	8.1754e-18	0.00e+00	0.00e+00	5.6116e+00
7.41608e+17	6.0810e+03	2.595e-22	1.0000e+01	7.5023e+00	9.6407e-08	3.0337e-01	6.9663e-01	3.9559e-01	6.0415e-01	2.6296e-04	3.6543e-11	2.7992e-02	8.9884e-01	7.3167e-02	4.2464e-07	3.5342e-01	6.4567e-01	9.0630e-04	1.1755e-36	1.1755e-36	1.1755e-36	1.0451e-17	0.00e+00	0.00e+00	5.8289e+00
7.52675e+17	6.0809e+03	2.545e-22	1.0000e+01	7.3666e+00	1.0707e-07	3.1611e-01	6.8389e-01	4.0292e-01	5.9682e-01	2.5963e-04	4.2020e-11	2.7907e-02	9.0103e-01	7.1062e-02	3.9087e-07	3.6721e-01	6.3196e-01	8.3256e-04	1.1755e-36	1.1755e-36	1.1755e-36	1.3201e-17	0.00e+00	0.00e+00	6.0442e+00
7.63483e+17	6.0790e+03	2.491e-22	1.0000e+01	7.2228e+00	1.1875e-07	3.2885e-01	6.7115e-01	4.1025e-01	5.8949e-01	2.5645e-04	4.8210e-11	2.7764e-02	9.0317e-01	6.9065e-02	3.6056e-07	3.8092e-01	6.1832e-01	7.6565e-04	1.1755e-36	1.1755e-36	1.1755e-36	1.6627e-17	0.00e+00	0.00e+00	6.2691e+00
7.74403e+17	6.0685e+03	2.435e-22	1.0000e+01	7.0812e+00	1.3340e-07	3.4263e-01	6.5737e-01	4.1805e-01	5.8169e-01	2.5298e-04	5.6056e-11	2.7619e-02	9.0543e-01	6.6948e-02	3.3110e-07	3.9566e-01	6.0364e-01	7.0132e-04	1.1755e-36	1.1755e-36	1.1755e-36	2.1474e-17	0.00e+00	0.00e+00	6.5073e+00
7.84920e+17	6.0544e+03	2.381e-22	1.0000e+01	6.9450e+00	1.4998e-07	3.5653e-01	6.4347e-01	4.2582e-01	5.7393e-01	2.4954e-04	6.5243e-11	2.7460e-02	9.0763e-01	6.4911e-02	3.0464e-07	4.1043e-01	5.8893e-01	6.4337e-04	1.1755e-36	1.1755e-36	1.1755e-36	2.7815e-17	0.00e+00	0.00e+00	6.7330e+00
7.94466e+17	6.0423e+03	2.326e-22	1.0000e+01	6.8092e+00	1.6642e-07	3.6919e-01	6.3081e-01	4.3269e-01	5.6707e-01	2.4693e-04	7.4709e-11	2.7250e-02	9.0959e-01	6.3163e-02	2.8290e-07	4.2381e-01	5.7559e-01	5.9493e-04	1.1755e-36	1.1755e-36	1.1755e-36	3.5066e-17	0.00e+00	0.00e+00	6.9444e+00
8.03591e+17	6.0270e+03	2.272e-22	1.0000e+01	6.6771e+00	1.8465e-07	3.8176e-01	6.1824e-01	4.3956e-01	5.6020e-01	2.4425e-04	8.5528e-11	2.7028e-02	9.1151e-01	6.1465e-02	2.6313e-07	4.3701e-01	5.6244e-01	5.5099e-04	1.1755e-36	1.1755e-36	1.1755e-36	4.4216e-17	0.00e+00	0.00e+00	7.1657e+00
8.12831e+17	6.0078e+03	2.215e-22	1.0000e+01	6.5411e+00	2.0602e-07	3.9488e-01	6.0512e-01	4.4669e-01	5.5307e-01	2.4151e-04	9.8582e-11	2.6779e-02	9.1347e-01	5.9748e-02	2.4431e-07	4.5071e-01	5.4878e-01	5.0915e-04	1.1755e-36	1.1755e-36	1.1755e-36	5.6463e-17	0.00e+00	0.00e+00	7.3975e+00
8.21962e+17	5.9844e+03	2.157e-22	1.0000e+01	6.4028e+00	2.3059e-07	4.0817e-01	5.9183e-01	4.5382e-01	5.4594e-01	2.3886e-04	1.1400e-10	2.6503e-02	9.1542e-01	5.8078e-02	2.2699e-07	4.6452e-01	5.3501e-01	4.7052e-04	1.1755e-36	1.1755e-36	1.1755e-36	7.2608e-17	0.00e+00	0.00e+00	7.6286e+00
8.30652e+17	5.9597e+03	2.100e-22	1.0000e+01	6.2667e+00	2.5721e-07	4.2103e-01	5.7897e-01	4.6062e-01	5.3915e-01	2.3649e-04	1.3128e-10	2.6208e-02	9.1727e-01	5.6524e-02	2.1169e-07	4.7779e-01	5.2177e-01	4.3621e-04	1.1755e-36	1.1755e-36	1.1755e-36	9.2773e-17	0.00e+00	0.00e+00	7.8523e+00
8.38923e+17	5.9345e+03	2.044e-22	1.0000e+01	6.1347e+00	2.8590e-07	4.3350e-01	5.6650e-01	4.6717e-01	5.3259e-01	2.3429e-04	1.5062e-10	2.5902e-02	9.1904e-01	5.5061e-02	1.9801e-07	4.9059e-01	5.0901e-01	4.0549e-04	1.1755e-36	1.1755e-36	1.1755e-36	1.1781e-16	0.00e+00	0.00e+00	8.0748e+00
8.47038e+17	5.9071e+03	1.988e-22	1.0000e+01	6.0039e+00	3.1804e-07	4.4599e-01	5.5401e-01	4.7375e-01	5.2602e-01	2.3211e-04	1.7309e-10	2.5585e-02	9.2079e-01	5.3629e-02	1.8533e-07	5.0334e-01	4.9629e-01	3.7702e-04	1.1755e-36	1.1755e-36	1.1755e-36	1.5009e-16	0.00e+00	0.00e+00	8.3029e+00
8.55096e+17	5.8769e+03	1.931e-22	1.0000e+01	5.8724e+00	3.5467e-07	4.5862e-01	5.4138e-01	4.8036e-01	5.1941e-01	2.2995e-04	1.9961e-10	2.5251e-02	9.2253e-01	5.2220e-02	1.7349e-07	5.1616e-01	4.8349e-01	3.5043e-04	1.1755e-36	1.1755e-36	1.1755e-36	1.9247e-16	0.00e+00	0.00e+00	8.5350e+00
8.62985e+17	5.8434e+03	1.875e-22	1.0000e+01	5.7414e+00	3.9616e-07	4.7119e-01	5.2881e-01	4.8690e-01	5.1287e-01	2.2787e-04	2.3063e-10	2.4903e-02	9.2424e-01	5.0860e-02	1.6261e-07	5.2884e-01	4.7083e-01	3.2600e-04	1.1755e-36	1.1755e-36	1.1755e-36	2.4785e-16	0.00e+00	0.00e+00	8.7660e+00
8.70571e+17	5.8087e+03	1.821e-22	1.0000e+01	5.6130e+00	4.4159e-07	4.8338e-01	5.1662e-01	4.9319e-01	5.0658e-01	2.2597e-04	2.6588e-10	2.4547e-02	9.2587e-01	4.9578e-02	1.5282e-07	5.4108e-01	4.5861e-01	3.0396e-04	1.1755e-36	1.1755e-36	1.1755e-36	3.1806e-16	0.00e+00	0.00e+00	8.9922e+00
8.77879e+17	5.7737e+03	1.768e-22	1.0000e+01	5.4880e+00	4.9098e-07	4.9523e-01	5.0477e-01	4.9929e-01	5.0048e-01	2.2419e-04	3.0577e-10	2.4188e-02	9.2745e-01	4.8360e-02	1.4393e-07	5.5291e-01	4.4681e-01	2.8396e-04	1.1755e-36	1.1755e-36	1.1755e-36	4.0648e-16	0.00e+00	0.00e+00	9.2174e+00
8.85061e+17	5.7374e+03	1.715e-22	1.0000e+01	5.3647e+00	5.4595e-07	5.0699e-01	4.9300e-01	5.0537e-01	4.9441e-01	2.2244e-04	3.5203e-10	2.3824e-02	9.2900e-01	4.7172e-02	1.3566e-07	5.6460e-01	4.3513e-01	2.6538e-04	1.1755e-36	1.1755e-36	1.1755e-36	5.2046e-16	0.00e+00	0.00e+00	9.4467e+00
8.92198e+17	5.6994e+03	1.663e-22	1.0000e+01	5.2417e+00	6.0788e-07	5.1879e-01	4.8121e-01	5.1146e-01	4.8832e-01	2.2072e-04	4.0632e-10	2.3450e-02	9.3054e-01	4.6007e-02	1.2789e-07	5.7625e-01	4.2350e-01	2.4796e-04	1.1755e-36	1.1755e-36	1.1755e-36	6.6948e-16	0.00e+00	0.00e+00	9.6796e+00
8.99244e+17	5.6584e+03	1.611e-22	1.0000e+01	5.1194e+00	6.7829e-07	5.3054e-01	4.6946e-01	5.1752e-01	4.8226e-01	2.1902e-04	4.7037e-10	2.3069e-02	9.3206e-01	4.4870e-02	1.1755e-36	5.8780e-01	4.1197e-01	2.3176e-04	1.1755e-36	1.1755e-36	1.1755e-36	8.6599e-16	0.00e+00	0.00e+00	9.9135e+00
9.06097e+17	5.6149e+03	1.561e-22	1.0000e+01	4.9993e+00	7.5725e-07	5.4203e-01	4.5797e-01	5.2343e-01	4.7635e-01	2.1741e-04	5.4486e-10	2.2686e-02	9.3353e-01	4.3784e-02	1.1755e-36	5.9904e-01	4.0074e-01	2.1694e-04	1.1755e-36	1.1755e-36	1.1755e-36	1.1220e-15	0.00e+00	0.00e+00	1.0144e+01
9.12684e+17	5.5718e+03	1.513e-22	1.0000e+01	4.8827e+00	8.4263e-07	5.5305e-01	4.4695e-01	5.2908e-01	4.7070e-01	2.1595e-04	6.2887e-10	2.2305e-02	9.3493e-01	4.2764e-02	1.1755e-36	6.0977e-01	3.9003e-01	2.0354e-04	1.1755e-36	1.1755e-36	1.1755e-36	1.4446e-15	0.00e+00	0.00e+00	1.0369e+01
9.19092e+17	5.5285e+03	1.466e-22	1.0000e+01	4.7696e+00	9.3607e-07	5.6380e-01	4.3620e-01	5.3463e-01	4.6516e-01	2.1453e-04	7.2492e-10	2.1928e-02	9.3629e-01	4.1781e-02	1.1755e-36	6.2018e-01	3.7963e-01	1.9119e-04	1.1755e-36	1.1755e-36	1.1755e-36	1.8555e-15	0.00e+00	0.00e+00	1.0595e+01
9.25463e+17	5.4845e+03	1.420e-22	1.0000e+01	4.6576e+00	1.0401e-06	5.7449e-01	4.2551e-01	5.4020e-01	4.5959e-01	2.1308e-04	8.3683e-10	2.1548e-02	9.3764e-01	4.0816e-02	1.1755e-36	6.3048e-01	3.6934e-01	1.7956e-04	1.1755e-36	1.1755e-36	1.1755e-36	2.3884e-15	0.00e+00	0.00e+00	1.0827e+01
9.31839e+17	5.4380e+03	1.374e-22	1.0000e+01	4.5440e+00	1.1582e-06	5.8512e-01	4.1488e-01	5.4572e-01	4.5407e-01	2.1176e-04	9.6883e-10	2.1155e-02	9.3897e-01	3.9875e-02	1.1755e-36	6.4069e-01	3.5914e-01	1.6863e-04	1.1755e-36	1.1755e-36	1.1755e-36	3.0914e-15	0.00e+00	0.00e+00	1.1062e+01
9.38154e+17	5.3866e+03	1.330e-22	1.0000e+01	4.4354e+00	1.2971e-06	5.9594e-01	4.0406e-01	5.5144e-01	4.4835e-01	2.1014e-04	1.1306e-09	2.0778e-02	9.4030e-01	3.8921e-02	1.1755e-36	6.5102e-01	3.4882e-01	1.5825e-04	1.1755e-36	1.1755e-36	1.1755e-36	4.0585e-15	0.00e+00	0.00e+00	1.1298e+01
9.44200e+17	5.3384e+03	1.287e-22	1.0000e+01	4.3280e+00	1.4418e-06	6.0598e-01	3.9402e-01	5.5661e-01	4.4318e-01	2.0899e-04	1.3067e-09	2.0394e-02	9.4154e-01	3.8068e-02	1.1755e-36	6.6056e-01	3.3929e-01	1.4903e-04	1.1755e-36	1.1755e-36	1.1755e-36	5.2390e-15	0.00e+00	0.00e+00	1.1521e+01
9.50028e+17	5.2958e+03	1.247e-22	1.0000e+01	4.2250e+00	1.5878e-06	6.1542e-01	3.8458e-01	5.6155e-01	4.3824e-01	2.0799e-04	1.4951e-09	2.0017e-02	9.4271e-01	3.7268e-02	1.1755e-36	6.6951e-01	3.3035e-01	1.4064e-04	1.1755e-36	1.1755e-36	1.1755e-36	6.6373e-15	0.00e+00	0.00e+00	1.1747e+01
9.56101e+17	5.2439e+03	1.205e-22	1.0000e+01	4.1184e+00	1.7710e-06	6.2545e-01	3.7454e-01	5.6690e-01	4.3289e-01	2.0675e-04	1.7387e-09	1.9627e-02	9.4396e-01	3.6413e-02	1.1755e-36	6.7896e-01	3.2091e-01	1.3227e-04	1.1755e-36	1.1755e-36	1.1755e-36	8.6575e-15	0.00e+00	0.00e+00	1.1997e+01
9.62322e+17	5.1876e+03	1.163e-22	1.0000e+01	4.0128e+00	1.9885e-06	6.3586e-01	3.6414e-01	5.7251e-01	4.2729e-01	2.0528e-04	2.0415e-09	1.9240e-02	9.4522e-01	3.5545e-02	1.1755e-36	6.8872e-01	3.1115e-01	1.2413e-04	1.1755e-36	1.1755e-36	1.1755e-36	1.1486e-14	0.00e+00	0.00e+00	1.2243e+01
9.68176e+17	5.1296e+03	1.125e-22	1.0000e+01	3.9107e+00	2.2267e-06	6.4550e-01	3.5450e-01	5.7761e-01	4.2218e-01	2.0408e-04	2.3849e-09	1.8860e-02	9.4638e-01	3.4763e-02	1.1755e-36	6.9774e-01	3.0214e-01	1.1699e-04	1.1755e-36	1.1755e-36	1.1755e-36	1.5117e-14	0.00e+00	0.00e+00	1.2470e+01
9.73585e+17	5.0777e+03	1.090e-22	1.0000e+01	3.8201e+00	2.4673e-06	6.5440e-01	3.4559e-01	5.8244e-01	4.1735e-01	2.0285e-04	2.7521e-09	1.8519e-02	9.4744e-01	3.4039e-02	1.1755e-36	7.0603e-01	2.9386e-01	1.1067e-04	1.1755e-36	1.1755e-36	1.1755e-36	1.9451e-14	0.00e+00	0.00e+00	1.2686e+01
9.78879e+17	5.0267e+03	1.056e-22	1.0000e+01	3.7306e+00	2.7249e-06	6.6293e-01	3.3707e-01	5.8715e-01	4.1265e-01	2.0172e-04	3.1638e-09	1.8178e-02	9.4848e-01	3.3345e-02	1.1755e-36	7.1393e-01	2.8596e-01	1.0481e-04	1.1755e-36	1.1755e-36	1.1755e-36	2.4852e-14	0.00e+00	0.00e+00	1.2911e+01
9.84395e+17	4.9712e+03	1.021e-22	1.0000e+01	3.6373e+00	3.0259e-06	6.7173e-01	3.2826e-01	5.9208e-01	4.0772e-01	2.0052e-04	3.6077e-09	1.7821e-02	9.4957e-01	3.2612e-02	1.1755e-36	7.2205e-01	2.7785e-01	9.9031e-05	1.1755e-36	1.1755e-36	1.1755e-36	3.1353e-14	0.00e+00	0.00e+00	1.3151e+01
9.90080e+17	4.9153e+03	9.864e-23	1.0000e+01	3.5435e+00	3.3617e-06	6.8067e-01	3.1932e-01	5.9708e-01	4.0272e-01	1.9935e-04	4.0595e-09	1.7458e-02	9.5069e-01	3.1853e-02	1.1755e-36	7.3029e-01	2.6962e-01	9.3383e-05	1.1755e-36	1.1755e-36	1.1755e-36	3.8697e-14	0.00e+00	0.00e+00	1.3396e+01
9.95783e+17	4.8484e+03	9.525e-23	1.0000e+01	3.4494e+00	3.7782e-06	6.8981e-01	3.1019e-01	6.0234e-01	3.9746e-01	1.9785e-04	4.6003e-09	1.7098e-02	9.5183e-01	3.1074e-02	1.1755e-36	7.3867e-01	2.6124e-01	8.7991e-05	1.1755e-36	1.1755e-36	1.1755e-36	4.8434e-14	0.00e+00	0.00e+00	1.3645e+01
1.00122e+18	4.7935e+03	9.206e-23	1.0000e+01	3.3611e+00	4.1710e-06	6.9809e-01	3.0191e-01	6.0693e-01	3.9287e-01	1.9691e-04	5.1336e-09	1.6748e-02	9.5286e-01	3.0393e-02	1.1755e-36	7.4623e-01	2.5369e-01	8.3213e-05	1.1755e-36	1.1755e-36	1.1755e-36	5.8924e-14	0.00e+00	0.00e+00	1.3873e+01
1.00656e+18	4.7241e+03	8.903e-23	1.0000e+01	3.2741e+00	4.6711e-06	7.0650e-01	2.9349e-01	6.1198e-01	3.8782e-01	1.9535e-04	5.7738e-09	1.6414e-02	9.5392e-01	2.9668e-02	1.1755e-36	7.5390e-01	2.4602e-01	7.8673e-05	1.1755e-36	1.1755e-36	1.1755e-36	7.2778e-14	0.00e+00	0.00e+00	1.4118e+01
1.01188e+18	4.6698e+03	8.603e-23	1.0000e+01	3.1881e+00	5.1242e-06	7.1420e-01	2.8580e-01	6.1629e-01	3.8352e-01	1.9465e-04	6.3907e-09	1.6066e-02	9.5490e-01	2.9038e-02	1.1755e-36	7.6088e-01	2.3905e-01	7.4527e-05	1.1755e-36	1.1755e-36	1.1755e-36	8.7236e-14	0.00e+00	0.00e+00	1.4350e+01
1.01735e+18	4.5988e+03	8.305e-23	1.0000e+01	3.1019e+00	5.7254e-06	7.2255e-01	2.7745e-01	6.2149e-01	3.7831e-01	1.9301e-04	7.1696e-09	1.5731e-02	9.5596e-01	2.8314e-02	1.1755e-36	7.6843e-01	2.3149e-01	7.0329e-05	1.1755e-36	1.1755e-36	1.1755e-36	1.0713e-13	0.00e+00	0.00e+00	1.4615e+01
1.02301e+18	4.5291e+03	8.006e-23	1.0000e+01	3.0157e+00	6.3767e-06	7.3101e-01	2.6898e-01	6.2664e-01	3.7317e-01	1.9150e-04	8.0294e-09	1.5391e-02	9.5700e-01	2.7604e-02	1.1755e-36	7.7606e-01	2.2387e-01	6.6247e-05	1.1755e-36	1.1755e-36	1.1755e-36	1.3109e-13	0.00e+00	0.00e+00	1.4870e+01
1.02849e+18	4.4609e+03	7.725e-23	1.0000e+01	2.9323e+00	7.0507e-06	7.3894e-01	2.6106e-01	6.3150e-01	3.6831e-01	1.9017e-04	8.9119e-09	1.5059e-02	9.5800e-01	2.6939e-02	1.1755e-36	7.8317e-01	2.1676e-01	6.2552e-05	1.1755e-36	1.1755e-36	1.1755e-36	1.5778e-13	0.00e+00	0.00e+00	1.5122e+01
1.03402e+18	4.3894e+03	7.447e-23	1.0000e+01	2.8490e+00	7.7924e-06	7.4686e-01	2.5314e-01	6.3654e-01	3.6328e-01	1.8869e-04	9.8728e-09	1.4728e-02	9.5901e-01	2.6264e-02	1.1755e-36	7.9027e-01	2.0967e-01	5.8998e-05	1.1755e-36	1.1755e-36	1.1755e-36	1.8911e-13	0.00e+00	0.00e+00	1.5389e+01
1.03983e+18	4.3143e+03	7.162e-23	1.0000e+01	2.7619e+00	8.6022e-06	7.5488e-01	2.4511e-01	6.4165e-01	3.5816e-01	1.8730e-04	1.0910e-08	1.4379e-02	9.6004e-01	2.5583e-02	1.1755e-36	7.9743e-01	2.0252e-01	5.5514e-05	1.1755e-36	1.1755e-36	1.1755e-36	2.2546e-13	0.00e+00	0.00e+00	1.5673e+01
1.04596e+18	4.2358e+03	6.871e-23	1.0000e+01	2.6727e+00	9.4874e-06	7.6321e-01	2.3678e-01	6.4708e-01	3.5273e-01	1.8578e-04	1.2046e-08	1.4020e-02	9.6110e-01	2.4875e-02	1.1755e-36	8.0482e-01	1.9512e-01	5.2034e-05	1.1755e-36	1.1755e-36	1.1755e-36	2.6796e-13	0.00e+00	0.00e+00	1.5978e+01
1.05251e+18	4.1455e+03	6.574e-23	1.0000e+01	2.5809e+00	1.0521e-05	7.7217e-01	2.2782e-01	6.5318e-01	3.4663e-01	1.8370e-04	1.3334e-08	1.3658e-02	9.6224e-01	2.4105e-02	1.1755e-36	8.1277e-01	1.8718e-01	4.8495e-05	1.1755e-36	1.1755e-36	1.1755e-36	3.1931e-13	0.00e+00	0.00e+00	1.6308e+01
1.05935e+18	4.0509e+03	6.274e-23	1.0000e+01	2.4853e+00	1.1593e-05	7.8118e-01	2.1881e-01	6.5925e-01	3.4057e-01	1.8182e-04	1.4625e-08	1.3278e-02	9.6338e-01	2.3346e-02	1.1755e-36	8.2071e-01	1.7924e-01	4.5087e-05	1.1755e-36	1.1755e-36	1.1755e-36	3.7377e-13	0.00e+00	0.00e+00	1.6648e+01
1.06620e+18	3.9559e+03	5.984e-23	1.0000e+01	2.3908e+00	1.2648e-05	7.9011e-01	2.0988e-01	6.6516e-01	3.3466e-01	1.8009e-04	1.5866e-08	1.2903e-02	9.6448e-01	2.2617e-02	1.1755e-36	8.2856e-01	1.7140e-01	4.1865e-05	1.1755e-36	1.1755e-36	1.1755e-36	4.2844e-13	0.00e+00	0.00e+00	1.6988e+01
