#depth	Te	Htot	hden	eden	2H_2/H	HI	HII	HeI	HeII	HeIII	CO/C	C1	C2	C3	C4	O1	O2	O3	O4	O5	O6	H2O/O	AV(point)	AV(extend)	Tau912
4.05215e+14	6.4409e+03	3.554e-22	1.0000e+01	1.0514e+01	1.7997e-10	2.9248e-02	9.7075e-01	9.3201e-02	9.0579e-01	1.0046e-03	6.2781e-14	5.7438e-03	6.5240e-01	3.4181e-01	4.2161e-05	3.3904e-02	9.2042e-01	4.5676e-02	3.4400e-06	1.1755e-36	1.1755e-36	7.5724e-22	0.00e+00	0.00e+00	1.4969e-03
2.43129e+15	6.4315e+03	3.542e-22	1.0000e+01	1.0495e+01	1.8066e-10	2.9184e-02	9.7082e-01	9.3165e-02	9.0583e-01	1.0047e-03	6.2371e-14	5.7152e-03	6.5234e-01	3.4190e-01	4.2307e-05	3.3830e-02	9.2040e-01	4.5770e-02	3.4449e-06	1.1755e-36	1.1755e-36	7.4892e-22	0.00e+00	0.00e+00	7.4713e-03
1.05356e+16	6.4076e+03	3.525e-22	1.0000e+01	1.0492e+01	1.8484e-10	2.9212e-02	9.7079e-01	9.3608e-02	9.0539e-01	9.9672e-04	6.2624e-14	5.7122e-03	6.5355e-01	3.4069e-01	4.1990e-05	3.3877e-02	9.2049e-01	4.5629e-02	3.3936e-06	1.1755e-36	1.1755e-36	7.4955e-22	0.00e+00	0.00e+00	3.1392e-02
4.29528e+16	6.3369e+03	3.482e-22	1.0000e+01	1.0486e+01	2.0255e-10	2.9606e-02	9.7039e-01	9.5560e-02	9.0348e-01	9.6127e-04	6.5041e-14	5.7853e-03	6.5865e-01	3.3553e-01	4.0371e-05	3.4402e-02	9.2096e-01	4.4636e-02	3.1396e-06	1.1755e-36	1.1755e-36	7.7806e-22	0.00e+00	0.00e+00	1.2836e-01
1.02600e+17	6.1048e+03	3.343e-22	1.0000e+01	1.0487e+01	2.4407e-10	2.9331e-02	9.7067e-01	9.8486e-02	9.0060e-01	9.1745e-04	6.4601e-14	5.8002e-03	6.6647e-01	3.2769e-01	3.8826e-05	3.4170e-02	9.2143e-01	4.4392e-02	2.9482e-06	1.1755e-36	1.1755e-36	7.4118e-22	0.00e+00	0.00e+00	2.5326e-01
1.60655e+17	5.8962e+03	3.232e-22	1.0000e+01	1.0487e+01	2.9056e-10	2.9091e-02	9.7091e-01	1.0097e-01	8.9815e-01	8.8022e-04	6.4087e-14	5.8141e-03	6.7307e-01	3.2108e-01	3.7496e-05	3.3968e-02	9.2187e-01	4.4160e-02	2.7906e-06	1.1755e-36	1.1755e-36	7.0993e-22	0.00e+00	0.00e+00	3.4269e-01
2.05635e+17	5.7903e+03	3.181e-22	1.0000e+01	1.0483e+01	3.2772e-10	2.9352e-02	9.7065e-01	1.0309e-01	8.9606e-01	8.4684e-04	6.5851e-14	5.8846e-03	6.7836e-01	3.1572e-01	3.6026e-05	3.4345e-02	9.2236e-01	4.3287e-02	2.5897e-06	1.1755e-36	1.1755e-36	7.2541e-22	0.00e+00	0.00e+00	4.1920e-01
2.53108e+17	5.7232e+03	3.155e-22	1.0000e+01	1.0475e+01	3.6931e-10	3.0078e-02	9.6992e-01	1.0581e-01	8.9338e-01	8.0613e-04	7.0126e-14	6.0235e-03	6.8466e-01	3.0928e-01	3.4017e-05	3.5287e-02	9.2301e-01	4.1700e-02	2.3120e-06	1.1755e-36	1.1755e-36	7.8274e-22	0.00e+00	0.00e+00	5.2113e-01
3.14822e+17	5.6552e+03	3.129e-22	1.0000e+01	1.0459e+01	4.2882e-10	3.1206e-02	9.6879e-01	1.0953e-01	8.8971e-01	7.5490e-04	7.6928e-14	6.2257e-03	6.9285e-01	3.0089e-01	3.1428e-05	3.6734e-02	9.2377e-01	3.9491e-02	1.9736e-06	1.1755e-36	1.1755e-36	8.8021e-22	0.00e+00	0.00e+00	6.5862e-01
3.95050e+17	5.5920e+03	3.111e-22	1.0000e+01	1.0440e+01	5.1765e-10	3.3009e-02	9.6699e-01	1.1484e-01	8.8447e-01	6.9136e-04	8.8443e-14	6.5321e-03	7.0379e-01	2.8965e-01	2.8100e-05	3.9025e-02	9.2454e-01	3.6430e-02	1.5777e-06	1.1755e-36	1.1755e-36	1.0581e-21	0.00e+00	0.00e+00	8.4767e-01
4.99347e+17	5.5462e+03	3.102e-22	1.0000e+01	1.0407e+01	6.5449e-10	3.5925e-02	9.6408e-01	1.2250e-01	8.7689e-01	6.1500e-04	1.0880e-13	6.9927e-03	7.1825e-01	2.7473e-01	2.3977e-05	4.2702e-02	9.2499e-01	3.2308e-02	1.1481e-06	1.1755e-36	1.1755e-36	1.4024e-21	0.00e+00	0.00e+00	1.1151e+00
6.24099e+17	5.5359e+03	3.106e-22	1.0000e+01	1.0348e+01	8.5213e-10	4.0271e-02	9.5973e-01	1.3268e-01	8.6678e-01	5.3516e-04	1.4319e-13	7.6159e-03	7.3538e-01	2.5698e-01	1.9541e-05	4.8146e-02	9.2439e-01	2.7465e-02	7.6220e-07	1.1755e-36	1.1755e-36	2.0558e-21	0.00e+00	0.00e+00	1.4498e+00
7.57967e+17	5.5798e+03	3.131e-22	1.0000e+01	1.0274e+01	1.1234e-09	4.6571e-02	9.5343e-01	1.4567e-01	8.5387e-01	4.6016e-04	2.0238e-13	8.4132e-03	7.5447e-01	2.3710e-01	1.5209e-05	5.5977e-02	9.2169e-01	2.2328e-02	4.6474e-07	1.1755e-36	1.1755e-36	3.3567e-21	0.00e+00	0.00e+00	1.8502e+00
8.89102e+17	5.6833e+03	3.172e-22	1.0000e+01	1.0175e+01	1.4634e-09	5.5057e-02	9.4494e-01	1.6099e-01	8.3861e-01	3.9707e-04	3.0007e-13	9.3226e-03	7.7380e-01	2.1687e-01	1.1466e-05	6.6447e-02	9.1602e-01	1.7528e-02	2.6857e-07	1.1755e-36	1.1755e-36	5.9004e-21	0.00e+00	0.00e+00	2.2887e+00
1.00775e+18	5.8029e+03	3.226e-22	1.0000e+01	1.0054e+01	1.9348e-09	6.5974e-02	9.3403e-01	1.7842e-01	8.2124e-01	3.4618e-04	4.5911e-13	1.0276e-02	7.9270e-01	1.9702e-01	8.4601e-06	7.9819e-02	9.0671e-01	1.3469e-02	1.5182e-07	1.1755e-36	1.1755e-36	1.0901e-20	0.00e+00	0.00e+00	2.7518e+00
1.11199e+18	5.9401e+03	3.272e-22	1.0000e+01	9.9023e+00	2.5377e-09	7.9248e-02	9.2075e-01	1.9748e-01	8.0222e-01	3.0586e-04	7.0649e-13	1.1180e-02	8.1024e-01	1.7857e-01	6.1970e-06	9.5955e-02	8.9380e-01	1.0247e-02	1.1755e-36	1.1755e-36	1.1755e-36	2.0362e-20	0.00e+00	0.00e+00	3.2389e+00
1.20567e+18	6.0725e+03	3.305e-22	1.0000e+01	9.7201e+00	3.3950e-09	9.5640e-02	9.0436e-01	2.1881e-01	7.8092e-01	2.7221e-04	1.1037e-12	1.2025e-02	8.2711e-01	1.6086e-01	4.4731e-06	1.1572e-01	8.7659e-01	7.6891e-03	1.1755e-36	1.1755e-36	1.1755e-36	3.9005e-20	0.00e+00	0.00e+00	3.7826e+00
1.29090e+18	6.1959e+03	3.316e-22	1.0000e+01	9.4963e+00	4.6543e-09	1.1598e-01	8.8402e-01	2.4258e-01	7.5718e-01	2.4389e-04	1.7537e-12	1.2767e-02	8.4323e-01	1.4400e-01	3.1807e-06	1.4001e-01	8.5431e-01	5.6845e-03	1.1755e-36	1.1755e-36	1.1755e-36	7.6956e-20	0.00e+00	0.00e+00	4.3718e+00
1.36534e+18	6.2984e+03	3.297e-22	1.0000e+01	9.2339e+00	6.4721e-09	1.3998e-01	8.6002e-01	2.6792e-01	7.3186e-01	2.2054e-04	2.7768e-12	1.3339e-02	8.5794e-01	1.2872e-01	2.2647e-06	1.6835e-01	8.2746e-01	4.1977e-03	1.1755e-36	1.1755e-36	1.1755e-36	1.5200e-19	0.00e+00	0.00e+00	4.9765e+00
1.42848e+18	6.3791e+03	3.245e-22	1.0000e+01	8.9556e+00	8.9700e-09	1.6680e-01	8.3320e-01	2.9332e-01	7.0647e-01	2.0213e-04	4.3078e-12	1.3727e-02	8.7093e-01	1.1534e-01	1.6365e-06	1.9962e-01	7.9725e-01	3.1322e-03	1.1755e-36	1.1755e-36	1.1755e-36	2.9343e-19	0.00e+00	0.00e+00	5.5861e+00
1.48268e+18	6.4153e+03	3.159e-22	1.0000e+01	8.6297e+00	1.2584e-08	1.9594e-01	8.0406e-01	3.1923e-01	6.8058e-01	1.8618e-04	6.5332e-12	1.3903e-02	8.8231e-01	1.0378e-01	1.2052e-06	2.3316e-01	7.6447e-01	2.3707e-03	1.1755e-36	1.1755e-36	1.1755e-36	5.5262e-19	0.00e+00	0.00e+00	6.2112e+00
1.51674e+18	6.4409e+03	3.086e-22	1.0000e+01	8.3913e+00	1.5837e-08	2.1832e-01	7.8168e-01	3.3626e-01	6.6356e-01	1.7788e-04	8.6853e-12	1.3924e-02	8.8917e-01	9.6909e-02	9.8534e-07	2.5859e-01	7.3945e-01	1.9619e-03	1.1755e-36	1.1755e-36	1.1755e-36	8.5909e-19	0.00e+00	0.00e+00	6.4537e+00
1.52982e+18	6.4470e+03	3.050e-22	1.0000e+01	8.2867e+00	1.7364e-08	2.2752e-01	7.7248e-01	3.4297e-01	6.5686e-01	1.7503e-04	9.7004e-12	1.3903e-02	8.9180e-01	9.4296e-02	9.1048e-07	2.6897e-01	7.2921e-01	1.8204e-03	1.1755e-36	1.1755e-36	1.1755e-36	1.0210e-18	0.00e+00	0.00e+00	6.5767e+00
1.53897e+18	6.4470e+03	3.022e-22	1.0000e+01	8.2133e+00	1.8621e-08	2.3435e-01	7.6565e-01	3.4836e-01	6.5147e-01	1.7247e-04	1.0529e-11	1.3890e-02	8.9381e-01	9.2298e-02	8.5804e-07	2.7665e-01	7.2163e-01	1.7225e-03	1.1755e-36	1.1755e-36	1.1755e-36	1.1603e-18	0.00e+00	0.00e+00	6.7209e+00
1.55017e+18	6.4370e+03	2.992e-22	1.0000e+01	8.1344e+00	2.0565e-08	2.4354e-01	7.5646e-01	3.5567e-01	6.4416e-01	1.6884e-04	1.1770e-11	1.3895e-02	8.9647e-01	8.9632e-02	7.9343e-07	2.8695e-01	7.1144e-01	1.6039e-03	1.1755e-36	1.1755e-36	1.1755e-36	1.3831e-18	0.00e+00	0.00e+00	6.9156e+00
1.56320e+18	6.4356e+03	2.947e-22	1.0000e+01	8.0227e+00	2.2786e-08	2.5409e-01	7.4591e-01	3.6365e-01	6.3619e-01	1.6529e-04	1.3276e-11	1.3854e-02	8.9930e-01	8.6847e-02	7.2773e-07	2.9872e-01	6.9980e-01	1.4784e-03	1.1755e-36	1.1755e-36	1.1755e-36	1.6719e-18	0.00e+00	0.00e+00	7.1306e+00
1.57677e+18	6.4298e+03	2.896e-22	1.0000e+01	7.9005e+00	2.5501e-08	2.6573e-01	7.3427e-01	3.7221e-01	6.2763e-01	1.6169e-04	1.5114e-11	1.3796e-02	9.0224e-01	8.3960e-02	6.6386e-07	3.1162e-01	6.8702e-01	1.3551e-03	1.1755e-36	1.1755e-36	1.1755e-36	2.0542e-18	0.00e+00	0.00e+00	7.3612e+00
1.59010e+18	6.4211e+03	2.842e-22	1.0000e+01	7.7725e+00	2.8591e-08	2.7773e-01	7.2227e-01	3.8074e-01	6.1910e-01	1.5832e-04	1.7213e-11	1.3719e-02	9.0509e-01	8.1187e-02	6.0611e-07	3.2486e-01	6.7390e-01	1.2421e-03	1.1755e-36	1.1755e-36	1.1755e-36	2.5299e-18	0.00e+00	0.00e+00	7.5876e+00
1.60253e+18	6.4103e+03	2.789e-22	1.0000e+01	7.6465e+00	3.1928e-08	2.8948e-01	7.1052e-01	3.8890e-01	6.1095e-01	1.5527e-04	1.9493e-11	1.3631e-02	9.0774e-01	7.8632e-02	5.5608e-07	3.3775e-01	6.6111e-01	1.1429e-03	1.1755e-36	1.1755e-36	1.1755e-36	3.0927e-18	0.00e+00	0.00e+00	7.8060e+00
1.61422e+18	6.3959e+03	2.735e-22	1.0000e+01	7.5227e+00	3.5609e-08	3.0110e-01	6.9890e-01	3.9683e-01	6.0302e-01	1.5239e-04	2.2003e-11	1.3535e-02	9.1024e-01	7.6227e-02	5.1191e-07	3.5043e-01	6.4851e-01	1.0548e-03	1.1755e-36	1.1755e-36	1.1755e-36	3.7671e-18	0.00e+00	0.00e+00	8.0233e+00
1.62546e+18	6.3807e+03	2.680e-22	1.0000e+01	7.3987e+00	3.9633e-08	3.1275e-01	6.8725e-01	4.0461e-01	5.9524e-01	1.4970e-04	2.4786e-11	1.3429e-02	9.1263e-01	7.3939e-02	4.7224e-07	3.6307e-01	6.3595e-01	9.7471e-04	1.1755e-36	1.1755e-36	1.1755e-36	4.5790e-18	0.00e+00	0.00e+00	8.2416e+00
1.63644e+18	6.3638e+03	2.624e-22	1.0000e+01	7.2735e+00	4.4134e-08	3.2460e-01	6.7540e-01	4.1238e-01	5.8747e-01	1.4711e-04	2.7932e-11	1.3313e-02	9.1497e-01	7.1721e-02	4.3594e-07	3.7586e-01	6.2324e-01	9.0082e-04	1.1755e-36	1.1755e-36	1.1755e-36	5.5765e-18	0.00e+00	0.00e+00	8.4648e+00
1.64722e+18	6.3444e+03	2.566e-22	1.0000e+01	7.1459e+00	4.9225e-08	3.3671e-01	6.6329e-01	4.2018e-01	5.7968e-01	1.4461e-04	3.1515e-11	1.3187e-02	9.1725e-01	6.9564e-02	4.0259e-07	3.8887e-01	6.1030e-01	8.3233e-04	1.1755e-36	1.1755e-36	1.1755e-36	6.8153e-18	0.00e+00	0.00e+00	8.6918e+00
1.65772e+18	6.3228e+03	2.507e-22	1.0000e+01	7.0169e+00	5.4922e-08	3.4895e-01	6.5105e-01	4.2788e-01	5.7198e-01	1.4225e-04	3.5556e-11	1.3050e-02	9.1946e-01	6.7492e-02	3.7228e-07	4.0194e-01	5.9729e-01	7.6950e-04	1.1755e-36	1.1755e-36	1.1755e-36	8.3415e-18	0.00e+00	0.00e+00	8.9193e+00
1.66786e+18	6.2994e+03	2.447e-22	1.0000e+01	6.8877e+00	6.1234e-08	3.6117e-01	6.3883e-01	4.3542e-01	5.6444e-01	1.4004e-04	4.0070e-11	1.2906e-02	9.2157e-01	6.5520e-02	3.4494e-07	4.1491e-01	5.8437e-01	7.1235e-04	1.1755e-36	1.1755e-36	1.1755e-36	1.0206e-17	0.00e+00	0.00e+00	9.1463e+00
1.67766e+18	6.2745e+03	2.388e-22	1.0000e+01	6.7587e+00	6.8212e-08	3.7337e-01	6.2663e-01	4.4282e-01	5.5704e-01	1.3795e-04	4.5114e-11	1.2755e-02	9.2361e-01	6.3637e-02	3.2019e-07	4.2779e-01	5.7154e-01	6.6021e-04	1.1755e-36	1.1755e-36	1.1755e-36	1.2483e-17	0.00e+00	0.00e+00	9.3739e+00
1.68721e+18	6.2479e+03	2.328e-22	1.0000e+01	6.6296e+00	7.5980e-08	3.8562e-01	6.1438e-01	4.5012e-01	5.4974e-01	1.3597e-04	5.0796e-11	1.2597e-02	9.2558e-01	6.1825e-02	2.9759e-07	4.4065e-01	5.5873e-01	6.1228e-04	1.1755e-36	1.1755e-36	1.1755e-36	1.5291e-17	0.00e+00	0.00e+00	9.6037e+00
1.69655e+18	6.2194e+03	2.268e-22	1.0000e+01	6.5000e+00	8.4677e-08	3.9795e-01	6.0205e-01	4.5736e-01	5.4251e-01	1.3408e-04	5.7233e-11	1.2433e-02	9.2749e-01	6.0075e-02	2.7686e-07	4.5352e-01	5.4591e-01	5.6805e-04	1.1755e-36	1.1755e-36	1.1755e-36	1.8777e-17	0.00e+00	0.00e+00	9.8357e+00
1.70566e+18	6.1890e+03	2.207e-22	1.0000e+01	6.3702e+00	9.4398e-08	4.1030e-01	5.8970e-01	4.6448e-01	5.3538e-01	1.3228e-04	6.4513e-11	1.2264e-02	9.2934e-01	5.8394e-02	2.5791e-07	4.6634e-01	5.3313e-01	5.2736e-04	1.1755e-36	1.1755e-36	1.1755e-36	2.3107e-17	0.00e+00	0.00e+00	1.0069e+01
1.71452e+18	6.1570e+03	2.148e-22	1.0000e+01	6.2408e+00	1.0520e-07	4.2259e-01	5.7741e-01	4.7147e-01	5.2840e-01	1.3059e-04	7.2711e-11	1.2089e-02	9.3113e-01	5.6784e-02	2.4064e-07	4.7904e-01	5.2047e-01	4.9006e-04	1.1755e-36	1.1755e-36	1.1755e-36	2.8464e-17	0.00e+00	0.00e+00	1.0302e+01
1.72313e+18	6.1237e+03	2.088e-22	1.0000e+01	6.1122e+00	1.1717e-07	4.3481e-01	5.6519e-01	4.7831e-01	5.2156e-01	1.2900e-04	8.1941e-11	1.1910e-02	9.3285e-01	5.5243e-02	2.2487e-07	4.9159e-01	5.0796e-01	4.5583e-04	1.1755e-36	1.1755e-36	1.1755e-36	3.5095e-17	0.00e+00	0.00e+00	1.0535e+01
1.73154e+18	6.0890e+03	2.029e-22	1.0000e+01	5.9843e+00	1.3048e-07	4.4698e-01	5.5302e-01	4.8504e-01	5.1483e-01	1.2749e-04	9.2382e-11	1.1728e-02	9.3451e-01	5.3760e-02	2.1040e-07	5.0402e-01	4.9556e-01	4.2430e-04	1.1755e-36	1.1755e-36	1.1755e-36	4.3346e-17	0.00e+00	0.00e+00	1.0770e+01
1.73978e+18	6.0528e+03	1.971e-22	1.0000e+01	5.8569e+00	1.4534e-07	4.5913e-01	5.4087e-01	4.9167e-01	5.0820e-01	1.2605e-04	1.0425e-10	1.1543e-02	9.3613e-01	5.2329e-02	1.9708e-07	5.1635e-01	4.8325e-01	3.9514e-04	1.1755e-36	1.1755e-36	1.1755e-36	5.3678e-17	0.00e+00	0.00e+00	1.1006e+01
1.74785e+18	6.0150e+03	1.913e-22	1.0000e+01	5.7301e+00	1.6195e-07	4.7123e-01	5.2877e-01	4.9820e-01	5.0167e-01	1.2469e-04	1.1776e-10	1.1354e-02	9.3770e-01	5.0950e-02	1.8480e-07	5.2857e-01	4.7106e-01	3.6820e-04	1.1755e-36	1.1755e-36	1.1755e-36	6.6654e-17	0.00e+00	0.00e+00	1.1244e+01
1.75573e+18	5.9756e+03	1.856e-22	1.0000e+01	5.6043e+00	1.8046e-07	4.8322e-01	5.1678e-01	5.0460e-01	4.9528e-01	1.2340e-04	1.3312e-10	1.1164e-02	9.3921e-01	4.9625e-02	1.7353e-07	5.4062e-01	4.5904e-01	3.4339e-04	1.1755e-36	1.1755e-36	1.1755e-36	8.2938e-17	0.00e+00	0.00e+00	1.1481e+01
1.76341e+18	5.9351e+03	1.800e-22	1.0000e+01	5.4801e+00	2.0099e-07	4.9506e-01	5.0494e-01	5.1085e-01	4.8903e-01	1.2218e-04	1.5052e-10	1.0972e-02	9.4067e-01	4.8357e-02	1.6319e-07	5.5245e-01	4.4723e-01	3.2057e-04	1.1755e-36	1.1755e-36	1.1755e-36	1.0333e-16	0.00e+00	0.00e+00	1.1718e+01
1.77092e+18	5.8936e+03	1.745e-22	1.0000e+01	5.3574e+00	2.2375e-07	5.0674e-01	4.9326e-01	5.1697e-01	4.8291e-01	1.2103e-04	1.7027e-10	1.0780e-02	9.4208e-01	4.7138e-02	1.5366e-07	5.6407e-01	4.3563e-01	2.9953e-04	1.1755e-36	1.1755e-36	1.1755e-36	1.2892e-16	0.00e+00	0.00e+00	1.1956e+01
1.77828e+18	5.8511e+03	1.692e-22	1.0000e+01	5.2362e+00	2.4907e-07	5.1832e-01	4.8168e-01	5.2299e-01	4.7689e-01	1.1994e-04	1.9280e-10	1.0587e-02	9.4345e-01	4.5962e-02	1.4485e-07	5.7552e-01	4.2420e-01	2.8003e-04	1.1755e-36	1.1755e-36	1.1755e-36	1.6121e-16	0.00e+00	0.00e+00	1.2195e+01
1.78552e+18	5.8073e+03	1.639e-22	1.0000e+01	5.1161e+00	2.7733e-07	5.2980e-01	4.7020e-01	5.2892e-01	4.7096e-01	1.1890e-04	2.1863e-10	1.0393e-02	9.4478e-01	4.4824e-02	1.3666e-07	5.8681e-01	4.1292e-01	2.6191e-04	1.1755e-36	1.1755e-36	1.1755e-36	2.0219e-16	0.00e+00	0.00e+00	1.2435e+01
1.79263e+18	5.7620e+03	1.587e-22	1.0000e+01	4.9974e+00	3.0897e-07	5.4116e-01	4.5884e-01	5.3476e-01	4.6512e-01	1.1790e-04	2.4830e-10	1.0199e-02	9.4608e-01	4.3725e-02	1.2907e-07	5.9794e-01	4.0182e-01	2.4511e-04	1.1755e-36	1.1755e-36	1.1755e-36	2.5439e-16	0.00e+00	0.00e+00	1.2676e+01
1.79960e+18	5.7153e+03	1.536e-22	1.0000e+01	4.8804e+00	3.4427e-07	5.5234e-01	4.4766e-01	5.4047e-01	4.5942e-01	1.1695e-04	2.8230e-10	1.0006e-02	9.4733e-01	4.2668e-02	1.1755e-36	6.0883e-01	3.9094e-01	2.2959e-04	1.1755e-36	1.1755e-36	1.1755e-36	3.2084e-16	0.00e+00	0.00e+00	1.2916e+01
1.80639e+18	5.6677e+03	1.487e-22	1.0000e+01	4.7656e+00	3.8340e-07	5.6329e-01	4.3671e-01	5.4605e-01	4.5383e-01	1.1603e-04	3.2108e-10	9.8151e-03	9.4853e-01	4.1656e-02	1.1755e-36	6.1944e-01	3.8035e-01	2.1529e-04	1.1755e-36	1.1755e-36	1.1755e-36	4.0501e-16	0.00e+00	0.00e+00	1.3154e+01
1.81304e+18	5.6197e+03	1.440e-22	1.0000e+01	4.6532e+00	4.2661e-07	5.7400e-01	4.2600e-01	5.5149e-01	4.4840e-01	1.1518e-04	3.6525e-10	9.6254e-03	9.4969e-01	4.0684e-02	1.1755e-36	6.2977e-01	3.7002e-01	2.0207e-04	1.1755e-36	1.1755e-36	1.1755e-36	5.1151e-16	0.00e+00	0.00e+00	1.3393e+01
1.81957e+18	5.5711e+03	1.393e-22	1.0000e+01	4.5428e+00	4.7450e-07	5.8454e-01	4.1546e-01	5.5683e-01	4.4306e-01	1.1437e-04	4.1586e-10	9.4372e-03	9.5082e-01	3.9744e-02	1.1755e-36	6.3990e-01	3.5991e-01	1.8978e-04	1.1755e-36	1.1755e-36	1.1755e-36	6.4701e-16	0.00e+00	0.00e+00	1.3632e+01
1.82603e+18	5.5217e+03	1.348e-22	1.0000e+01	4.4339e+00	5.2783e-07	5.9496e-01	4.0503e-01	5.6210e-01	4.3778e-01	1.1360e-04	4.7416e-10	9.2500e-03	9.5192e-01	3.8831e-02	1.1755e-36	6.4986e-01	3.4996e-01	1.7827e-04	1.1755e-36	1.1755e-36	1.1755e-36	8.2051e-16	0.00e+00	0.00e+00	1.3874e+01
1.83243e+18	5.4711e+03	1.303e-22	1.0000e+01	4.3263e+00	5.8755e-07	6.0527e-01	3.9473e-01	5.6732e-01	4.3257e-01	1.1284e-04	5.4169e-10	9.0636e-03	9.5299e-01	3.7942e-02	1.1755e-36	6.5967e-01	3.4017e-01	1.6750e-04	1.1755e-36	1.1755e-36	1.1755e-36	1.0442e-15	0.00e+00	0.00e+00	1.4117e+01
1.83875e+18	5.4186e+03	1.260e-22	1.0000e+01	4.2204e+00	6.5486e-07	6.1544e-01	3.8455e-01	5.7248e-01	4.2741e-01	1.1210e-04	6.2029e-10	8.8789e-03	9.5404e-01	3.7079e-02	1.1755e-36	6.6930e-01	3.3054e-01	1.5745e-04	1.1755e-36	1.1755e-36	1.1755e-36	1.3347e-15	0.00e+00	0.00e+00	1.4360e+01
1.84492e+18	5.3643e+03	1.219e-22	1.0000e+01	4.1167e+00	7.3031e-07	6.2538e-01	3.7462e-01	5.7751e-01	4.2237e-01	1.1139e-04	7.1123e-10	8.6970e-03	9.5505e-01	3.6250e-02	1.1755e-36	6.7867e-01	3.2118e-01	1.4816e-04	1.1755e-36	1.1755e-36	1.1755e-36	1.7103e-15	0.00e+00	0.00e+00	1.4601e+01
1.85092e+18	5.3101e+03	1.179e-22	1.0000e+01	4.0160e+00	8.1282e-07	6.3493e-01	3.6506e-01	5.8236e-01	4.1753e-01	1.1073e-04	8.1424e-10	8.5192e-03	9.5602e-01	3.5466e-02	1.1755e-36	6.8765e-01	3.1221e-01	1.3965e-04	1.1755e-36	1.1755e-36	1.1755e-36	2.1855e-15	0.00e+00	0.00e+00	1.4838e+01
1.85677e+18	5.2566e+03	1.141e-22	1.0000e+01	3.9186e+00	9.0265e-07	6.4420e-01	3.5580e-01	5.8708e-01	4.1281e-01	1.1010e-04	9.3087e-10	8.3459e-03	9.5694e-01	3.4712e-02	1.1755e-36	6.9631e-01	3.0356e-01	1.3177e-04	1.1755e-36	1.1755e-36	1.1755e-36	2.7845e-15	0.00e+00	0.00e+00	1.5074e+01
1.86260e+18	5.2036e+03	1.104e-22	1.0000e+01	3.8230e+00	1.0011e-06	6.5333e-01	3.4667e-01	5.9179e-01	4.0810e-01	1.0948e-04	1.0643e-09	8.1747e-03	9.5785e-01	3.3973e-02	1.1755e-36	7.0482e-01	2.9506e-01	1.2433e-04	1.1755e-36	1.1755e-36	1.1755e-36	3.5462e-15	0.00e+00	0.00e+00	1.5315e+01
1.86849e+18	5.1477e+03	1.066e-22	1.0000e+01	3.7261e+00	1.1136e-06	6.6248e-01	3.3752e-01	5.9652e-01	4.0337e-01	1.0887e-04	1.2222e-09	7.9999e-03	9.5876e-01	3.3244e-02	1.1755e-36	7.1329e-01	2.8659e-01	1.1723e-04	1.1755e-36	1.1755e-36	1.1755e-36	4.5523e-15	0.00e+00	0.00e+00	1.5563e+01
1.87440e+18	5.0942e+03	1.030e-22	1.0000e+01	3.6294e+00	1.2338e-06	6.7138e-01	3.2862e-01	6.0106e-01	3.9883e-01	1.0840e-04	1.3990e-09	7.8230e-03	9.5963e-01	3.2546e-02	1.1755e-36	7.2153e-01	2.7836e-01	1.1054e-04	1.1755e-36	1.1755e-36	1.1755e-36	5.8078e-15	0.00e+00	0.00e+00	1.5812e+01
1.88035e+18	5.0332e+03	9.941e-23	1.0000e+01	3.5367e+00	1.3805e-06	6.8070e-01	3.1929e-01	6.0609e-01	3.9380e-01	1.0760e-04	1.6229e-09	7.6564e-03	9.6054e-01	3.1805e-02	1.1755e-36	7.3010e-01	2.6979e-01	1.0399e-04	1.1755e-36	1.1755e-36	1.1755e-36	7.5852e-15	0.00e+00	0.00e+00	1.6072e+01
1.88620e+18	4.9669e+03	9.599e-23	1.0000e+01	3.4429e+00	1.5492e-06	6.8971e-01	3.1029e-01	6.1086e-01	3.8904e-01	1.0692e-04	1.8556e-09	7.4876e-03	9.6142e-01	3.1089e-02	1.1755e-36	7.3837e-01	2.6153e-01	9.8012e-05	1.1755e-36	1.1755e-36	1.1755e-36	9.6819e-15	0.00e+00	0.00e+00	1.6319e+01
1.89165e+18	4.9126e+03	9.286e-23	1.0000e+01	3.3573e+00	1.7067e-06	6.9775e-01	3.0225e-01	6.1501e-01	3.8488e-01	1.0647e-04	2.0540e-09	7.3302e-03	9.6223e-01	3.0439e-02	1.1755e-36	7.4571e-01	2.5420e-01	9.2794e-05	1.1755e-36	1.1755e-36	1.1755e-36	1.1665e-14	0.00e+00	0.00e+00	1.6548e+01
1.89708e+18	4.8504e+03	8.980e-23	1.0000e+01	3.2723e+00	1.8946e-06	7.0583e-01	2.9417e-01	6.1949e-01	3.8040e-01	1.0582e-04	2.2836e-09	7.1759e-03	9.6306e-01	2.9760e-02	1.1755e-36	7.5307e-01	2.4684e-01	8.7788e-05	1.1755e-36	1.1755e-36	1.1755e-36	1.4170e-14	0.00e+00	0.00e+00	1.6800e+01
1.90275e+18	4.7779e+03	8.673e-23	1.0000e+01	3.1849e+00	2.1281e-06	7.1440e-01	2.8560e-01	6.2431e-01	3.7558e-01	1.0500e-04	2.5608e-09	7.0193e-03	9.6394e-01	2.9045e-02	1.1755e-36	7.6086e-01	2.3906e-01	8.2803e-05	1.1755e-36	1.1755e-36	1.1755e-36	1.7505e-14	0.00e+00	0.00e+00	1.7057e+01
1.90819e+18	4.7232e+03	8.380e-23	1.0000e+01	3.1009e+00	2.3311e-06	7.2191e-01	2.7809e-01	6.2821e-01	3.7169e-01	1.0471e-04	2.8154e-09	6.8619e-03	9.6469e-01	2.8448e-02	1.1755e-36	7.6764e-01	2.3228e-01	7.8429e-05	1.1755e-36	1.1755e-36	1.1755e-36	2.0827e-14	0.00e+00	0.00e+00	1.7294e+01
1.91377e+18	4.6508e+03	8.090e-23	1.0000e+01	3.0171e+00	2.6030e-06	7.3003e-01	2.6997e-01	6.3301e-01	3.6688e-01	1.0388e-04	3.1366e-09	6.7109e-03	9.6553e-01	2.7755e-02	1.1755e-36	7.7497e-01	2.2495e-01	7.4016e-05	1.1755e-36	1.1755e-36	1.1755e-36	2.5395e-14	0.00e+00	0.00e+00	1.7568e+01
1.91960e+18	4.5802e+03	7.797e-23	1.0000e+01	2.9329e+00	2.8972e-06	7.3834e-01	2.6166e-01	6.3778e-01	3.6212e-01	1.0312e-04	3.4910e-09	6.5573e-03	9.6637e-01	2.7073e-02	1.1755e-36	7.8244e-01	2.1749e-01	6.9678e-05	1.1755e-36	1.1755e-36	1.1755e-36	3.0893e-14	0.00e+00	0.00e+00	1.7834e+01
1.92527e+18	4.5103e+03	7.520e-23	1.0000e+01	2.8508e+00	3.2046e-06	7.4616e-01	2.5383e-01	6.4230e-01	3.5759e-01	1.0245e-04	3.8550e-09	6.4069e-03	9.6716e-01	2.6428e-02	1.1755e-36	7.8944e-01	2.1050e-01	6.5736e-05	1.1755e-36	1.1755e-36	1.1755e-36	3.7037e-14	0.00e+00	0.00e+00	1.8099e+01
1.93100e+18	4.4372e+03	7.246e-23	1.0000e+01	2.7690e+00	3.5420e-06	7.5397e-01	2.4602e-01	6.4698e-01	3.5292e-01	1.0171e-04	4.2485e-09	6.2575e-03	9.6797e-01	2.5776e-02	1.1755e-36	7.9641e-01	2.0353e-01	6.1947e-05	1.1755e-36	1.1755e-36	1.1755e-36	4.4211e-14	0.00e+00	0.00e+00	1.8378e+01
1.93701e+18	4.3607e+03	6.967e-23	1.0000e+01	2.6835e+00	3.9089e-06	7.6186e-01	2.3814e-01	6.5171e-01	3.4819e-01	1.0103e-04	4.6685e-09	6.1004e-03	9.6878e-01	2.5119e-02	1.1755e-36	8.0342e-01	1.9652e-01	5.8246e-05	1.1755e-36	1.1755e-36	1.1755e-36	5.2459e-14	0.00e+00	0.00e+00	1.8674e+01
1.94336e+18	4.2808e+03	6.682e-23	1.0000e+01	2.5961e+00	4.3079e-06	7.7003e-01	2.2996e-01	6.5674e-01	3.4316e-01	1.0028e-04	5.1240e-09	5.9395e-03	9.6963e-01	2.4434e-02	1.1755e-36	8.1067e-01	1.8928e-01	5.4549e-05	1.1755e-36	1.1755e-36	1.1755e-36	6.2024e-14	0.00e+00	0.00e+00	1.8992e+01
1.95017e+18	4.1884e+03	6.389e-23	1.0000e+01	2.5060e+00	4.7750e-06	7.7888e-01	2.2112e-01	6.6246e-01	3.3744e-01	9.9210e-05	5.6378e-09	5.7770e-03	9.7054e-01	2.3683e-02	1.1755e-36	8.1848e-01	1.8147e-01	5.0776e-05	1.1755e-36	1.1755e-36	1.1755e-36	7.3549e-14	0.00e+00	0.00e+00	1.9340e+01
1.95729e+18	4.0917e+03	6.096e-23	1.0000e+01	2.4122e+00	5.2551e-06	7.8772e-01	2.1227e-01	6.6812e-01	3.3178e-01	9.8252e-05	6.1427e-09	5.6070e-03	9.7145e-01	2.2943e-02	1.1755e-36	8.2626e-01	1.7369e-01	4.7157e-05	1.1755e-36	1.1755e-36	1.1755e-36	8.5566e-14	0.00e+00	0.00e+00	1.9697e+01
1.96440e+18	3.9948e+03	5.815e-23	1.0000e+01	2.3215e+00	5.7196e-06	7.9631e-01	2.0368e-01	6.7374e-01	3.2616e-01	9.7277e-05	6.6092e-09	5.4433e-03	9.7233e-01	2.2225e-02	1.1755e-36	8.3379e-01	1.6616e-01	4.3799e-05	1.1755e-36	1.1755e-36	1.1755e-36	9.7110e-14	0.00e+00	0.00e+00	2.0051e+01
###########################
4.05215e+14	6.4425e+03	3.554e-22	1.0000e+01	1.0514e+01	1.7936e-10	2.9239e-02	9.7076e-01	9.3183e-02	9.0581e-01	1.0048e-03	6.2623e-14	5.6507e-03	6.5241e-01	3.4190e-01	4.2247e-05	3.3893e-02	9.2041e-01	4.5689e-02	3.4418e-06	1.1755e-36	1.1755e-36	7.5426e-22	0.00e+00	0.00e+00	1.4964e-03
2.43129e+15	6.4333e+03	3.543e-22	1.0000e+01	1.0495e+01	1.7999e-10	2.9173e-02	9.7083e-01	9.3143e-02	9.0585e-01	1.0049e-03	6.2209e-14	5.6256e-03	6.5234e-01	3.4199e-01	4.2365e-05	3.3816e-02	9.2039e-01	4.5792e-02	3.4476e-06	1.1755e-36	1.1755e-36	7.4594e-22	0.00e+00	0.00e+00	7.4686e-03
1.05356e+16	6.4102e+03	3.525e-22	1.0000e+01	1.0492e+01	1.8396e-10	2.9194e-02	9.7081e-01	9.3578e-02	9.0543e-01	9.9701e-04	6.2432e-14	5.6334e-03	6.5353e-01	3.4080e-01	4.2023e-05	3.3854e-02	9.2047e-01	4.5677e-02	3.3988e-06	1.1755e-36	1.1755e-36	7.4608e-22	0.00e+00	0.00e+00	3.1375e-02
4.29528e+16	6.3412e+03	3.483e-22	1.0000e+01	1.0487e+01	2.0105e-10	2.9572e-02	9.7043e-01	9.5509e-02	9.0353e-01	9.6172e-04	6.4767e-14	5.7227e-03	6.5858e-01	3.3566e-01	4.0406e-05	3.4357e-02	9.2090e-01	4.4739e-02	3.1498e-06	1.1755e-36	1.1755e-36	7.7324e-22	0.00e+00	0.00e+00	1.2823e-01
1.02600e+17	6.1082e+03	3.344e-22	1.0000e+01	1.0488e+01	2.4243e-10	2.9301e-02	9.7070e-01	9.8437e-02	9.0064e-01	9.1773e-04	6.4368e-14	5.7632e-03	6.6649e-01	3.2771e-01	3.8828e-05	3.4129e-02	9.2136e-01	4.4510e-02	2.9585e-06	1.1755e-36	1.1755e-36	7.3699e-22	0.00e+00	0.00e+00	2.5300e-01
1.60472e+17	5.8979e+03	3.232e-22	1.0000e+01	1.0487e+01	2.8907e-10	2.9061e-02	9.7094e-01	1.0091e-01	8.9820e-01	8.8069e-04	6.3875e-14	5.7870e-03	6.7312e-01	3.2105e-01	3.7489e-05	3.3928e-02	9.2179e-01	4.4282e-02	2.8015e-06	1.1755e-36	1.1755e-36	7.0609e-22	0.00e+00	0.00e+00	3.4167e-01
2.04851e+17	5.7920e+03	3.181e-22	1.0000e+01	1.0483e+01	3.2584e-10	2.9312e-02	9.7069e-01	1.0300e-01	8.9615e-01	8.4784e-04	6.5583e-14	5.8612e-03	6.7837e-01	3.1574e-01	3.6040e-05	3.4293e-02	9.2228e-01	4.3420e-02	2.6034e-06	1.1755e-36	1.1755e-36	7.2069e-22	0.00e+00	0.00e+00	4.1653e-01
2.51359e+17	5.7256e+03	3.155e-22	1.0000e+01	1.0476e+01	3.6655e-10	3.0021e-02	9.6998e-01	1.0567e-01	8.9352e-01	8.0786e-04	6.9763e-14	6.0009e-03	6.8457e-01	3.0939e-01	3.4065e-05	3.5214e-02	9.2293e-01	4.1850e-02	2.3291e-06	1.1755e-36	1.1755e-36	7.7655e-22	0.00e+00	0.00e+00	5.1621e-01
3.11820e+17	5.6579e+03	3.129e-22	1.0000e+01	1.0460e+01	4.2466e-10	3.1120e-02	9.6888e-01	1.0931e-01	8.8993e-01	7.5753e-04	7.6370e-14	6.2024e-03	6.9263e-01	3.0113e-01	3.1522e-05	3.6624e-02	9.2370e-01	3.9672e-02	1.9946e-06	1.1755e-36	1.1755e-36	8.7074e-22	0.00e+00	0.00e+00	6.5052e-01
3.90419e+17	5.5943e+03	3.111e-22	1.0000e+01	1.0441e+01	5.1126e-10	3.2871e-02	9.6713e-01	1.1449e-01	8.8481e-01	6.9502e-04	8.7519e-14	6.5058e-03	7.0338e-01	2.9008e-01	2.8251e-05	3.8851e-02	9.2449e-01	3.6658e-02	1.6023e-06	1.1755e-36	1.1755e-36	1.0420e-21	0.00e+00	0.00e+00	8.3496e-01
4.92597e+17	5.5469e+03	3.101e-22	1.0000e+01	1.0409e+01	6.4427e-10	3.5692e-02	9.6431e-01	1.2196e-01	8.7742e-01	6.1975e-04	1.0710e-13	6.9592e-03	7.1759e-01	2.7543e-01	2.4194e-05	4.2410e-02	9.2498e-01	3.2604e-02	1.1748e-06	1.1755e-36	1.1755e-36	1.3708e-21	0.00e+00	0.00e+00	1.0953e+00
6.16581e+17	5.5335e+03	3.104e-22	1.0000e+01	1.0352e+01	8.3954e-10	3.9963e-02	9.6004e-01	1.3205e-01	8.6741e-01	5.3941e-04	1.4065e-13	7.5830e-03	7.3472e-01	2.5768e-01	1.9744e-05	4.7763e-02	9.2448e-01	2.7757e-02	7.8231e-07	1.1755e-36	1.1755e-36	2.0023e-21	0.00e+00	0.00e+00	1.4296e+00
7.50788e+17	5.5735e+03	3.128e-22	1.0000e+01	1.0279e+01	1.1087e-09	4.6164e-02	9.5384e-01	1.4492e-01	8.5461e-01	4.6378e-04	1.9835e-13	8.3823e-03	7.5381e-01	2.3779e-01	1.5387e-05	5.5474e-02	9.2193e-01	2.2599e-02	4.7819e-07	1.1755e-36	1.1755e-36	3.2586e-21	0.00e+00	0.00e+00	1.8259e+00
8.81508e+17	5.6734e+03	3.168e-22	1.0000e+01	1.0182e+01	1.4436e-09	5.4471e-02	9.4553e-01	1.6001e-01	8.3959e-01	4.0045e-04	2.9286e-13	9.2919e-03	7.7303e-01	2.1767e-01	1.1635e-05	6.5728e-02	9.1648e-01	1.7794e-02	2.7788e-07	1.1755e-36	1.1755e-36	5.6934e-21	0.00e+00	0.00e+00	2.2576e+00
9.99736e+17	5.7907e+03	3.220e-22	1.0000e+01	1.0061e+01	1.9023e-09	6.5104e-02	9.3490e-01	1.7721e-01	8.2244e-01	3.4912e-04	4.4544e-13	1.0243e-02	7.9176e-01	1.9799e-01	8.6217e-06	7.8760e-02	9.0751e-01	1.3727e-02	1.5817e-07	1.1755e-36	1.1755e-36	1.0426e-20	0.00e+00	0.00e+00	2.7138e+00
1.10418e+18	5.9264e+03	3.267e-22	1.0000e+01	9.9149e+00	2.4914e-09	7.8107e-02	9.2189e-01	1.9596e-01	8.0373e-01	3.0863e-04	6.8367e-13	1.1162e-02	8.0929e-01	1.7954e-01	6.3287e-06	9.4577e-02	8.9496e-01	1.0467e-02	1.1755e-36	1.1755e-36	1.1755e-36	1.9402e-20	0.00e+00	0.00e+00	3.1967e+00
1.19827e+18	6.0585e+03	3.301e-22	1.0000e+01	9.7362e+00	3.3264e-09	9.4184e-02	9.0582e-01	2.1702e-01	7.8271e-01	2.7467e-04	1.0657e-12	1.2025e-02	8.2614e-01	1.6183e-01	4.5771e-06	1.1397e-01	8.7816e-01	7.8703e-03	1.1755e-36	1.1755e-36	1.1755e-36	3.7047e-20	0.00e+00	0.00e+00	3.7337e+00
1.28402e+18	6.1826e+03	3.314e-22	1.0000e+01	9.5163e+00	4.5504e-09	1.1416e-01	8.8584e-01	2.4055e-01	7.5921e-01	2.4601e-04	1.6907e-12	1.2791e-02	8.4227e-01	1.4493e-01	3.2588e-06	1.3785e-01	8.5632e-01	5.8271e-03	1.1755e-36	1.1755e-36	1.1755e-36	7.2914e-20	0.00e+00	0.00e+00	4.3192e+00
1.35935e+18	6.2872e+03	3.298e-22	1.0000e+01	9.2566e+00	6.3252e-09	1.3789e-01	8.6211e-01	2.6579e-01	7.3399e-01	2.2227e-04	2.6809e-12	1.3391e-02	8.5708e-01	1.2952e-01	2.3182e-06	1.6590e-01	8.2980e-01	4.3011e-03	1.1755e-36	1.1755e-36	1.1755e-36	1.4427e-19	0.00e+00	0.00e+00	4.9238e+00
1.42340e+18	6.3604e+03	3.252e-22	1.0000e+01	8.9800e+00	8.8684e-09	1.6472e-01	8.3528e-01	2.9143e-01	7.0836e-01	2.0325e-04	4.1878e-12	1.3814e-02	8.7028e-01	1.1590e-01	1.6690e-06	1.9723e-01	7.9957e-01	3.2031e-03	1.1755e-36	1.1755e-36	1.1755e-36	2.8163e-19	0.00e+00	0.00e+00	5.5338e+00
1.47804e+18	6.4166e+03	3.163e-22	1.0000e+01	8.6561e+00	1.2207e-08	1.9334e-01	8.0666e-01	3.1694e-01	6.8288e-01	1.8752e-04	6.3157e-12	1.4002e-02	8.8156e-01	1.0444e-01	1.2316e-06	2.3019e-01	7.6739e-01	2.4251e-03	1.1755e-36	1.1755e-36	1.1755e-36	5.2450e-19	0.00e+00	0.00e+00	6.1521e+00
1.51263e+18	6.4366e+03	3.094e-22	1.0000e+01	8.4181e+00	1.5495e-08	2.1582e-01	7.8418e-01	3.3418e-01	6.6564e-01	1.7894e-04	8.4388e-12	1.4043e-02	8.8856e-01	9.7400e-02	1.0038e-06	2.5577e-01	7.4223e-01	2.0032e-03	1.1755e-36	1.1755e-36	1.1755e-36	8.2212e-19	0.00e+00	0.00e+00	6.4045e+00
1.52625e+18	6.4422e+03	3.059e-22	1.0000e+01	8.3141e+00	1.7076e-08	2.2539e-01	7.7461e-01	3.4128e-01	6.5855e-01	1.7574e-04	9.4820e-12	1.4034e-02	8.9132e-01	9.4646e-02	9.2411e-07	2.6657e-01	7.3157e-01	1.8530e-03	1.1755e-36	1.1755e-36	1.1755e-36	9.8624e-19	0.00e+00	0.00e+00	6.5287e+00
1.53533e+18	6.4439e+03	3.031e-22	1.0000e+01	8.2387e+00	1.8252e-08	2.3197e-01	7.6803e-01	3.4640e-01	6.5343e-01	1.7340e-04	1.0259e-11	1.4017e-02	8.9326e-01	9.2719e-02	8.7243e-07	2.7398e-01	7.2426e-01	1.7557e-03	1.1755e-36	1.1755e-36	1.1755e-36	1.1150e-18	0.00e+00	0.00e+00	6.6668e+00
1.54617e+18	6.4466e+03	2.997e-22	1.0000e+01	8.1552e+00	1.9802e-08	2.4032e-01	7.5968e-01	3.5310e-01	6.4673e-01	1.7008e-04	1.1327e-11	1.4005e-02	8.9568e-01	9.0310e-02	8.1181e-07	2.8334e-01	7.1502e-01	1.6418e-03	1.1755e-36	1.1755e-36	1.1755e-36	1.3006e-18	0.00e+00	0.00e+00	6.8527e+00
1.56013e+18	6.4428e+03	2.949e-22	1.0000e+01	8.0353e+00	2.2149e-08	2.5154e-01	7.4846e-01	3.6174e-01	6.3809e-01	1.6617e-04	1.2894e-11	1.3966e-02	8.9877e-01	8.7265e-02	7.3937e-07	2.9587e-01	7.0263e-01	1.5042e-03	1.1755e-36	1.1755e-36	1.1755e-36	1.5944e-18	0.00e+00	0.00e+00	7.1015e+00
1.57535e+18	6.4290e+03	2.895e-22	1.0000e+01	7.8985e+00	2.5296e-08	2.6459e-01	7.3541e-01	3.7132e-01	6.2852e-01	1.6208e-04	1.4937e-11	1.3907e-02	9.0207e-01	8.4021e-02	6.6709e-07	3.1036e-01	6.8827e-01	1.3654e-03	1.1755e-36	1.1755e-36	1.1755e-36	2.0167e-18	0.00e+00	0.00e+00	7.3485e+00
1.58868e+18	6.4192e+03	2.844e-22	1.0000e+01	7.7749e+00	2.8407e-08	2.7664e-01	7.2336e-01	3.7975e-01	6.2009e-01	1.5878e-04	1.7032e-11	1.3840e-02	9.0491e-01	8.1251e-02	6.0910e-07	3.2367e-01	6.7508e-01	1.2518e-03	1.1755e-36	1.1755e-36	1.1755e-36	2.4900e-18	0.00e+00	0.00e+00	7.5560e+00
1.60004e+18	6.4041e+03	2.800e-22	1.0000e+01	7.6761e+00	3.1697e-08	2.8790e-01	7.1210e-01	3.8767e-01	6.1218e-01	1.5558e-04	1.9252e-11	1.3795e-02	9.0747e-01	7.8731e-02	5.6066e-07	3.3602e-01	6.6282e-01	1.1575e-03	1.1755e-36	1.1755e-36	1.1755e-36	3.0365e-18	0.00e+00	0.00e+00	7.7532e+00
1.61069e+18	6.4043e+03	2.745e-22	1.0000e+01	7.5470e+00	3.4412e-08	2.9762e-01	7.0238e-01	3.9419e-01	6.0566e-01	1.5350e-04	2.1211e-11	1.3671e-02	9.0954e-01	7.6784e-02	5.2289e-07	3.4664e-01	6.5228e-01	1.0792e-03	1.1755e-36	1.1755e-36	1.1755e-36	3.5478e-18	0.00e+00	0.00e+00	7.9496e+00
1.62254e+18	6.3939e+03	2.685e-22	1.0000e+01	7.4175e+00	3.8312e-08	3.0968e-01	6.9032e-01	4.0250e-01	5.9735e-01	1.5056e-04	2.3991e-11	1.3562e-02	9.1211e-01	7.4328e-02	4.7994e-07	3.5975e-01	6.3926e-01	9.9262e-04	1.1755e-36	1.1755e-36	1.1755e-36	4.3322e-18	0.00e+00	0.00e+00	8.2086e+00
1.63567e+18	6.3633e+03	2.621e-22	1.0000e+01	7.2689e+00	4.4027e-08	3.2403e-01	6.7597e-01	4.1199e-01	5.8786e-01	1.4726e-04	2.7807e-11	1.3433e-02	9.1495e-01	7.1615e-02	4.3562e-07	3.7526e-01	6.2383e-01	9.0323e-04	1.1755e-36	1.1755e-36	1.1755e-36	5.5367e-18	0.00e+00	0.00e+00	8.4749e+00
1.64719e+18	6.3438e+03	2.560e-22	1.0000e+01	7.1330e+00	4.9400e-08	3.3692e-01	6.6308e-01	4.2005e-01	5.7981e-01	1.4475e-04	3.1592e-11	1.3297e-02	9.1731e-01	6.9388e-02	4.0079e-07	3.8910e-01	6.1007e-01	8.3092e-04	1.1755e-36	1.1755e-36	1.1755e-36	6.8481e-18	0.00e+00	0.00e+00	8.6882e+00
1.65681e+18	6.3146e+03	2.512e-22	1.0000e+01	7.0306e+00	5.5347e-08	3.4892e-01	6.5108e-01	4.2770e-01	5.7216e-01	1.4213e-04	3.5712e-11	1.3209e-02	9.1948e-01	6.7307e-02	3.7128e-07	4.0192e-01	5.9731e-01	7.7113e-04	1.1755e-36	1.1755e-36	1.1755e-36	8.4205e-18	0.00e+00	0.00e+00	8.8912e+00
1.66571e+18	6.3103e+03	2.453e-22	1.0000e+01	6.9022e+00	5.9673e-08	3.5868e-01	6.4132e-01	4.3348e-01	5.6638e-01	1.4082e-04	3.9036e-11	1.3045e-02	9.2114e-01	6.5812e-02	3.4930e-07	4.1226e-01	5.8701e-01	7.2296e-04	1.1755e-36	1.1755e-36	1.1755e-36	9.7613e-18	0.00e+00	0.00e+00	9.0855e+00
1.67558e+18	6.2855e+03	2.393e-22	1.0000e+01	6.7725e+00	6.6515e-08	3.7092e-01	6.2908e-01	4.4119e-01	5.5867e-01	1.3856e-04	4.3992e-11	1.2895e-02	9.2326e-01	6.3847e-02	3.2357e-07	4.2520e-01	5.7413e-01	6.6914e-04	1.1755e-36	1.1755e-36	1.1755e-36	1.1947e-17	0.00e+00	0.00e+00	9.3467e+00
1.68657e+18	6.2479e+03	2.326e-22	1.0000e+01	6.6248e+00	7.5860e-08	3.8518e-01	6.1482e-01	4.4970e-01	5.5017e-01	1.3618e-04	5.0624e-11	1.2720e-02	9.2555e-01	6.1725e-02	2.9716e-07	4.4020e-01	5.5919e-01	6.1345e-04	1.1755e-36	1.1755e-36	1.1755e-36	1.5213e-17	0.00e+00	0.00e+00	9.6104e+00
1.69639e+18	6.2163e+03	2.264e-22	1.0000e+01	6.4902e+00	8.5183e-08	3.9825e-01	6.0175e-01	4.5717e-01	5.4270e-01	1.3424e-04	5.7463e-11	1.2551e-02	9.2753e-01	5.9914e-02	2.7559e-07	4.5384e-01	5.4559e-01	5.6712e-04	1.1755e-36	1.1755e-36	1.1755e-36	1.8938e-17	0.00e+00	0.00e+00	9.8317e+00
1.70481e+18	6.1931e+03	2.207e-22	1.0000e+01	6.3697e+00	9.3686e-08	4.0950e-01	5.9050e-01	4.6355e-01	5.3632e-01	1.3273e-04	6.3960e-11	1.2390e-02	9.2920e-01	5.8408e-02	2.5841e-07	4.6552e-01	5.3395e-01	5.2974e-04	1.1755e-36	1.1755e-36	1.1755e-36	2.2783e-17	0.00e+00	0.00e+00	1.0040e+01
1.71326e+18	6.1532e+03	2.153e-22	1.0000e+01	6.2511e+00	1.0505e-07	4.2171e-01	5.7829e-01	4.7073e-01	5.2914e-01	1.3077e-04	7.2328e-11	1.2237e-02	9.3100e-01	5.6758e-02	2.4110e-07	4.7814e-01	5.2137e-01	4.9308e-04	1.1755e-36	1.1755e-36	1.1755e-36	2.8259e-17	0.00e+00	0.00e+00	1.0275e+01
1.72179e+18	6.1314e+03	2.092e-22	1.0000e+01	6.1194e+00	1.1536e-07	4.3324e-01	5.6676e-01	4.7700e-01	5.2287e-01	1.2953e-04	8.0575e-11	1.2047e-02	9.3261e-01	5.5342e-02	2.2616e-07	4.8998e-01	5.0956e-01	4.5978e-04	1.1755e-36	1.1755e-36	1.1755e-36	3.4090e-17	0.00e+00	0.00e+00	1.0499e+01
1.73046e+18	6.0916e+03	2.031e-22	1.0000e+01	5.9871e+00	1.2945e-07	4.4589e-01	5.5411e-01	4.8416e-01	5.1571e-01	1.2783e-04	9.1436e-11	1.1861e-02	9.3437e-01	5.3768e-02	2.1090e-07	5.0291e-01	4.9666e-01	4.2678e-04	1.1755e-36	1.1755e-36	1.1755e-36	4.2607e-17	0.00e+00	0.00e+00	1.0757e+01
1.73925e+18	6.0501e+03	1.970e-22	1.0000e+01	5.8526e+00	1.4572e-07	4.5899e-01	5.4101e-01	4.9126e-01	5.0862e-01	1.2626e-04	1.0427e-10	1.1667e-02	9.3610e-01	5.2236e-02	1.9664e-07	5.1621e-01	4.8339e-01	3.9553e-04	1.1755e-36	1.1755e-36	1.1755e-36	5.3793e-17	0.00e+00	0.00e+00	1.1001e+01
1.74723e+18	6.0119e+03	1.914e-22	1.0000e+01	5.7310e+00	1.6246e-07	4.7115e-01	5.2885e-01	4.9777e-01	5.0211e-01	1.2485e-04	1.1791e-10	1.1487e-02	9.3765e-01	5.0862e-02	1.8443e-07	5.2850e-01	4.7114e-01	3.6869e-04	1.1755e-36	1.1755e-36	1.1755e-36	6.6918e-17	0.00e+00	0.00e+00	1.1226e+01
1.75466e+18	5.9838e+03	1.858e-22	1.0000e+01	5.6085e+00	1.7799e-07	4.8199e-01	5.1801e-01	5.0343e-01	4.9645e-01	1.2390e-04	1.3113e-10	1.1296e-02	9.3901e-01	4.9690e-02	1.7420e-07	5.3938e-01	4.6027e-01	3.4565e-04	1.1755e-36	1.1755e-36	1.1755e-36	8.0792e-17	0.00e+00	0.00e+00	1.1448e+01
1.76251e+18	5.9379e+03	1.801e-22	1.0000e+01	5.4812e+00	1.9967e-07	4.9421e-01	5.0579e-01	5.1009e-01	4.8978e-01	1.2250e-04	1.4921e-10	1.1101e-02	9.4055e-01	4.8344e-02	1.6335e-07	5.5161e-01	4.4807e-01	3.2198e-04	1.1755e-36	1.1755e-36	1.1755e-36	1.0183e-16	0.00e+00	0.00e+00	1.1710e+01
1.77057e+18	5.8945e+03	1.742e-22	1.0000e+01	5.3502e+00	2.2378e-07	5.0675e-01	4.9325e-01	5.1657e-01	4.8331e-01	1.2131e-04	1.7017e-10	1.0894e-02	9.4205e-01	4.7054e-02	1.5321e-07	5.6407e-01	4.3563e-01	2.9941e-04	1.1755e-36	1.1755e-36	1.1755e-36	1.2892e-16	0.00e+00	0.00e+00	1.1957e+01
1.77802e+18	5.8477e+03	1.689e-22	1.0000e+01	5.2283e+00	2.5053e-07	5.1863e-01	4.8137e-01	5.2272e-01	4.7716e-01	1.2015e-04	1.9370e-10	1.0701e-02	9.4344e-01	4.5857e-02	1.4428e-07	5.7583e-01	4.2389e-01	2.7963e-04	1.1755e-36	1.1755e-36	1.1755e-36	1.6285e-16	0.00e+00	0.00e+00	1.2192e+01
1.78496e+18	5.8109e+03	1.638e-22	1.0000e+01	5.1129e+00	2.7607e-07	5.2945e-01	4.7055e-01	5.2821e-01	4.7167e-01	1.1927e-04	2.1741e-10	1.0512e-02	9.4468e-01	4.4803e-02	1.3660e-07	5.8647e-01	4.1327e-01	2.6240e-04	1.1755e-36	1.1755e-36	1.1755e-36	2.0038e-16	0.00e+00	0.00e+00	1.2417e+01
1.79195e+18	5.7600e+03	1.587e-22	1.0000e+01	4.9958e+00	3.0917e-07	5.4080e-01	4.5920e-01	5.3418e-01	4.6570e-01	1.1815e-04	2.4781e-10	1.0322e-02	9.4599e-01	4.3685e-02	1.2898e-07	5.9759e-01	4.0216e-01	2.4571e-04	1.1755e-36	1.1755e-36	1.1755e-36	2.5399e-16	0.00e+00	0.00e+00	1.2664e+01
1.79896e+18	5.7115e+03	1.537e-22	1.0000e+01	4.8814e+00	3.4570e-07	5.5230e-01	4.4770e-01	5.4009e-01	4.5979e-01	1.1706e-04	2.8299e-10	1.0134e-02	9.4727e-01	4.2599e-02	1.1755e-36	6.0880e-01	3.9097e-01	2.2987e-04	1.1755e-36	1.1755e-36	1.1755e-36	3.2285e-16	0.00e+00	0.00e+00	1.2901e+01
1.80556e+18	5.6745e+03	1.488e-22	1.0000e+01	4.7679e+00	3.7949e-07	5.6251e-01	4.3749e-01	5.4514e-01	4.5475e-01	1.1644e-04	3.1727e-10	9.9396e-03	9.4838e-01	4.1676e-02	1.1755e-36	6.1870e-01	3.8109e-01	2.1618e-04	1.1755e-36	1.1755e-36	1.1755e-36	3.9669e-16	0.00e+00	0.00e+00	1.3129e+01
1.81237e+18	5.6229e+03	1.439e-22	1.0000e+01	4.6519e+00	4.2451e-07	5.7355e-01	4.2645e-01	5.5086e-01	4.4902e-01	1.1551e-04	3.6289e-10	9.7435e-03	9.4960e-01	4.0655e-02	1.1755e-36	6.2934e-01	3.7046e-01	2.0251e-04	1.1755e-36	1.1755e-36	1.1755e-36	5.0603e-16	0.00e+00	0.00e+00	1.3390e+01
1.81937e+18	5.5721e+03	1.390e-22	1.0000e+01	4.5340e+00	4.7506e-07	5.8483e-01	4.1517e-01	5.5649e-01	4.4339e-01	1.1469e-04	4.1642e-10	9.5409e-03	9.5080e-01	3.9663e-02	1.1755e-36	6.4016e-01	3.5965e-01	1.8937e-04	1.1755e-36	1.1755e-36	1.1755e-36	6.4925e-16	0.00e+00	0.00e+00	1.3641e+01
1.82596e+18	5.5216e+03	1.344e-22	1.0000e+01	4.4230e+00	5.2964e-07	5.9546e-01	4.0454e-01	5.6181e-01	4.3808e-01	1.1392e-04	4.7606e-10	9.3488e-03	9.5191e-01	3.8744e-02	1.1755e-36	6.5033e-01	3.4949e-01	1.7770e-04	1.1755e-36	1.1755e-36	1.1755e-36	8.2752e-16	0.00e+00	0.00e+00	1.3881e+01
1.83225e+18	5.4618e+03	1.301e-22	1.0000e+01	4.3203e+00	5.9609e-07	6.0610e-01	3.9389e-01	5.6736e-01	4.3252e-01	1.1288e-04	5.4991e-10	9.1738e-03	9.5301e-01	3.7818e-02	1.1755e-36	6.6046e-01	3.3937e-01	1.6691e-04	1.1755e-36	1.1755e-36	1.1755e-36	1.0754e-15	0.00e+00	0.00e+00	1.4118e+01
1.83813e+18	5.4205e+03	1.261e-22	1.0000e+01	4.2202e+00	6.5318e-07	6.1524e-01	3.8476e-01	5.7178e-01	4.2810e-01	1.1243e-04	6.1776e-10	8.9953e-03	9.5393e-01	3.7070e-02	1.1755e-36	6.6910e-01	3.3074e-01	1.5774e-04	1.1755e-36	1.1755e-36	1.1755e-36	1.3272e-15	0.00e+00	0.00e+00	1.4334e+01
1.84409e+18	5.3641e+03	1.220e-22	1.0000e+01	4.1180e+00	7.2865e-07	6.2483e-01	3.7517e-01	5.7680e-01	4.2309e-01	1.1168e-04	7.0748e-10	8.8157e-03	9.5494e-01	3.6249e-02	1.1755e-36	6.7816e-01	3.2169e-01	1.4872e-04	1.1755e-36	1.1755e-36	1.1755e-36	1.6974e-15	0.00e+00	0.00e+00	1.4585e+01
1.85034e+18	5.3067e+03	1.179e-22	1.0000e+01	4.0167e+00	8.1646e-07	6.3504e-01	3.6496e-01	5.8206e-01	4.1783e-01	1.1084e-04	8.1740e-10	8.6366e-03	9.5596e-01	3.5405e-02	1.1755e-36	6.8775e-01	3.1211e-01	1.3969e-04	1.1755e-36	1.1755e-36	1.1755e-36	2.2043e-15	0.00e+00	0.00e+00	1.4831e+01
1.85626e+18	5.2543e+03	1.141e-22	1.0000e+01	3.9177e+00	9.0578e-07	6.4434e-01	3.5566e-01	5.8671e-01	4.1318e-01	1.1028e-04	9.3366e-10	8.4584e-03	9.5688e-01	3.4662e-02	1.1755e-36	6.9645e-01	3.0342e-01	1.3177e-04	1.1755e-36	1.1755e-36	1.1755e-36	2.8043e-15	0.00e+00	0.00e+00	1.5063e+01
1.86201e+18	5.2015e+03	1.104e-22	1.0000e+01	3.8230e+00	1.0038e-06	6.5336e-01	3.4664e-01	5.9136e-01	4.0853e-01	1.0967e-04	1.0662e-09	8.2876e-03	9.5778e-01	3.3935e-02	1.1755e-36	7.0485e-01	2.9502e-01	1.2442e-04	1.1755e-36	1.1755e-36	1.1755e-36	3.5643e-15	0.00e+00	0.00e+00	1.5302e+01
1.86787e+18	5.1482e+03	1.067e-22	1.0000e+01	3.7270e+00	1.1129e-06	6.6240e-01	3.3760e-01	5.9603e-01	4.0386e-01	1.0910e-04	1.2202e-09	8.1132e-03	9.5867e-01	3.3214e-02	1.1755e-36	7.1324e-01	2.8665e-01	1.1734e-04	1.1755e-36	1.1755e-36	1.1755e-36	4.5457e-15	0.00e+00	0.00e+00	1.5550e+01
1.87386e+18	5.0871e+03	1.030e-22	1.0000e+01	3.6272e+00	1.2446e-06	6.7157e-01	3.2842e-01	6.0077e-01	3.9912e-01	1.0853e-04	1.4105e-09	7.9311e-03	9.5957e-01	3.2496e-02	1.1755e-36	7.2172e-01	2.7817e-01	1.1055e-04	1.1755e-36	1.1755e-36	1.1755e-36	5.9071e-15	0.00e+00	0.00e+00	1.5806e+01
1.87974e+18	5.0337e+03	9.942e-23	1.0000e+01	3.5345e+00	1.3785e-06	6.8049e-01	3.1951e-01	6.0536e-01	3.9454e-01	1.0800e-04	1.6170e-09	7.7602e-03	9.6043e-01	3.1809e-02	1.1755e-36	7.2991e-01	2.6999e-01	1.0419e-04	1.1755e-36	1.1755e-36	1.1755e-36	7.5521e-15	0.00e+00	0.00e+00	1.6052e+01
1.88554e+18	4.9704e+03	9.603e-23	1.0000e+01	3.4439e+00	1.5422e-06	6.8948e-01	3.1052e-01	6.1026e-01	3.8964e-01	1.0722e-04	1.8474e-09	7.5959e-03	9.6132e-01	3.1081e-02	1.1755e-36	7.3816e-01	2.6174e-01	9.8175e-05	1.1755e-36	1.1755e-36	1.1755e-36	9.6152e-15	0.00e+00	0.00e+00	1.6308e+01
1.89126e+18	4.9085e+03	9.276e-23	1.0000e+01	3.3539e+00	1.7173e-06	6.9807e-01	3.0193e-01	6.1480e-01	3.8509e-01	1.0662e-04	2.0634e-09	7.4310e-03	9.6219e-01	3.0382e-02	1.1755e-36	7.4601e-01	2.5390e-01	9.2656e-05	1.1755e-36	1.1755e-36	1.1755e-36	1.1782e-14	0.00e+00	0.00e+00	1.6552e+01
1.89675e+18	4.8473e+03	8.969e-23	1.0000e+01	3.2685e+00	1.9050e-06	7.0623e-01	2.9377e-01	6.1921e-01	3.8068e-01	1.0602e-04	2.2941e-09	7.2741e-03	9.6301e-01	2.9713e-02	1.1755e-36	7.5344e-01	2.4647e-01	8.7622e-05	1.1755e-36	1.1755e-36	1.1755e-36	1.4316e-14	0.00e+00	0.00e+00	1.6795e+01
1.90222e+18	4.7848e+03	8.669e-23	1.0000e+01	3.1843e+00	2.1123e-06	7.1427e-01	2.8572e-01	6.2365e-01	3.7625e-01	1.0540e-04	2.5480e-09	7.1192e-03	9.6383e-01	2.9049e-02	1.1755e-36	7.6074e-01	2.3918e-01	8.2851e-05	1.1755e-36	1.1755e-36	1.1755e-36	1.7359e-14	0.00e+00	0.00e+00	1.7044e+01
1.90779e+18	4.7153e+03	8.372e-23	1.0000e+01	3.0979e+00	2.3557e-06	7.2236e-01	2.7764e-01	6.2816e-01	3.7173e-01	1.0475e-04	2.8363e-09	6.9607e-03	9.6466e-01	2.8382e-02	1.1755e-36	7.6806e-01	2.3186e-01	7.8277e-05	1.1755e-36	1.1755e-36	1.1755e-36	2.1152e-14	0.00e+00	0.00e+00	1.7300e+01
1.91333e+18	4.6503e+03	8.086e-23	1.0000e+01	3.0168e+00	2.6095e-06	7.3034e-01	2.6966e-01	6.3267e-01	3.6722e-01	1.0406e-04	3.1453e-09	6.8114e-03	9.6546e-01	2.7728e-02	1.1755e-36	7.7525e-01	2.2468e-01	7.3931e-05	1.1755e-36	1.1755e-36	1.1755e-36	2.5565e-14	0.00e+00	0.00e+00	1.7551e+01
1.91884e+18	4.5829e+03	7.807e-23	1.0000e+01	2.9355e+00	2.8875e-06	7.3811e-01	2.6188e-01	6.3716e-01	3.6274e-01	1.0339e-04	3.4775e-09	6.6612e-03	9.6625e-01	2.7085e-02	1.1755e-36	7.8223e-01	2.1770e-01	6.9846e-05	1.1755e-36	1.1755e-36	1.1755e-36	3.0725e-14	0.00e+00	0.00e+00	1.7812e+01
1.92455e+18	4.5117e+03	7.527e-23	1.0000e+01	2.8527e+00	3.1994e-06	7.4602e-01	2.5397e-01	6.4180e-01	3.5810e-01	1.0267e-04	3.8460e-09	6.5085e-03	9.6706e-01	2.6430e-02	1.1755e-36	7.8931e-01	2.1062e-01	6.5849e-05	1.1755e-36	1.1755e-36	1.1755e-36	3.6935e-14	0.00e+00	0.00e+00	1.8085e+01
1.93043e+18	4.4371e+03	7.246e-23	1.0000e+01	2.7688e+00	3.5445e-06	7.5405e-01	2.4595e-01	6.4657e-01	3.5333e-01	1.0193e-04	4.2490e-09	6.3536e-03	9.6788e-01	2.5766e-02	1.1755e-36	7.9647e-01	2.0347e-01	6.1958e-05	1.1755e-36	1.1755e-36	1.1755e-36	4.4289e-14	0.00e+00	0.00e+00	1.8369e+01
1.93647e+18	4.3607e+03	6.966e-23	1.0000e+01	2.6827e+00	3.9117e-06	7.6197e-01	2.3802e-01	6.5129e-01	3.4861e-01	1.0127e-04	4.6703e-09	6.1935e-03	9.6869e-01	2.5112e-02	1.1755e-36	8.0352e-01	1.9642e-01	5.8236e-05	1.1755e-36	1.1755e-36	1.1755e-36	5.2582e-14	0.00e+00	0.00e+00	1.8664e+01
1.94280e+18	4.2814e+03	6.682e-23	1.0000e+01	2.5957e+00	4.3085e-06	7.7012e-01	2.2988e-01	6.5629e-01	3.4361e-01	1.0053e-04	5.1241e-09	6.0317e-03	9.6953e-01	2.4433e-02	1.1755e-36	8.1074e-01	1.8920e-01	5.4551e-05	1.1755e-36	1.1755e-36	1.1755e-36	6.2127e-14	0.00e+00	0.00e+00	1.8981e+01
1.94960e+18	4.1894e+03	6.390e-23	1.0000e+01	2.5055e+00	4.7744e-06	7.7896e-01	2.2103e-01	6.6199e-01	3.3791e-01	9.9474e-05	5.6377e-09	5.8673e-03	9.7044e-01	2.3688e-02	1.1755e-36	8.1855e-01	1.8140e-01	5.0776e-05	1.1755e-36	1.1755e-36	1.1755e-36	7.3671e-14	0.00e+00	0.00e+00	1.9329e+01
1.95672e+18	4.0931e+03	6.095e-23	1.0000e+01	2.4114e+00	5.2543e-06	7.8785e-01	2.1214e-01	6.6763e-01	3.3227e-01	9.8546e-05	6.1448e-09	5.6947e-03	9.7135e-01	2.2954e-02	1.1755e-36	8.2637e-01	1.7358e-01	4.7140e-05	1.1755e-36	1.1755e-36	1.1755e-36	8.5776e-14	0.00e+00	0.00e+00	1.9686e+01
1.96382e+18	3.9974e+03	5.812e-23	1.0000e+01	2.3193e+00	5.7178e-06	7.9658e-01	2.0341e-01	6.7308e-01	3.2683e-01	9.7700e-05	6.6185e-09	5.5263e-03	9.7222e-01	2.2253e-02	1.1755e-36	8.3402e-01	1.6594e-01	4.3737e-05	1.1755e-36	1.1755e-36	1.1755e-36	9.7606e-14	0.00e+00	0.00e+00	2.0039e+01
###########################
4.05215e+14	6.4424e+03	3.554e-22	1.0000e+01	1.0514e+01	1.7937e-10	2.9240e-02	9.7076e-01	9.3183e-02	9.0581e-01	1.0048e-03	6.2624e-14	5.6507e-03	6.5241e-01	3.4190e-01	4.2246e-05	3.3893e-02	9.2041e-01	4.5689e-02	3.4418e-06	1.1755e-36	1.1755e-36	7.5426e-22	0.00e+00	0.00e+00	1.4964e-03
2.43129e+15	6.4333e+03	3.543e-22	1.0000e+01	1.0495e+01	1.7999e-10	2.9173e-02	9.7083e-01	9.3143e-02	9.0585e-01	1.0049e-03	6.2209e-14	5.6256e-03	6.5234e-01	3.4199e-01	4.2365e-05	3.3816e-02	9.2039e-01	4.5792e-02	3.4476e-06	1.1755e-36	1.1755e-36	7.4593e-22	0.00e+00	0.00e+00	7.4686e-03
1.05356e+16	6.4102e+03	3.525e-22	1.0000e+01	1.0492e+01	1.8396e-10	2.9194e-02	9.7081e-01	9.3578e-02	9.0543e-01	9.9701e-04	6.2432e-14	5.6334e-03	6.5353e-01	3.4080e-01	4.2023e-05	3.3854e-02	9.2047e-01	4.5677e-02	3.3988e-06	1.1755e-36	1.1755e-36	7.4608e-22	0.00e+00	0.00e+00	3.1375e-02
4.29528e+16	6.3412e+03	3.483e-22	1.0000e+01	1.0487e+01	2.0105e-10	2.9572e-02	9.7043e-01	9.5509e-02	9.0353e-01	9.6172e-04	6.4766e-14	5.7227e-03	6.5858e-01	3.3566e-01	4.0406e-05	3.4357e-02	9.2090e-01	4.4739e-02	3.1498e-06	1.1755e-36	1.1755e-36	7.7323e-22	0.00e+00	0.00e+00	1.2823e-01
1.02600e+17	6.1082e+03	3.344e-22	1.0000e+01	1.0488e+01	2.4243e-10	2.9301e-02	9.7070e-01	9.8437e-02	9.0064e-01	9.1773e-04	6.4368e-14	5.7632e-03	6.6649e-01	3.2771e-01	3.8828e-05	3.4129e-02	9.2136e-01	4.4510e-02	2.9585e-06	1.1755e-36	1.1755e-36	7.3698e-22	0.00e+00	0.00e+00	2.5300e-01
1.60472e+17	5.8979e+03	3.232e-22	1.0000e+01	1.0487e+01	2.8907e-10	2.9061e-02	9.7094e-01	1.0091e-01	8.9820e-01	8.8069e-04	6.3875e-14	5.7870e-03	6.7312e-01	3.2105e-01	3.7489e-05	3.3928e-02	9.2179e-01	4.4282e-02	2.8015e-06	1.1755e-36	1.1755e-36	7.0608e-22	0.00e+00	0.00e+00	3.4167e-01
2.04850e+17	5.7920e+03	3.181e-22	1.0000e+01	1.0483e+01	3.2584e-10	2.9312e-02	9.7069e-01	1.0300e-01	8.9615e-01	8.4784e-04	6.5583e-14	5.8612e-03	6.7837e-01	3.1574e-01	3.6040e-05	3.4293e-02	9.2228e-01	4.3420e-02	2.6034e-06	1.1755e-36	1.1755e-36	7.2068e-22	0.00e+00	0.00e+00	4.1653e-01
2.51359e+17	5.7256e+03	3.155e-22	1.0000e+01	1.0476e+01	3.6655e-10	3.0021e-02	9.6998e-01	1.0567e-01	8.9352e-01	8.0786e-04	6.9762e-14	6.0009e-03	6.8457e-01	3.0939e-01	3.4065e-05	3.5214e-02	9.2293e-01	4.1850e-02	2.3291e-06	1.1755e-36	1.1755e-36	7.7654e-22	0.00e+00	0.00e+00	5.1620e-01
3.11819e+17	5.6579e+03	3.129e-22	1.0000e+01	1.0460e+01	4.2466e-10	3.1120e-02	9.6888e-01	1.0931e-01	8.8993e-01	7.5753e-04	7.6370e-14	6.2024e-03	6.9263e-01	3.0113e-01	3.1522e-05	3.6624e-02	9.2370e-01	3.9672e-02	1.9946e-06	1.1755e-36	1.1755e-36	8.7073e-22	0.00e+00	0.00e+00	6.5052e-01
3.90418e+17	5.5943e+03	3.111e-22	1.0000e+01	1.0441e+01	5.1126e-10	3.2871e-02	9.6713e-01	1.1449e-01	8.8481e-01	6.9502e-04	8.7518e-14	6.5058e-03	7.0338e-01	2.9008e-01	2.8251e-05	3.8851e-02	9.2449e-01	3.6658e-02	1.6023e-06	1.1755e-36	1.1755e-36	1.0420e-21	0.00e+00	0.00e+00	8.3496e-01
4.92597e+17	5.5469e+03	3.101e-22	1.0000e+01	1.0409e+01	6.4427e-10	3.5692e-02	9.6431e-01	1.2196e-01	8.7742e-01	6.1975e-04	1.0710e-13	6.9592e-03	7.1759e-01	2.7543e-01	2.4194e-05	4.2410e-02	9.2498e-01	3.2604e-02	1.1748e-06	1.1755e-36	1.1755e-36	1.3708e-21	0.00e+00	0.00e+00	1.0953e+00
6.16580e+17	5.5335e+03	3.104e-22	1.0000e+01	1.0352e+01	8.3954e-10	3.9963e-02	9.6004e-01	1.3205e-01	8.6741e-01	5.3941e-04	1.4065e-13	7.5830e-03	7.3472e-01	2.5768e-01	1.9744e-05	4.7763e-02	9.2448e-01	2.7757e-02	7.8231e-07	1.1755e-36	1.1755e-36	2.0023e-21	0.00e+00	0.00e+00	1.4296e+00
7.50788e+17	5.5735e+03	3.128e-22	1.0000e+01	1.0279e+01	1.1087e-09	4.6164e-02	9.5384e-01	1.4492e-01	8.5461e-01	4.6378e-04	1.9835e-13	8.3823e-03	7.5381e-01	2.3779e-01	1.5387e-05	5.5474e-02	9.2193e-01	2.2599e-02	4.7819e-07	1.1755e-36	1.1755e-36	3.2586e-21	0.00e+00	0.00e+00	1.8259e+00
8.81508e+17	5.6734e+03	3.168e-22	1.0000e+01	1.0182e+01	1.4436e-09	5.4471e-02	9.4553e-01	1.6001e-01	8.3959e-01	4.0045e-04	2.9286e-13	9.2919e-03	7.7303e-01	2.1767e-01	1.1635e-05	6.5728e-02	9.1648e-01	1.7794e-02	2.7788e-07	1.1755e-36	1.1755e-36	5.6933e-21	0.00e+00	0.00e+00	2.2576e+00
9.99736e+17	5.7907e+03	3.220e-22	1.0000e+01	1.0061e+01	1.9023e-09	6.5104e-02	9.3490e-01	1.7721e-01	8.2244e-01	3.4912e-04	4.4544e-13	1.0243e-02	7.9176e-01	1.9799e-01	8.6217e-06	7.8760e-02	9.0751e-01	1.3727e-02	1.5818e-07	1.1755e-36	1.1755e-36	1.0426e-20	0.00e+00	0.00e+00	2.7138e+00
1.10418e+18	5.9264e+03	3.267e-22	1.0000e+01	9.9149e+00	2.4914e-09	7.8107e-02	9.2189e-01	1.9596e-01	8.0373e-01	3.0863e-04	6.8367e-13	1.1162e-02	8.0929e-01	1.7954e-01	6.3287e-06	9.4577e-02	8.9496e-01	1.0467e-02	1.1755e-36	1.1755e-36	1.1755e-36	1.9402e-20	0.00e+00	0.00e+00	3.1967e+00
1.19827e+18	6.0585e+03	3.301e-22	1.0000e+01	9.7362e+00	3.3264e-09	9.4183e-02	9.0582e-01	2.1702e-01	7.8271e-01	2.7467e-04	1.0657e-12	1.2025e-02	8.2614e-01	1.6183e-01	4.5771e-06	1.1397e-01	8.7816e-01	7.8703e-03	1.1755e-36	1.1755e-36	1.1755e-36	3.7046e-20	0.00e+00	0.00e+00	3.7337e+00
1.28402e+18	6.1826e+03	3.314e-22	1.0000e+01	9.5163e+00	4.5504e-09	1.1416e-01	8.8584e-01	2.4055e-01	7.5921e-01	2.4601e-04	1.6907e-12	1.2791e-02	8.4227e-01	1.4493e-01	3.2588e-06	1.3785e-01	8.5632e-01	5.8271e-03	1.1755e-36	1.1755e-36	1.1755e-36	7.2913e-20	0.00e+00	0.00e+00	4.3192e+00
1.35935e+18	6.2872e+03	3.298e-22	1.0000e+01	9.2566e+00	6.3251e-09	1.3789e-01	8.6211e-01	2.6579e-01	7.3399e-01	2.2227e-04	2.6809e-12	1.3391e-02	8.5708e-01	1.2952e-01	2.3182e-06	1.6590e-01	8.2980e-01	4.3011e-03	1.1755e-36	1.1755e-36	1.1755e-36	1.4427e-19	0.00e+00	0.00e+00	4.9238e+00
1.42340e+18	6.3604e+03	3.252e-22	1.0000e+01	8.9800e+00	8.8683e-09	1.6472e-01	8.3528e-01	2.9143e-01	7.0836e-01	2.0325e-04	4.1877e-12	1.3814e-02	8.7028e-01	1.1590e-01	1.6690e-06	1.9723e-01	7.9957e-01	3.2031e-03	1.1755e-36	1.1755e-36	1.1755e-36	2.8162e-19	0.00e+00	0.00e+00	5.5338e+00
1.47804e+18	6.4166e+03	3.163e-22	1.0000e+01	8.6561e+00	1.2207e-08	1.9334e-01	8.0666e-01	3.1694e-01	6.8288e-01	1.8752e-04	6.3156e-12	1.4002e-02	8.8156e-01	1.0444e-01	1.2316e-06	2.3019e-01	7.6739e-01	2.4251e-03	1.1755e-36	1.1755e-36	1.1755e-36	5.2449e-19	0.00e+00	0.00e+00	6.1521e+00
1.51263e+18	6.4366e+03	3.094e-22	1.0000e+01	8.4181e+00	1.5494e-08	2.1582e-01	7.8418e-01	3.3418e-01	6.6564e-01	1.7894e-04	8.4386e-12	1.4043e-02	8.8855e-01	9.7401e-02	1.0038e-06	2.5577e-01	7.4223e-01	2.0032e-03	1.1755e-36	1.1755e-36	1.1755e-36	8.2209e-19	0.00e+00	0.00e+00	6.4045e+00
1.52625e+18	6.4422e+03	3.059e-22	1.0000e+01	8.3141e+00	1.7075e-08	2.2539e-01	7.7461e-01	3.4128e-01	6.5855e-01	1.7574e-04	9.4820e-12	1.4034e-02	8.9132e-01	9.4646e-02	9.2411e-07	2.6657e-01	7.3157e-01	1.8529e-03	1.1755e-36	1.1755e-36	1.1755e-36	9.8623e-19	0.00e+00	0.00e+00	6.5287e+00
1.53533e+18	6.4439e+03	3.031e-22	1.0000e+01	8.2387e+00	1.8252e-08	2.3197e-01	7.6803e-01	3.4640e-01	6.5343e-01	1.7340e-04	1.0259e-11	1.4017e-02	8.9326e-01	9.2719e-02	8.7243e-07	2.7398e-01	7.2426e-01	1.7557e-03	1.1755e-36	1.1755e-36	1.1755e-36	1.1149e-18	0.00e+00	0.00e+00	6.6667e+00
1.54617e+18	6.4466e+03	2.997e-22	1.0000e+01	8.1552e+00	1.9801e-08	2.4032e-01	7.5968e-01	3.5309e-01	6.4674e-01	1.7008e-04	1.1327e-11	1.4005e-02	8.9568e-01	9.0310e-02	8.1182e-07	2.8334e-01	7.1502e-01	1.6418e-03	1.1755e-36	1.1755e-36	1.1755e-36	1.3005e-18	0.00e+00	0.00e+00	6.8527e+00
1.56012e+18	6.4428e+03	2.949e-22	1.0000e+01	8.0353e+00	2.2148e-08	2.5154e-01	7.4846e-01	3.6174e-01	6.3809e-01	1.6617e-04	1.2894e-11	1.3966e-02	8.9877e-01	8.7266e-02	7.3938e-07	2.9587e-01	7.0263e-01	1.5042e-03	1.1755e-36	1.1755e-36	1.1755e-36	1.5943e-18	0.00e+00	0.00e+00	7.1015e+00
1.57535e+18	6.4290e+03	2.895e-22	1.0000e+01	7.8985e+00	2.5296e-08	2.6459e-01	7.3541e-01	3.7132e-01	6.2852e-01	1.6208e-04	1.4937e-11	1.3907e-02	9.0207e-01	8.4021e-02	6.6710e-07	3.1036e-01	6.8827e-01	1.3654e-03	1.1755e-36	1.1755e-36	1.1755e-36	2.0166e-18	0.00e+00	0.00e+00	7.3484e+00
1.58868e+18	6.4192e+03	2.844e-22	1.0000e+01	7.7749e+00	2.8406e-08	2.7664e-01	7.2336e-01	3.7975e-01	6.2009e-01	1.5878e-04	1.7032e-11	1.3840e-02	9.0491e-01	8.1252e-02	6.0911e-07	3.2366e-01	6.7508e-01	1.2518e-03	1.1755e-36	1.1755e-36	1.1755e-36	2.4899e-18	0.00e+00	0.00e+00	7.5559e+00
1.60004e+18	6.4041e+03	2.800e-22	1.0000e+01	7.6761e+00	3.1697e-08	2.8790e-01	7.1210e-01	3.8767e-01	6.1218e-01	1.5558e-04	1.9252e-11	1.3795e-02	9.0747e-01	7.8732e-02	5.6067e-07	3.3602e-01	6.6282e-01	1.1575e-03	1.1755e-36	1.1755e-36	1.1755e-36	3.0364e-18	0.00e+00	0.00e+00	7.7532e+00
1.61069e+18	6.4043e+03	2.745e-22	1.0000e+01	7.5470e+00	3.4412e-08	2.9762e-01	7.0238e-01	3.9419e-01	6.0566e-01	1.5350e-04	2.1210e-11	1.3671e-02	9.0954e-01	7.6784e-02	5.2290e-07	3.4664e-01	6.5228e-01	1.0793e-03	1.1755e-36	1.1755e-36	1.1755e-36	3.5476e-18	0.00e+00	0.00e+00	7.9496e+00
1.62254e+18	6.3939e+03	2.685e-22	1.0000e+01	7.4175e+00	3.8311e-08	3.0968e-01	6.9032e-01	4.0250e-01	5.9735e-01	1.5056e-04	2.3991e-11	1.3562e-02	9.1211e-01	7.4328e-02	4.7994e-07	3.5974e-01	6.3926e-01	9.9263e-04	1.1755e-36	1.1755e-36	1.1755e-36	4.3320e-18	0.00e+00	0.00e+00	8.2086e+00
1.63567e+18	6.3633e+03	2.621e-22	1.0000e+01	7.2689e+00	4.4026e-08	3.2403e-01	6.7597e-01	4.1199e-01	5.8786e-01	1.4726e-04	2.7806e-11	1.3433e-02	9.1495e-01	7.1615e-02	4.3563e-07	3.7526e-01	6.2384e-01	9.0324e-04	1.1755e-36	1.1755e-36	1.1755e-36	5.5364e-18	0.00e+00	0.00e+00	8.4748e+00
1.64719e+18	6.3438e+03	2.560e-22	1.0000e+01	7.1331e+00	4.9399e-08	3.3692e-01	6.6308e-01	4.2004e-01	5.7981e-01	1.4475e-04	3.1591e-11	1.3297e-02	9.1731e-01	6.9389e-02	4.0080e-07	3.8909e-01	6.1008e-01	8.3093e-04	1.1755e-36	1.1755e-36	1.1755e-36	6.8477e-18	0.00e+00	0.00e+00	8.6881e+00
1.65681e+18	6.3146e+03	2.512e-22	1.0000e+01	7.0306e+00	5.5346e-08	3.4892e-01	6.5108e-01	4.2770e-01	5.7216e-01	1.4213e-04	3.5712e-11	1.3209e-02	9.1948e-01	6.7307e-02	3.7128e-07	4.0191e-01	5.9732e-01	7.7114e-04	1.1755e-36	1.1755e-36	1.1755e-36	8.4201e-18	0.00e+00	0.00e+00	8.8912e+00
1.66571e+18	6.3103e+03	2.453e-22	1.0000e+01	6.9022e+00	5.9671e-08	3.5868e-01	6.4132e-01	4.3348e-01	5.6638e-01	1.4082e-04	3.9034e-11	1.3045e-02	9.2114e-01	6.5812e-02	3.4931e-07	4.1226e-01	5.8702e-01	7.2297e-04	1.1755e-36	1.1755e-36	1.1755e-36	9.7608e-18	0.00e+00	0.00e+00	9.0855e+00
1.67557e+18	6.2855e+03	2.393e-22	1.0000e+01	6.7725e+00	6.6513e-08	3.7092e-01	6.2908e-01	4.4119e-01	5.5868e-01	1.3856e-04	4.3990e-11	1.2895e-02	9.2326e-01	6.3848e-02	3.2357e-07	4.2520e-01	5.7413e-01	6.6915e-04	1.1755e-36	1.1755e-36	1.1755e-36	1.1946e-17	0.00e+00	0.00e+00	9.3467e+00
1.68657e+18	6.2479e+03	2.326e-22	1.0000e+01	6.6248e+00	7.5857e-08	3.8518e-01	6.1482e-01	4.4969e-01	5.5017e-01	1.3618e-04	5.0623e-11	1.2720e-02	9.2555e-01	6.1726e-02	2.9716e-07	4.4020e-01	5.5919e-01	6.1346e-04	1.1755e-36	1.1755e-36	1.1755e-36	1.5212e-17	0.00e+00	0.00e+00	9.6103e+00
1.69639e+18	6.2163e+03	2.264e-22	1.0000e+01	6.4902e+00	8.5180e-08	3.9824e-01	6.0176e-01	4.5717e-01	5.4270e-01	1.3425e-04	5.7461e-11	1.2551e-02	9.2753e-01	5.9915e-02	2.7559e-07	4.5384e-01	5.4560e-01	5.6713e-04	1.1755e-36	1.1755e-36	1.1755e-36	1.8937e-17	0.00e+00	0.00e+00	9.8316e+00
1.70481e+18	6.1931e+03	2.207e-22	1.0000e+01	6.3697e+00	9.3683e-08	4.0950e-01	5.9050e-01	4.6354e-01	5.3632e-01	1.3273e-04	6.3958e-11	1.2390e-02	9.2920e-01	5.8408e-02	2.5841e-07	4.6551e-01	5.3396e-01	5.2975e-04	1.1755e-36	1.1755e-36	1.1755e-36	2.2782e-17	0.00e+00	0.00e+00	1.0040e+01
1.71326e+18	6.1532e+03	2.153e-22	1.0000e+01	6.2511e+00	1.0505e-07	4.2170e-01	5.7830e-01	4.7073e-01	5.2914e-01	1.3077e-04	7.2325e-11	1.2237e-02	9.3100e-01	5.6759e-02	2.4111e-07	4.7813e-01	5.2137e-01	4.9309e-04	1.1755e-36	1.1755e-36	1.1755e-36	2.8257e-17	0.00e+00	0.00e+00	1.0275e+01
1.72179e+18	6.1314e+03	2.092e-22	1.0000e+01	6.1194e+00	1.1536e-07	4.3324e-01	5.6676e-01	4.7700e-01	5.2287e-01	1.2953e-04	8.0572e-11	1.2047e-02	9.3261e-01	5.5343e-02	2.2616e-07	4.8997e-01	5.0957e-01	4.5978e-04	1.1755e-36	1.1755e-36	1.1755e-36	3.4087e-17	0.00e+00	0.00e+00	1.0499e+01
1.73046e+18	6.0916e+03	2.031e-22	1.0000e+01	5.9871e+00	1.2945e-07	4.4589e-01	5.5411e-01	4.8416e-01	5.1571e-01	1.2783e-04	9.1433e-11	1.1861e-02	9.3437e-01	5.3768e-02	2.1091e-07	5.0291e-01	4.9667e-01	4.2678e-04	1.1755e-36	1.1755e-36	1.1755e-36	4.2604e-17	0.00e+00	0.00e+00	1.0757e+01
1.73925e+18	6.0501e+03	1.970e-22	1.0000e+01	5.8526e+00	1.4572e-07	4.5899e-01	5.4101e-01	4.9126e-01	5.0862e-01	1.2626e-04	1.0427e-10	1.1667e-02	9.3610e-01	5.2237e-02	1.9664e-07	5.1621e-01	4.8339e-01	3.9554e-04	1.1755e-36	1.1755e-36	1.1755e-36	5.3790e-17	0.00e+00	0.00e+00	1.1001e+01
1.74723e+18	6.0119e+03	1.914e-22	1.0000e+01	5.7310e+00	1.6246e-07	4.7114e-01	5.2886e-01	4.9777e-01	5.0211e-01	1.2485e-04	1.1790e-10	1.1487e-02	9.3765e-01	5.0862e-02	1.8444e-07	5.2849e-01	4.7114e-01	3.6869e-04	1.1755e-36	1.1755e-36	1.1755e-36	6.6914e-17	0.00e+00	0.00e+00	1.1226e+01
1.75466e+18	5.9838e+03	1.858e-22	1.0000e+01	5.6085e+00	1.7798e-07	4.8199e-01	5.1801e-01	5.0342e-01	4.9645e-01	1.2390e-04	1.3113e-10	1.1296e-02	9.3901e-01	4.9690e-02	1.7420e-07	5.3938e-01	4.6027e-01	3.4566e-04	1.1755e-36	1.1755e-36	1.1755e-36	8.0786e-17	0.00e+00	0.00e+00	1.1448e+01
1.76251e+18	5.9379e+03	1.801e-22	1.0000e+01	5.4812e+00	1.9966e-07	4.9421e-01	5.0579e-01	5.1009e-01	4.8979e-01	1.2250e-04	1.4921e-10	1.1101e-02	9.4055e-01	4.8345e-02	1.6336e-07	5.5161e-01	4.4807e-01	3.2198e-04	1.1755e-36	1.1755e-36	1.1755e-36	1.0183e-16	0.00e+00	0.00e+00	1.1710e+01
1.77057e+18	5.8945e+03	1.742e-22	1.0000e+01	5.3502e+00	2.2378e-07	5.0674e-01	4.9326e-01	5.1657e-01	4.8331e-01	1.2131e-04	1.7017e-10	1.0894e-02	9.4205e-01	4.7055e-02	1.5322e-07	5.6407e-01	4.3563e-01	2.9941e-04	1.1755e-36	1.1755e-36	1.1755e-36	1.2891e-16	0.00e+00	0.00e+00	1.1957e+01
1.77802e+18	5.8477e+03	1.689e-22	1.0000e+01	5.2284e+00	2.5052e-07	5.1863e-01	4.8137e-01	5.2272e-01	4.7716e-01	1.2015e-04	1.9369e-10	1.0701e-02	9.4344e-01	4.5857e-02	1.4428e-07	5.7583e-01	4.2389e-01	2.7963e-04	1.1755e-36	1.1755e-36	1.1755e-36	1.6284e-16	0.00e+00	0.00e+00	1.2192e+01
1.78496e+18	5.8109e+03	1.638e-22	1.0000e+01	5.1130e+00	2.7606e-07	5.2945e-01	4.7055e-01	5.2821e-01	4.7167e-01	1.1927e-04	2.1740e-10	1.0512e-02	9.4468e-01	4.4803e-02	1.3660e-07	5.8647e-01	4.1327e-01	2.6240e-04	1.1755e-36	1.1755e-36	1.1755e-36	2.0036e-16	0.00e+00	0.00e+00	1.2416e+01
1.79195e+18	5.7601e+03	1.587e-22	1.0000e+01	4.9958e+00	3.0917e-07	5.4080e-01	4.5920e-01	5.3418e-01	4.6570e-01	1.1815e-04	2.4781e-10	1.0322e-02	9.4599e-01	4.3685e-02	1.2898e-07	5.9759e-01	4.0216e-01	2.4571e-04	1.1755e-36	1.1755e-36	1.1755e-36	2.5398e-16	0.00e+00	0.00e+00	1.2664e+01
1.79896e+18	5.7115e+03	1.537e-22	1.0000e+01	4.8814e+00	3.4569e-07	5.5230e-01	4.4770e-01	5.4009e-01	4.5979e-01	1.1706e-04	2.8298e-10	1.0134e-02	9.4727e-01	4.2599e-02	1.1755e-36	6.0880e-01	3.9097e-01	2.2987e-04	1.1755e-36	1.1755e-36	1.1755e-36	3.2284e-16	0.00e+00	0.00e+00	1.2901e+01
1.80556e+18	5.6746e+03	1.488e-22	1.0000e+01	4.7679e+00	3.7945e-07	5.6251e-01	4.3749e-01	5.4513e-01	4.5475e-01	1.1644e-04	3.1723e-10	9.9396e-03	9.4838e-01	4.1677e-02	1.1755e-36	6.1869e-01	3.8109e-01	2.1619e-04	1.1755e-36	1.1755e-36	1.1755e-36	3.9660e-16	0.00e+00	0.00e+00	1.3129e+01
1.81238e+18	5.6229e+03	1.439e-22	1.0000e+01	4.6519e+00	4.2452e-07	5.7356e-01	4.2644e-01	5.5086e-01	4.4902e-01	1.1551e-04	3.6291e-10	9.7435e-03	9.4960e-01	4.0655e-02	1.1755e-36	6.2934e-01	3.7045e-01	2.0251e-04	1.1755e-36	1.1755e-36	1.1755e-36	5.0606e-16	0.00e+00	0.00e+00	1.3390e+01
1.81938e+18	5.5720e+03	1.390e-22	1.0000e+01	4.5339e+00	4.7510e-07	5.8483e-01	4.1517e-01	5.5650e-01	4.4339e-01	1.1469e-04	4.1647e-10	9.5407e-03	9.5080e-01	3.9663e-02	1.1755e-36	6.4017e-01	3.5964e-01	1.8936e-04	1.1755e-36	1.1755e-36	1.1755e-36	6.4937e-16	0.00e+00	0.00e+00	1.3641e+01
1.82597e+18	5.5216e+03	1.344e-22	1.0000e+01	4.4230e+00	5.2967e-07	5.9547e-01	4.0453e-01	5.6181e-01	4.3807e-01	1.1392e-04	4.7609e-10	9.3487e-03	9.5191e-01	3.8744e-02	1.1755e-36	6.5033e-01	3.4949e-01	1.7769e-04	1.1755e-36	1.1755e-36	1.1755e-36	8.2761e-16	0.00e+00	0.00e+00	1.3881e+01
1.83225e+18	5.4618e+03	1.301e-22	1.0000e+01	4.3203e+00	5.9605e-07	6.0610e-01	3.9390e-01	5.6736e-01	4.3253e-01	1.1288e-04	5.4987e-10	9.1738e-03	9.5301e-01	3.7818e-02	1.1755e-36	6.6046e-01	3.3937e-01	1.6691e-04	1.1755e-36	1.1755e-36	1.1755e-36	1.0752e-15	0.00e+00	0.00e+00	1.4118e+01
1.83813e+18	5.4205e+03	1.261e-22	1.0000e+01	4.2202e+00	6.5316e-07	6.1524e-01	3.8476e-01	5.7178e-01	4.2811e-01	1.1243e-04	6.1774e-10	8.9953e-03	9.5393e-01	3.7070e-02	1.1755e-36	6.6910e-01	3.3074e-01	1.5774e-04	1.1755e-36	1.1755e-36	1.1755e-36	1.3271e-15	0.00e+00	0.00e+00	1.4334e+01
1.84409e+18	5.3641e+03	1.220e-22	1.0000e+01	4.1180e+00	7.2866e-07	6.2483e-01	3.7517e-01	5.7680e-01	4.2309e-01	1.1168e-04	7.0749e-10	8.8157e-03	9.5494e-01	3.6249e-02	1.1755e-36	6.7816e-01	3.2169e-01	1.4872e-04	1.1755e-36	1.1755e-36	1.1755e-36	1.6975e-15	0.00e+00	0.00e+00	1.4585e+01
1.85034e+18	5.3067e+03	1.179e-22	1.0000e+01	4.0167e+00	8.1646e-07	6.3504e-01	3.6496e-01	5.8206e-01	4.1783e-01	1.1084e-04	8.1740e-10	8.6366e-03	9.5596e-01	3.5405e-02	1.1755e-36	6.8775e-01	3.1211e-01	1.3969e-04	1.1755e-36	1.1755e-36	1.1755e-36	2.2043e-15	0.00e+00	0.00e+00	1.4831e+01
1.85626e+18	5.2544e+03	1.141e-22	1.0000e+01	3.9177e+00	9.0576e-07	6.4434e-01	3.5566e-01	5.8671e-01	4.1318e-01	1.1028e-04	9.3364e-10	8.4584e-03	9.5688e-01	3.4663e-02	1.1755e-36	6.9645e-01	3.0342e-01	1.3177e-04	1.1755e-36	1.1755e-36	1.1755e-36	2.8042e-15	0.00e+00	0.00e+00	1.5063e+01
1.86201e+18	5.2015e+03	1.104e-22	1.0000e+01	3.8230e+00	1.0038e-06	6.5336e-01	3.4664e-01	5.9136e-01	4.0853e-01	1.0967e-04	1.0662e-09	8.2876e-03	9.5778e-01	3.3935e-02	1.1755e-36	7.0485e-01	2.9503e-01	1.2442e-04	1.1755e-36	1.1755e-36	1.1755e-36	3.5641e-15	0.00e+00	0.00e+00	1.5302e+01
1.86787e+18	5.1483e+03	1.067e-22	1.0000e+01	3.7270e+00	1.1129e-06	6.6239e-01	3.3760e-01	5.9603e-01	4.0386e-01	1.0910e-04	1.2201e-09	8.1132e-03	9.5867e-01	3.3215e-02	1.1755e-36	7.1323e-01	2.8665e-01	1.1734e-04	1.1755e-36	1.1755e-36	1.1755e-36	4.5450e-15	0.00e+00	0.00e+00	1.5550e+01
1.87386e+18	5.0871e+03	1.030e-22	1.0000e+01	3.6272e+00	1.2446e-06	6.7158e-01	3.2842e-01	6.0078e-01	3.9912e-01	1.0853e-04	1.4106e-09	7.9313e-03	9.5957e-01	3.2496e-02	1.1755e-36	7.2172e-01	2.7817e-01	1.1054e-04	1.1755e-36	1.1755e-36	1.1755e-36	5.9075e-15	0.00e+00	0.00e+00	1.5806e+01
1.87974e+18	5.0337e+03	9.942e-23	1.0000e+01	3.5344e+00	1.3784e-06	6.8049e-01	3.1951e-01	6.0536e-01	3.9454e-01	1.0800e-04	1.6170e-09	7.7601e-03	9.6043e-01	3.1809e-02	1.1755e-36	7.2991e-01	2.6999e-01	1.0419e-04	1.1755e-36	1.1755e-36	1.1755e-36	7.5519e-15	0.00e+00	0.00e+00	1.6052e+01
1.88554e+18	4.9704e+03	9.603e-23	1.0000e+01	3.4439e+00	1.5422e-06	6.8948e-01	3.1052e-01	6.1026e-01	3.8963e-01	1.0722e-04	1.8474e-09	7.5959e-03	9.6132e-01	3.1081e-02	1.1755e-36	7.3816e-01	2.6174e-01	9.8174e-05	1.1755e-36	1.1755e-36	1.1755e-36	9.6155e-15	0.00e+00	0.00e+00	1.6308e+01
1.89126e+18	4.9085e+03	9.276e-23	1.0000e+01	3.3539e+00	1.7173e-06	6.9807e-01	3.0193e-01	6.1480e-01	3.8509e-01	1.0662e-04	2.0634e-09	7.4310e-03	9.6219e-01	3.0382e-02	1.1755e-36	7.4601e-01	2.5390e-01	9.2655e-05	1.1755e-36	1.1755e-36	1.1755e-36	1.1782e-14	0.00e+00	0.00e+00	1.6552e+01
1.89675e+18	4.8473e+03	8.969e-23	1.0000e+01	3.2685e+00	1.9050e-06	7.0623e-01	2.9377e-01	6.1921e-01	3.8068e-01	1.0602e-04	2.2941e-09	7.2741e-03	9.6301e-01	2.9713e-02	1.1755e-36	7.5344e-01	2.4647e-01	8.7622e-05	1.1755e-36	1.1755e-36	1.1755e-36	1.4316e-14	0.00e+00	0.00e+00	1.6795e+01
1.90222e+18	4.7848e+03	8.669e-23	1.0000e+01	3.1843e+00	2.1123e-06	7.1427e-01	2.8572e-01	6.2365e-01	3.7625e-01	1.0540e-04	2.5479e-09	7.1192e-03	9.6383e-01	2.9049e-02	1.1755e-36	7.6074e-01	2.3918e-01	8.2851e-05	1.1755e-36	1.1755e-36	1.1755e-36	1.7359e-14	0.00e+00	0.00e+00	1.7044e+01
1.90779e+18	4.7153e+03	8.372e-23	1.0000e+01	3.0979e+00	2.3556e-06	7.2236e-01	2.7764e-01	6.2816e-01	3.7173e-01	1.0475e-04	2.8363e-09	6.9607e-03	9.6466e-01	2.8382e-02	1.1755e-36	7.6806e-01	2.3186e-01	7.8277e-05	1.1755e-36	1.1755e-36	1.1755e-36	2.1152e-14	0.00e+00	0.00e+00	1.7300e+01
1.91333e+18	4.6503e+03	8.086e-23	1.0000e+01	3.0168e+00	2.6095e-06	7.3034e-01	2.6965e-01	6.3267e-01	3.6722e-01	1.0406e-04	3.1453e-09	6.8114e-03	9.6546e-01	2.7728e-02	1.1755e-36	7.7525e-01	2.2468e-01	7.3931e-05	1.1755e-36	1.1755e-36	1.1755e-36	2.5564e-14	0.00e+00	0.00e+00	1.7551e+01
1.91884e+18	4.5829e+03	7.807e-23	1.0000e+01	2.9355e+00	2.8875e-06	7.3811e-01	2.6188e-01	6.3716e-01	3.6274e-01	1.0339e-04	3.4775e-09	6.6613e-03	9.6625e-01	2.7086e-02	1.1755e-36	7.8223e-01	2.1770e-01	6.9846e-05	1.1755e-36	1.1755e-36	1.1755e-36	3.0725e-14	0.00e+00	0.00e+00	1.7812e+01
1.92455e+18	4.5117e+03	7.527e-23	1.0000e+01	2.8527e+00	3.1993e-06	7.4602e-01	2.5397e-01	6.4180e-01	3.5810e-01	1.0267e-04	3.8460e-09	6.5086e-03	9.6706e-01	2.6430e-02	1.1755e-36	7.8931e-01	2.1062e-01	6.5849e-05	1.1755e-36	1.1755e-36	1.1755e-36	3.6935e-14	0.00e+00	0.00e+00	1.8085e+01
1.93043e+18	4.4371e+03	7.246e-23	1.0000e+01	2.7688e+00	3.5445e-06	7.5405e-01	2.4595e-01	6.4657e-01	3.5333e-01	1.0193e-04	4.2490e-09	6.3536e-03	9.6788e-01	2.5766e-02	1.1755e-36	7.9647e-01	2.0346e-01	6.1958e-05	1.1755e-36	1.1755e-36	1.1755e-36	4.4289e-14	0.00e+00	0.00e+00	1.8369e+01
1.93647e+18	4.3607e+03	6.966e-23	1.0000e+01	2.6827e+00	3.9116e-06	7.6197e-01	2.3802e-01	6.5128e-01	3.4861e-01	1.0127e-04	4.6703e-09	6.1935e-03	9.6869e-01	2.5112e-02	1.1755e-36	8.0352e-01	1.9642e-01	5.8236e-05	1.1755e-36	1.1755e-36	1.1755e-36	5.2582e-14	0.00e+00	0.00e+00	1.8664e+01
1.94280e+18	4.2814e+03	6.682e-23	1.0000e+01	2.5957e+00	4.3085e-06	7.7012e-01	2.2987e-01	6.5629e-01	3.4361e-01	1.0053e-04	5.1241e-09	6.0317e-03	9.6953e-01	2.4434e-02	1.1755e-36	8.1074e-01	1.8920e-01	5.4550e-05	1.1755e-36	1.1755e-36	1.1755e-36	6.2128e-14	0.00e+00	0.00e+00	1.8981e+01
1.94960e+18	4.1894e+03	6.390e-23	1.0000e+01	2.5055e+00	4.7744e-06	7.7896e-01	2.2103e-01	6.6199e-01	3.3791e-01	9.9475e-05	5.6377e-09	5.8673e-03	9.7044e-01	2.3688e-02	1.1755e-36	8.1855e-01	1.8140e-01	5.0775e-05	1.1755e-36	1.1755e-36	1.1755e-36	7.3672e-14	0.00e+00	0.00e+00	1.9329e+01
1.95672e+18	4.0931e+03	6.095e-23	1.0000e+01	2.4113e+00	5.2543e-06	7.8786e-01	2.1214e-01	6.6762e-01	3.3228e-01	9.8550e-05	6.1450e-09	5.6946e-03	9.7135e-01	2.2954e-02	1.1755e-36	8.2638e-01	1.7358e-01	4.7138e-05	1.1755e-36	1.1755e-36	1.1755e-36	8.5782e-14	0.00e+00	0.00e+00	1.9686e+01
1.96382e+18	3.9975e+03	5.812e-23	1.0000e+01	2.3192e+00	5.7176e-06	7.9659e-01	2.0340e-01	6.7306e-01	3.2684e-01	9.7714e-05	6.6192e-09	5.5260e-03	9.7222e-01	2.2255e-02	1.1755e-36	8.3403e-01	1.6592e-01	4.3733e-05	1.1755e-36	1.1755e-36	1.1755e-36	9.7630e-14	0.00e+00	0.00e+00	2.0039e+01
