#depth	Te	Htot	hden	eden	2H_2/H	HI	HII	HeI	HeII	HeIII	CO/C	C1	C2	C3	C4	O1	O2	O3	O4	O5	O6	H2O/O	AV(point)	AV(extend)	Tau912
5.76927e+14	6.9215e+03	3.925e-22	1.0000e+01	1.0892e+01	1.8680e-14	1.4403e-03	9.9856e-01	3.8815e-03	9.5273e-01	4.3390e-02	4.3244e-19	3.0689e-05	6.9368e-02	9.1792e-01	1.2678e-02	1.4476e-04	1.2321e-01	8.5999e-01	1.6657e-02	3.6159e-07	1.1755e-36	5.2307e-27	0.00e+00	0.00e+00	1.0491e-04
3.46156e+15	6.9199e+03	3.924e-22	1.0000e+01	1.0891e+01	1.8693e-14	1.4400e-03	9.9856e-01	3.8815e-03	9.5276e-01	4.3363e-02	4.3186e-19	3.0662e-05	6.9362e-02	9.1789e-01	1.2711e-02	1.4465e-04	1.2314e-01	8.6012e-01	1.6602e-02	3.5984e-07	1.1755e-36	5.2218e-27	0.00e+00	0.00e+00	5.2447e-04
1.50001e+16	6.9163e+03	3.921e-22	1.0000e+01	1.0890e+01	1.8726e-14	1.4395e-03	9.9856e-01	3.8835e-03	9.5300e-01	4.3117e-02	4.3149e-19	3.0629e-05	6.9380e-02	9.1788e-01	1.2699e-02	1.4461e-04	1.2313e-01	8.6035e-01	1.6373e-02	3.5259e-07	1.1755e-36	5.2131e-27	0.00e+00	0.00e+00	2.2022e-03
6.11543e+16	6.9049e+03	3.912e-22	1.0000e+01	1.0890e+01	1.8867e-14	1.4392e-03	9.9856e-01	3.8944e-03	9.5432e-01	4.1790e-02	4.3195e-19	3.0604e-05	6.9478e-02	9.1790e-01	1.2589e-02	1.4483e-04	1.2328e-01	8.6109e-01	1.5485e-02	3.2502e-07	1.1755e-36	5.2063e-27	0.00e+00	0.00e+00	8.9113e-03
1.46078e+17	6.8724e+03	3.882e-22	1.0000e+01	1.0889e+01	1.9010e-14	1.4305e-03	9.9857e-01	3.9031e-03	9.5504e-01	4.1059e-02	4.2529e-19	3.0440e-05	6.9589e-02	9.1788e-01	1.2495e-02	1.4408e-04	1.2323e-01	8.6234e-01	1.4290e-02	2.8758e-07	1.1755e-36	5.0575e-27	0.00e+00	0.00e+00	1.7581e-02
2.56479e+17	6.8346e+03	3.852e-22	1.0000e+01	1.0887e+01	1.9265e-14	1.4229e-03	9.9858e-01	3.9207e-03	9.5718e-01	3.8904e-02	4.2017e-19	3.0357e-05	6.9760e-02	9.1792e-01	1.2287e-02	1.4364e-04	1.2334e-01	8.6369e-01	1.2827e-02	2.4452e-07	1.1755e-36	4.9319e-27	0.00e+00	0.00e+00	2.8791e-02
4.00000e+17	6.7937e+03	3.820e-22	1.0000e+01	1.0884e+01	1.9532e-14	1.4147e-03	9.9859e-01	3.9426e-03	9.6068e-01	3.5377e-02	4.1023e-19	3.0272e-05	6.9911e-02	9.1807e-01	1.1980e-02	1.4198e-04	1.2245e-01	8.6629e-01	1.1122e-02	1.9769e-07	1.1755e-36	4.7468e-27	0.00e+00	0.00e+00	4.3280e-02
5.86577e+17	6.7478e+03	3.783e-22	1.0000e+01	1.0881e+01	1.9868e-14	1.4070e-03	9.9859e-01	3.9765e-03	9.6553e-01	3.0493e-02	4.0449e-19	3.0258e-05	7.0184e-02	9.1821e-01	1.1571e-02	1.4183e-04	1.2272e-01	8.6795e-01	9.1828e-03	1.4908e-07	1.1755e-36	4.6019e-27	0.00e+00	0.00e+00	6.2013e-02
8.29128e+17	6.6960e+03	3.741e-22	1.0000e+01	1.0876e+01	2.0305e-14	1.4000e-03	9.9860e-01	4.0207e-03	9.7149e-01	2.4487e-02	4.0034e-19	3.0301e-05	7.0558e-02	9.1833e-01	1.1075e-02	1.4236e-04	1.2346e-01	8.6928e-01	7.1180e-03	1.1755e-36	1.1755e-36	4.4675e-27	0.00e+00	0.00e+00	8.6246e-02
1.14444e+18	6.6375e+03	3.694e-22	1.0000e+01	1.0870e+01	2.0903e-14	1.3944e-03	9.9861e-01	4.0751e-03	9.7800e-01	1.7928e-02	3.9917e-19	3.0427e-05	7.1071e-02	9.1837e-01	1.0526e-02	1.4383e-04	1.2480e-01	8.6998e-01	5.0820e-03	1.1755e-36	1.1755e-36	4.3614e-27	0.00e+00	0.00e+00	1.1762e-01
1.55435e+18	6.5717e+03	3.644e-22	1.0000e+01	1.0864e+01	2.1704e-14	1.3913e-03	9.9861e-01	4.1394e-03	9.8419e-01	1.1668e-02	4.0162e-19	3.0666e-05	7.1766e-02	9.1823e-01	9.9709e-03	1.4649e-04	1.2682e-01	8.6977e-01	3.2665e-03	1.1755e-36	1.1755e-36	4.2837e-27	0.00e+00	0.00e+00	1.5832e-01
2.08724e+18	6.4987e+03	3.591e-22	1.0000e+01	1.0860e+01	2.2752e-14	1.3922e-03	9.9861e-01	4.2133e-03	9.8922e-01	6.5645e-03	4.0807e-19	3.1061e-05	7.2692e-02	9.1782e-01	9.4567e-03	1.5053e-04	1.2949e-01	8.6852e-01	1.8415e-03	1.1755e-36	1.1755e-36	4.2308e-27	0.00e+00	0.00e+00	2.1126e-01
2.77999e+18	6.4199e+03	3.538e-22	1.0000e+01	1.0856e+01	2.4159e-14	1.3993e-03	9.9860e-01	4.2987e-03	9.9260e-01	3.1029e-03	4.2025e-19	3.1669e-05	7.3913e-02	9.1705e-01	9.0037e-03	1.5617e-04	1.3272e-01	8.6623e-01	8.8564e-04	1.1755e-36	1.1755e-36	4.2253e-27	0.00e+00	0.00e+00	2.8044e-01
3.68056e+18	6.3388e+03	3.487e-22	1.0000e+01	1.0854e+01	2.6008e-14	1.4156e-03	9.9858e-01	4.4017e-03	9.9440e-01	1.1997e-03	4.4001e-19	3.2582e-05	7.5519e-02	9.1585e-01	8.5985e-03	1.6393e-04	1.3653e-01	8.6295e-01	3.5386e-04	1.1755e-36	1.1755e-36	4.2821e-27	0.00e+00	0.00e+00	3.7141e-01
4.85131e+18	6.2611e+03	3.438e-22	1.0000e+01	1.0853e+01	2.8426e-14	1.4462e-03	9.9855e-01	4.5333e-03	9.9509e-01	3.7204e-04	4.7196e-19	3.3944e-05	7.7656e-02	9.1411e-01	8.2032e-03	1.7495e-04	1.4112e-01	8.5859e-01	1.1517e-04	1.1755e-36	1.1755e-36	4.4462e-27	0.00e+00	0.00e+00	4.9224e-01
6.37327e+18	6.1955e+03	3.396e-22	1.0000e+01	1.0852e+01	3.1683e-14	1.4993e-03	9.9850e-01	4.7110e-03	9.9520e-01	9.2546e-05	5.2664e-19	3.5989e-05	8.0557e-02	9.1163e-01	7.7765e-03	1.9140e-04	1.4698e-01	8.5280e-01	3.0444e-05	1.1755e-36	1.1755e-36	4.8305e-27	0.00e+00	0.00e+00	6.5508e-01
8.35183e+18	6.1598e+03	3.362e-22	1.0000e+01	1.0851e+01	3.6008e-14	1.5883e-03	9.9841e-01	4.9600e-03	9.9502e-01	1.9092e-05	6.2450e-19	3.9162e-05	8.4585e-02	9.0809e-01	7.2888e-03	2.1724e-04	1.5488e-01	8.4489e-01	6.6800e-06	1.1755e-36	1.1755e-36	5.6480e-27	0.00e+00	0.00e+00	8.7934e-01
1.09240e+19	6.1746e+03	3.346e-22	1.0000e+01	1.0849e+01	4.2043e-14	1.7402e-03	9.9826e-01	5.3291e-03	9.9467e-01	3.4595e-06	8.1583e-19	4.4258e-05	9.0436e-02	9.0281e-01	6.7124e-03	2.6076e-04	1.6613e-01	8.3361e-01	1.2587e-06	1.1755e-36	1.1755e-36	7.4400e-27	0.00e+00	0.00e+00	1.1988e+00
1.37308e+19	6.2470e+03	3.354e-22	1.0000e+01	1.0847e+01	4.8793e-14	1.9504e-03	9.9805e-01	5.7692e-03	9.9423e-01	7.1727e-07	1.1181e-18	5.0828e-05	9.7333e-02	8.9647e-01	6.1452e-03	3.2322e-04	1.7965e-01	8.2003e-01	2.6282e-07	1.1755e-36	1.1755e-36	1.0526e-26	0.00e+00	0.00e+00	1.5319e+00
1.60997e+19	6.3770e+03	3.386e-22	1.0000e+01	1.0844e+01	5.4691e-14	2.1879e-03	9.9781e-01	6.2067e-03	9.9379e-01	2.3364e-07	1.5364e-18	5.7837e-05	1.0399e-01	8.9025e-01	5.7037e-03	3.9712e-04	1.9293e-01	8.0667e-01	1.1755e-36	1.1755e-36	1.1755e-36	1.5313e-26	0.00e+00	0.00e+00	1.8126e+00
1.78824e+19	6.5080e+03	3.429e-22	1.0000e+01	1.0841e+01	6.0582e-14	2.4235e-03	9.9758e-01	6.6130e-03	9.9339e-01	1.1094e-07	2.0648e-18	6.4422e-05	1.1002e-01	8.8455e-01	5.3669e-03	4.7519e-04	2.0513e-01	7.9440e-01	1.1755e-36	1.1755e-36	1.1755e-36	2.1920e-26	0.00e+00	0.00e+00	2.0472e+00
1.93108e+19	6.6294e+03	3.474e-22	1.0000e+01	1.0838e+01	6.6824e-14	2.6593e-03	9.9734e-01	7.0030e-03	9.9300e-01	6.3528e-08	2.7283e-18	7.0899e-05	1.1580e-01	8.7905e-01	5.0817e-03	5.5917e-04	2.1695e-01	7.8249e-01	1.1755e-36	1.1755e-36	1.1755e-36	3.0743e-26	0.00e+00	0.00e+00	2.2693e+00
2.06012e+19	6.7492e+03	3.521e-22	1.0000e+01	1.0835e+01	7.4236e-14	2.9172e-03	9.9708e-01	7.4245e-03	9.9258e-01	3.9374e-08	3.6339e-18	7.7830e-05	1.2191e-01	8.7321e-01	4.8089e-03	6.5803e-04	2.2963e-01	7.6971e-01	1.1755e-36	1.1755e-36	1.1755e-36	4.3544e-26	0.00e+00	0.00e+00	2.5009e+00
2.18221e+19	6.8722e+03	3.573e-22	1.0000e+01	1.0831e+01	8.3147e-14	3.2103e-03	9.9679e-01	7.8908e-03	9.9211e-01	2.5597e-08	4.9092e-18	8.5479e-05	1.2855e-01	8.6683e-01	4.5381e-03	7.7909e-04	2.4375e-01	7.5547e-01	1.1755e-36	1.1755e-36	1.1755e-36	6.2731e-26	0.00e+00	0.00e+00	2.7409e+00
2.29467e+19	6.9945e+03	3.628e-22	1.0000e+01	1.0828e+01	9.3538e-14	3.5350e-03	9.9647e-01	8.3917e-03	9.9161e-01	1.7544e-08	6.6577e-18	9.3657e-05	1.3556e-01	8.6007e-01	4.2762e-03	9.2353e-04	2.5899e-01	7.4009e-01	1.1755e-36	1.1755e-36	1.1755e-36	9.0724e-26	0.00e+00	0.00e+00	2.9786e+00
2.39517e+19	7.1103e+03	3.683e-22	1.0000e+01	1.0824e+01	1.0535e-13	3.8830e-03	9.9612e-01	8.9156e-03	9.9108e-01	1.2683e-08	8.9765e-18	1.0213e-04	1.4277e-01	8.5310e-01	4.0283e-03	1.0905e-03	2.7498e-01	7.2393e-01	1.1755e-36	1.1755e-36	1.1755e-36	1.3005e-25	0.00e+00	0.00e+00	3.2103e+00
2.48530e+19	7.2187e+03	3.737e-22	1.0000e+01	1.0819e+01	1.1896e-13	4.2543e-03	9.9575e-01	9.4642e-03	9.9054e-01	9.5602e-09	1.2046e-17	1.1088e-04	1.5018e-01	8.4591e-01	3.7924e-03	1.2823e-03	2.9169e-01	7.0702e-01	1.1755e-36	1.1755e-36	1.1755e-36	1.8519e-25	0.00e+00	0.00e+00	3.4406e+00
2.56811e+19	7.3218e+03	3.790e-22	1.0000e+01	1.0815e+01	1.3476e-13	4.6577e-03	9.9534e-01	1.0050e-02	9.8995e-01	7.4194e-09	1.6153e-17	1.2008e-04	1.5795e-01	8.3837e-01	3.5630e-03	1.5064e-03	3.0947e-01	6.8903e-01	1.1755e-36	1.1755e-36	1.1755e-36	2.6300e-25	0.00e+00	0.00e+00	3.6754e+00
2.64548e+19	7.4211e+03	3.843e-22	1.0000e+01	1.0810e+01	1.5353e-13	5.1025e-03	9.9490e-01	1.0683e-02	9.8932e-01	5.8870e-09	2.1747e-17	1.2988e-04	1.6620e-01	8.3033e-01	3.3374e-03	1.7715e-03	3.2857e-01	6.6966e-01	1.1755e-36	1.1755e-36	1.1755e-36	3.7497e-25	0.00e+00	0.00e+00	3.9166e+00
2.71776e+19	7.5165e+03	3.897e-22	1.0000e+01	1.0804e+01	1.7562e-13	5.5931e-03	9.9441e-01	1.1369e-02	9.8863e-01	4.7662e-09	2.9330e-17	1.4028e-04	1.7494e-01	8.2180e-01	3.1162e-03	2.0849e-03	3.4901e-01	6.4890e-01	1.1755e-36	1.1755e-36	1.1755e-36	5.3482e-25	0.00e+00	0.00e+00	4.1627e+00
2.78490e+19	7.6072e+03	3.949e-22	1.0000e+01	1.0798e+01	2.0178e-13	6.1311e-03	9.9387e-01	1.2108e-02	9.8789e-01	3.9326e-09	3.9594e-17	1.5125e-04	1.8416e-01	8.1279e-01	2.9011e-03	2.4525e-03	3.7067e-01	6.2688e-01	1.1755e-36	1.1755e-36	1.1755e-36	7.6320e-25	0.00e+00	0.00e+00	4.4127e+00
2.84729e+19	7.6936e+03	4.001e-22	1.0000e+01	1.0792e+01	2.3280e-13	6.7209e-03	9.9328e-01	1.2897e-02	9.8710e-01	3.2995e-09	5.3493e-17	1.6283e-04	1.9384e-01	8.0331e-01	2.6925e-03	2.8825e-03	3.9348e-01	6.0363e-01	1.1755e-36	1.1755e-36	1.1755e-36	1.0902e-24	0.00e+00	0.00e+00	4.6680e+00
2.90564e+19	7.7772e+03	4.051e-22	1.0000e+01	1.0786e+01	2.6972e-13	7.3697e-03	9.9263e-01	1.3743e-02	9.8626e-01	2.8073e-09	7.2398e-17	1.7494e-04	2.0401e-01	7.9332e-01	2.4904e-03	3.3864e-03	4.1751e-01	5.7911e-01	1.1755e-36	1.1755e-36	1.1755e-36	1.5618e-24	0.00e+00	0.00e+00	4.9310e+00
2.96057e+19	7.8479e+03	4.103e-22	1.0000e+01	1.0777e+01	3.1499e-13	8.0996e-03	9.9190e-01	1.4699e-02	9.8530e-01	2.4135e-09	9.8133e-17	1.8811e-04	2.1506e-01	7.8246e-01	2.2909e-03	3.9865e-03	4.4297e-01	5.5304e-01	1.1755e-36	1.1755e-36	1.1755e-36	2.2277e-24	0.00e+00	0.00e+00	5.2038e+00
3.01235e+19	7.9166e+03	4.154e-22	1.0000e+01	1.0767e+01	3.7026e-13	8.9139e-03	9.9109e-01	1.5743e-02	9.8426e-01	2.0970e-09	1.3369e-16	2.0202e-04	2.2677e-01	7.7093e-01	2.0976e-03	4.6953e-03	4.6971e-01	5.2559e-01	1.1755e-36	1.1755e-36	1.1755e-36	3.2037e-24	0.00e+00	0.00e+00	5.4864e+00
3.06110e+19	7.9852e+03	4.202e-22	1.0000e+01	1.0756e+01	4.3618e-13	9.8212e-03	9.9018e-01	1.6892e-02	9.8311e-01	1.8401e-09	1.8235e-16	2.1665e-04	2.3919e-01	7.5868e-01	1.9119e-03	5.5295e-03	4.9754e-01	4.9693e-01	1.1755e-36	1.1755e-36	1.1755e-36	4.6119e-24	0.00e+00	0.00e+00	5.7796e+00
3.10708e+19	8.0449e+03	4.252e-22	1.0000e+01	1.0746e+01	5.1980e-13	1.0848e-02	9.8915e-01	1.8151e-02	9.8185e-01	1.6281e-09	2.5040e-16	2.3247e-04	2.5251e-01	7.4553e-01	1.7317e-03	6.5204e-03	5.2647e-01	4.6701e-01	1.1755e-36	1.1755e-36	1.1755e-36	6.6994e-24	0.00e+00	0.00e+00	6.0856e+00
3.15062e+19	8.1010e+03	4.300e-22	1.0000e+01	1.0733e+01	6.2379e-13	1.2014e-02	9.8799e-01	1.9552e-02	9.8045e-01	1.4511e-09	3.4540e-16	2.4929e-04	2.6678e-01	7.3141e-01	1.5584e-03	7.6978e-03	5.5636e-01	4.3594e-01	1.1755e-36	1.1755e-36	1.1755e-36	9.7843e-24	0.00e+00	0.00e+00	6.4071e+00
3.19198e+19	8.1493e+03	4.350e-22	1.0000e+01	1.0718e+01	7.5738e-13	1.3354e-02	9.8665e-01	2.1130e-02	9.7887e-01	1.3012e-09	4.8004e-16	2.6743e-04	2.8220e-01	7.1614e-01	1.3913e-03	9.1085e-03	5.8714e-01	4.0375e-01	1.1755e-36	1.1755e-36	1.1755e-36	1.4420e-23	0.00e+00	0.00e+00	6.7471e+00
3.23137e+19	8.2011e+03	4.394e-22	1.0000e+01	1.0699e+01	9.2319e-13	1.4892e-02	9.8511e-01	2.2919e-02	9.7708e-01	1.1738e-09	6.7021e-16	2.8663e-04	2.9874e-01	6.9974e-01	1.2326e-03	1.0792e-02	6.1849e-01	3.7072e-01	1.1755e-36	1.1755e-36	1.1755e-36	2.1378e-23	0.00e+00	0.00e+00	7.1086e+00
3.26579e+19	8.2462e+03	4.437e-22	1.0000e+01	1.0681e+01	1.1197e-12	1.6534e-02	9.8347e-01	2.4744e-02	9.7526e-01	1.0762e-09	9.1849e-16	3.0551e-04	3.1500e-01	6.8360e-01	1.0942e-03	1.2646e-02	6.4756e-01	3.3979e-01	1.1755e-36	1.1755e-36	1.1755e-36	3.1097e-23	0.00e+00	0.00e+00	7.4259e+00
3.29430e+19	8.2666e+03	4.479e-22	1.0000e+01	1.0663e+01	1.3502e-12	1.8195e-02	9.8181e-01	2.6545e-02	9.7345e-01	9.9928e-10	1.2208e-15	3.2342e-04	3.3039e-01	6.6831e-01	9.7765e-04	1.4561e-02	6.7290e-01	3.1254e-01	1.1755e-36	1.1755e-36	1.1755e-36	4.3609e-23	0.00e+00	0.00e+00	7.7317e+00
3.32491e+19	8.2889e+03	4.521e-22	1.0000e+01	1.0642e+01	1.6777e-12	2.0307e-02	9.7969e-01	2.8819e-02	9.7118e-01	9.1842e-10	1.6918e-15	3.4510e-04	3.4904e-01	6.4976e-01	8.5335e-04	1.7060e-02	7.0084e-01	2.8210e-01	1.1755e-36	1.1755e-36	1.1755e-36	6.4355e-23	0.00e+00	0.00e+00	8.1754e+00
3.35833e+19	8.3077e+03	4.575e-22	1.0000e+01	1.0620e+01	2.1980e-12	2.3202e-02	9.7680e-01	3.1752e-02	9.6825e-01	8.4133e-10	2.4967e-15	3.7159e-04	3.7171e-01	6.2719e-01	7.2196e-04	2.0543e-02	7.3186e-01	2.4760e-01	1.1755e-36	1.1755e-36	1.1755e-36	1.0321e-22	0.00e+00	0.00e+00	8.6478e+00
3.38777e+19	8.3214e+03	4.624e-22	1.0000e+01	1.0588e+01	2.8689e-12	2.6494e-02	9.7351e-01	3.4933e-02	9.6507e-01	7.7990e-10	3.6268e-15	3.9785e-04	3.9469e-01	6.0431e-01	6.0876e-04	2.4564e-02	7.5949e-01	2.1594e-01	1.1755e-36	1.1755e-36	1.1755e-36	1.6228e-22	0.00e+00	0.00e+00	9.0932e+00
3.41340e+19	8.3283e+03	4.663e-22	1.0000e+01	1.0540e+01	3.7077e-12	3.0101e-02	9.6990e-01	3.8348e-02	9.6165e-01	7.2872e-10	5.1398e-15	4.2282e-04	4.1741e-01	5.8165e-01	5.1372e-04	2.9022e-02	7.8300e-01	1.8798e-01	1.1755e-36	1.1755e-36	1.1755e-36	2.4734e-22	0.00e+00	0.00e+00	9.5613e+00
3.44172e+19	8.3313e+03	4.699e-22	1.0000e+01	1.0479e+01	5.0841e-12	3.5092e-02	9.6491e-01	4.3031e-02	9.5697e-01	6.7230e-10	7.8093e-15	4.5385e-04	4.4587e-01	5.5327e-01	4.1458e-04	3.5255e-02	8.0725e-01	1.5750e-01	1.1755e-36	1.1755e-36	1.1755e-36	4.1267e-22	0.00e+00	0.00e+00	1.0271e+01
3.47234e+19	8.3176e+03	4.749e-22	1.0000e+01	1.0396e+01	7.6540e-12	4.2632e-02	9.5737e-01	4.9492e-02	9.5051e-01	6.1759e-10	1.3061e-14	4.9187e-04	4.8120e-01	5.1799e-01	3.1481e-04	4.4675e-02	8.3053e-01	1.2480e-01	1.1755e-36	1.1755e-36	1.1755e-36	7.8248e-22	0.00e+00	0.00e+00	1.1057e+01
3.49777e+19	8.3065e+03	4.789e-22	1.0000e+01	1.0298e+01	1.1497e-11	5.1759e-02	9.4824e-01	5.6525e-02	9.4347e-01	5.7745e-10	2.1489e-14	5.2744e-04	5.1570e-01	4.8354e-01	2.3788e-04	5.6064e-02	8.4601e-01	9.7930e-02	1.1755e-36	1.1755e-36	1.1755e-36	1.4701e-21	0.00e+00	0.00e+00	1.1764e+01
3.51507e+19	8.2952e+03	4.815e-22	1.0000e+01	1.0206e+01	1.5952e-11	6.0467e-02	9.3953e-01	6.2640e-02	9.3736e-01	5.5218e-10	3.1712e-14	5.5363e-04	5.4248e-01	4.5677e-01	1.8944e-04	6.6882e-02	8.5300e-01	8.0119e-02	1.1755e-36	1.1755e-36	1.1755e-36	2.4243e-21	0.00e+00	0.00e+00	1.2259e+01
3.52663e+19	8.2706e+03	4.832e-22	1.0000e+01	1.0135e+01	2.0495e-11	6.7837e-02	9.3216e-01	6.7599e-02	9.3240e-01	5.3468e-10	4.2189e-14	5.7305e-04	5.6258e-01	4.3668e-01	1.5924e-04	7.6002e-02	8.5521e-01	6.8792e-02	1.1755e-36	1.1755e-36	1.1755e-36	3.5032e-21	0.00e+00	0.00e+00	1.2694e+01
3.53830e+19	8.2470e+03	4.836e-22	1.0000e+01	1.0061e+01	2.6735e-11	7.6595e-02	9.2340e-01	7.3513e-02	9.2649e-01	5.1576e-10	5.7142e-14	5.9422e-04	5.8467e-01	4.1460e-01	1.3140e-04	8.6807e-02	8.5501e-01	5.8179e-02	1.1755e-36	1.1755e-36	1.1755e-36	5.1948e-21	0.00e+00	0.00e+00	1.3332e+01
3.55130e+19	8.2363e+03	4.814e-22	1.0000e+01	9.9179e+00	3.6391e-11	8.8588e-02	9.1141e-01	8.0924e-02	9.1908e-01	4.9792e-10	8.1138e-14	6.1345e-04	6.0953e-01	3.8976e-01	1.0433e-04	1.0152e-01	8.5119e-01	4.7290e-02	1.1755e-36	1.1755e-36	1.1755e-36	8.2247e-21	0.00e+00	0.00e+00	1.4048e+01
3.56290e+19	8.2143e+03	4.797e-22	1.0000e+01	9.7813e+00	5.0337e-11	1.0292e-01	8.9708e-01	8.9026e-02	9.1097e-01	4.8225e-10	1.1623e-13	6.3238e-04	6.3420e-01	3.6509e-01	8.2111e-05	1.1894e-01	8.4300e-01	3.8067e-02	1.1755e-36	1.1755e-36	1.1755e-36	1.3266e-20	0.00e+00	0.00e+00	1.4725e+01
3.57222e+19	8.2106e+03	4.751e-22	1.0000e+01	9.6171e+00	6.6317e-11	1.1719e-01	8.8281e-01	9.6526e-02	9.0347e-01	4.7166e-10	1.5785e-13	6.4389e-04	6.5470e-01	3.4459e-01	6.6495e-05	1.3614e-01	8.3256e-01	3.1303e-02	1.1755e-36	1.1755e-36	1.1755e-36	2.0031e-20	0.00e+00	0.00e+00	1.5333e+01
3.58014e+19	8.1890e+03	4.707e-22	1.0000e+01	9.4697e+00	8.6457e-11	1.3219e-01	8.6781e-01	1.0413e-01	8.9587e-01	4.6187e-10	2.0973e-13	6.5457e-04	6.7378e-01	3.2551e-01	5.4404e-05	1.5408e-01	8.1992e-01	2.6007e-02	1.1755e-36	1.1755e-36	1.1755e-36	2.9407e-20	0.00e+00	0.00e+00	1.5968e+01
3.58768e+19	8.1797e+03	4.635e-22	1.0000e+01	9.2859e+00	1.1208e-10	1.4898e-01	8.5102e-01	1.1219e-01	8.8781e-01	4.5395e-10	2.7734e-13	6.6108e-04	6.9220e-01	3.0709e-01	4.4384e-05	1.7398e-01	8.0455e-01	2.1470e-02	1.1755e-36	1.1755e-36	1.1755e-36	4.3052e-20	0.00e+00	0.00e+00	1.6671e+01
3.59507e+19	8.1609e+03	4.549e-22	1.0000e+01	9.0792e+00	1.4823e-10	1.6900e-01	8.3100e-01	1.2128e-01	8.7872e-01	4.4665e-10	3.7204e-13	6.6586e-04	7.1116e-01	2.8814e-01	3.5677e-05	1.9748e-01	7.8508e-01	1.7442e-02	1.1755e-36	1.1755e-36	1.1755e-36	6.4466e-20	0.00e+00	0.00e+00	1.7450e+01
3.60204e+19	8.1513e+03	4.436e-22	1.0000e+01	8.8337e+00	1.9544e-10	1.9161e-01	8.0839e-01	1.3089e-01	8.6911e-01	4.4107e-10	4.9719e-13	6.6574e-04	7.2919e-01	2.7011e-01	2.8611e-05	2.2371e-01	7.6223e-01	1.4058e-02	1.1755e-36	1.1755e-36	1.1755e-36	9.6449e-20	0.00e+00	0.00e+00	1.8253e+01
3.60835e+19	8.1306e+03	4.317e-22	1.0000e+01	8.5876e+00	2.5755e-10	2.1650e-01	7.8350e-01	1.4077e-01	8.5923e-01	4.3769e-10	6.5967e-13	6.6391e-04	7.4643e-01	2.5288e-01	2.2978e-05	2.5222e-01	7.3646e-01	1.1318e-02	1.1755e-36	1.1755e-36	1.1755e-36	1.4331e-19	0.00e+00	0.00e+00	1.9073e+01
3.61408e+19	8.1108e+03	4.183e-22	1.0000e+01	8.3316e+00	3.3519e-10	2.4301e-01	7.5699e-01	1.5088e-01	8.4912e-01	4.3552e-10	8.6221e-13	6.5907e-04	7.6243e-01	2.3690e-01	1.8574e-05	2.8221e-01	7.0866e-01	9.1322e-03	1.1755e-36	1.1755e-36	1.1755e-36	2.0919e-19	0.00e+00	0.00e+00	1.9911e+01
3.61937e+19	8.0913e+03	4.027e-22	1.0000e+01	8.0459e+00	4.3322e-10	2.7076e-01	7.2924e-01	1.6104e-01	8.3896e-01	4.3537e-10	1.1134e-12	6.4980e-04	7.7708e-01	2.2225e-01	1.5130e-05	3.1318e-01	6.7943e-01	7.3877e-03	1.1755e-36	1.1755e-36	1.1755e-36	3.0193e-19	0.00e+00	0.00e+00	2.0787e+01
3.62445e+19	8.0725e+03	3.845e-22	1.0000e+01	7.7149e+00	5.5500e-10	2.9997e-01	7.0003e-01	1.7139e-01	8.2861e-01	4.3726e-10	1.4149e-12	6.3514e-04	7.9066e-01	2.0869e-01	1.2378e-05	3.4534e-01	6.4870e-01	5.9670e-03	1.1755e-36	1.1755e-36	1.1755e-36	4.2637e-19	0.00e+00	0.00e+00	2.1738e+01
3.62930e+19	8.0405e+03	3.659e-22	1.0000e+01	7.3893e+00	7.1457e-10	3.3188e-01	6.6812e-01	1.8241e-01	8.1759e-01	4.4004e-10	1.7977e-12	6.1970e-04	8.0406e-01	1.9531e-01	1.0093e-05	3.7994e-01	6.1527e-01	4.7869e-03	1.1755e-36	1.1755e-36	1.1755e-36	6.0354e-19	0.00e+00	0.00e+00	2.2719e+01
3.63376e+19	8.0129e+03	3.467e-22	1.0000e+01	7.0589e+00	9.0181e-10	3.6379e-01	6.3621e-01	1.9322e-01	8.0678e-01	4.4476e-10	2.2360e-12	6.0187e-04	8.1619e-01	1.8320e-01	8.3230e-06	4.1402e-01	5.8211e-01	3.8653e-03	1.1755e-36	1.1755e-36	1.1755e-36	8.3030e-19	0.00e+00	0.00e+00	2.3695e+01
3.63770e+19	7.9774e+03	3.286e-22	1.0000e+01	6.7512e+00	1.1155e-09	3.9413e-01	6.0587e-01	2.0352e-01	7.9648e-01	4.4987e-10	2.7109e-12	5.8415e-04	8.2684e-01	1.7257e-01	6.9877e-06	4.4596e-01	5.5087e-01	3.1720e-03	1.1755e-36	1.1755e-36	1.1755e-36	1.1023e-18	0.00e+00	0.00e+00	2.4599e+01
3.64111e+19	7.9418e+03	3.122e-22	1.0000e+01	6.4791e+00	1.3397e-09	4.2155e-01	5.7845e-01	2.1309e-01	7.8691e-01	4.5534e-10	3.1903e-12	5.6766e-04	8.3607e-01	1.6335e-01	5.9864e-06	4.7445e-01	5.2289e-01	2.6581e-03	1.1755e-36	1.1755e-36	1.1755e-36	1.4013e-18	0.00e+00	0.00e+00	2.5447e+01
3.64422e+19	7.9063e+03	2.963e-22	1.0000e+01	6.2168e+00	1.5781e-09	4.4675e-01	5.5325e-01	2.2223e-01	7.7777e-01	4.6095e-10	3.6719e-12	5.5102e-04	8.4428e-01	1.5516e-01	5.1979e-06	5.0030e-01	4.9744e-01	2.2578e-03	1.1755e-36	1.1755e-36	1.1755e-36	1.7238e-18	0.00e+00	0.00e+00	2.6303e+01
3.64718e+19	7.8677e+03	2.810e-22	1.0000e+01	5.9650e+00	1.8425e-09	4.7108e-01	5.2892e-01	2.3134e-01	7.6866e-01	4.6697e-10	4.1791e-12	5.3433e-04	8.5198e-01	1.4749e-01	4.5395e-06	5.2500e-01	4.7307e-01	1.9278e-03	1.1755e-36	1.1755e-36	1.1755e-36	2.0866e-18	0.00e+00	0.00e+00	2.7159e+01
3.64998e+19	7.8264e+03	2.664e-22	1.0000e+01	5.7245e+00	2.1318e-09	4.9428e-01	5.0572e-01	2.4040e-01	7.5960e-01	4.7319e-10	4.7031e-12	5.1792e-04	8.5915e-01	1.4033e-01	3.9890e-06	5.4829e-01	4.5005e-01	1.6561e-03	1.1755e-36	1.1755e-36	1.1755e-36	2.4847e-18	0.00e+00	0.00e+00	2.8010e+01
3.65264e+19	7.7810e+03	2.525e-22	1.0000e+01	5.4958e+00	2.4483e-09	5.1629e-01	4.8371e-01	2.4942e-01	7.5058e-01	4.7943e-10	5.2384e-12	5.0196e-04	8.6587e-01	1.3363e-01	3.5252e-06	5.7016e-01	4.2840e-01	1.4314e-03	1.1755e-36	1.1755e-36	1.1755e-36	2.9139e-18	0.00e+00	0.00e+00	2.8856e+01
3.65519e+19	7.7319e+03	2.393e-22	1.0000e+01	5.2782e+00	2.7940e-09	5.3717e-01	4.6283e-01	2.5845e-01	7.4155e-01	4.8557e-10	5.7826e-12	4.8646e-04	8.7219e-01	1.2732e-01	3.1299e-06	5.9072e-01	4.0804e-01	1.2437e-03	1.1755e-36	1.1755e-36	1.1755e-36	3.3721e-18	0.00e+00	0.00e+00	2.9703e+01
3.65721e+19	7.7057e+03	2.290e-22	1.0000e+01	5.1019e+00	3.0657e-09	5.5294e-01	4.4706e-01	2.6500e-01	7.3499e-01	4.9261e-10	6.2041e-12	4.7301e-04	8.7667e-01	1.2286e-01	2.8643e-06	6.0611e-01	3.9278e-01	1.1150e-03	1.1755e-36	1.1755e-36	1.1755e-36	3.7438e-18	0.00e+00	0.00e+00	3.0245e+01
3.65862e+19	7.6711e+03	2.221e-22	1.0000e+01	4.9890e+00	3.2975e-09	5.6396e-01	4.3604e-01	2.7043e-01	7.2957e-01	4.9561e-10	6.5249e-12	4.6495e-04	8.8008e-01	1.1945e-01	2.6829e-06	6.1681e-01	3.8216e-01	1.0327e-03	1.1755e-36	1.1755e-36	1.1755e-36	4.0323e-18	0.00e+00	0.00e+00	3.0694e+01
3.65997e+19	7.6255e+03	2.155e-22	1.0000e+01	4.8858e+00	3.5643e-09	5.7486e-01	4.2514e-01	2.7638e-01	7.2362e-01	4.9707e-10	6.8666e-12	4.5792e-04	8.8362e-01	1.1592e-01	2.5091e-06	6.2736e-01	3.7168e-01	9.5736e-04	1.1755e-36	1.1755e-36	1.1755e-36	4.3468e-18	0.00e+00	0.00e+00	3.1217e+01
3.66152e+19	7.5994e+03	2.076e-22	1.0000e+01	4.7564e+00	3.8178e-09	5.8607e-01	4.1393e-01	2.8237e-01	7.1763e-01	5.0114e-10	7.2020e-12	4.4804e-04	8.8720e-01	1.1235e-01	2.3345e-06	6.3815e-01	3.6097e-01	8.8013e-04	1.1755e-36	1.1755e-36	1.1755e-36	4.6590e-18	0.00e+00	0.00e+00	3.1830e+01
3.66327e+19	7.5521e+03	1.992e-22	1.0000e+01	4.6174e+00	4.1755e-09	5.9932e-01	4.0068e-01	2.8976e-01	7.1024e-01	5.0473e-10	7.6304e-12	4.3772e-04	8.9135e-01	1.0821e-01	2.1462e-06	6.5082e-01	3.4838e-01	7.9854e-04	1.1755e-36	1.1755e-36	1.1755e-36	5.0720e-18	0.00e+00	0.00e+00	3.2527e+01
3.66505e+19	7.5012e+03	1.909e-22	1.0000e+01	4.4785e+00	4.5776e-09	6.1277e-01	3.8723e-01	2.9736e-01	7.0264e-01	5.0857e-10	8.0843e-12	4.2726e-04	8.9543e-01	1.0414e-01	1.9712e-06	6.6360e-01	3.3568e-01	7.2292e-04	1.1755e-36	1.1755e-36	1.1755e-36	5.5252e-18	0.00e+00	0.00e+00	3.3194e+01
3.66670e+19	7.4535e+03	1.834e-22	1.0000e+01	4.3550e+00	4.9774e-09	6.2497e-01	3.7503e-01	3.0466e-01	6.9534e-01	5.1176e-10	8.5174e-12	4.1792e-04	8.9916e-01	1.0042e-01	1.8210e-06	6.7513e-01	3.2421e-01	6.5914e-04	1.1755e-36	1.1755e-36	1.1755e-36	5.9712e-18	0.00e+00	0.00e+00	3.3815e+01
3.66827e+19	7.4123e+03	1.763e-22	1.0000e+01	4.2343e+00	5.3621e-09	6.3581e-01	3.6419e-01	3.1150e-01	6.8850e-01	5.1553e-10	8.9041e-12	4.0847e-04	9.0254e-01	9.7046e-02	1.6905e-06	6.8535e-01	3.1405e-01	6.0462e-04	1.1755e-36	1.1755e-36	1.1755e-36	6.3740e-18	0.00e+00	0.00e+00	3.4442e+01
3.66991e+19	7.3557e+03	1.691e-22	1.0000e+01	4.1129e+00	5.8450e-09	6.4735e-01	3.5265e-01	3.1927e-01	6.8073e-01	5.1830e-10	9.3422e-12	3.9913e-04	9.0616e-01	9.3436e-02	1.5600e-06	6.9614e-01	3.0331e-01	5.5165e-04	1.1755e-36	1.1755e-36	1.1755e-36	6.8434e-18	0.00e+00	0.00e+00	3.5143e+01
3.67164e+19	7.2951e+03	1.618e-22	1.0000e+01	3.9905e+00	6.4039e-09	6.5956e-01	3.4044e-01	3.2779e-01	6.7221e-01	5.2067e-10	9.8350e-12	3.8969e-04	9.0993e-01	8.9679e-02	1.4316e-06	7.0753e-01	2.9197e-01	4.9996e-04	1.1755e-36	1.1755e-36	1.1755e-36	7.3931e-18	0.00e+00	0.00e+00	3.5874e+01
3.67335e+19	7.2386e+03	1.547e-22	1.0000e+01	3.8672e+00	6.9759e-09	6.7093e-01	3.2907e-01	3.3592e-01	6.6408e-01	5.2409e-10	1.0294e-11	3.7984e-04	9.1341e-01	8.6210e-02	1.3179e-06	7.1806e-01	2.8148e-01	4.5442e-04	1.1755e-36	1.1755e-36	1.1755e-36	7.9151e-18	0.00e+00	0.00e+00	3.6581e+01
3.67503e+19	7.1798e+03	1.480e-22	1.0000e+01	3.7504e+00	7.5937e-09	6.8177e-01	3.1823e-01	3.4422e-01	6.5578e-01	5.2686e-10	1.0754e-11	3.7047e-04	9.1677e-01	8.2854e-02	1.2141e-06	7.2807e-01	2.7151e-01	4.1383e-04	1.1755e-36	1.1755e-36	1.1755e-36	8.4527e-18	0.00e+00	0.00e+00	3.7303e+01
3.67674e+19	7.1199e+03	1.414e-22	1.0000e+01	3.6350e+00	8.2712e-09	6.9256e-01	3.0744e-01	3.5292e-01	6.4708e-01	5.2936e-10	1.1232e-11	3.6113e-04	9.2013e-01	7.9504e-02	1.1159e-06	7.3798e-01	2.6165e-01	3.7603e-04	1.1755e-36	1.1755e-36	1.1755e-36	9.0298e-18	0.00e+00	0.00e+00	3.8062e+01
3.67849e+19	7.0515e+03	1.348e-22	1.0000e+01	3.5178e+00	9.0678e-09	7.0346e-01	2.9654e-01	3.6205e-01	6.3795e-01	5.3160e-10	1.1737e-11	3.5155e-04	9.2349e-01	7.6162e-02	1.0230e-06	7.4792e-01	2.5174e-01	3.4078e-04	1.1755e-36	1.1755e-36	1.1755e-36	9.6622e-18	0.00e+00	0.00e+00	3.8850e+01
3.68026e+19	6.9776e+03	1.284e-22	1.0000e+01	3.4011e+00	9.9662e-09	7.1403e-01	2.8597e-01	3.7133e-01	6.2867e-01	5.3386e-10	1.2242e-11	3.4195e-04	9.2673e-01	7.2923e-02	9.3725e-07	7.5756e-01	2.4213e-01	3.0871e-04	1.1755e-36	1.1755e-36	1.1755e-36	1.0313e-17	0.00e+00	0.00e+00	3.9642e+01
3.68202e+19	6.9006e+03	1.224e-22	1.0000e+01	3.2924e+00	1.0976e-08	7.2456e-01	2.7544e-01	3.8115e-01	6.1885e-01	5.3478e-10	1.2790e-11	3.3305e-04	9.2995e-01	6.9713e-02	8.5737e-07	7.6710e-01	2.3262e-01	2.7939e-04	1.1755e-36	1.1755e-36	1.1755e-36	1.1058e-17	0.00e+00	0.00e+00	4.0449e+01
3.68376e+19	6.8253e+03	1.165e-22	1.0000e+01	3.1842e+00	1.2052e-08	7.3444e-01	2.6556e-01	3.9078e-01	6.0922e-01	5.3625e-10	1.3315e-11	3.2398e-04	9.3298e-01	6.6694e-02	7.8548e-07	7.7602e-01	2.2373e-01	2.5330e-04	1.1755e-36	1.1755e-36	1.1755e-36	1.1796e-17	0.00e+00	0.00e+00	4.1252e+01
3.68552e+19	6.7473e+03	1.109e-22	1.0000e+01	3.0797e+00	1.3255e-08	7.4411e-01	2.5589e-01	4.0076e-01	5.9924e-01	5.3702e-10	1.3864e-11	3.1517e-04	9.3595e-01	6.3733e-02	7.1860e-07	7.8470e-01	2.1507e-01	2.2948e-04	1.1755e-36	1.1755e-36	1.1755e-36	1.2605e-17	0.00e+00	0.00e+00	4.2087e+01
3.68731e+19	6.6706e+03	1.053e-22	1.0000e+01	2.9720e+00	1.4556e-08	7.5339e-01	2.4661e-01	4.1072e-01	5.8928e-01	5.3864e-10	1.4396e-11	3.0586e-04	9.3881e-01	6.0883e-02	6.5674e-07	7.9301e-01	2.0678e-01	2.0766e-04	1.1755e-36	1.1755e-36	1.1755e-36	1.3419e-17	0.00e+00	0.00e+00	4.2949e+01
3.68916e+19	6.5745e+03	9.989e-23	1.0000e+01	2.8681e+00	1.6254e-08	7.6327e-01	2.3673e-01	4.2183e-01	5.7817e-01	5.3788e-10	1.5047e-11	2.9704e-04	9.4176e-01	5.7939e-02	5.9693e-07	8.0181e-01	1.9801e-01	1.8693e-04	1.1755e-36	1.1755e-36	1.1755e-36	1.4493e-17	0.00e+00	0.00e+00	4.3857e+01
3.69100e+19	6.4824e+03	9.472e-23	1.0000e+01	2.7660e+00	1.8073e-08	7.7258e-01	2.2742e-01	4.3265e-01	5.6735e-01	5.3782e-10	1.5689e-11	2.8819e-04	9.4451e-01	5.5197e-02	5.4354e-07	8.1008e-01	1.8975e-01	1.6849e-04	1.1755e-36	1.1755e-36	1.1755e-36	1.5613e-17	0.00e+00	0.00e+00	4.4732e+01
3.69278e+19	6.3879e+03	8.994e-23	1.0000e+01	2.6701e+00	2.0099e-08	7.8124e-01	2.1876e-01	4.4339e-01	5.5661e-01	5.3707e-10	1.6341e-11	2.7984e-04	9.4709e-01	5.2631e-02	4.9611e-07	8.1774e-01	1.8211e-01	1.5246e-04	1.1755e-36	1.1755e-36	1.1755e-36	1.6827e-17	0.00e+00	0.00e+00	4.5601e+01
3.69453e+19	6.2855e+03	8.544e-23	1.0000e+01	2.5770e+00	2.2475e-08	7.8954e-01	2.1046e-01	4.5419e-01	5.4580e-01	5.3567e-10	1.7035e-11	2.7173e-04	9.4954e-01	5.0192e-02	4.5321e-07	8.2506e-01	1.7480e-01	1.3817e-04	1.1755e-36	1.1755e-36	1.1755e-36	1.8213e-17	0.00e+00	0.00e+00	4.6472e+01
3.69623e+19	6.1886e+03	8.127e-23	1.0000e+01	2.4903e+00	2.5000e-08	7.9731e-01	2.0269e-01	4.6470e-01	5.3530e-01	5.3408e-10	1.7747e-11	2.6407e-04	9.5180e-01	4.7935e-02	4.1524e-07	8.3188e-01	1.6799e-01	1.2560e-04	1.1755e-36	1.1755e-36	1.1755e-36	1.9729e-17	0.00e+00	0.00e+00	4.7304e+01
3.69788e+19	6.0897e+03	7.741e-23	1.0000e+01	2.4091e+00	2.7817e-08	8.0458e-01	1.9542e-01	4.7516e-01	5.2484e-01	5.3169e-10	1.8498e-11	2.5689e-04	9.5393e-01	4.5811e-02	3.8113e-07	8.3827e-01	1.6162e-01	1.1452e-04	1.1755e-36	1.1755e-36	1.1755e-36	2.1440e-17	0.00e+00	0.00e+00	4.8136e+01
3.69950e+19	5.9888e+03	7.374e-23	1.0000e+01	2.3304e+00	3.0989e-08	8.1159e-01	1.8841e-01	4.8559e-01	5.1441e-01	5.2899e-10	1.9309e-11	2.4989e-04	9.5595e-01	4.3798e-02	3.5014e-07	8.4439e-01	1.5550e-01	1.0452e-04	1.1755e-36	1.1755e-36	1.1755e-36	2.3412e-17	0.00e+00	0.00e+00	4.8964e+01
3.70110e+19	5.8887e+03	7.029e-23	1.0000e+01	2.2536e+00	3.4459e-08	8.1811e-01	1.8189e-01	4.9573e-01	5.0427e-01	5.2652e-10	2.0149e-11	2.4296e-04	9.5783e-01	4.1923e-02	3.2224e-07	8.5012e-01	1.4979e-01	9.5592e-05	1.1755e-36	1.1755e-36	1.1755e-36	2.5592e-17	0.00e+00	0.00e+00	4.9780e+01
3.70267e+19	5.7834e+03	6.703e-23	1.0000e+01	2.1819e+00	3.8492e-08	8.2466e-01	1.7534e-01	5.0615e-01	4.9385e-01	5.2265e-10	2.1132e-11	2.3654e-04	9.5965e-01	4.0116e-02	2.9672e-07	8.5576e-01	1.4415e-01	8.7478e-05	1.1755e-36	1.1755e-36	1.1755e-36	2.8310e-17	0.00e+00	0.00e+00	5.0596e+01
3.70421e+19	5.6803e+03	6.400e-23	1.0000e+01	2.1127e+00	4.2841e-08	8.3072e-01	1.6928e-01	5.1617e-01	4.8383e-01	5.1910e-10	2.2160e-11	2.3028e-04	9.6132e-01	3.8451e-02	2.7394e-07	8.6103e-01	1.3889e-01	8.0265e-05	1.1755e-36	1.1755e-36	1.1755e-36	3.1341e-17	0.00e+00	0.00e+00	5.1381e+01
3.70569e+19	5.5798e+03	6.116e-23	1.0000e+01	2.0460e+00	4.7466e-08	8.3627e-01	1.6373e-01	5.2579e-01	4.7421e-01	5.1584e-10	2.3223e-11	2.2419e-04	9.6286e-01	3.6912e-02	2.5355e-07	8.6585e-01	1.3408e-01	7.3892e-05	1.1755e-36	1.1755e-36	1.1755e-36	3.4668e-17	0.00e+00	0.00e+00	5.2160e+01
3.70719e+19	5.4760e+03	5.842e-23	1.0000e+01	1.9815e+00	5.2695e-08	8.4183e-01	1.5817e-01	5.3571e-01	4.6429e-01	5.1167e-10	2.4444e-11	2.1829e-04	9.6438e-01	3.5405e-02	2.3435e-07	8.7065e-01	1.2928e-01	6.7922e-05	1.1755e-36	1.1755e-36	1.1755e-36	3.8703e-17	0.00e+00	0.00e+00	5.2964e+01
3.70871e+19	5.3685e+03	5.573e-23	1.0000e+01	1.9180e+00	5.8615e-08	8.4748e-01	1.5252e-01	5.4589e-01	4.5411e-01	5.0691e-10	2.5853e-11	2.1250e-04	9.6585e-01	3.3934e-02	2.1635e-07	8.7550e-01	1.2444e-01	6.2302e-05	1.1755e-36	1.1755e-36	1.1755e-36	4.3632e-17	0.00e+00	0.00e+00	5.3780e+01
3.71022e+19	5.2543e+03	5.317e-23	1.0000e+01	1.8545e+00	6.5364e-08	8.5296e-01	1.4704e-01	5.5600e-01	4.4400e-01	5.0207e-10	2.7446e-11	2.0668e-04	9.6725e-01	3.2542e-02	1.9984e-07	8.8021e-01	1.1973e-01	5.7160e-05	1.1755e-36	1.1755e-36	1.1755e-36	4.9573e-17	0.00e+00	0.00e+00	5.4593e+01
3.71171e+19	5.1410e+03	5.077e-23	1.0000e+01	1.7939e+00	7.2542e-08	8.5818e-01	1.4182e-01	5.6589e-01	4.3411e-01	4.9705e-10	2.9170e-11	2.0111e-04	9.6856e-01	3.1243e-02	1.8496e-07	8.8469e-01	1.1526e-01	5.2534e-05	1.1755e-36	1.1755e-36	1.1755e-36	5.6377e-17	0.00e+00	0.00e+00	5.5385e+01
3.71318e+19	5.0254e+03	4.848e-23	1.0000e+01	1.7352e+00	8.0263e-08	8.6320e-01	1.3680e-01	5.7580e-01	4.2420e-01	4.9152e-10	3.1062e-11	1.9573e-04	9.6980e-01	3.0004e-02	1.7126e-07	8.8900e-01	1.1095e-01	4.8312e-05	1.1755e-36	1.1755e-36	1.1755e-36	6.4258e-17	0.00e+00	0.00e+00	5.6191e+01
3.71469e+19	4.9010e+03	4.623e-23	1.0000e+01	1.6759e+00	8.8727e-08	8.6829e-01	1.3171e-01	5.8605e-01	4.1395e-01	4.8531e-10	3.2326e-11	1.9034e-04	9.7117e-01	2.8639e-02	1.5744e-07	8.9336e-01	1.0660e-01	4.4307e-05	1.1755e-36	1.1755e-36	1.1755e-36	6.9762e-17	0.00e+00	0.00e+00	5.7033e+01
3.71626e+19	4.7629e+03	4.397e-23	1.0000e+01	1.6141e+00	9.8178e-08	8.7357e-01	1.2643e-01	5.9679e-01	4.0321e-01	4.7840e-10	3.3296e-11	1.8479e-04	9.7259e-01	2.7226e-02	1.4391e-07	8.9787e-01	1.0209e-01	4.0454e-05	1.1755e-36	1.1755e-36	1.1755e-36	7.4120e-17	0.00e+00	0.00e+00	5.7921e+01
3.71790e+19	4.6207e+03	4.172e-23	1.0000e+01	1.5513e+00	1.0768e-07	8.7892e-01	1.2108e-01	6.0781e-01	3.9219e-01	4.7131e-10	3.4045e-11	1.7912e-04	9.7399e-01	2.5827e-02	1.3105e-07	9.0243e-01	9.7537e-02	3.6773e-05	1.1755e-36	1.1755e-36	1.1755e-36	7.7440e-17	0.00e+00	0.00e+00	5.8845e+01
3.71954e+19	4.4765e+03	3.957e-23	1.0000e+01	1.4897e+00	1.1661e-07	8.8416e-01	1.1584e-01	6.1872e-01	3.8128e-01	4.6412e-10	3.4472e-11	1.7358e-04	9.7533e-01	2.4494e-02	1.1755e-36	9.0688e-01	9.3086e-02	3.3405e-05	1.1755e-36	1.1755e-36	1.1755e-36	7.9111e-17	0.00e+00	0.00e+00	5.9752e+01
3.72111e+19	4.3367e+03	3.762e-23	1.0000e+01	1.4327e+00	1.2419e-07	8.8897e-01	1.1103e-01	6.2908e-01	3.7092e-01	4.5682e-10	3.4521e-11	1.6851e-04	9.7655e-01	2.3281e-02	1.1755e-36	9.1097e-01	8.9003e-02	3.0492e-05	1.1755e-36	1.1755e-36	1.1755e-36	7.8804e-17	0.00e+00	0.00e+00	6.0601e+01
3.72257e+19	4.2031e+03	3.590e-23	1.0000e+01	1.3813e+00	1.3013e-07	8.9327e-01	1.0673e-01	6.3883e-01	3.6117e-01	4.4927e-10	3.4227e-11	1.6404e-04	9.7765e-01	2.2188e-02	1.1755e-36	9.1462e-01	8.5355e-02	2.8022e-05	1.1755e-36	1.1755e-36	1.1755e-36	7.6690e-17	0.00e+00	0.00e+00	6.1395e+01
3.72394e+19	4.0749e+03	3.436e-23	1.0000e+01	1.3345e+00	1.3449e-07	8.9717e-01	1.0283e-01	6.4806e-01	3.5194e-01	4.4157e-10	3.3650e-11	1.6006e-04	9.7864e-01	2.1197e-02	1.1755e-36	9.1792e-01	8.2053e-02	2.5893e-05	1.1755e-36	1.1755e-36	1.1755e-36	7.3148e-17	0.00e+00	0.00e+00	6.2148e+01
3.72524e+19	3.9510e+03	3.296e-23	1.0000e+01	1.2911e+00	1.3738e-07	9.0076e-01	9.9238e-02	6.5685e-01	3.4315e-01	4.3380e-10	3.2858e-11	1.5646e-04	9.7956e-01	2.0287e-02	1.1755e-36	9.2097e-01	7.9005e-02	2.4019e-05	1.1755e-36	1.1755e-36	1.1755e-36	6.8595e-17	0.00e+00	0.00e+00	6.2868e+01
###########################
5.76927e+14	6.9303e+03	3.923e-22	1.0000e+01	1.0893e+01	1.8158e-14	1.4381e-03	9.9856e-01	3.8766e-03	9.5270e-01	4.3422e-02	4.2138e-19	2.9260e-05	6.9239e-02	9.1797e-01	1.2750e-02	1.4428e-04	1.2302e-01	8.6017e-01	1.6667e-02	3.6202e-07	1.1755e-36	5.0058e-27	0.00e+00	0.00e+00	1.0475e-04
3.46156e+15	6.9285e+03	3.921e-22	1.0000e+01	1.0891e+01	1.8170e-14	1.4378e-03	9.9856e-01	3.8766e-03	9.5273e-01	4.3397e-02	4.2077e-19	2.9365e-05	6.9248e-02	9.1795e-01	1.2766e-02	1.4417e-04	1.2294e-01	8.6030e-01	1.6613e-02	3.6030e-07	1.1755e-36	4.9938e-27	0.00e+00	0.00e+00	5.2367e-04
1.50001e+16	6.9248e+03	3.919e-22	1.0000e+01	1.0891e+01	1.8212e-14	1.4375e-03	9.9856e-01	3.8785e-03	9.5297e-01	4.3151e-02	4.2050e-19	2.9400e-05	6.9282e-02	9.1795e-01	1.2735e-02	1.4409e-04	1.2288e-01	8.6059e-01	1.6384e-02	3.5306e-07	1.1755e-36	4.9866e-27	0.00e+00	0.00e+00	2.1990e-03
6.11543e+16	6.9167e+03	3.909e-22	1.0000e+01	1.0889e+01	1.8305e-14	1.4368e-03	9.9856e-01	3.8879e-03	9.5427e-01	4.1838e-02	4.2030e-19	2.9507e-05	6.9371e-02	9.1798e-01	1.2616e-02	1.4409e-04	1.2287e-01	8.6149e-01	1.5501e-02	3.2565e-07	1.1755e-36	4.9749e-27	0.00e+00	0.00e+00	8.8967e-03
1.46078e+17	6.8819e+03	3.881e-22	1.0000e+01	1.0889e+01	1.8472e-14	1.4280e-03	9.9857e-01	3.8963e-03	9.5501e-01	4.1098e-02	4.1259e-19	2.9526e-05	6.9478e-02	9.1797e-01	1.2512e-02	1.4290e-04	1.2249e-01	8.6306e-01	1.4310e-02	2.8820e-07	1.1755e-36	4.8176e-27	0.00e+00	0.00e+00	1.7551e-02
2.56479e+17	6.8450e+03	3.852e-22	1.0000e+01	1.0887e+01	1.8694e-14	1.4199e-03	9.9858e-01	3.9127e-03	9.5714e-01	3.8945e-02	4.0617e-19	2.9541e-05	6.9629e-02	9.1803e-01	1.2302e-02	1.4201e-04	1.2228e-01	8.6473e-01	1.2852e-02	2.4518e-07	1.1755e-36	4.6821e-27	0.00e+00	0.00e+00	2.8737e-02
4.00000e+17	6.8052e+03	3.822e-22	1.0000e+01	1.0884e+01	1.8913e-14	1.4107e-03	9.9859e-01	3.9302e-03	9.6065e-01	3.5421e-02	3.9183e-19	2.9501e-05	6.9706e-02	9.1826e-01	1.1995e-02	1.3890e-04	1.2025e-01	8.6845e-01	1.1160e-02	1.9855e-07	1.1755e-36	4.4557e-27	0.00e+00	0.00e+00	4.3185e-02
5.86577e+17	6.7571e+03	3.787e-22	1.0000e+01	1.0881e+01	1.9294e-14	1.4033e-03	9.9860e-01	3.9645e-03	9.6551e-01	3.0522e-02	3.8643e-19	2.9520e-05	6.9985e-02	9.1840e-01	1.1581e-02	1.3851e-04	1.2031e-01	8.7033e-01	9.2158e-03	1.4971e-07	1.1755e-36	4.3272e-27	0.00e+00	0.00e+00	6.1869e-02
8.29128e+17	6.7054e+03	3.745e-22	1.0000e+01	1.0877e+01	1.9719e-14	1.3962e-03	9.9860e-01	4.0088e-03	9.7148e-01	2.4511e-02	3.8267e-19	2.9646e-05	7.0365e-02	9.1852e-01	1.1083e-02	1.3903e-04	1.2105e-01	8.7167e-01	7.1434e-03	1.1755e-36	1.1755e-36	4.2039e-27	0.00e+00	0.00e+00	8.6036e-02
1.14444e+18	6.6495e+03	3.696e-22	1.0000e+01	1.0870e+01	2.0222e-14	1.3902e-03	9.9861e-01	4.0624e-03	9.7798e-01	1.7953e-02	3.8169e-19	2.9884e-05	7.0874e-02	9.1856e-01	1.0535e-02	1.4075e-04	1.2262e-01	8.7214e-01	5.0998e-03	1.1755e-36	1.1755e-36	4.1000e-27	0.00e+00	0.00e+00	1.1732e-01
1.55435e+18	6.5831e+03	3.645e-22	1.0000e+01	1.0865e+01	2.1021e-14	1.3874e-03	9.9861e-01	4.1283e-03	9.8419e-01	1.1684e-02	3.8619e-19	3.0198e-05	7.1604e-02	9.1839e-01	9.9782e-03	1.4401e-04	1.2513e-01	8.7145e-01	3.2760e-03	1.1755e-36	1.1755e-36	4.0492e-27	0.00e+00	0.00e+00	1.5790e-01
2.08724e+18	6.5092e+03	3.591e-22	1.0000e+01	1.0860e+01	2.2095e-14	1.3888e-03	9.9861e-01	4.2041e-03	9.8922e-01	6.5734e-03	3.9536e-19	3.0660e-05	7.2571e-02	9.1794e-01	9.4614e-03	1.4874e-04	1.2835e-01	8.6965e-01	1.8456e-03	1.1755e-36	1.1755e-36	4.0338e-27	0.00e+00	0.00e+00	2.1071e-01
2.77999e+18	6.4295e+03	3.537e-22	1.0000e+01	1.0856e+01	2.3479e-14	1.3962e-03	9.9860e-01	4.2912e-03	9.9260e-01	3.1069e-03	4.0901e-19	3.1326e-05	7.3829e-02	9.1713e-01	9.0061e-03	1.5498e-04	1.3206e-01	8.6690e-01	8.8708e-04	1.1755e-36	1.1755e-36	4.0429e-27	0.00e+00	0.00e+00	2.7974e-01
3.68056e+18	6.3474e+03	3.485e-22	1.0000e+01	1.0854e+01	2.5323e-14	1.4128e-03	9.9859e-01	4.3954e-03	9.9440e-01	1.2011e-03	4.3004e-19	3.2288e-05	7.5466e-02	9.1590e-01	8.5988e-03	1.6314e-04	1.3619e-01	8.6330e-01	3.5428e-04	1.1755e-36	1.1755e-36	4.1156e-27	0.00e+00	0.00e+00	3.7054e-01
4.85131e+18	6.2686e+03	3.436e-22	1.0000e+01	1.0853e+01	2.7768e-14	1.4436e-03	9.9856e-01	4.5277e-03	9.9510e-01	3.7244e-04	4.6323e-19	3.3692e-05	7.7627e-02	9.1414e-01	8.2016e-03	1.7439e-04	1.4096e-01	8.5875e-01	1.1528e-04	1.1755e-36	1.1755e-36	4.2995e-27	0.00e+00	0.00e+00	4.9114e-01
6.37327e+18	6.2011e+03	3.393e-22	1.0000e+01	1.0852e+01	3.1053e-14	1.4967e-03	9.9850e-01	4.7060e-03	9.9520e-01	9.2629e-05	5.1839e-19	3.5756e-05	8.0551e-02	9.1164e-01	7.7731e-03	1.9094e-04	1.4690e-01	8.5288e-01	3.0467e-05	1.1755e-36	1.1755e-36	4.6901e-27	0.00e+00	0.00e+00	6.5370e-01
8.35183e+18	6.1641e+03	3.359e-22	1.0000e+01	1.0851e+01	3.5377e-14	1.5857e-03	9.9841e-01	4.9554e-03	9.9503e-01	1.9104e-05	6.1614e-19	3.8981e-05	8.4608e-02	9.0807e-01	7.2830e-03	2.1687e-04	1.5489e-01	8.4489e-01	6.6839e-06	1.1755e-36	1.1755e-36	5.5007e-27	0.00e+00	0.00e+00	8.7759e-01
1.09240e+19	6.1763e+03	3.344e-22	1.0000e+01	1.0849e+01	4.1506e-14	1.7376e-03	9.9826e-01	5.3254e-03	9.9467e-01	3.4605e-06	8.0780e-19	4.4121e-05	9.0499e-02	9.0275e-01	6.7041e-03	2.6049e-04	1.6621e-01	8.3353e-01	1.2593e-06	1.1755e-36	1.1755e-36	7.2853e-27	0.00e+00	0.00e+00	1.1965e+00
1.37288e+19	6.2457e+03	3.351e-22	1.0000e+01	1.0847e+01	4.8516e-14	1.9476e-03	9.9805e-01	5.7662e-03	9.9423e-01	7.1787e-07	1.1131e-18	5.0740e-05	9.7436e-02	8.9638e-01	6.1352e-03	3.2300e-04	1.7978e-01	8.1989e-01	2.6314e-07	1.1755e-36	1.1755e-36	1.0406e-26	0.00e+00	0.00e+00	1.5287e+00
1.60948e+19	6.3724e+03	3.384e-22	1.0000e+01	1.0844e+01	5.4724e-14	2.1849e-03	9.9782e-01	6.2045e-03	9.9380e-01	2.3406e-07	1.5362e-18	5.7814e-05	1.0413e-01	8.9012e-01	5.6924e-03	3.9694e-04	1.9311e-01	8.0649e-01	1.1755e-36	1.1755e-36	1.1755e-36	1.5253e-26	0.00e+00	0.00e+00	1.8087e+00
1.78766e+19	6.5014e+03	3.428e-22	1.0000e+01	1.0841e+01	6.0815e-14	2.4205e-03	9.9758e-01	6.6116e-03	9.9339e-01	1.1113e-07	2.0691e-18	6.4459e-05	1.1020e-01	8.8438e-01	5.3550e-03	4.7506e-04	2.0534e-01	7.9419e-01	1.1755e-36	1.1755e-36	1.1755e-36	2.1910e-26	0.00e+00	0.00e+00	2.0431e+00
1.93059e+19	6.6216e+03	3.472e-22	1.0000e+01	1.0838e+01	6.7359e-14	2.6563e-03	9.9734e-01	7.0024e-03	9.9300e-01	6.3596e-08	2.7442e-18	7.1008e-05	1.1601e-01	8.7885e-01	5.0694e-03	5.5915e-04	2.1719e-01	7.8225e-01	1.1755e-36	1.1755e-36	1.1755e-36	3.0941e-26	0.00e+00	0.00e+00	2.2652e+00
2.05972e+19	6.7406e+03	3.520e-22	1.0000e+01	1.0835e+01	7.5016e-14	2.9144e-03	9.9709e-01	7.4246e-03	9.9258e-01	3.9396e-08	3.6635e-18	7.8017e-05	1.2214e-01	8.7298e-01	4.7965e-03	6.5815e-04	2.2990e-01	7.6945e-01	1.1755e-36	1.1755e-36	1.1755e-36	4.4007e-26	0.00e+00	0.00e+00	2.4967e+00
2.18185e+19	6.8630e+03	3.572e-22	1.0000e+01	1.0831e+01	8.4214e-14	3.2077e-03	9.9679e-01	7.8913e-03	9.9211e-01	2.5606e-08	4.9603e-18	8.5758e-05	1.2881e-01	8.6658e-01	4.5260e-03	7.7934e-04	2.4403e-01	7.5519e-01	1.1755e-36	1.1755e-36	1.1755e-36	6.3660e-26	0.00e+00	0.00e+00	2.7365e+00
2.29430e+19	6.9847e+03	3.627e-22	1.0000e+01	1.0828e+01	9.4844e-14	3.5323e-03	9.9647e-01	8.3924e-03	9.9161e-01	1.7550e-08	6.7339e-18	9.4040e-05	1.3585e-01	8.5979e-01	4.2644e-03	9.2385e-04	2.5928e-01	7.3980e-01	1.1755e-36	1.1755e-36	1.1755e-36	9.2243e-26	0.00e+00	0.00e+00	2.9739e+00
2.39478e+19	7.1002e+03	3.682e-22	1.0000e+01	1.0824e+01	1.0708e-13	3.8802e-03	9.9612e-01	8.9164e-03	9.9108e-01	1.2687e-08	9.1019e-18	1.0263e-04	1.4308e-01	8.5280e-01	4.0171e-03	1.0909e-03	2.7527e-01	7.2364e-01	1.1755e-36	1.1755e-36	1.1755e-36	1.3288e-25	0.00e+00	0.00e+00	3.2054e+00
2.48490e+19	7.2085e+03	3.735e-22	1.0000e+01	1.0819e+01	1.2106e-13	4.2515e-03	9.9575e-01	9.4650e-03	9.9053e-01	9.5628e-09	1.2230e-17	1.1151e-04	1.5051e-01	8.4559e-01	3.7817e-03	1.2828e-03	2.9199e-01	7.0672e-01	1.1755e-36	1.1755e-36	1.1755e-36	1.8972e-25	0.00e+00	0.00e+00	3.4356e+00
2.56771e+19	7.3115e+03	3.789e-22	1.0000e+01	1.0815e+01	1.3739e-13	4.6549e-03	9.9535e-01	1.0050e-02	9.8995e-01	7.4214e-09	1.6434e-17	1.2085e-04	1.5830e-01	8.3802e-01	3.5530e-03	1.5070e-03	3.0977e-01	6.8872e-01	1.1755e-36	1.1755e-36	1.1755e-36	2.7050e-25	0.00e+00	0.00e+00	3.6703e+00
2.64507e+19	7.4109e+03	3.842e-22	1.0000e+01	1.0810e+01	1.5660e-13	5.0997e-03	9.9490e-01	1.0684e-02	9.8932e-01	5.8889e-09	2.2139e-17	1.3080e-04	1.6657e-01	8.2997e-01	3.3280e-03	1.7722e-03	3.2887e-01	6.6935e-01	1.1755e-36	1.1755e-36	1.1755e-36	3.8621e-25	0.00e+00	0.00e+00	3.9112e+00
2.71732e+19	7.5064e+03	3.895e-22	1.0000e+01	1.0804e+01	1.7942e-13	5.5902e-03	9.9441e-01	1.1369e-02	9.8863e-01	4.7681e-09	2.9913e-17	1.4138e-04	1.7533e-01	8.2142e-01	3.1075e-03	2.0856e-03	3.4931e-01	6.4860e-01	1.1755e-36	1.1755e-36	1.1755e-36	5.5289e-25	0.00e+00	0.00e+00	4.1570e+00
2.78443e+19	7.5972e+03	3.948e-22	1.0000e+01	1.0798e+01	2.0630e-13	6.1280e-03	9.9387e-01	1.2107e-02	9.8789e-01	3.9346e-09	4.0418e-17	1.5253e-04	1.8457e-01	8.1239e-01	2.8931e-03	2.4532e-03	3.7096e-01	6.2659e-01	1.1755e-36	1.1755e-36	1.1755e-36	7.9055e-25	0.00e+00	0.00e+00	4.4068e+00
2.84679e+19	7.6838e+03	4.000e-22	1.0000e+01	1.0792e+01	2.3809e-13	6.7176e-03	9.9328e-01	1.2895e-02	9.8710e-01	3.3015e-09	5.4635e-17	1.6430e-04	1.9427e-01	8.0288e-01	2.6852e-03	2.8833e-03	3.9376e-01	6.0335e-01	1.1755e-36	1.1755e-36	1.1755e-36	1.1306e-24	0.00e+00	0.00e+00	4.6619e+00
2.90510e+19	7.7678e+03	4.049e-22	1.0000e+01	1.0786e+01	2.7569e-13	7.3662e-03	9.9263e-01	1.3740e-02	9.8626e-01	2.8092e-09	7.3915e-17	1.7654e-04	2.0445e-01	7.9289e-01	2.4838e-03	3.3870e-03	4.1777e-01	5.7884e-01	1.1755e-36	1.1755e-36	1.1755e-36	1.6188e-24	0.00e+00	0.00e+00	4.9246e+00
2.96000e+19	7.8390e+03	4.102e-22	1.0000e+01	1.0777e+01	3.2267e-13	8.0957e-03	9.9190e-01	1.4695e-02	9.8531e-01	2.4155e-09	1.0045e-16	1.9001e-04	2.1552e-01	7.8201e-01	2.2849e-03	3.9868e-03	4.4322e-01	5.5279e-01	1.1755e-36	1.1755e-36	1.1755e-36	2.3215e-24	0.00e+00	0.00e+00	5.1971e+00
3.01175e+19	7.9082e+03	4.153e-22	1.0000e+01	1.0767e+01	3.7949e-13	8.9094e-03	9.9109e-01	1.5737e-02	9.8426e-01	2.0990e-09	1.3695e-16	2.0416e-04	2.2724e-01	7.7046e-01	2.0924e-03	4.6953e-03	4.6994e-01	5.2537e-01	1.1755e-36	1.1755e-36	1.1755e-36	3.3445e-24	0.00e+00	0.00e+00	5.4794e+00
3.06047e+19	7.9782e+03	4.200e-22	1.0000e+01	1.0757e+01	4.4731e-13	9.8157e-03	9.9018e-01	1.6873e-02	9.8313e-01	1.8425e-09	1.8706e-16	2.1912e-04	2.3966e-01	7.5822e-01	1.9073e-03	5.5287e-03	4.9774e-01	4.9673e-01	1.1755e-36	1.1755e-36	1.1755e-36	4.8311e-24	0.00e+00	0.00e+00	5.7722e+00
3.10642e+19	8.0319e+03	4.252e-22	1.0000e+01	1.0746e+01	5.3555e-13	1.0848e-02	9.8915e-01	1.8143e-02	9.8186e-01	1.6294e-09	2.5731e-16	2.3527e-04	2.5306e-01	7.4498e-01	1.7267e-03	6.5233e-03	5.2670e-01	4.6678e-01	1.1755e-36	1.1755e-36	1.1755e-36	7.0311e-24	0.00e+00	0.00e+00	6.0779e+00
3.14993e+19	8.1015e+03	4.296e-22	1.0000e+01	1.0735e+01	6.3771e-13	1.1999e-02	9.8800e-01	1.9509e-02	9.8049e-01	1.4544e-09	3.5439e-16	2.5205e-04	2.6711e-01	7.3108e-01	1.5561e-03	7.6892e-03	5.5645e-01	4.3586e-01	1.1755e-36	1.1755e-36	1.1755e-36	1.0285e-23	0.00e+00	0.00e+00	6.3990e+00
3.19128e+19	8.1485e+03	4.345e-22	1.0000e+01	1.0717e+01	7.7414e-13	1.3337e-02	9.8666e-01	2.1106e-02	9.7889e-01	1.3036e-09	4.9197e-16	2.7057e-04	2.8261e-01	7.1573e-01	1.3894e-03	9.0975e-03	5.8718e-01	4.0373e-01	1.1755e-36	1.1755e-36	1.1755e-36	1.5116e-23	0.00e+00	0.00e+00	6.7385e+00
3.23066e+19	8.1934e+03	4.395e-22	1.0000e+01	1.0705e+01	9.5238e-13	1.4888e-02	9.8511e-01	2.2866e-02	9.7713e-01	1.1759e-09	6.9151e-16	2.9046e-04	2.9921e-01	6.9927e-01	1.2296e-03	1.0792e-02	6.1863e-01	3.7058e-01	1.1755e-36	1.1755e-36	1.1755e-36	2.2672e-23	0.00e+00	0.00e+00	7.0998e+00
3.26499e+19	8.2332e+03	4.439e-22	1.0000e+01	1.0684e+01	1.1583e-12	1.6537e-02	9.8346e-01	2.4692e-02	9.7531e-01	1.0782e-09	9.4783e-16	3.0994e-04	3.1559e-01	6.8301e-01	1.0912e-03	1.2650e-02	6.4766e-01	3.3969e-01	1.1755e-36	1.1755e-36	1.1755e-36	3.2941e-23	0.00e+00	0.00e+00	7.4153e+00
3.29332e+19	8.2608e+03	4.478e-22	1.0000e+01	1.0665e+01	1.3890e-12	1.8175e-02	9.8183e-01	2.6473e-02	9.7353e-01	1.0021e-09	1.2559e-15	3.2789e-04	3.3078e-01	6.6792e-01	9.7644e-04	1.4542e-02	6.7278e-01	3.1268e-01	1.1755e-36	1.1755e-36	1.1755e-36	4.6078e-23	0.00e+00	0.00e+00	7.7188e+00
3.32373e+19	8.2830e+03	4.519e-22	1.0000e+01	1.0643e+01	1.7228e-12	2.0268e-02	9.7973e-01	2.8737e-02	9.7126e-01	9.2122e-10	1.7356e-15	3.4969e-04	3.4928e-01	6.4951e-01	8.5325e-04	1.7018e-02	7.0052e-01	2.8247e-01	1.1755e-36	1.1755e-36	1.1755e-36	6.7764e-23	0.00e+00	0.00e+00	8.1587e+00
3.35705e+19	8.3022e+03	4.572e-22	1.0000e+01	1.0620e+01	2.2488e-12	2.3143e-02	9.7686e-01	3.1650e-02	9.6835e-01	8.4404e-10	2.5508e-15	3.7634e-04	3.7184e-01	6.2706e-01	7.2253e-04	2.0475e-02	7.3141e-01	2.4811e-01	1.1755e-36	1.1755e-36	1.1755e-36	1.0794e-22	0.00e+00	0.00e+00	8.6299e+00
3.38655e+19	8.3150e+03	4.622e-22	1.0000e+01	1.0588e+01	2.9406e-12	2.6431e-02	9.7357e-01	3.4827e-02	9.6517e-01	7.8210e-10	3.7111e-15	4.0319e-04	3.9484e-01	6.0415e-01	6.0918e-04	2.4489e-02	7.5911e-01	2.1640e-01	1.1755e-36	1.1755e-36	1.1755e-36	1.7018e-22	0.00e+00	0.00e+00	9.0764e+00
3.41225e+19	8.3237e+03	4.661e-22	1.0000e+01	1.0541e+01	3.8098e-12	3.0033e-02	9.6997e-01	3.8233e-02	9.6177e-01	7.3074e-10	5.2790e-15	4.2890e-04	4.1757e-01	5.8149e-01	5.1404e-04	2.8943e-02	7.8269e-01	1.8837e-01	1.1755e-36	1.1755e-36	1.1755e-36	2.6132e-22	0.00e+00	0.00e+00	9.5437e+00
3.44059e+19	8.3174e+03	4.704e-22	1.0000e+01	1.0488e+01	5.2718e-12	3.5073e-02	9.6493e-01	4.2895e-02	9.5710e-01	6.7402e-10	8.0717e-15	4.6152e-04	4.4635e-01	5.5278e-01	4.1400e-04	3.5225e-02	8.0707e-01	1.5770e-01	1.1755e-36	1.1755e-36	1.1755e-36	4.3976e-22	0.00e+00	0.00e+00	1.0253e+01
3.47106e+19	8.3046e+03	4.757e-22	1.0000e+01	1.0412e+01	7.9348e-12	4.2608e-02	9.5739e-01	4.9276e-02	9.5072e-01	6.1994e-10	1.3508e-14	5.0055e-04	4.8163e-01	5.1755e-01	3.1451e-04	4.4637e-02	8.3034e-01	1.2503e-01	1.1755e-36	1.1755e-36	1.1755e-36	8.3545e-22	0.00e+00	0.00e+00	1.1031e+01
3.49621e+19	8.2922e+03	4.795e-22	1.0000e+01	1.0308e+01	1.1876e-11	5.1601e-02	9.4840e-01	5.6220e-02	9.4378e-01	5.7981e-10	2.2085e-14	5.3614e-04	5.1556e-01	4.8366e-01	2.3862e-04	5.5859e-02	8.4569e-01	9.8447e-02	1.1755e-36	1.1755e-36	1.1755e-36	1.5575e-21	0.00e+00	0.00e+00	1.1728e+01
3.51344e+19	8.2775e+03	4.831e-22	1.0000e+01	1.0236e+01	1.6541e-11	6.0333e-02	9.3967e-01	6.2309e-02	9.3769e-01	5.5397e-10	3.2752e-14	5.6452e-04	5.4263e-01	4.5662e-01	1.8981e-04	6.6700e-02	8.5276e-01	8.0541e-02	1.1755e-36	1.1755e-36	1.1755e-36	2.5880e-21	0.00e+00	0.00e+00	1.2226e+01
3.52504e+19	8.2716e+03	4.831e-22	1.0000e+01	1.0142e+01	2.0927e-11	6.7455e-02	9.3254e-01	6.7138e-02	9.3286e-01	5.3743e-10	4.3129e-14	5.8198e-04	5.6190e-01	4.3736e-01	1.6037e-04	7.5529e-02	8.5514e-01	6.9332e-02	1.1755e-36	1.1755e-36	1.1755e-36	3.6938e-21	0.00e+00	0.00e+00	1.2657e+01
3.53668e+19	8.2487e+03	4.829e-22	1.0000e+01	1.0053e+01	2.7143e-11	7.5988e-02	9.2401e-01	7.2938e-02	9.2706e-01	5.1862e-10	5.7940e-14	6.0208e-04	5.8346e-01	4.1580e-01	1.3286e-04	8.6064e-02	8.5513e-01	5.8807e-02	1.1755e-36	1.1755e-36	1.1755e-36	5.4104e-21	0.00e+00	0.00e+00	1.3288e+01
3.54980e+19	8.2238e+03	4.832e-22	1.0000e+01	9.9558e+00	3.7684e-11	8.8387e-02	9.1161e-01	8.0619e-02	9.1938e-01	4.9855e-10	8.3995e-14	6.2660e-04	6.0969e-01	3.8958e-01	1.0456e-04	1.0126e-01	8.5119e-01	4.7559e-02	1.1755e-36	1.1755e-36	1.1755e-36	8.8240e-21	0.00e+00	0.00e+00	1.4018e+01
3.56140e+19	8.2289e+03	4.788e-22	1.0000e+01	9.7766e+00	5.0928e-11	1.0214e-01	8.9786e-01	8.8297e-02	9.1170e-01	4.8535e-10	1.1828e-13	6.4134e-04	6.3292e-01	3.6635e-01	8.3051e-05	1.1799e-01	8.4355e-01	3.8459e-02	1.1755e-36	1.1755e-36	1.1755e-36	1.3927e-20	0.00e+00	0.00e+00	1.4671e+01
3.57067e+19	8.2173e+03	4.747e-22	1.0000e+01	9.6185e+00	6.7194e-11	1.1615e-01	8.8385e-01	9.5814e-02	9.0419e-01	4.7346e-10	1.6033e-13	6.5384e-04	6.5338e-01	3.4590e-01	6.7381e-05	1.3490e-01	8.3339e-01	3.1712e-02	1.1755e-36	1.1755e-36	1.1755e-36	2.0953e-20	0.00e+00	0.00e+00	1.5287e+01
3.57878e+19	8.2049e+03	4.697e-22	1.0000e+01	9.4617e+00	8.7414e-11	1.3112e-01	8.6888e-01	1.0341e-01	8.9659e-01	4.6375e-10	2.1340e-13	6.6417e-04	6.7252e-01	3.2676e-01	5.5062e-05	1.5280e-01	8.2090e-01	2.6294e-02	1.1755e-36	1.1755e-36	1.1755e-36	3.0861e-20	0.00e+00	0.00e+00	1.5935e+01
3.58651e+19	8.1785e+03	4.634e-22	1.0000e+01	9.2826e+00	1.1546e-10	1.4846e-01	8.5154e-01	1.1175e-01	8.8825e-01	4.5483e-10	2.8570e-13	6.7255e-04	6.9172e-01	3.0756e-01	4.4603e-05	1.7337e-01	8.0503e-01	2.1596e-02	1.1755e-36	1.1755e-36	1.1755e-36	4.5913e-20	0.00e+00	0.00e+00	1.6651e+01
3.59392e+19	8.1596e+03	4.558e-22	1.0000e+01	9.0961e+00	1.5353e-10	1.6886e-01	8.3114e-01	1.2091e-01	8.7909e-01	4.4751e-10	3.8665e-13	6.7935e-04	7.1112e-01	2.8817e-01	3.5714e-05	1.9731e-01	7.8520e-01	1.7491e-02	1.1755e-36	1.1755e-36	1.1755e-36	6.9709e-20	0.00e+00	0.00e+00	1.7417e+01
3.60070e+19	8.1554e+03	4.443e-22	1.0000e+01	8.8482e+00	2.0020e-10	1.9063e-01	8.0937e-01	1.2999e-01	8.7001e-01	4.4339e-10	5.1132e-13	6.7862e-04	7.2837e-01	2.7092e-01	2.8872e-05	2.2258e-01	7.6323e-01	1.4195e-02	1.1755e-36	1.1755e-36	1.1755e-36	1.0284e-19	0.00e+00	0.00e+00	1.8184e+01
3.60689e+19	8.1315e+03	4.327e-22	1.0000e+01	8.6061e+00	2.6282e-10	2.1472e-01	7.8528e-01	1.3969e-01	8.6031e-01	4.3939e-10	6.7428e-13	6.7714e-04	7.4525e-01	2.5405e-01	2.3315e-05	2.5020e-01	7.3830e-01	1.1497e-02	1.1755e-36	1.1755e-36	1.1755e-36	1.5149e-19	0.00e+00	0.00e+00	1.8999e+01
3.61271e+19	8.1111e+03	4.193e-22	1.0000e+01	8.3501e+00	3.4356e-10	2.4134e-01	7.5866e-01	1.4991e-01	8.5009e-01	4.3686e-10	8.8556e-13	6.7266e-04	7.6150e-01	2.3781e-01	1.8801e-05	2.8034e-01	7.1040e-01	9.2589e-03	1.1755e-36	1.1755e-36	1.1755e-36	2.2278e-19	0.00e+00	0.00e+00	1.9857e+01
3.61813e+19	8.1002e+03	4.025e-22	1.0000e+01	8.0355e+00	4.4083e-10	2.6885e-01	7.3115e-01	1.5987e-01	8.4013e-01	4.3749e-10	1.1350e-12	6.6098e-04	7.7584e-01	2.2348e-01	1.5333e-05	3.1107e-01	6.8144e-01	7.4831e-03	1.1755e-36	1.1755e-36	1.1755e-36	3.1724e-19	0.00e+00	0.00e+00	2.0742e+01
3.62332e+19	8.0695e+03	3.852e-22	1.0000e+01	7.7247e+00	5.7173e-10	2.9933e-01	7.0067e-01	1.7077e-01	8.2923e-01	4.3836e-10	1.4585e-12	6.4857e-04	7.9032e-01	2.0902e-01	1.2429e-05	3.4464e-01	6.4936e-01	6.0012e-03	1.1755e-36	1.1755e-36	1.1755e-36	4.5435e-19	0.00e+00	0.00e+00	2.1717e+01
3.62835e+19	8.0427e+03	3.657e-22	1.0000e+01	7.3848e+00	7.3775e-10	3.3220e-01	6.6780e-01	1.8210e-01	8.1790e-01	4.4159e-10	1.8610e-12	6.3220e-04	8.0412e-01	1.9524e-01	1.0068e-05	3.8029e-01	6.1493e-01	4.7776e-03	1.1755e-36	1.1755e-36	1.1755e-36	6.4634e-19	0.00e+00	0.00e+00	2.2745e+01
3.63293e+19	8.0117e+03	3.461e-22	1.0000e+01	7.0455e+00	9.3696e-10	3.6523e-01	6.3477e-01	1.9319e-01	8.0681e-01	4.4643e-10	2.3252e-12	6.1377e-04	8.1653e-01	1.8285e-01	8.2582e-06	4.1555e-01	5.8062e-01	3.8329e-03	1.1755e-36	1.1755e-36	1.1755e-36	8.9402e-19	0.00e+00	0.00e+00	2.3727e+01
3.63683e+19	7.9728e+03	3.286e-22	1.0000e+01	6.7498e+00	1.1589e-09	3.9581e-01	6.0419e-01	2.0365e-01	7.9635e-01	4.5086e-10	2.8200e-12	5.9715e-04	8.2728e-01	1.7212e-01	6.9293e-06	4.4772e-01	5.4913e-01	3.1449e-03	1.1755e-36	1.1755e-36	1.1755e-36	1.1867e-18	0.00e+00	0.00e+00	2.4612e+01
3.64021e+19	7.9512e+03	3.113e-22	1.0000e+01	6.4584e+00	1.3704e-09	4.2193e-01	5.7807e-01	2.1264e-01	7.8736e-01	4.5766e-10	3.2744e-12	5.7833e-04	8.3595e-01	1.6347e-01	5.9740e-06	4.7484e-01	5.2251e-01	2.6483e-03	1.1755e-36	1.1755e-36	1.1755e-36	1.4765e-18	0.00e+00	0.00e+00	2.5472e+01
3.64326e+19	7.9092e+03	2.961e-22	1.0000e+01	6.2051e+00	1.6151e-09	4.4691e-01	5.5309e-01	2.2159e-01	7.7841e-01	4.6335e-10	3.7608e-12	5.6216e-04	8.4403e-01	1.5541e-01	5.2007e-06	5.0046e-01	4.9728e-01	2.2561e-03	1.1755e-36	1.1755e-36	1.1755e-36	1.8095e-18	0.00e+00	0.00e+00	2.6281e+01
3.64610e+19	7.8671e+03	2.816e-22	1.0000e+01	5.9711e+00	1.8788e-09	4.7051e-01	5.2949e-01	2.3063e-01	7.6937e-01	4.6825e-10	4.2652e-12	5.4683e-04	8.5162e-01	1.4783e-01	4.5583e-06	5.2442e-01	4.7364e-01	1.9371e-03	1.1755e-36	1.1755e-36	1.1755e-36	2.1778e-18	0.00e+00	0.00e+00	2.7114e+01
3.64893e+19	7.8238e+03	2.668e-22	1.0000e+01	5.7293e+00	2.1770e-09	4.9397e-01	5.0603e-01	2.3992e-01	7.6008e-01	4.7425e-10	4.8032e-12	5.3029e-04	8.5897e-01	1.4049e-01	3.9960e-06	5.4798e-01	4.5036e-01	1.6610e-03	1.1755e-36	1.1755e-36	1.1755e-36	2.5937e-18	0.00e+00	0.00e+00	2.8008e+01
3.65172e+19	7.7764e+03	2.522e-22	1.0000e+01	5.4890e+00	2.5146e-09	5.1708e-01	4.8292e-01	2.4934e-01	7.5066e-01	4.8089e-10	5.3725e-12	5.1330e-04	8.6599e-01	1.3349e-01	3.5109e-06	5.7094e-01	4.2763e-01	1.4254e-03	1.1755e-36	1.1755e-36	1.1755e-36	3.0594e-18	0.00e+00	0.00e+00	2.8895e+01
3.65432e+19	7.7299e+03	2.387e-22	1.0000e+01	5.2659e+00	2.8679e-09	5.3831e-01	4.6169e-01	2.5843e-01	7.4157e-01	4.8760e-10	5.9317e-12	4.9709e-04	8.7235e-01	1.2715e-01	3.1125e-06	5.9183e-01	4.0693e-01	1.2351e-03	1.1755e-36	1.1755e-36	1.1755e-36	3.5404e-18	0.00e+00	0.00e+00	2.9738e+01
3.65632e+19	7.7052e+03	2.286e-22	1.0000e+01	5.0926e+00	3.1370e-09	5.5381e-01	4.4619e-01	2.6491e-01	7.3509e-01	4.9447e-10	6.3501e-12	4.8385e-04	8.7675e-01	1.2276e-01	2.8523e-06	6.0695e-01	3.9194e-01	1.1090e-03	1.1755e-36	1.1755e-36	1.1755e-36	3.9161e-18	0.00e+00	0.00e+00	3.0269e+01
3.65771e+19	7.6733e+03	2.218e-22	1.0000e+01	4.9822e+00	3.3633e-09	5.6458e-01	4.3542e-01	2.7025e-01	7.2975e-01	4.9756e-10	6.6676e-12	4.7581e-04	8.8012e-01	1.1940e-01	2.6746e-06	6.1740e-01	3.8157e-01	1.0285e-03	1.1755e-36	1.1755e-36	1.1755e-36	4.2070e-18	0.00e+00	0.00e+00	3.0716e+01
3.65906e+19	7.6307e+03	2.150e-22	1.0000e+01	4.8730e+00	3.6244e-09	5.7518e-01	4.2482e-01	2.7599e-01	7.2401e-01	4.9973e-10	6.9942e-12	4.6799e-04	8.8356e-01	1.1597e-01	2.5040e-06	6.2766e-01	3.7139e-01	9.5421e-04	1.1755e-36	1.1755e-36	1.1755e-36	4.5094e-18	0.00e+00	0.00e+00	3.1248e+01
3.66066e+19	7.5896e+03	2.072e-22	1.0000e+01	4.7494e+00	3.9318e-09	5.8754e-01	4.1246e-01	2.8283e-01	7.1717e-01	5.0222e-10	7.3917e-12	4.5887e-04	8.8753e-01	1.1200e-01	2.3162e-06	6.3954e-01	3.5958e-01	8.7271e-04	1.1755e-36	1.1755e-36	1.1755e-36	4.8912e-18	0.00e+00	0.00e+00	3.1889e+01
3.66240e+19	7.5440e+03	1.989e-22	1.0000e+01	4.6123e+00	4.2918e-09	6.0072e-01	3.9928e-01	2.9012e-01	7.0988e-01	5.0585e-10	7.8248e-12	4.4851e-04	8.9161e-01	1.0794e-01	2.1317e-06	6.5214e-01	3.4707e-01	7.9232e-04	1.1755e-36	1.1755e-36	1.1755e-36	5.3184e-18	0.00e+00	0.00e+00	3.2552e+01
3.66410e+19	7.4996e+03	1.909e-22	1.0000e+01	4.4789e+00	4.6650e-09	6.1319e-01	3.8681e-01	2.9723e-01	7.0277e-01	5.0986e-10	8.2458e-12	4.3819e-04	8.9544e-01	1.0412e-01	1.9677e-06	6.6400e-01	3.3528e-01	7.2141e-04	1.1755e-36	1.1755e-36	1.1755e-36	5.7440e-18	0.00e+00	0.00e+00	3.3188e+01
3.66572e+19	7.4552e+03	1.834e-22	1.0000e+01	4.3541e+00	5.0522e-09	6.2494e-01	3.7506e-01	3.0433e-01	6.9567e-01	5.1343e-10	8.6600e-12	4.2847e-04	8.9908e-01	1.0049e-01	1.8206e-06	6.7511e-01	3.2423e-01	6.5914e-04	1.1755e-36	1.1755e-36	1.1755e-36	6.1736e-18	0.00e+00	0.00e+00	3.3824e+01
3.66736e+19	7.4077e+03	1.760e-22	1.0000e+01	4.2298e+00	5.4764e-09	6.3647e-01	3.6353e-01	3.1167e-01	6.8833e-01	5.1687e-10	9.0802e-12	4.1875e-04	9.0268e-01	9.6899e-02	1.6829e-06	6.8596e-01	3.1344e-01	6.0192e-04	1.1755e-36	1.1755e-36	1.1755e-36	6.6188e-18	0.00e+00	0.00e+00	3.4490e+01
3.66904e+19	7.3512e+03	1.687e-22	1.0000e+01	4.1078e+00	5.9781e-09	6.4849e-01	3.5151e-01	3.1974e-01	6.8026e-01	5.1945e-10	9.5489e-12	4.0919e-04	9.0642e-01	9.3174e-02	1.5490e-06	6.9720e-01	3.0225e-01	5.4732e-04	1.1755e-36	1.1755e-36	1.1755e-36	7.1335e-18	0.00e+00	0.00e+00	3.5193e+01
3.67075e+19	7.2947e+03	1.615e-22	1.0000e+01	3.9836e+00	6.5163e-09	6.6010e-01	3.3990e-01	3.2776e-01	6.7224e-01	5.2269e-10	1.0008e-11	3.9926e-04	9.0999e-01	8.9606e-02	1.4265e-06	7.0803e-01	2.9148e-01	4.9773e-04	1.1755e-36	1.1755e-36	1.1755e-36	7.6489e-18	0.00e+00	0.00e+00	3.5895e+01
3.67243e+19	7.2378e+03	1.545e-22	1.0000e+01	3.8636e+00	7.0907e-09	6.7126e-01	3.2874e-01	3.3591e-01	6.6409e-01	5.2571e-10	1.0466e-11	3.8955e-04	9.1345e-01	8.6155e-02	1.3142e-06	7.1838e-01	2.8117e-01	4.5309e-04	1.1755e-36	1.1755e-36	1.1755e-36	8.1761e-18	0.00e+00	0.00e+00	3.6608e+01
3.67413e+19	7.1783e+03	1.477e-22	1.0000e+01	3.7456e+00	7.7256e-09	6.8230e-01	3.1770e-01	3.4440e-01	6.5560e-01	5.2839e-10	1.0940e-11	3.7994e-04	9.1689e-01	8.2732e-02	1.2087e-06	7.2856e-01	2.7103e-01	4.1192e-04	1.1755e-36	1.1755e-36	1.1755e-36	8.7379e-18	0.00e+00	0.00e+00	3.7348e+01
3.67586e+19	7.1157e+03	1.410e-22	1.0000e+01	3.6285e+00	8.4334e-09	6.9329e-01	3.0671e-01	3.5326e-01	6.4674e-01	5.3086e-10	1.1432e-11	3.7030e-04	9.2029e-01	7.9336e-02	1.1095e-06	7.3865e-01	2.6098e-01	3.7371e-04	1.1755e-36	1.1755e-36	1.1755e-36	9.3408e-18	0.00e+00	0.00e+00	3.8113e+01
3.67761e+19	7.0472e+03	1.345e-22	1.0000e+01	3.5128e+00	9.2396e-09	7.0415e-01	2.9585e-01	3.6242e-01	6.3758e-01	5.3296e-10	1.1941e-11	3.6072e-04	9.2364e-01	7.5999e-02	1.0172e-06	7.4857e-01	2.5109e-01	3.3870e-04	1.1755e-36	1.1755e-36	1.1755e-36	9.9873e-18	0.00e+00	0.00e+00	3.8891e+01
3.67936e+19	6.9736e+03	1.282e-22	1.0000e+01	3.3994e+00	1.0148e-08	7.1470e-01	2.8530e-01	3.7176e-01	6.2824e-01	5.3475e-10	1.2458e-11	3.5125e-04	9.2688e-01	7.2769e-02	9.3243e-07	7.5817e-01	2.4153e-01	3.0708e-04	1.1755e-36	1.1755e-36	1.1755e-36	1.0667e-17	0.00e+00	0.00e+00	3.9677e+01
3.68110e+19	6.8990e+03	1.222e-22	1.0000e+01	3.2886e+00	1.1140e-08	7.2484e-01	2.7516e-01	3.8123e-01	6.1877e-01	5.3640e-10	1.2975e-11	3.4189e-04	9.3000e-01	6.9653e-02	8.5464e-07	7.6736e-01	2.3236e-01	2.7850e-04	1.1755e-36	1.1755e-36	1.1755e-36	1.1373e-17	0.00e+00	0.00e+00	4.0475e+01
3.68286e+19	6.8229e+03	1.163e-22	1.0000e+01	3.1804e+00	1.2241e-08	7.3481e-01	2.6519e-01	3.9105e-01	6.0895e-01	5.3761e-10	1.3513e-11	3.3266e-04	9.3308e-01	6.6589e-02	7.8201e-07	7.7636e-01	2.2339e-01	2.5224e-04	1.1755e-36	1.1755e-36	1.1755e-36	1.2138e-17	0.00e+00	0.00e+00	4.1300e+01
3.68465e+19	6.7485e+03	1.105e-22	1.0000e+01	3.0708e+00	1.3423e-08	7.4442e-01	2.5558e-01	4.0087e-01	5.9913e-01	5.3939e-10	1.4039e-11	3.2315e-04	9.3604e-01	6.3640e-02	7.1507e-07	7.8498e-01	2.1479e-01	2.2829e-04	1.1755e-36	1.1755e-36	1.1755e-36	1.2915e-17	0.00e+00	0.00e+00	4.2148e+01
3.68648e+19	6.6586e+03	1.049e-22	1.0000e+01	2.9653e+00	1.4912e-08	7.5439e-01	2.4561e-01	4.1161e-01	5.8839e-01	5.3926e-10	1.4654e-11	3.1406e-04	9.3904e-01	6.0641e-02	6.5113e-07	7.9389e-01	2.0591e-01	2.0582e-04	1.1755e-36	1.1755e-36	1.1755e-36	1.3886e-17	0.00e+00	0.00e+00	4.3030e+01
3.68830e+19	6.5714e+03	9.961e-23	1.0000e+01	2.8625e+00	1.6515e-08	7.6389e-01	2.3611e-01	4.2226e-01	5.7774e-01	5.3938e-10	1.5270e-11	3.0506e-04	9.4189e-01	5.7807e-02	5.9340e-07	8.0236e-01	1.9746e-01	1.8568e-04	1.1755e-36	1.1755e-36	1.1755e-36	1.4912e-17	0.00e+00	0.00e+00	4.3893e+01
3.69008e+19	6.4787e+03	9.460e-23	1.0000e+01	2.7628e+00	1.8339e-08	7.7278e-01	2.2722e-01	4.3280e-01	5.6720e-01	5.3923e-10	1.5888e-11	2.9625e-04	9.4456e-01	5.5148e-02	5.4191e-07	8.1025e-01	1.8958e-01	1.6806e-04	1.1755e-36	1.1755e-36	1.1755e-36	1.6004e-17	0.00e+00	0.00e+00	4.4757e+01
3.69185e+19	6.3842e+03	8.984e-23	1.0000e+01	2.6681e+00	2.0389e-08	7.8144e-01	2.1856e-01	4.4364e-01	5.5636e-01	5.3816e-10	1.6551e-11	2.8784e-04	9.4714e-01	5.2569e-02	4.9443e-07	8.1791e-01	1.8193e-01	1.5205e-04	1.1755e-36	1.1755e-36	1.1755e-36	1.7252e-17	0.00e+00	0.00e+00	4.5634e+01
3.69363e+19	6.2806e+03	8.528e-23	1.0000e+01	2.5738e+00	2.2828e-08	7.8984e-01	2.1016e-01	4.5456e-01	5.4544e-01	5.3679e-10	1.7259e-11	2.7943e-04	9.4961e-01	5.0107e-02	4.5121e-07	8.2532e-01	1.7454e-01	1.3763e-04	1.1755e-36	1.1755e-36	1.1755e-36	1.8688e-17	0.00e+00	0.00e+00	4.6517e+01
3.69534e+19	6.1831e+03	8.109e-23	1.0000e+01	2.4864e+00	2.5403e-08	7.9766e-01	2.0234e-01	4.6512e-01	5.3488e-01	5.3524e-10	1.7981e-11	2.7153e-04	9.5189e-01	4.7842e-02	4.1316e-07	8.3220e-01	1.6767e-01	1.2501e-04	1.1755e-36	1.1755e-36	1.1755e-36	2.0248e-17	0.00e+00	0.00e+00	4.7351e+01
3.69698e+19	6.0842e+03	7.724e-23	1.0000e+01	2.4052e+00	2.8265e-08	8.0494e-01	1.9506e-01	4.7559e-01	5.2441e-01	5.3283e-10	1.8742e-11	2.6419e-04	9.5401e-01	4.5723e-02	3.7925e-07	8.3858e-01	1.6131e-01	1.1398e-04	1.1755e-36	1.1755e-36	1.1755e-36	2.2004e-17	0.00e+00	0.00e+00	4.8181e+01
3.69861e+19	5.9833e+03	7.358e-23	1.0000e+01	2.3268e+00	3.1480e-08	8.1191e-01	1.8809e-01	4.8601e-01	5.1399e-01	5.3010e-10	1.9561e-11	2.5705e-04	9.5603e-01	4.3717e-02	3.4846e-07	8.4468e-01	1.5522e-01	1.0405e-04	1.1755e-36	1.1755e-36	1.1755e-36	2.4022e-17	0.00e+00	0.00e+00	4.9008e+01
3.70020e+19	5.8830e+03	7.014e-23	1.0000e+01	2.2501e+00	3.5009e-08	8.1845e-01	1.8155e-01	4.9616e-01	5.0384e-01	5.2760e-10	2.0413e-11	2.4997e-04	9.5790e-01	4.1847e-02	3.2076e-07	8.5039e-01	1.4952e-01	9.5187e-05	1.1755e-36	1.1755e-36	1.1755e-36	2.6266e-17	0.00e+00	0.00e+00	4.9825e+01
3.70178e+19	5.7775e+03	6.689e-23	1.0000e+01	2.1785e+00	3.9103e-08	8.2496e-01	1.7504e-01	5.0660e-01	4.9340e-01	5.2368e-10	2.1407e-11	2.4340e-04	9.5971e-01	4.0041e-02	2.9529e-07	8.5603e-01	1.4388e-01	8.7090e-05	1.1755e-36	1.1755e-36	1.1755e-36	2.9053e-17	0.00e+00	0.00e+00	5.0641e+01
3.70331e+19	5.6773e+03	6.385e-23	1.0000e+01	2.1082e+00	4.3381e-08	8.3086e-01	1.6914e-01	5.1640e-01	4.8360e-01	5.2079e-10	2.2402e-11	2.3683e-04	9.6136e-01	3.8398e-02	2.7274e-07	8.6116e-01	1.3876e-01	7.9960e-05	1.1755e-36	1.1755e-36	1.1755e-36	3.2022e-17	0.00e+00	0.00e+00	5.1426e+01
3.70482e+19	5.5714e+03	6.098e-23	1.0000e+01	2.0415e+00	4.8322e-08	8.3666e-01	1.6334e-01	5.2643e-01	4.7357e-01	5.1669e-10	2.3552e-11	2.3063e-04	9.6295e-01	3.6815e-02	2.5196e-07	8.6618e-01	1.3375e-01	7.3460e-05	1.1755e-36	1.1755e-36	1.1755e-36	3.5666e-17	0.00e+00	0.00e+00	5.2228e+01
3.70632e+19	5.4682e+03	5.823e-23	1.0000e+01	1.9767e+00	5.3617e-08	8.4226e-01	1.5774e-01	5.3630e-01	4.6370e-01	5.1271e-10	2.4792e-11	2.2454e-04	9.6446e-01	3.5318e-02	2.3295e-07	8.7101e-01	1.2892e-01	6.7506e-05	1.1755e-36	1.1755e-36	1.1755e-36	3.9824e-17	0.00e+00	0.00e+00	5.3018e+01
3.70781e+19	5.3620e+03	5.561e-23	1.0000e+01	1.9146e+00	5.9542e-08	8.4777e-01	1.5223e-01	5.4637e-01	4.5363e-01	5.0787e-10	2.6200e-11	2.1872e-04	9.6591e-01	3.3870e-02	2.1528e-07	8.7575e-01	1.2419e-01	6.2009e-05	1.1755e-36	1.1755e-36	1.1755e-36	4.4816e-17	0.00e+00	0.00e+00	5.3822e+01
3.70932e+19	5.2481e+03	5.306e-23	1.0000e+01	1.8517e+00	6.6360e-08	8.5320e-01	1.4680e-01	5.5646e-01	4.4354e-01	5.0292e-10	2.7809e-11	2.1281e-04	9.6730e-01	3.2486e-02	1.9893e-07	8.8042e-01	1.1952e-01	5.6924e-05	1.1755e-36	1.1755e-36	1.1755e-36	5.0895e-17	0.00e+00	0.00e+00	5.4636e+01
3.71081e+19	5.1343e+03	5.065e-23	1.0000e+01	1.7909e+00	7.3660e-08	8.5843e-01	1.4157e-01	5.6639e-01	4.3361e-01	4.9786e-10	2.9565e-11	2.0707e-04	9.6861e-01	3.1184e-02	1.8405e-07	8.8491e-01	1.1503e-01	5.2298e-05	1.1755e-36	1.1755e-36	1.1755e-36	5.7911e-17	0.00e+00	0.00e+00	5.5433e+01
3.71229e+19	5.0181e+03	4.836e-23	1.0000e+01	1.7319e+00	8.1515e-08	8.6348e-01	1.3652e-01	5.7634e-01	4.2366e-01	4.9232e-10	3.1495e-11	2.0151e-04	9.6985e-01	2.9944e-02	1.7036e-07	8.8924e-01	1.1071e-01	4.8071e-05	1.1755e-36	1.1755e-36	1.1755e-36	6.6049e-17	0.00e+00	0.00e+00	5.6242e+01
3.71380e+19	4.8889e+03	4.611e-23	1.0000e+01	1.6719e+00	9.0381e-08	8.6863e-01	1.3137e-01	5.8668e-01	4.1332e-01	4.8587e-10	3.2727e-11	1.9594e-04	9.7124e-01	2.8561e-02	1.5649e-07	8.9365e-01	1.0630e-01	4.4072e-05	1.1755e-36	1.1755e-36	1.1755e-36	7.1506e-17	0.00e+00	0.00e+00	5.7086e+01
3.71535e+19	4.7569e+03	4.388e-23	1.0000e+01	1.6114e+00	9.9512e-08	8.7380e-01	1.2620e-01	5.9717e-01	4.0283e-01	4.7933e-10	3.3666e-11	1.9030e-04	9.7263e-01	2.7179e-02	1.4327e-07	8.9806e-01	1.0189e-01	4.0286e-05	1.1755e-36	1.1755e-36	1.1755e-36	7.5746e-17	0.00e+00	0.00e+00	5.7952e+01
3.71698e+19	4.6152e+03	4.165e-23	1.0000e+01	1.5494e+00	1.0906e-07	8.7908e-01	1.2092e-01	6.0818e-01	3.9182e-01	4.7206e-10	3.4407e-11	1.8455e-04	9.7403e-01	2.5788e-02	1.3052e-07	9.0256e-01	9.7400e-02	3.6656e-05	1.1755e-36	1.1755e-36	1.1755e-36	7.9051e-17	0.00e+00	0.00e+00	5.8881e+01
3.71863e+19	4.4704e+03	3.949e-23	1.0000e+01	1.4874e+00	1.1808e-07	8.8436e-01	1.1564e-01	6.1913e-01	3.8087e-01	4.6488e-10	3.4828e-11	1.7881e-04	9.7537e-01	2.4452e-02	1.1755e-36	9.0705e-01	9.2917e-02	3.3275e-05	1.1755e-36	1.1755e-36	1.1755e-36	8.0704e-17	0.00e+00	0.00e+00	5.9793e+01
3.72020e+19	4.3306e+03	3.754e-23	1.0000e+01	1.4301e+00	1.2568e-07	8.8920e-01	1.1080e-01	6.2948e-01	3.7052e-01	4.5766e-10	3.4866e-11	1.7357e-04	9.7659e-01	2.3240e-02	1.1755e-36	9.1116e-01	8.8811e-02	3.0358e-05	1.1755e-36	1.1755e-36	1.1755e-36	8.0322e-17	0.00e+00	0.00e+00	6.0643e+01
3.72166e+19	4.1974e+03	3.583e-23	1.0000e+01	1.3787e+00	1.3161e-07	8.9351e-01	1.0649e-01	6.3920e-01	3.6080e-01	4.5020e-10	3.4558e-11	1.6895e-04	9.7768e-01	2.2153e-02	1.1755e-36	9.1481e-01	8.5157e-02	2.7893e-05	1.1755e-36	1.1755e-36	1.1755e-36	7.8110e-17	0.00e+00	0.00e+00	6.1436e+01
3.72303e+19	4.0699e+03	3.428e-23	1.0000e+01	1.3317e+00	1.3592e-07	8.9742e-01	1.0258e-01	6.4837e-01	3.5163e-01	4.4264e-10	3.3972e-11	1.6483e-04	9.7867e-01	2.1168e-02	1.1755e-36	9.1813e-01	8.1840e-02	2.5764e-05	1.1755e-36	1.1755e-36	1.1755e-36	7.4476e-17	0.00e+00	0.00e+00	6.2189e+01
3.72433e+19	3.9475e+03	3.287e-23	1.0000e+01	1.2876e+00	1.3873e-07	9.0110e-01	9.8898e-02	6.5702e-01	3.4298e-01	4.3540e-10	3.3179e-11	1.6100e-04	9.7957e-01	2.0269e-02	1.1755e-36	9.2125e-01	7.8726e-02	2.3868e-05	1.1755e-36	1.1755e-36	1.1755e-36	6.9865e-17	0.00e+00	0.00e+00	6.2913e+01
###########################
5.76927e+14	6.9304e+03	3.922e-22	1.0000e+01	1.0892e+01	1.8094e-14	1.4380e-03	9.9856e-01	3.8764e-03	9.5270e-01	4.3426e-02	4.1983e-19	2.9564e-05	6.9239e-02	9.1798e-01	1.2744e-02	1.4428e-04	1.2302e-01	8.6017e-01	1.6668e-02	3.6208e-07	1.1755e-36	4.9685e-27	0.00e+00	0.00e+00	1.0474e-04
3.46156e+15	6.9285e+03	3.921e-22	1.0000e+01	1.0891e+01	1.8169e-14	1.4378e-03	9.9856e-01	3.8765e-03	9.5273e-01	4.3398e-02	4.2072e-19	2.9365e-05	6.9246e-02	9.1795e-01	1.2766e-02	1.4417e-04	1.2294e-01	8.6030e-01	1.6613e-02	3.6032e-07	1.1755e-36	4.9928e-27	0.00e+00	0.00e+00	5.2366e-04
1.50001e+16	6.9248e+03	3.919e-22	1.0000e+01	1.0890e+01	1.8212e-14	1.4375e-03	9.9856e-01	3.8785e-03	9.5297e-01	4.3151e-02	4.2047e-19	2.9400e-05	6.9282e-02	9.1795e-01	1.2735e-02	1.4409e-04	1.2288e-01	8.6059e-01	1.6385e-02	3.5306e-07	1.1755e-36	4.9859e-27	0.00e+00	0.00e+00	2.1989e-03
6.11543e+16	6.9167e+03	3.909e-22	1.0000e+01	1.0889e+01	1.8304e-14	1.4368e-03	9.9856e-01	3.8879e-03	9.5427e-01	4.1838e-02	4.2028e-19	2.9506e-05	6.9371e-02	9.1798e-01	1.2616e-02	1.4409e-04	1.2287e-01	8.6149e-01	1.5501e-02	3.2565e-07	1.1755e-36	4.9744e-27	0.00e+00	0.00e+00	8.8967e-03
1.46078e+17	6.8819e+03	3.881e-22	1.0000e+01	1.0889e+01	1.8472e-14	1.4280e-03	9.9857e-01	3.8963e-03	9.5501e-01	4.1098e-02	4.1258e-19	2.9527e-05	6.9478e-02	9.1797e-01	1.2512e-02	1.4290e-04	1.2249e-01	8.6306e-01	1.4310e-02	2.8820e-07	1.1755e-36	4.8172e-27	0.00e+00	0.00e+00	1.7551e-02
2.56479e+17	6.8450e+03	3.852e-22	1.0000e+01	1.0887e+01	1.8693e-14	1.4199e-03	9.9858e-01	3.9127e-03	9.5714e-01	3.8945e-02	4.0616e-19	2.9541e-05	6.9629e-02	9.1803e-01	1.2302e-02	1.4201e-04	1.2228e-01	8.6472e-01	1.2852e-02	2.4518e-07	1.1755e-36	4.6817e-27	0.00e+00	0.00e+00	2.8737e-02
4.00000e+17	6.8052e+03	3.822e-22	1.0000e+01	1.0884e+01	1.8912e-14	1.4107e-03	9.9859e-01	3.9302e-03	9.6065e-01	3.5421e-02	3.9181e-19	2.9501e-05	6.9706e-02	9.1826e-01	1.1995e-02	1.3890e-04	1.2025e-01	8.6845e-01	1.1160e-02	1.9855e-07	1.1755e-36	4.4553e-27	0.00e+00	0.00e+00	4.3185e-02
5.86577e+17	6.7571e+03	3.787e-22	1.0000e+01	1.0881e+01	1.9293e-14	1.4033e-03	9.9860e-01	3.9645e-03	9.6551e-01	3.0522e-02	3.8641e-19	2.9520e-05	6.9985e-02	9.1840e-01	1.1581e-02	1.3851e-04	1.2031e-01	8.7033e-01	9.2158e-03	1.4971e-07	1.1755e-36	4.3268e-27	0.00e+00	0.00e+00	6.1869e-02
8.29128e+17	6.7054e+03	3.745e-22	1.0000e+01	1.0877e+01	1.9718e-14	1.3962e-03	9.9860e-01	4.0088e-03	9.7148e-01	2.4511e-02	3.8265e-19	2.9646e-05	7.0365e-02	9.1852e-01	1.1083e-02	1.3903e-04	1.2105e-01	8.7167e-01	7.1434e-03	1.1755e-36	1.1755e-36	4.2035e-27	0.00e+00	0.00e+00	8.6036e-02
1.14444e+18	6.6495e+03	3.696e-22	1.0000e+01	1.0870e+01	2.0221e-14	1.3902e-03	9.9861e-01	4.0624e-03	9.7798e-01	1.7953e-02	3.8167e-19	2.9884e-05	7.0874e-02	9.1856e-01	1.0535e-02	1.4075e-04	1.2262e-01	8.7214e-01	5.0998e-03	1.1755e-36	1.1755e-36	4.0995e-27	0.00e+00	0.00e+00	1.1732e-01
1.55435e+18	6.5831e+03	3.645e-22	1.0000e+01	1.0865e+01	2.1020e-14	1.3874e-03	9.9861e-01	4.1283e-03	9.8419e-01	1.1684e-02	3.8617e-19	3.0198e-05	7.1604e-02	9.1839e-01	9.9782e-03	1.4401e-04	1.2513e-01	8.7145e-01	3.2760e-03	1.1755e-36	1.1755e-36	4.0487e-27	0.00e+00	0.00e+00	1.5790e-01
2.08724e+18	6.5092e+03	3.591e-22	1.0000e+01	1.0860e+01	2.2094e-14	1.3888e-03	9.9861e-01	4.2041e-03	9.8922e-01	6.5734e-03	3.9534e-19	3.0660e-05	7.2571e-02	9.1794e-01	9.4614e-03	1.4874e-04	1.2835e-01	8.6965e-01	1.8456e-03	1.1755e-36	1.1755e-36	4.0334e-27	0.00e+00	0.00e+00	2.1071e-01
2.77999e+18	6.4295e+03	3.537e-22	1.0000e+01	1.0856e+01	2.3478e-14	1.3962e-03	9.9860e-01	4.2912e-03	9.9260e-01	3.1069e-03	4.0899e-19	3.1326e-05	7.3829e-02	9.1713e-01	9.0062e-03	1.5498e-04	1.3206e-01	8.6690e-01	8.8708e-04	1.1755e-36	1.1755e-36	4.0424e-27	0.00e+00	0.00e+00	2.7974e-01
3.68056e+18	6.3474e+03	3.485e-22	1.0000e+01	1.0854e+01	2.5322e-14	1.4128e-03	9.9859e-01	4.3954e-03	9.9440e-01	1.2011e-03	4.3002e-19	3.2288e-05	7.5466e-02	9.1590e-01	8.5988e-03	1.6314e-04	1.3619e-01	8.6330e-01	3.5428e-04	1.1755e-36	1.1755e-36	4.1152e-27	0.00e+00	0.00e+00	3.7054e-01
4.85131e+18	6.2686e+03	3.436e-22	1.0000e+01	1.0853e+01	2.7766e-14	1.4436e-03	9.9856e-01	4.5277e-03	9.9510e-01	3.7244e-04	4.6320e-19	3.3692e-05	7.7627e-02	9.1414e-01	8.2016e-03	1.7439e-04	1.4096e-01	8.5875e-01	1.1528e-04	1.1755e-36	1.1755e-36	4.2990e-27	0.00e+00	0.00e+00	4.9114e-01
6.37327e+18	6.2011e+03	3.393e-22	1.0000e+01	1.0852e+01	3.1083e-14	1.4967e-03	9.9850e-01	4.7060e-03	9.9520e-01	9.2629e-05	5.1891e-19	3.5756e-05	8.0551e-02	9.1164e-01	7.7731e-03	1.9094e-04	1.4690e-01	8.5288e-01	3.0467e-05	1.1755e-36	1.1755e-36	4.6997e-27	0.00e+00	0.00e+00	6.5370e-01
8.35183e+18	6.1641e+03	3.359e-22	1.0000e+01	1.0851e+01	3.5374e-14	1.5857e-03	9.9841e-01	4.9554e-03	9.9503e-01	1.9104e-05	6.1609e-19	3.8981e-05	8.4608e-02	9.0807e-01	7.2830e-03	2.1687e-04	1.5489e-01	8.4489e-01	6.6839e-06	1.1755e-36	1.1755e-36	5.4998e-27	0.00e+00	0.00e+00	8.7759e-01
1.09240e+19	6.1763e+03	3.344e-22	1.0000e+01	1.0849e+01	4.1502e-14	1.7376e-03	9.9826e-01	5.3254e-03	9.9467e-01	3.4605e-06	8.0773e-19	4.4121e-05	9.0499e-02	9.0275e-01	6.7041e-03	2.6049e-04	1.6621e-01	8.3353e-01	1.2593e-06	1.1755e-36	1.1755e-36	7.2840e-27	0.00e+00	0.00e+00	1.1965e+00
1.37289e+19	6.2457e+03	3.351e-22	1.0000e+01	1.0847e+01	4.8511e-14	1.9476e-03	9.9805e-01	5.7662e-03	9.9423e-01	7.1787e-07	1.1130e-18	5.0740e-05	9.7436e-02	8.9638e-01	6.1352e-03	3.2300e-04	1.7978e-01	8.1989e-01	2.6314e-07	1.1755e-36	1.1755e-36	1.0404e-26	0.00e+00	0.00e+00	1.5287e+00
1.60948e+19	6.3724e+03	3.384e-22	1.0000e+01	1.0844e+01	5.4718e-14	2.1849e-03	9.9782e-01	6.2045e-03	9.9380e-01	2.3406e-07	1.5361e-18	5.7814e-05	1.0413e-01	8.9012e-01	5.6924e-03	3.9694e-04	1.9311e-01	8.0649e-01	1.1755e-36	1.1755e-36	1.1755e-36	1.5249e-26	0.00e+00	0.00e+00	1.8087e+00
1.78766e+19	6.5014e+03	3.428e-22	1.0000e+01	1.0841e+01	6.0808e-14	2.4205e-03	9.9758e-01	6.6116e-03	9.9339e-01	1.1113e-07	2.0688e-18	6.4459e-05	1.1020e-01	8.8438e-01	5.3550e-03	4.7506e-04	2.0534e-01	7.9419e-01	1.1755e-36	1.1755e-36	1.1755e-36	2.1905e-26	0.00e+00	0.00e+00	2.0431e+00
1.93059e+19	6.6216e+03	3.472e-22	1.0000e+01	1.0838e+01	6.7351e-14	2.6563e-03	9.9734e-01	7.0024e-03	9.9300e-01	6.3596e-08	2.7438e-18	7.1008e-05	1.1601e-01	8.7885e-01	5.0694e-03	5.5915e-04	2.1719e-01	7.8225e-01	1.1755e-36	1.1755e-36	1.1755e-36	3.0933e-26	0.00e+00	0.00e+00	2.2652e+00
2.05973e+19	6.7406e+03	3.520e-22	1.0000e+01	1.0835e+01	7.5006e-14	2.9144e-03	9.9709e-01	7.4246e-03	9.9258e-01	3.9396e-08	3.6630e-18	7.8017e-05	1.2214e-01	8.7298e-01	4.7965e-03	6.5814e-04	2.2990e-01	7.6945e-01	1.1755e-36	1.1755e-36	1.1755e-36	4.3995e-26	0.00e+00	0.00e+00	2.4967e+00
2.18185e+19	6.8630e+03	3.572e-22	1.0000e+01	1.0831e+01	8.4203e-14	3.2077e-03	9.9679e-01	7.8913e-03	9.9211e-01	2.5606e-08	4.9596e-18	8.5758e-05	1.2881e-01	8.6658e-01	4.5260e-03	7.7934e-04	2.4403e-01	7.5519e-01	1.1755e-36	1.1755e-36	1.1755e-36	6.3642e-26	0.00e+00	0.00e+00	2.7365e+00
2.29430e+19	6.9848e+03	3.627e-22	1.0000e+01	1.0828e+01	9.4831e-14	3.5323e-03	9.9647e-01	8.3924e-03	9.9161e-01	1.7550e-08	6.7330e-18	9.4040e-05	1.3585e-01	8.5979e-01	4.2644e-03	9.2385e-04	2.5928e-01	7.3980e-01	1.1755e-36	1.1755e-36	1.1755e-36	9.2217e-26	0.00e+00	0.00e+00	2.9739e+00
2.39478e+19	7.1002e+03	3.682e-22	1.0000e+01	1.0824e+01	1.0706e-13	3.8802e-03	9.9612e-01	8.9164e-03	9.9108e-01	1.2687e-08	9.1005e-18	1.0263e-04	1.4308e-01	8.5280e-01	4.0171e-03	1.0909e-03	2.7527e-01	7.2364e-01	1.1755e-36	1.1755e-36	1.1755e-36	1.3284e-25	0.00e+00	0.00e+00	3.2054e+00
2.48491e+19	7.2085e+03	3.735e-22	1.0000e+01	1.0819e+01	1.2104e-13	4.2515e-03	9.9575e-01	9.4650e-03	9.9053e-01	9.5628e-09	1.2228e-17	1.1151e-04	1.5051e-01	8.4559e-01	3.7817e-03	1.2828e-03	2.9199e-01	7.0672e-01	1.1755e-36	1.1755e-36	1.1755e-36	1.8966e-25	0.00e+00	0.00e+00	3.4356e+00
2.56771e+19	7.3115e+03	3.789e-22	1.0000e+01	1.0815e+01	1.3737e-13	4.6549e-03	9.9535e-01	1.0050e-02	9.8995e-01	7.4213e-09	1.6431e-17	1.2085e-04	1.5830e-01	8.3802e-01	3.5530e-03	1.5070e-03	3.0977e-01	6.8872e-01	1.1755e-36	1.1755e-36	1.1755e-36	2.7042e-25	0.00e+00	0.00e+00	3.6703e+00
2.64507e+19	7.4109e+03	3.842e-22	1.0000e+01	1.0810e+01	1.5658e-13	5.0997e-03	9.9490e-01	1.0684e-02	9.8932e-01	5.8888e-09	2.2136e-17	1.3080e-04	1.6657e-01	8.2997e-01	3.3280e-03	1.7722e-03	3.2887e-01	6.6935e-01	1.1755e-36	1.1755e-36	1.1755e-36	3.8608e-25	0.00e+00	0.00e+00	3.9112e+00
2.71732e+19	7.5064e+03	3.895e-22	1.0000e+01	1.0804e+01	1.7942e-13	5.5902e-03	9.9441e-01	1.1369e-02	9.8863e-01	4.7681e-09	2.9913e-17	1.4137e-04	1.7533e-01	8.2142e-01	3.1075e-03	2.0856e-03	3.4931e-01	6.4860e-01	1.1755e-36	1.1755e-36	1.1755e-36	5.5290e-25	0.00e+00	0.00e+00	4.1570e+00
2.78443e+19	7.5972e+03	3.948e-22	1.0000e+01	1.0798e+01	2.0626e-13	6.1280e-03	9.9387e-01	1.2107e-02	9.8789e-01	3.9345e-09	4.0411e-17	1.5253e-04	1.8457e-01	8.1239e-01	2.8931e-03	2.4532e-03	3.7096e-01	6.2659e-01	1.1755e-36	1.1755e-36	1.1755e-36	7.9027e-25	0.00e+00	0.00e+00	4.4068e+00
2.84679e+19	7.6838e+03	4.000e-22	1.0000e+01	1.0792e+01	2.3805e-13	6.7176e-03	9.9328e-01	1.2895e-02	9.8710e-01	3.3015e-09	5.4626e-17	1.6429e-04	1.9427e-01	8.0288e-01	2.6852e-03	2.8833e-03	3.9376e-01	6.0335e-01	1.1755e-36	1.1755e-36	1.1755e-36	1.1302e-24	0.00e+00	0.00e+00	4.6619e+00
2.90510e+19	7.7678e+03	4.049e-22	1.0000e+01	1.0786e+01	2.7565e-13	7.3662e-03	9.9263e-01	1.3740e-02	9.8626e-01	2.8092e-09	7.3903e-17	1.7654e-04	2.0445e-01	7.9289e-01	2.4838e-03	3.3870e-03	4.1777e-01	5.7884e-01	1.1755e-36	1.1755e-36	1.1755e-36	1.6182e-24	0.00e+00	0.00e+00	4.9246e+00
2.96000e+19	7.8390e+03	4.102e-22	1.0000e+01	1.0777e+01	3.2262e-13	8.0957e-03	9.9190e-01	1.4695e-02	9.8531e-01	2.4155e-09	1.0043e-16	1.9001e-04	2.1552e-01	7.8201e-01	2.2849e-03	3.9868e-03	4.4322e-01	5.5279e-01	1.1755e-36	1.1755e-36	1.1755e-36	2.3206e-24	0.00e+00	0.00e+00	5.1971e+00
3.01175e+19	7.9082e+03	4.153e-22	1.0000e+01	1.0767e+01	3.7942e-13	8.9094e-03	9.9109e-01	1.5737e-02	9.8426e-01	2.0990e-09	1.3693e-16	2.0416e-04	2.2724e-01	7.7046e-01	2.0924e-03	4.6953e-03	4.6994e-01	5.2537e-01	1.1755e-36	1.1755e-36	1.1755e-36	3.3433e-24	0.00e+00	0.00e+00	5.4794e+00
3.06047e+19	7.9782e+03	4.200e-22	1.0000e+01	1.0757e+01	4.4723e-13	9.8157e-03	9.9018e-01	1.6873e-02	9.8313e-01	1.8425e-09	1.8702e-16	2.1911e-04	2.3966e-01	7.5822e-01	1.9073e-03	5.5287e-03	4.9774e-01	4.9673e-01	1.1755e-36	1.1755e-36	1.1755e-36	4.8293e-24	0.00e+00	0.00e+00	5.7722e+00
3.10642e+19	8.0319e+03	4.252e-22	1.0000e+01	1.0746e+01	5.3546e-13	1.0848e-02	9.8915e-01	1.8143e-02	9.8186e-01	1.6294e-09	2.5726e-16	2.3527e-04	2.5306e-01	7.4498e-01	1.7267e-03	6.5233e-03	5.2670e-01	4.6678e-01	1.1755e-36	1.1755e-36	1.1755e-36	7.0285e-24	0.00e+00	0.00e+00	6.0779e+00
3.14993e+19	8.1015e+03	4.296e-22	1.0000e+01	1.0735e+01	6.3759e-13	1.1999e-02	9.8800e-01	1.9509e-02	9.8049e-01	1.4544e-09	3.5433e-16	2.5205e-04	2.6711e-01	7.3108e-01	1.5561e-03	7.6892e-03	5.5645e-01	4.3586e-01	1.1755e-36	1.1755e-36	1.1755e-36	1.0282e-23	0.00e+00	0.00e+00	6.3990e+00
3.19128e+19	8.1485e+03	4.345e-22	1.0000e+01	1.0717e+01	7.7410e-13	1.3337e-02	9.8666e-01	2.1106e-02	9.7889e-01	1.3036e-09	4.9194e-16	2.7057e-04	2.8261e-01	7.1573e-01	1.3894e-03	9.0975e-03	5.8718e-01	4.0373e-01	1.1755e-36	1.1755e-36	1.1755e-36	1.5114e-23	0.00e+00	0.00e+00	6.7385e+00
3.23066e+19	8.1934e+03	4.395e-22	1.0000e+01	1.0705e+01	9.5222e-13	1.4888e-02	9.8511e-01	2.2866e-02	9.7713e-01	1.1759e-09	6.9139e-16	2.9046e-04	2.9921e-01	6.9927e-01	1.2296e-03	1.0792e-02	6.1863e-01	3.7058e-01	1.1755e-36	1.1755e-36	1.1755e-36	2.2664e-23	0.00e+00	0.00e+00	7.0998e+00
3.26499e+19	8.2332e+03	4.439e-22	1.0000e+01	1.0684e+01	1.1581e-12	1.6537e-02	9.8346e-01	2.4692e-02	9.7531e-01	1.0782e-09	9.4764e-16	3.0994e-04	3.1559e-01	6.8301e-01	1.0912e-03	1.2650e-02	6.4766e-01	3.3969e-01	1.1755e-36	1.1755e-36	1.1755e-36	3.2928e-23	0.00e+00	0.00e+00	7.4153e+00
3.29332e+19	8.2608e+03	4.478e-22	1.0000e+01	1.0665e+01	1.3887e-12	1.8175e-02	9.8183e-01	2.6473e-02	9.7353e-01	1.0021e-09	1.2556e-15	3.2789e-04	3.3078e-01	6.6792e-01	9.7644e-04	1.4542e-02	6.7278e-01	3.1268e-01	1.1755e-36	1.1755e-36	1.1755e-36	4.6059e-23	0.00e+00	0.00e+00	7.7188e+00
3.32374e+19	8.2830e+03	4.519e-22	1.0000e+01	1.0643e+01	1.7224e-12	2.0268e-02	9.7973e-01	2.8737e-02	9.7126e-01	9.2121e-10	1.7352e-15	3.4968e-04	3.4928e-01	6.4951e-01	8.5325e-04	1.7018e-02	7.0052e-01	2.8246e-01	1.1755e-36	1.1755e-36	1.1755e-36	6.7735e-23	0.00e+00	0.00e+00	8.1587e+00
3.35705e+19	8.3022e+03	4.572e-22	1.0000e+01	1.0620e+01	2.2484e-12	2.3143e-02	9.7686e-01	3.1650e-02	9.6835e-01	8.4403e-10	2.5503e-15	3.7634e-04	3.7184e-01	6.2706e-01	7.2253e-04	2.0475e-02	7.3141e-01	2.4811e-01	1.1755e-36	1.1755e-36	1.1755e-36	1.0790e-22	0.00e+00	0.00e+00	8.6299e+00
3.38655e+19	8.3150e+03	4.622e-22	1.0000e+01	1.0588e+01	2.9400e-12	2.6431e-02	9.7357e-01	3.4827e-02	9.6517e-01	7.8210e-10	3.7104e-15	4.0319e-04	3.9484e-01	6.0415e-01	6.0918e-04	2.4489e-02	7.5911e-01	2.1640e-01	1.1755e-36	1.1755e-36	1.1755e-36	1.7011e-22	0.00e+00	0.00e+00	9.0764e+00
3.41225e+19	8.3237e+03	4.661e-22	1.0000e+01	1.0541e+01	3.8090e-12	3.0033e-02	9.6997e-01	3.8233e-02	9.6177e-01	7.3073e-10	5.2779e-15	4.2890e-04	4.1757e-01	5.8149e-01	5.1404e-04	2.8943e-02	7.8269e-01	1.8837e-01	1.1755e-36	1.1755e-36	1.1755e-36	2.6120e-22	0.00e+00	0.00e+00	9.5437e+00
3.44059e+19	8.3174e+03	4.704e-22	1.0000e+01	1.0488e+01	5.2707e-12	3.5073e-02	9.6493e-01	4.2895e-02	9.5710e-01	6.7401e-10	8.0699e-15	4.6152e-04	4.4635e-01	5.5278e-01	4.1400e-04	3.5225e-02	8.0707e-01	1.5770e-01	1.1755e-36	1.1755e-36	1.1755e-36	4.3956e-22	0.00e+00	0.00e+00	1.0253e+01
3.47106e+19	8.3046e+03	4.757e-22	1.0000e+01	1.0412e+01	7.9330e-12	4.2608e-02	9.5739e-01	4.9276e-02	9.5072e-01	6.1993e-10	1.3505e-14	5.0054e-04	4.8163e-01	5.1755e-01	3.1451e-04	4.4637e-02	8.3034e-01	1.2503e-01	1.1755e-36	1.1755e-36	1.1755e-36	8.3506e-22	0.00e+00	0.00e+00	1.1031e+01
3.49621e+19	8.2922e+03	4.795e-22	1.0000e+01	1.0308e+01	1.1873e-11	5.1601e-02	9.4840e-01	5.6220e-02	9.4378e-01	5.7981e-10	2.2079e-14	5.3613e-04	5.1557e-01	4.8366e-01	2.3862e-04	5.5859e-02	8.4569e-01	9.8447e-02	1.1755e-36	1.1755e-36	1.1755e-36	1.5567e-21	0.00e+00	0.00e+00	1.1728e+01
3.51345e+19	8.2775e+03	4.831e-22	1.0000e+01	1.0236e+01	1.6537e-11	6.0333e-02	9.3967e-01	6.2309e-02	9.3769e-01	5.5397e-10	3.2744e-14	5.6451e-04	5.4263e-01	4.5662e-01	1.8981e-04	6.6701e-02	8.5276e-01	8.0541e-02	1.1755e-36	1.1755e-36	1.1755e-36	2.5868e-21	0.00e+00	0.00e+00	1.2226e+01
3.52504e+19	8.2716e+03	4.831e-22	1.0000e+01	1.0142e+01	2.0922e-11	6.7455e-02	9.3254e-01	6.7138e-02	9.3286e-01	5.3743e-10	4.3119e-14	5.8197e-04	5.6190e-01	4.3736e-01	1.6037e-04	7.5529e-02	8.5514e-01	6.9332e-02	1.1755e-36	1.1755e-36	1.1755e-36	3.6919e-21	0.00e+00	0.00e+00	1.2657e+01
3.53668e+19	8.2487e+03	4.829e-22	1.0000e+01	1.0053e+01	2.7137e-11	7.5988e-02	9.2401e-01	7.2938e-02	9.2706e-01	5.1861e-10	5.7926e-14	6.0207e-04	5.8346e-01	4.1580e-01	1.3286e-04	8.6064e-02	8.5513e-01	5.8807e-02	1.1755e-36	1.1755e-36	1.1755e-36	5.4079e-21	0.00e+00	0.00e+00	1.3288e+01
3.54980e+19	8.2238e+03	4.832e-22	1.0000e+01	9.9558e+00	3.7674e-11	8.8387e-02	9.1161e-01	8.0619e-02	9.1938e-01	4.9855e-10	8.3973e-14	6.2660e-04	6.0969e-01	3.8958e-01	1.0456e-04	1.0126e-01	8.5119e-01	4.7559e-02	1.1755e-36	1.1755e-36	1.1755e-36	8.8194e-21	0.00e+00	0.00e+00	1.4018e+01
3.56141e+19	8.2289e+03	4.788e-22	1.0000e+01	9.7766e+00	5.0914e-11	1.0214e-01	8.9786e-01	8.8297e-02	9.1170e-01	4.8534e-10	1.1825e-13	6.4133e-04	6.3292e-01	3.6635e-01	8.3051e-05	1.1799e-01	8.4355e-01	3.8459e-02	1.1755e-36	1.1755e-36	1.1755e-36	1.3919e-20	0.00e+00	0.00e+00	1.4671e+01
3.57067e+19	8.2173e+03	4.747e-22	1.0000e+01	9.6185e+00	6.7176e-11	1.1615e-01	8.8385e-01	9.5814e-02	9.0419e-01	4.7346e-10	1.6028e-13	6.5384e-04	6.5338e-01	3.4590e-01	6.7381e-05	1.3490e-01	8.3339e-01	3.1712e-02	1.1755e-36	1.1755e-36	1.1755e-36	2.0941e-20	0.00e+00	0.00e+00	1.5287e+01
3.57878e+19	8.2049e+03	4.697e-22	1.0000e+01	9.4617e+00	8.7389e-11	1.3112e-01	8.6888e-01	1.0341e-01	8.9659e-01	4.6375e-10	2.1334e-13	6.6417e-04	6.7252e-01	3.2676e-01	5.5062e-05	1.5280e-01	8.2090e-01	2.6294e-02	1.1755e-36	1.1755e-36	1.1755e-36	3.0843e-20	0.00e+00	0.00e+00	1.5935e+01
3.58652e+19	8.1785e+03	4.634e-22	1.0000e+01	9.2826e+00	1.1543e-10	1.4846e-01	8.5154e-01	1.1175e-01	8.8825e-01	4.5483e-10	2.8561e-13	6.7254e-04	6.9172e-01	3.0756e-01	4.4603e-05	1.7337e-01	8.0503e-01	2.1596e-02	1.1755e-36	1.1755e-36	1.1755e-36	4.5886e-20	0.00e+00	0.00e+00	1.6651e+01
3.59392e+19	8.1597e+03	4.558e-22	1.0000e+01	9.0961e+00	1.5349e-10	1.6886e-01	8.3114e-01	1.2090e-01	8.7909e-01	4.4751e-10	3.8653e-13	6.7934e-04	7.1112e-01	2.8817e-01	3.5714e-05	1.9731e-01	7.8520e-01	1.7491e-02	1.1755e-36	1.1755e-36	1.1755e-36	6.9664e-20	0.00e+00	0.00e+00	1.7417e+01
3.60070e+19	8.1554e+03	4.443e-22	1.0000e+01	8.8481e+00	2.0015e-10	1.9063e-01	8.0937e-01	1.2999e-01	8.7001e-01	4.4339e-10	5.1115e-13	6.7862e-04	7.2838e-01	2.7092e-01	2.8872e-05	2.2258e-01	7.6323e-01	1.4195e-02	1.1755e-36	1.1755e-36	1.1755e-36	1.0277e-19	0.00e+00	0.00e+00	1.8184e+01
3.60689e+19	8.1315e+03	4.327e-22	1.0000e+01	8.6061e+00	2.6271e-10	2.1472e-01	7.8528e-01	1.3969e-01	8.6031e-01	4.3939e-10	6.7400e-13	6.7714e-04	7.4525e-01	2.5405e-01	2.3315e-05	2.5020e-01	7.3830e-01	1.1497e-02	1.1755e-36	1.1755e-36	1.1755e-36	1.5136e-19	0.00e+00	0.00e+00	1.8999e+01
3.61271e+19	8.1111e+03	4.193e-22	1.0000e+01	8.3501e+00	3.4342e-10	2.4134e-01	7.5866e-01	1.4991e-01	8.5009e-01	4.3686e-10	8.8518e-13	6.7266e-04	7.6149e-01	2.3781e-01	1.8801e-05	2.8034e-01	7.1040e-01	9.2589e-03	1.1755e-36	1.1755e-36	1.1755e-36	2.2259e-19	0.00e+00	0.00e+00	1.9857e+01
3.61813e+19	8.1002e+03	4.025e-22	1.0000e+01	8.0355e+00	4.4066e-10	2.6885e-01	7.3115e-01	1.5987e-01	8.4013e-01	4.3749e-10	1.1346e-12	6.6098e-04	7.7584e-01	2.2348e-01	1.5333e-05	3.1107e-01	6.8144e-01	7.4831e-03	1.1755e-36	1.1755e-36	1.1755e-36	3.1699e-19	0.00e+00	0.00e+00	2.0742e+01
3.62332e+19	8.0695e+03	3.852e-22	1.0000e+01	7.7247e+00	5.7154e-10	2.9933e-01	7.0067e-01	1.7077e-01	8.2923e-01	4.3836e-10	1.4580e-12	6.4856e-04	7.9032e-01	2.0902e-01	1.2429e-05	3.4464e-01	6.4936e-01	6.0012e-03	1.1755e-36	1.1755e-36	1.1755e-36	4.5404e-19	0.00e+00	0.00e+00	2.1717e+01
3.62835e+19	8.0427e+03	3.657e-22	1.0000e+01	7.3848e+00	7.3751e-10	3.3220e-01	6.6780e-01	1.8210e-01	8.1790e-01	4.4159e-10	1.8604e-12	6.3219e-04	8.0412e-01	1.9524e-01	1.0068e-05	3.8029e-01	6.1493e-01	4.7776e-03	1.1755e-36	1.1755e-36	1.1755e-36	6.4593e-19	0.00e+00	0.00e+00	2.2745e+01
3.63293e+19	8.0118e+03	3.461e-22	1.0000e+01	7.0455e+00	9.3667e-10	3.6523e-01	6.3477e-01	1.9319e-01	8.0681e-01	4.4642e-10	2.3246e-12	6.1376e-04	8.1653e-01	1.8285e-01	8.2582e-06	4.1555e-01	5.8062e-01	3.8328e-03	1.1755e-36	1.1755e-36	1.1755e-36	8.9350e-19	0.00e+00	0.00e+00	2.3727e+01
3.63683e+19	7.9728e+03	3.286e-22	1.0000e+01	6.7498e+00	1.1587e-09	3.9581e-01	6.0419e-01	2.0365e-01	7.9635e-01	4.5086e-10	2.8194e-12	5.9714e-04	8.2728e-01	1.7212e-01	6.9293e-06	4.4772e-01	5.4913e-01	3.1449e-03	1.1755e-36	1.1755e-36	1.1755e-36	1.1862e-18	0.00e+00	0.00e+00	2.4612e+01
3.64022e+19	7.9512e+03	3.113e-22	1.0000e+01	6.4584e+00	1.3701e-09	4.2193e-01	5.7807e-01	2.1264e-01	7.8736e-01	4.5766e-10	3.2738e-12	5.7832e-04	8.3595e-01	1.6347e-01	5.9740e-06	4.7484e-01	5.2251e-01	2.6483e-03	1.1755e-36	1.1755e-36	1.1755e-36	1.4759e-18	0.00e+00	0.00e+00	2.5472e+01
3.64326e+19	7.9093e+03	2.961e-22	1.0000e+01	6.2051e+00	1.6147e-09	4.4691e-01	5.5309e-01	2.2159e-01	7.7841e-01	4.6335e-10	3.7600e-12	5.6215e-04	8.4403e-01	1.5541e-01	5.2007e-06	5.0046e-01	4.9728e-01	2.2561e-03	1.1755e-36	1.1755e-36	1.1755e-36	1.8088e-18	0.00e+00	0.00e+00	2.6281e+01
3.64610e+19	7.8671e+03	2.816e-22	1.0000e+01	5.9712e+00	1.8784e-09	4.7051e-01	5.2949e-01	2.3063e-01	7.6937e-01	4.6825e-10	4.2646e-12	5.4682e-04	8.5162e-01	1.4783e-01	4.5583e-06	5.2442e-01	4.7364e-01	1.9371e-03	1.1755e-36	1.1755e-36	1.1755e-36	2.1771e-18	0.00e+00	0.00e+00	2.7114e+01
3.64893e+19	7.8238e+03	2.668e-22	1.0000e+01	5.7293e+00	2.1766e-09	4.9397e-01	5.0603e-01	2.3992e-01	7.6008e-01	4.7425e-10	4.8026e-12	5.3028e-04	8.5897e-01	1.4049e-01	3.9960e-06	5.4798e-01	4.5036e-01	1.6610e-03	1.1755e-36	1.1755e-36	1.1755e-36	2.5930e-18	0.00e+00	0.00e+00	2.8008e+01
3.65172e+19	7.7765e+03	2.522e-22	1.0000e+01	5.4890e+00	2.5142e-09	5.1707e-01	4.8293e-01	2.4934e-01	7.5066e-01	4.8089e-10	5.3720e-12	5.1329e-04	8.6599e-01	1.3349e-01	3.5109e-06	5.7094e-01	4.2763e-01	1.4254e-03	1.1755e-36	1.1755e-36	1.1755e-36	3.0587e-18	0.00e+00	0.00e+00	2.8895e+01
3.65432e+19	7.7300e+03	2.387e-22	1.0000e+01	5.2659e+00	2.8676e-09	5.3831e-01	4.6169e-01	2.5843e-01	7.4157e-01	4.8760e-10	5.9312e-12	4.9708e-04	8.7235e-01	1.2715e-01	3.1125e-06	5.9183e-01	4.0693e-01	1.2351e-03	1.1755e-36	1.1755e-36	1.1755e-36	3.5397e-18	0.00e+00	0.00e+00	2.9738e+01
3.65632e+19	7.7053e+03	2.286e-22	1.0000e+01	5.0926e+00	3.1367e-09	5.5381e-01	4.4619e-01	2.6491e-01	7.3509e-01	4.9447e-10	6.3496e-12	4.8385e-04	8.7675e-01	1.2276e-01	2.8523e-06	6.0695e-01	3.9194e-01	1.1090e-03	1.1755e-36	1.1755e-36	1.1755e-36	3.9156e-18	0.00e+00	0.00e+00	3.0269e+01
3.65771e+19	7.6734e+03	2.218e-22	1.0000e+01	4.9822e+00	3.3630e-09	5.6458e-01	4.3542e-01	2.7025e-01	7.2975e-01	4.9755e-10	6.6672e-12	4.7581e-04	8.8012e-01	1.1940e-01	2.6746e-06	6.1740e-01	3.8157e-01	1.0285e-03	1.1755e-36	1.1755e-36	1.1755e-36	4.2065e-18	0.00e+00	0.00e+00	3.0716e+01
3.65907e+19	7.6307e+03	2.150e-22	1.0000e+01	4.8730e+00	3.6240e-09	5.7518e-01	4.2482e-01	2.7599e-01	7.2401e-01	4.9973e-10	6.9938e-12	4.6798e-04	8.8356e-01	1.1597e-01	2.5040e-06	6.2766e-01	3.7139e-01	9.5421e-04	1.1755e-36	1.1755e-36	1.1755e-36	4.5089e-18	0.00e+00	0.00e+00	3.1248e+01
3.66066e+19	7.5897e+03	2.072e-22	1.0000e+01	4.7494e+00	3.9315e-09	5.8754e-01	4.1246e-01	2.8283e-01	7.1717e-01	5.0222e-10	7.3914e-12	4.5886e-04	8.8753e-01	1.1200e-01	2.3162e-06	6.3954e-01	3.5958e-01	8.7271e-04	1.1755e-36	1.1755e-36	1.1755e-36	4.8907e-18	0.00e+00	0.00e+00	3.1889e+01
3.66240e+19	7.5440e+03	1.989e-22	1.0000e+01	4.6123e+00	4.2915e-09	6.0071e-01	3.9929e-01	2.9012e-01	7.0988e-01	5.0585e-10	7.8245e-12	4.4850e-04	8.9161e-01	1.0794e-01	2.1317e-06	6.5214e-01	3.4707e-01	7.9232e-04	1.1755e-36	1.1755e-36	1.1755e-36	5.3180e-18	0.00e+00	0.00e+00	3.2552e+01
3.66410e+19	7.4996e+03	1.909e-22	1.0000e+01	4.4789e+00	4.6647e-09	6.1319e-01	3.8681e-01	2.9723e-01	7.0277e-01	5.0986e-10	8.2455e-12	4.3818e-04	8.9544e-01	1.0412e-01	1.9677e-06	6.6400e-01	3.3528e-01	7.2141e-04	1.1755e-36	1.1755e-36	1.1755e-36	5.7437e-18	0.00e+00	0.00e+00	3.3188e+01
3.66572e+19	7.4553e+03	1.834e-22	1.0000e+01	4.3541e+00	5.0519e-09	6.2494e-01	3.7506e-01	3.0433e-01	6.9567e-01	5.1343e-10	8.6597e-12	4.2847e-04	8.9908e-01	1.0049e-01	1.8206e-06	6.7511e-01	3.2424e-01	6.5913e-04	1.1755e-36	1.1755e-36	1.1755e-36	6.1733e-18	0.00e+00	0.00e+00	3.3824e+01
3.66736e+19	7.4077e+03	1.760e-22	1.0000e+01	4.2298e+00	5.4761e-09	6.3647e-01	3.6353e-01	3.1167e-01	6.8833e-01	5.1687e-10	9.0800e-12	4.1875e-04	9.0268e-01	9.6899e-02	1.6829e-06	6.8596e-01	3.1344e-01	6.0191e-04	1.1755e-36	1.1755e-36	1.1755e-36	6.6185e-18	0.00e+00	0.00e+00	3.4490e+01
3.66905e+19	7.3513e+03	1.687e-22	1.0000e+01	4.1078e+00	5.9777e-09	6.4849e-01	3.5151e-01	3.1974e-01	6.8026e-01	5.1945e-10	9.5487e-12	4.0919e-04	9.0642e-01	9.3174e-02	1.5490e-06	6.9720e-01	3.0225e-01	5.4732e-04	1.1755e-36	1.1755e-36	1.1755e-36	7.1334e-18	0.00e+00	0.00e+00	3.5193e+01
3.67075e+19	7.2948e+03	1.615e-22	1.0000e+01	3.9836e+00	6.5160e-09	6.6010e-01	3.3990e-01	3.2776e-01	6.7224e-01	5.2269e-10	1.0008e-11	3.9925e-04	9.0999e-01	8.9606e-02	1.4264e-06	7.0803e-01	2.9148e-01	4.9773e-04	1.1755e-36	1.1755e-36	1.1755e-36	7.6488e-18	0.00e+00	0.00e+00	3.5895e+01
3.67243e+19	7.2379e+03	1.545e-22	1.0000e+01	3.8636e+00	7.0905e-09	6.7126e-01	3.2874e-01	3.3591e-01	6.6409e-01	5.2571e-10	1.0466e-11	3.8954e-04	9.1345e-01	8.6155e-02	1.3141e-06	7.1837e-01	2.8117e-01	4.5309e-04	1.1755e-36	1.1755e-36	1.1755e-36	8.1761e-18	0.00e+00	0.00e+00	3.6608e+01
3.67413e+19	7.1784e+03	1.477e-22	1.0000e+01	3.7456e+00	7.7253e-09	6.8230e-01	3.1770e-01	3.4440e-01	6.5560e-01	5.2839e-10	1.0940e-11	3.7993e-04	9.1689e-01	8.2732e-02	1.2087e-06	7.2855e-01	2.7103e-01	4.1191e-04	1.1755e-36	1.1755e-36	1.1755e-36	8.7380e-18	0.00e+00	0.00e+00	3.7348e+01
3.67586e+19	7.1158e+03	1.410e-22	1.0000e+01	3.6285e+00	8.4331e-09	6.9329e-01	3.0671e-01	3.5326e-01	6.4674e-01	5.3086e-10	1.1432e-11	3.7029e-04	9.2029e-01	7.9336e-02	1.1095e-06	7.3864e-01	2.6098e-01	3.7371e-04	1.1755e-36	1.1755e-36	1.1755e-36	9.3410e-18	0.00e+00	0.00e+00	3.8113e+01
3.67761e+19	7.0473e+03	1.345e-22	1.0000e+01	3.5128e+00	9.2393e-09	7.0415e-01	2.9585e-01	3.6242e-01	6.3758e-01	5.3296e-10	1.1941e-11	3.6071e-04	9.2364e-01	7.5999e-02	1.0172e-06	7.4857e-01	2.5109e-01	3.3870e-04	1.1755e-36	1.1755e-36	1.1755e-36	9.9875e-18	0.00e+00	0.00e+00	3.8891e+01
3.67936e+19	6.9737e+03	1.282e-22	1.0000e+01	3.3994e+00	1.0148e-08	7.1470e-01	2.8530e-01	3.7176e-01	6.2824e-01	5.3475e-10	1.2458e-11	3.5124e-04	9.2688e-01	7.2769e-02	9.3243e-07	7.5817e-01	2.4153e-01	3.0707e-04	1.1755e-36	1.1755e-36	1.1755e-36	1.0668e-17	0.00e+00	0.00e+00	3.9677e+01
3.68110e+19	6.8991e+03	1.222e-22	1.0000e+01	3.2886e+00	1.1140e-08	7.2484e-01	2.7516e-01	3.8123e-01	6.1877e-01	5.3640e-10	1.2975e-11	3.4188e-04	9.3000e-01	6.9653e-02	8.5463e-07	7.6736e-01	2.3236e-01	2.7850e-04	1.1755e-36	1.1755e-36	1.1755e-36	1.1373e-17	0.00e+00	0.00e+00	4.0475e+01
3.68286e+19	6.8230e+03	1.163e-22	1.0000e+01	3.1805e+00	1.2240e-08	7.3481e-01	2.6519e-01	3.9105e-01	6.0895e-01	5.3761e-10	1.3513e-11	3.3265e-04	9.3308e-01	6.6589e-02	7.8201e-07	7.7636e-01	2.2339e-01	2.5224e-04	1.1755e-36	1.1755e-36	1.1755e-36	1.2139e-17	0.00e+00	0.00e+00	4.1300e+01
3.68465e+19	6.7486e+03	1.105e-22	1.0000e+01	3.0708e+00	1.3423e-08	7.4442e-01	2.5558e-01	4.0087e-01	5.9913e-01	5.3939e-10	1.4039e-11	3.2315e-04	9.3604e-01	6.3640e-02	7.1507e-07	7.8498e-01	2.1479e-01	2.2828e-04	1.1755e-36	1.1755e-36	1.1755e-36	1.2915e-17	0.00e+00	0.00e+00	4.2148e+01
3.68648e+19	6.6586e+03	1.049e-22	1.0000e+01	2.9653e+00	1.4912e-08	7.5439e-01	2.4561e-01	4.1161e-01	5.8839e-01	5.3926e-10	1.4654e-11	3.1406e-04	9.3904e-01	6.0641e-02	6.5113e-07	7.9389e-01	2.0591e-01	2.0582e-04	1.1755e-36	1.1755e-36	1.1755e-36	1.3887e-17	0.00e+00	0.00e+00	4.3030e+01
3.68830e+19	6.5715e+03	9.961e-23	1.0000e+01	2.8625e+00	1.6515e-08	7.6389e-01	2.3611e-01	4.2226e-01	5.7774e-01	5.3938e-10	1.5271e-11	3.0505e-04	9.4189e-01	5.7807e-02	5.9339e-07	8.0236e-01	1.9746e-01	1.8568e-04	1.1755e-36	1.1755e-36	1.1755e-36	1.4913e-17	0.00e+00	0.00e+00	4.3893e+01
3.69008e+19	6.4787e+03	9.460e-23	1.0000e+01	2.7628e+00	1.8339e-08	7.7278e-01	2.2722e-01	4.3280e-01	5.6720e-01	5.3923e-10	1.5888e-11	2.9625e-04	9.4456e-01	5.5148e-02	5.4191e-07	8.1025e-01	1.8958e-01	1.6806e-04	1.1755e-36	1.1755e-36	1.1755e-36	1.6005e-17	0.00e+00	0.00e+00	4.4757e+01
3.69185e+19	6.3843e+03	8.984e-23	1.0000e+01	2.6681e+00	2.0389e-08	7.8144e-01	2.1856e-01	4.4364e-01	5.5636e-01	5.3816e-10	1.6551e-11	2.8784e-04	9.4714e-01	5.2569e-02	4.9443e-07	8.1791e-01	1.8193e-01	1.5205e-04	1.1755e-36	1.1755e-36	1.1755e-36	1.7253e-17	0.00e+00	0.00e+00	4.5634e+01
3.69363e+19	6.2807e+03	8.528e-23	1.0000e+01	2.5738e+00	2.2828e-08	7.8984e-01	2.1016e-01	4.5456e-01	5.4544e-01	5.3679e-10	1.7259e-11	2.7942e-04	9.4961e-01	5.0108e-02	4.5121e-07	8.2532e-01	1.7454e-01	1.3763e-04	1.1755e-36	1.1755e-36	1.1755e-36	1.8689e-17	0.00e+00	0.00e+00	4.6517e+01
3.69534e+19	6.1832e+03	8.109e-23	1.0000e+01	2.4864e+00	2.5403e-08	7.9766e-01	2.0234e-01	4.6512e-01	5.3488e-01	5.3524e-10	1.7982e-11	2.7153e-04	9.5189e-01	4.7842e-02	4.1316e-07	8.3220e-01	1.6767e-01	1.2501e-04	1.1755e-36	1.1755e-36	1.1755e-36	2.0249e-17	0.00e+00	0.00e+00	4.7350e+01
3.69699e+19	6.0842e+03	7.724e-23	1.0000e+01	2.4052e+00	2.8264e-08	8.0493e-01	1.9507e-01	4.7559e-01	5.2441e-01	5.3283e-10	1.8743e-11	2.6419e-04	9.5401e-01	4.5723e-02	3.7926e-07	8.3858e-01	1.6131e-01	1.1399e-04	1.1755e-36	1.1755e-36	1.1755e-36	2.2005e-17	0.00e+00	0.00e+00	4.8181e+01
3.69861e+19	5.9834e+03	7.359e-23	1.0000e+01	2.3268e+00	3.1480e-08	8.1191e-01	1.8809e-01	4.8601e-01	5.1399e-01	5.3010e-10	1.9562e-11	2.5704e-04	9.5603e-01	4.3717e-02	3.4846e-07	8.4467e-01	1.5522e-01	1.0405e-04	1.1755e-36	1.1755e-36	1.1755e-36	2.4023e-17	0.00e+00	0.00e+00	4.9008e+01
3.70021e+19	5.8830e+03	7.014e-23	1.0000e+01	2.2502e+00	3.5008e-08	8.1845e-01	1.8155e-01	4.9615e-01	5.0385e-01	5.2760e-10	2.0414e-11	2.4996e-04	9.5790e-01	4.1847e-02	3.2077e-07	8.5038e-01	1.4952e-01	9.5189e-05	1.1755e-36	1.1755e-36	1.1755e-36	2.6268e-17	0.00e+00	0.00e+00	4.9824e+01
3.70178e+19	5.7775e+03	6.689e-23	1.0000e+01	2.1785e+00	3.9102e-08	8.2496e-01	1.7504e-01	5.0659e-01	4.9341e-01	5.2368e-10	2.1408e-11	2.4339e-04	9.5971e-01	4.0042e-02	2.9530e-07	8.5603e-01	1.4389e-01	8.7092e-05	1.1755e-36	1.1755e-36	1.1755e-36	2.9054e-17	0.00e+00	0.00e+00	5.0641e+01
3.70331e+19	5.6774e+03	6.385e-23	1.0000e+01	2.1082e+00	4.3381e-08	8.3086e-01	1.6914e-01	5.1640e-01	4.8360e-01	5.2079e-10	2.2403e-11	2.3682e-04	9.6136e-01	3.8399e-02	2.7275e-07	8.6116e-01	1.3876e-01	7.9962e-05	1.1755e-36	1.1755e-36	1.1755e-36	3.2024e-17	0.00e+00	0.00e+00	5.1426e+01
3.70482e+19	5.5715e+03	6.098e-23	1.0000e+01	2.0416e+00	4.8322e-08	8.3665e-01	1.6335e-01	5.2643e-01	4.7357e-01	5.1669e-10	2.3553e-11	2.3063e-04	9.6295e-01	3.6816e-02	2.5197e-07	8.6618e-01	1.3375e-01	7.3462e-05	1.1755e-36	1.1755e-36	1.1755e-36	3.5668e-17	0.00e+00	0.00e+00	5.2228e+01
3.70632e+19	5.4683e+03	5.823e-23	1.0000e+01	1.9768e+00	5.3617e-08	8.4226e-01	1.5774e-01	5.3629e-01	4.6371e-01	5.1271e-10	2.4793e-11	2.2454e-04	9.6446e-01	3.5318e-02	2.3296e-07	8.7101e-01	1.2892e-01	6.7508e-05	1.1755e-36	1.1755e-36	1.1755e-36	3.9826e-17	0.00e+00	0.00e+00	5.3017e+01
3.70782e+19	5.3621e+03	5.561e-23	1.0000e+01	1.9147e+00	5.9541e-08	8.4777e-01	1.5223e-01	5.4636e-01	4.5364e-01	5.0787e-10	2.6201e-11	2.1872e-04	9.6591e-01	3.3871e-02	2.1529e-07	8.7575e-01	1.2419e-01	6.2011e-05	1.1755e-36	1.1755e-36	1.1755e-36	4.4818e-17	0.00e+00	0.00e+00	5.3822e+01
3.70932e+19	5.2481e+03	5.306e-23	1.0000e+01	1.8517e+00	6.6360e-08	8.5320e-01	1.4680e-01	5.5645e-01	4.4355e-01	5.0292e-10	2.7810e-11	2.1280e-04	9.6730e-01	3.2486e-02	1.9893e-07	8.8042e-01	1.1953e-01	5.6927e-05	1.1755e-36	1.1755e-36	1.1755e-36	5.0898e-17	0.00e+00	0.00e+00	5.4636e+01
3.71081e+19	5.1343e+03	5.066e-23	1.0000e+01	1.7909e+00	7.3660e-08	8.5843e-01	1.4157e-01	5.6638e-01	4.3362e-01	4.9786e-10	2.9566e-11	2.0707e-04	9.6861e-01	3.1185e-02	1.8406e-07	8.8491e-01	1.1504e-01	5.2300e-05	1.1755e-36	1.1755e-36	1.1755e-36	5.7914e-17	0.00e+00	0.00e+00	5.5433e+01
3.71229e+19	5.0182e+03	4.836e-23	1.0000e+01	1.7320e+00	8.1515e-08	8.6348e-01	1.3652e-01	5.7633e-01	4.2367e-01	4.9232e-10	3.1496e-11	2.0151e-04	9.6985e-01	2.9944e-02	1.7037e-07	8.8924e-01	1.1071e-01	4.8073e-05	1.1755e-36	1.1755e-36	1.1755e-36	6.6052e-17	0.00e+00	0.00e+00	5.6241e+01
3.71380e+19	4.8890e+03	4.611e-23	1.0000e+01	1.6719e+00	9.0381e-08	8.6863e-01	1.3137e-01	5.8667e-01	4.1333e-01	4.8587e-10	3.2729e-11	1.9593e-04	9.7124e-01	2.8562e-02	1.5650e-07	8.9365e-01	1.0631e-01	4.4075e-05	1.1755e-36	1.1755e-36	1.1755e-36	7.1513e-17	0.00e+00	0.00e+00	5.7086e+01
3.71536e+19	4.7570e+03	4.388e-23	1.0000e+01	1.6115e+00	9.9512e-08	8.7380e-01	1.2620e-01	5.9717e-01	4.0283e-01	4.7933e-10	3.3668e-11	1.9030e-04	9.7263e-01	2.7180e-02	1.4327e-07	8.9806e-01	1.0190e-01	4.0288e-05	1.1755e-36	1.1755e-36	1.1755e-36	7.5754e-17	0.00e+00	0.00e+00	5.7952e+01
3.71698e+19	4.6153e+03	4.165e-23	1.0000e+01	1.5494e+00	1.0906e-07	8.7908e-01	1.2092e-01	6.0818e-01	3.9182e-01	4.7206e-10	3.4409e-11	1.8455e-04	9.7403e-01	2.5788e-02	1.3053e-07	9.0256e-01	9.7403e-02	3.6658e-05	1.1755e-36	1.1755e-36	1.1755e-36	7.9060e-17	0.00e+00	0.00e+00	5.8880e+01
3.71863e+19	4.4705e+03	3.949e-23	1.0000e+01	1.4874e+00	1.1809e-07	8.8436e-01	1.1564e-01	6.1912e-01	3.8088e-01	4.6488e-10	3.4831e-11	1.7881e-04	9.7537e-01	2.4453e-02	1.1755e-36	9.0705e-01	9.2919e-02	3.3277e-05	1.1755e-36	1.1755e-36	1.1755e-36	8.0715e-17	0.00e+00	0.00e+00	5.9792e+01
3.72020e+19	4.3307e+03	3.755e-23	1.0000e+01	1.4301e+00	1.2569e-07	8.8920e-01	1.1080e-01	6.2948e-01	3.7052e-01	4.5766e-10	3.4869e-11	1.7357e-04	9.7659e-01	2.3241e-02	1.1755e-36	9.1116e-01	8.8814e-02	3.0360e-05	1.1755e-36	1.1755e-36	1.1755e-36	8.0335e-17	0.00e+00	0.00e+00	6.0642e+01
3.72166e+19	4.1975e+03	3.583e-23	1.0000e+01	1.3787e+00	1.3161e-07	8.9350e-01	1.0649e-01	6.3919e-01	3.6081e-01	4.5020e-10	3.4561e-11	1.6895e-04	9.7768e-01	2.2154e-02	1.1755e-36	9.1481e-01	8.5159e-02	2.7895e-05	1.1755e-36	1.1755e-36	1.1755e-36	7.8124e-17	0.00e+00	0.00e+00	6.1435e+01
3.72303e+19	4.0700e+03	3.429e-23	1.0000e+01	1.3317e+00	1.3593e-07	8.9742e-01	1.0258e-01	6.4836e-01	3.5164e-01	4.4264e-10	3.3975e-11	1.6483e-04	9.7867e-01	2.1169e-02	1.1755e-36	9.1813e-01	8.1841e-02	2.5765e-05	1.1755e-36	1.1755e-36	1.1755e-36	7.4491e-17	0.00e+00	0.00e+00	6.2189e+01
3.72433e+19	3.9476e+03	3.287e-23	1.0000e+01	1.2876e+00	1.3874e-07	9.0110e-01	9.8897e-02	6.5701e-01	3.4299e-01	4.3542e-10	3.3183e-11	1.6100e-04	9.7957e-01	2.0270e-02	1.1755e-36	9.2125e-01	7.8725e-02	2.3868e-05	1.1755e-36	1.1755e-36	1.1755e-36	6.9883e-17	0.00e+00	0.00e+00	6.2913e+01
