#depth	Te	Htot	hden	eden	2H_2/H	HI	HII	HeI	HeII	HeIII	CO/C	C1	C2	C3	C4	O1	O2	O3	O4	O5	O6	H2O/O	AV(point)	AV(extend)	Tau912
1.92200e+14	6.9856e+03	2.709e-21	2.7826e+01	2.9793e+01	4.7577e-12	1.3261e-02	9.8674e-01	4.3862e-02	9.5378e-01	2.3616e-03	6.4607e-15	1.8790e-03	4.5960e-01	5.3829e-01	2.3634e-04	1.3179e-02	8.2826e-01	1.5851e-01	4.9417e-05	1.1755e-36	1.1755e-36	5.7384e-23	0.00e+00	0.00e+00	8.9566e-04
1.15320e+15	6.9775e+03	2.704e-21	2.7826e+01	2.9772e+01	4.7773e-12	1.3247e-02	9.8675e-01	4.3872e-02	9.5377e-01	2.3595e-03	6.4421e-15	1.8734e-03	4.5966e-01	5.3823e-01	2.3687e-04	1.3165e-02	8.2814e-01	1.5864e-01	4.9328e-05	1.1755e-36	1.1755e-36	5.7070e-23	0.00e+00	0.00e+00	4.4746e-03
4.99719e+15	6.9656e+03	2.693e-21	2.7826e+01	2.9765e+01	4.8163e-12	1.3239e-02	9.8676e-01	4.3978e-02	9.5368e-01	2.3420e-03	6.4426e-15	1.8706e-03	4.6031e-01	5.3758e-01	2.3596e-04	1.3164e-02	8.2836e-01	1.5843e-01	4.8586e-05	1.1755e-36	1.1755e-36	5.6872e-23	0.00e+00	0.00e+00	1.8782e-02
2.03732e+16	6.9225e+03	2.668e-21	2.7826e+01	2.9761e+01	5.0393e-12	1.3310e-02	9.8669e-01	4.4528e-02	9.5322e-01	2.2537e-03	6.5704e-15	1.8846e-03	4.6356e-01	5.3432e-01	2.3052e-04	1.3275e-02	8.2998e-01	1.5670e-01	4.5221e-05	1.1755e-36	1.1755e-36	5.7612e-23	0.00e+00	0.00e+00	7.6316e-02
4.86649e+16	6.7719e+03	2.582e-21	2.7826e+01	2.9765e+01	5.4580e-12	1.3082e-02	9.8692e-01	4.5209e-02	9.5262e-01	2.1707e-03	6.3758e-15	1.8771e-03	4.6781e-01	5.3009e-01	2.2602e-04	1.3068e-02	8.2981e-01	1.5708e-01	4.2234e-05	1.1755e-36	1.1755e-36	5.3477e-23	0.00e+00	0.00e+00	1.4983e-01
8.54442e+16	6.6339e+03	2.510e-21	2.7826e+01	2.9764e+01	6.0438e-12	1.3034e-02	9.8697e-01	4.6211e-02	9.5177e-01	2.0165e-03	6.3969e-15	1.8958e-03	4.7379e-01	5.2410e-01	2.1714e-04	1.3079e-02	8.3177e-01	1.5512e-01	3.7411e-05	1.1755e-36	1.1755e-36	5.1888e-23	0.00e+00	0.00e+00	2.4505e-01
1.33257e+17	6.5015e+03	2.447e-21	2.7826e+01	2.9757e+01	6.8931e-12	1.3172e-02	9.8683e-01	4.7655e-02	9.5055e-01	1.7964e-03	6.6446e-15	1.9405e-03	4.8208e-01	5.1578e-01	2.0390e-04	1.3319e-02	8.3582e-01	1.5083e-01	3.1140e-05	1.1755e-36	1.1755e-36	5.2608e-23	0.00e+00	0.00e+00	3.7014e-01
1.95414e+17	6.3765e+03	2.394e-21	2.7826e+01	2.9740e+01	8.1632e-12	1.3562e-02	9.8644e-01	4.9753e-02	9.4873e-01	1.5168e-03	7.2307e-15	2.0213e-03	4.9357e-01	5.0423e-01	1.8599e-04	1.3871e-02	8.4247e-01	1.4364e-01	2.3874e-05	1.1755e-36	1.1755e-36	5.6611e-23	0.00e+00	0.00e+00	5.3758e-01
2.76219e+17	6.2665e+03	2.355e-21	2.7826e+01	2.9712e+01	1.0138e-11	1.4344e-02	9.8566e-01	5.2882e-02	9.4592e-01	1.1954e-03	8.4052e-15	2.1570e-03	5.0967e-01	4.8801e-01	1.6324e-04	1.4910e-02	8.5235e-01	1.3272e-01	1.6361e-05	1.1755e-36	1.1755e-36	6.6358e-23	0.00e+00	0.00e+00	7.6780e-01
3.81119e+17	6.1838e+03	2.336e-21	2.7826e+01	2.9658e+01	1.3424e-11	1.5794e-02	9.8421e-01	5.7715e-02	9.4142e-01	8.6334e-04	1.0780e-14	2.3814e-03	5.3254e-01	4.6495e-01	1.3580e-04	1.6780e-02	8.6611e-01	1.1710e-01	9.5880e-06	1.1755e-36	1.1755e-36	8.8617e-23	0.00e+00	0.00e+00	1.0965e+00
4.94139e+17	6.1448e+03	2.341e-21	2.7826e+01	2.9596e+01	1.8103e-11	1.7874e-02	9.8213e-01	6.3741e-02	9.3565e-01	6.0519e-04	1.4670e-14	2.6702e-03	5.5836e-01	4.3886e-01	1.1006e-04	1.9425e-02	8.8040e-01	1.0017e-01	5.2250e-06	1.1755e-36	1.1755e-36	1.2954e-22	0.00e+00	0.00e+00	1.4344e+00
5.91075e+17	6.1787e+03	2.369e-21	2.7826e+01	2.9496e+01	2.3241e-11	2.0392e-02	9.7961e-01	7.0162e-02	9.2939e-01	4.4503e-04	2.0214e-14	2.9814e-03	5.8271e-01	4.1422e-01	8.9898e-05	2.2595e-02	8.9240e-01	8.5007e-02	2.9499e-06	1.1755e-36	1.1755e-36	1.9606e-22	0.00e+00	0.00e+00	1.7436e+00
6.70781e+17	6.2191e+03	2.418e-21	2.7826e+01	2.9412e+01	2.9842e-11	2.3329e-02	9.7667e-01	7.7002e-02	9.2265e-01	3.4472e-04	2.7989e-14	3.3047e-03	6.0609e-01	3.9054e-01	7.3711e-05	2.6270e-02	9.0170e-01	7.2027e-02	1.7452e-06	1.1755e-36	1.1755e-36	3.0076e-22	0.00e+00	0.00e+00	2.0433e+00
7.41370e+17	6.2951e+03	2.465e-21	2.7826e+01	2.9285e+01	3.7222e-11	2.6702e-02	9.7330e-01	8.4484e-02	9.1524e-01	2.7492e-04	3.8708e-14	3.6375e-03	6.2861e-01	3.6769e-01	6.0401e-05	3.0485e-02	9.0887e-01	6.0646e-02	1.0511e-06	1.1755e-36	1.1755e-36	4.6390e-22	0.00e+00	0.00e+00	2.3626e+00
8.09370e+17	6.3595e+03	2.526e-21	2.7826e+01	2.9147e+01	4.8618e-11	3.1071e-02	9.6893e-01	9.3568e-02	9.0621e-01	2.2048e-04	5.5606e-14	4.0149e-03	6.5319e-01	3.4275e-01	4.8154e-05	3.5928e-02	9.1416e-01	4.9908e-02	6.1327e-07	1.1755e-36	1.1755e-36	7.5372e-22	0.00e+00	0.00e+00	2.7336e+00
8.75906e+17	6.4450e+03	2.594e-21	2.7826e+01	2.8986e+01	6.4781e-11	3.6789e-02	9.6321e-01	1.0465e-01	8.9517e-01	1.7769e-04	8.3063e-14	4.4361e-03	6.7940e-01	3.1612e-01	3.7220e-05	4.3031e-02	9.1705e-01	3.9917e-02	3.4354e-07	1.1755e-36	1.1755e-36	1.2985e-21	0.00e+00	0.00e+00	3.1545e+00
9.37583e+17	6.5407e+03	2.659e-21	2.7826e+01	2.8726e+01	8.7452e-11	4.3955e-02	9.5604e-01	1.1773e-01	8.8212e-01	1.4528e-04	1.2618e-13	4.8629e-03	7.0560e-01	2.8951e-01	2.8199e-05	5.1900e-02	9.1677e-01	3.1331e-02	1.8997e-07	1.1755e-36	1.1755e-36	2.2972e-21	0.00e+00	0.00e+00	3.6043e+00
9.92417e+17	6.6308e+03	2.723e-21	2.7826e+01	2.8464e+01	1.2007e-10	5.2778e-02	9.4722e-01	1.3252e-01	8.6736e-01	1.2134e-04	1.9381e-13	5.2870e-03	7.3134e-01	2.6335e-01	2.1018e-05	6.2768e-02	9.1295e-01	2.4285e-02	1.1755e-36	1.1755e-36	1.1755e-36	4.1414e-21	0.00e+00	0.00e+00	4.0813e+00
1.03994e+18	6.7122e+03	2.776e-21	2.7826e+01	2.8164e+01	1.6574e-10	6.3255e-02	9.3674e-01	1.4882e-01	8.5108e-01	1.0351e-04	2.9623e-13	5.6790e-03	7.5548e-01	2.3883e-01	1.5583e-05	7.5605e-02	9.0564e-01	1.8759e-02	1.1755e-36	1.1755e-36	1.1755e-36	7.4386e-21	0.00e+00	0.00e+00	4.5660e+00
1.08020e+18	6.7858e+03	2.808e-21	2.7826e+01	2.7769e+01	2.2585e-10	7.5039e-02	9.2496e-01	1.6602e-01	8.3389e-01	9.0201e-05	4.4122e-13	6.0045e-03	7.7700e-01	2.1699e-01	1.1657e-05	8.9958e-02	8.9545e-01	1.4596e-02	1.1755e-36	1.1755e-36	1.1755e-36	1.2909e-20	0.00e+00	0.00e+00	5.0526e+00
1.11500e+18	6.8471e+03	2.822e-21	2.7826e+01	2.7327e+01	3.0659e-10	8.8369e-02	9.1163e-01	1.8442e-01	8.1550e-01	7.9619e-05	6.4680e-13	6.2764e-03	7.9661e-01	1.9710e-01	8.7566e-06	1.0609e-01	8.8251e-01	1.1403e-02	1.1755e-36	1.1755e-36	1.1755e-36	2.1938e-20	0.00e+00	0.00e+00	5.5602e+00
1.14610e+18	6.8842e+03	2.823e-21	2.7826e+01	2.6847e+01	4.2401e-10	1.0398e-01	8.9602e-01	2.0447e-01	7.9546e-01	7.0904e-05	9.4885e-13	6.5094e-03	8.1515e-01	1.7833e-01	6.5388e-06	1.2485e-01	8.6627e-01	8.8769e-03	1.1755e-36	1.1755e-36	1.1755e-36	3.7345e-20	0.00e+00	0.00e+00	6.0994e+00
1.17388e+18	6.9152e+03	2.803e-21	2.7826e+01	2.6297e+01	5.8595e-10	1.2190e-01	8.7810e-01	2.2577e-01	7.7417e-01	6.3789e-05	1.3826e-12	6.6868e-03	8.3216e-01	1.6114e-01	4.8830e-06	1.4619e-01	8.4691e-01	6.9007e-03	1.1755e-36	1.1755e-36	1.1755e-36	6.3131e-20	0.00e+00	0.00e+00	6.6572e+00
1.19839e+18	6.9327e+03	2.762e-21	2.7826e+01	2.5684e+01	8.0947e-10	1.4202e-01	8.5798e-01	2.4793e-01	7.5201e-01	5.7944e-05	1.9917e-12	6.8062e-03	8.4753e-01	1.4566e-01	3.6648e-06	1.6994e-01	8.2468e-01	5.3793e-03	1.1755e-36	1.1755e-36	1.1755e-36	1.0523e-19	0.00e+00	0.00e+00	7.2305e+00
1.22018e+18	6.9362e+03	2.703e-21	2.7826e+01	2.5007e+01	1.1185e-09	1.6445e-01	8.3555e-01	2.7096e-01	7.2899e-01	5.2977e-05	2.8391e-12	6.8700e-03	8.6140e-01	1.3172e-01	2.7654e-06	1.9614e-01	7.9966e-01	4.2039e-03	1.1755e-36	1.1755e-36	1.1755e-36	1.7315e-19	0.00e+00	0.00e+00	7.8255e+00
1.23984e+18	6.9269e+03	2.623e-21	2.7826e+01	2.4256e+01	1.5489e-09	1.8945e-01	8.1055e-01	2.9466e-01	7.0529e-01	4.8784e-05	4.0159e-12	6.8788e-03	8.7399e-01	1.1913e-01	2.0949e-06	2.2501e-01	7.7171e-01	3.2862e-03	1.1755e-36	1.1755e-36	1.1755e-36	2.8260e-19	0.00e+00	0.00e+00	8.4491e+00
1.25782e+18	6.9041e+03	2.524e-21	2.7826e+01	2.3420e+01	2.1556e-09	2.1731e-01	7.8269e-01	3.1897e-01	6.8098e-01	4.5210e-05	5.6514e-12	6.8324e-03	8.8546e-01	1.0770e-01	1.5912e-06	2.5677e-01	7.4067e-01	2.5646e-03	1.1755e-36	1.1755e-36	1.1755e-36	4.5945e-19	0.00e+00	0.00e+00	9.1069e+00
1.27440e+18	6.8672e+03	2.407e-21	2.7826e+01	2.2499e+01	3.0200e-09	2.4823e-01	7.5177e-01	3.4394e-01	6.5602e-01	4.2073e-05	7.9257e-12	6.7320e-03	8.9592e-01	9.7346e-02	1.2117e-06	2.9153e-01	7.0647e-01	1.9961e-03	1.1755e-36	1.1755e-36	1.1755e-36	7.4655e-19	0.00e+00	0.00e+00	9.8013e+00
1.28973e+18	6.8155e+03	2.273e-21	2.7826e+01	2.1493e+01	4.2581e-09	2.8217e-01	7.1783e-01	3.6916e-01	6.3080e-01	3.9376e-05	1.1069e-11	6.5793e-03	9.0541e-01	8.8006e-02	9.2642e-07	3.2912e-01	6.6933e-01	1.5498e-03	1.1755e-36	1.1755e-36	1.1755e-36	1.2128e-18	0.00e+00	0.00e+00	1.0532e+01
1.30340e+18	6.7524e+03	2.131e-21	2.7826e+01	2.0455e+01	5.9606e-09	3.1763e-01	6.8237e-01	3.9317e-01	6.0679e-01	3.7188e-05	1.5206e-11	6.3859e-03	9.1363e-01	7.9982e-02	7.1977e-07	3.6775e-01	6.3104e-01	1.2129e-03	1.1755e-36	1.1755e-36	1.1755e-36	1.9388e-18	0.00e+00	0.00e+00	1.1235e+01
1.31466e+18	6.6937e+03	1.995e-21	2.7826e+01	1.9476e+01	7.9839e-09	3.5062e-01	6.4938e-01	4.1344e-01	5.8652e-01	3.5656e-05	1.9959e-11	6.1749e-03	9.2010e-01	7.3728e-02	5.8083e-07	4.0311e-01	5.9591e-01	9.7717e-04	1.1755e-36	1.1755e-36	1.1755e-36	2.9207e-18	0.00e+00	0.00e+00	1.1847e+01
1.32358e+18	6.6214e+03	1.881e-21	2.7826e+01	1.8634e+01	1.0360e-08	3.7966e-01	6.2034e-01	4.3031e-01	5.6965e-01	3.4488e-05	2.5072e-11	5.9824e-03	9.2515e-01	6.8867e-02	4.8694e-07	4.3381e-01	5.6538e-01	8.1540e-04	1.1755e-36	1.1755e-36	1.1755e-36	4.1456e-18	0.00e+00	0.00e+00	1.2374e+01
1.32925e+18	6.5797e+03	1.805e-21	2.7826e+01	1.8065e+01	1.2219e-08	3.9928e-01	6.0072e-01	4.4016e-01	5.5980e-01	3.3950e-05	2.9034e-11	5.8413e-03	9.2802e-01	6.6135e-02	4.3693e-07	4.5431e-01	5.4496e-01	7.2501e-04	1.1755e-36	1.1755e-36	1.1755e-36	5.2245e-18	0.00e+00	0.00e+00	1.2616e+01
1.33211e+18	6.5550e+03	1.766e-21	2.7826e+01	1.7773e+01	1.3313e-08	4.0931e-01	5.9069e-01	4.4548e-01	5.5449e-01	3.3647e-05	3.1277e-11	5.7684e-03	9.2952e-01	6.4713e-02	4.1311e-07	4.6472e-01	5.3460e-01	6.8264e-04	1.1755e-36	1.1755e-36	1.1755e-36	5.8769e-18	0.00e+00	0.00e+00	1.2778e+01
1.33461e+18	6.5298e+03	1.730e-21	2.7826e+01	1.7512e+01	1.4397e-08	4.1825e-01	5.8175e-01	4.5062e-01	5.4934e-01	3.3330e-05	3.3433e-11	5.7034e-03	9.3093e-01	6.3364e-02	3.9218e-07	4.7396e-01	5.2540e-01	6.4639e-04	1.1755e-36	1.1755e-36	1.1755e-36	6.5284e-18	0.00e+00	0.00e+00	1.2981e+01
1.33778e+18	6.4905e+03	1.685e-21	2.7826e+01	1.7190e+01	1.6026e-08	4.3008e-01	5.6992e-01	4.5751e-01	5.4246e-01	3.2876e-05	3.6547e-11	5.6244e-03	9.3278e-01	6.1598e-02	3.6633e-07	4.8615e-01	5.1325e-01	6.0208e-04	1.1755e-36	1.1755e-36	1.1755e-36	7.5230e-18	0.00e+00	0.00e+00	1.3251e+01
1.34134e+18	6.4517e+03	1.634e-21	2.7826e+01	1.6813e+01	1.7981e-08	4.4336e-01	5.5664e-01	4.6468e-01	5.3529e-01	3.2468e-05	4.0280e-11	5.5273e-03	9.3468e-01	5.9790e-02	3.4038e-07	4.9974e-01	4.9971e-01	5.5624e-04	1.1755e-36	1.1755e-36	1.1755e-36	8.8011e-18	0.00e+00	0.00e+00	1.3526e+01
1.34472e+18	6.4149e+03	1.584e-21	2.7826e+01	1.6435e+01	2.0049e-08	4.5606e-01	5.4394e-01	4.7126e-01	5.2871e-01	3.2146e-05	4.4117e-11	5.4269e-03	9.3641e-01	5.8161e-02	3.1779e-07	5.1265e-01	4.8683e-01	5.1570e-04	1.1755e-36	1.1755e-36	1.1755e-36	1.0211e-17	0.00e+00	0.00e+00	1.3786e+01
1.34791e+18	6.3826e+03	1.535e-21	2.7826e+01	1.6061e+01	2.2152e-08	4.6795e-01	5.3205e-01	4.7740e-01	5.2257e-01	3.1873e-05	4.7972e-11	5.3253e-03	9.3798e-01	5.6692e-02	2.9813e-07	5.2469e-01	4.7483e-01	4.8005e-04	1.1755e-36	1.1755e-36	1.1755e-36	1.1718e-17	0.00e+00	0.00e+00	1.4044e+01
1.35114e+18	6.3375e+03	1.486e-21	2.7826e+01	1.5695e+01	2.4841e-08	4.8073e-01	5.1927e-01	4.8404e-01	5.1593e-01	3.1548e-05	5.2611e-11	5.2272e-03	9.3966e-01	5.5115e-02	2.7854e-07	5.3753e-01	4.6202e-01	4.4531e-04	1.1755e-36	1.1755e-36	1.1755e-36	1.3672e-17	0.00e+00	0.00e+00	1.4324e+01
1.35432e+18	6.2931e+03	1.439e-21	2.7826e+01	1.5340e+01	2.7842e-08	4.9365e-01	5.0635e-01	4.9058e-01	5.0939e-01	3.1232e-05	5.7775e-11	5.1306e-03	9.4127e-01	5.3595e-02	2.6045e-07	5.5046e-01	4.4913e-01	4.1294e-04	1.1755e-36	1.1755e-36	1.1755e-36	1.6017e-17	0.00e+00	0.00e+00	1.4589e+01
1.35727e+18	6.2583e+03	1.393e-21	2.7826e+01	1.4982e+01	3.0691e-08	5.0511e-01	4.9489e-01	4.9616e-01	5.0381e-01	3.1038e-05	6.2606e-11	5.0297e-03	9.4265e-01	5.2322e-02	2.4549e-07	5.6186e-01	4.3775e-01	3.8554e-04	1.1755e-36	1.1755e-36	1.1755e-36	1.8369e-17	0.00e+00	0.00e+00	1.4841e+01
1.36021e+18	6.2110e+03	1.349e-21	2.7826e+01	1.4635e+01	3.4302e-08	5.1721e-01	4.8279e-01	5.0228e-01	4.9769e-01	3.0771e-05	6.8376e-11	4.9332e-03	9.4411e-01	5.0953e-02	2.3062e-07	5.7383e-01	4.2581e-01	3.5907e-04	1.1755e-36	1.1755e-36	1.1755e-36	2.1399e-17	0.00e+00	0.00e+00	1.5118e+01
1.36319e+18	6.1636e+03	1.305e-21	2.7826e+01	1.4292e+01	3.8405e-08	5.2967e-01	4.7033e-01	5.0843e-01	4.9154e-01	3.0507e-05	7.4936e-11	4.8366e-03	9.4556e-01	4.9602e-02	2.1650e-07	5.8609e-01	4.1357e-01	3.3377e-04	1.1755e-36	1.1755e-36	1.1755e-36	2.5123e-17	0.00e+00	0.00e+00	1.5388e+01
1.36600e+18	6.1198e+03	1.262e-21	2.7826e+01	1.3952e+01	4.2644e-08	5.4120e-01	4.5880e-01	5.1393e-01	4.8603e-01	3.0322e-05	8.1510e-11	4.7391e-03	9.4686e-01	4.8405e-02	2.0430e-07	5.9737e-01	4.0231e-01	3.1169e-04	1.1755e-36	1.1755e-36	1.1755e-36	2.9168e-17	0.00e+00	0.00e+00	1.5647e+01
1.36873e+18	6.0810e+03	1.220e-21	2.7826e+01	1.3617e+01	4.6996e-08	5.5216e-01	4.4784e-01	5.1924e-01	4.8073e-01	3.0157e-05	8.8289e-11	4.6418e-03	9.4807e-01	4.7284e-02	1.9325e-07	6.0806e-01	3.9165e-01	2.9161e-04	1.1755e-36	1.1755e-36	1.1755e-36	3.3634e-17	0.00e+00	0.00e+00	1.5912e+01
1.37157e+18	6.0302e+03	1.178e-21	2.7826e+01	1.3272e+01	5.2612e-08	5.6400e-01	4.3600e-01	5.2502e-01	4.7495e-01	2.9959e-05	9.6575e-11	4.5420e-03	9.4938e-01	4.6074e-02	1.8203e-07	6.1952e-01	3.8021e-01	2.7163e-04	1.1755e-36	1.1755e-36	1.1755e-36	3.9581e-17	0.00e+00	0.00e+00	1.6205e+01
1.37443e+18	5.9803e+03	1.136e-21	2.7826e+01	1.2928e+01	5.8879e-08	5.7590e-01	4.2410e-01	5.3063e-01	4.6934e-01	2.9789e-05	1.0578e-10	4.4409e-03	9.5064e-01	4.4915e-02	1.7159e-07	6.3099e-01	3.6876e-01	2.5285e-04	1.1755e-36	1.1755e-36	1.1755e-36	4.6781e-17	0.00e+00	0.00e+00	1.6484e+01
1.37711e+18	5.9262e+03	1.097e-21	2.7826e+01	1.2605e+01	6.5967e-08	5.8724e-01	4.1276e-01	5.3605e-01	4.6392e-01	2.9610e-05	1.1578e-10	4.3465e-03	9.5183e-01	4.3824e-02	1.6223e-07	6.4187e-01	3.5789e-01	2.3620e-04	1.1755e-36	1.1755e-36	1.1755e-36	5.5351e-17	0.00e+00	0.00e+00	1.6752e+01
1.37962e+18	5.8852e+03	1.061e-21	2.7826e+01	1.2303e+01	7.2574e-08	5.9747e-01	4.0253e-01	5.4079e-01	4.5918e-01	2.9505e-05	1.2545e-10	4.2558e-03	9.5287e-01	4.2869e-02	1.5418e-07	6.5162e-01	3.4816e-01	2.2169e-04	1.1755e-36	1.1755e-36	1.1755e-36	6.4273e-17	0.00e+00	0.00e+00	1.7006e+01
1.38216e+18	5.8313e+03	1.025e-21	2.7826e+01	1.1996e+01	8.1042e-08	6.0806e-01	3.9194e-01	5.4600e-01	4.5397e-01	2.9341e-05	1.3708e-10	4.1647e-03	9.5398e-01	4.1856e-02	1.4616e-07	6.6169e-01	3.3810e-01	2.0766e-04	1.1755e-36	1.1755e-36	1.1755e-36	7.6021e-17	0.00e+00	0.00e+00	1.7290e+01
1.38476e+18	5.7738e+03	9.893e-22	2.7826e+01	1.1685e+01	9.1015e-08	6.1895e-01	3.8105e-01	5.5122e-01	4.4875e-01	2.9185e-05	1.5061e-10	4.0721e-03	9.5507e-01	4.0855e-02	1.3848e-07	6.7200e-01	3.2780e-01	1.9416e-04	1.1755e-36	1.1755e-36	1.1755e-36	9.1026e-17	0.00e+00	0.00e+00	1.7567e+01
1.38719e+18	5.7217e+03	9.564e-22	2.7826e+01	1.1400e+01	1.0131e-07	6.2909e-01	3.7091e-01	5.5604e-01	4.4393e-01	2.9049e-05	1.6473e-10	3.9866e-03	9.5607e-01	3.9943e-02	1.3170e-07	6.8154e-01	3.1828e-01	1.8225e-04	1.1755e-36	1.1755e-36	1.1755e-36	1.0813e-16	0.00e+00	0.00e+00	1.7823e+01
1.38949e+18	5.6799e+03	9.249e-22	2.7826e+01	1.1124e+01	1.1105e-07	6.3816e-01	3.6184e-01	5.6028e-01	4.3969e-01	2.8988e-05	1.7833e-10	3.9014e-03	9.5696e-01	3.9138e-02	1.1755e-36	6.9003e-01	3.0980e-01	1.7180e-04	1.1755e-36	1.1755e-36	1.1755e-36	1.2595e-16	0.00e+00	0.00e+00	1.8079e+01
1.39193e+18	5.6236e+03	8.924e-22	2.7826e+01	1.0834e+01	1.2417e-07	6.4806e-01	3.5194e-01	5.6524e-01	4.3474e-01	2.8854e-05	1.9596e-10	3.8137e-03	9.5795e-01	3.8232e-02	1.1755e-36	6.9928e-01	3.0056e-01	1.6112e-04	1.1755e-36	1.1755e-36	1.1755e-36	1.5125e-16	0.00e+00	0.00e+00	1.8375e+01
1.39447e+18	5.5680e+03	8.598e-22	2.7826e+01	1.0539e+01	1.3899e-07	6.5817e-01	3.4183e-01	5.7005e-01	4.2992e-01	2.8756e-05	2.1614e-10	3.7231e-03	9.5892e-01	3.7354e-02	1.1755e-36	7.0868e-01	2.9117e-01	1.5080e-04	1.1755e-36	1.1755e-36	1.1755e-36	1.8311e-16	0.00e+00	0.00e+00	1.8660e+01
1.39685e+18	5.5122e+03	8.297e-22	2.7826e+01	1.0265e+01	1.5522e-07	6.6767e-01	3.3233e-01	5.7465e-01	4.2533e-01	2.8655e-05	2.3812e-10	3.6386e-03	9.5983e-01	3.6535e-02	1.1755e-36	7.1746e-01	2.8239e-01	1.4163e-04	1.1755e-36	1.1755e-36	1.1755e-36	2.2140e-16	0.00e+00	0.00e+00	1.8931e+01
1.39911e+18	5.4503e+03	8.022e-22	2.7826e+01	1.0007e+01	1.7429e-07	6.7679e-01	3.2321e-01	5.7922e-01	4.2075e-01	2.8519e-05	2.6340e-10	3.5602e-03	9.6069e-01	3.5748e-02	1.1755e-36	7.2588e-01	2.7399e-01	1.3337e-04	1.1755e-36	1.1755e-36	1.1755e-36	2.7018e-16	0.00e+00	0.00e+00	1.9194e+01
1.40123e+18	5.4050e+03	7.767e-22	2.7826e+01	9.7703e+00	1.9126e-07	6.8484e-01	3.1516e-01	5.8310e-01	4.1687e-01	2.8461e-05	2.8717e-10	3.4861e-03	9.6145e-01	3.5069e-02	1.1755e-36	7.3326e-01	2.6661e-01	1.2617e-04	1.1755e-36	1.1755e-36	1.1755e-36	3.1998e-16	0.00e+00	0.00e+00	1.9437e+01
1.40338e+18	5.3431e+03	7.513e-22	2.7826e+01	9.5277e+00	2.1433e-07	6.9325e-01	3.0675e-01	5.8756e-01	4.1242e-01	2.8325e-05	3.1807e-10	3.4118e-03	9.6226e-01	3.4330e-02	1.1755e-36	7.4096e-01	2.5892e-01	1.1912e-04	1.1755e-36	1.1755e-36	1.1755e-36	3.9155e-16	0.00e+00	0.00e+00	1.9714e+01
1.40557e+18	5.2852e+03	7.264e-22	2.7826e+01	9.2918e+00	2.3943e-07	7.0174e-01	2.9826e-01	5.9192e-01	4.0805e-01	2.8202e-05	3.5305e-10	3.3389e-03	9.6305e-01	3.3612e-02	1.1755e-36	7.4871e-01	2.5118e-01	1.1230e-04	1.1755e-36	1.1755e-36	1.1755e-36	4.8067e-16	0.00e+00	0.00e+00	1.9975e+01
1.40764e+18	5.2323e+03	7.032e-22	2.7826e+01	9.0653e+00	2.6498e-07	7.0938e-01	2.9062e-01	5.9579e-01	4.0418e-01	2.8131e-05	3.8894e-10	3.2679e-03	9.6376e-01	3.2974e-02	1.1755e-36	7.5564e-01	2.4425e-01	1.0634e-04	1.1755e-36	1.1755e-36	1.1755e-36	5.8150e-16	0.00e+00	0.00e+00	2.0226e+01
1.40969e+18	5.1799e+03	6.806e-22	2.7826e+01	8.8465e+00	2.9309e-07	7.1689e-01	2.8311e-01	5.9977e-01	4.0021e-01	2.8042e-05	4.2939e-10	3.1992e-03	9.6447e-01	3.2334e-02	1.1755e-36	7.6244e-01	2.3746e-01	1.0067e-04	1.1755e-36	1.1755e-36	1.1755e-36	7.0572e-16	0.00e+00	0.00e+00	2.0490e+01
1.41183e+18	5.1202e+03	6.578e-22	2.7826e+01	8.6191e+00	3.2766e-07	7.2466e-01	2.7534e-01	6.0398e-01	3.9599e-01	2.7933e-05	4.7922e-10	3.1283e-03	9.6519e-01	3.1678e-02	1.1755e-36	7.6944e-01	2.3046e-01	9.5088e-05	1.1755e-36	1.1755e-36	1.1755e-36	8.7508e-16	0.00e+00	0.00e+00	2.0767e+01
1.41395e+18	5.0606e+03	6.358e-22	2.7826e+01	8.3954e+00	3.6597e-07	7.3217e-01	2.6783e-01	6.0795e-01	3.9202e-01	2.7854e-05	5.3533e-10	3.0580e-03	9.6589e-01	3.1057e-02	1.1755e-36	7.7622e-01	2.2369e-01	8.9879e-05	1.1755e-36	1.1755e-36	1.1755e-36	1.0869e-15	0.00e+00	0.00e+00	2.1033e+01
1.41597e+18	5.0024e+03	6.157e-22	2.7826e+01	8.1954e+00	4.0789e-07	7.3945e-01	2.6055e-01	6.1203e-01	3.8794e-01	2.7721e-05	5.9880e-10	2.9956e-03	9.6656e-01	3.0447e-02	1.1755e-36	7.8274e-01	2.1717e-01	8.5088e-05	1.1755e-36	1.1755e-36	1.1755e-36	1.3515e-15	0.00e+00	0.00e+00	2.1290e+01
1.41792e+18	4.9461e+03	5.966e-22	2.7826e+01	7.9983e+00	4.5204e-07	7.4615e-01	2.5385e-01	6.1576e-01	3.8421e-01	2.7630e-05	6.5324e-10	2.9337e-03	9.6723e-01	2.9840e-02	1.1755e-36	7.8873e-01	2.1119e-01	8.0786e-05	1.1755e-36	1.1755e-36	1.1755e-36	1.6039e-15	0.00e+00	0.00e+00	2.1542e+01
1.41986e+18	4.8891e+03	5.779e-22	2.7826e+01	7.8012e+00	5.0106e-07	7.5263e-01	2.4737e-01	6.1943e-01	3.8054e-01	2.7549e-05	7.1177e-10	2.8716e-03	9.6788e-01	2.9246e-02	1.1755e-36	7.9451e-01	2.0541e-01	7.6734e-05	1.1755e-36	1.1755e-36	1.1755e-36	1.8998e-15	0.00e+00	0.00e+00	2.1802e+01
1.42185e+18	4.8337e+03	5.593e-22	2.7826e+01	7.6062e+00	5.5439e-07	7.5911e-01	2.4089e-01	6.2315e-01	3.7682e-01	2.7469e-05	7.7591e-10	2.8098e-03	9.6854e-01	2.8649e-02	1.1755e-36	8.0027e-01	1.9965e-01	7.2791e-05	1.1755e-36	1.1755e-36	1.1755e-36	2.2510e-15	0.00e+00	0.00e+00	2.2070e+01
1.42390e+18	4.7648e+03	5.410e-22	2.7826e+01	7.4120e+00	6.2524e-07	7.6607e-01	2.3393e-01	6.2746e-01	3.7252e-01	2.7296e-05	8.5702e-10	2.7499e-03	9.6926e-01	2.7994e-02	1.1755e-36	8.0644e-01	1.9349e-01	6.8845e-05	1.1755e-36	1.1755e-36	1.1755e-36	2.7392e-15	0.00e+00	0.00e+00	2.2351e+01
1.42587e+18	4.7094e+03	5.238e-22	2.7826e+01	7.2239e+00	6.9025e-07	7.7214e-01	2.2785e-01	6.3088e-01	3.6909e-01	2.7247e-05	9.3222e-10	2.6897e-03	9.6986e-01	2.7448e-02	1.1755e-36	8.1181e-01	1.8812e-01	6.5400e-05	1.1755e-36	1.1755e-36	1.1755e-36	3.2341e-15	0.00e+00	0.00e+00	2.2602e+01
1.42777e+18	4.6434e+03	5.078e-22	2.7826e+01	7.0514e+00	7.7254e-07	7.7838e-01	2.2162e-01	6.3495e-01	3.6502e-01	2.7065e-05	1.0233e-09	2.6368e-03	9.7051e-01	2.6849e-02	1.1755e-36	8.1732e-01	1.8262e-01	6.2095e-05	1.1755e-36	1.1755e-36	1.1755e-36	3.8865e-15	0.00e+00	0.00e+00	2.2869e+01
1.42967e+18	4.5869e+03	4.921e-22	2.7826e+01	6.8795e+00	8.5196e-07	7.8413e-01	2.1587e-01	6.3848e-01	3.6149e-01	2.6973e-05	1.1121e-09	2.5823e-03	9.7110e-01	2.6315e-02	1.1755e-36	8.2237e-01	1.7757e-01	5.9056e-05	1.1755e-36	1.1755e-36	1.1755e-36	4.5783e-15	0.00e+00	0.00e+00	2.3123e+01
1.43158e+18	4.5199e+03	4.769e-22	2.7826e+01	6.7098e+00	9.5134e-07	7.9003e-01	2.0997e-01	6.4245e-01	3.5752e-01	2.6804e-05	1.2175e-09	2.5300e-03	9.7173e-01	2.5742e-02	1.1755e-36	8.2756e-01	1.7239e-01	5.6096e-05	1.1755e-36	1.1755e-36	1.1755e-36	5.4739e-15	0.00e+00	0.00e+00	2.3397e+01
1.43351e+18	4.4570e+03	4.620e-22	2.7826e+01	6.5415e+00	1.0546e-06	7.9574e-01	2.0425e-01	6.4619e-01	3.5379e-01	2.6673e-05	1.3268e-09	2.4774e-03	9.7232e-01	2.5199e-02	1.1755e-36	8.3256e-01	1.6739e-01	5.3290e-05	1.1755e-36	1.1755e-36	1.1755e-36	6.4824e-15	0.00e+00	0.00e+00	2.3661e+01
1.43542e+18	4.3931e+03	4.477e-22	2.7826e+01	6.3783e+00	1.1673e-06	8.0129e-01	1.9871e-01	6.4998e-01	3.4999e-01	2.6526e-05	1.4432e-09	2.4266e-03	9.7291e-01	2.4661e-02	1.1755e-36	8.3741e-01	1.6254e-01	5.0644e-05	1.1755e-36	1.1755e-36	1.1755e-36	7.6467e-15	0.00e+00	0.00e+00	2.3932e+01
1.43738e+18	4.3264e+03	4.334e-22	2.7826e+01	6.2139e+00	1.2936e-06	8.0689e-01	1.9311e-01	6.5391e-01	3.4606e-01	2.6365e-05	1.5705e-09	2.3757e-03	9.7351e-01	2.4113e-02	1.1755e-36	8.4228e-01	1.5767e-01	4.8058e-05	1.1755e-36	1.1755e-36	1.1755e-36	9.0239e-15	0.00e+00	0.00e+00	2.4215e+01
1.43940e+18	4.2571e+03	4.191e-22	2.7826e+01	6.0482e+00	1.4335e-06	8.1252e-01	1.8748e-01	6.5796e-01	3.4201e-01	2.6192e-05	1.7079e-09	2.3245e-03	9.7412e-01	2.3558e-02	1.1755e-36	8.4718e-01	1.5277e-01	4.5534e-05	1.1755e-36	1.1755e-36	1.1755e-36	1.0631e-14	0.00e+00	0.00e+00	2.4507e+01
1.44147e+18	4.1898e+03	4.049e-22	2.7826e+01	5.8791e+00	1.5764e-06	8.1795e-01	1.8205e-01	6.6184e-01	3.3813e-01	2.6062e-05	1.8454e-09	2.2714e-03	9.7471e-01	2.3022e-02	1.1755e-36	8.5189e-01	1.4806e-01	4.3128e-05	1.1755e-36	1.1755e-36	1.1755e-36	1.2362e-14	0.00e+00	0.00e+00	2.4809e+01
1.44368e+18	4.1127e+03	3.903e-22	2.7826e+01	5.7054e+00	1.7462e-06	8.2377e-01	1.7623e-01	6.6629e-01	3.3368e-01	2.5859e-05	2.0017e-09	2.2181e-03	9.7535e-01	2.2434e-02	1.1755e-36	8.5693e-01	1.4303e-01	4.0666e-05	1.1755e-36	1.1755e-36	1.1755e-36	1.4472e-14	0.00e+00	0.00e+00	2.5143e+01
1.44602e+18	4.0298e+03	3.755e-22	2.7826e+01	5.5302e+00	1.9358e-06	8.2993e-01	1.7007e-01	6.7116e-01	3.2882e-01	2.5606e-05	2.1712e-09	2.1651e-03	9.7602e-01	2.1813e-02	1.1755e-36	8.6225e-01	1.3771e-01	3.8175e-05	1.1755e-36	1.1755e-36	1.1755e-36	1.6921e-14	0.00e+00	0.00e+00	2.5490e+01
1.44843e+18	3.9471e+03	3.608e-22	2.7826e+01	5.3517e+00	2.1243e-06	8.3589e-01	1.6410e-01	6.7588e-01	3.2409e-01	2.5386e-05	2.3311e-09	2.1106e-03	9.7668e-01	2.1211e-02	1.1755e-36	8.6738e-01	1.3258e-01	3.5819e-05	1.1755e-36	1.1755e-36	1.1755e-36	1.9379e-14	0.00e+00	0.00e+00	2.5846e+01
###########################
1.92200e+14	6.9872e+03	2.709e-21	2.7826e+01	2.9794e+01	4.7362e-12	1.3256e-02	9.8674e-01	4.3852e-02	9.5379e-01	2.3620e-03	6.4359e-15	1.8460e-03	4.5954e-01	5.3838e-01	2.3689e-04	1.3173e-02	8.2822e-01	1.5856e-01	4.9445e-05	1.1755e-36	1.1755e-36	5.7011e-23	0.00e+00	0.00e+00	8.9534e-04
1.15320e+15	6.9793e+03	2.704e-21	2.7826e+01	2.9772e+01	4.7551e-12	1.3242e-02	9.8676e-01	4.3860e-02	9.5378e-01	2.3599e-03	6.4175e-15	1.8408e-03	4.5960e-01	5.3833e-01	2.3722e-04	1.3158e-02	8.2809e-01	1.5871e-01	4.9362e-05	1.1755e-36	1.1755e-36	5.6708e-23	0.00e+00	0.00e+00	4.4728e-03
4.99719e+15	6.9676e+03	2.694e-21	2.7826e+01	2.9765e+01	4.7920e-12	1.3233e-02	9.8677e-01	4.3964e-02	9.5369e-01	2.3425e-03	6.4163e-15	1.8411e-03	4.6024e-01	5.3768e-01	2.3610e-04	1.3155e-02	8.2825e-01	1.5855e-01	4.8640e-05	1.1755e-36	1.1755e-36	5.6492e-23	0.00e+00	0.00e+00	1.8773e-02
2.03732e+16	6.9257e+03	2.669e-21	2.7826e+01	2.9762e+01	5.0048e-12	1.3297e-02	9.8670e-01	4.4508e-02	9.5324e-01	2.2545e-03	6.5368e-15	1.8596e-03	4.6347e-01	5.3444e-01	2.3062e-04	1.3257e-02	8.2973e-01	1.5697e-01	4.5328e-05	1.1755e-36	1.1755e-36	5.7152e-23	0.00e+00	0.00e+00	7.6252e-02
4.86649e+16	6.7757e+03	2.583e-21	2.7826e+01	2.9766e+01	5.4135e-12	1.3065e-02	9.8694e-01	4.5177e-02	9.5265e-01	2.1716e-03	6.3366e-15	1.8578e-03	4.6770e-01	5.3021e-01	2.2607e-04	1.3039e-02	8.2922e-01	1.5769e-01	4.2441e-05	1.1755e-36	1.1755e-36	5.2985e-23	0.00e+00	0.00e+00	1.4967e-01
8.54442e+16	6.6366e+03	2.511e-21	2.7826e+01	2.9765e+01	6.0016e-12	1.3020e-02	9.8698e-01	4.6182e-02	9.5180e-01	2.0171e-03	6.3625e-15	1.8810e-03	4.7376e-01	5.2414e-01	2.1709e-04	1.3054e-02	8.3119e-01	1.5572e-01	3.7589e-05	1.1755e-36	1.1755e-36	5.1452e-23	0.00e+00	0.00e+00	2.4478e-01
1.33257e+17	6.5031e+03	2.447e-21	2.7826e+01	2.9757e+01	6.8567e-12	1.3160e-02	9.8684e-01	4.7631e-02	9.5057e-01	1.7967e-03	6.6167e-15	1.9293e-03	4.8213e-01	5.1574e-01	2.0375e-04	1.3299e-02	8.3534e-01	1.5133e-01	3.1263e-05	1.1755e-36	1.1755e-36	5.2239e-23	0.00e+00	0.00e+00	3.6977e-01
1.95414e+17	6.3773e+03	2.394e-21	2.7826e+01	2.9741e+01	8.1289e-12	1.3552e-02	9.8645e-01	4.9735e-02	9.4875e-01	1.5170e-03	7.2056e-15	2.0131e-03	4.9372e-01	5.0408e-01	1.8578e-04	1.3855e-02	8.4215e-01	1.4397e-01	2.3944e-05	1.1755e-36	1.1755e-36	5.6247e-23	0.00e+00	0.00e+00	5.3708e-01
2.76219e+17	6.2664e+03	2.354e-21	2.7826e+01	2.9713e+01	1.0107e-11	1.4335e-02	9.8567e-01	5.2870e-02	9.4593e-01	1.1955e-03	8.3832e-15	2.1517e-03	5.0992e-01	4.8777e-01	1.6299e-04	1.4897e-02	8.5219e-01	1.3290e-01	1.6392e-05	1.1755e-36	1.1755e-36	6.5991e-23	0.00e+00	0.00e+00	7.6715e-01
3.81158e+17	6.1830e+03	2.335e-21	2.7826e+01	2.9659e+01	1.3403e-11	1.5786e-02	9.8421e-01	5.7712e-02	9.4142e-01	8.6317e-04	1.0764e-14	2.3793e-03	5.3291e-01	4.6458e-01	1.3552e-04	1.6771e-02	8.6608e-01	1.1714e-01	9.5938e-06	1.1755e-36	1.1755e-36	8.8257e-23	0.00e+00	0.00e+00	1.0959e+00
4.94243e+17	6.1430e+03	2.340e-21	2.7826e+01	2.9597e+01	1.8106e-11	1.7868e-02	9.8213e-01	6.3750e-02	9.3564e-01	6.0487e-04	1.4663e-14	2.6720e-03	5.5885e-01	4.3837e-01	1.0977e-04	1.9421e-02	8.8045e-01	1.0012e-01	5.2223e-06	1.1755e-36	1.1755e-36	1.2917e-22	0.00e+00	0.00e+00	1.4339e+00
5.90800e+17	6.1760e+03	2.368e-21	2.7826e+01	2.9497e+01	2.3245e-11	2.0374e-02	9.7963e-01	7.0141e-02	9.2941e-01	4.4537e-04	2.0187e-14	2.9850e-03	5.8314e-01	4.1379e-01	8.9723e-05	2.2577e-02	8.9241e-01	8.5011e-02	2.9554e-06	1.1755e-36	1.1755e-36	1.9534e-22	0.00e+00	0.00e+00	1.7399e+00
6.69887e+17	6.2156e+03	2.416e-21	2.7826e+01	2.9413e+01	2.9815e-11	2.3285e-02	9.7671e-01	7.6926e-02	9.2273e-01	3.4564e-04	2.7895e-14	3.3092e-03	6.0638e-01	3.9024e-01	7.3665e-05	2.6218e-02	9.0166e-01	7.2119e-02	1.7554e-06	1.1755e-36	1.1755e-36	2.9886e-22	0.00e+00	0.00e+00	2.0373e+00
7.40290e+17	6.2906e+03	2.463e-21	2.7826e+01	2.9287e+01	3.7195e-11	2.6641e-02	9.7336e-01	8.4379e-02	9.1535e-01	2.7577e-04	3.8551e-14	3.6446e-03	6.2888e-01	3.6741e-01	6.0394e-05	3.0412e-02	9.0883e-01	6.0762e-02	1.0589e-06	1.1755e-36	1.1755e-36	4.6053e-22	0.00e+00	0.00e+00	2.3561e+00
8.18615e+17	6.3533e+03	2.531e-21	2.7826e+01	2.9146e+01	5.1323e-11	3.1774e-02	9.6823e-01	9.5274e-02	9.0451e-01	2.1277e-04	5.8969e-14	4.0966e-03	6.5817e-01	3.3769e-01	4.6184e-05	3.6812e-02	9.1483e-01	4.8356e-02	5.6297e-07	1.1755e-36	1.1755e-36	8.1161e-22	0.00e+00	0.00e+00	2.8504e+00
8.98434e+17	6.4755e+03	2.609e-21	2.7826e+01	2.8883e+01	7.1578e-11	3.8990e-02	9.6101e-01	1.0907e-01	8.9076e-01	1.6465e-04	9.5507e-14	4.6037e-03	6.8910e-01	3.0627e-01	3.3805e-05	4.5768e-02	9.1744e-01	3.6790e-02	2.7976e-07	1.1755e-36	1.1755e-36	1.5663e-21	0.00e+00	0.00e+00	3.3375e+00
9.60491e+17	6.5737e+03	2.683e-21	2.7826e+01	2.8621e+01	9.9403e-11	4.7242e-02	9.5276e-01	1.2343e-01	8.7644e-01	1.3477e-04	1.4979e-13	5.0644e-03	7.1652e-01	2.7839e-01	2.5040e-05	5.5959e-02	9.1571e-01	2.8333e-02	1.5006e-07	1.1755e-36	1.1755e-36	2.9037e-21	0.00e+00	0.00e+00	3.7776e+00
1.00881e+18	6.6562e+03	2.742e-21	2.7826e+01	2.8378e+01	1.3426e-10	5.6101e-02	9.4390e-01	1.3772e-01	8.6217e-01	1.1502e-04	2.2420e-13	5.4618e-03	7.4009e-01	2.5443e-01	1.8963e-05	6.6848e-02	9.1087e-01	2.2277e-02	1.1755e-36	1.1755e-36	1.1755e-36	5.0636e-21	0.00e+00	0.00e+00	4.2075e+00
1.05043e+18	6.7359e+03	2.782e-21	2.7826e+01	2.8070e+01	1.7889e-10	6.6051e-02	9.3395e-01	1.5292e-01	8.4698e-01	1.0002e-04	3.2861e-13	5.8105e-03	7.6155e-01	2.3262e-01	1.4433e-05	7.9021e-02	9.0339e-01	1.7592e-02	1.1755e-36	1.1755e-36	1.1755e-36	8.5914e-21	0.00e+00	0.00e+00	4.6675e+00
1.08887e+18	6.7930e+03	2.811e-21	2.7826e+01	2.7660e+01	2.4529e-10	7.8087e-02	9.2191e-01	1.7042e-01	8.2949e-01	8.7351e-05	4.8592e-13	6.1276e-03	7.8251e-01	2.1135e-01	1.0825e-05	9.3663e-02	8.9260e-01	1.3741e-02	1.1755e-36	1.1755e-36	1.1755e-36	1.4741e-20	0.00e+00	0.00e+00	5.1786e+00
1.12418e+18	6.8547e+03	2.821e-21	2.7826e+01	2.7197e+01	3.3792e-10	9.2572e-02	9.0743e-01	1.9000e-01	8.0993e-01	7.6918e-05	7.2426e-13	6.4083e-03	8.0263e-01	1.9096e-01	8.0181e-06	1.1116e-01	8.7823e-01	1.0610e-02	1.1755e-36	1.1755e-36	1.1755e-36	2.5661e-20	0.00e+00	0.00e+00	5.7213e+00
1.15516e+18	6.8909e+03	2.817e-21	2.7826e+01	2.6680e+01	4.7264e-10	1.0941e-01	8.9059e-01	2.1105e-01	7.8889e-01	6.8500e-05	1.0742e-12	6.6379e-03	8.2120e-01	1.7215e-01	5.9312e-06	1.3134e-01	8.6047e-01	8.1902e-03	1.1755e-36	1.1755e-36	1.1755e-36	4.4411e-20	0.00e+00	0.00e+00	6.2709e+00
1.18165e+18	6.9181e+03	2.791e-21	2.7826e+01	2.6113e+01	6.5233e-10	1.2796e-01	8.7204e-01	2.3249e-01	7.6745e-01	6.1882e-05	1.5580e-12	6.8012e-03	8.3754e-01	1.5565e-01	4.4419e-06	1.5337e-01	8.4025e-01	6.3796e-03	1.1755e-36	1.1755e-36	1.1755e-36	7.4672e-20	0.00e+00	0.00e+00	6.8194e+00
1.20473e+18	6.9318e+03	2.745e-21	2.7826e+01	2.5493e+01	8.9460e-10	1.4831e-01	8.5169e-01	2.5437e-01	7.4557e-01	5.6477e-05	2.2196e-12	6.9052e-03	8.5207e-01	1.4102e-01	3.3599e-06	1.7731e-01	8.1768e-01	5.0043e-03	1.1755e-36	1.1755e-36	1.1755e-36	1.2266e-19	0.00e+00	0.00e+00	7.3861e+00
1.22564e+18	6.9310e+03	2.681e-21	2.7826e+01	2.4801e+01	1.2336e-09	1.7122e-01	8.2878e-01	2.7732e-01	7.2262e-01	5.1808e-05	3.1456e-12	6.9563e-03	8.6541e-01	1.2763e-01	2.5449e-06	2.0399e-01	7.9209e-01	3.9213e-03	1.1755e-36	1.1755e-36	1.1755e-36	2.0036e-19	0.00e+00	0.00e+00	7.9902e+00
1.24496e+18	6.9180e+03	2.595e-21	2.7826e+01	2.4021e+01	1.7152e-09	1.9723e-01	8.0277e-01	3.0139e-01	6.9856e-01	4.7764e-05	4.4561e-12	6.9522e-03	8.7774e-01	1.1531e-01	1.9247e-06	2.3392e-01	7.6302e-01	3.0579e-03	1.1755e-36	1.1755e-36	1.1755e-36	3.2809e-19	0.00e+00	0.00e+00	8.6328e+00
1.26269e+18	6.8910e+03	2.490e-21	2.7826e+01	2.3150e+01	2.4016e-09	2.2634e-01	7.7366e-01	3.2623e-01	6.7372e-01	4.4252e-05	6.2918e-12	6.8907e-03	8.8898e-01	1.0413e-01	1.4584e-06	2.6698e-01	7.3064e-01	2.3778e-03	1.1755e-36	1.1755e-36	1.1755e-36	5.3673e-19	0.00e+00	0.00e+00	9.3058e+00
1.27887e+18	6.8499e+03	2.367e-21	2.7826e+01	2.2206e+01	3.3745e-09	2.5830e-01	7.4170e-01	3.5137e-01	6.4858e-01	4.1232e-05	8.8264e-12	6.7765e-03	8.9912e-01	9.4102e-02	1.1112e-06	3.0275e-01	6.9540e-01	1.8482e-03	1.1755e-36	1.1755e-36	1.1755e-36	8.7426e-19	0.00e+00	0.00e+00	1.0007e+01
1.29373e+18	6.7942e+03	2.229e-21	2.7826e+01	2.1184e+01	4.7569e-09	2.9291e-01	7.0709e-01	3.7638e-01	6.2358e-01	3.8688e-05	1.2285e-11	6.6105e-03	9.0824e-01	8.5149e-02	8.5237e-07	3.4089e-01	6.5767e-01	1.4366e-03	1.1755e-36	1.1755e-36	1.1755e-36	1.4168e-18	0.00e+00	0.00e+00	1.0741e+01
1.30678e+18	6.7290e+03	2.087e-21	2.7826e+01	2.0144e+01	6.6144e-09	3.2826e-01	6.7174e-01	3.9952e-01	6.0045e-01	3.6701e-05	1.6718e-11	6.4068e-03	9.1596e-01	7.7633e-02	6.6793e-07	3.7920e-01	6.1967e-01	1.1307e-03	1.1755e-36	1.1755e-36	1.1755e-36	2.2402e-18	0.00e+00	0.00e+00	1.1424e+01
1.31729e+18	6.6628e+03	1.959e-21	2.7826e+01	1.9201e+01	8.8028e-09	3.6026e-01	6.3974e-01	4.1872e-01	5.8125e-01	3.5296e-05	2.1669e-11	6.1991e-03	9.2194e-01	7.1860e-02	5.4538e-07	4.1336e-01	5.8572e-01	9.2054e-04	1.1755e-36	1.1755e-36	1.1755e-36	3.3201e-18	0.00e+00	0.00e+00	1.2004e+01
1.32561e+18	6.5919e+03	1.851e-21	2.7826e+01	1.8428e+01	1.1300e-08	3.8839e-01	6.1161e-01	4.3481e-01	5.6515e-01	3.4206e-05	2.6998e-11	6.0204e-03	9.2670e-01	6.7282e-02	4.6095e-07	4.4297e-01	5.5625e-01	7.7422e-04	1.1755e-36	1.1755e-36	1.1755e-36	4.6665e-18	0.00e+00	0.00e+00	1.2514e+01
1.33104e+18	6.5672e+03	1.774e-21	2.7826e+01	1.7844e+01	1.3012e-08	4.0661e-01	5.9339e-01	4.4367e-01	5.5629e-01	3.3813e-05	3.0780e-11	5.8679e-03	9.2923e-01	6.4898e-02	4.1736e-07	4.6192e-01	5.3739e-01	6.9281e-04	1.1755e-36	1.1755e-36	1.1755e-36	5.7395e-18	0.00e+00	0.00e+00	1.2756e+01
1.33401e+18	6.5301e+03	1.733e-21	2.7826e+01	1.7535e+01	1.4385e-08	4.1750e-01	5.8250e-01	4.4962e-01	5.5035e-01	3.3435e-05	3.3388e-11	5.7918e-03	9.3085e-01	6.3355e-02	3.9284e-07	4.7319e-01	5.2616e-01	6.4974e-04	1.1755e-36	1.1755e-36	1.1755e-36	6.5318e-18	0.00e+00	0.00e+00	1.2944e+01
1.33664e+18	6.5035e+03	1.695e-21	2.7826e+01	1.7257e+01	1.5622e-08	4.2701e-01	5.7299e-01	4.5490e-01	5.4507e-01	3.3127e-05	3.5808e-11	5.7210e-03	9.3228e-01	6.1994e-02	3.7221e-07	4.8299e-01	5.1640e-01	6.1345e-04	1.1755e-36	1.1755e-36	1.1755e-36	7.3015e-18	0.00e+00	0.00e+00	1.3146e+01
1.33969e+18	6.4638e+03	1.652e-21	2.7826e+01	1.6942e+01	1.7354e-08	4.3860e-01	5.6140e-01	4.6154e-01	5.3843e-01	3.2700e-05	3.9047e-11	5.6419e-03	9.3404e-01	6.0323e-02	3.4853e-07	4.9488e-01	5.0455e-01	5.7253e-04	1.1755e-36	1.1755e-36	1.1755e-36	8.3899e-18	0.00e+00	0.00e+00	1.3408e+01
1.34309e+18	6.4263e+03	1.602e-21	2.7826e+01	1.6573e+01	1.9380e-08	4.5142e-01	5.4858e-01	4.6836e-01	5.3160e-01	3.2332e-05	4.2847e-11	5.5444e-03	9.3583e-01	5.8626e-02	3.2488e-07	5.0794e-01	4.9153e-01	5.3040e-04	1.1755e-36	1.1755e-36	1.1755e-36	9.7557e-18	0.00e+00	0.00e+00	1.3678e+01
1.34642e+18	6.3892e+03	1.552e-21	2.7826e+01	1.6200e+01	2.1601e-08	4.6414e-01	5.3586e-01	4.7495e-01	5.2502e-01	3.2010e-05	4.6930e-11	5.4443e-03	9.3753e-01	5.7025e-02	3.0342e-07	5.2083e-01	4.7868e-01	4.9177e-04	1.1755e-36	1.1755e-36	1.1755e-36	1.1329e-17	0.00e+00	0.00e+00	1.3944e+01
1.34964e+18	6.3495e+03	1.504e-21	2.7826e+01	1.5833e+01	2.4078e-08	4.7664e-01	5.2336e-01	4.8137e-01	5.1860e-01	3.1709e-05	5.1313e-11	5.3445e-03	9.3915e-01	5.5501e-02	2.8395e-07	5.3343e-01	4.6612e-01	4.5671e-04	1.1755e-36	1.1755e-36	1.1755e-36	1.3141e-17	0.00e+00	0.00e+00	1.4210e+01
1.35276e+18	6.3098e+03	1.456e-21	2.7826e+01	1.5473e+01	2.6796e-08	4.8896e-01	5.1104e-01	4.8761e-01	5.1236e-01	3.1430e-05	5.6031e-11	5.2451e-03	9.4071e-01	5.4045e-02	2.6618e-07	5.4578e-01	4.5380e-01	4.2460e-04	1.1755e-36	1.1755e-36	1.1755e-36	1.5235e-17	0.00e+00	0.00e+00	1.4474e+01
1.35582e+18	6.2686e+03	1.410e-21	2.7826e+01	1.5117e+01	2.9831e-08	5.0122e-01	4.9878e-01	4.9377e-01	5.0620e-01	3.1163e-05	6.1166e-11	5.1459e-03	9.4222e-01	5.2638e-02	2.4977e-07	5.5799e-01	4.4162e-01	3.9497e-04	1.1755e-36	1.1755e-36	1.1755e-36	1.7686e-17	0.00e+00	0.00e+00	1.4742e+01
1.35883e+18	6.2247e+03	1.364e-21	2.7826e+01	1.4763e+01	3.3265e-08	5.1344e-01	4.8656e-01	4.9986e-01	5.0011e-01	3.0908e-05	6.6795e-11	5.0462e-03	9.4368e-01	5.1274e-02	2.3456e-07	5.7011e-01	4.2952e-01	3.6750e-04	1.1755e-36	1.1755e-36	1.1755e-36	2.0583e-17	0.00e+00	0.00e+00	1.5011e+01
1.36177e+18	6.1796e+03	1.320e-21	2.7826e+01	1.4413e+01	3.7090e-08	5.2548e-01	4.7452e-01	5.0577e-01	4.9420e-01	3.0675e-05	7.2882e-11	4.9467e-03	9.4508e-01	4.9972e-02	2.2063e-07	5.8198e-01	4.1768e-01	3.4231e-04	1.1755e-36	1.1755e-36	1.1755e-36	2.3968e-17	0.00e+00	0.00e+00	1.5278e+01
1.36462e+18	6.1344e+03	1.277e-21	2.7826e+01	1.4071e+01	4.1277e-08	5.3720e-01	4.6280e-01	5.1146e-01	4.8851e-01	3.0465e-05	7.9391e-11	4.8482e-03	9.4641e-01	4.8738e-02	2.0795e-07	5.9347e-01	4.0621e-01	3.1936e-04	1.1755e-36	1.1755e-36	1.1755e-36	2.7879e-17	0.00e+00	0.00e+00	1.5543e+01
1.36740e+18	6.0889e+03	1.235e-21	2.7826e+01	1.3735e+01	4.5892e-08	5.4871e-01	4.5129e-01	5.1704e-01	4.8293e-01	3.0268e-05	8.6437e-11	4.7508e-03	9.4770e-01	4.7551e-02	1.9624e-07	6.0470e-01	3.9500e-01	2.9820e-04	1.1755e-36	1.1755e-36	1.1755e-36	3.2454e-17	0.00e+00	0.00e+00	1.5809e+01
1.37016e+18	6.0430e+03	1.194e-21	2.7826e+01	1.3403e+01	5.1023e-08	5.6015e-01	4.3985e-01	5.2258e-01	4.7739e-01	3.0075e-05	9.4163e-11	4.6536e-03	9.4895e-01	4.6395e-02	1.8529e-07	6.1580e-01	3.8392e-01	2.7845e-04	1.1755e-36	1.1755e-36	1.1755e-36	3.7876e-17	0.00e+00	0.00e+00	1.6079e+01
1.37290e+18	5.9952e+03	1.153e-21	2.7826e+01	1.3066e+01	5.6804e-08	5.7145e-01	4.2855e-01	5.2799e-01	4.7198e-01	2.9910e-05	1.0260e-10	4.5544e-03	9.5016e-01	4.5281e-02	1.7510e-07	6.2673e-01	3.7301e-01	2.6006e-04	1.1755e-36	1.1755e-36	1.1755e-36	4.4314e-17	0.00e+00	0.00e+00	1.6354e+01
1.37561e+18	5.9439e+03	1.114e-21	2.7826e+01	1.2745e+01	6.3508e-08	5.8294e-01	4.1706e-01	5.3355e-01	4.6642e-01	2.9715e-05	1.1230e-10	4.4593e-03	9.5138e-01	4.4161e-02	1.6538e-07	6.3776e-01	3.6200e-01	2.4272e-04	1.1755e-36	1.1755e-36	1.1755e-36	5.2361e-17	0.00e+00	0.00e+00	1.6629e+01
1.37823e+18	5.8941e+03	1.076e-21	2.7826e+01	1.2426e+01	7.0699e-08	5.9380e-01	4.0620e-01	5.3866e-01	4.6131e-01	2.9574e-05	1.2244e-10	4.3638e-03	9.5250e-01	4.3138e-02	1.5672e-07	6.4814e-01	3.5163e-01	2.2717e-04	1.1755e-36	1.1755e-36	1.1755e-36	6.1550e-17	0.00e+00	0.00e+00	1.6894e+01
1.38075e+18	5.8512e+03	1.039e-21	2.7826e+01	1.2117e+01	7.7933e-08	6.0399e-01	3.9601e-01	5.4346e-01	4.5651e-01	2.9470e-05	1.3279e-10	4.2699e-03	9.5354e-01	4.2193e-02	1.4892e-07	6.5784e-01	3.4195e-01	2.1313e-04	1.1755e-36	1.1755e-36	1.1755e-36	7.1672e-17	0.00e+00	0.00e+00	1.7160e+01
1.38335e+18	5.7975e+03	1.003e-21	2.7826e+01	1.1803e+01	8.7109e-08	6.1474e-01	3.8526e-01	5.4865e-01	4.5132e-01	2.9329e-05	1.4539e-10	4.1747e-03	9.5464e-01	4.1187e-02	1.4109e-07	6.6802e-01	3.3178e-01	1.9933e-04	1.1755e-36	1.1755e-36	1.1755e-36	8.5162e-17	0.00e+00	0.00e+00	1.7451e+01
1.38597e+18	5.7443e+03	9.666e-22	2.7826e+01	1.1490e+01	9.7394e-08	6.2553e-01	3.7447e-01	5.5374e-01	4.4623e-01	2.9207e-05	1.5957e-10	4.0790e-03	9.5571e-01	4.0215e-02	1.3371e-07	6.7819e-01	3.2162e-01	1.8626e-04	1.1755e-36	1.1755e-36	1.1755e-36	1.0178e-16	0.00e+00	0.00e+00	1.7732e+01
1.38846e+18	5.6853e+03	9.333e-22	2.7826e+01	1.1194e+01	1.0936e-07	6.3592e-01	3.6408e-01	5.5875e-01	4.4122e-01	2.9061e-05	1.7553e-10	3.9895e-03	9.5672e-01	3.9286e-02	1.2700e-07	6.8795e-01	3.1188e-01	1.7454e-04	1.1755e-36	1.1755e-36	1.1755e-36	1.2242e-16	0.00e+00	0.00e+00	1.8003e+01
1.39078e+18	5.6389e+03	9.025e-22	2.7826e+01	1.0921e+01	1.2061e-07	6.4520e-01	3.5480e-01	5.6309e-01	4.3689e-01	2.8983e-05	1.9101e-10	3.9047e-03	9.5762e-01	3.8478e-02	1.1755e-36	6.9661e-01	3.0322e-01	1.6436e-04	1.1755e-36	1.1755e-36	1.1755e-36	1.4419e-16	0.00e+00	0.00e+00	1.8254e+01
1.39308e+18	5.5771e+03	8.731e-22	2.7826e+01	1.0659e+01	1.3550e-07	6.5487e-01	3.4513e-01	5.6808e-01	4.3189e-01	2.8792e-05	2.1069e-10	3.8252e-03	9.5857e-01	3.7601e-02	1.1755e-36	7.0562e-01	2.9422e-01	1.5455e-04	1.1755e-36	1.1755e-36	1.1755e-36	1.7464e-16	0.00e+00	0.00e+00	1.8527e+01
1.39535e+18	5.5338e+03	8.439e-22	2.7826e+01	1.0395e+01	1.4870e-07	6.6361e-01	3.3639e-01	5.7213e-01	4.2784e-01	2.8750e-05	2.2909e-10	3.7419e-03	9.5940e-01	3.6861e-02	1.1755e-36	7.1371e-01	2.8615e-01	1.4575e-04	1.1755e-36	1.1755e-36	1.1755e-36	2.0556e-16	0.00e+00	0.00e+00	1.8779e+01
1.39764e+18	5.4793e+03	8.149e-22	2.7826e+01	1.0126e+01	1.6543e-07	6.7255e-01	3.2745e-01	5.7662e-01	4.2336e-01	2.8657e-05	2.5159e-10	3.6578e-03	9.6027e-01	3.6071e-02	1.1755e-36	7.2197e-01	2.7789e-01	1.3720e-04	1.1755e-36	1.1755e-36	1.1755e-36	2.4705e-16	0.00e+00	0.00e+00	1.9066e+01
1.40006e+18	5.4229e+03	7.854e-22	2.7826e+01	9.8517e+00	1.8502e-07	6.8193e-01	3.1807e-01	5.8124e-01	4.1873e-01	2.8565e-05	2.7844e-10	3.5716e-03	9.6116e-01	3.5269e-02	1.1755e-36	7.3059e-01	2.6928e-01	1.2872e-04	1.1755e-36	1.1755e-36	1.1755e-36	3.0145e-16	0.00e+00	0.00e+00	1.9355e+01
1.40240e+18	5.3619e+03	7.579e-22	2.7826e+01	9.5955e+00	2.0796e-07	6.9117e-01	3.0883e-01	5.8595e-01	4.1402e-01	2.8427e-05	3.0995e-10	3.4918e-03	9.6202e-01	3.4484e-02	1.1755e-36	7.3905e-01	2.6083e-01	1.2089e-04	1.1755e-36	1.1755e-36	1.1755e-36	3.7220e-16	0.00e+00	0.00e+00	1.9631e+01
1.40457e+18	5.3026e+03	7.330e-22	2.7826e+01	9.3509e+00	2.3232e-07	6.9941e-01	3.0059e-01	5.9003e-01	4.0994e-01	2.8346e-05	3.4295e-10	3.4150e-03	9.6278e-01	3.3801e-02	1.1755e-36	7.4658e-01	2.5330e-01	1.1419e-04	1.1755e-36	1.1755e-36	1.1755e-36	4.5474e-16	0.00e+00	0.00e+00	1.9884e+01
1.40658e+18	5.2549e+03	7.103e-22	2.7826e+01	9.1343e+00	2.5526e-07	7.0686e-01	2.9314e-01	5.9385e-01	4.0612e-01	2.8270e-05	3.7568e-10	3.3461e-03	9.6348e-01	3.3175e-02	1.1755e-36	7.5336e-01	2.4653e-01	1.0825e-04	1.1755e-36	1.1755e-36	1.1755e-36	5.4360e-16	0.00e+00	0.00e+00	2.0128e+01
1.40865e+18	5.1938e+03	6.873e-22	2.7826e+01	8.9071e+00	2.8549e-07	7.1463e-01	2.8537e-01	5.9804e-01	4.0193e-01	2.8153e-05	4.1770e-10	3.2748e-03	9.6422e-01	3.2507e-02	1.1755e-36	7.6041e-01	2.3949e-01	1.0240e-04	1.1755e-36	1.1755e-36	1.1755e-36	6.6981e-16	0.00e+00	0.00e+00	2.0402e+01
1.41078e+18	5.1345e+03	6.648e-22	2.7826e+01	8.6885e+00	3.1923e-07	7.2259e-01	2.7741e-01	6.0233e-01	3.9764e-01	2.8020e-05	4.6651e-10	3.2058e-03	9.6495e-01	3.1841e-02	1.1755e-36	7.6759e-01	2.3231e-01	9.6685e-05	1.1755e-36	1.1755e-36	1.1755e-36	8.3152e-16	0.00e+00	0.00e+00	2.0664e+01
1.41279e+18	5.0810e+03	6.438e-22	2.7826e+01	8.4766e+00	3.5314e-07	7.2969e-01	2.7031e-01	6.0605e-01	3.9392e-01	2.7953e-05	5.1628e-10	3.1380e-03	9.6561e-01	3.1256e-02	1.1755e-36	7.7398e-01	2.2593e-01	9.1682e-05	1.1755e-36	1.1755e-36	1.1755e-36	1.0139e-15	0.00e+00	0.00e+00	2.0915e+01
1.41478e+18	5.0275e+03	6.234e-22	2.7826e+01	8.2730e+00	3.9073e-07	7.3668e-01	2.6332e-01	6.0993e-01	3.9004e-01	2.7859e-05	5.7292e-10	3.0730e-03	9.6626e-01	3.0666e-02	1.1755e-36	7.8026e-01	2.1965e-01	8.6914e-05	1.1755e-36	1.1755e-36	1.1755e-36	1.2414e-15	0.00e+00	0.00e+00	2.1178e+01
1.41686e+18	4.9664e+03	6.027e-22	2.7826e+01	8.0551e+00	4.3642e-07	7.4375e-01	2.5625e-01	6.1383e-01	3.8614e-01	2.7781e-05	6.3366e-10	3.0036e-03	9.6695e-01	3.0048e-02	1.1755e-36	7.8659e-01	2.1333e-01	8.2284e-05	1.1755e-36	1.1755e-36	1.1755e-36	1.5130e-15	0.00e+00	0.00e+00	2.1454e+01
1.41892e+18	4.9096e+03	5.828e-22	2.7826e+01	7.8511e+00	4.8480e-07	7.5074e-01	2.4926e-01	6.1773e-01	3.8224e-01	2.7691e-05	6.9329e-10	2.9382e-03	9.6764e-01	2.9418e-02	1.1755e-36	7.9282e-01	2.0710e-01	7.7876e-05	1.1755e-36	1.1755e-36	1.1755e-36	1.8054e-15	0.00e+00	0.00e+00	2.1721e+01
1.42095e+18	4.8479e+03	5.640e-22	2.7826e+01	7.6570e+00	5.4173e-07	7.5765e-01	2.4235e-01	6.2183e-01	3.7814e-01	2.7551e-05	7.6130e-10	2.8768e-03	9.6834e-01	2.8779e-02	1.1755e-36	7.9897e-01	2.0096e-01	7.3733e-05	1.1755e-36	1.1755e-36	1.1755e-36	2.1704e-15	0.00e+00	0.00e+00	2.1990e+01
1.42292e+18	4.7876e+03	5.462e-22	2.7826e+01	7.4668e+00	6.0306e-07	7.6415e-01	2.3585e-01	6.2563e-01	3.7434e-01	2.7444e-05	8.3290e-10	2.8163e-03	9.6900e-01	2.8185e-02	1.1755e-36	8.0474e-01	1.9519e-01	6.9952e-05	1.1755e-36	1.1755e-36	1.1755e-36	2.5917e-15	0.00e+00	0.00e+00	2.2249e+01
1.42483e+18	4.7283e+03	5.294e-22	2.7826e+01	7.2861e+00	6.6944e-07	7.7032e-01	2.2968e-01	6.2935e-01	3.7063e-01	2.7332e-05	9.0906e-10	2.7588e-03	9.6963e-01	2.7614e-02	1.1755e-36	8.1020e-01	1.8974e-01	6.6476e-05	1.1755e-36	1.1755e-36	1.1755e-36	3.0800e-15	0.00e+00	0.00e+00	2.2505e+01
1.42673e+18	4.6643e+03	5.132e-22	2.7826e+01	7.1089e+00	7.4697e-07	7.7645e-01	2.2355e-01	6.3320e-01	3.6678e-01	2.7190e-05	9.9508e-10	2.7030e-03	9.7026e-01	2.7037e-02	1.1755e-36	8.1562e-01	1.8432e-01	6.3167e-05	1.1755e-36	1.1755e-36	1.1755e-36	3.6827e-15	0.00e+00	0.00e+00	2.2765e+01
1.42861e+18	4.6084e+03	4.976e-22	2.7826e+01	6.9381e+00	8.2321e-07	7.8217e-01	2.1783e-01	6.3671e-01	3.6326e-01	2.7096e-05	1.0808e-09	2.6481e-03	9.7085e-01	2.6505e-02	1.1755e-36	8.2065e-01	1.7929e-01	6.0108e-05	1.1755e-36	1.1755e-36	1.1755e-36	4.3328e-15	0.00e+00	0.00e+00	2.3018e+01
1.43052e+18	4.5417e+03	4.822e-22	2.7826e+01	6.7666e+00	9.1964e-07	7.8814e-01	2.1186e-01	6.4070e-01	3.5927e-01	2.6928e-05	1.1839e-09	2.5943e-03	9.7148e-01	2.5929e-02	1.1755e-36	8.2589e-01	1.7405e-01	5.7080e-05	1.1755e-36	1.1755e-36	1.1755e-36	5.1860e-15	0.00e+00	0.00e+00	2.3293e+01
1.43246e+18	4.4789e+03	4.670e-22	2.7826e+01	6.5963e+00	1.0202e-06	7.9392e-01	2.0608e-01	6.4445e-01	3.5552e-01	2.6800e-05	1.2911e-09	2.5402e-03	9.7208e-01	2.5383e-02	1.1755e-36	8.3096e-01	1.6899e-01	5.4210e-05	1.1755e-36	1.1755e-36	1.1755e-36	6.1510e-15	0.00e+00	0.00e+00	2.3558e+01
1.43437e+18	4.4155e+03	4.525e-22	2.7826e+01	6.4320e+00	1.1296e-06	7.9951e-01	2.0049e-01	6.4824e-01	3.5174e-01	2.6657e-05	1.4051e-09	2.4882e-03	9.7267e-01	2.4845e-02	1.1755e-36	8.3584e-01	1.6410e-01	5.1517e-05	1.1755e-36	1.1755e-36	1.1755e-36	7.2632e-15	0.00e+00	0.00e+00	2.3828e+01
1.43632e+18	4.3495e+03	4.381e-22	2.7826e+01	6.2671e+00	1.2518e-06	8.0511e-01	1.9488e-01	6.5214e-01	3.4783e-01	2.6500e-05	1.5296e-09	2.4363e-03	9.7326e-01	2.4300e-02	1.1755e-36	8.4074e-01	1.5921e-01	4.8896e-05	1.1755e-36	1.1755e-36	1.1755e-36	8.5783e-15	0.00e+00	0.00e+00	2.4109e+01
1.43833e+18	4.2811e+03	4.238e-22	2.7826e+01	6.1012e+00	1.3874e-06	8.1076e-01	1.8924e-01	6.5616e-01	3.4382e-01	2.6334e-05	1.6642e-09	2.3841e-03	9.7387e-01	2.3749e-02	1.1755e-36	8.4565e-01	1.5431e-01	4.6341e-05	1.1755e-36	1.1755e-36	1.1755e-36	1.0118e-14	0.00e+00	0.00e+00	2.4398e+01
1.44039e+18	4.2113e+03	4.096e-22	2.7826e+01	5.9319e+00	1.5330e-06	8.1629e-01	1.8371e-01	6.6012e-01	3.3986e-01	2.6185e-05	1.8039e-09	2.3306e-03	9.7446e-01	2.3206e-02	1.1755e-36	8.5045e-01	1.4950e-01	4.3892e-05	1.1755e-36	1.1755e-36	1.1755e-36	1.1844e-14	0.00e+00	0.00e+00	2.4696e+01
1.44253e+18	4.1408e+03	3.953e-22	2.7826e+01	5.7628e+00	1.6882e-06	8.2190e-01	1.7810e-01	6.6427e-01	3.3570e-01	2.6020e-05	1.9511e-09	2.2772e-03	9.7507e-01	2.2650e-02	1.1755e-36	8.5531e-01	1.4464e-01	4.1473e-05	1.1755e-36	1.1755e-36	1.1755e-36	1.3788e-14	0.00e+00	0.00e+00	2.5013e+01
1.44481e+18	4.0600e+03	3.806e-22	2.7826e+01	5.5892e+00	1.8719e-06	8.2798e-01	1.7202e-01	6.6904e-01	3.3094e-01	2.5776e-05	2.1181e-09	2.2236e-03	9.7574e-01	2.2039e-02	1.1755e-36	8.6056e-01	1.3940e-01	3.8981e-05	1.1755e-36	1.1755e-36	1.1755e-36	1.6154e-14	0.00e+00	0.00e+00	2.5359e+01
1.44722e+18	3.9769e+03	3.655e-22	2.7826e+01	5.4021e+00	2.0606e-06	8.3403e-01	1.6597e-01	6.7353e-01	3.2644e-01	2.5608e-05	2.2798e-09	2.1650e-03	9.7638e-01	2.1452e-02	1.1755e-36	8.6578e-01	1.3418e-01	3.6565e-05	1.1755e-36	1.1755e-36	1.1755e-36	1.8612e-14	0.00e+00	0.00e+00	2.5715e+01
###########################
1.92200e+14	6.9872e+03	2.709e-21	2.7826e+01	2.9794e+01	4.7361e-12	1.3256e-02	9.8674e-01	4.3852e-02	9.5379e-01	2.3620e-03	6.4359e-15	1.8460e-03	4.5954e-01	5.3838e-01	2.3689e-04	1.3173e-02	8.2822e-01	1.5856e-01	4.9445e-05	1.1755e-36	1.1755e-36	5.7010e-23	0.00e+00	0.00e+00	8.9534e-04
1.15320e+15	6.9793e+03	2.704e-21	2.7826e+01	2.9772e+01	4.7550e-12	1.3242e-02	9.8676e-01	4.3860e-02	9.5378e-01	2.3599e-03	6.4174e-15	1.8408e-03	4.5960e-01	5.3833e-01	2.3722e-04	1.3158e-02	8.2809e-01	1.5871e-01	4.9362e-05	1.1755e-36	1.1755e-36	5.6707e-23	0.00e+00	0.00e+00	4.4728e-03
4.99719e+15	6.9676e+03	2.694e-21	2.7826e+01	2.9765e+01	4.7919e-12	1.3233e-02	9.8677e-01	4.3964e-02	9.5369e-01	2.3425e-03	6.4163e-15	1.8411e-03	4.6024e-01	5.3768e-01	2.3610e-04	1.3155e-02	8.2825e-01	1.5855e-01	4.8640e-05	1.1755e-36	1.1755e-36	5.6491e-23	0.00e+00	0.00e+00	1.8773e-02
2.03732e+16	6.9257e+03	2.669e-21	2.7826e+01	2.9762e+01	5.0048e-12	1.3297e-02	9.8670e-01	4.4508e-02	9.5324e-01	2.2545e-03	6.5367e-15	1.8596e-03	4.6347e-01	5.3444e-01	2.3062e-04	1.3257e-02	8.2973e-01	1.5697e-01	4.5328e-05	1.1755e-36	1.1755e-36	5.7152e-23	0.00e+00	0.00e+00	7.6252e-02
4.86649e+16	6.7757e+03	2.583e-21	2.7826e+01	2.9766e+01	5.4135e-12	1.3065e-02	9.8694e-01	4.5177e-02	9.5265e-01	2.1716e-03	6.3365e-15	1.8578e-03	4.6770e-01	5.3021e-01	2.2607e-04	1.3039e-02	8.2922e-01	1.5769e-01	4.2441e-05	1.1755e-36	1.1755e-36	5.2984e-23	0.00e+00	0.00e+00	1.4967e-01
8.54442e+16	6.6366e+03	2.511e-21	2.7826e+01	2.9765e+01	6.0015e-12	1.3020e-02	9.8698e-01	4.6182e-02	9.5180e-01	2.0171e-03	6.3624e-15	1.8810e-03	4.7376e-01	5.2414e-01	2.1709e-04	1.3054e-02	8.3119e-01	1.5572e-01	3.7589e-05	1.1755e-36	1.1755e-36	5.1451e-23	0.00e+00	0.00e+00	2.4478e-01
1.33257e+17	6.5031e+03	2.447e-21	2.7826e+01	2.9757e+01	6.8567e-12	1.3160e-02	9.8684e-01	4.7631e-02	9.5057e-01	1.7967e-03	6.6166e-15	1.9293e-03	4.8213e-01	5.1574e-01	2.0375e-04	1.3299e-02	8.3534e-01	1.5133e-01	3.1263e-05	1.1755e-36	1.1755e-36	5.2238e-23	0.00e+00	0.00e+00	3.6977e-01
1.95414e+17	6.3773e+03	2.394e-21	2.7826e+01	2.9741e+01	8.1288e-12	1.3552e-02	9.8645e-01	4.9735e-02	9.4875e-01	1.5170e-03	7.2055e-15	2.0131e-03	4.9372e-01	5.0408e-01	1.8578e-04	1.3855e-02	8.4215e-01	1.4397e-01	2.3944e-05	1.1755e-36	1.1755e-36	5.6246e-23	0.00e+00	0.00e+00	5.3708e-01
2.76219e+17	6.2664e+03	2.354e-21	2.7826e+01	2.9713e+01	1.0107e-11	1.4335e-02	9.8567e-01	5.2870e-02	9.4593e-01	1.1955e-03	8.3831e-15	2.1517e-03	5.0992e-01	4.8777e-01	1.6299e-04	1.4897e-02	8.5219e-01	1.3290e-01	1.6392e-05	1.1755e-36	1.1755e-36	6.5990e-23	0.00e+00	0.00e+00	7.6715e-01
3.81158e+17	6.1830e+03	2.335e-21	2.7826e+01	2.9659e+01	1.3403e-11	1.5786e-02	9.8421e-01	5.7712e-02	9.4142e-01	8.6317e-04	1.0764e-14	2.3793e-03	5.3291e-01	4.6458e-01	1.3552e-04	1.6771e-02	8.6608e-01	1.1714e-01	9.5938e-06	1.1755e-36	1.1755e-36	8.8255e-23	0.00e+00	0.00e+00	1.0959e+00
4.94243e+17	6.1430e+03	2.340e-21	2.7826e+01	2.9597e+01	1.8106e-11	1.7868e-02	9.8213e-01	6.3750e-02	9.3564e-01	6.0487e-04	1.4663e-14	2.6720e-03	5.5885e-01	4.3837e-01	1.0977e-04	1.9421e-02	8.8045e-01	1.0012e-01	5.2223e-06	1.1755e-36	1.1755e-36	1.2917e-22	0.00e+00	0.00e+00	1.4339e+00
5.90800e+17	6.1760e+03	2.368e-21	2.7826e+01	2.9497e+01	2.3245e-11	2.0374e-02	9.7963e-01	7.0141e-02	9.2941e-01	4.4537e-04	2.0187e-14	2.9850e-03	5.8314e-01	4.1379e-01	8.9723e-05	2.2577e-02	8.9241e-01	8.5011e-02	2.9554e-06	1.1755e-36	1.1755e-36	1.9534e-22	0.00e+00	0.00e+00	1.7399e+00
6.69886e+17	6.2156e+03	2.416e-21	2.7826e+01	2.9413e+01	2.9814e-11	2.3285e-02	9.7671e-01	7.6926e-02	9.2273e-01	3.4564e-04	2.7895e-14	3.3092e-03	6.0638e-01	3.9024e-01	7.3665e-05	2.6218e-02	9.0166e-01	7.2119e-02	1.7554e-06	1.1755e-36	1.1755e-36	2.9885e-22	0.00e+00	0.00e+00	2.0373e+00
7.40290e+17	6.2906e+03	2.463e-21	2.7826e+01	2.9287e+01	3.7194e-11	2.6641e-02	9.7336e-01	8.4379e-02	9.1535e-01	2.7577e-04	3.8551e-14	3.6446e-03	6.2888e-01	3.6741e-01	6.0394e-05	3.0412e-02	9.0883e-01	6.0762e-02	1.0589e-06	1.1755e-36	1.1755e-36	4.6052e-22	0.00e+00	0.00e+00	2.3561e+00
8.18615e+17	6.3533e+03	2.531e-21	2.7826e+01	2.9146e+01	5.1322e-11	3.1774e-02	9.6823e-01	9.5274e-02	9.0451e-01	2.1277e-04	5.8969e-14	4.0966e-03	6.5817e-01	3.3769e-01	4.6184e-05	3.6812e-02	9.1483e-01	4.8356e-02	5.6297e-07	1.1755e-36	1.1755e-36	8.1159e-22	0.00e+00	0.00e+00	2.8504e+00
8.98433e+17	6.4755e+03	2.609e-21	2.7826e+01	2.8883e+01	7.1577e-11	3.8990e-02	9.6101e-01	1.0907e-01	8.9076e-01	1.6465e-04	9.5505e-14	4.6037e-03	6.8910e-01	3.0627e-01	3.3805e-05	4.5768e-02	9.1744e-01	3.6790e-02	2.7976e-07	1.1755e-36	1.1755e-36	1.5662e-21	0.00e+00	0.00e+00	3.3375e+00
9.60491e+17	6.5738e+03	2.683e-21	2.7826e+01	2.8621e+01	9.9401e-11	4.7242e-02	9.5276e-01	1.2343e-01	8.7644e-01	1.3477e-04	1.4978e-13	5.0644e-03	7.1652e-01	2.7839e-01	2.5040e-05	5.5959e-02	9.1571e-01	2.8333e-02	1.5006e-07	1.1755e-36	1.1755e-36	2.9036e-21	0.00e+00	0.00e+00	3.7776e+00
1.00881e+18	6.6562e+03	2.742e-21	2.7826e+01	2.8378e+01	1.3425e-10	5.6101e-02	9.4390e-01	1.3772e-01	8.6217e-01	1.1502e-04	2.2420e-13	5.4619e-03	7.4009e-01	2.5443e-01	1.8963e-05	6.6848e-02	9.1087e-01	2.2277e-02	1.1755e-36	1.1755e-36	1.1755e-36	5.0634e-21	0.00e+00	0.00e+00	4.2075e+00
1.05043e+18	6.7359e+03	2.782e-21	2.7826e+01	2.8070e+01	1.7888e-10	6.6051e-02	9.3395e-01	1.5292e-01	8.4698e-01	1.0002e-04	3.2860e-13	5.8106e-03	7.6155e-01	2.3262e-01	1.4433e-05	7.9020e-02	9.0339e-01	1.7592e-02	1.1755e-36	1.1755e-36	1.1755e-36	8.5911e-21	0.00e+00	0.00e+00	4.6675e+00
1.08887e+18	6.7930e+03	2.811e-21	2.7826e+01	2.7660e+01	2.4528e-10	7.8087e-02	9.2191e-01	1.7042e-01	8.2949e-01	8.7351e-05	4.8591e-13	6.1277e-03	7.8251e-01	2.1135e-01	1.0825e-05	9.3663e-02	8.9260e-01	1.3741e-02	1.1755e-36	1.1755e-36	1.1755e-36	1.4741e-20	0.00e+00	0.00e+00	5.1786e+00
1.12418e+18	6.8547e+03	2.821e-21	2.7826e+01	2.7197e+01	3.3792e-10	9.2572e-02	9.0743e-01	1.9000e-01	8.0993e-01	7.6918e-05	7.2425e-13	6.4084e-03	8.0263e-01	1.9096e-01	8.0182e-06	1.1116e-01	8.7823e-01	1.0610e-02	1.1755e-36	1.1755e-36	1.1755e-36	2.5660e-20	0.00e+00	0.00e+00	5.7213e+00
1.15516e+18	6.8909e+03	2.817e-21	2.7826e+01	2.6680e+01	4.7263e-10	1.0941e-01	8.9059e-01	2.1105e-01	7.8889e-01	6.8500e-05	1.0742e-12	6.6380e-03	8.2120e-01	1.7215e-01	5.9313e-06	1.3134e-01	8.6047e-01	8.1903e-03	1.1755e-36	1.1755e-36	1.1755e-36	4.4410e-20	0.00e+00	0.00e+00	6.2709e+00
1.18165e+18	6.9181e+03	2.791e-21	2.7826e+01	2.6113e+01	6.5232e-10	1.2796e-01	8.7204e-01	2.3249e-01	7.6745e-01	6.1882e-05	1.5580e-12	6.8013e-03	8.3754e-01	1.5565e-01	4.4419e-06	1.5337e-01	8.4025e-01	6.3796e-03	1.1755e-36	1.1755e-36	1.1755e-36	7.4669e-20	0.00e+00	0.00e+00	6.8194e+00
1.20473e+18	6.9319e+03	2.745e-21	2.7826e+01	2.5493e+01	8.9448e-10	1.4831e-01	8.5169e-01	2.5437e-01	7.4558e-01	5.6478e-05	2.2195e-12	6.9053e-03	8.5207e-01	1.4102e-01	3.3600e-06	1.7731e-01	8.1768e-01	5.0043e-03	1.1755e-36	1.1755e-36	1.1755e-36	1.2265e-19	0.00e+00	0.00e+00	7.3861e+00
1.22564e+18	6.9310e+03	2.681e-21	2.7826e+01	2.4801e+01	1.2335e-09	1.7122e-01	8.2878e-01	2.7732e-01	7.2262e-01	5.1808e-05	3.1455e-12	6.9564e-03	8.6541e-01	1.2763e-01	2.5449e-06	2.0399e-01	7.9209e-01	3.9213e-03	1.1755e-36	1.1755e-36	1.1755e-36	2.0035e-19	0.00e+00	0.00e+00	7.9903e+00
1.24496e+18	6.9180e+03	2.595e-21	2.7826e+01	2.4021e+01	1.7152e-09	1.9723e-01	8.0277e-01	3.0139e-01	6.9856e-01	4.7764e-05	4.4560e-12	6.9524e-03	8.7774e-01	1.1531e-01	1.9247e-06	2.3392e-01	7.6302e-01	3.0578e-03	1.1755e-36	1.1755e-36	1.1755e-36	3.2808e-19	0.00e+00	0.00e+00	8.6328e+00
1.26269e+18	6.8910e+03	2.490e-21	2.7826e+01	2.3150e+01	2.4015e-09	2.2634e-01	7.7366e-01	3.2623e-01	6.7372e-01	4.4252e-05	6.2917e-12	6.8909e-03	8.8898e-01	1.0413e-01	1.4584e-06	2.6698e-01	7.3064e-01	2.3778e-03	1.1755e-36	1.1755e-36	1.1755e-36	5.3671e-19	0.00e+00	0.00e+00	9.3058e+00
1.27887e+18	6.8499e+03	2.367e-21	2.7826e+01	2.2206e+01	3.3744e-09	2.5830e-01	7.4170e-01	3.5137e-01	6.4859e-01	4.1232e-05	8.8261e-12	6.7766e-03	8.9912e-01	9.4102e-02	1.1112e-06	3.0275e-01	6.9540e-01	1.8482e-03	1.1755e-36	1.1755e-36	1.1755e-36	8.7421e-19	0.00e+00	0.00e+00	1.0007e+01
1.29373e+18	6.7942e+03	2.229e-21	2.7826e+01	2.1184e+01	4.7567e-09	2.9291e-01	7.0709e-01	3.7638e-01	6.2358e-01	3.8688e-05	1.2285e-11	6.6107e-03	9.0824e-01	8.5149e-02	8.5237e-07	3.4089e-01	6.5768e-01	1.4366e-03	1.1755e-36	1.1755e-36	1.1755e-36	1.4167e-18	0.00e+00	0.00e+00	1.0741e+01
1.30679e+18	6.7290e+03	2.087e-21	2.7826e+01	2.0144e+01	6.6142e-09	3.2826e-01	6.7174e-01	3.9952e-01	6.0045e-01	3.6701e-05	1.6718e-11	6.4070e-03	9.1596e-01	7.7633e-02	6.6793e-07	3.7920e-01	6.1967e-01	1.1307e-03	1.1755e-36	1.1755e-36	1.1755e-36	2.2400e-18	0.00e+00	0.00e+00	1.1424e+01
1.31729e+18	6.6629e+03	1.959e-21	2.7826e+01	1.9201e+01	8.8025e-09	3.6026e-01	6.3974e-01	4.1872e-01	5.8125e-01	3.5296e-05	2.1669e-11	6.1993e-03	9.2194e-01	7.1860e-02	5.4538e-07	4.1336e-01	5.8572e-01	9.2053e-04	1.1755e-36	1.1755e-36	1.1755e-36	3.3200e-18	0.00e+00	0.00e+00	1.2004e+01
1.32561e+18	6.5919e+03	1.851e-21	2.7826e+01	1.8428e+01	1.1299e-08	3.8839e-01	6.1161e-01	4.3481e-01	5.6515e-01	3.4206e-05	2.6997e-11	6.0205e-03	9.2670e-01	6.7282e-02	4.6094e-07	4.4297e-01	5.5625e-01	7.7422e-04	1.1755e-36	1.1755e-36	1.1755e-36	4.6661e-18	0.00e+00	0.00e+00	1.2514e+01
1.33104e+18	6.5672e+03	1.774e-21	2.7826e+01	1.7844e+01	1.3011e-08	4.0661e-01	5.9339e-01	4.4367e-01	5.5629e-01	3.3813e-05	3.0779e-11	5.8681e-03	9.2923e-01	6.4898e-02	4.1736e-07	4.6192e-01	5.3739e-01	6.9281e-04	1.1755e-36	1.1755e-36	1.1755e-36	5.7391e-18	0.00e+00	0.00e+00	1.2756e+01
1.33401e+18	6.5302e+03	1.733e-21	2.7826e+01	1.7535e+01	1.4385e-08	4.1750e-01	5.8250e-01	4.4962e-01	5.5034e-01	3.3434e-05	3.3387e-11	5.7920e-03	9.3085e-01	6.3355e-02	3.9284e-07	4.7319e-01	5.2616e-01	6.4974e-04	1.1755e-36	1.1755e-36	1.1755e-36	6.5316e-18	0.00e+00	0.00e+00	1.2944e+01
1.33664e+18	6.5035e+03	1.695e-21	2.7826e+01	1.7257e+01	1.5621e-08	4.2701e-01	5.7299e-01	4.5490e-01	5.4507e-01	3.3127e-05	3.5808e-11	5.7212e-03	9.3228e-01	6.1994e-02	3.7221e-07	4.8299e-01	5.1640e-01	6.1345e-04	1.1755e-36	1.1755e-36	1.1755e-36	7.3012e-18	0.00e+00	0.00e+00	1.3146e+01
1.33969e+18	6.4638e+03	1.652e-21	2.7826e+01	1.6942e+01	1.7353e-08	4.3860e-01	5.6140e-01	4.6154e-01	5.3843e-01	3.2700e-05	3.9046e-11	5.6421e-03	9.3403e-01	6.0323e-02	3.4853e-07	4.9488e-01	5.0455e-01	5.7254e-04	1.1755e-36	1.1755e-36	1.1755e-36	8.3894e-18	0.00e+00	0.00e+00	1.3408e+01
1.34309e+18	6.4263e+03	1.602e-21	2.7826e+01	1.6573e+01	1.9379e-08	4.5142e-01	5.4858e-01	4.6836e-01	5.3160e-01	3.2332e-05	4.2846e-11	5.5446e-03	9.3583e-01	5.8627e-02	3.2488e-07	5.0794e-01	4.9153e-01	5.3040e-04	1.1755e-36	1.1755e-36	1.1755e-36	9.7551e-18	0.00e+00	0.00e+00	1.3678e+01
1.34643e+18	6.3892e+03	1.552e-21	2.7826e+01	1.6200e+01	2.1600e-08	4.6414e-01	5.3586e-01	4.7495e-01	5.2502e-01	3.2010e-05	4.6929e-11	5.4445e-03	9.3753e-01	5.7025e-02	3.0342e-07	5.2083e-01	4.7868e-01	4.9177e-04	1.1755e-36	1.1755e-36	1.1755e-36	1.1328e-17	0.00e+00	0.00e+00	1.3944e+01
1.34964e+18	6.3496e+03	1.504e-21	2.7826e+01	1.5833e+01	2.4077e-08	4.7663e-01	5.2337e-01	4.8137e-01	5.1860e-01	3.1709e-05	5.1311e-11	5.3446e-03	9.3915e-01	5.5501e-02	2.8395e-07	5.3342e-01	4.6612e-01	4.5671e-04	1.1755e-36	1.1755e-36	1.1755e-36	1.3141e-17	0.00e+00	0.00e+00	1.4210e+01
1.35276e+18	6.3098e+03	1.456e-21	2.7826e+01	1.5473e+01	2.6795e-08	4.8896e-01	5.1104e-01	4.8761e-01	5.1236e-01	3.1430e-05	5.6029e-11	5.2452e-03	9.4071e-01	5.4046e-02	2.6618e-07	5.4578e-01	4.5380e-01	4.2461e-04	1.1755e-36	1.1755e-36	1.1755e-36	1.5235e-17	0.00e+00	0.00e+00	1.4474e+01
1.35582e+18	6.2686e+03	1.410e-21	2.7826e+01	1.5117e+01	2.9829e-08	5.0121e-01	4.9879e-01	4.9377e-01	5.0620e-01	3.1163e-05	6.1164e-11	5.1461e-03	9.4222e-01	5.2638e-02	2.4977e-07	5.5799e-01	4.4162e-01	3.9497e-04	1.1755e-36	1.1755e-36	1.1755e-36	1.7685e-17	0.00e+00	0.00e+00	1.4742e+01
1.35883e+18	6.2248e+03	1.364e-21	2.7826e+01	1.4763e+01	3.3264e-08	5.1344e-01	4.8656e-01	4.9986e-01	5.0011e-01	3.0908e-05	6.6793e-11	5.0464e-03	9.4368e-01	5.1274e-02	2.3456e-07	5.7011e-01	4.2953e-01	3.6750e-04	1.1755e-36	1.1755e-36	1.1755e-36	2.0581e-17	0.00e+00	0.00e+00	1.5011e+01
1.36177e+18	6.1796e+03	1.320e-21	2.7826e+01	1.4413e+01	3.7089e-08	5.2548e-01	4.7452e-01	5.0577e-01	4.9420e-01	3.0675e-05	7.2880e-11	4.9469e-03	9.4508e-01	4.9972e-02	2.2063e-07	5.8198e-01	4.1768e-01	3.4231e-04	1.1755e-36	1.1755e-36	1.1755e-36	2.3966e-17	0.00e+00	0.00e+00	1.5278e+01
1.36462e+18	6.1344e+03	1.277e-21	2.7826e+01	1.4071e+01	4.1276e-08	5.3720e-01	4.6280e-01	5.1146e-01	4.8851e-01	3.0464e-05	7.9389e-11	4.8484e-03	9.4641e-01	4.8738e-02	2.0795e-07	5.9347e-01	4.0621e-01	3.1936e-04	1.1755e-36	1.1755e-36	1.1755e-36	2.7878e-17	0.00e+00	0.00e+00	1.5543e+01
1.36740e+18	6.0889e+03	1.235e-21	2.7826e+01	1.3735e+01	4.5891e-08	5.4871e-01	4.5129e-01	5.1704e-01	4.8293e-01	3.0268e-05	8.6434e-11	4.7509e-03	9.4770e-01	4.7551e-02	1.9624e-07	6.0470e-01	3.9500e-01	2.9820e-04	1.1755e-36	1.1755e-36	1.1755e-36	3.2452e-17	0.00e+00	0.00e+00	1.5809e+01
1.37016e+18	6.0430e+03	1.194e-21	2.7826e+01	1.3403e+01	5.1021e-08	5.6014e-01	4.3986e-01	5.2258e-01	4.7739e-01	3.0075e-05	9.4160e-11	4.6538e-03	9.4895e-01	4.6395e-02	1.8529e-07	6.1580e-01	3.8392e-01	2.7846e-04	1.1755e-36	1.1755e-36	1.1755e-36	3.7874e-17	0.00e+00	0.00e+00	1.6079e+01
1.37290e+18	5.9952e+03	1.153e-21	2.7826e+01	1.3066e+01	5.6800e-08	5.7145e-01	4.2855e-01	5.2799e-01	4.7198e-01	2.9910e-05	1.0260e-10	4.5546e-03	9.5016e-01	4.5281e-02	1.7510e-07	6.2672e-01	3.7302e-01	2.6006e-04	1.1755e-36	1.1755e-36	1.1755e-36	4.4310e-17	0.00e+00	0.00e+00	1.6354e+01
1.37561e+18	5.9439e+03	1.114e-21	2.7826e+01	1.2745e+01	6.3504e-08	5.8294e-01	4.1706e-01	5.3355e-01	4.6642e-01	2.9715e-05	1.1230e-10	4.4595e-03	9.5138e-01	4.4161e-02	1.6538e-07	6.3775e-01	3.6200e-01	2.4272e-04	1.1755e-36	1.1755e-36	1.1755e-36	5.2357e-17	0.00e+00	0.00e+00	1.6629e+01
1.37823e+18	5.8941e+03	1.076e-21	2.7826e+01	1.2426e+01	7.0697e-08	5.9380e-01	4.0620e-01	5.3866e-01	4.6131e-01	2.9574e-05	1.2244e-10	4.3640e-03	9.5250e-01	4.3138e-02	1.5672e-07	6.4814e-01	3.5163e-01	2.2717e-04	1.1755e-36	1.1755e-36	1.1755e-36	6.1548e-17	0.00e+00	0.00e+00	1.6895e+01
1.38075e+18	5.8498e+03	1.040e-21	2.7826e+01	1.2117e+01	7.8053e-08	6.0403e-01	3.9597e-01	5.4349e-01	4.5648e-01	2.9465e-05	1.3288e-10	4.2701e-03	9.5354e-01	4.2190e-02	1.4891e-07	6.5788e-01	3.4191e-01	2.1312e-04	1.1755e-36	1.1755e-36	1.1755e-36	7.1778e-17	0.00e+00	0.00e+00	1.7160e+01
1.38333e+18	5.7930e+03	1.003e-21	2.7826e+01	1.1805e+01	8.7520e-08	6.1481e-01	3.8519e-01	5.4872e-01	4.5125e-01	2.9310e-05	1.4570e-10	4.1763e-03	9.5464e-01	4.1180e-02	1.4108e-07	6.6809e-01	3.3171e-01	1.9939e-04	1.1755e-36	1.1755e-36	1.1755e-36	8.5562e-17	0.00e+00	0.00e+00	1.7447e+01
1.38588e+18	5.7384e+03	9.686e-22	2.7826e+01	1.1507e+01	9.7957e-08	6.2554e-01	3.7446e-01	5.5386e-01	4.4611e-01	2.9153e-05	1.6007e-10	4.0859e-03	9.5571e-01	4.0208e-02	1.3379e-07	6.7821e-01	3.2160e-01	1.8653e-04	1.1755e-36	1.1755e-36	1.1755e-36	1.0245e-16	0.00e+00	0.00e+00	1.7716e+01
1.38826e+18	5.6978e+03	9.359e-22	2.7826e+01	1.1221e+01	1.0737e-07	6.3487e-01	3.6513e-01	5.5813e-01	4.4184e-01	2.9107e-05	1.7335e-10	3.9965e-03	9.5661e-01	3.9391e-02	1.2766e-07	6.8696e-01	3.1287e-01	1.7555e-04	1.1755e-36	1.1755e-36	1.1755e-36	1.1937e-16	0.00e+00	0.00e+00	1.7973e+01
1.39073e+18	5.6404e+03	9.029e-22	2.7826e+01	1.0927e+01	1.2024e-07	6.4492e-01	3.5508e-01	5.6315e-01	4.3682e-01	2.8969e-05	1.9055e-10	3.9065e-03	9.5762e-01	3.8473e-02	1.1755e-36	6.9635e-01	3.0349e-01	1.6455e-04	1.1755e-36	1.1755e-36	1.1755e-36	1.4343e-16	0.00e+00	0.00e+00	1.8271e+01
1.39327e+18	5.5846e+03	8.699e-22	2.7826e+01	1.0630e+01	1.3464e-07	6.5511e-01	3.4489e-01	5.6800e-01	4.3198e-01	2.8867e-05	2.1011e-10	3.8146e-03	9.5860e-01	3.7589e-02	1.1755e-36	7.0584e-01	2.9401e-01	1.5399e-04	1.1755e-36	1.1755e-36	1.1755e-36	1.7354e-16	0.00e+00	0.00e+00	1.8553e+01
1.39564e+18	5.5297e+03	8.399e-22	2.7826e+01	1.0356e+01	1.5016e-07	6.6459e-01	3.3541e-01	5.7257e-01	4.2740e-01	2.8766e-05	2.3112e-10	3.7293e-03	9.5950e-01	3.6774e-02	1.1755e-36	7.1462e-01	2.8524e-01	1.4468e-04	1.1755e-36	1.1755e-36	1.1755e-36	2.0913e-16	0.00e+00	0.00e+00	1.8821e+01
1.39790e+18	5.4656e+03	8.124e-22	2.7826e+01	1.0104e+01	1.6914e-07	6.7396e-01	3.2604e-01	5.7739e-01	4.2259e-01	2.8587e-05	2.5631e-10	3.6524e-03	9.6039e-01	3.5955e-02	1.1755e-36	7.2328e-01	2.7659e-01	1.3615e-04	1.1755e-36	1.1755e-36	1.1755e-36	2.5637e-16	0.00e+00	0.00e+00	1.9084e+01
1.39999e+18	5.4224e+03	7.868e-22	2.7826e+01	9.8651e+00	1.8504e-07	6.8188e-01	3.1812e-01	5.8111e-01	4.1886e-01	2.8552e-05	2.7847e-10	3.5765e-03	9.6113e-01	3.5297e-02	1.1755e-36	7.3054e-01	2.6933e-01	1.2892e-04	1.1755e-36	1.1755e-36	1.1755e-36	3.0162e-16	0.00e+00	0.00e+00	1.9321e+01
1.40214e+18	5.3633e+03	7.611e-22	2.7826e+01	9.6189e+00	2.0651e-07	6.9016e-01	3.0984e-01	5.8545e-01	4.1452e-01	2.8438e-05	3.0715e-10	3.4997e-03	9.6193e-01	3.4569e-02	1.1755e-36	7.3814e-01	2.6174e-01	1.2179e-04	1.1755e-36	1.1755e-36	1.1755e-36	3.6602e-16	0.00e+00	0.00e+00	1.9600e+01
1.40439e+18	5.3038e+03	7.351e-22	2.7826e+01	9.3754e+00	2.3143e-07	6.9896e-01	3.0104e-01	5.9000e-01	4.0997e-01	2.8303e-05	3.4173e-10	3.4234e-03	9.6276e-01	3.3821e-02	1.1755e-36	7.4618e-01	2.5371e-01	1.1461e-04	1.1755e-36	1.1755e-36	1.1755e-36	4.5136e-16	0.00e+00	0.00e+00	1.9872e+01
1.40653e+18	5.2498e+03	7.110e-22	2.7826e+01	9.1400e+00	2.5677e-07	7.0689e-01	2.9311e-01	5.9397e-01	4.0600e-01	2.8235e-05	3.7717e-10	3.3487e-03	9.6349e-01	3.3164e-02	1.1755e-36	7.5339e-01	2.4651e-01	1.0833e-04	1.1755e-36	1.1755e-36	1.1755e-36	5.4814e-16	0.00e+00	0.00e+00	2.0128e+01
1.40860e+18	5.1966e+03	6.881e-22	2.7826e+01	8.9176e+00	2.8436e-07	7.1451e-01	2.8549e-01	5.9796e-01	4.0201e-01	2.8148e-05	4.1652e-10	3.2781e-03	9.6420e-01	3.2520e-02	1.1755e-36	7.6029e-01	2.3961e-01	1.0252e-04	1.1755e-36	1.1755e-36	1.1755e-36	6.6584e-16	0.00e+00	0.00e+00	2.0389e+01
1.41072e+18	5.1407e+03	6.652e-22	2.7826e+01	8.6931e+00	3.1624e-07	7.2219e-01	2.7781e-01	6.0207e-01	3.9790e-01	2.8053e-05	4.6264e-10	3.2069e-03	9.6492e-01	3.1873e-02	1.1755e-36	7.6722e-01	2.3268e-01	9.6889e-05	1.1755e-36	1.1755e-36	1.1755e-36	8.1776e-16	0.00e+00	0.00e+00	2.0662e+01
1.41286e+18	5.0842e+03	6.427e-22	2.7826e+01	8.4663e+00	3.5187e-07	7.2971e-01	2.7029e-01	6.0604e-01	3.9393e-01	2.7984e-05	5.1493e-10	3.1342e-03	9.6562e-01	3.1248e-02	1.1755e-36	7.7400e-01	2.2591e-01	9.1558e-05	1.1755e-36	1.1755e-36	1.1755e-36	1.0083e-15	0.00e+00	0.00e+00	2.0935e+01
1.41497e+18	5.0264e+03	6.212e-22	2.7826e+01	8.2487e+00	3.9215e-07	7.3713e-01	2.6287e-01	6.1007e-01	3.8990e-01	2.7894e-05	5.7535e-10	3.0647e-03	9.6630e-01	3.0631e-02	1.1755e-36	7.8065e-01	2.1926e-01	8.6534e-05	1.1755e-36	1.1755e-36	1.1755e-36	1.2516e-15	0.00e+00	0.00e+00	2.1207e+01
1.41705e+18	4.9647e+03	6.008e-22	2.7826e+01	8.0421e+00	4.3900e-07	7.4447e-01	2.5552e-01	6.1424e-01	3.8573e-01	2.7762e-05	6.3847e-10	2.9994e-03	9.6701e-01	2.9987e-02	1.1755e-36	7.8723e-01	2.1269e-01	8.1820e-05	1.1755e-36	1.1755e-36	1.1755e-36	1.5343e-15	0.00e+00	0.00e+00	2.1475e+01
1.41903e+18	4.9076e+03	5.818e-22	2.7826e+01	7.8408e+00	4.8687e-07	7.5110e-01	2.4890e-01	6.1787e-01	3.8210e-01	2.7695e-05	6.9613e-10	2.9349e-03	9.6767e-01	2.9393e-02	1.1755e-36	7.9314e-01	2.0678e-01	7.7655e-05	1.1755e-36	1.1755e-36	1.1755e-36	1.8200e-15	0.00e+00	0.00e+00	2.1729e+01
1.42097e+18	4.8473e+03	5.638e-22	2.7826e+01	7.6546e+00	5.4235e-07	7.5773e-01	2.4226e-01	6.2184e-01	3.7813e-01	2.7554e-05	7.6203e-10	2.8762e-03	9.6835e-01	2.8777e-02	1.1755e-36	7.9904e-01	2.0088e-01	7.3692e-05	1.1755e-36	1.1755e-36	1.1755e-36	2.1747e-15	0.00e+00	0.00e+00	2.1989e+01
1.42290e+18	4.7882e+03	5.464e-22	2.7826e+01	7.4685e+00	6.0243e-07	7.6409e-01	2.3591e-01	6.2558e-01	3.7439e-01	2.7446e-05	8.3213e-10	2.8169e-03	9.6899e-01	2.8193e-02	1.1755e-36	8.0468e-01	1.9525e-01	6.9992e-05	1.1755e-36	1.1755e-36	1.1755e-36	2.5870e-15	0.00e+00	0.00e+00	2.2245e+01
1.42481e+18	4.7287e+03	5.295e-22	2.7826e+01	7.2877e+00	6.6886e-07	7.7026e-01	2.2973e-01	6.2933e-01	3.7065e-01	2.7331e-05	9.0838e-10	2.7594e-03	9.6962e-01	2.7618e-02	1.1755e-36	8.1015e-01	1.8979e-01	6.6506e-05	1.1755e-36	1.1755e-36	1.1755e-36	3.0754e-15	0.00e+00	0.00e+00	2.2504e+01
1.42673e+18	4.6642e+03	5.132e-22	2.7826e+01	7.1089e+00	7.4712e-07	7.7646e-01	2.2354e-01	6.3321e-01	3.6676e-01	2.7188e-05	9.9523e-10	2.7031e-03	9.7026e-01	2.7036e-02	1.1755e-36	8.1562e-01	1.8432e-01	6.3162e-05	1.1755e-36	1.1755e-36	1.1755e-36	3.6837e-15	0.00e+00	0.00e+00	2.2767e+01
1.42862e+18	4.6081e+03	4.975e-22	2.7826e+01	6.9372e+00	8.2357e-07	7.8220e-01	2.1780e-01	6.3673e-01	3.6324e-01	2.7095e-05	1.0812e-09	2.6479e-03	9.7085e-01	2.6503e-02	1.1755e-36	8.2067e-01	1.7927e-01	6.0092e-05	1.1755e-36	1.1755e-36	1.1755e-36	4.3362e-15	0.00e+00	0.00e+00	2.3020e+01
1.43053e+18	4.5415e+03	4.821e-22	2.7826e+01	6.7660e+00	9.1988e-07	7.8816e-01	2.1184e-01	6.4071e-01	3.5926e-01	2.6928e-05	1.1842e-09	2.5942e-03	9.7148e-01	2.5928e-02	1.1755e-36	8.2591e-01	1.7403e-01	5.7070e-05	1.1755e-36	1.1755e-36	1.1755e-36	5.1885e-15	0.00e+00	0.00e+00	2.3294e+01
1.43246e+18	4.4788e+03	4.670e-22	2.7826e+01	6.5960e+00	1.0203e-06	7.9393e-01	2.0607e-01	6.4446e-01	3.5552e-01	2.6801e-05	1.2912e-09	2.5402e-03	9.7208e-01	2.5383e-02	1.1755e-36	8.3097e-01	1.6898e-01	5.4205e-05	1.1755e-36	1.1755e-36	1.1755e-36	6.1522e-15	0.00e+00	0.00e+00	2.3558e+01
1.43437e+18	4.4155e+03	4.525e-22	2.7826e+01	6.4317e+00	1.1297e-06	7.9952e-01	2.0048e-01	6.4824e-01	3.5173e-01	2.6657e-05	1.4053e-09	2.4883e-03	9.7267e-01	2.4845e-02	1.1755e-36	8.3585e-01	1.6410e-01	5.1513e-05	1.1755e-36	1.1755e-36	1.1755e-36	7.2648e-15	0.00e+00	0.00e+00	2.3828e+01
1.43633e+18	4.3495e+03	4.381e-22	2.7826e+01	6.2668e+00	1.2520e-06	8.0513e-01	1.9487e-01	6.5215e-01	3.4783e-01	2.6501e-05	1.5298e-09	2.4362e-03	9.7326e-01	2.4300e-02	1.1755e-36	8.4075e-01	1.5920e-01	4.8890e-05	1.1755e-36	1.1755e-36	1.1755e-36	8.5809e-15	0.00e+00	0.00e+00	2.4109e+01
1.43834e+18	4.2811e+03	4.238e-22	2.7826e+01	6.1008e+00	1.3876e-06	8.1077e-01	1.8923e-01	6.5616e-01	3.4381e-01	2.6335e-05	1.6645e-09	2.3841e-03	9.7387e-01	2.3749e-02	1.1755e-36	8.4566e-01	1.5429e-01	4.6335e-05	1.1755e-36	1.1755e-36	1.1755e-36	1.0121e-14	0.00e+00	0.00e+00	2.4399e+01
1.44039e+18	4.2113e+03	4.095e-22	2.7826e+01	5.9315e+00	1.5332e-06	8.1631e-01	1.8369e-01	6.6012e-01	3.3986e-01	2.6186e-05	1.8042e-09	2.3305e-03	9.7446e-01	2.3207e-02	1.1755e-36	8.5047e-01	1.4949e-01	4.3885e-05	1.1755e-36	1.1755e-36	1.1755e-36	1.1848e-14	0.00e+00	0.00e+00	2.4697e+01
1.44253e+18	4.1408e+03	3.952e-22	2.7826e+01	5.7622e+00	1.6884e-06	8.2192e-01	1.7807e-01	6.6427e-01	3.3571e-01	2.6022e-05	1.9515e-09	2.2771e-03	9.7507e-01	2.2650e-02	1.1755e-36	8.5533e-01	1.4463e-01	4.1464e-05	1.1755e-36	1.1755e-36	1.1755e-36	1.3794e-14	0.00e+00	0.00e+00	2.5013e+01
1.44482e+18	4.0601e+03	3.805e-22	2.7826e+01	5.5881e+00	1.8720e-06	8.2802e-01	1.7198e-01	6.6902e-01	3.3096e-01	2.5781e-05	2.1187e-09	2.2234e-03	9.7574e-01	2.2041e-02	1.1755e-36	8.6060e-01	1.3936e-01	3.8967e-05	1.1755e-36	1.1755e-36	1.1755e-36	1.6164e-14	0.00e+00	0.00e+00	2.5360e+01
1.44722e+18	3.9775e+03	3.654e-22	2.7826e+01	5.3991e+00	2.0604e-06	8.3414e-01	1.6585e-01	6.7342e-01	3.2655e-01	2.5632e-05	2.2814e-09	2.1640e-03	9.7638e-01	2.1460e-02	1.1755e-36	8.6587e-01	1.3409e-01	3.6528e-05	1.1755e-36	1.1755e-36	1.1755e-36	1.8643e-14	0.00e+00	0.00e+00	2.5716e+01
