#depth	Te	Htot	hden	eden	2H_2/H	HI	HII	HeI	HeII	HeIII	CO/C	C1	C2	C3	C4	O1	O2	O3	O4	O5	O6	H2O/O	AV(point)	AV(extend)	Tau912
1.99913e+14	6.6399e+03	2.718e-21	2.7826e+01	3.0225e+01	7.7073e-15	1.3490e-03	9.9865e-01	5.6354e-03	9.8326e-01	1.1109e-02	7.2495e-19	3.7472e-05	9.5535e-02	9.0054e-01	3.8902e-03	2.5729e-04	2.2530e-01	7.7069e-01	3.7491e-03	1.1755e-36	1.1755e-36	6.6754e-27	0.00e+00	0.00e+00	9.4748e-05
1.19948e+15	6.6385e+03	2.718e-21	2.7826e+01	3.0223e+01	7.7133e-15	1.3488e-03	9.9865e-01	5.6356e-03	9.8326e-01	1.1101e-02	7.2428e-19	3.7445e-05	9.5535e-02	9.0053e-01	3.8998e-03	2.5714e-04	2.2521e-01	7.7080e-01	3.7362e-03	1.1755e-36	1.1755e-36	6.6668e-27	0.00e+00	0.00e+00	4.7368e-04
5.19774e+15	6.6354e+03	2.717e-21	2.7826e+01	3.0223e+01	7.7273e-15	1.3485e-03	9.9865e-01	5.6375e-03	9.8333e-01	1.1031e-02	7.2376e-19	3.7406e-05	9.5559e-02	9.0051e-01	3.8952e-03	2.5706e-04	2.2518e-01	7.7088e-01	3.6828e-03	1.1755e-36	1.1755e-36	6.6568e-27	0.00e+00	0.00e+00	1.9890e-03
2.11908e+16	6.6253e+03	2.713e-21	2.7826e+01	3.0222e+01	7.7874e-15	1.3484e-03	9.9865e-01	5.6480e-03	9.8369e-01	1.0666e-02	7.2507e-19	3.7383e-05	9.5698e-02	9.0040e-01	3.8635e-03	2.5743e-04	2.2538e-01	7.7089e-01	3.4757e-03	1.1755e-36	1.1755e-36	6.6523e-27	0.00e+00	0.00e+00	8.0502e-03
5.06180e+16	6.5978e+03	2.696e-21	2.7826e+01	3.0221e+01	7.8558e-15	1.3412e-03	9.9866e-01	5.6526e-03	9.8390e-01	1.0449e-02	7.1578e-19	3.7174e-05	9.5787e-02	9.0034e-01	3.8340e-03	2.5625e-04	2.2529e-01	7.7125e-01	3.1972e-03	1.1755e-36	1.1755e-36	6.4977e-27	0.00e+00	0.00e+00	1.5887e-02
8.88733e+16	6.5652e+03	2.679e-21	2.7826e+01	3.0220e+01	7.9489e-15	1.3350e-03	9.9866e-01	5.6651e-03	9.8448e-01	9.8568e-03	7.0731e-19	3.7073e-05	9.5967e-02	9.0022e-01	3.7747e-03	2.5567e-04	2.2550e-01	7.7139e-01	2.8583e-03	1.1755e-36	1.1755e-36	6.3312e-27	0.00e+00	0.00e+00	2.6028e-02
1.38605e+17	6.5290e+03	2.659e-21	2.7826e+01	3.0218e+01	8.0880e-15	1.3290e-03	9.9867e-01	5.6839e-03	9.8541e-01	8.9108e-03	7.0192e-19	3.7024e-05	9.6221e-02	9.0005e-01	3.6889e-03	2.5553e-04	2.2599e-01	7.7129e-01	2.4623e-03	1.1755e-36	1.1755e-36	6.2041e-27	0.00e+00	0.00e+00	3.9153e-02
2.03257e+17	6.4883e+03	2.638e-21	2.7826e+01	3.0215e+01	8.2490e-15	1.3233e-03	9.9868e-01	5.7105e-03	9.8666e-01	7.6266e-03	6.9711e-19	3.7028e-05	9.6573e-02	8.9981e-01	3.5766e-03	2.5603e-04	2.2691e-01	7.7082e-01	2.0205e-03	1.1755e-36	1.1755e-36	6.0638e-27	0.00e+00	0.00e+00	5.6141e-02
2.87304e+17	6.4421e+03	2.613e-21	2.7826e+01	3.0212e+01	8.4434e-15	1.3182e-03	9.9868e-01	5.7467e-03	9.8818e-01	6.0780e-03	6.9387e-19	3.7098e-05	9.7060e-02	8.9946e-01	3.4410e-03	2.5747e-04	2.2842e-01	7.6976e-01	1.5559e-03	1.1755e-36	1.1755e-36	5.9182e-27	0.00e+00	0.00e+00	7.8141e-02
3.96565e+17	6.3899e+03	2.585e-21	2.7826e+01	3.0208e+01	8.7092e-15	1.3143e-03	9.9869e-01	5.7949e-03	9.8979e-01	4.4185e-03	6.9540e-19	3.7261e-05	9.7729e-02	8.9894e-01	3.2900e-03	2.6022e-04	2.3072e-01	7.6792e-01	1.1037e-03	1.1755e-36	1.1755e-36	5.8092e-27	0.00e+00	0.00e+00	1.0666e-01
5.38604e+17	6.3314e+03	2.554e-21	2.7826e+01	3.0204e+01	9.0389e-15	1.3124e-03	9.9869e-01	5.8576e-03	9.9128e-01	2.8601e-03	7.0084e-19	3.7550e-05	9.8642e-02	8.9819e-01	3.1344e-03	2.6464e-04	2.3392e-01	7.6511e-01	7.0503e-04	1.1755e-36	1.1755e-36	5.7077e-27	0.00e+00	0.00e+00	1.4367e-01
7.23256e+17	6.2667e+03	2.521e-21	2.7826e+01	3.0200e+01	9.4769e-15	1.3138e-03	9.9869e-01	5.9401e-03	9.9246e-01	1.6040e-03	7.1370e-19	3.8026e-05	9.9889e-02	8.9709e-01	2.9835e-03	2.7123e-04	2.3813e-01	7.6120e-01	3.9493e-04	1.1755e-36	1.1755e-36	5.6521e-27	0.00e+00	0.00e+00	1.9184e-01
9.63302e+17	6.1969e+03	2.485e-21	2.7826e+01	3.0197e+01	1.0049e-14	1.3205e-03	9.9868e-01	6.0496e-03	9.9319e-01	7.5620e-04	7.3630e-19	3.8768e-05	1.0159e-01	8.9553e-01	2.8409e-03	2.8064e-04	2.4346e-01	7.5607e-01	1.8824e-04	1.1755e-36	1.1755e-36	5.6520e-27	0.00e+00	0.00e+00	2.5479e-01
1.27536e+18	6.1245e+03	2.447e-21	2.7826e+01	3.0195e+01	1.0782e-14	1.3352e-03	9.9866e-01	6.1983e-03	9.9351e-01	2.9035e-04	7.7256e-19	3.9899e-05	1.0392e-01	8.9334e-01	2.7016e-03	2.9410e-04	2.5016e-01	7.4947e-01	7.3937e-05	1.1755e-36	1.1755e-36	5.7238e-27	0.00e+00	0.00e+00	3.3752e-01
1.68104e+18	6.0545e+03	2.409e-21	2.7826e+01	3.0194e+01	1.1732e-14	1.3623e-03	9.9864e-01	6.4058e-03	9.9351e-01	8.8144e-05	8.3252e-19	4.1614e-05	1.0714e-01	8.9026e-01	2.5551e-03	3.1367e-04	2.5876e-01	7.4090e-01	2.3233e-05	1.1755e-36	1.1755e-36	5.9424e-27	0.00e+00	0.00e+00	4.4726e-01
2.20842e+18	5.9963e+03	2.372e-21	2.7826e+01	3.0192e+01	1.2960e-14	1.4086e-03	9.9859e-01	6.7029e-03	9.9328e-01	2.0812e-05	9.3456e-19	4.4209e-05	1.1167e-01	8.8590e-01	2.3898e-03	3.4298e-04	2.7011e-01	7.2954e-01	5.7387e-06	1.1755e-36	1.1755e-36	6.4379e-27	0.00e+00	0.00e+00	5.9478e-01
2.89402e+18	5.9548e+03	2.341e-21	2.7826e+01	3.0187e+01	1.4677e-14	1.4877e-03	9.9851e-01	7.1465e-03	9.9285e-01	3.8757e-06	1.1195e-18	4.8344e-05	1.1831e-01	8.7945e-01	2.1934e-03	3.8955e-04	2.8591e-01	7.1370e-01	1.1224e-06	1.1755e-36	1.1755e-36	7.4735e-27	0.00e+00	0.00e+00	7.9731e-01
3.78530e+18	5.9718e+03	2.313e-21	2.7826e+01	3.0182e+01	1.6719e-14	1.6184e-03	9.9838e-01	7.8267e-03	9.9217e-01	6.0435e-07	1.4749e-18	5.4938e-05	1.2813e-01	8.6985e-01	1.9639e-03	4.6610e-04	3.0816e-01	6.9137e-01	1.8013e-07	1.1755e-36	1.1755e-36	9.6953e-27	0.00e+00	0.00e+00	1.0838e+00
4.70711e+18	6.0259e+03	2.298e-21	2.7826e+01	3.0175e+01	1.8728e-14	1.7821e-03	9.9822e-01	8.6327e-03	9.9137e-01	1.1426e-07	1.9765e-18	6.2972e-05	1.3943e-01	8.5875e-01	1.7509e-03	5.6572e-04	3.3308e-01	6.6636e-01	1.1755e-36	1.1755e-36	1.1755e-36	1.2920e-26	0.00e+00	0.00e+00	1.3455e+00
5.45459e+18	6.1227e+03	2.301e-21	2.7826e+01	3.0168e+01	2.0399e-14	1.9603e-03	9.9804e-01	9.4659e-03	9.9053e-01	3.6549e-08	2.6508e-18	7.1423e-05	1.5065e-01	8.4769e-01	1.5872e-03	6.7739e-04	3.5673e-01	6.4259e-01	1.1755e-36	1.1755e-36	1.1755e-36	1.7614e-26	0.00e+00	0.00e+00	1.5724e+00
6.07321e+18	6.2328e+03	2.313e-21	2.7826e+01	3.0160e+01	2.2188e-14	2.1509e-03	9.9785e-01	1.0344e-02	9.8966e-01	1.5698e-08	3.5724e-18	8.0344e-05	1.6205e-01	8.3642e-01	1.4517e-03	8.0296e-04	3.7993e-01	6.1927e-01	1.1755e-36	1.1755e-36	1.1755e-36	2.4478e-26	0.00e+00	0.00e+00	1.7909e+00
6.64170e+18	6.3529e+03	2.331e-21	2.7826e+01	3.0150e+01	2.4384e-14	2.3697e-03	9.9763e-01	1.1353e-02	9.8865e-01	7.6339e-09	4.9234e-18	9.0502e-05	1.7468e-01	8.2391e-01	1.3251e-03	9.5608e-04	4.0491e-01	5.9413e-01	1.1755e-36	1.1755e-36	1.1755e-36	3.5110e-26	0.00e+00	0.00e+00	2.0234e+00
7.17947e+18	6.4826e+03	2.354e-21	2.7826e+01	3.0140e+01	2.6991e-14	2.6249e-03	9.9738e-01	1.2533e-02	9.8747e-01	4.0391e-09	6.9088e-18	1.0220e-04	1.8888e-01	8.0981e-01	1.2041e-03	1.1466e-03	4.3232e-01	5.6654e-01	1.1755e-36	1.1755e-36	1.1755e-36	5.1455e-26	0.00e+00	0.00e+00	2.2618e+00
7.66425e+18	6.6138e+03	2.381e-21	2.7826e+01	3.0128e+01	3.0039e-14	2.9091e-03	9.9709e-01	1.3857e-02	9.8614e-01	2.3555e-09	9.7234e-18	1.1501e-04	2.0415e-01	7.9464e-01	1.0929e-03	1.3731e-03	4.6097e-01	5.3766e-01	1.1755e-36	1.1755e-36	1.1755e-36	7.5789e-26	0.00e+00	0.00e+00	2.4931e+00
8.08827e+18	6.7386e+03	2.410e-21	2.7826e+01	3.0115e+01	3.3549e-14	3.2148e-03	9.9679e-01	1.5301e-02	9.8470e-01	1.5029e-09	1.3565e-17	1.2855e-04	2.2006e-01	7.7882e-01	9.9266e-04	1.6327e-03	4.8988e-01	5.0849e-01	1.1755e-36	1.1755e-36	1.1755e-36	1.1054e-25	0.00e+00	0.00e+00	2.7165e+00
8.46500e+18	6.8560e+03	2.439e-21	2.7826e+01	3.0101e+01	3.7667e-14	3.5456e-03	9.9645e-01	1.6892e-02	9.8311e-01	1.0220e-09	1.8810e-17	1.4294e-04	2.3676e-01	7.6219e-01	9.0048e-04	1.9307e-03	5.1917e-01	4.7890e-01	1.1755e-36	1.1755e-36	1.1755e-36	1.6006e-25	0.00e+00	0.00e+00	2.9395e+00
8.81051e+18	6.9684e+03	2.469e-21	2.7826e+01	3.0087e+01	4.2681e-14	3.9128e-03	9.9609e-01	1.8698e-02	9.8130e-01	7.2530e-10	2.6163e-17	1.5859e-04	2.5475e-01	7.4428e-01	8.1321e-04	2.2804e-03	5.4941e-01	4.4831e-01	1.1755e-36	1.1755e-36	1.1755e-36	2.3276e-25	0.00e+00	0.00e+00	3.1683e+00
9.13178e+18	7.0768e+03	2.501e-21	2.7826e+01	3.0069e+01	4.8784e-14	4.3261e-03	9.9567e-01	2.0778e-02	9.7922e-01	5.3189e-10	3.6541e-17	1.7575e-04	2.7432e-01	7.2478e-01	7.2982e-04	2.6947e-03	5.8077e-01	4.1654e-01	1.1755e-36	1.1755e-36	1.1755e-36	3.3980e-25	0.00e+00	0.00e+00	3.4036e+00
9.42876e+18	7.1716e+03	2.536e-21	2.7826e+01	3.0050e+01	5.6645e-14	4.7936e-03	9.9521e-01	2.3188e-02	9.7681e-01	4.0177e-10	5.1257e-17	1.9455e-04	2.9558e-01	7.0358e-01	6.5014e-04	3.1852e-03	6.1292e-01	3.8389e-01	1.1755e-36	1.1755e-36	1.1755e-36	4.9815e-25	0.00e+00	0.00e+00	3.6431e+00
9.70122e+18	7.2673e+03	2.570e-21	2.7826e+01	3.0028e+01	6.5817e-14	5.3108e-03	9.9469e-01	2.5940e-02	9.7406e-01	3.1253e-10	7.1682e-17	2.1468e-04	3.1821e-01	6.8100e-01	5.7611e-04	3.7526e-03	6.4508e-01	3.5117e-01	1.1755e-36	1.1755e-36	1.1755e-36	7.2837e-25	0.00e+00	0.00e+00	3.8862e+00
9.95147e+18	7.3629e+03	2.602e-21	2.7826e+01	3.0004e+01	7.6491e-14	5.8825e-03	9.9412e-01	2.9093e-02	9.7091e-01	2.4923e-10	9.9778e-17	2.3611e-04	3.4220e-01	6.5705e-01	5.0747e-04	4.4052e-03	6.7687e-01	3.1872e-01	1.1755e-36	1.1755e-36	1.1755e-36	1.0594e-24	0.00e+00	0.00e+00	4.1342e+00
1.01831e+19	7.4450e+03	2.636e-21	2.7826e+01	2.9980e+01	9.0328e-14	6.5292e-03	9.9347e-01	3.2809e-02	9.6719e-01	2.0264e-10	1.3949e-16	2.5943e-04	3.6803e-01	6.3127e-01	4.4278e-04	5.1663e-03	7.0832e-01	2.8652e-01	1.1755e-36	1.1755e-36	1.1755e-36	1.5515e-24	0.00e+00	0.00e+00	4.3902e+00
1.03988e+19	7.5198e+03	2.670e-21	2.7826e+01	2.9956e+01	1.0794e-13	7.2622e-03	9.9274e-01	3.7214e-02	9.6279e-01	1.6740e-10	1.9581e-16	2.8447e-04	3.9569e-01	6.0364e-01	3.8234e-04	6.0531e-03	7.3915e-01	2.5480e-01	1.1755e-36	1.1755e-36	1.1755e-36	2.2900e-24	0.00e+00	0.00e+00	4.6559e+00
1.06000e+19	7.5691e+03	2.708e-21	2.7826e+01	2.9908e+01	1.3110e-13	8.1115e-03	9.9189e-01	4.2430e-02	9.5757e-01	1.3962e-10	2.7415e-16	3.1167e-04	4.2578e-01	5.7358e-01	3.2552e-04	7.0999e-03	7.6907e-01	2.2383e-01	1.1755e-36	1.1755e-36	1.1755e-36	3.3404e-24	0.00e+00	0.00e+00	4.9327e+00
1.07874e+19	7.6285e+03	2.742e-21	2.7826e+01	2.9869e+01	1.5952e-13	9.0719e-03	9.9093e-01	4.8740e-02	9.5126e-01	1.1834e-10	3.8543e-16	3.4063e-04	4.5758e-01	5.4181e-01	2.7399e-04	8.3086e-03	7.9748e-01	1.9421e-01	1.1755e-36	1.1755e-36	1.1755e-36	4.9363e-24	0.00e+00	0.00e+00	5.2206e+00
1.09616e+19	7.6747e+03	2.777e-21	2.7826e+01	2.9817e+01	1.9690e-13	1.0176e-02	9.8982e-01	5.6367e-02	9.4363e-01	1.0127e-10	5.4308e-16	3.7140e-04	4.9130e-01	5.0811e-01	2.2717e-04	9.7159e-03	8.2404e-01	1.6625e-01	1.1755e-36	1.1755e-36	1.1755e-36	7.3270e-24	0.00e+00	0.00e+00	5.5205e+00
1.11239e+19	7.6976e+03	2.815e-21	2.7826e+01	2.9759e+01	2.4889e-13	1.1471e-02	9.8853e-01	6.5832e-02	9.3417e-01	8.7273e-11	7.7033e-16	4.0442e-04	5.2720e-01	4.7221e-01	1.8475e-04	1.1377e-02	8.4853e-01	1.4009e-01	1.1755e-36	1.1755e-36	1.1755e-36	1.0979e-23	0.00e+00	0.00e+00	5.8366e+00
1.12761e+19	7.7287e+03	2.848e-21	2.7826e+01	2.9692e+01	3.1511e-13	1.2972e-02	9.8703e-01	7.7654e-02	9.2235e-01	7.5811e-11	1.0952e-15	4.3903e-04	5.6490e-01	4.3452e-01	1.4732e-04	1.3318e-02	8.7072e-01	1.1596e-01	1.1755e-36	1.1755e-36	1.1755e-36	1.6565e-23	0.00e+00	0.00e+00	6.1729e+00
1.14079e+19	7.7459e+03	2.879e-21	2.7826e+01	2.9609e+01	3.9886e-13	1.4609e-02	9.8539e-01	9.1364e-02	9.0864e-01	6.6934e-11	1.5262e-15	4.7233e-04	6.0126e-01	3.9815e-01	1.1706e-04	1.5436e-02	8.8898e-01	9.5588e-02	1.1755e-36	1.1755e-36	1.1755e-36	2.4513e-23	0.00e+00	0.00e+00	6.4705e+00
1.15161e+19	7.7512e+03	2.906e-21	2.7826e+01	2.9536e+01	4.9800e-13	1.6282e-02	9.8372e-01	1.0653e-01	8.9347e-01	6.0114e-11	2.0574e-15	5.0298e-04	6.3435e-01	3.6505e-01	9.3673e-05	1.7600e-02	9.0300e-01	7.9399e-02	1.1755e-36	1.1755e-36	1.1755e-36	3.5007e-23	0.00e+00	0.00e+00	6.7581e+00
1.16118e+19	7.7483e+03	2.929e-21	2.7826e+01	2.9447e+01	6.1903e-13	1.8074e-02	9.8193e-01	1.2391e-01	8.7609e-01	5.4290e-11	2.7259e-15	5.3173e-04	6.6576e-01	3.3363e-01	7.4684e-05	1.9915e-02	9.1429e-01	6.5798e-02	1.1755e-36	1.1755e-36	1.1755e-36	4.9057e-23	0.00e+00	0.00e+00	7.0466e+00
1.16995e+19	7.7370e+03	2.950e-21	2.7826e+01	2.9345e+01	7.7380e-13	2.0064e-02	9.7994e-01	1.4456e-01	8.5544e-01	4.9069e-11	3.5965e-15	5.5958e-04	6.9632e-01	3.0306e-01	5.8857e-05	2.2478e-02	9.2347e-01	5.4047e-02	1.1755e-36	1.1755e-36	1.1755e-36	6.8613e-23	0.00e+00	0.00e+00	7.3442e+00
1.17805e+19	7.7212e+03	2.967e-21	2.7826e+01	2.9226e+01	9.7151e-13	2.2293e-02	9.7771e-01	1.6933e-01	8.3067e-01	4.4308e-11	4.7339e-15	5.8643e-04	7.2601e-01	2.7335e-01	4.5743e-05	2.5338e-02	9.3077e-01	4.3896e-02	1.1755e-36	1.1755e-36	1.1755e-36	9.5957e-23	0.00e+00	0.00e+00	7.6482e+00
1.18543e+19	7.6985e+03	2.981e-21	2.7826e+01	2.9091e+01	1.2244e-12	2.4760e-02	9.7524e-01	1.9865e-01	8.0135e-01	3.9942e-11	6.1995e-15	6.1147e-04	7.5411e-01	2.4524e-01	3.5171e-05	2.8493e-02	9.3617e-01	3.5334e-02	1.1755e-36	1.1755e-36	1.1755e-36	1.3374e-22	0.00e+00	0.00e+00	7.9524e+00
1.19206e+19	7.6704e+03	2.990e-21	2.7826e+01	2.8937e+01	1.5405e-12	2.7449e-02	9.7255e-01	2.3246e-01	7.6754e-01	3.5821e-11	8.0383e-15	6.3402e-04	7.8003e-01	2.1930e-01	2.6861e-05	3.1915e-02	9.3981e-01	2.8274e-02	1.1755e-36	1.1755e-36	1.1755e-36	1.8436e-22	0.00e+00	0.00e+00	8.2552e+00
1.19806e+19	7.6393e+03	2.994e-21	2.7826e+01	2.8765e+01	1.9384e-12	3.0376e-02	9.6962e-01	2.7143e-01	7.2857e-01	3.2018e-11	1.0362e-14	6.5415e-04	8.0372e-01	1.9561e-01	2.0382e-05	3.5623e-02	9.4189e-01	2.2485e-02	1.1755e-36	1.1755e-36	1.1755e-36	2.5317e-22	0.00e+00	0.00e+00	8.5604e+00
1.20356e+19	7.6007e+03	2.998e-21	2.7826e+01	2.8605e+01	2.4614e-12	3.3652e-02	9.6635e-01	3.1676e-01	6.8324e-01	2.8413e-11	1.3397e-14	6.7314e-04	8.2560e-01	1.7371e-01	1.5283e-05	3.9752e-02	9.4255e-01	1.7698e-02	1.1755e-36	1.1755e-36	1.1755e-36	3.5041e-22	0.00e+00	0.00e+00	8.8730e+00
1.20863e+19	7.5624e+03	2.993e-21	2.7826e+01	2.8402e+01	3.1171e-12	3.7249e-02	9.6275e-01	3.6783e-01	6.3217e-01	2.4931e-11	1.7206e-14	6.8878e-04	8.4528e-01	1.5402e-01	1.1371e-05	4.4267e-02	9.4193e-01	1.3801e-02	1.1755e-36	1.1755e-36	1.1755e-36	4.8099e-22	0.00e+00	0.00e+00	9.1903e+00
1.21332e+19	7.5195e+03	2.982e-21	2.7826e+01	2.8168e+01	3.9641e-12	4.1243e-02	9.5876e-01	4.2442e-01	5.7558e-01	2.1563e-11	2.2058e-14	7.0171e-04	8.6287e-01	1.3642e-01	8.3890e-06	4.9257e-02	9.4008e-01	1.0658e-02	1.1755e-36	1.1755e-36	1.1755e-36	6.5968e-22	0.00e+00	0.00e+00	9.5180e+00
1.21772e+19	7.4716e+03	2.965e-21	2.7826e+01	2.7906e+01	5.0889e-12	4.5769e-02	9.5423e-01	4.8634e-01	5.1366e-01	1.8303e-11	2.8394e-14	7.1225e-04	8.7866e-01	1.2062e-01	6.1123e-06	5.4888e-02	9.3699e-01	8.1195e-03	1.1755e-36	1.1755e-36	1.1755e-36	9.1166e-22	0.00e+00	0.00e+00	9.8634e+00
1.22193e+19	7.4190e+03	2.942e-21	2.7826e+01	2.7612e+01	6.6157e-12	5.0998e-02	9.4900e-01	5.5250e-01	4.4750e-01	1.5188e-11	3.6813e-14	7.2042e-04	8.9281e-01	1.0647e-01	4.3860e-06	6.1361e-02	9.3256e-01	6.0837e-03	1.1755e-36	1.1755e-36	1.1755e-36	1.2752e-21	0.00e+00	0.00e+00	1.0232e+01
1.22597e+19	7.3623e+03	2.913e-21	2.7826e+01	2.7289e+01	8.7313e-12	5.7145e-02	9.4286e-01	6.2063e-01	3.7937e-01	1.2284e-11	4.8203e-14	7.2635e-04	9.0542e-01	9.3848e-02	3.0939e-06	6.8933e-02	9.2659e-01	4.4744e-03	1.1755e-36	1.1755e-36	1.1755e-36	1.8133e-21	0.00e+00	0.00e+00	1.0631e+01
1.22989e+19	7.3053e+03	2.870e-21	2.7826e+01	2.6868e+01	1.1620e-11	6.4335e-02	9.3566e-01	6.8708e-01	3.1292e-01	9.6693e-12	6.3213e-14	7.2788e-04	9.1644e-01	8.2829e-02	2.1523e-06	7.7752e-02	9.1902e-01	3.2324e-03	1.1755e-36	1.1755e-36	1.1755e-36	2.5864e-21	0.00e+00	0.00e+00	1.1067e+01
1.23433e+19	7.2409e+03	2.811e-21	2.7826e+01	2.6357e+01	1.6518e-11	7.4378e-02	9.2562e-01	7.5891e-01	2.4109e-01	7.0476e-12	8.8103e-14	7.2757e-04	9.2782e-01	7.1455e-02	1.3732e-06	9.0000e-02	9.0784e-01	2.1625e-03	1.1755e-36	1.1755e-36	1.1755e-36	4.0411e-21	0.00e+00	0.00e+00	1.1723e+01
1.23900e+19	7.1501e+03	2.750e-21	2.7826e+01	2.5787e+01	2.5779e-11	8.9201e-02	9.1080e-01	8.2538e-01	1.7462e-01	4.8805e-12	1.3203e-13	7.2547e-04	9.3863e-01	6.0639e-02	8.1621e-07	1.0794e-01	8.9071e-01	1.3475e-03	1.1755e-36	1.1755e-36	1.1755e-36	7.0623e-21	0.00e+00	0.00e+00	1.2402e+01
1.24281e+19	7.0727e+03	2.688e-21	2.7826e+01	2.5274e+01	3.9365e-11	1.0639e-01	8.9361e-01	8.6983e-01	1.3017e-01	3.5429e-12	1.9380e-13	7.2159e-04	9.4695e-01	5.2332e-02	5.0683e-07	1.2857e-01	8.7056e-01	8.7380e-04	1.1755e-36	1.1755e-36	1.1755e-36	1.2165e-20	0.00e+00	0.00e+00	1.3017e+01
1.24587e+19	7.0167e+03	2.609e-21	2.7826e+01	2.4666e+01	5.7180e-11	1.2416e-01	8.7584e-01	8.9839e-01	1.0161e-01	2.7227e-12	2.7134e-13	7.1203e-04	9.5311e-01	4.6174e-02	3.3609e-07	1.4970e-01	8.4970e-01	6.0101e-04	1.1755e-36	1.1755e-36	1.1755e-36	1.9816e-20	0.00e+00	0.00e+00	1.3631e+01
1.24854e+19	6.9362e+03	2.533e-21	2.7826e+01	2.4090e+01	8.5344e-11	1.4480e-01	8.5520e-01	9.1902e-01	8.0979e-02	2.1434e-12	3.8347e-13	7.0277e-04	9.5852e-01	4.0780e-02	2.2586e-07	1.7402e-01	8.2556e-01	4.2117e-04	1.1755e-36	1.1755e-36	1.1755e-36	3.3103e-20	0.00e+00	0.00e+00	1.4275e+01
1.25095e+19	6.8656e+03	2.437e-21	2.7826e+01	2.3411e+01	1.2543e-10	1.6833e-01	8.3167e-01	9.3414e-01	6.5860e-02	1.7377e-12	5.3360e-13	6.8923e-04	9.6320e-01	3.6110e-02	1.5383e-07	2.0146e-01	7.9824e-01	2.9837e-04	1.1755e-36	1.1755e-36	1.1755e-36	5.4167e-20	0.00e+00	0.00e+00	1.4950e+01
1.25314e+19	6.7860e+03	2.318e-21	2.7826e+01	2.2558e+01	1.8452e-10	1.9504e-01	8.0496e-01	9.4557e-01	5.4430e-02	1.4447e-12	7.3126e-13	6.6992e-04	9.6731e-01	3.2021e-02	1.1755e-36	2.3224e-01	7.6755e-01	2.1314e-04	1.1755e-36	1.1755e-36	1.1755e-36	8.6589e-20	0.00e+00	0.00e+00	1.5673e+01
1.25519e+19	6.6893e+03	2.185e-21	2.7826e+01	2.1647e+01	2.7794e-10	2.2685e-01	7.7315e-01	9.5451e-01	4.5488e-02	1.2208e-12	1.0106e-12	6.4854e-04	9.7118e-01	2.8174e-02	1.1755e-36	2.6840e-01	7.3145e-01	1.5141e-04	1.1755e-36	1.1755e-36	1.1755e-36	1.4063e-19	0.00e+00	0.00e+00	1.6467e+01
1.25714e+19	6.5680e+03	2.029e-21	2.7826e+01	2.0584e+01	4.3269e-10	2.6482e-01	7.3518e-01	9.6152e-01	3.8482e-02	1.0531e-12	1.4064e-12	6.2227e-04	9.7481e-01	2.4571e-02	1.1755e-36	3.1086e-01	6.8903e-01	1.0647e-04	1.1755e-36	1.1755e-36	1.1755e-36	2.3132e-19	0.00e+00	0.00e+00	1.7348e+01
1.25882e+19	6.4317e+03	1.862e-21	2.7826e+01	1.9418e+01	6.7121e-10	3.0587e-01	6.9413e-01	9.6644e-01	3.3563e-02	9.4573e-13	1.9103e-12	5.9215e-04	9.7785e-01	2.1558e-02	1.1755e-36	3.5593e-01	6.4399e-01	7.6517e-05	1.1755e-36	1.1755e-36	1.1755e-36	3.6761e-19	0.00e+00	0.00e+00	1.8136e+01
1.26004e+19	6.3057e+03	1.722e-21	2.7826e+01	1.8411e+01	9.6513e-10	3.4179e-01	6.5821e-01	9.6947e-01	3.0534e-02	8.8616e-13	2.4201e-12	5.6539e-04	9.8003e-01	1.9408e-02	1.1755e-36	3.9468e-01	6.0526e-01	5.9071e-05	1.1755e-36	1.1755e-36	1.1755e-36	5.2702e-19	0.00e+00	0.00e+00	1.8723e+01
1.26088e+19	6.2001e+03	1.615e-21	2.7826e+01	1.7634e+01	1.2710e-09	3.6954e-01	6.3046e-01	9.7132e-01	2.8677e-02	8.5302e-13	2.8599e-12	5.4445e-04	9.8151e-01	1.7941e-02	1.1755e-36	4.2420e-01	5.7576e-01	4.8945e-05	1.1755e-36	1.1755e-36	1.1755e-36	6.8054e-19	0.00e+00	0.00e+00	1.9187e+01
1.26157e+19	6.1013e+03	1.524e-21	2.7826e+01	1.6963e+01	1.6122e-09	3.9349e-01	6.0651e-01	9.7276e-01	2.7241e-02	8.2837e-13	3.2728e-12	5.2627e-04	9.8270e-01	1.6769e-02	1.1755e-36	4.4937e-01	5.5059e-01	4.1835e-05	1.1755e-36	1.1755e-36	1.1755e-36	8.3736e-19	0.00e+00	0.00e+00	1.9635e+01
1.26222e+19	5.9937e+03	1.433e-21	2.7826e+01	1.6281e+01	2.0571e-09	4.1785e-01	5.8215e-01	9.7405e-01	2.5951e-02	8.0785e-13	3.7260e-12	5.0765e-04	9.8383e-01	1.5664e-02	1.1755e-36	4.7470e-01	5.2527e-01	3.5829e-05	1.1755e-36	1.1755e-36	1.1755e-36	1.0237e-18	0.00e+00	0.00e+00	2.0117e+01
1.26286e+19	5.8755e+03	1.340e-21	2.7826e+01	1.5569e+01	2.6574e-09	4.4323e-01	5.5677e-01	9.7521e-01	2.4788e-02	7.9189e-13	4.2362e-12	4.8804e-04	9.8490e-01	1.4611e-02	1.1755e-36	5.0081e-01	4.9916e-01	3.0642e-05	1.1755e-36	1.1755e-36	1.1755e-36	1.2518e-18	0.00e+00	0.00e+00	2.0605e+01
1.26345e+19	5.7526e+03	1.253e-21	2.7826e+01	1.4884e+01	3.4266e-09	4.6789e-01	5.3211e-01	9.7619e-01	2.3813e-02	7.8075e-13	4.7744e-12	4.6914e-04	9.8586e-01	1.3671e-02	1.1755e-36	5.2589e-01	4.7408e-01	2.6448e-05	1.1755e-36	1.1755e-36	1.1755e-36	1.5150e-18	0.00e+00	0.00e+00	2.1055e+01
1.26396e+19	5.6347e+03	1.176e-21	2.7826e+01	1.4259e+01	4.3403e-09	4.9030e-01	5.0970e-01	9.7697e-01	2.3033e-02	7.7429e-13	5.3027e-12	4.5173e-04	9.8667e-01	1.2874e-02	1.1755e-36	5.4845e-01	4.5152e-01	2.3191e-05	1.1755e-36	1.1755e-36	1.1755e-36	1.7977e-18	0.00e+00	0.00e+00	2.1465e+01
1.26441e+19	5.5192e+03	1.107e-21	2.7826e+01	1.3683e+01	5.4341e-09	5.1093e-01	4.8907e-01	9.7762e-01	2.2378e-02	7.7034e-13	5.8289e-12	4.3566e-04	9.8739e-01	1.2178e-02	1.1755e-36	5.6903e-01	4.3095e-01	2.0578e-05	1.1755e-36	1.1755e-36	1.1755e-36	2.1060e-18	0.00e+00	0.00e+00	2.1855e+01
1.26484e+19	5.4009e+03	1.042e-21	2.7826e+01	1.3132e+01	6.7983e-09	5.3069e-01	4.6931e-01	9.7821e-01	2.1793e-02	7.6789e-13	6.3772e-12	4.2026e-04	9.8804e-01	1.1542e-02	1.1755e-36	5.8857e-01	4.1141e-01	1.8372e-05	1.1755e-36	1.1755e-36	1.1755e-36	2.4598e-18	0.00e+00	0.00e+00	2.2240e+01
1.26518e+19	5.3038e+03	9.913e-22	2.7826e+01	1.2683e+01	8.1702e-09	5.4678e-01	4.5322e-01	9.7861e-01	2.1394e-02	7.6925e-13	6.8605e-12	4.0761e-04	9.8853e-01	1.1062e-02	1.1755e-36	6.0436e-01	3.9562e-01	1.6772e-05	1.1755e-36	1.1755e-36	1.1755e-36	2.8025e-18	0.00e+00	0.00e+00	2.2501e+01
1.26542e+19	5.2287e+03	9.546e-22	2.7826e+01	1.2356e+01	9.3883e-09	5.5846e-01	4.4154e-01	9.7889e-01	2.1106e-02	7.7022e-13	7.2383e-12	3.9841e-04	9.8888e-01	1.0719e-02	1.1755e-36	6.1575e-01	3.8423e-01	1.5698e-05	1.1755e-36	1.1755e-36	1.1755e-36	3.0929e-18	0.00e+00	0.00e+00	2.2713e+01
1.26565e+19	5.1519e+03	9.204e-22	2.7826e+01	1.2048e+01	1.0785e-08	5.6959e-01	4.3041e-01	9.7918e-01	2.0817e-02	7.7013e-13	7.6278e-12	3.8982e-04	9.8922e-01	1.0393e-02	1.1755e-36	6.2654e-01	3.7344e-01	1.4738e-05	1.1755e-36	1.1755e-36	1.1755e-36	3.4152e-18	0.00e+00	0.00e+00	2.2948e+01
1.26586e+19	5.0840e+03	8.898e-22	2.7826e+01	1.1768e+01	1.2209e-08	5.7966e-01	4.2034e-01	9.7941e-01	2.0586e-02	7.7170e-13	8.0025e-12	3.8191e-04	9.8951e-01	1.0111e-02	1.1755e-36	6.3628e-01	3.6370e-01	1.3919e-05	1.1755e-36	1.1755e-36	1.1755e-36	3.7468e-18	0.00e+00	0.00e+00	2.3132e+01
1.26602e+19	5.0222e+03	8.651e-22	2.7826e+01	1.1536e+01	1.3619e-08	5.8801e-01	4.1199e-01	9.7961e-01	2.0391e-02	7.7257e-13	8.3391e-12	3.7545e-04	9.8974e-01	9.8812e-03	1.1755e-36	6.4433e-01	3.5566e-01	1.3281e-05	1.1755e-36	1.1755e-36	1.1755e-36	4.0659e-18	0.00e+00	0.00e+00	2.3292e+01
1.26618e+19	4.9656e+03	8.424e-22	2.7826e+01	1.1316e+01	1.5033e-08	5.9547e-01	4.0453e-01	9.7977e-01	2.0233e-02	7.7472e-13	8.6329e-12	3.6927e-04	9.8996e-01	9.6723e-03	1.1755e-36	6.5150e-01	3.4849e-01	1.2728e-05	1.1755e-36	1.1755e-36	1.1755e-36	4.3532e-18	0.00e+00	0.00e+00	2.3449e+01
1.26633e+19	4.9105e+03	8.195e-22	2.7826e+01	1.1102e+01	1.6573e-08	6.0318e-01	3.9682e-01	9.7994e-01	2.0061e-02	7.7621e-13	8.9399e-12	3.6327e-04	9.9018e-01	9.4531e-03	1.1755e-36	6.5886e-01	3.4113e-01	1.2176e-05	1.1755e-36	1.1755e-36	1.1755e-36	4.6616e-18	0.00e+00	0.00e+00	2.3618e+01
1.26650e+19	4.8419e+03	7.955e-22	2.7826e+01	1.0873e+01	1.8628e-08	6.1176e-01	3.8824e-01	9.8014e-01	1.9857e-02	7.7630e-13	9.3069e-12	3.5696e-04	9.9043e-01	9.2109e-03	1.1755e-36	6.6704e-01	3.3294e-01	1.1601e-05	1.1755e-36	1.1755e-36	1.1755e-36	5.0527e-18	0.00e+00	0.00e+00	2.3802e+01
1.26666e+19	4.7759e+03	7.721e-22	2.7826e+01	1.0643e+01	2.0839e-08	6.2001e-01	3.7999e-01	9.8032e-01	1.9684e-02	7.7811e-13	9.6681e-12	3.5057e-04	9.9066e-01	8.9850e-03	1.1755e-36	6.7488e-01	3.2511e-01	1.1070e-05	1.1755e-36	1.1755e-36	1.1755e-36	5.4612e-18	0.00e+00	0.00e+00	2.3971e+01
1.26681e+19	4.7123e+03	7.506e-22	2.7826e+01	1.0429e+01	2.3174e-08	6.2767e-01	3.7233e-01	9.8047e-01	1.9527e-02	7.7997e-13	1.0018e-11	3.4464e-04	9.9088e-01	8.7774e-03	1.1755e-36	6.8214e-01	3.1785e-01	1.0597e-05	1.1755e-36	1.1755e-36	1.1755e-36	5.8804e-18	0.00e+00	0.00e+00	2.4133e+01
1.26696e+19	4.6491e+03	7.300e-22	2.7826e+01	1.0221e+01	2.5719e-08	6.3513e-01	3.6487e-01	9.8063e-01	1.9373e-02	7.8171e-13	1.0373e-11	3.3891e-04	9.9108e-01	8.5770e-03	1.1755e-36	6.8919e-01	3.1080e-01	1.0155e-05	1.1755e-36	1.1755e-36	1.1755e-36	6.3299e-18	0.00e+00	0.00e+00	2.4295e+01
1.26710e+19	4.5806e+03	7.096e-22	2.7826e+01	1.0010e+01	2.8706e-08	6.4271e-01	3.5729e-01	9.8079e-01	1.9214e-02	7.8313e-13	1.0751e-11	3.3317e-04	9.9129e-01	8.3756e-03	1.1755e-36	6.9633e-01	3.0366e-01	9.7265e-06	1.1755e-36	1.1755e-36	1.1755e-36	6.8373e-18	0.00e+00	0.00e+00	2.4461e+01
1.26725e+19	4.5149e+03	6.897e-22	2.7826e+01	9.8048e+00	3.1858e-08	6.5009e-01	3.4991e-01	9.8093e-01	1.9068e-02	7.8515e-13	1.1129e-11	3.2753e-04	9.9149e-01	8.1825e-03	1.1755e-36	7.0326e-01	2.9673e-01	9.3221e-06	1.1755e-36	1.1755e-36	1.1755e-36	7.3717e-18	0.00e+00	0.00e+00	2.4622e+01
1.26739e+19	4.4480e+03	6.703e-22	2.7826e+01	9.6019e+00	3.5335e-08	6.5742e-01	3.4258e-01	9.8108e-01	1.8923e-02	7.8704e-13	1.1518e-11	3.2201e-04	9.9169e-01	7.9924e-03	1.1755e-36	7.1012e-01	2.8987e-01	8.9357e-06	1.1755e-36	1.1755e-36	1.1755e-36	7.9506e-18	0.00e+00	0.00e+00	2.4787e+01
1.26753e+19	4.3783e+03	6.509e-22	2.7826e+01	9.3960e+00	3.9234e-08	6.6487e-01	3.3513e-01	9.8122e-01	1.8776e-02	7.8898e-13	1.1923e-11	3.1643e-04	9.9188e-01	7.8014e-03	1.1755e-36	7.1707e-01	2.8292e-01	8.5580e-06	1.1755e-36	1.1755e-36	1.1755e-36	8.5867e-18	0.00e+00	0.00e+00	2.4956e+01
1.26768e+19	4.3114e+03	6.312e-22	2.7826e+01	9.1822e+00	4.3242e-08	6.7206e-01	3.2794e-01	9.8135e-01	1.8655e-02	7.9327e-13	1.2303e-11	3.1052e-04	9.9207e-01	7.6207e-03	1.1755e-36	7.2376e-01	2.7624e-01	8.1997e-06	1.1755e-36	1.1755e-36	1.1755e-36	9.2161e-18	0.00e+00	0.00e+00	2.5128e+01
1.26783e+19	4.2305e+03	6.112e-22	2.7826e+01	8.9624e+00	4.8328e-08	6.8002e-01	3.1998e-01	9.8150e-01	1.8495e-02	7.9496e-13	1.2751e-11	3.0471e-04	9.9227e-01	7.4204e-03	1.1755e-36	7.3115e-01	2.6884e-01	7.8283e-06	1.1755e-36	1.1755e-36	1.1755e-36	9.9920e-18	0.00e+00	0.00e+00	2.5316e+01
1.26798e+19	4.1517e+03	5.914e-22	2.7826e+01	8.7429e+00	5.3569e-08	6.8787e-01	3.1213e-01	9.8165e-01	1.8350e-02	7.9781e-13	1.3181e-11	2.9887e-04	9.9247e-01	7.2269e-03	1.1755e-36	7.3841e-01	2.6158e-01	7.4729e-06	1.1755e-36	1.1755e-36	1.1755e-36	1.0772e-17	0.00e+00	0.00e+00	2.5497e+01
1.26814e+19	4.0763e+03	5.721e-22	2.7826e+01	8.5311e+00	5.8810e-08	6.9559e-01	3.0441e-01	9.8179e-01	1.8209e-02	8.0078e-13	1.3596e-11	2.9322e-04	9.9267e-01	7.0385e-03	1.1755e-36	7.4552e-01	2.5448e-01	7.1330e-06	1.1755e-36	1.1755e-36	1.1755e-36	1.1543e-17	0.00e+00	0.00e+00	2.5684e+01
1.26830e+19	3.9861e+03	5.517e-22	2.7826e+01	8.2988e+00	6.5078e-08	7.0406e-01	2.9594e-01	9.8196e-01	1.8045e-02	8.0296e-13	1.4031e-11	2.8723e-04	9.9288e-01	6.8332e-03	1.1755e-36	7.5330e-01	2.4669e-01	6.7794e-06	1.1755e-36	1.1755e-36	1.1755e-36	1.2382e-17	0.00e+00	0.00e+00	2.5896e+01
###########################
1.99913e+14	6.6542e+03	2.715e-21	2.7826e+01	3.0227e+01	7.4739e-15	1.3460e-03	9.9865e-01	5.6251e-03	9.8325e-01	1.1125e-02	7.0774e-19	3.6155e-05	9.5309e-02	9.0074e-01	3.9128e-03	2.5626e-04	2.2495e-01	7.7104e-01	3.7532e-03	1.1755e-36	1.1755e-36	6.4271e-27	0.00e+00	0.00e+00	9.4534e-05
1.19948e+15	6.6527e+03	2.715e-21	2.7826e+01	3.0224e+01	7.4772e-15	1.3459e-03	9.9865e-01	5.6254e-03	9.8326e-01	1.1116e-02	7.0681e-19	3.6273e-05	9.5327e-02	9.0072e-01	3.9172e-03	2.5610e-04	2.2483e-01	7.7117e-01	3.7405e-03	1.1755e-36	1.1755e-36	6.4116e-27	0.00e+00	0.00e+00	4.7263e-04
5.19774e+15	6.6494e+03	2.714e-21	2.7826e+01	3.0223e+01	7.4882e-15	1.3456e-03	9.9865e-01	5.6272e-03	9.8333e-01	1.1047e-02	7.0579e-19	3.6279e-05	9.5373e-02	9.0068e-01	3.9075e-03	2.5593e-04	2.2470e-01	7.7135e-01	3.6874e-03	1.1755e-36	1.1755e-36	6.3915e-27	0.00e+00	0.00e+00	1.9847e-03
2.11908e+16	6.6387e+03	2.710e-21	2.7826e+01	3.0222e+01	7.5545e-15	1.3457e-03	9.9865e-01	5.6378e-03	9.8368e-01	1.0680e-02	7.0702e-19	3.6361e-05	9.5533e-02	9.0056e-01	3.8719e-03	2.5607e-04	2.2467e-01	7.7159e-01	3.4810e-03	1.1755e-36	1.1755e-36	6.3886e-27	0.00e+00	0.00e+00	8.0337e-03
5.06180e+16	6.6122e+03	2.693e-21	2.7826e+01	3.0221e+01	7.6107e-15	1.3380e-03	9.9866e-01	5.6409e-03	9.8389e-01	1.0464e-02	6.9561e-19	3.6272e-05	9.5605e-02	9.0052e-01	3.8411e-03	2.5413e-04	2.2403e-01	7.7251e-01	3.2048e-03	1.1755e-36	1.1755e-36	6.2190e-27	0.00e+00	0.00e+00	1.5852e-02
8.88733e+16	6.5800e+03	2.677e-21	2.7826e+01	3.0220e+01	7.6928e-15	1.3315e-03	9.9867e-01	5.6523e-03	9.8448e-01	9.8724e-03	6.8556e-19	3.6248e-05	9.5773e-02	9.0041e-01	3.7812e-03	2.5296e-04	2.2381e-01	7.7307e-01	2.8669e-03	1.1755e-36	1.1755e-36	6.0431e-27	0.00e+00	0.00e+00	2.5967e-02
1.38605e+17	6.5441e+03	2.658e-21	2.7826e+01	3.0218e+01	7.8217e-15	1.3253e-03	9.9867e-01	5.6703e-03	9.8540e-01	8.9256e-03	6.7907e-19	3.6266e-05	9.6018e-02	9.0025e-01	3.6949e-03	2.5239e-04	2.2399e-01	7.7329e-01	2.4709e-03	1.1755e-36	1.1755e-36	5.9104e-27	0.00e+00	0.00e+00	3.9055e-02
2.03257e+17	6.5034e+03	2.637e-21	2.7826e+01	3.0216e+01	7.9742e-15	1.3195e-03	9.9868e-01	5.6964e-03	9.8666e-01	7.6397e-03	6.7390e-19	3.6333e-05	9.6369e-02	9.0001e-01	3.5821e-03	2.5270e-04	2.2476e-01	7.7296e-01	2.0281e-03	1.1755e-36	1.1755e-36	5.7720e-27	0.00e+00	0.00e+00	5.5995e-02
2.87304e+17	6.4571e+03	2.612e-21	2.7826e+01	3.0212e+01	8.1614e-15	1.3144e-03	9.9869e-01	5.7327e-03	9.8818e-01	6.0887e-03	6.7112e-19	3.6466e-05	9.6863e-02	8.9965e-01	3.4460e-03	2.5422e-04	2.2634e-01	7.7184e-01	1.5617e-03	1.1755e-36	1.1755e-36	5.6358e-27	0.00e+00	0.00e+00	7.7932e-02
3.96565e+17	6.4048e+03	2.584e-21	2.7826e+01	3.0208e+01	8.4196e-15	1.3106e-03	9.9869e-01	5.7810e-03	9.8979e-01	4.4265e-03	6.7370e-19	3.6684e-05	9.7545e-02	8.9912e-01	3.2945e-03	2.5728e-04	2.2889e-01	7.6975e-01	1.1074e-03	1.1755e-36	1.1755e-36	5.5408e-27	0.00e+00	0.00e+00	1.0637e-01
5.38604e+17	6.3460e+03	2.552e-21	2.7826e+01	3.0204e+01	8.7570e-15	1.3089e-03	9.9869e-01	5.8446e-03	9.9129e-01	2.8653e-03	6.8196e-19	3.7032e-05	9.8480e-02	8.9834e-01	3.1382e-03	2.6220e-04	2.3249e-01	7.6654e-01	7.0704e-04	1.1755e-36	1.1755e-36	5.4777e-27	0.00e+00	0.00e+00	1.4328e-01
7.23256e+17	6.2809e+03	2.518e-21	2.7826e+01	3.0200e+01	9.1812e-15	1.3105e-03	9.9869e-01	5.9278e-03	9.9247e-01	1.6069e-03	6.9591e-19	3.7560e-05	9.9749e-02	8.9723e-01	2.9868e-03	2.6930e-04	2.3712e-01	7.6221e-01	3.9584e-04	1.1755e-36	1.1755e-36	5.4318e-27	0.00e+00	0.00e+00	1.9133e-01
9.63302e+17	6.2104e+03	2.482e-21	2.7826e+01	3.0198e+01	9.7325e-15	1.3173e-03	9.9868e-01	6.0378e-03	9.9320e-01	7.5754e-04	7.1875e-19	3.8349e-05	1.0147e-01	8.9565e-01	2.8437e-03	2.7914e-04	2.4279e-01	7.5674e-01	1.8859e-04	1.1755e-36	1.1755e-36	5.4309e-27	0.00e+00	0.00e+00	2.5413e-01
1.27536e+18	6.1371e+03	2.444e-21	2.7826e+01	3.0196e+01	1.0454e-14	1.3321e-03	9.9867e-01	6.1870e-03	9.9352e-01	2.9084e-04	7.5548e-19	3.9524e-05	1.0382e-01	8.9344e-01	2.7038e-03	2.9286e-04	2.4971e-01	7.4992e-01	7.4048e-05	1.1755e-36	1.1755e-36	5.5094e-27	0.00e+00	0.00e+00	3.3667e-01
1.68104e+18	6.0657e+03	2.406e-21	2.7826e+01	3.0194e+01	1.1416e-14	1.3593e-03	9.9864e-01	6.3949e-03	9.9352e-01	8.8280e-05	8.1699e-19	4.1280e-05	1.0707e-01	8.9033e-01	2.5565e-03	3.1258e-04	2.5845e-01	7.4121e-01	2.3262e-05	1.1755e-36	1.1755e-36	5.7521e-27	0.00e+00	0.00e+00	4.4617e-01
2.20842e+18	6.0047e+03	2.370e-21	2.7826e+01	3.0192e+01	1.2644e-14	1.4057e-03	9.9859e-01	6.6929e-03	9.9329e-01	2.0838e-05	9.1803e-19	4.3900e-05	1.1164e-01	8.8593e-01	2.3903e-03	3.4199e-04	2.6989e-01	7.2976e-01	5.7449e-06	1.1755e-36	1.1755e-36	6.2333e-27	0.00e+00	0.00e+00	5.9339e-01
2.89402e+18	5.9617e+03	2.338e-21	2.7826e+01	3.0187e+01	1.4386e-14	1.4847e-03	9.9852e-01	7.1365e-03	9.9286e-01	3.8795e-06	1.1042e-18	4.8092e-05	1.1831e-01	8.7944e-01	2.1932e-03	3.8859e-04	2.8578e-01	7.1383e-01	1.1234e-06	1.1755e-36	1.1755e-36	7.2864e-27	0.00e+00	0.00e+00	7.9552e-01
3.78530e+18	5.9743e+03	2.311e-21	2.7826e+01	3.0182e+01	1.6495e-14	1.6158e-03	9.9838e-01	7.8185e-03	9.9218e-01	6.0460e-07	1.4598e-18	5.4747e-05	1.2821e-01	8.6977e-01	1.9624e-03	4.6529e-04	3.0813e-01	6.9140e-01	1.8024e-07	1.1755e-36	1.1755e-36	9.4944e-27	0.00e+00	0.00e+00	1.0815e+00
4.70564e+18	6.0235e+03	2.297e-21	2.7826e+01	3.0175e+01	1.8600e-14	1.7794e-03	9.9822e-01	8.6252e-03	9.9137e-01	1.1449e-07	1.9615e-18	6.2847e-05	1.3958e-01	8.5861e-01	1.7487e-03	5.6491e-04	3.3310e-01	6.6633e-01	1.1755e-36	1.1755e-36	1.1755e-36	1.2697e-26	0.00e+00	0.00e+00	1.3419e+00
5.44980e+18	6.1163e+03	2.300e-21	2.7826e+01	3.0168e+01	2.0459e-14	1.9571e-03	9.9804e-01	9.4561e-03	9.9054e-01	3.6783e-08	2.6479e-18	7.1345e-05	1.5083e-01	8.4751e-01	1.5852e-03	6.7615e-04	3.5671e-01	6.4261e-01	1.1755e-36	1.1755e-36	1.1755e-36	1.7536e-26	0.00e+00	0.00e+00	1.5672e+00
6.06626e+18	6.2236e+03	2.313e-21	2.7826e+01	3.0160e+01	2.2375e-14	2.1471e-03	9.9785e-01	1.0332e-02	9.8967e-01	1.5830e-08	3.5804e-18	8.0324e-05	1.6225e-01	8.3622e-01	1.4498e-03	8.0123e-04	3.7986e-01	6.1934e-01	1.1755e-36	1.1755e-36	1.1755e-36	2.4527e-26	0.00e+00	0.00e+00	1.7851e+00
6.63525e+18	6.3418e+03	2.331e-21	2.7826e+01	3.0151e+01	2.4654e-14	2.3658e-03	9.9763e-01	1.1341e-02	9.8866e-01	7.6856e-09	4.9433e-18	9.0587e-05	1.7495e-01	8.2364e-01	1.3229e-03	9.5425e-04	4.0486e-01	5.9418e-01	1.1755e-36	1.1755e-36	1.1755e-36	3.5273e-26	0.00e+00	0.00e+00	2.0179e+00
7.17456e+18	6.4706e+03	2.354e-21	2.7826e+01	3.0140e+01	2.7425e-14	2.6214e-03	9.9738e-01	1.2523e-02	9.8748e-01	4.0569e-09	6.9726e-18	1.0244e-04	1.8924e-01	8.0945e-01	1.2016e-03	1.1449e-03	4.3232e-01	5.6654e-01	1.1755e-36	1.1755e-36	1.1755e-36	5.2173e-26	0.00e+00	0.00e+00	2.2566e+00
7.66018e+18	6.6013e+03	2.381e-21	2.7826e+01	3.0128e+01	3.0655e-14	2.9058e-03	9.9709e-01	1.3848e-02	9.8615e-01	2.3631e-09	9.8594e-18	1.1543e-04	2.0459e-01	7.9420e-01	1.0904e-03	1.3715e-03	4.6099e-01	5.3764e-01	1.1755e-36	1.1755e-36	1.1755e-36	7.7527e-26	0.00e+00	0.00e+00	2.4878e+00
8.08418e+18	6.7257e+03	2.409e-21	2.7826e+01	3.0116e+01	3.4339e-14	3.2112e-03	9.9679e-01	1.5290e-02	9.8471e-01	1.5076e-09	1.3799e-17	1.2915e-04	2.2055e-01	7.7833e-01	9.9040e-04	1.6307e-03	4.8987e-01	5.0850e-01	1.1755e-36	1.1755e-36	1.1755e-36	1.1381e-25	0.00e+00	0.00e+00	2.7107e+00
8.46072e+18	6.8429e+03	2.439e-21	2.7826e+01	3.0102e+01	3.8684e-14	3.5413e-03	9.9646e-01	1.6877e-02	9.8312e-01	1.0252e-09	1.9205e-17	1.4374e-04	2.3730e-01	7.6166e-01	8.9848e-04	1.9280e-03	5.1911e-01	4.7897e-01	1.1755e-36	1.1755e-36	1.1755e-36	1.6605e-25	0.00e+00	0.00e+00	2.9334e+00
8.80626e+18	6.9555e+03	2.469e-21	2.7826e+01	3.0087e+01	4.3936e-14	3.9080e-03	9.9609e-01	1.8679e-02	9.8132e-01	7.2748e-10	2.6790e-17	1.5963e-04	2.5534e-01	7.4368e-01	8.1142e-04	2.2770e-03	5.4930e-01	4.4842e-01	1.1755e-36	1.1755e-36	1.1755e-36	2.4288e-25	0.00e+00	0.00e+00	3.1621e+00
9.12773e+18	7.0642e+03	2.501e-21	2.7826e+01	3.0070e+01	5.0324e-14	4.3208e-03	9.9568e-01	2.0755e-02	9.7924e-01	5.3335e-10	3.7520e-17	1.7707e-04	2.7498e-01	7.2412e-01	7.2821e-04	2.6907e-03	5.8063e-01	4.1668e-01	1.1755e-36	1.1755e-36	1.1755e-36	3.5656e-25	0.00e+00	0.00e+00	3.3972e+00
9.42486e+18	7.1594e+03	2.536e-21	2.7826e+01	3.0050e+01	5.8562e-14	4.7879e-03	9.9521e-01	2.3160e-02	9.7684e-01	4.0281e-10	5.2780e-17	1.9620e-04	2.9631e-01	7.0284e-01	6.4870e-04	3.1803e-03	6.1275e-01	3.8407e-01	1.1755e-36	1.1755e-36	1.1755e-36	5.2568e-25	0.00e+00	0.00e+00	3.6365e+00
9.69734e+18	7.2555e+03	2.569e-21	2.7826e+01	3.0028e+01	6.8111e-14	5.3042e-03	9.9470e-01	2.5905e-02	9.7409e-01	3.1333e-10	7.3928e-17	2.1669e-04	3.1901e-01	6.8020e-01	5.7485e-04	3.7466e-03	6.4487e-01	3.5138e-01	1.1755e-36	1.1755e-36	1.1755e-36	7.7115e-25	0.00e+00	0.00e+00	3.8793e+00
9.94756e+18	7.3519e+03	2.601e-21	2.7826e+01	3.0004e+01	7.9325e-14	5.8746e-03	9.9413e-01	2.9047e-02	9.7095e-01	2.4989e-10	1.0320e-16	2.3853e-04	3.4306e-01	6.5619e-01	5.0642e-04	4.3975e-03	6.7662e-01	3.1899e-01	1.1755e-36	1.1755e-36	1.1755e-36	1.1285e-24	0.00e+00	0.00e+00	4.1269e+00
1.01791e+19	7.4346e+03	2.634e-21	2.7826e+01	2.9981e+01	9.3702e-14	6.5199e-03	9.9348e-01	3.2749e-02	9.6725e-01	2.0319e-10	1.4439e-16	2.6229e-04	3.6895e-01	6.3034e-01	4.4189e-04	5.1567e-03	7.0802e-01	2.8682e-01	1.1755e-36	1.1755e-36	1.1755e-36	1.6557e-24	0.00e+00	0.00e+00	4.3825e+00
1.03948e+19	7.5101e+03	2.669e-21	2.7826e+01	2.9956e+01	1.1176e-13	7.2514e-03	9.9275e-01	3.7137e-02	9.6286e-01	1.6785e-10	2.0241e-16	2.8765e-04	3.9669e-01	6.0264e-01	3.8158e-04	6.0412e-03	7.3882e-01	2.5514e-01	1.1755e-36	1.1755e-36	1.1755e-36	2.4372e-24	0.00e+00	0.00e+00	4.6479e+00
1.05961e+19	7.5638e+03	2.706e-21	2.7826e+01	2.9910e+01	1.3605e-13	8.0963e-03	9.9190e-01	4.2343e-02	9.5766e-01	1.4016e-10	2.8487e-16	3.1555e-04	4.2683e-01	5.7253e-01	3.2500e-04	7.0830e-03	7.6871e-01	2.2421e-01	1.1755e-36	1.1755e-36	1.1755e-36	3.5966e-24	0.00e+00	0.00e+00	4.9242e+00
1.07835e+19	7.6225e+03	2.740e-21	2.7826e+01	2.9869e+01	1.6584e-13	9.0543e-03	9.9095e-01	4.8607e-02	9.5139e-01	1.1874e-10	4.0112e-16	3.4514e-04	4.5871e-01	5.4067e-01	2.7354e-04	8.2882e-03	7.9710e-01	1.9461e-01	1.1755e-36	1.1755e-36	1.1755e-36	5.3313e-24	0.00e+00	0.00e+00	5.2114e+00
1.09577e+19	7.6675e+03	2.775e-21	2.7826e+01	2.9825e+01	2.0531e-13	1.0159e-02	9.8984e-01	5.6256e-02	9.4374e-01	1.0167e-10	5.6677e-16	3.7687e-04	4.9261e-01	5.0679e-01	2.2667e-04	9.6954e-03	8.2369e-01	1.6662e-01	1.1755e-36	1.1755e-36	1.1755e-36	7.9512e-24	0.00e+00	0.00e+00	5.5109e+00
1.11200e+19	7.7042e+03	2.810e-21	2.7826e+01	2.9768e+01	2.5712e-13	1.1437e-02	9.8856e-01	6.5640e-02	9.3436e-01	8.7791e-11	8.0277e-16	4.1038e-04	5.2843e-01	4.7098e-01	1.8460e-04	1.1337e-02	8.4816e-01	1.4051e-01	1.1755e-36	1.1755e-36	1.1755e-36	1.1920e-23	0.00e+00	0.00e+00	5.8259e+00
1.12720e+19	7.7284e+03	2.845e-21	2.7826e+01	2.9700e+01	3.2758e-13	1.2938e-02	9.8706e-01	7.7409e-02	9.2259e-01	7.6216e-11	1.1442e-15	4.4593e-04	5.6628e-01	4.3312e-01	1.4711e-04	1.3275e-02	8.7035e-01	1.1637e-01	1.1755e-36	1.1755e-36	1.1755e-36	1.8054e-23	0.00e+00	0.00e+00	6.1608e+00
1.14036e+19	7.7424e+03	2.877e-21	2.7826e+01	2.9623e+01	4.1600e-13	1.4573e-02	9.8543e-01	9.1107e-02	9.0889e-01	6.7339e-11	1.5973e-15	4.8025e-04	6.0279e-01	3.9661e-01	1.1682e-04	1.5391e-02	8.8863e-01	9.5975e-02	1.1755e-36	1.1755e-36	1.1755e-36	2.6792e-23	0.00e+00	0.00e+00	6.4573e+00
1.15116e+19	7.7463e+03	2.904e-21	2.7826e+01	2.9540e+01	5.1936e-13	1.6234e-02	9.8377e-01	1.0605e-01	8.9395e-01	6.0421e-11	2.1498e-15	5.1127e-04	6.3582e-01	3.6357e-01	9.3536e-05	1.7540e-02	9.0265e-01	7.9808e-02	1.1755e-36	1.1755e-36	1.1755e-36	3.8177e-23	0.00e+00	0.00e+00	6.7433e+00
1.16076e+19	7.7424e+03	2.927e-21	2.7826e+01	2.9450e+01	6.4702e-13	1.8026e-02	9.8197e-01	1.2331e-01	8.7669e-01	5.4516e-11	2.8535e-15	5.4084e-04	6.6736e-01	3.3203e-01	7.4511e-05	1.9853e-02	9.1400e-01	6.6148e-02	1.1755e-36	1.1755e-36	1.1755e-36	5.3663e-23	0.00e+00	0.00e+00	7.0337e+00
1.16960e+19	7.7317e+03	2.948e-21	2.7826e+01	2.9347e+01	8.1042e-13	2.0027e-02	9.7997e-01	1.4396e-01	8.5604e-01	4.9232e-11	3.7757e-15	5.6968e-04	6.9823e-01	3.0115e-01	5.8584e-05	2.2430e-02	9.2329e-01	5.4276e-02	1.1755e-36	1.1755e-36	1.1755e-36	7.5377e-23	0.00e+00	0.00e+00	7.3334e+00
1.17775e+19	7.7161e+03	2.965e-21	2.7826e+01	2.9228e+01	1.0195e-12	2.2264e-02	9.7774e-01	1.6870e-01	8.3130e-01	4.4442e-11	4.9814e-15	5.9740e-04	7.2812e-01	2.7124e-01	4.5445e-05	2.5302e-02	9.3064e-01	4.4054e-02	1.1755e-36	1.1755e-36	1.1755e-36	1.0581e-22	0.00e+00	0.00e+00	7.6375e+00
1.18512e+19	7.6935e+03	2.979e-21	2.7826e+01	2.9093e+01	1.2858e-12	2.4729e-02	9.7527e-01	1.9783e-01	8.0217e-01	4.0074e-11	6.5288e-15	6.2318e-04	7.5625e-01	2.4309e-01	3.4917e-05	2.8452e-02	9.3607e-01	3.5479e-02	1.1755e-36	1.1755e-36	1.1755e-36	1.4774e-22	0.00e+00	0.00e+00	7.9405e+00
1.19175e+19	7.6657e+03	2.988e-21	2.7826e+01	2.8940e+01	1.6201e-12	2.7409e-02	9.7259e-01	2.3136e-01	7.6864e-01	3.5959e-11	8.4778e-15	6.4643e-04	7.8215e-01	2.1717e-01	2.6657e-05	3.1863e-02	9.3972e-01	2.8418e-02	1.1755e-36	1.1755e-36	1.1755e-36	2.0440e-22	0.00e+00	0.00e+00	8.2424e+00
1.19775e+19	7.6348e+03	2.993e-21	2.7826e+01	2.8769e+01	2.0398e-12	3.0332e-02	9.6967e-01	2.7007e-01	7.2993e-01	3.2156e-11	1.0936e-14	6.6721e-04	8.0586e-01	1.9345e-01	2.0208e-05	3.5567e-02	9.4182e-01	2.2613e-02	1.1755e-36	1.1755e-36	1.1755e-36	2.8111e-22	0.00e+00	0.00e+00	8.5478e+00
1.20326e+19	7.5962e+03	2.997e-21	2.7826e+01	2.8610e+01	2.5883e-12	3.3612e-02	9.6639e-01	3.1521e-01	6.8479e-01	2.8544e-11	1.4128e-14	6.8661e-04	8.2780e-01	1.7150e-01	1.5125e-05	3.9701e-02	9.4250e-01	1.7800e-02	1.1755e-36	1.1755e-36	1.1755e-36	3.8840e-22	0.00e+00	0.00e+00	8.8609e+00
1.20834e+19	7.5580e+03	2.992e-21	2.7826e+01	2.8407e+01	3.2808e-12	3.7214e-02	9.6279e-01	3.6610e-01	6.3390e-01	2.5057e-11	1.8161e-14	7.0283e-04	8.4752e-01	1.5177e-01	1.1233e-05	4.4223e-02	9.4189e-01	1.3882e-02	1.1755e-36	1.1755e-36	1.1755e-36	5.3410e-22	0.00e+00	0.00e+00	9.1783e+00
1.21303e+19	7.5153e+03	2.981e-21	2.7826e+01	2.8174e+01	4.1744e-12	4.1208e-02	9.5879e-01	4.2244e-01	5.7756e-01	2.1688e-11	2.3296e-14	7.1627e-04	8.6511e-01	1.3417e-01	8.2742e-06	4.9214e-02	9.4006e-01	1.0726e-02	1.1755e-36	1.1755e-36	1.1755e-36	7.3342e-22	0.00e+00	0.00e+00	9.5056e+00
1.21743e+19	7.4676e+03	2.964e-21	2.7826e+01	2.7912e+01	5.3587e-12	4.5730e-02	9.5427e-01	4.8406e-01	5.1594e-01	1.8430e-11	2.9984e-14	7.2725e-04	8.8086e-01	1.1841e-01	6.0206e-06	5.4838e-02	9.3698e-01	8.1784e-03	1.1755e-36	1.1755e-36	1.1755e-36	1.0137e-21	0.00e+00	0.00e+00	9.8503e+00
1.22163e+19	7.4152e+03	2.941e-21	2.7826e+01	2.7619e+01	6.9637e-12	5.0952e-02	9.4905e-01	5.4997e-01	4.5003e-01	1.5312e-11	3.8859e-14	7.3582e-04	8.9496e-01	1.0430e-01	4.3141e-06	6.1303e-02	9.3256e-01	6.1334e-03	1.1755e-36	1.1755e-36	1.1755e-36	1.4173e-21	0.00e+00	0.00e+00	1.0218e+01
1.22567e+19	7.3586e+03	2.912e-21	2.7826e+01	2.7296e+01	9.1877e-12	5.7090e-02	9.4291e-01	6.1797e-01	3.8203e-01	1.2401e-11	5.0864e-14	7.4208e-04	9.0751e-01	9.1740e-02	3.0385e-06	6.8866e-02	9.2662e-01	4.5150e-03	1.1755e-36	1.1755e-36	1.1755e-36	2.0147e-21	0.00e+00	0.00e+00	1.0616e+01
1.22958e+19	7.3017e+03	2.870e-21	2.7826e+01	2.6876e+01	1.2253e-11	6.4266e-02	9.3573e-01	6.8441e-01	3.1559e-01	9.7771e-12	6.6852e-14	7.4393e-04	9.1846e-01	8.0796e-02	2.1109e-06	7.7668e-02	9.1907e-01	3.2650e-03	1.1755e-36	1.1755e-36	1.1755e-36	2.8878e-21	0.00e+00	0.00e+00	1.1051e+01
1.23344e+19	7.2374e+03	2.827e-21	2.7826e+01	2.6473e+01	1.6862e-11	7.3251e-02	9.2675e-01	7.4780e-01	2.5220e-01	7.4835e-12	9.0131e-14	7.4536e-04	9.2845e-01	7.0807e-02	1.4244e-06	8.8626e-02	9.0908e-01	2.2985e-03	1.1755e-36	1.1755e-36	1.1755e-36	4.3178e-21	0.00e+00	0.00e+00	1.1547e+01
1.23724e+19	7.1688e+03	2.777e-21	2.7826e+01	2.6028e+01	2.3969e-11	8.4648e-02	9.1535e-01	8.0446e-01	1.9554e-01	5.5835e-12	1.2461e-13	7.4457e-04	9.3746e-01	6.1794e-02	9.3428e-07	1.0244e-01	8.9598e-01	1.5737e-03	1.1755e-36	1.1755e-36	1.1755e-36	6.7395e-21	0.00e+00	0.00e+00	1.2107e+01
1.24092e+19	7.0994e+03	2.717e-21	2.7826e+01	2.5524e+01	3.5018e-11	9.9020e-02	9.0098e-01	8.5111e-01	1.4889e-01	4.1174e-12	1.7588e-13	7.4087e-04	9.4546e-01	5.3795e-02	6.0052e-07	1.1974e-01	8.7920e-01	1.0564e-03	1.1755e-36	1.1755e-36	1.1755e-36	1.0933e-20	0.00e+00	0.00e+00	1.2731e+01
1.24440e+19	7.0266e+03	2.644e-21	2.7826e+01	2.4947e+01	5.2555e-11	1.1710e-01	8.8290e-01	8.8721e-01	1.1279e-01	3.0432e-12	2.5281e-13	7.3389e-04	9.5257e-01	4.6700e-02	3.8047e-07	1.4133e-01	8.5797e-01	7.0026e-04	1.1755e-36	1.1755e-36	1.1755e-36	1.8368e-20	0.00e+00	0.00e+00	1.3424e+01
1.24763e+19	6.9480e+03	2.553e-21	2.7826e+01	2.4269e+01	8.1073e-11	1.3972e-01	8.6028e-01	9.1398e-01	8.6025e-02	2.2846e-12	3.6946e-13	7.2281e-04	9.5888e-01	4.0402e-02	2.3892e-07	1.6806e-01	8.3148e-01	4.6104e-04	1.1755e-36	1.1755e-36	1.1755e-36	3.1901e-20	0.00e+00	0.00e+00	1.4186e+01
1.25058e+19	6.8651e+03	2.431e-21	2.7826e+01	2.3367e+01	1.2632e-10	1.6688e-01	8.3312e-01	9.3330e-01	6.6703e-02	1.7639e-12	5.3702e-13	7.0411e-04	9.6430e-01	3.4996e-02	1.5116e-07	1.9979e-01	7.9991e-01	3.0499e-04	1.1755e-36	1.1755e-36	1.1755e-36	5.5183e-20	0.00e+00	0.00e+00	1.5005e+01
1.25322e+19	6.7648e+03	2.294e-21	2.7826e+01	2.2415e+01	2.0150e-10	1.9991e-01	8.0009e-01	9.4696e-01	5.3043e-02	1.4106e-12	7.8657e-13	6.8274e-04	9.6917e-01	3.0150e-02	1.1755e-36	2.3783e-01	7.6197e-01	2.0263e-04	1.1755e-36	1.1755e-36	1.1755e-36	9.7203e-20	0.00e+00	0.00e+00	1.5878e+01
1.25551e+19	6.6490e+03	2.137e-21	2.7826e+01	2.1334e+01	3.2299e-10	2.3791e-01	7.6208e-01	9.5644e-01	4.3557e-02	1.1771e-12	1.1351e-12	6.5646e-04	9.7332e-01	2.6022e-02	1.1755e-36	2.8086e-01	7.1901e-01	1.3708e-04	1.1755e-36	1.1755e-36	1.1755e-36	1.6819e-19	0.00e+00	0.00e+00	1.6754e+01
1.25739e+19	6.5221e+03	1.975e-21	2.7826e+01	2.0216e+01	5.0585e-10	2.7800e-01	7.2200e-01	9.6281e-01	3.7194e-02	1.0292e-12	1.5772e-12	6.2786e-04	9.7668e-01	2.2696e-02	1.1755e-36	3.2542e-01	6.7448e-01	9.6494e-05	1.1755e-36	1.1755e-36	1.1755e-36	2.7595e-19	0.00e+00	0.00e+00	1.7562e+01
1.25881e+19	6.3973e+03	1.826e-21	2.7826e+01	1.9159e+01	7.4561e-10	3.1514e-01	6.8486e-01	9.6681e-01	3.3185e-02	9.4450e-13	2.0545e-12	5.9976e-04	9.7916e-01	2.0244e-02	1.1755e-36	3.6600e-01	6.3392e-01	7.2362e-05	1.1755e-36	1.1755e-36	1.1755e-36	4.1159e-19	0.00e+00	0.00e+00	1.8224e+01
1.25984e+19	6.2861e+03	1.704e-21	2.7826e+01	1.8289e+01	1.0179e-09	3.4617e-01	6.5383e-01	9.6936e-01	3.0643e-02	8.9494e-13	2.5069e-12	5.7619e-04	9.8092e-01	1.8500e-02	1.1755e-36	3.9937e-01	6.0057e-01	5.8013e-05	1.1755e-36	1.1755e-36	1.1755e-36	5.5717e-19	0.00e+00	0.00e+00	1.8752e+01
1.26064e+19	6.1833e+03	1.603e-21	2.7826e+01	1.7553e+01	1.3225e-09	3.7251e-01	6.2749e-01	9.7116e-01	2.8839e-02	8.6194e-13	2.9308e-12	5.5602e-04	9.8228e-01	1.7161e-02	1.1755e-36	4.2734e-01	5.7261e-01	4.8531e-05	1.1755e-36	1.1755e-36	1.1755e-36	7.0747e-19	0.00e+00	0.00e+00	1.9229e+01
1.26135e+19	6.0777e+03	1.507e-21	2.7826e+01	1.6845e+01	1.6992e-09	3.9774e-01	6.0226e-01	9.7267e-01	2.7326e-02	8.3598e-13	3.3717e-12	5.3646e-04	9.8348e-01	1.5981e-02	1.1755e-36	4.5382e-01	5.4614e-01	4.1156e-05	1.1755e-36	1.1755e-36	1.1755e-36	8.7761e-19	0.00e+00	0.00e+00	1.9715e+01
1.26203e+19	5.9636e+03	1.411e-21	2.7826e+01	1.6125e+01	2.1958e-09	4.2343e-01	5.7657e-01	9.7401e-01	2.5992e-02	8.1539e-13	3.8581e-12	5.1636e-04	9.8460e-01	1.4884e-02	1.1755e-36	4.8048e-01	5.1949e-01	3.5000e-05	1.1755e-36	1.1755e-36	1.1755e-36	1.0817e-18	0.00e+00	0.00e+00	2.0208e+01
1.26266e+19	5.8452e+03	1.320e-21	2.7826e+01	1.5417e+01	2.8322e-09	4.4866e-01	5.5134e-01	9.7512e-01	2.4878e-02	8.0115e-13	4.3752e-12	4.9646e-04	9.8560e-01	1.3901e-02	1.1755e-36	5.0636e-01	4.9361e-01	3.0003e-05	1.1755e-36	1.1755e-36	1.1755e-36	1.3183e-18	0.00e+00	0.00e+00	2.0676e+01
1.26322e+19	5.7259e+03	1.238e-21	2.7826e+01	1.4763e+01	3.6165e-09	4.7226e-01	5.2774e-01	9.7604e-01	2.3957e-02	7.9101e-13	4.9000e-12	4.7800e-04	9.8647e-01	1.3049e-02	1.1755e-36	5.3032e-01	4.6966e-01	2.6079e-05	1.1755e-36	1.1755e-36	1.1755e-36	1.5806e-18	0.00e+00	0.00e+00	2.1105e+01
1.26371e+19	5.6102e+03	1.164e-21	2.7826e+01	1.4157e+01	4.5531e-09	4.9396e-01	5.0604e-01	9.7680e-01	2.3201e-02	7.8487e-13	5.4202e-12	4.6080e-04	9.8723e-01	1.2312e-02	1.1755e-36	5.5213e-01	4.4785e-01	2.2968e-05	1.1755e-36	1.1755e-36	1.1755e-36	1.8644e-18	0.00e+00	0.00e+00	2.1510e+01
1.26416e+19	5.4936e+03	1.095e-21	2.7826e+01	1.3583e+01	5.7057e-09	5.1454e-01	4.8546e-01	9.7745e-01	2.2546e-02	7.8105e-13	5.9544e-12	4.4444e-04	9.8791e-01	1.1648e-02	1.1755e-36	5.7262e-01	4.2735e-01	2.0390e-05	1.1755e-36	1.1755e-36	1.1755e-36	2.1839e-18	0.00e+00	0.00e+00	2.1904e+01
1.26458e+19	5.3732e+03	1.030e-21	2.7826e+01	1.3027e+01	7.1616e-09	5.3447e-01	4.6553e-01	9.7804e-01	2.1957e-02	7.7886e-13	6.5183e-12	4.2859e-04	9.8853e-01	1.1038e-02	1.1755e-36	5.9229e-01	4.0769e-01	1.8192e-05	1.1755e-36	1.1755e-36	1.1755e-36	2.5563e-18	0.00e+00	0.00e+00	2.2292e+01
1.26492e+19	5.2751e+03	9.791e-22	2.7826e+01	1.2579e+01	8.6167e-09	5.5056e-01	4.4944e-01	9.7844e-01	2.1560e-02	7.8049e-13	7.0128e-12	4.1569e-04	9.8900e-01	1.0586e-02	1.1755e-36	6.0806e-01	3.9193e-01	1.6609e-05	1.1755e-36	1.1755e-36	1.1755e-36	2.9162e-18	0.00e+00	0.00e+00	2.2552e+01
1.26517e+19	5.1996e+03	9.428e-22	2.7826e+01	1.2253e+01	9.9047e-09	5.6218e-01	4.3782e-01	9.7873e-01	2.1273e-02	7.8165e-13	7.3985e-12	4.0635e-04	9.8933e-01	1.0261e-02	1.1755e-36	6.1937e-01	3.8061e-01	1.5551e-05	1.1755e-36	1.1755e-36	1.1755e-36	3.2209e-18	0.00e+00	0.00e+00	2.2763e+01
1.26539e+19	5.1221e+03	9.090e-22	2.7826e+01	1.1946e+01	1.1387e-08	5.7327e-01	4.2673e-01	9.7901e-01	2.0985e-02	7.8167e-13	7.7982e-12	3.9759e-04	9.8965e-01	9.9501e-03	1.1755e-36	6.3011e-01	3.6987e-01	1.4604e-05	1.1755e-36	1.1755e-36	1.1755e-36	3.5614e-18	0.00e+00	0.00e+00	2.2997e+01
1.26560e+19	5.0540e+03	8.787e-22	2.7826e+01	1.1668e+01	1.2891e-08	5.8328e-01	4.1672e-01	9.7924e-01	2.0755e-02	7.8338e-13	8.1824e-12	3.8959e-04	9.8993e-01	9.6849e-03	1.1755e-36	6.3978e-01	3.6020e-01	1.3797e-05	1.1755e-36	1.1755e-36	1.1755e-36	3.9117e-18	0.00e+00	0.00e+00	2.3181e+01
1.26576e+19	4.9920e+03	8.544e-22	2.7826e+01	1.1437e+01	1.4378e-08	5.9157e-01	4.0843e-01	9.7944e-01	2.0562e-02	7.8432e-13	8.5236e-12	3.8304e-04	9.9015e-01	9.4661e-03	1.1755e-36	6.4775e-01	3.5223e-01	1.3169e-05	1.1755e-36	1.1755e-36	1.1755e-36	4.2433e-18	0.00e+00	0.00e+00	2.3340e+01
1.26591e+19	4.9349e+03	8.320e-22	2.7826e+01	1.1218e+01	1.5867e-08	5.9896e-01	4.0104e-01	9.7959e-01	2.0405e-02	7.8664e-13	8.8085e-12	3.7676e-04	9.9036e-01	9.2644e-03	1.1755e-36	6.5484e-01	3.4515e-01	1.2626e-05	1.1755e-36	1.1755e-36	1.1755e-36	4.5250e-18	0.00e+00	0.00e+00	2.3496e+01
1.26607e+19	4.8795e+03	8.094e-22	2.7826e+01	1.1006e+01	1.7495e-08	6.0661e-01	3.9339e-01	9.7977e-01	2.0234e-02	7.8819e-13	9.1206e-12	3.7067e-04	9.9057e-01	9.0550e-03	1.1755e-36	6.6215e-01	3.3784e-01	1.2082e-05	1.1755e-36	1.1755e-36	1.1755e-36	4.8472e-18	0.00e+00	0.00e+00	2.3664e+01
1.26623e+19	4.8076e+03	7.858e-22	2.7826e+01	1.0779e+01	1.9746e-08	6.1527e-01	3.8473e-01	9.7998e-01	2.0021e-02	7.8764e-13	9.5031e-12	3.6433e-04	9.9082e-01	8.8200e-03	1.1755e-36	6.7039e-01	3.2960e-01	1.1512e-05	1.1755e-36	1.1755e-36	1.1755e-36	5.2675e-18	0.00e+00	0.00e+00	2.3847e+01
1.26639e+19	4.7451e+03	7.630e-22	2.7826e+01	1.0553e+01	2.1960e-08	6.2318e-01	3.7682e-01	9.8014e-01	1.9864e-02	7.9041e-13	9.8519e-12	3.5787e-04	9.9103e-01	8.6143e-03	1.1755e-36	6.7790e-01	3.2209e-01	1.1001e-05	1.1755e-36	1.1755e-36	1.1755e-36	5.6730e-18	0.00e+00	0.00e+00	2.4010e+01
1.26654e+19	4.6819e+03	7.419e-22	2.7826e+01	1.0343e+01	2.4399e-08	6.3078e-01	3.6922e-01	9.8030e-01	1.9702e-02	7.9194e-13	1.0208e-11	3.5195e-04	9.9123e-01	8.4158e-03	1.1755e-36	6.8509e-01	3.1490e-01	1.0534e-05	1.1755e-36	1.1755e-36	1.1755e-36	6.1113e-18	0.00e+00	0.00e+00	2.4174e+01
1.26668e+19	4.6173e+03	7.211e-22	2.7826e+01	1.0133e+01	2.7124e-08	6.3836e-01	3.6164e-01	9.8046e-01	1.9545e-02	7.9376e-13	1.0576e-11	3.4602e-04	9.9143e-01	8.2206e-03	1.1755e-36	6.9224e-01	3.0775e-01	1.0087e-05	1.1755e-36	1.1755e-36	1.1755e-36	6.5898e-18	0.00e+00	0.00e+00	2.4340e+01
1.26683e+19	4.5470e+03	7.007e-22	2.7826e+01	9.9194e+00	3.0325e-08	6.4602e-01	3.5398e-01	9.8062e-01	1.9384e-02	7.9523e-13	1.0966e-11	3.4008e-04	9.9163e-01	8.0254e-03	1.1755e-36	6.9945e-01	3.0054e-01	9.6572e-06	1.1755e-36	1.1755e-36	1.1755e-36	7.1287e-18	0.00e+00	0.00e+00	2.4507e+01
1.26697e+19	4.4812e+03	6.810e-22	2.7826e+01	9.7148e+00	3.3626e-08	6.5336e-01	3.4664e-01	9.8076e-01	1.9238e-02	7.9738e-13	1.1348e-11	3.3435e-04	9.9182e-01	7.8418e-03	1.1755e-36	7.0633e-01	2.9367e-01	9.2574e-06	1.1755e-36	1.1755e-36	1.1755e-36	7.6842e-18	0.00e+00	0.00e+00	2.4666e+01
1.26712e+19	4.4140e+03	6.618e-22	2.7826e+01	9.5134e+00	3.7259e-08	6.6064e-01	3.3936e-01	9.8091e-01	1.9092e-02	7.9929e-13	1.1741e-11	3.2876e-04	9.9201e-01	7.6604e-03	1.1755e-36	7.1313e-01	2.8686e-01	8.8755e-06	1.1755e-36	1.1755e-36	1.1755e-36	8.2846e-18	0.00e+00	0.00e+00	2.4831e+01
1.26726e+19	4.3445e+03	6.423e-22	2.7826e+01	9.3024e+00	4.1279e-08	6.6794e-01	3.3206e-01	9.8105e-01	1.8955e-02	8.0230e-13	1.2135e-11	3.2287e-04	9.9220e-01	7.4812e-03	1.1755e-36	7.1994e-01	2.8005e-01	8.5043e-06	1.1755e-36	1.1755e-36	1.1755e-36	8.9222e-18	0.00e+00	0.00e+00	2.5002e+01
1.26741e+19	4.2751e+03	6.226e-22	2.7826e+01	9.0894e+00	4.5585e-08	6.7537e-01	3.2463e-01	9.8118e-01	1.8821e-02	8.0587e-13	1.2538e-11	3.1691e-04	9.9238e-01	7.3011e-03	1.1755e-36	7.2684e-01	2.7315e-01	8.1373e-06	1.1755e-36	1.1755e-36	1.1755e-36	9.6029e-18	0.00e+00	0.00e+00	2.5179e+01
1.26756e+19	4.1917e+03	6.025e-22	2.7826e+01	8.8662e+00	5.0973e-08	6.8347e-01	3.1653e-01	9.8134e-01	1.8657e-02	8.0759e-13	1.2994e-11	3.1089e-04	9.9258e-01	7.1057e-03	1.1755e-36	7.3435e-01	2.6564e-01	7.7624e-06	1.1755e-36	1.1755e-36	1.1755e-36	1.0412e-17	0.00e+00	0.00e+00	2.5369e+01
1.26771e+19	4.1180e+03	5.826e-22	2.7826e+01	8.6477e+00	5.6028e-08	6.9114e-01	3.0886e-01	9.8147e-01	1.8525e-02	8.1179e-13	1.3404e-11	3.0484e-04	9.9277e-01	6.9253e-03	1.1755e-36	7.4143e-01	2.5856e-01	7.4108e-06	1.1755e-36	1.1755e-36	1.1755e-36	1.1166e-17	0.00e+00	0.00e+00	2.5551e+01
1.26787e+19	4.0300e+03	5.627e-22	2.7826e+01	8.4250e+00	6.2162e-08	6.9954e-01	3.0046e-01	9.8165e-01	1.8351e-02	8.1291e-13	1.3860e-11	2.9897e-04	9.9297e-01	6.7267e-03	1.1755e-36	7.4916e-01	2.5083e-01	7.0506e-06	1.1755e-36	1.1755e-36	1.1755e-36	1.2032e-17	0.00e+00	0.00e+00	2.5755e+01
1.26804e+19	3.9413e+03	5.418e-22	2.7826e+01	8.1864e+00	6.8338e-08	7.0800e-01	2.9200e-01	9.8180e-01	1.8200e-02	8.1678e-13	1.4269e-11	2.9257e-04	9.9318e-01	6.5319e-03	1.1755e-36	7.5693e-01	2.4307e-01	6.6962e-06	1.1755e-36	1.1755e-36	1.1755e-36	1.2830e-17	0.00e+00	0.00e+00	2.5964e+01
###########################
1.99913e+14	6.6543e+03	2.715e-21	2.7826e+01	3.0225e+01	7.4562e-15	1.3460e-03	9.9865e-01	5.6250e-03	9.8325e-01	1.1125e-02	7.0605e-19	3.6432e-05	9.5311e-02	9.0074e-01	3.9114e-03	2.5626e-04	2.2495e-01	7.7104e-01	3.7534e-03	1.1755e-36	1.1755e-36	6.3956e-27	0.00e+00	0.00e+00	9.4533e-05
1.19948e+15	6.6527e+03	2.715e-21	2.7826e+01	3.0223e+01	7.4771e-15	1.3458e-03	9.9865e-01	5.6253e-03	9.8326e-01	1.1116e-02	7.0676e-19	3.6272e-05	9.5326e-02	9.0072e-01	3.9172e-03	2.5610e-04	2.2483e-01	7.7118e-01	3.7406e-03	1.1755e-36	1.1755e-36	6.4109e-27	0.00e+00	0.00e+00	4.7263e-04
5.19774e+15	6.6494e+03	2.714e-21	2.7826e+01	3.0223e+01	7.4879e-15	1.3456e-03	9.9865e-01	5.6272e-03	9.8333e-01	1.1047e-02	7.0575e-19	3.6279e-05	9.5372e-02	9.0068e-01	3.9075e-03	2.5593e-04	2.2470e-01	7.7135e-01	3.6875e-03	1.1755e-36	1.1755e-36	6.3909e-27	0.00e+00	0.00e+00	1.9847e-03
2.11908e+16	6.6388e+03	2.710e-21	2.7826e+01	3.0222e+01	7.5541e-15	1.3457e-03	9.9865e-01	5.6378e-03	9.8368e-01	1.0680e-02	7.0699e-19	3.6361e-05	9.5533e-02	9.0056e-01	3.8719e-03	2.5606e-04	2.2467e-01	7.7159e-01	3.4810e-03	1.1755e-36	1.1755e-36	6.3882e-27	0.00e+00	0.00e+00	8.0337e-03
5.06180e+16	6.6122e+03	2.693e-21	2.7826e+01	3.0221e+01	7.6104e-15	1.3380e-03	9.9866e-01	5.6409e-03	9.8389e-01	1.0464e-02	6.9560e-19	3.6272e-05	9.5605e-02	9.0052e-01	3.8411e-03	2.5413e-04	2.2403e-01	7.7251e-01	3.2048e-03	1.1755e-36	1.1755e-36	6.2186e-27	0.00e+00	0.00e+00	1.5852e-02
8.88733e+16	6.5800e+03	2.677e-21	2.7826e+01	3.0220e+01	7.6925e-15	1.3315e-03	9.9867e-01	5.6523e-03	9.8448e-01	9.8724e-03	6.8554e-19	3.6248e-05	9.5773e-02	9.0041e-01	3.7812e-03	2.5296e-04	2.2381e-01	7.7307e-01	2.8669e-03	1.1755e-36	1.1755e-36	6.0427e-27	0.00e+00	0.00e+00	2.5967e-02
1.38605e+17	6.5441e+03	2.658e-21	2.7826e+01	3.0218e+01	7.8214e-15	1.3253e-03	9.9867e-01	5.6703e-03	9.8540e-01	8.9256e-03	6.7905e-19	3.6265e-05	9.6018e-02	9.0025e-01	3.6949e-03	2.5239e-04	2.2399e-01	7.7329e-01	2.4709e-03	1.1755e-36	1.1755e-36	5.9100e-27	0.00e+00	0.00e+00	3.9055e-02
2.03257e+17	6.5034e+03	2.637e-21	2.7826e+01	3.0216e+01	7.9739e-15	1.3195e-03	9.9868e-01	5.6964e-03	9.8666e-01	7.6397e-03	6.7387e-19	3.6332e-05	9.6369e-02	9.0001e-01	3.5821e-03	2.5270e-04	2.2476e-01	7.7296e-01	2.0281e-03	1.1755e-36	1.1755e-36	5.7716e-27	0.00e+00	0.00e+00	5.5995e-02
2.87304e+17	6.4571e+03	2.612e-21	2.7826e+01	3.0212e+01	8.1611e-15	1.3144e-03	9.9869e-01	5.7327e-03	9.8818e-01	6.0887e-03	6.7110e-19	3.6466e-05	9.6863e-02	8.9965e-01	3.4460e-03	2.5422e-04	2.2634e-01	7.7184e-01	1.5617e-03	1.1755e-36	1.1755e-36	5.6354e-27	0.00e+00	0.00e+00	7.7932e-02
3.96565e+17	6.4048e+03	2.584e-21	2.7826e+01	3.0208e+01	8.4193e-15	1.3106e-03	9.9869e-01	5.7810e-03	9.8979e-01	4.4265e-03	6.7367e-19	3.6684e-05	9.7545e-02	8.9912e-01	3.2945e-03	2.5728e-04	2.2889e-01	7.6975e-01	1.1074e-03	1.1755e-36	1.1755e-36	5.5404e-27	0.00e+00	0.00e+00	1.0637e-01
5.38604e+17	6.3460e+03	2.552e-21	2.7826e+01	3.0204e+01	8.7566e-15	1.3089e-03	9.9869e-01	5.8446e-03	9.9129e-01	2.8653e-03	6.8194e-19	3.7032e-05	9.8480e-02	8.9834e-01	3.1382e-03	2.6220e-04	2.3249e-01	7.6654e-01	7.0704e-04	1.1755e-36	1.1755e-36	5.4774e-27	0.00e+00	0.00e+00	1.4328e-01
7.23256e+17	6.2809e+03	2.518e-21	2.7826e+01	3.0200e+01	9.1808e-15	1.3105e-03	9.9869e-01	5.9278e-03	9.9247e-01	1.6069e-03	6.9589e-19	3.7560e-05	9.9749e-02	8.9723e-01	2.9868e-03	2.6930e-04	2.3712e-01	7.6221e-01	3.9584e-04	1.1755e-36	1.1755e-36	5.4314e-27	0.00e+00	0.00e+00	1.9133e-01
9.63302e+17	6.2104e+03	2.482e-21	2.7826e+01	3.0198e+01	9.7321e-15	1.3173e-03	9.9868e-01	6.0378e-03	9.9320e-01	7.5754e-04	7.1872e-19	3.8349e-05	1.0147e-01	8.9565e-01	2.8437e-03	2.7914e-04	2.4279e-01	7.5674e-01	1.8859e-04	1.1755e-36	1.1755e-36	5.4305e-27	0.00e+00	0.00e+00	2.5413e-01
1.27536e+18	6.1371e+03	2.444e-21	2.7826e+01	3.0196e+01	1.0453e-14	1.3321e-03	9.9867e-01	6.1870e-03	9.9352e-01	2.9084e-04	7.5545e-19	3.9524e-05	1.0382e-01	8.9344e-01	2.7038e-03	2.9286e-04	2.4971e-01	7.4992e-01	7.4048e-05	1.1755e-36	1.1755e-36	5.5089e-27	0.00e+00	0.00e+00	3.3667e-01
1.68104e+18	6.0657e+03	2.406e-21	2.7826e+01	3.0194e+01	1.1415e-14	1.3593e-03	9.9864e-01	6.3949e-03	9.9352e-01	8.8280e-05	8.1696e-19	4.1280e-05	1.0707e-01	8.9033e-01	2.5565e-03	3.1258e-04	2.5845e-01	7.4121e-01	2.3262e-05	1.1755e-36	1.1755e-36	5.7516e-27	0.00e+00	0.00e+00	4.4617e-01
2.20842e+18	6.0047e+03	2.370e-21	2.7826e+01	3.0192e+01	1.2643e-14	1.4057e-03	9.9859e-01	6.6929e-03	9.9329e-01	2.0838e-05	9.1798e-19	4.3900e-05	1.1164e-01	8.8593e-01	2.3903e-03	3.4198e-04	2.6989e-01	7.2976e-01	5.7449e-06	1.1755e-36	1.1755e-36	6.2327e-27	0.00e+00	0.00e+00	5.9339e-01
2.89402e+18	5.9617e+03	2.338e-21	2.7826e+01	3.0187e+01	1.4386e-14	1.4847e-03	9.9852e-01	7.1365e-03	9.9286e-01	3.8795e-06	1.1042e-18	4.8092e-05	1.1831e-01	8.7944e-01	2.1932e-03	3.8859e-04	2.8578e-01	7.1383e-01	1.1234e-06	1.1755e-36	1.1755e-36	7.2855e-27	0.00e+00	0.00e+00	7.9552e-01
3.78530e+18	5.9743e+03	2.311e-21	2.7826e+01	3.0182e+01	1.6493e-14	1.6158e-03	9.9838e-01	7.8184e-03	9.9218e-01	6.0460e-07	1.4596e-18	5.4747e-05	1.2821e-01	8.6977e-01	1.9624e-03	4.6529e-04	3.0813e-01	6.9140e-01	1.8024e-07	1.1755e-36	1.1755e-36	9.4930e-27	0.00e+00	0.00e+00	1.0815e+00
4.70564e+18	6.0235e+03	2.297e-21	2.7826e+01	3.0175e+01	1.8598e-14	1.7794e-03	9.9822e-01	8.6252e-03	9.9137e-01	1.1449e-07	1.9613e-18	6.2847e-05	1.3958e-01	8.5861e-01	1.7487e-03	5.6491e-04	3.3310e-01	6.6633e-01	1.1755e-36	1.1755e-36	1.1755e-36	1.2695e-26	0.00e+00	0.00e+00	1.3419e+00
5.44980e+18	6.1163e+03	2.300e-21	2.7826e+01	3.0168e+01	2.0457e-14	1.9571e-03	9.9804e-01	9.4561e-03	9.9054e-01	3.6783e-08	2.6476e-18	7.1345e-05	1.5083e-01	8.4751e-01	1.5852e-03	6.7615e-04	3.5671e-01	6.4261e-01	1.1755e-36	1.1755e-36	1.1755e-36	1.7532e-26	0.00e+00	0.00e+00	1.5672e+00
6.06627e+18	6.2236e+03	2.313e-21	2.7826e+01	3.0160e+01	2.2372e-14	2.1471e-03	9.9785e-01	1.0332e-02	9.8967e-01	1.5830e-08	3.5799e-18	8.0324e-05	1.6225e-01	8.3622e-01	1.4498e-03	8.0123e-04	3.7986e-01	6.1934e-01	1.1755e-36	1.1755e-36	1.1755e-36	2.4520e-26	0.00e+00	0.00e+00	1.7851e+00
6.63525e+18	6.3418e+03	2.331e-21	2.7826e+01	3.0151e+01	2.4650e-14	2.3658e-03	9.9763e-01	1.1341e-02	9.8866e-01	7.6855e-09	4.9426e-18	9.0586e-05	1.7494e-01	8.2364e-01	1.3229e-03	9.5424e-04	4.0486e-01	5.9418e-01	1.1755e-36	1.1755e-36	1.1755e-36	3.5263e-26	0.00e+00	0.00e+00	2.0179e+00
7.17457e+18	6.4706e+03	2.354e-21	2.7826e+01	3.0140e+01	2.7420e-14	2.6214e-03	9.9738e-01	1.2523e-02	9.8748e-01	4.0569e-09	6.9715e-18	1.0244e-04	1.8924e-01	8.0945e-01	1.2016e-03	1.1449e-03	4.3232e-01	5.6654e-01	1.1755e-36	1.1755e-36	1.1755e-36	5.2155e-26	0.00e+00	0.00e+00	2.2566e+00
7.66018e+18	6.6013e+03	2.381e-21	2.7826e+01	3.0128e+01	3.0650e-14	2.9058e-03	9.9709e-01	1.3848e-02	9.8615e-01	2.3631e-09	9.8577e-18	1.1543e-04	2.0459e-01	7.9420e-01	1.0904e-03	1.3715e-03	4.6099e-01	5.3764e-01	1.1755e-36	1.1755e-36	1.1755e-36	7.7500e-26	0.00e+00	0.00e+00	2.4878e+00
8.08418e+18	6.7257e+03	2.409e-21	2.7826e+01	3.0116e+01	3.4333e-14	3.2112e-03	9.9679e-01	1.5290e-02	9.8471e-01	1.5076e-09	1.3796e-17	1.2915e-04	2.2055e-01	7.7833e-01	9.9040e-04	1.6306e-03	4.8987e-01	5.0850e-01	1.1755e-36	1.1755e-36	1.1755e-36	1.1376e-25	0.00e+00	0.00e+00	2.7107e+00
8.46072e+18	6.8429e+03	2.439e-21	2.7826e+01	3.0102e+01	3.8677e-14	3.5413e-03	9.9646e-01	1.6877e-02	9.8312e-01	1.0252e-09	1.9202e-17	1.4374e-04	2.3730e-01	7.6166e-01	8.9848e-04	1.9280e-03	5.1911e-01	4.7897e-01	1.1755e-36	1.1755e-36	1.1755e-36	1.6598e-25	0.00e+00	0.00e+00	2.9334e+00
8.80627e+18	6.9555e+03	2.469e-21	2.7826e+01	3.0087e+01	4.3927e-14	3.9080e-03	9.9609e-01	1.8679e-02	9.8132e-01	7.2747e-10	2.6785e-17	1.5963e-04	2.5534e-01	7.4368e-01	8.1142e-04	2.2770e-03	5.4930e-01	4.4842e-01	1.1755e-36	1.1755e-36	1.1755e-36	2.4278e-25	0.00e+00	0.00e+00	3.1621e+00
9.12773e+18	7.0642e+03	2.501e-21	2.7826e+01	3.0070e+01	5.0314e-14	4.3208e-03	9.9568e-01	2.0755e-02	9.7924e-01	5.3334e-10	3.7512e-17	1.7707e-04	2.7498e-01	7.2412e-01	7.2821e-04	2.6907e-03	5.8063e-01	4.1668e-01	1.1755e-36	1.1755e-36	1.1755e-36	3.5642e-25	0.00e+00	0.00e+00	3.3972e+00
9.42486e+18	7.1594e+03	2.536e-21	2.7826e+01	3.0050e+01	5.8551e-14	4.7879e-03	9.9521e-01	2.3160e-02	9.7684e-01	4.0280e-10	5.2769e-17	1.9620e-04	2.9631e-01	7.0284e-01	6.4870e-04	3.1803e-03	6.1275e-01	3.8407e-01	1.1755e-36	1.1755e-36	1.1755e-36	5.2546e-25	0.00e+00	0.00e+00	3.6365e+00
9.69735e+18	7.2555e+03	2.569e-21	2.7826e+01	3.0028e+01	6.8097e-14	5.3042e-03	9.9470e-01	2.5905e-02	9.7409e-01	3.1333e-10	7.3913e-17	2.1669e-04	3.1901e-01	6.8020e-01	5.7485e-04	3.7466e-03	6.4487e-01	3.5138e-01	1.1755e-36	1.1755e-36	1.1755e-36	7.7083e-25	0.00e+00	0.00e+00	3.8793e+00
9.94756e+18	7.3519e+03	2.601e-21	2.7826e+01	3.0004e+01	7.9309e-14	5.8746e-03	9.9413e-01	2.9047e-02	9.7095e-01	2.4989e-10	1.0318e-16	2.3853e-04	3.4306e-01	6.5619e-01	5.0642e-04	4.3975e-03	6.7662e-01	3.1899e-01	1.1755e-36	1.1755e-36	1.1755e-36	1.1280e-24	0.00e+00	0.00e+00	4.1269e+00
1.01791e+19	7.4346e+03	2.634e-21	2.7826e+01	2.9981e+01	9.3684e-14	6.5199e-03	9.9348e-01	3.2749e-02	9.6725e-01	2.0319e-10	1.4436e-16	2.6229e-04	3.6895e-01	6.3034e-01	4.4189e-04	5.1567e-03	7.0802e-01	2.8682e-01	1.1755e-36	1.1755e-36	1.1755e-36	1.6551e-24	0.00e+00	0.00e+00	4.3825e+00
1.03949e+19	7.5101e+03	2.669e-21	2.7826e+01	2.9956e+01	1.1174e-13	7.2514e-03	9.9275e-01	3.7137e-02	9.6286e-01	1.6785e-10	2.0237e-16	2.8765e-04	3.9669e-01	6.0264e-01	3.8158e-04	6.0412e-03	7.3882e-01	2.5514e-01	1.1755e-36	1.1755e-36	1.1755e-36	2.4363e-24	0.00e+00	0.00e+00	4.6479e+00
1.05961e+19	7.5638e+03	2.706e-21	2.7826e+01	2.9910e+01	1.3602e-13	8.0963e-03	9.9190e-01	4.2343e-02	9.5766e-01	1.4016e-10	2.8481e-16	3.1555e-04	4.2683e-01	5.7253e-01	3.2500e-04	7.0830e-03	7.6871e-01	2.2421e-01	1.1755e-36	1.1755e-36	1.1755e-36	3.5950e-24	0.00e+00	0.00e+00	4.9241e+00
1.07835e+19	7.6225e+03	2.740e-21	2.7826e+01	2.9869e+01	1.6580e-13	9.0543e-03	9.9095e-01	4.8607e-02	9.5139e-01	1.1874e-10	4.0104e-16	3.4514e-04	4.5871e-01	5.4067e-01	2.7354e-04	8.2882e-03	7.9710e-01	1.9461e-01	1.1755e-36	1.1755e-36	1.1755e-36	5.3290e-24	0.00e+00	0.00e+00	5.2114e+00
1.09577e+19	7.6675e+03	2.775e-21	2.7826e+01	2.9825e+01	2.0526e-13	1.0159e-02	9.8984e-01	5.6256e-02	9.4374e-01	1.0167e-10	5.6665e-16	3.7687e-04	4.9261e-01	5.0679e-01	2.2667e-04	9.6954e-03	8.2369e-01	1.6662e-01	1.1755e-36	1.1755e-36	1.1755e-36	7.9478e-24	0.00e+00	0.00e+00	5.5109e+00
1.11200e+19	7.7042e+03	2.810e-21	2.7826e+01	2.9768e+01	2.5706e-13	1.1437e-02	9.8856e-01	6.5640e-02	9.3436e-01	8.7791e-11	8.0260e-16	4.1038e-04	5.2843e-01	4.7098e-01	1.8460e-04	1.1337e-02	8.4816e-01	1.4051e-01	1.1755e-36	1.1755e-36	1.1755e-36	1.1915e-23	0.00e+00	0.00e+00	5.8259e+00
1.12720e+19	7.7284e+03	2.845e-21	2.7826e+01	2.9700e+01	3.2752e-13	1.2938e-02	9.8706e-01	7.7409e-02	9.2259e-01	7.6216e-11	1.1439e-15	4.4593e-04	5.6628e-01	4.3312e-01	1.4711e-04	1.3275e-02	8.7035e-01	1.1637e-01	1.1755e-36	1.1755e-36	1.1755e-36	1.8046e-23	0.00e+00	0.00e+00	6.1608e+00
1.14036e+19	7.7424e+03	2.877e-21	2.7826e+01	2.9623e+01	4.1594e-13	1.4573e-02	9.8543e-01	9.1107e-02	9.0889e-01	6.7339e-11	1.5971e-15	4.8025e-04	6.0279e-01	3.9661e-01	1.1682e-04	1.5391e-02	8.8863e-01	9.5975e-02	1.1755e-36	1.1755e-36	1.1755e-36	2.6784e-23	0.00e+00	0.00e+00	6.4573e+00
1.15116e+19	7.7463e+03	2.904e-21	2.7826e+01	2.9540e+01	5.1926e-13	1.6234e-02	9.8377e-01	1.0605e-01	8.9395e-01	6.0420e-11	2.1493e-15	5.1126e-04	6.3582e-01	3.6357e-01	9.3535e-05	1.7540e-02	9.0265e-01	7.9808e-02	1.1755e-36	1.1755e-36	1.1755e-36	3.8161e-23	0.00e+00	0.00e+00	6.7433e+00
1.16076e+19	7.7424e+03	2.927e-21	2.7826e+01	2.9450e+01	6.4688e-13	1.8026e-02	9.8197e-01	1.2331e-01	8.7669e-01	5.4516e-11	2.8528e-15	5.4083e-04	6.6736e-01	3.3203e-01	7.4511e-05	1.9853e-02	9.1400e-01	6.6148e-02	1.1755e-36	1.1755e-36	1.1755e-36	5.3638e-23	0.00e+00	0.00e+00	7.0337e+00
1.16960e+19	7.7317e+03	2.948e-21	2.7826e+01	2.9347e+01	8.1023e-13	2.0027e-02	9.7997e-01	1.4396e-01	8.5604e-01	4.9232e-11	3.7748e-15	5.6968e-04	6.9823e-01	3.0115e-01	5.8584e-05	2.2430e-02	9.2329e-01	5.4276e-02	1.1755e-36	1.1755e-36	1.1755e-36	7.5340e-23	0.00e+00	0.00e+00	7.3334e+00
1.17775e+19	7.7161e+03	2.965e-21	2.7826e+01	2.9228e+01	1.0193e-12	2.2264e-02	9.7774e-01	1.6870e-01	8.3130e-01	4.4441e-11	4.9802e-15	5.9739e-04	7.2812e-01	2.7124e-01	4.5445e-05	2.5302e-02	9.3064e-01	4.4054e-02	1.1755e-36	1.1755e-36	1.1755e-36	1.0576e-22	0.00e+00	0.00e+00	7.6375e+00
1.18512e+19	7.6935e+03	2.979e-21	2.7826e+01	2.9093e+01	1.2855e-12	2.4729e-02	9.7527e-01	1.9783e-01	8.0217e-01	4.0073e-11	6.5272e-15	6.2318e-04	7.5626e-01	2.4309e-01	3.4916e-05	2.8452e-02	9.3607e-01	3.5479e-02	1.1755e-36	1.1755e-36	1.1755e-36	1.4767e-22	0.00e+00	0.00e+00	7.9405e+00
1.19175e+19	7.6657e+03	2.988e-21	2.7826e+01	2.8940e+01	1.6197e-12	2.7409e-02	9.7259e-01	2.3136e-01	7.6864e-01	3.5959e-11	8.4756e-15	6.4642e-04	7.8215e-01	2.1717e-01	2.6657e-05	3.1863e-02	9.3972e-01	2.8418e-02	1.1755e-36	1.1755e-36	1.1755e-36	2.0429e-22	0.00e+00	0.00e+00	8.2424e+00
1.19775e+19	7.6348e+03	2.993e-21	2.7826e+01	2.8769e+01	2.0393e-12	3.0332e-02	9.6967e-01	2.7007e-01	7.2993e-01	3.2156e-11	1.0933e-14	6.6720e-04	8.0586e-01	1.9345e-01	2.0208e-05	3.5567e-02	9.4182e-01	2.2613e-02	1.1755e-36	1.1755e-36	1.1755e-36	2.8096e-22	0.00e+00	0.00e+00	8.5478e+00
1.20326e+19	7.5962e+03	2.997e-21	2.7826e+01	2.8610e+01	2.5876e-12	3.3612e-02	9.6639e-01	3.1521e-01	6.8479e-01	2.8544e-11	1.4124e-14	6.8660e-04	8.2780e-01	1.7150e-01	1.5125e-05	3.9701e-02	9.4250e-01	1.7800e-02	1.1755e-36	1.1755e-36	1.1755e-36	3.8818e-22	0.00e+00	0.00e+00	8.8609e+00
1.20834e+19	7.5580e+03	2.992e-21	2.7826e+01	2.8407e+01	3.2799e-12	3.7214e-02	9.6279e-01	3.6610e-01	6.3390e-01	2.5057e-11	1.8156e-14	7.0283e-04	8.4752e-01	1.5177e-01	1.1233e-05	4.4223e-02	9.4189e-01	1.3882e-02	1.1755e-36	1.1755e-36	1.1755e-36	5.3378e-22	0.00e+00	0.00e+00	9.1783e+00
1.21303e+19	7.5153e+03	2.981e-21	2.7826e+01	2.8174e+01	4.1732e-12	4.1208e-02	9.5879e-01	4.2244e-01	5.7756e-01	2.1688e-11	2.3289e-14	7.1627e-04	8.6511e-01	1.3417e-01	8.2742e-06	4.9214e-02	9.4006e-01	1.0726e-02	1.1755e-36	1.1755e-36	1.1755e-36	7.3297e-22	0.00e+00	0.00e+00	9.5056e+00
1.21743e+19	7.4676e+03	2.964e-21	2.7826e+01	2.7912e+01	5.3570e-12	4.5730e-02	9.5427e-01	4.8406e-01	5.1594e-01	1.8429e-11	2.9974e-14	7.2725e-04	8.8086e-01	1.1841e-01	6.0206e-06	5.4838e-02	9.3698e-01	8.1784e-03	1.1755e-36	1.1755e-36	1.1755e-36	1.0131e-21	0.00e+00	0.00e+00	9.8503e+00
1.22163e+19	7.4152e+03	2.941e-21	2.7826e+01	2.7619e+01	6.9612e-12	5.0952e-02	9.4905e-01	5.4997e-01	4.5003e-01	1.5312e-11	3.8845e-14	7.3581e-04	8.9496e-01	1.0430e-01	4.3141e-06	6.1303e-02	9.3256e-01	6.1333e-03	1.1755e-36	1.1755e-36	1.1755e-36	1.4163e-21	0.00e+00	0.00e+00	1.0218e+01
1.22567e+19	7.3586e+03	2.912e-21	2.7826e+01	2.7296e+01	9.1843e-12	5.7090e-02	9.4291e-01	6.1798e-01	3.8202e-01	1.2401e-11	5.0845e-14	7.4208e-04	9.0751e-01	9.1740e-02	3.0385e-06	6.8866e-02	9.2662e-01	4.5149e-03	1.1755e-36	1.1755e-36	1.1755e-36	2.0132e-21	0.00e+00	0.00e+00	1.0616e+01
1.22958e+19	7.3017e+03	2.870e-21	2.7826e+01	2.6876e+01	1.2250e-11	6.4266e-02	9.3573e-01	6.8441e-01	3.1559e-01	9.7770e-12	6.6834e-14	7.4393e-04	9.1846e-01	8.0796e-02	2.1109e-06	7.7668e-02	9.1907e-01	3.2650e-03	1.1755e-36	1.1755e-36	1.1755e-36	2.8863e-21	0.00e+00	0.00e+00	1.1051e+01
1.23344e+19	7.2375e+03	2.827e-21	2.7826e+01	2.6473e+01	1.6859e-11	7.3251e-02	9.2675e-01	7.4780e-01	2.5220e-01	7.4834e-12	9.0121e-14	7.4536e-04	9.2845e-01	7.0807e-02	1.4244e-06	8.8625e-02	9.0908e-01	2.2985e-03	1.1755e-36	1.1755e-36	1.1755e-36	4.3168e-21	0.00e+00	0.00e+00	1.1547e+01
1.23725e+19	7.1688e+03	2.777e-21	2.7826e+01	2.6028e+01	2.3970e-11	8.4648e-02	9.1535e-01	8.0446e-01	1.9554e-01	5.5834e-12	1.2462e-13	7.4456e-04	9.3746e-01	6.1794e-02	9.3428e-07	1.0244e-01	8.9598e-01	1.5737e-03	1.1755e-36	1.1755e-36	1.1755e-36	6.7404e-21	0.00e+00	0.00e+00	1.2107e+01
1.24092e+19	7.0994e+03	2.717e-21	2.7826e+01	2.5524e+01	3.5022e-11	9.9020e-02	9.0098e-01	8.5111e-01	1.4889e-01	4.1173e-12	1.7591e-13	7.4086e-04	9.4546e-01	5.3795e-02	6.0052e-07	1.1974e-01	8.7920e-01	1.0564e-03	1.1755e-36	1.1755e-36	1.1755e-36	1.0936e-20	0.00e+00	0.00e+00	1.2731e+01
1.24440e+19	7.0266e+03	2.644e-21	2.7826e+01	2.4947e+01	5.2567e-11	1.1710e-01	8.8290e-01	8.8721e-01	1.1279e-01	3.0432e-12	2.5287e-13	7.3387e-04	9.5257e-01	4.6700e-02	3.8046e-07	1.4133e-01	8.5797e-01	7.0026e-04	1.1755e-36	1.1755e-36	1.1755e-36	1.8377e-20	0.00e+00	0.00e+00	1.3424e+01
1.24763e+19	6.9480e+03	2.553e-21	2.7826e+01	2.4269e+01	8.1085e-11	1.3972e-01	8.6028e-01	9.1398e-01	8.6024e-02	2.2845e-12	3.6953e-13	7.2280e-04	9.5888e-01	4.0402e-02	2.3892e-07	1.6806e-01	8.3148e-01	4.6104e-04	1.1755e-36	1.1755e-36	1.1755e-36	3.1912e-20	0.00e+00	0.00e+00	1.4186e+01
1.25058e+19	6.8651e+03	2.431e-21	2.7826e+01	2.3367e+01	1.2633e-10	1.6688e-01	8.3312e-01	9.3330e-01	6.6702e-02	1.7639e-12	5.3709e-13	7.0409e-04	9.6430e-01	3.4996e-02	1.5116e-07	1.9979e-01	7.9991e-01	3.0499e-04	1.1755e-36	1.1755e-36	1.1755e-36	5.5197e-20	0.00e+00	0.00e+00	1.5005e+01
1.25322e+19	6.7649e+03	2.294e-21	2.7826e+01	2.2415e+01	2.0151e-10	1.9991e-01	8.0009e-01	9.4696e-01	5.3042e-02	1.4105e-12	7.8664e-13	6.8272e-04	9.6917e-01	3.0150e-02	1.1755e-36	2.3782e-01	7.6197e-01	2.0262e-04	1.1755e-36	1.1755e-36	1.1755e-36	9.7221e-20	0.00e+00	0.00e+00	1.5878e+01
1.25551e+19	6.6490e+03	2.137e-21	2.7826e+01	2.1334e+01	3.2300e-10	2.3791e-01	7.6209e-01	9.5644e-01	4.3557e-02	1.1770e-12	1.1352e-12	6.5644e-04	9.7332e-01	2.6022e-02	1.1755e-36	2.8086e-01	7.1901e-01	1.3708e-04	1.1755e-36	1.1755e-36	1.1755e-36	1.6822e-19	0.00e+00	0.00e+00	1.6754e+01
1.25739e+19	6.5222e+03	1.975e-21	2.7826e+01	2.0216e+01	5.0587e-10	2.7800e-01	7.2200e-01	9.6281e-01	3.7194e-02	1.0292e-12	1.5773e-12	6.2784e-04	9.7668e-01	2.2696e-02	1.1755e-36	3.2542e-01	6.7448e-01	9.6493e-05	1.1755e-36	1.1755e-36	1.1755e-36	2.7598e-19	0.00e+00	0.00e+00	1.7562e+01
1.25881e+19	6.3973e+03	1.826e-21	2.7826e+01	1.9159e+01	7.4562e-10	3.1514e-01	6.8486e-01	9.6681e-01	3.3185e-02	9.4449e-13	2.0546e-12	5.9975e-04	9.7916e-01	2.0244e-02	1.1755e-36	3.6600e-01	6.3392e-01	7.2361e-05	1.1755e-36	1.1755e-36	1.1755e-36	4.1163e-19	0.00e+00	0.00e+00	1.8224e+01
1.25984e+19	6.2862e+03	1.704e-21	2.7826e+01	1.8289e+01	1.0179e-09	3.4617e-01	6.5383e-01	9.6936e-01	3.0643e-02	8.9493e-13	2.5070e-12	5.7617e-04	9.8092e-01	1.8500e-02	1.1755e-36	3.9937e-01	6.0057e-01	5.8012e-05	1.1755e-36	1.1755e-36	1.1755e-36	5.5721e-19	0.00e+00	0.00e+00	1.8752e+01
1.26064e+19	6.1833e+03	1.603e-21	2.7826e+01	1.7553e+01	1.3225e-09	3.7251e-01	6.2749e-01	9.7116e-01	2.8839e-02	8.6193e-13	2.9308e-12	5.5600e-04	9.8228e-01	1.7161e-02	1.1755e-36	4.2734e-01	5.7261e-01	4.8531e-05	1.1755e-36	1.1755e-36	1.1755e-36	7.0751e-19	0.00e+00	0.00e+00	1.9229e+01
1.26136e+19	6.0777e+03	1.507e-21	2.7826e+01	1.6845e+01	1.6992e-09	3.9774e-01	6.0226e-01	9.7267e-01	2.7326e-02	8.3597e-13	3.3718e-12	5.3645e-04	9.8348e-01	1.5981e-02	1.1755e-36	4.5382e-01	5.4614e-01	4.1155e-05	1.1755e-36	1.1755e-36	1.1755e-36	8.7766e-19	0.00e+00	0.00e+00	1.9715e+01
1.26203e+19	5.9636e+03	1.411e-21	2.7826e+01	1.6125e+01	2.1958e-09	4.2343e-01	5.7657e-01	9.7401e-01	2.5992e-02	8.1538e-13	3.8582e-12	5.1635e-04	9.8460e-01	1.4884e-02	1.1755e-36	4.8048e-01	5.1949e-01	3.4999e-05	1.1755e-36	1.1755e-36	1.1755e-36	1.0818e-18	0.00e+00	0.00e+00	2.0208e+01
1.26266e+19	5.8452e+03	1.320e-21	2.7826e+01	1.5417e+01	2.8322e-09	4.4866e-01	5.5134e-01	9.7512e-01	2.4878e-02	8.0114e-13	4.3753e-12	4.9645e-04	9.8560e-01	1.3901e-02	1.1755e-36	5.0636e-01	4.9361e-01	3.0002e-05	1.1755e-36	1.1755e-36	1.1755e-36	1.3183e-18	0.00e+00	0.00e+00	2.0676e+01
1.26322e+19	5.7259e+03	1.238e-21	2.7826e+01	1.4763e+01	3.6166e-09	4.7226e-01	5.2774e-01	9.7604e-01	2.3956e-02	7.9100e-13	4.9001e-12	4.7799e-04	9.8647e-01	1.3049e-02	1.1755e-36	5.3032e-01	4.6966e-01	2.6079e-05	1.1755e-36	1.1755e-36	1.1755e-36	1.5806e-18	0.00e+00	0.00e+00	2.1105e+01
1.26371e+19	5.6102e+03	1.164e-21	2.7826e+01	1.4157e+01	4.5532e-09	4.9396e-01	5.0604e-01	9.7680e-01	2.3200e-02	7.8486e-13	5.4203e-12	4.6079e-04	9.8723e-01	1.2312e-02	1.1755e-36	5.5213e-01	4.4785e-01	2.2968e-05	1.1755e-36	1.1755e-36	1.1755e-36	1.8645e-18	0.00e+00	0.00e+00	2.1510e+01
1.26416e+19	5.4936e+03	1.095e-21	2.7826e+01	1.3583e+01	5.7058e-09	5.1454e-01	4.8546e-01	9.7745e-01	2.2545e-02	7.8104e-13	5.9545e-12	4.4443e-04	9.8791e-01	1.1648e-02	1.1755e-36	5.7263e-01	4.2735e-01	2.0390e-05	1.1755e-36	1.1755e-36	1.1755e-36	2.1840e-18	0.00e+00	0.00e+00	2.1904e+01
1.26459e+19	5.3732e+03	1.030e-21	2.7826e+01	1.3027e+01	7.1616e-09	5.3447e-01	4.6553e-01	9.7804e-01	2.1957e-02	7.7884e-13	6.5184e-12	4.2857e-04	9.8853e-01	1.1038e-02	1.1755e-36	5.9229e-01	4.0769e-01	1.8192e-05	1.1755e-36	1.1755e-36	1.1755e-36	2.5564e-18	0.00e+00	0.00e+00	2.2292e+01
1.26493e+19	5.2751e+03	9.791e-22	2.7826e+01	1.2579e+01	8.6167e-09	5.5056e-01	4.4944e-01	9.7844e-01	2.1560e-02	7.8048e-13	7.0129e-12	4.1568e-04	9.8900e-01	1.0586e-02	1.1755e-36	6.0806e-01	3.9193e-01	1.6609e-05	1.1755e-36	1.1755e-36	1.1755e-36	2.9163e-18	0.00e+00	0.00e+00	2.2552e+01
1.26517e+19	5.1996e+03	9.428e-22	2.7826e+01	1.2253e+01	9.9048e-09	5.6218e-01	4.3782e-01	9.7873e-01	2.1273e-02	7.8163e-13	7.3986e-12	4.0634e-04	9.8933e-01	1.0261e-02	1.1755e-36	6.1937e-01	3.8061e-01	1.5551e-05	1.1755e-36	1.1755e-36	1.1755e-36	3.2210e-18	0.00e+00	0.00e+00	2.2763e+01
1.26539e+19	5.1222e+03	9.090e-22	2.7826e+01	1.1946e+01	1.1387e-08	5.7327e-01	4.2673e-01	9.7901e-01	2.0985e-02	7.8166e-13	7.7984e-12	3.9758e-04	9.8965e-01	9.9501e-03	1.1755e-36	6.3011e-01	3.6987e-01	1.4604e-05	1.1755e-36	1.1755e-36	1.1755e-36	3.5615e-18	0.00e+00	0.00e+00	2.2997e+01
1.26560e+19	5.0540e+03	8.787e-22	2.7826e+01	1.1668e+01	1.2891e-08	5.8328e-01	4.1672e-01	9.7924e-01	2.0755e-02	7.8336e-13	8.1825e-12	3.8958e-04	9.8993e-01	9.6849e-03	1.1755e-36	6.3978e-01	3.6020e-01	1.3797e-05	1.1755e-36	1.1755e-36	1.1755e-36	3.9118e-18	0.00e+00	0.00e+00	2.3181e+01
1.26576e+19	4.9920e+03	8.544e-22	2.7826e+01	1.1437e+01	1.4378e-08	5.9157e-01	4.0843e-01	9.7944e-01	2.0562e-02	7.8430e-13	8.5237e-12	3.8303e-04	9.9015e-01	9.4662e-03	1.1755e-36	6.4775e-01	3.5223e-01	1.3169e-05	1.1755e-36	1.1755e-36	1.1755e-36	4.2435e-18	0.00e+00	0.00e+00	2.3340e+01
1.26591e+19	4.9349e+03	8.320e-22	2.7826e+01	1.1218e+01	1.5867e-08	5.9896e-01	4.0104e-01	9.7959e-01	2.0405e-02	7.8662e-13	8.8087e-12	3.7675e-04	9.9036e-01	9.2644e-03	1.1755e-36	6.5484e-01	3.4515e-01	1.2626e-05	1.1755e-36	1.1755e-36	1.1755e-36	4.5251e-18	0.00e+00	0.00e+00	2.3496e+01
1.26607e+19	4.8795e+03	8.094e-22	2.7826e+01	1.1006e+01	1.7495e-08	6.0661e-01	3.9339e-01	9.7977e-01	2.0233e-02	7.8818e-13	9.1207e-12	3.7067e-04	9.9057e-01	9.0550e-03	1.1755e-36	6.6215e-01	3.3784e-01	1.2082e-05	1.1755e-36	1.1755e-36	1.1755e-36	4.8473e-18	0.00e+00	0.00e+00	2.3664e+01
1.26623e+19	4.8076e+03	7.858e-22	2.7826e+01	1.0779e+01	1.9747e-08	6.1527e-01	3.8473e-01	9.7998e-01	2.0021e-02	7.8763e-13	9.5033e-12	3.6432e-04	9.9082e-01	8.8200e-03	1.1755e-36	6.7039e-01	3.2960e-01	1.1512e-05	1.1755e-36	1.1755e-36	1.1755e-36	5.2677e-18	0.00e+00	0.00e+00	2.3847e+01
1.26639e+19	4.7451e+03	7.630e-22	2.7826e+01	1.0553e+01	2.1960e-08	6.2318e-01	3.7682e-01	9.8014e-01	1.9864e-02	7.9039e-13	9.8521e-12	3.5786e-04	9.9103e-01	8.6143e-03	1.1755e-36	6.7790e-01	3.2209e-01	1.1001e-05	1.1755e-36	1.1755e-36	1.1755e-36	5.6732e-18	0.00e+00	0.00e+00	2.4010e+01
1.26654e+19	4.6819e+03	7.419e-22	2.7826e+01	1.0343e+01	2.4399e-08	6.3078e-01	3.6922e-01	9.8030e-01	1.9702e-02	7.9192e-13	1.0209e-11	3.5194e-04	9.9123e-01	8.4158e-03	1.1755e-36	6.8509e-01	3.1490e-01	1.0534e-05	1.1755e-36	1.1755e-36	1.1755e-36	6.1115e-18	0.00e+00	0.00e+00	2.4174e+01
1.26669e+19	4.6173e+03	7.211e-22	2.7826e+01	1.0133e+01	2.7124e-08	6.3836e-01	3.6164e-01	9.8046e-01	1.9545e-02	7.9374e-13	1.0577e-11	3.4601e-04	9.9143e-01	8.2206e-03	1.1755e-36	6.9224e-01	3.0775e-01	1.0087e-05	1.1755e-36	1.1755e-36	1.1755e-36	6.5900e-18	0.00e+00	0.00e+00	2.4340e+01
1.26683e+19	4.5470e+03	7.007e-22	2.7826e+01	9.9195e+00	3.0325e-08	6.4602e-01	3.5398e-01	9.8062e-01	1.9383e-02	7.9521e-13	1.0967e-11	3.4008e-04	9.9163e-01	8.0254e-03	1.1755e-36	6.9945e-01	3.0054e-01	9.6571e-06	1.1755e-36	1.1755e-36	1.1755e-36	7.1289e-18	0.00e+00	0.00e+00	2.4507e+01
1.26698e+19	4.4812e+03	6.810e-22	2.7826e+01	9.7148e+00	3.3626e-08	6.5336e-01	3.4664e-01	9.8076e-01	1.9238e-02	7.9737e-13	1.1349e-11	3.3435e-04	9.9182e-01	7.8418e-03	1.1755e-36	7.0632e-01	2.9367e-01	9.2573e-06	1.1755e-36	1.1755e-36	1.1755e-36	7.6844e-18	0.00e+00	0.00e+00	2.4666e+01
1.26712e+19	4.4140e+03	6.618e-22	2.7826e+01	9.5134e+00	3.7259e-08	6.6064e-01	3.3936e-01	9.8091e-01	1.9092e-02	7.9927e-13	1.1741e-11	3.2875e-04	9.9201e-01	7.6605e-03	1.1755e-36	7.1313e-01	2.8686e-01	8.8754e-06	1.1755e-36	1.1755e-36	1.1755e-36	8.2848e-18	0.00e+00	0.00e+00	2.4831e+01
1.26726e+19	4.3445e+03	6.424e-22	2.7826e+01	9.3024e+00	4.1279e-08	6.6794e-01	3.3206e-01	9.8105e-01	1.8955e-02	8.0229e-13	1.2135e-11	3.2287e-04	9.9220e-01	7.4812e-03	1.1755e-36	7.1994e-01	2.8005e-01	8.5042e-06	1.1755e-36	1.1755e-36	1.1755e-36	8.9225e-18	0.00e+00	0.00e+00	2.5002e+01
1.26741e+19	4.2751e+03	6.226e-22	2.7826e+01	9.0894e+00	4.5585e-08	6.7537e-01	3.2463e-01	9.8118e-01	1.8820e-02	8.0586e-13	1.2538e-11	3.1691e-04	9.9238e-01	7.3011e-03	1.1755e-36	7.2684e-01	2.7315e-01	8.1372e-06	1.1755e-36	1.1755e-36	1.1755e-36	9.6032e-18	0.00e+00	0.00e+00	2.5179e+01
1.26756e+19	4.1917e+03	6.025e-22	2.7826e+01	8.8662e+00	5.0973e-08	6.8347e-01	3.1653e-01	9.8134e-01	1.8657e-02	8.0758e-13	1.2994e-11	3.1089e-04	9.9258e-01	7.1058e-03	1.1755e-36	7.3435e-01	2.6564e-01	7.7624e-06	1.1755e-36	1.1755e-36	1.1755e-36	1.0412e-17	0.00e+00	0.00e+00	2.5369e+01
1.26772e+19	4.1180e+03	5.826e-22	2.7826e+01	8.6477e+00	5.6028e-08	6.9114e-01	3.0886e-01	9.8147e-01	1.8525e-02	8.1178e-13	1.3404e-11	3.0484e-04	9.9277e-01	6.9253e-03	1.1755e-36	7.4143e-01	2.5856e-01	7.4107e-06	1.1755e-36	1.1755e-36	1.1755e-36	1.1166e-17	0.00e+00	0.00e+00	2.5551e+01
1.26787e+19	4.0300e+03	5.627e-22	2.7826e+01	8.4250e+00	6.2163e-08	6.9954e-01	3.0046e-01	9.8165e-01	1.8351e-02	8.1290e-13	1.3860e-11	2.9897e-04	9.9297e-01	6.7268e-03	1.1755e-36	7.4917e-01	2.5083e-01	7.0505e-06	1.1755e-36	1.1755e-36	1.1755e-36	1.2033e-17	0.00e+00	0.00e+00	2.5755e+01
1.26804e+19	3.9413e+03	5.418e-22	2.7826e+01	8.1863e+00	6.8339e-08	7.0800e-01	2.9200e-01	9.8180e-01	1.8200e-02	8.1678e-13	1.4270e-11	2.9257e-04	9.9318e-01	6.5320e-03	1.1755e-36	7.5693e-01	2.4306e-01	6.6960e-06	1.1755e-36	1.1755e-36	1.1755e-36	1.2830e-17	0.00e+00	0.00e+00	2.5964e+01
